 2.00 C RINEX VERSION / TYPE
 10.00 INTERVAL
 1 AR # / TYPES OF DATA
 END OF HEADER
AR GRAC 2024 06 27 01 50  0.000000 2   1.958468109908E-11  3.593728092888E-11
AR GRAC 2024 06 27 01 50 10.000000 2   3.001803319802E-11  3.224387076783E-11
AR GRAC 2024 06 27 01 50 20.000000 2   2.735499674000E-11  4.405046119538E-11
AR GRAC 2024 06 27 01 50 30.000000 2   2.600998236235E-11  2.865704895605E-11
AR GRAC 2024 06 27 01 50 40.000000 2   2.980852023549E-11  4.106363513112E-11
AR GRAC 2024 06 27 01 50 50.000000 2   3.167364287515E-11  4.167021935841E-11
AR GRAC 2024 06 27 01 51  0.000000 2   2.445305936905E-11  2.087680028851E-11
AR GRAC 2024 06 27 01 51 10.000000 2   2.873893657773E-11  5.058338470310E-11
AR GRAC 2024 06 27 01 51 20.000000 2   2.552715330784E-11  4.118996116409E-11
AR GRAC 2024 06 27 01 51 30.000000 2   3.316408259124E-11  4.289653701695E-11
AR GRAC 2024 06 27 01 51 40.000000 2   2.720518775534E-11  4.120311383748E-11
AR GRAC 2024 06 27 01 51 50.000000 2   2.575403605654E-11  4.580968590573E-11
AR GRAC 2024 06 27 01 52  0.000000 2   2.817065851424E-11  4.561625729926E-11
AR GRAC 2024 06 27 01 52 10.000000 2   2.766243484276E-11  4.042282827910E-11
AR GRAC 2024 06 27 01 52 20.000000 2   2.443352291326E-11  5.392939220195E-11
AR GRAC 2024 06 27 01 52 30.000000 2   3.384411154106E-11  3.353595873223E-11
AR GRAC 2024 06 27 01 52 40.000000 2   2.884798823433E-11  4.134252662436E-11
AR GRAC 2024 06 27 01 52 50.000000 2   3.387115588005E-11  6.314909012373E-11
AR GRAC 2024 06 27 01 53  0.000000 2   2.884837681238E-11  4.785564652887E-11
AR GRAC 2024 06 27 01 53 10.000000 2   3.003746557040E-11  3.546220261885E-11
AR GRAC 2024 06 27 01 53 20.000000 2   3.189203068299E-11  2.906875955222E-11
AR GRAC 2024 06 27 01 53 30.000000 2   2.992354974918E-11  2.827531438154E-11
AR GRAC 2024 06 27 01 53 40.000000 2   2.784803811162E-11  3.438186541027E-11
AR GRAC 2024 06 27 01 53 50.000000 2   2.798080170341E-11  4.848841814176E-11
AR GRAC 2024 06 27 01 54  0.000000 2   3.286029434668E-11  4.389496405244E-11
AR GRAC 2024 06 27 01 54 10.000000 2   2.792866285461E-11  5.550151310763E-11
AR GRAC 2024 06 27 01 54 20.000000 2   3.121610955836E-11  4.070805845191E-11
AR GRAC 2024 06 27 01 54 30.000000 2   3.196190881405E-11  5.791460019888E-11
AR GRAC 2024 06 27 01 54 40.000000 2   3.120523284217E-11  3.842114473795E-11
AR GRAC 2024 06 27 01 54 50.000000 2   2.853741375153E-11  2.602768174598E-11
AR GRAC 2024 06 27 01 55  0.000000 2   3.543665708095E-11  4.913422099739E-11
AR GRAC 2024 06 27 01 55 10.000000 2   3.281969140900E-11  2.924075911959E-11
AR GRAC 2024 06 27 01 55 20.000000 2   2.910509333542E-11  4.444728959885E-11
AR GRAC 2024 06 27 01 55 30.000000 2   3.272034032609E-11  3.415382213157E-11
AR GRAC 2024 06 27 01 55 40.000000 2   2.977667418191E-11  4.536035089209E-11
AR GRAC 2024 06 27 01 55 50.000000 2   3.245706481358E-11  3.976688423002E-11
AR GRAC 2024 06 27 01 56  0.000000 2   3.492236361202E-11  2.827340792044E-11
AR GRAC 2024 06 27 01 56 10.000000 2   2.657404157835E-11  3.727992914371E-11
AR GRAC 2024 06 27 01 56 20.000000 2   2.608708214724E-11  4.328645775153E-11
AR GRAC 2024 06 27 01 56 30.000000 2   3.214097391013E-11  4.619297652719E-11
AR GRAC 2024 06 27 01 56 40.000000 2   3.543326049238E-11  3.999949330091E-11
AR GRAC 2024 06 27 01 56 50.000000 2   3.342662605044E-11  3.460600903060E-11
AR GRAC 2024 06 27 01 57  0.000000 2   2.994362396924E-11  4.821252772014E-11
AR GRAC 2024 06 27 01 57 10.000000 2   3.061281089733E-11  3.941904441751E-11
AR GRAC 2024 06 27 01 57 20.000000 2   3.051069813464E-11  2.832555197341E-11
AR GRAC 2024 06 27 01 57 30.000000 2   3.171200455010E-11  3.403206189079E-11
AR GRAC 2024 06 27 01 57 40.000000 2   3.187388547543E-11  5.133856881279E-11
AR GRAC 2024 06 27 01 57 50.000000 2   3.361635969590E-11  4.744507564602E-11
AR GRAC 2024 06 27 01 58  0.000000 2   3.133155193624E-11  4.865157929301E-11
AR GRAC 2024 06 27 01 58 10.000000 2   2.830761319794E-11  4.305808140592E-11
AR GRAC 2024 06 27 01 58 20.000000 2   2.669960606771E-11  4.116458215964E-11
AR GRAC 2024 06 27 01 58 30.000000 2   2.977423516071E-11  3.247108137927E-11
AR GRAC 2024 06 27 01 58 40.000000 2   2.968267298620E-11  5.587758034054E-11
AR GRAC 2024 06 27 01 58 50.000000 2   3.109489402076E-11  3.388406916160E-11
AR GRAC 2024 06 27 01 59  0.000000 2   3.215307187165E-11  4.349056531572E-11
AR GRAC 2024 06 27 01 59 10.000000 2   3.204752435648E-11  2.429705568685E-11
AR GRAC 2024 06 27 01 59 20.000000 2   2.739618601422E-11  4.420354707269E-11
AR GRAC 2024 06 27 01 59 30.000000 2   3.105505783085E-11  3.051003200083E-11
AR GRAC 2024 06 27 01 59 40.000000 2   2.509445949650E-11  3.111651908361E-11
AR GRAC 2024 06 27 01 59 50.000000 2   3.237785040078E-11  5.452300416708E-11
AR GRAC 2024 06 27 02 00  0.000000 2   3.099238227167E-11  3.082948479838E-11
AR GRAC 2024 06 27 02 00 10.000000 2   3.160286962678E-11  3.073595891689E-11
AR GRAC 2024 06 27 02 00 20.000000 2   2.122786321723E-11  4.564243774596E-11
AR GRAC 2024 06 27 02 00 30.000000 2   3.065638368160E-11  2.634891957398E-11
AR GRAC 2024 06 27 02 00 40.000000 2   2.587418300448E-11  4.675538775589E-11
AR GRAC 2024 06 27 02 00 50.000000 2   3.003594942208E-11  5.666186617126E-11
AR GRAC 2024 06 27 02 01  0.000000 2   2.741028758135E-11  3.266833678572E-11
AR GRAC 2024 06 27 02 01 10.000000 2   2.926619710464E-11  3.267480383484E-11
AR GRAC 2024 06 27 02 01 20.000000 2   3.059310443865E-11  3.218126806703E-11
AR GRAC 2024 06 27 02 01 30.000000 2   3.023206338049E-11  4.318773463852E-11
AR GRAC 2024 06 27 02 01 40.000000 2   2.783499299108E-11  3.939419970789E-11
AR GRAC 2024 06 27 02 01 50.000000 2   2.944948104822E-11  4.080065799106E-11
AR GRAC 2024 06 27 02 02  0.000000 2   2.862481432442E-11  4.310711856914E-11
AR GRAC 2024 06 27 02 02 10.000000 2   3.163201298118E-11  3.771357531823E-11
AR GRAC 2024 06 27 02 02 20.000000 2   2.725032352546E-11  4.232002942528E-11
AR GRAC 2024 06 27 02 02 30.000000 2   2.892425882139E-11  4.012648893714E-11
AR GRAC 2024 06 27 02 02 40.000000 2   2.062742338049E-11  3.123293637608E-11
AR GRAC 2024 06 27 02 02 50.000000 2   2.435846142845E-11  2.243938715396E-11
AR GRAC 2024 06 27 02 03  0.000000 2   2.901616967532E-11  3.534583389864E-11
AR GRAC 2024 06 27 02 03 10.000000 2   3.288747746355E-11  4.445228213301E-11
AR GRAC 2024 06 27 02 03 20.000000 2   2.970641788114E-11  5.325872382000E-11
AR GRAC 2024 06 27 02 03 30.000000 2   2.348907873762E-11  4.796517003025E-11
AR GRAC 2024 06 27 02 03 40.000000 2   2.389794265256E-11  3.107161056226E-11
AR GRAC 2024 06 27 02 03 50.000000 2   3.054887939835E-11  2.697804653284E-11
AR GRAC 2024 06 27 02 04  0.000000 2   2.995871606348E-11  3.948448512592E-11
AR GRAC 2024 06 27 02 04 10.000000 2   2.263316617457E-11  3.489091654485E-11
AR GRAC 2024 06 27 02 04 20.000000 2   2.915223618061E-11  3.219735242310E-11
AR GRAC 2024 06 27 02 04 30.000000 2   2.927895426108E-11  3.800378414742E-11
AR GRAC 2024 06 27 02 04 40.000000 2   2.681922565972E-11  3.421021452232E-11
AR GRAC 2024 06 27 02 04 50.000000 2   2.360140902158E-11  4.781663953679E-11
AR GRAC 2024 06 27 02 05  0.000000 2   2.395712100922E-11  3.332306652837E-11
AR GRAC 2024 06 27 02 05 10.000000 2   2.687135063073E-11  3.972949053077E-11
AR GRAC 2024 06 27 02 05 20.000000 2   2.392392881023E-11  2.493591270969E-11
AR GRAC 2024 06 27 02 05 30.000000 2   2.609680006815E-11  3.454233427069E-11
AR GRAC 2024 06 27 02 05 40.000000 2   2.994288844649E-11  3.854875099685E-11
AR GRAC 2024 06 27 02 05 50.000000 2   2.350695679776E-11  3.565516978887E-11
AR GRAC 2024 06 27 02 06  0.000000 2   2.669957484269E-11  1.906158217380E-11
AR GRAC 2024 06 27 02 06 10.000000 2   2.259244180625E-11  3.906799536657E-11
AR GRAC 2024 06 27 02 06 20.000000 2   2.483635692940E-11  3.197440576197E-11
AR GRAC 2024 06 27 02 06 30.000000 2   2.327017051273E-11  4.158081517991E-11
AR GRAC 2024 06 27 02 06 40.000000 2   2.655218406256E-11  2.998722103964E-11
AR GRAC 2024 06 27 02 06 50.000000 2   2.109993603450E-11  3.409362722695E-11
AR GRAC 2024 06 27 02 07  0.000000 2   2.627301848301E-11  2.760003336988E-11
AR GRAC 2024 06 27 02 07 10.000000 2   2.160559578468E-11  4.220643279318E-11
AR GRAC 2024 06 27 02 07 20.000000 2   3.017787408854E-11  3.191283348691E-11
AR GRAC 2024 06 27 02 07 30.000000 2   2.116055594636E-11  3.261923023357E-11
AR GRAC 2024 06 27 02 07 40.000000 2   2.786917224773E-11  3.302562390228E-11
AR GRAC 2024 06 27 02 07 50.000000 2   1.867763235741E-11  3.033202161662E-11
AR GRAC 2024 06 27 02 08  0.000000 2   2.597735394849E-11  2.613841261490E-11
AR GRAC 2024 06 27 02 08 10.000000 2   2.195915498049E-11  3.604480255937E-11
AR GRAC 2024 06 27 02 08 20.000000 2   2.059470129157E-11  3.275119064838E-11
AR GRAC 2024 06 27 02 08 30.000000 2   2.015095555696E-11  3.445757915110E-11
AR GRAC 2024 06 27 02 08 40.000000 2   1.755040210383E-11  3.896396399972E-11
AR GRAC 2024 06 27 02 08 50.000000 2   2.094461409863E-11  3.807034548720E-11
AR GRAC 2024 06 27 02 09  0.000000 2   1.667838263331E-11  4.317672608334E-11
AR GRAC 2024 06 27 02 09 10.000000 2   1.505572749805E-11  2.318310474148E-11
AR GRAC 2024 06 27 02 09 20.000000 2   1.809971617028E-11  3.398948483779E-11
AR GRAC 2024 06 27 02 09 30.000000 2   2.397784575059E-11  3.169585774399E-11
AR GRAC 2024 06 27 02 09 40.000000 2   2.392294175257E-11  3.110223190106E-11
AR GRAC 2024 06 27 02 09 50.000000 2   1.761945797596E-11  2.630860286568E-11
AR GRAC 2024 06 27 02 10  0.000000 2   1.763173287928E-11  2.811497389066E-11
AR GRAC 2024 06 27 02 10 10.000000 2   2.020737743802E-11  3.682134458449E-11
AR GRAC 2024 06 27 02 10 20.000000 2   1.438763691519E-11  2.622770750582E-11
AR GRAC 2024 06 27 02 10 30.000000 2   1.855985157229E-11  2.903407202159E-11
AR GRAC 2024 06 27 02 10 40.000000 2   1.179215926295E-11  3.184043653737E-11
AR GRAC 2024 06 27 02 10 50.000000 2   2.095545612035E-11  4.094679456612E-11
AR GRAC 2024 06 27 02 11  0.000000 2   1.549875332241E-11  2.375315222292E-11
AR GRAC 2024 06 27 02 11 10.000000 2   2.240727568770E-11  2.995951056683E-11
AR GRAC 2024 06 27 02 11 20.000000 2   1.919481067147E-11  2.116586420020E-11
AR GRAC 2024 06 27 02 11 30.000000 2   1.673993929585E-11  3.267221909686E-11
AR GRAC 2024 06 27 02 11 40.000000 2   1.838242925933E-11  3.527856826113E-11
AR GRAC 2024 06 27 02 11 50.000000 2   1.226785253244E-11  2.048491758166E-11
AR GRAC 2024 06 27 02 12  0.000000 2   9.739455769653E-12  2.599126643077E-11
AR GRAC 2024 06 27 02 12 10.000000 2   1.234139960365E-11  4.069760847769E-11
AR GRAC 2024 06 27 02 12 20.000000 2   1.665777411841E-11  2.510395710753E-11
AR GRAC 2024 06 27 02 12 30.000000 2   1.965801479931E-11  3.381029831107E-11
AR GRAC 2024 06 27 02 12 40.000000 2   1.609730578001E-11  3.371664059060E-11
AR GRAC 2024 06 27 02 12 50.000000 2   1.682247223467E-11  2.192297385295E-11
AR GRAC 2024 06 27 02 13  0.000000 2   1.360619429625E-11  2.442931273938E-11
AR GRAC 2024 06 27 02 13 10.000000 2   7.560740228341E-12  2.553564651397E-11
AR GRAC 2024 06 27 02 13 20.000000 2   1.204525888754E-11  2.674197842334E-11
AR GRAC 2024 06 27 02 13 30.000000 2   1.040884912984E-11  3.404830584142E-11
AR GRAC 2024 06 27 02 13 40.000000 2   1.397595060515E-11  3.045463881080E-11
AR GRAC 2024 06 27 02 13 50.000000 2   1.160188698585E-11  3.026096040415E-11
AR GRAC 2024 06 27 02 14  0.000000 2   1.519522181692E-11  2.806728981175E-11
AR GRAC 2024 06 27 02 14 10.000000 2   1.285553174329E-11  2.737361205762E-11
AR GRAC 2024 06 27 02 14 20.000000 2   1.273344797659E-11  2.487993318312E-11
AR GRAC 2024 06 27 02 14 30.000000 2   9.833001600457E-12  2.438625516799E-11
AR GRAC 2024 06 27 02 14 40.000000 2   5.560301351293E-12  3.529257094903E-11
AR GRAC 2024 06 27 02 14 50.000000 2   1.638066939036E-11  2.279888777768E-11
AR GRAC 2024 06 27 02 15  0.000000 2   7.195230088825E-12  1.650519998453E-11
AR GRAC 2024 06 27 02 15 10.000000 2   1.031970776194E-11  3.681151217183E-11
AR GRAC 2024 06 27 02 15 20.000000 2   1.117155586788E-11  1.931782338260E-11
AR GRAC 2024 06 27 02 15 30.000000 2   4.637333485963E-12  3.142412718926E-11
AR GRAC 2024 06 27 02 15 40.000000 2   1.645036884490E-11  3.053043928780E-11
AR GRAC 2024 06 27 02 15 50.000000 2   1.355279777293E-11  1.733674141746E-11
AR GRAC 2024 06 27 02 16  0.000000 2   3.738692081617E-12  2.224304421206E-11
AR GRAC 2024 06 27 02 16 10.000000 2   6.924525189356E-12  3.104934712117E-11
AR GRAC 2024 06 27 02 16 20.000000 2   2.855981943994E-12  2.655564483589E-11
AR GRAC 2024 06 27 02 16 30.000000 2   9.546299514773E-12  1.636194131571E-11
AR GRAC 2024 06 27 02 16 40.000000 2   8.162756928720E-12  2.796823710127E-11
AR GRAC 2024 06 27 02 16 50.000000 2   3.894276394412E-12  8.374529368582E-12
AR GRAC 2024 06 27 02 17  0.000000 2   3.613655598714E-12  2.748082143789E-11
AR GRAC 2024 06 27 02 17 10.000000 2   6.748638106679E-12  1.728711097881E-11
AR GRAC 2024 06 27 02 17 20.000000 2   6.692411815695E-12  2.749339818309E-11
AR GRAC 2024 06 27 02 17 30.000000 2   4.890351903812E-13  2.019968567413E-11
AR GRAC 2024 06 27 02 17 40.000000 2   2.154733422938E-12  3.200596732089E-11
AR GRAC 2024 06 27 02 17 50.000000 2   4.998873710804E-12  3.011225296889E-11
AR GRAC 2024 06 27 02 18  0.000000 2  -3.067075673296E-13  1.681852920821E-11
AR GRAC 2024 06 27 02 18 10.000000 2   5.487203139781E-12  2.952480968044E-11
AR GRAC 2024 06 27 02 18 20.000000 2   4.928805627524E-12  3.773108561700E-11
AR GRAC 2024 06 27 02 18 30.000000 2   1.745487218305E-12  2.937360207497E-12
AR GRAC 2024 06 27 02 18 40.000000 2   1.115322417755E-11  3.114363281154E-11
AR GRAC 2024 06 27 02 18 50.000000 2   2.057958404383E-12  8.049904492990E-12
AR GRAC 2024 06 27 02 19  0.000000 2   5.882489807763E-12  2.015617360518E-11
AR GRAC 2024 06 27 02 19 10.000000 2   2.072344032489E-12  2.826243926390E-11
AR GRAC 2024 06 27 02 19 20.000000 2  -1.314195280377E-12  3.266870801655E-11
AR GRAC 2024 06 27 02 19 30.000000 2   6.098344051964E-12  1.897496916536E-11
AR GRAC 2024 06 27 02 19 40.000000 2   7.986892397449E-13  8.681231948582E-12
AR GRAC 2024 06 27 02 19 50.000000 2   5.936362946352E-12  2.468749336904E-11
AR GRAC 2024 06 27 02 20  0.000000 2  -1.074457471779E-12  3.249375074565E-11
AR GRAC 2024 06 27 02 20 10.000000 2  -2.688847842297E-12  3.890000474516E-11
AR GRAC 2024 06 27 02 20 20.000000 2   1.045634499125E-12  3.406258998820E-12
AR GRAC 2024 06 27 02 20 30.000000 2   2.545152023165E-12  2.951251049099E-11
AR GRAC 2024 06 27 02 20 40.000000 2  -2.702749048872E-12  1.501876227550E-11
AR GRAC 2024 06 27 02 20 50.000000 2  -5.277266471038E-12  2.112500799289E-11
AR GRAC 2024 06 27 02 21  0.000000 2  -4.320558193442E-14  3.133125703325E-11
AR GRAC 2024 06 27 02 21 10.000000 2   7.558291557734E-13  1.523750223220E-11
AR GRAC 2024 06 27 02 21 20.000000 2  -4.864893210499E-12  1.394374633118E-11
AR GRAC 2024 06 27 02 21 30.000000 2  -1.705020781680E-12  2.924998437903E-11
AR GRAC 2024 06 27 02 21 40.000000 2  -1.005403876472E-12  1.755622557054E-11
AR GRAC 2024 06 27 02 21 50.000000 2   6.663421984326E-13  1.236246088138E-11
AR GRAC 2024 06 27 02 22  0.000000 2   6.790738761239E-13  1.156869912367E-11
AR GRAC 2024 06 27 02 22 10.000000 2  -5.802435355112E-12  3.257492886544E-11
AR GRAC 2024 06 27 02 22 20.000000 2  -4.445548096310E-12  7.981164340531E-12
AR GRAC 2024 06 27 02 22 30.000000 2   1.034049582072E-12  3.638739309864E-11
AR GRAC 2024 06 27 02 22 40.000000 2   3.218916019149E-13  1.729362139602E-11
AR GRAC 2024 06 27 02 22 50.000000 2  -2.490593668802E-12  2.329984816196E-11
AR GRAC 2024 06 27 02 23  0.000000 2  -4.293119679200E-12  2.020607292597E-11
AR GRAC 2024 06 27 02 23 10.000000 2  -1.343687314193E-12  3.191229225319E-11
AR GRAC 2024 06 27 02 23 20.000000 2  -2.485938538355E-12  1.411851538458E-11
AR GRAC 2024 06 27 02 23 30.000000 2  -9.279037607723E-12  1.162473676347E-11
AR GRAC 2024 06 27 02 23 40.000000 2  -1.003079563855E-11  1.173095127982E-11
AR GRAC 2024 06 27 02 23 50.000000 2  -4.694602779437E-12  1.333716470597E-11
AR GRAC 2024 06 27 02 24  0.000000 2  -7.908572234594E-12  2.104338057973E-11
AR GRAC 2024 06 27 02 24 10.000000 2  -8.829680042677E-12  1.424959109042E-11
AR GRAC 2024 06 27 02 24 20.000000 2  -3.155643498245E-12  1.285579975807E-11
AR GRAC 2024 06 27 02 24 30.000000 2  -5.100663814928E-12  2.236200807859E-11
AR GRAC 2024 06 27 02 24 40.000000 2  -5.209760574332E-12  3.356821418055E-11
AR GRAC 2024 06 27 02 24 50.000000 2  -8.510625364166E-12  1.987441808349E-11
AR GRAC 2024 06 27 02 25  0.000000 2  -8.035168017062E-12  9.280620542895E-12
AR GRAC 2024 06 27 02 25 10.000000 2  -7.456093902014E-12  1.548681842489E-11
AR GRAC 2024 06 27 02 25 20.000000 2  -7.968725505847E-12  1.509301711389E-11
AR GRAC 2024 06 27 02 25 30.000000 2  -1.457545542594E-11  4.299213329090E-12
AR GRAC 2024 06 27 02 25 40.000000 2  -1.119532851840E-11  2.420540851089E-11
AR GRAC 2024 06 27 02 25 50.000000 2  -1.067816148004E-11  1.741160167434E-11
AR GRAC 2024 06 27 02 26  0.000000 2  -6.686683325097E-12  1.291779270357E-11
AR GRAC 2024 06 27 02 26 10.000000 2  -6.929018556839E-12  1.882398056874E-11
AR GRAC 2024 06 27 02 26 20.000000 2  -1.497104870629E-11  1.653016785952E-11
AR GRAC 2024 06 27 02 26 30.000000 2  -6.629489058413E-12  1.273635190369E-11
AR GRAC 2024 06 27 02 26 40.000000 2  -6.710318065095E-12  2.194253806431E-11
AR GRAC 2024 06 27 02 26 50.000000 2  -5.676507874863E-12  2.394871800870E-11
AR GRAC 2024 06 27 02 27  0.000000 2  -1.180189539846E-11 -5.245102963070E-12
AR GRAC 2024 06 27 02 27 10.000000 2  -1.073041308586E-11  1.396107708607E-11
AR GRAC 2024 06 27 02 27 20.000000 2  -1.057110649016E-11  1.716725026024E-11
AR GRAC 2024 06 27 02 27 30.000000 2  -1.327363913228E-11  1.747342374958E-11
AR GRAC 2024 06 27 02 27 40.000000 2  -6.966848539042E-12  1.157959925863E-11
AR GRAC 2024 06 27 02 27 50.000000 2  -1.073166295412E-11  1.218576801965E-11
AR GRAC 2024 06 27 02 28  0.000000 2  -1.094753020875E-11  1.519193625066E-11
AR GRAC 2024 06 27 02 28 10.000000 2  -1.483767449184E-11  1.659810136556E-11
AR GRAC 2024 06 27 02 28 20.000000 2  -1.195097666662E-11  2.120426750851E-11
AR GRAC 2024 06 27 02 28 30.000000 2  -1.522779298491E-11  1.301042780455E-11
AR GRAC 2024 06 27 02 28 40.000000 2  -1.004936498600E-11  1.171659123889E-11
AR GRAC 2024 06 27 02 28 50.000000 2  -1.239240567802E-11  3.622749669696E-12
AR GRAC 2024 06 27 02 29  0.000000 2  -8.160130557378E-12  3.928908413886E-12
AR GRAC 2024 06 27 02 29 10.000000 2  -1.535441912504E-11  1.923506146029E-11
AR GRAC 2024 06 27 02 29 20.000000 2  -1.102945425963E-11  1.354121502428E-11
AR GRAC 2024 06 27 02 29 30.000000 2  -1.829949906884E-11  1.864736837165E-11
AR GRAC 2024 06 27 02 29 40.000000 2  -1.513999169089E-11  1.955351505711E-11
AR GRAC 2024 06 27 02 29 50.000000 2  -1.404652609505E-11 -5.540332515680E-12
AR GRAC 2024 06 27 02 30  0.000000 2  -1.548861559841E-11  1.606581014058E-11
AR GRAC 2024 06 27 02 30 10.000000 2  -1.709541536110E-11  1.371955066914E-12
AR GRAC 2024 06 27 02 30 20.000000 2  -1.417343239302E-11  1.847809752431E-11
AR GRAC 2024 06 27 02 30 30.000000 2  -1.841807435732E-11  1.578423676485E-11
AR GRAC 2024 06 27 02 30 40.000000 2  -1.847537227373E-11  1.039037692691E-11
AR GRAC 2024 06 27 02 30 50.000000 2  -7.406117386033E-12  9.696511822643E-12
AR GRAC 2024 06 27 02 31  0.000000 2  -1.993616209617E-11 -3.697352753823E-12
AR GRAC 2024 06 27 02 31 10.000000 2  -1.599131764507E-11  1.940878013862E-11
AR GRAC 2024 06 27 02 31 20.000000 2  -1.822572995303E-11 -8.485087632515E-12
AR GRAC 2024 06 27 02 31 30.000000 2  -1.798016249777E-11  1.242104162580E-11
AR GRAC 2024 06 27 02 31 40.000000 2  -1.763522140819E-11 -6.172830909618E-12
AR GRAC 2024 06 27 02 31 50.000000 2  -1.591298447179E-11  1.203329449972E-11
AR GRAC 2024 06 27 02 32  0.000000 2  -1.725849151091E-11  1.503941762793E-11
AR GRAC 2024 06 27 02 32 10.000000 2  -8.969596766717E-12  1.464553825437E-11
AR GRAC 2024 06 27 02 32 20.000000 2  -1.664779598898E-11 -2.848341354444E-12
AR GRAC 2024 06 27 02 32 30.000000 2  -1.311005557586E-11  9.957776790637E-12
AR GRAC 2024 06 27 02 32 40.000000 2  -1.386968404710E-11 -5.436104257711E-12
AR GRAC 2024 06 27 02 32 50.000000 2  -1.742007579852E-11  1.287000714334E-11
AR GRAC 2024 06 27 02 33  0.000000 2  -2.252479279485E-11  9.176120800702E-12
AR GRAC 2024 06 27 02 33 10.000000 2  -1.892987849805E-11  1.828222989664E-11
AR GRAC 2024 06 27 02 33 20.000000 2  -9.920746515957E-12 -7.011659915873E-12
AR GRAC 2024 06 27 02 33 30.000000 2  -1.698763005265E-11  4.094446569985E-12
AR GRAC 2024 06 27 02 33 40.000000 2  -1.414695444124E-11  1.410055058826E-11
AR GRAC 2024 06 27 02 33 50.000000 2  -1.457349345368E-11  1.300665651571E-11
AR GRAC 2024 06 27 02 34  0.000000 2  -1.607282709704E-11 -7.787243939961E-12
AR GRAC 2024 06 27 02 34 10.000000 2  -1.419598553293E-11  1.851885485238E-11
AR GRAC 2024 06 27 02 34 20.000000 2  -2.377613210480E-11 -4.475046635338E-12
AR GRAC 2024 06 27 02 34 30.000000 2  -2.509882059132E-11  2.531050456028E-12
AR GRAC 2024 06 27 02 34 40.000000 2  -1.476168839942E-11  1.053713973714E-11
AR GRAC 2024 06 27 02 34 50.000000 2  -1.614502802283E-11 -1.775676654325E-11
AR GRAC 2024 06 27 02 35  0.000000 2  -2.417171497682E-11  1.834932379652E-11
AR GRAC 2024 06 27 02 35 10.000000 2  -1.815494456159E-11 -1.434459148686E-11
AR GRAC 2024 06 27 02 35 20.000000 2  -1.919217215707E-11 -6.385007540050E-13
AR GRAC 2024 06 27 02 35 30.000000 2  -2.042416583081E-11  1.666758397967E-11
AR GRAC 2024 06 27 02 35 40.000000 2  -1.611269277724E-11 -8.726333891595E-12
AR GRAC 2024 06 27 02 35 50.000000 2  -1.702761716349E-11  1.667974612596E-11
AR GRAC 2024 06 27 02 36  0.000000 2  -2.066786498889E-11  1.085822837893E-12
AR GRAC 2024 06 27 02 36 10.000000 2  -1.492880992437E-11 -1.060809686620E-11
AR GRAC 2024 06 27 02 36 20.000000 2  -1.995275646094E-11  5.597976075744E-12
AR GRAC 2024 06 27 02 36 30.000000 2  -2.319571271170E-11  8.904051107539E-12
AR GRAC 2024 06 27 02 36 40.000000 2  -1.904263205454E-11 -8.489878938756E-12
AR GRAC 2024 06 27 02 36 50.000000 2  -1.871545279863E-11  1.211619086311E-11
AR GRAC 2024 06 27 02 37  0.000000 2  -2.219446675056E-11 -1.677738568732E-12
AR GRAC 2024 06 27 02 37 10.000000 2  -2.103102067497E-11  1.122832209155E-11
AR GRAC 2024 06 27 02 37 20.000000 2  -1.760663836947E-11 -2.116561266530E-11
AR GRAC 2024 06 27 02 37 30.000000 2  -2.648198500765E-11  3.840448792314E-12
AR GRAC 2024 06 27 02 37 40.000000 2  -1.319048776455E-11 -3.153488754848E-12
AR GRAC 2024 06 27 02 37 50.000000 2  -1.557958970166E-11  3.452569393575E-12
AR GRAC 2024 06 27 02 38  0.000000 2  -2.085236497362E-11 -1.944137559273E-11
AR GRAC 2024 06 27 02 38 10.000000 2  -2.148496137944E-11  3.564683270785E-12
AR GRAC 2024 06 27 02 38 20.000000 2  -1.691167865470E-11  2.170734512280E-12
AR GRAC 2024 06 27 02 38 30.000000 2  -2.374070558198E-11  1.737678403946E-11
AR GRAC 2024 06 27 02 38 40.000000 2  -1.674993997669E-11 -1.251716699041E-11
AR GRAC 2024 06 27 02 38 50.000000 2  -2.068925065990E-11 -1.111118033519E-12
AR GRAC 2024 06 27 02 39  0.000000 2  -2.250908660850E-11 -3.505072317458E-12
AR GRAC 2024 06 27 02 39 10.000000 2  -2.393143842816E-11  1.800969204498E-12
AR GRAC 2024 06 27 02 39 20.000000 2  -1.726216738995E-11 -3.092989623102E-12
AR GRAC 2024 06 27 02 39 30.000000 2  -2.638322026127E-11 -6.886949777823E-12
AR GRAC 2024 06 27 02 39 40.000000 2  -1.832006768510E-11 -2.980911307723E-12
AR GRAC 2024 06 27 02 39 50.000000 2  -2.073194567409E-11 -8.074875837427E-12
AR GRAC 2024 06 27 02 40  0.000000 2  -2.281376129676E-11  1.283115974582E-11
AR GRAC 2024 06 27 02 40 10.000000 2  -1.950495667757E-11 -7.762811227163E-12
AR GRAC 2024 06 27 02 40 20.000000 2  -1.833002499785E-11  9.432219545344E-13
AR GRAC 2024 06 27 02 40 30.000000 2  -2.141815370893E-11 -9.450749210993E-12
AR GRAC 2024 06 27 02 40 40.000000 2  -1.569668527102E-11 -6.644724267341E-12
AR GRAC 2024 06 27 02 40 50.000000 2  -2.616620288498E-11 -5.438698536669E-12
AR GRAC 2024 06 27 02 41  0.000000 2  -1.991864485851E-11  6.367323768935E-12
AR GRAC 2024 06 27 02 41 10.000000 2  -2.408189966885E-11 -1.232665358675E-11
AR GRAC 2024 06 27 02 41 20.000000 2  -2.229496968986E-11 -1.302063665221E-11
AR GRAC 2024 06 27 02 41 30.000000 2  -2.029072049270E-11 -1.941462095256E-11
AR GRAC 2024 06 27 02 41 40.000000 2  -1.945763515587E-11 -1.190860431100E-11
AR GRAC 2024 06 27 02 41 50.000000 2  -2.177711483364E-11 -1.770258939437E-11
AR GRAC 2024 06 27 02 42  0.000000 2  -1.949068684226E-11  2.503422599429E-12
AR GRAC 2024 06 27 02 42 10.000000 2  -2.968107704060E-11  6.109431537060E-12
AR GRAC 2024 06 27 02 42 20.000000 2  -1.465723376004E-11 -1.328456181865E-11
AR GRAC 2024 06 27 02 42 30.000000 2  -2.827277821582E-11 -1.957855232104E-11
AR GRAC 2024 06 27 02 42 40.000000 2  -1.642395594526E-11  5.527449591786E-12
AR GRAC 2024 06 27 02 42 50.000000 2  -2.004577406844E-11 -1.946654816509E-11
AR GRAC 2024 06 27 02 43  0.000000 2  -1.846583129461E-11 -1.360547633757E-12
AR GRAC 2024 06 27 02 43 10.000000 2  -1.742173592889E-11 -1.335454923729E-11
AR GRAC 2024 06 27 02 43 20.000000 2  -2.299189658106E-11 -1.134855143886E-11
AR GRAC 2024 06 27 02 43 30.000000 2  -2.291408382482E-11  3.157443273852E-12
AR GRAC 2024 06 27 02 43 40.000000 2  -1.995058285242E-11  3.063436657125E-12
AR GRAC 2024 06 27 02 43 50.000000 2  -2.527500951588E-11 -5.030573180242E-12
AR GRAC 2024 06 27 02 44  0.000000 2  -2.677331793766E-11 -1.522458201175E-11
AR GRAC 2024 06 27 02 44 10.000000 2  -2.215333472222E-11 -1.051859727791E-11
AR GRAC 2024 06 27 02 44 20.000000 2  -2.545874448756E-11 -1.001260793027E-11
AR GRAC 2024 06 27 02 44 30.000000 2  -2.229481876892E-11 -2.560662792916E-11
AR GRAC 2024 06 27 02 44 40.000000 2  -2.159075869479E-11  4.799356658619E-12
AR GRAC 2024 06 27 02 44 50.000000 2  -2.118600954393E-11 -5.394665616998E-12
AR GRAC 2024 06 27 02 45  0.000000 2  -2.059489558059E-11 -3.548868490744E-11
AR GRAC 2024 06 27 02 45 10.000000 2  -2.001862738077E-11 -1.198271083053E-11
AR GRAC 2024 06 27 02 45 20.000000 2  -2.581567945525E-11 -2.297673856733E-11
AR GRAC 2024 06 27 02 45 30.000000 2  -2.256452663607E-11 -2.470761225823E-12
AR GRAC 2024 06 27 02 45 40.000000 2  -2.064440979277E-11 -1.926479288594E-11
AR GRAC 2024 06 27 02 45 50.000000 2  -2.478774130399E-11 -3.045881949437E-11
AR GRAC 2024 06 27 02 46  0.000000 2  -1.978353592058E-11 -6.252855438288E-12
AR GRAC 2024 06 27 02 46 10.000000 2  -2.298446502569E-11 -7.146891585486E-12
AR GRAC 2024 06 27 02 46 20.000000 2  -2.316800050417E-11 -1.234092689151E-11
AR GRAC 2024 06 27 02 46 30.000000 2  -1.883964165228E-11 -3.834965765087E-12
AR GRAC 2024 06 27 02 46 40.000000 2  -2.536830120969E-11 -8.729008835195E-12
AR GRAC 2024 06 27 02 46 50.000000 2  -2.556709878532E-11 -1.023049266830E-12
AR GRAC 2024 06 27 02 47  0.000000 2  -2.025347251022E-11 -2.031709522843E-11
AR GRAC 2024 06 27 02 47 10.000000 2  -2.551197274270E-11 -1.391113873400E-11
AR GRAC 2024 06 27 02 47 20.000000 2  -2.176950460175E-11 -1.830518896184E-11
AR GRAC 2024 06 27 02 47 30.000000 2  -1.990711762101E-11 -8.499237771908E-12
AR GRAC 2024 06 27 02 47 40.000000 2  -2.505865133451E-11 -1.069329000347E-11
AR GRAC 2024 06 27 02 47 50.000000 2  -1.594875100042E-11 -1.868734333943E-11
AR GRAC 2024 06 27 02 48  0.000000 2  -2.889965870778E-11 -2.578139611520E-11
AR GRAC 2024 06 27 02 48 10.000000 2  -2.269103308028E-11 -1.777545471926E-11
AR GRAC 2024 06 27 02 48 20.000000 2  -2.286888213521E-11 -2.256951396606E-11
AR GRAC 2024 06 27 02 48 30.000000 2  -1.759733331275E-11 -1.836357801932E-11
AR GRAC 2024 06 27 02 48 40.000000 2  -2.785112244996E-11 -1.085763944031E-11
AR GRAC 2024 06 27 02 48 50.000000 2  -1.729789401994E-11 -4.451702461522E-12
AR GRAC 2024 06 27 02 49  0.000000 2  -2.386054027970E-11 -1.184576915725E-11
AR GRAC 2024 06 27 02 49 10.000000 2  -2.222147466036E-11 -2.113983814389E-11
AR GRAC 2024 06 27 02 49 20.000000 2  -2.367274085091E-11 -3.833909318490E-12
AR GRAC 2024 06 27 02 49 30.000000 2  -1.852432443550E-11 -2.382798298950E-11
AR GRAC 2024 06 27 02 49 40.000000 2  -2.037453712689E-11 -2.942205507006E-11
AR GRAC 2024 06 27 02 49 50.000000 2  -1.887722096694E-11 -4.416130221924E-12
AR GRAC 2024 06 27 02 50  0.000000 2  -2.236007559664E-11 -2.551020852892E-11
AR GRAC 2024 06 27 02 50 10.000000 2  -2.267200836792E-11 -1.280428801181E-11
AR GRAC 2024 06 27 02 50 20.000000 2  -2.030216272875E-11 -1.879836911134E-11
AR GRAC 2024 06 27 02 50 30.000000 2  -2.095054685292E-11 -1.999245387296E-11
AR GRAC 2024 06 27 02 50 40.000000 2  -1.836506988151E-11 -2.438653619319E-11
AR GRAC 2024 06 27 02 50 50.000000 2  -2.074106858485E-11  3.619373680971E-12
AR GRAC 2024 06 27 02 51  0.000000 2  -1.894585703599E-11 -2.687471425955E-11
AR GRAC 2024 06 27 02 51 10.000000 2  -2.044220175079E-11 -1.926880530134E-11
AR GRAC 2024 06 27 02 51 20.000000 2  -2.107284312325E-11 -2.436290058583E-11
AR GRAC 2024 06 27 02 51 30.000000 2  -1.815782593728E-11 -1.615699067592E-11
AR GRAC 2024 06 27 02 51 40.000000 2  -2.312216564049E-11 -1.565108806445E-11
AR GRAC 2024 06 27 02 51 50.000000 2  -1.854740146190E-11 -1.064518698884E-11
AR GRAC 2024 06 27 02 52  0.000000 2  -2.152002014089E-11 -1.793928720850E-11
AR GRAC 2024 06 27 02 52 10.000000 2  -1.653133706314E-11 -3.633339115683E-11
AR GRAC 2024 06 27 02 52 20.000000 2  -1.840824020993E-11 -5.327492353518E-12
AR GRAC 2024 06 27 02 52 30.000000 2  -1.862599137425E-11 -1.242159760467E-11
AR GRAC 2024 06 27 02 52 40.000000 2  -2.297042590860E-11 -2.601570348038E-11
AR GRAC 2024 06 27 02 52 50.000000 2  -1.958836738647E-11 -3.330981671046E-11
AR GRAC 2024 06 27 02 53  0.000000 2  -2.037167483315E-11 -1.290392879355E-11
AR GRAC 2024 06 27 02 53 10.000000 2  -2.129295871567E-11 -2.169804093344E-11
AR GRAC 2024 06 27 02 53 20.000000 2  -2.049550286432E-11 -1.239215674520E-11
AR GRAC 2024 06 27 02 53 30.000000 2  -2.212206980101E-11 -1.898627435826E-11
AR GRAC 2024 06 27 02 53 40.000000 2  -1.576773260570E-11 -2.688039200949E-11
AR GRAC 2024 06 27 02 53 50.000000 2  -2.221613518150E-11 -2.174510788447E-12
AR GRAC 2024 06 27 02 54  0.000000 2  -1.980214776875E-11 -1.586863626613E-11
AR GRAC 2024 06 27 02 54 10.000000 2  -1.923599474152E-11 -3.062761199171E-12
AR GRAC 2024 06 27 02 54 20.000000 2  -1.918119829636E-11 -2.145688487998E-11
AR GRAC 2024 06 27 02 54 30.000000 2  -1.901549230576E-11 -1.335101473821E-11
AR GRAC 2024 06 27 02 54 40.000000 2  -1.467729930649E-11 -2.114514292828E-11
AR GRAC 2024 06 27 02 54 50.000000 2  -2.057545973877E-11 -1.713927264002E-11
AR GRAC 2024 06 27 02 55  0.000000 2  -2.124773620937E-11 -1.423340785511E-11
AR GRAC 2024 06 27 02 55 10.000000 2  -1.762997560439E-11 -1.132754653965E-11
AR GRAC 2024 06 27 02 55 20.000000 2  -1.937012182596E-11 -1.662168319649E-11
AR GRAC 2024 06 27 02 55 30.000000 2  -2.187757267014E-11 -1.901582190322E-11
AR GRAC 2024 06 27 02 55 40.000000 2  -2.054838417476E-11 -2.190996342688E-11
AR GRAC 2024 06 27 02 55 50.000000 2  -1.589697123938E-11 -1.900410384614E-11
AR GRAC 2024 06 27 02 56  0.000000 2  -2.711360823360E-11 -1.709825163398E-11
AR GRAC 2024 06 27 02 56 10.000000 2  -1.842045613265E-11 -1.539239742609E-11
AR GRAC 2024 06 27 02 56 20.000000 2  -1.898344849371E-11 -1.368654582029E-11
AR GRAC 2024 06 27 02 56 30.000000 2  -1.527396091550E-11 -5.780697101554E-12
AR GRAC 2024 06 27 02 56 40.000000 2  -1.757743256503E-11 -6.274849129878E-12
AR GRAC 2024 06 27 02 56 50.000000 2  -1.529283644164E-11 -3.769003772275E-12
AR GRAC 2024 06 27 02 57  0.000000 2  -2.334738825882E-11 -2.056316054933E-11
AR GRAC 2024 06 27 02 57 10.000000 2  -1.615104924801E-11 -6.357319618649E-12
AR GRAC 2024 06 27 02 57 20.000000 2  -1.995071816085E-11 -9.551475062264E-12
AR GRAC 2024 06 27 02 57 30.000000 2  -1.856404439893E-11 -1.354564117123E-11
AR GRAC 2024 06 27 02 57 40.000000 2  -1.996377889391E-11 -9.539802975356E-12
AR GRAC 2024 06 27 02 57 50.000000 2  -1.559589436761E-11 -1.603396929117E-11
AR GRAC 2024 06 27 02 58  0.000000 2  -2.146302580108E-11 -1.412813616097E-11
AR GRAC 2024 06 27 02 58 10.000000 2  -1.814725800187E-11 -2.022230299881E-11
AR GRAC 2024 06 27 02 58 20.000000 2  -2.312195226950E-11 -1.241647670097E-11
AR GRAC 2024 06 27 02 58 30.000000 2  -1.956943287973E-11 -1.021064829909E-11
AR GRAC 2024 06 27 02 58 40.000000 2  -1.620903758437E-11  1.951754459006E-13
AR GRAC 2024 06 27 02 58 50.000000 2  -1.998157021788E-11 -4.199000088606E-12
AR GRAC 2024 06 27 02 59  0.000000 2  -1.877605189382E-11 -1.769318198896E-11
AR GRAC 2024 06 27 02 59 10.000000 2  -1.529292664726E-11 -1.338735892975E-11
AR GRAC 2024 06 27 02 59 20.000000 2  -1.435715175219E-11 -1.048154184974E-11
AR GRAC 2024 06 27 02 59 30.000000 2  -1.629178562890E-11 -7.575725637088E-12
AR GRAC 2024 06 27 02 59 40.000000 2  -1.467457579063E-11 -1.906991058120E-11
AR GRAC 2024 06 27 02 59 50.000000 2  -2.232110850320E-11 -9.464097908141E-12
AR GRAC 2024 06 27 03 00  0.000000 2  -1.289615896710E-11 -1.115828957010E-11
AR GRAC 2024 06 27 03 00 10.000000 2  -1.804291438479E-11 -8.052481424714E-12
AR GRAC 2024 06 27 03 00 20.000000 2  -1.791260195727E-11 -1.114667299434E-11
AR GRAC 2024 06 27 03 00 30.000000 2  -1.856267570211E-11 -7.840868579412E-12
AR GRAC 2024 06 27 03 00 40.000000 2  -1.226089889339E-11 -6.935066236557E-12
AR GRAC 2024 06 27 03 00 50.000000 2  -1.623186828004E-11  1.070736056243E-12
AR GRAC 2024 06 27 03 01  0.000000 2  -1.377781309181E-11 -1.692346436599E-11
AR GRAC 2024 06 27 03 01 10.000000 2  -1.044787954069E-11 -2.917669578162E-12
AR GRAC 2024 06 27 03 01 20.000000 2  -1.316066613327E-11  1.408812563136E-11
AR GRAC 2024 06 27 03 01 30.000000 2  -1.394373505548E-11 -1.606077900881E-12
AR GRAC 2024 06 27 03 01 40.000000 2  -2.067619860047E-11 -9.200288968170E-12
AR GRAC 2024 06 27 03 01 50.000000 2  -1.533216956173E-11 -1.409449987277E-11
AR GRAC 2024 06 27 03 02  0.000000 2  -1.033992683142E-11 -6.488710176805E-12
AR GRAC 2024 06 27 03 02 10.000000 2  -1.271684320348E-11  7.170751622695E-13
AR GRAC 2024 06 27 03 02 20.000000 2  -1.672506404204E-11 -1.817714208319E-11
AR GRAC 2024 06 27 03 02 30.000000 2  -1.570436489184E-11  2.052864302160E-11
AR GRAC 2024 06 27 03 02 40.000000 2  -1.497918629412E-11 -6.265577466580E-12
AR GRAC 2024 06 27 03 02 50.000000 2  -2.377584067126E-11 -1.165980159645E-11
AR GRAC 2024 06 27 03 03  0.000000 2  -1.018420330706E-11 -1.425402244154E-11
AR GRAC 2024 06 27 03 03 10.000000 2  -9.983248602796E-12 -1.004824782408E-11
AR GRAC 2024 06 27 03 03 20.000000 2  -1.308033455855E-11  5.657525229547E-12
AR GRAC 2024 06 27 03 03 30.000000 2  -1.717290719350E-11 -1.536701321747E-12
AR GRAC 2024 06 27 03 03 40.000000 2  -1.828995635500E-11  1.116906480497E-11
AR GRAC 2024 06 27 03 03 50.000000 2  -1.381215020829E-11 -5.025165179806E-12
AR GRAC 2024 06 27 03 04  0.000000 2  -1.703881133408E-11 -6.819401814073E-12
AR GRAC 2024 06 27 03 04 10.000000 2  -1.313328005376E-11 -5.313636249754E-12
AR GRAC 2024 06 27 03 04 20.000000 2  -1.177773330252E-11 -8.407876825323E-12
AR GRAC 2024 06 27 03 04 30.000000 2  -1.744946721838E-11  1.009788346690E-11
AR GRAC 2024 06 27 03 04 40.000000 2  -2.026012344003E-11 -3.296357761404E-12
AR GRAC 2024 06 27 03 04 50.000000 2  -1.501622264033E-11  2.009399591163E-12
AR GRAC 2024 06 27 03 05  0.000000 2  -1.403189803934E-11 -8.484848240675E-12
AR GRAC 2024 06 27 03 05 10.000000 2  -1.557204885871E-11  5.920906126500E-12
AR GRAC 2024 06 27 03 05 20.000000 2  -1.758389440998E-11  1.132665402442E-11
AR GRAC 2024 06 27 03 05 30.000000 2  -1.261441125167E-11 -3.367595265147E-12
AR GRAC 2024 06 27 03 05 40.000000 2  -1.622002879231E-11 -6.618481262176E-13
AR GRAC 2024 06 27 03 05 50.000000 2  -1.736539384511E-11  1.943896432710E-12
AR GRAC 2024 06 27 03 06  0.000000 2  -1.842252912720E-11  9.349639985834E-12
AR GRAC 2024 06 27 03 06 10.000000 2  -1.407299710793E-11  4.655381115326E-12
AR GRAC 2024 06 27 03 06 20.000000 2  -1.788689682480E-11  4.861121921662E-12
AR GRAC 2024 06 27 03 06 30.000000 2  -1.560389664701E-11  1.366857148299E-12
AR GRAC 2024 06 27 03 06 40.000000 2  -7.000123571077E-12 -8.927405689696E-12
AR GRAC 2024 06 27 03 06 50.000000 2  -8.478001287116E-13  1.487832600178E-11
AR GRAC 2024 06 27 03 07  0.000000 2  -1.045012514023E-11 -1.515938416463E-12
AR GRAC 2024 06 27 03 07 10.000000 2   2.390665790331E-12  1.689788825358E-12
AR GRAC 2024 06 27 03 07 20.000000 2  -9.881585133487E-12  7.095518183425E-12
AR GRAC 2024 06 27 03 07 30.000000 2  -7.799333227865E-12 -4.998755315927E-12
AR GRAC 2024 06 27 03 07 40.000000 2  -3.491088982569E-13  1.806968311958E-12
AR GRAC 2024 06 27 03 07 50.000000 2  -4.913897847653E-12  2.041269063502E-11
AR GRAC 2024 06 27 03 08  0.000000 2  -3.632896717828E-12  2.718410999775E-12
AR GRAC 2024 06 27 03 08 10.000000 2  -5.765994452733E-12  1.524131298600E-12
AR GRAC 2024 06 27 03 08 20.000000 2  -5.455384408104E-12  1.302984716650E-11
AR GRAC 2024 06 27 03 08 30.000000 2  -5.807358934018E-12  7.335562712818E-12
AR GRAC 2024 06 27 03 08 40.000000 2  -1.940626695798E-12 -6.658722618430E-12
AR GRAC 2024 06 27 03 08 50.000000 2  -1.004224698190E-12  1.046988017117E-12
AR GRAC 2024 06 27 03 09  0.000000 2   1.026338194120E-12  9.152699431692E-12
AR GRAC 2024 06 27 03 09 10.000000 2  -7.289092940344E-12  8.958406065573E-12
AR GRAC 2024 06 27 03 09 20.000000 2   2.166457334710E-12  2.386411207533E-11
AR GRAC 2024 06 27 03 09 30.000000 2   2.878782078713E-14  1.516981505689E-11
AR GRAC 2024 06 27 03 09 40.000000 2   1.111822548090E-12  8.375515558878E-12
AR GRAC 2024 06 27 03 09 50.000000 2   1.270924063554E-14  1.638121756298E-11
AR GRAC 2024 06 27 03 10  0.000000 2   2.742714692514E-12  1.608691652111E-11
AR GRAC 2024 06 27 03 10 10.000000 2  -4.095885414689E-13  2.109261203198E-11
AR GRAC 2024 06 27 03 10 20.000000 2  -2.855493836176E-12 -7.801691584430E-12
AR GRAC 2024 06 27 03 10 30.000000 2  -1.348226218167E-12  1.900399976273E-11
AR GRAC 2024 06 27 03 10 40.000000 2   5.169021677701E-13  8.309691476582E-12
AR GRAC 2024 06 27 03 10 50.000000 2  -2.319714244910E-13 -1.184620110339E-12
AR GRAC 2024 06 27 03 11  0.000000 2   4.548049870740E-12  2.432106599448E-11
AR GRAC 2024 06 27 03 11 10.000000 2   9.202331821903E-13  6.826753572164E-12
AR GRAC 2024 06 27 03 11 20.000000 2   5.135843464919E-13  7.632434614879E-12
AR GRAC 2024 06 27 03 11 30.000000 2  -3.544684348562E-13  1.793811627016E-11
AR GRAC 2024 06 27 03 11 40.000000 2   1.952803153557E-12  1.604379823439E-11
AR GRAC 2024 06 27 03 11 50.000000 2  -1.149406850080E-12  2.114947453280E-11
AR GRAC 2024 06 27 03 12  0.000000 2   5.872134375973E-12 -1.744850574789E-12
AR GRAC 2024 06 27 03 12 10.000000 2   2.032439971530E-12  2.076082535052E-11
AR GRAC 2024 06 27 03 12 20.000000 2   4.314652368026E-12  2.146649871748E-11
AR GRAC 2024 06 27 03 12 30.000000 2   4.364588985367E-12  1.057216640621E-11
AR GRAC 2024 06 27 03 12 40.000000 2   2.164476931021E-12  3.767783654518E-11
AR GRAC 2024 06 27 03 12 50.000000 2  -7.785171704348E-13  1.988350456505E-11
AR GRAC 2024 06 27 03 13  0.000000 2   8.571273031610E-12  4.389168715979E-12
AR GRAC 2024 06 27 03 13 10.000000 2   5.995195225678E-12  1.289483103628E-11
AR GRAC 2024 06 27 03 13 20.000000 2   1.144044277715E-12  2.680049238091E-11
AR GRAC 2024 06 27 03 13 30.000000 2   7.292765349942E-12  1.660615221721E-11
AR GRAC 2024 06 27 03 13 40.000000 2   1.120299599616E-11  1.431180781525E-11
AR GRAC 2024 06 27 03 13 50.000000 2   3.585856438171E-12  9.417464204298E-12
AR GRAC 2024 06 27 03 14  0.000000 2   5.513034473381E-12  1.312311804363E-11
AR GRAC 2024 06 27 03 14 10.000000 2   9.158912777502E-13  1.172876899769E-11
AR GRAC 2024 06 27 03 14 20.000000 2   5.503158692632E-12  1.933441948210E-11
AR GRAC 2024 06 27 03 14 30.000000 2   1.445796282175E-12  2.184006794859E-11
AR GRAC 2024 06 27 03 14 40.000000 2   6.220411338798E-12  1.234571386094E-11
AR GRAC 2024 06 27 03 14 50.000000 2   9.578537615851E-12  2.815135971557E-11
AR GRAC 2024 06 27 03 15  0.000000 2   4.687720697727E-12  2.005699946406E-11
AR GRAC 2024 06 27 03 15 10.000000 2   7.372538343708E-12  1.906264035512E-11
AR GRAC 2024 06 27 03 15 20.000000 2   1.426310632102E-11  1.636827999529E-11
AR GRAC 2024 06 27 03 15 30.000000 2   6.703494096622E-12  9.173915967164E-12
AR GRAC 2024 06 27 03 15 40.000000 2   3.903848598552E-12  2.777955296351E-11
AR GRAC 2024 06 27 03 15 50.000000 2   3.037692059699E-12  1.848518386971E-11
AR GRAC 2024 06 27 03 16  0.000000 2   8.156141560745E-12  3.189081637656E-11
AR GRAC 2024 06 27 03 16 10.000000 2   8.202109998134E-12  1.729644552584E-11
AR GRAC 2024 06 27 03 16 20.000000 2   9.008970652813E-12  1.720207136457E-11
AR GRAC 2024 06 27 03 16 30.000000 2   1.286984147725E-11  2.740770110865E-11
AR GRAC 2024 06 27 03 16 40.000000 2   1.880218029882E-11  2.101332302606E-11
AR GRAC 2024 06 27 03 16 50.000000 2   7.918237246440E-12  1.831894358428E-11
AR GRAC 2024 06 27 03 17  0.000000 2   1.153143899812E-11  2.172456485539E-11
AR GRAC 2024 06 27 03 17 10.000000 2   1.361805113120E-11  2.573018360874E-11
AR GRAC 2024 06 27 03 17 20.000000 2   5.444932265480E-12  2.033579728222E-11
AR GRAC 2024 06 27 03 17 30.000000 2   1.091242027296E-11  1.944141375665E-11
AR GRAC 2024 06 27 03 17 40.000000 2   1.146617176206E-11  7.647027108759E-12
AR GRAC 2024 06 27 03 17 50.000000 2   1.360734008110E-11  1.555263730302E-11
AR GRAC 2024 06 27 03 18  0.000000 2   1.070603935366E-11  3.825824379522E-11
AR GRAC 2024 06 27 03 18 10.000000 2   1.620970718763E-11  2.366385212782E-11
AR GRAC 2024 06 27 03 18 20.000000 2   1.574621336098E-11  2.286945806340E-11
AR GRAC 2024 06 27 03 18 30.000000 2   1.602028579240E-11  2.807505963820E-11
AR GRAC 2024 06 27 03 18 40.000000 2   1.467478048800E-11  1.268066381066E-11
AR GRAC 2024 06 27 03 18 50.000000 2   1.401681201663E-11  3.258626354863E-11
AR GRAC 2024 06 27 03 19  0.000000 2   1.793288607888E-11  1.949185951533E-11
AR GRAC 2024 06 27 03 19 10.000000 2   8.054898761878E-12  2.679745661482E-11
AR GRAC 2024 06 27 03 19 20.000000 2   1.802930027495E-11  4.200305034341E-11
AR GRAC 2024 06 27 03 19 30.000000 2   1.383336067223E-11  2.360864281847E-11
AR GRAC 2024 06 27 03 19 40.000000 2   1.837105988167E-11  1.721423004142E-11
AR GRAC 2024 06 27 03 19 50.000000 2   1.500376559105E-11  2.451982020202E-11
AR GRAC 2024 06 27 03 20  0.000000 2   1.690481955807E-11  1.632540630458E-11
AR GRAC 2024 06 27 03 20 10.000000 2   1.791647732952E-11  3.453098917916E-11
AR GRAC 2024 06 27 03 20 20.000000 2   1.237213369948E-11  2.583657419952E-11
AR GRAC 2024 06 27 03 20 30.000000 2   1.136203110763E-11  2.084215612597E-11
AR GRAC 2024 06 27 03 20 40.000000 2   1.393409779921E-11  3.094773395884E-11
AR GRAC 2024 06 27 03 20 50.000000 2   1.895577445010E-11  3.185331165501E-11
AR GRAC 2024 06 27 03 21  0.000000 2   9.447683087249E-12  8.558887105992E-12
AR GRAC 2024 06 27 03 21 10.000000 2   1.385252763192E-11  5.176446077337E-11
AR GRAC 2024 06 27 03 21 20.000000 2   1.491697911027E-11  2.607003155020E-11
AR GRAC 2024 06 27 03 21 30.000000 2   2.340722927985E-11  2.457560197011E-11
AR GRAC 2024 06 27 03 21 40.000000 2   1.426414715511E-11  4.118116958551E-11
AR GRAC 2024 06 27 03 21 50.000000 2   1.944459697423E-11  2.588673546355E-11
AR GRAC 2024 06 27 03 22  0.000000 2   1.677787422882E-11  1.569229989007E-11
AR GRAC 2024 06 27 03 22 10.000000 2   2.279144581396E-11  2.519786115873E-11
AR GRAC 2024 06 27 03 22 20.000000 2   1.948220404446E-11  3.960342123688E-11
AR GRAC 2024 06 27 03 22 30.000000 2   1.783617524509E-11  2.070897966999E-11
AR GRAC 2024 06 27 03 22 40.000000 2   2.097085526065E-11  3.891453825844E-11
AR GRAC 2024 06 27 03 22 50.000000 2   1.727943135799E-11  4.362009017878E-11
AR GRAC 2024 06 27 03 23  0.000000 2   2.580106440997E-11  2.542564596364E-11
AR GRAC 2024 06 27 03 23 10.000000 2   2.479304955783E-11  2.753119607291E-11
AR GRAC 2024 06 27 03 23 20.000000 2   1.909225035013E-11  1.723674501741E-11
AR GRAC 2024 06 27 03 23 30.000000 2   1.618622944011E-11  3.524229172380E-11
AR GRAC 2024 06 27 03 23 40.000000 2   1.696726092959E-11  2.614783910226E-11
AR GRAC 2024 06 27 03 23 50.000000 2   2.245756358654E-11  2.465338003188E-11
AR GRAC 2024 06 27 03 24  0.000000 2   1.932723599218E-11  2.685892307175E-11
AR GRAC 2024 06 27 03 24 10.000000 2   1.702351801192E-11  4.666446049018E-11
AR GRAC 2024 06 27 03 24 20.000000 2   2.371316511207E-11  3.307000159825E-11
AR GRAC 2024 06 27 03 24 30.000000 2   1.908975234832E-11  1.247553796380E-11
AR GRAC 2024 06 27 03 24 40.000000 2   1.425975656999E-11  3.928107145112E-11
AR GRAC 2024 06 27 03 24 50.000000 2   2.629205880789E-11  2.088660321087E-11
AR GRAC 2024 06 27 03 25  0.000000 2   1.684543997349E-11  3.269213719181E-11
AR GRAC 2024 06 27 03 25 10.000000 2   1.926597770208E-11  3.889765939902E-11
AR GRAC 2024 06 27 03 25 20.000000 2   2.298244580756E-11  3.610319335157E-11
AR GRAC 2024 06 27 03 25 30.000000 2   2.044102907772E-11  3.270871073990E-11
AR GRAC 2024 06 27 03 25 40.000000 2   2.161901907494E-11  2.891423732387E-11
AR GRAC 2024 06 27 03 25 50.000000 2   2.000599338969E-11  2.781976038424E-11
AR GRAC 2024 06 27 03 26  0.000000 2   2.019422302990E-11  4.282527804600E-11
AR GRAC 2024 06 27 03 26 10.000000 2   2.848007767120E-11  3.443079502063E-11
AR GRAC 2024 06 27 03 26 20.000000 2   1.827526671661E-11  3.153631175645E-11
AR GRAC 2024 06 27 03 26 30.000000 2   1.904562965671E-11  4.504182790632E-11
AR GRAC 2024 06 27 03 26 40.000000 2   1.852472515662E-11  1.894733848984E-11
AR GRAC 2024 06 27 03 26 50.000000 2   2.743319633958E-11  2.825284450836E-11
AR GRAC 2024 06 27 03 27  0.000000 2   1.932603556354E-11  4.165835731929E-11
AR GRAC 2024 06 27 03 27 10.000000 2   1.625441448105E-11  1.716386061057E-11
AR GRAC 2024 06 27 03 27 20.000000 2   2.487243050409E-11  3.706936840819E-11
AR GRAC 2024 06 27 03 27 30.000000 2   2.216746577965E-11  3.837486925451E-11
AR GRAC 2024 06 27 03 27 40.000000 2   2.200288042042E-11  4.878036863332E-11
AR GRAC 2024 06 27 03 27 50.000000 2   2.066354205799E-11  3.168586920621E-11
AR GRAC 2024 06 27 03 28  0.000000 2   1.907478515417E-11  2.319136375994E-11
AR GRAC 2024 06 27 03 28 10.000000 2   2.199272361447E-11  3.039685864126E-11
AR GRAC 2024 06 27 03 28 20.000000 2   1.764756570044E-11  3.470235557246E-11
AR GRAC 2024 06 27 03 28 30.000000 2   2.700631558661E-11  2.790784617290E-11
AR GRAC 2024 06 27 03 28 40.000000 2   2.056140327444E-11  1.521333406473E-11
AR GRAC 2024 06 27 03 28 50.000000 2   2.858475782463E-11  3.191882175235E-11
AR GRAC 2024 06 27 03 29  0.000000 2   2.147706144873E-11  4.842430623153E-11
AR GRAC 2024 06 27 03 29 10.000000 2   2.611032744182E-11  3.642979320984E-11
AR GRAC 2024 06 27 03 29 20.000000 2   2.394583316356E-11  3.983527396834E-11
AR GRAC 2024 06 27 03 29 30.000000 2   2.403094563619E-11  4.084075438948E-11
AR GRAC 2024 06 27 03 29 40.000000 2   2.117808879654E-11  4.294623337509E-11
AR GRAC 2024 06 27 03 29 50.000000 2   2.482764514811E-11  3.055170699762E-11
AR GRAC 2024 06 27 03 30  0.000000 2   2.030314805168E-11  3.555718219861E-11
AR GRAC 2024 06 27 03 30 10.000000 2   2.122429836049E-11  3.186265487565E-11
AR GRAC 2024 06 27 03 30 20.000000 2   1.695885619435E-11  5.396812857716E-11
AR GRAC 2024 06 27 03 30 30.000000 2   2.034384639915E-11  3.327359568428E-11
AR GRAC 2024 06 27 03 30 40.000000 2   2.323980764773E-11  2.467906261294E-11
AR GRAC 2024 06 27 03 30 50.000000 2   2.271667576270E-11  3.448452634558E-11
AR GRAC 2024 06 27 03 31  0.000000 2   2.186708973617E-11  3.828999270428E-11
AR GRAC 2024 06 27 03 31 10.000000 2   2.263456436169E-11  3.139545221020E-11
AR GRAC 2024 06 27 03 31 20.000000 2   2.339673940699E-11  4.140091047766E-11
AR GRAC 2024 06 27 03 31 30.000000 2   2.841417032218E-11  3.680637392089E-11
AR GRAC 2024 06 27 03 31 40.000000 2   2.412644736771E-11  4.461182465110E-11
AR GRAC 2024 06 27 03 31 50.000000 2   2.252848602113E-11  4.851728047095E-11
AR GRAC 2024 06 27 03 32  0.000000 2   2.033972469617E-11  3.642273288529E-11
AR GRAC 2024 06 27 03 32 10.000000 2   2.992565917292E-11  3.432818265758E-11
AR GRAC 2024 06 27 03 32 20.000000 2   1.779296154858E-11  2.753363162467E-11
AR GRAC 2024 06 27 03 32 30.000000 2   2.371871102302E-11  2.703907930890E-11
AR GRAC 2024 06 27 03 32 40.000000 2   1.618530136305E-11  3.624452474260E-11
AR GRAC 2024 06 27 03 32 50.000000 2   2.263493385779E-11  4.334996250854E-11
AR GRAC 2024 06 27 03 33  0.000000 2   2.411172997374E-11  3.735540696215E-11
AR GRAC 2024 06 27 03 33 10.000000 2   2.146353754451E-11  4.136084877371E-11
AR GRAC 2024 06 27 03 33 20.000000 2   1.979652206052E-11  3.866628198179E-11
AR GRAC 2024 06 27 03 33 30.000000 2   1.490472675836E-11  2.547171848444E-11
AR GRAC 2024 06 27 03 33 40.000000 2   1.700797142012E-11  2.307715303573E-11
AR GRAC 2024 06 27 03 33 50.000000 2   2.488170260107E-11  4.538258310816E-11
AR GRAC 2024 06 27 03 34  0.000000 2   1.747595818058E-11  2.428801257337E-11
AR GRAC 2024 06 27 03 34 10.000000 2   2.440930096936E-11  4.479343979069E-11
AR GRAC 2024 06 27 03 34 20.000000 2   1.963613820155E-11  3.219886857142E-11
AR GRAC 2024 06 27 03 34 30.000000 2   2.134991662628E-11  3.800429415612E-11
AR GRAC 2024 06 27 03 34 40.000000 2   1.960095627473E-11  3.630971565083E-11
AR GRAC 2024 06 27 03 34 50.000000 2   1.767075548387E-11  3.981513382878E-11
AR GRAC 2024 06 27 03 35  0.000000 2   1.879764746637E-11  3.182055660633E-11
AR GRAC 2024 06 27 03 35 10.000000 2   1.960321488470E-11  3.592597053181E-11
AR GRAC 2024 06 27 03 35 20.000000 2   1.932741813815E-11  2.563138590261E-11
AR GRAC 2024 06 27 03 35 30.000000 2   1.591354999164E-11  3.323679872991E-11
AR GRAC 2024 06 27 03 35 40.000000 2   1.609845763639E-11  4.074221168771E-11
AR GRAC 2024 06 27 03 35 50.000000 2   1.539726679489E-11  3.534761719437E-11
AR GRAC 2024 06 27 03 36  0.000000 2   1.740024443975E-11  2.765302743735E-11
AR GRAC 2024 06 27 03 36 10.000000 2   1.993681955637E-11  3.235842843674E-11
AR GRAC 2024 06 27 03 36 20.000000 2   1.880098680906E-11  3.856383615219E-11
AR GRAC 2024 06 27 03 36 30.000000 2   1.862265376629E-11  1.866923629579E-11
AR GRAC 2024 06 27 03 36 40.000000 2   1.298728746074E-11  3.217463448446E-11
AR GRAC 2024 06 27 03 36 50.000000 2   5.337370302672E-12  3.338003484732E-11
AR GRAC 2024 06 27 03 37  0.000000 2   1.950027639364E-11  3.068543336093E-11
AR GRAC 2024 06 27 03 37 10.000000 2   1.201380314675E-11  2.689082637120E-11
AR GRAC 2024 06 27 03 37 20.000000 2   1.134356931304E-11  3.529621733778E-11
AR GRAC 2024 06 27 03 37 30.000000 2   1.775149645333E-11  1.960161026549E-11
AR GRAC 2024 06 27 03 37 40.000000 2   1.510680469607E-11  2.920699793130E-11
AR GRAC 2024 06 27 03 37 50.000000 2   1.531180043868E-11  3.051238428586E-11
AR GRAC 2024 06 27 03 38  0.000000 2   1.984806936861E-11  4.331777297972E-11
AR GRAC 2024 06 27 03 38 10.000000 2   1.499408756878E-11  3.902315623416E-11
AR GRAC 2024 06 27 03 38 20.000000 2   1.885972454596E-11  1.572853305931E-11
AR GRAC 2024 06 27 03 38 30.000000 2   8.410898713618E-12  3.923391472815E-11
AR GRAC 2024 06 27 03 38 40.000000 2   7.336137773650E-12  2.813928950962E-11
AR GRAC 2024 06 27 03 38 50.000000 2   1.455638561076E-11  3.814466797980E-11
AR GRAC 2024 06 27 03 39  0.000000 2   1.355593328561E-11  2.335004238574E-11
AR GRAC 2024 06 27 03 39 10.000000 2   1.729439855214E-11  3.545541291117E-11
AR GRAC 2024 06 27 03 39 20.000000 2   9.481211822593E-12  2.966078424538E-11
AR GRAC 2024 06 27 03 39 30.000000 2   1.133358684680E-11  3.786615465629E-11
AR GRAC 2024 06 27 03 39 40.000000 2   1.031714123856E-11  2.987151845324E-11
AR GRAC 2024 06 27 03 39 50.000000 2   1.680713901386E-11  1.667688556695E-11
AR GRAC 2024 06 27 03 40  0.000000 2   1.207512128482E-11  3.338224488503E-11
AR GRAC 2024 06 27 03 40 10.000000 2   6.685147661140E-12  2.358760582688E-11
AR GRAC 2024 06 27 03 40 20.000000 2   1.427196121701E-11  3.919296831523E-11
AR GRAC 2024 06 27 03 40 30.000000 2   1.255838575492E-11  2.419832216549E-11
AR GRAC 2024 06 27 03 40 40.000000 2   1.554132517123E-11  3.500367704024E-11
AR GRAC 2024 06 27 03 40 50.000000 2   1.156188079304E-11  2.670903082036E-11
AR GRAC 2024 06 27 03 41  0.000000 2   1.120236802626E-11  2.751438313298E-11
AR GRAC 2024 06 27 03 41 10.000000 2   9.955036794906E-12  3.251973343388E-11
AR GRAC 2024 06 27 03 41 20.000000 2   8.531568680692E-12  3.722508065684E-11
AR GRAC 2024 06 27 03 41 30.000000 2   6.108107075686E-12  2.733042438197E-11
AR GRAC 2024 06 27 03 41 40.000000 2   1.190007033885E-11  2.603577076155E-11
AR GRAC 2024 06 27 03 41 50.000000 2   3.591199820158E-12  2.494111167595E-11
AR GRAC 2024 06 27 03 42  0.000000 2   9.659328024936E-12  3.554645466863E-11
AR GRAC 2024 06 27 03 42 10.000000 2   1.048212992100E-11  3.645178950351E-11
AR GRAC 2024 06 27 03 42 20.000000 2   6.063893311092E-12  3.085712588224E-11
AR GRAC 2024 06 27 03 42 30.000000 2   1.194406726301E-11  3.046246241367E-11
AR GRAC 2024 06 27 03 42 40.000000 2   7.702242489638E-12  2.506779506195E-11
AR GRAC 2024 06 27 03 42 50.000000 2   2.477426033418E-12  2.967312853763E-11
AR GRAC 2024 06 27 03 43  0.000000 2   2.431881519077E-12  2.897845505223E-11
AR GRAC 2024 06 27 03 43 10.000000 2   7.308262502115E-12  2.778378395407E-11
AR GRAC 2024 06 27 03 43 20.000000 2   3.529424799295E-12  2.878910825010E-11
AR GRAC 2024 06 27 03 43 30.000000 2   5.552013276205E-12  2.159443283911E-11
AR GRAC 2024 06 27 03 43 40.000000 2   5.713919788708E-12  2.629975404123E-11
AR GRAC 2024 06 27 03 43 50.000000 2   4.478387712753E-12  2.810507208906E-11
AR GRAC 2024 06 27 03 44  0.000000 2   2.789228483596E-12  2.891038970720E-11
AR GRAC 2024 06 27 03 44 10.000000 2   5.575105264596E-13  2.631570655831E-11
AR GRAC 2024 06 27 03 44 20.000000 2   4.591223668610E-12  2.202102042381E-11
AR GRAC 2024 06 27 03 44 30.000000 2   3.276955096165E-12  2.442633421917E-11
AR GRAC 2024 06 27 03 44 40.000000 2   5.341372960252E-13  3.313164326224E-11
AR GRAC 2024 06 27 03 44 50.000000 2   2.340714644680E-12  2.243695333692E-11
AR GRAC 2024 06 27 03 45  0.000000 2  -4.904771467446E-12  2.504225819766E-11
AR GRAC 2024 06 27 03 45 10.000000 2   6.864627356135E-12  2.864756695753E-11
AR GRAC 2024 06 27 03 45 20.000000 2  -3.446686295747E-12  1.345286815974E-11
AR GRAC 2024 06 27 03 45 30.000000 2  -2.495927509810E-12  2.655816712382E-11
AR GRAC 2024 06 27 03 45 40.000000 2   4.540122184454E-12  2.296346793274E-11
AR GRAC 2024 06 27 03 45 50.000000 2  -1.459257953189E-12  2.376876646892E-11
AR GRAC 2024 06 27 03 46  0.000000 2  -1.051814343088E-12  2.277406215001E-11
AR GRAC 2024 06 27 03 46 10.000000 2   2.252424321277E-13  2.357935374731E-11
AR GRAC 2024 06 27 03 46 20.000000 2  -5.743188585296E-13  2.108464618178E-11
AR GRAC 2024 06 27 03 46 30.000000 2   1.783944086203E-12  2.218993391812E-11
AR GRAC 2024 06 27 03 46 40.000000 2  -6.706309119142E-12  3.079522400973E-11
AR GRAC 2024 06 27 03 46 50.000000 2   6.846886339146E-13  1.690051223968E-11
AR GRAC 2024 06 27 03 47  0.000000 2  -6.190854252852E-12  2.120579406517E-11
AR GRAC 2024 06 27 03 47 10.000000 2  -5.393756052690E-14  2.161107751086E-11
AR GRAC 2024 06 27 03 47 20.000000 2  -2.487001273324E-12  2.201635922183E-11
AR GRAC 2024 06 27 03 47 30.000000 2  -1.863994202045E-12  2.052163647348E-11
AR GRAC 2024 06 27 03 47 40.000000 2  -1.566419411715E-12  1.722691260475E-11
AR GRAC 2024 06 27 03 47 50.000000 2   5.004356304350E-12  1.813218845903E-11
AR GRAC 2024 06 27 03 48  0.000000 2  -4.244085985428E-12  1.773746080569E-11
AR GRAC 2024 06 27 03 48 10.000000 2  -7.392325467037E-12  1.484273294550E-11
AR GRAC 2024 06 27 03 48 20.000000 2   1.665808333287E-12  2.194800244326E-11
AR GRAC 2024 06 27 03 48 30.000000 2  -2.843954238774E-12  1.065326993288E-11
AR GRAC 2024 06 27 03 48 40.000000 2   3.394328438114E-12  1.495853267641E-11
AR GRAC 2024 06 27 03 48 50.000000 2  -3.873296648693E-12  2.466380225052E-11
AR GRAC 2024 06 27 03 49  0.000000 2  -6.131553598188E-12  1.786906213275E-11
AR GRAC 2024 06 27 03 49 10.000000 2  -4.538123349329E-12  1.987432093897E-11
AR GRAC 2024 06 27 03 49 20.000000 2  -9.536249394315E-12  2.277958030539E-11
AR GRAC 2024 06 27 03 49 30.000000 2  -3.256957637615E-12  2.388483681670E-11
AR GRAC 2024 06 27 03 49 40.000000 2  -5.151228835848E-12  2.969009066378E-11
AR GRAC 2024 06 27 03 49 50.000000 2  -1.932834751625E-12  1.929534310108E-11
