 2.00 C RINEX VERSION / TYPE
 10.00 INTERVAL
 1 AR # / TYPES OF DATA
 END OF HEADER
AR GRAC 2024 06 05 01 50  0.000000 2  -3.333633716296E-11 -1.656666817618E-11
AR GRAC 2024 06 05 01 50 10.000000 2  -3.468558426589E-11 -1.651163754335E-11
AR GRAC 2024 06 05 01 50 20.000000 2  -2.949195748725E-11 -2.551660965855E-11
AR GRAC 2024 06 05 01 50 30.000000 2  -3.046694493913E-11 -3.153158290026E-11
AR GRAC 2024 06 05 01 50 40.000000 2  -3.005493076635E-11 -2.194655568388E-11
AR GRAC 2024 06 05 01 50 50.000000 2  -2.919087541131E-11 -3.223153341447E-11
AR GRAC 2024 06 05 01 51  0.000000 2  -3.539036771971E-11 -2.949650593220E-11
AR GRAC 2024 06 05 01 51 10.000000 2  -3.082387470266E-11 -9.891485200364E-12
AR GRAC 2024 06 05 01 51 20.000000 2  -3.666214901110E-11 -3.173646762056E-11
AR GRAC 2024 06 05 01 51 30.000000 2  -2.970922813317E-11 -3.920144417413E-11
AR GRAC 2024 06 05 01 51 40.000000 2  -2.907073019809E-11 -2.981642710509E-11
AR GRAC 2024 06 05 01 51 50.000000 2  -3.639994208826E-11 -2.394141135342E-11
AR GRAC 2024 06 05 01 52  0.000000 2  -3.188442218582E-11 -1.954639575197E-11
AR GRAC 2024 06 05 01 52 10.000000 2  -3.096567793848E-11 -3.526138062093E-11
AR GRAC 2024 06 05 01 52 20.000000 2  -3.195242681553E-11 -2.575636925961E-11
AR GRAC 2024 06 05 01 52 30.000000 2  -3.485823435456E-11 -1.293135650643E-11
AR GRAC 2024 06 05 01 52 40.000000 2  -3.396389072763E-11 -2.088634647179E-11
AR GRAC 2024 06 05 01 52 50.000000 2  -2.991965702970E-11 -4.562133656960E-11
AR GRAC 2024 06 05 01 53  0.000000 2  -2.945148638855E-11 -2.060632914302E-11
AR GRAC 2024 06 05 01 53 10.000000 2  -2.824997701045E-11 -4.068132289370E-11
AR GRAC 2024 06 05 01 53 20.000000 2  -3.158822509119E-11 -3.722631924941E-11
AR GRAC 2024 06 05 01 53 30.000000 2  -2.687082154007E-11 -9.061312464254E-12
AR GRAC 2024 06 05 01 53 40.000000 2  -2.797298677415E-11 -2.077630949227E-11
AR GRAC 2024 06 05 01 53 50.000000 2  -3.333285036877E-11 -3.093130612752E-11
AR GRAC 2024 06 05 01 54  0.000000 2  -2.781207208979E-11 -6.316307286230E-12
AR GRAC 2024 06 05 01 54 10.000000 2  -3.397360517909E-11 -1.691130915860E-11
AR GRAC 2024 06 05 01 54 20.000000 2  -3.061787282044E-11 -3.368631068534E-11
AR GRAC 2024 06 05 01 54 30.000000 2  -2.784479764817E-11 -3.276131449459E-11
AR GRAC 2024 06 05 01 54 40.000000 2  -2.594117629040E-11 -3.256632116755E-11
AR GRAC 2024 06 05 01 54 50.000000 2  -2.902660056758E-11 -1.845132727163E-11
AR GRAC 2024 06 05 01 55  0.000000 2  -2.903051930792E-11 -2.659633277502E-11
AR GRAC 2024 06 05 01 55 10.000000 2  -2.820367550616E-11 -1.733134295800E-11
AR GRAC 2024 06 05 01 55 20.000000 2  -2.387407632698E-11 -3.022635267080E-11
AR GRAC 2024 06 05 01 55 30.000000 2  -2.860183097309E-11 -1.739136265555E-11
AR GRAC 2024 06 05 01 55 40.000000 2  -2.916652683260E-11 -2.344637678453E-11
AR GRAC 2024 06 05 01 55 50.000000 2  -2.883081100247E-11 -1.899139005779E-11
AR GRAC 2024 06 05 01 56  0.000000 2  -2.833734462360E-11 -2.851640625023E-11
AR GRAC 2024 06 05 01 56 10.000000 2  -2.594102363473E-11 -2.270142233918E-11
AR GRAC 2024 06 05 01 56 20.000000 2  -2.872144709565E-11 -1.704643891320E-11
AR GRAC 2024 06 05 01 56 30.000000 2  -2.531159483399E-11 -2.096145826358E-11
AR GRAC 2024 06 05 01 56 40.000000 2  -2.257534784111E-11 -2.536647801532E-11
AR GRAC 2024 06 05 01 56 50.000000 2  -2.851742279819E-11 -1.254149995661E-11
AR GRAC 2024 06 05 01 57  0.000000 2  -2.872851782854E-11 -2.028652419661E-11
AR GRAC 2024 06 05 01 57 10.000000 2  -2.425580396259E-11 -1.881154780559E-11
AR GRAC 2024 06 05 01 57 20.000000 2  -2.451102168455E-11 -1.693657193658E-11
AR GRAC 2024 06 05 01 57 30.000000 2  -2.578029803524E-11 -3.151159888581E-11
AR GRAC 2024 06 05 01 57 40.000000 2  -2.501443149838E-11 -1.500662788478E-11
AR GRAC 2024 06 05 01 57 50.000000 2  -2.415420467805E-11 -2.669165583002E-11
AR GRAC 2024 06 05 01 58  0.000000 2  -2.007905473833E-11 -1.517668803130E-11
AR GRAC 2024 06 05 01 58 10.000000 2  -2.552439162806E-11 -2.127171876143E-11
AR GRAC 2024 06 05 01 58 20.000000 2  -2.072034904765E-11 -2.231675261255E-11
AR GRAC 2024 06 05 01 58 30.000000 2  -2.297789042371E-11 -1.260178593421E-11
AR GRAC 2024 06 05 01 58 40.000000 2  -2.470525520271E-11 -1.716682178354E-11
AR GRAC 2024 06 05 01 58 50.000000 2  -2.192155311442E-11 -2.377185948088E-11
AR GRAC 2024 06 05 01 59  0.000000 2  -2.493999451403E-11 -4.086895752375E-12
AR GRAC 2024 06 05 01 59 10.000000 2  -1.936417519388E-11 -1.250193698565E-11
AR GRAC 2024 06 05 01 59 20.000000 2  -2.378138658221E-11 -1.814697697666E-11
AR GRAC 2024 06 05 01 59 30.000000 2  -2.035500934472E-11 -1.885202063900E-11
AR GRAC 2024 06 05 01 59 40.000000 2  -2.228493778400E-11 -1.775706491569E-11
AR GRAC 2024 06 05 01 59 50.000000 2  -2.149566115384E-11 -1.230210811692E-11
AR GRAC 2024 06 05 02 00  0.000000 2  -1.930330027766E-11 -1.380715246996E-11
AR GRAC 2024 06 05 02 00 10.000000 2  -2.188558362315E-11 -1.437220134570E-11
AR GRAC 2024 06 05 02 00 20.000000 2  -2.083746716841E-11 -1.764724998077E-11
AR GRAC 2024 06 05 02 00 30.000000 2  -2.107709666521E-11 -4.452300073760E-12
AR GRAC 2024 06 05 02 00 40.000000 2  -2.034918414329E-11  5.172651369734E-12
AR GRAC 2024 06 05 02 00 50.000000 2  -1.864361096060E-11 -1.365240212547E-11
AR GRAC 2024 06 05 02 01  0.000000 2  -2.060709762552E-11 -2.570745699648E-11
AR GRAC 2024 06 05 02 01 10.000000 2  -1.913109427820E-11 -2.943250851373E-11
AR GRAC 2024 06 05 02 01 20.000000 2  -1.494702105143E-11  2.922431610944E-12
AR GRAC 2024 06 05 02 01 30.000000 2  -2.026198653304E-11 -3.942624872411E-12
AR GRAC 2024 06 05 02 01 40.000000 2  -1.639354277327E-11 -1.089768206231E-11
AR GRAC 2024 06 05 02 01 50.000000 2  -1.799394661051E-11 -2.072744536771E-12
AR GRAC 2024 06 05 02 02  0.000000 2  -1.545421776661E-11 -2.369780240097E-11
AR GRAC 2024 06 05 02 02 10.000000 2  -1.442995029022E-11 -2.196286902345E-11
AR GRAC 2024 06 05 02 02 20.000000 2  -1.652012901476E-11 -3.793005067475E-14
AR GRAC 2024 06 05 02 02 30.000000 2  -1.590040425714E-11 -5.392995511971E-12
AR GRAC 2024 06 05 02 02 40.000000 2  -2.052365742633E-11 -2.398806153714E-11
AR GRAC 2024 06 05 02 02 50.000000 2  -1.700823683282E-11  3.936871662003E-12
AR GRAC 2024 06 05 02 03  0.000000 2  -1.435019811313E-11 -4.328197522607E-12
AR GRAC 2024 06 05 02 03 10.000000 2  -1.238916868401E-11 -8.503269269267E-12
AR GRAC 2024 06 05 02 03 20.000000 2  -1.597154353217E-11 -2.424834118220E-11
AR GRAC 2024 06 05 02 03 30.000000 2  -1.429003530090E-11  4.346586458814E-12
AR GRAC 2024 06 05 02 03 40.000000 2  -1.432478701630E-11 -9.984872087129E-13
AR GRAC 2024 06 05 02 03 50.000000 2  -1.381888267010E-11  3.366435602503E-12
AR GRAC 2024 06 05 02 04  0.000000 2  -1.701789924258E-11 -3.968640520380E-12
AR GRAC 2024 06 05 02 04 10.000000 2  -1.341876523092E-11 -1.359371816501E-11
AR GRAC 2024 06 05 02 04 20.000000 2  -1.120151194023E-11 -3.578797414666E-12
AR GRAC 2024 06 05 02 04 30.000000 2  -1.216548823485E-11  1.034612239631E-11
AR GRAC 2024 06 05 02 04 40.000000 2  -1.397950592091E-11 -1.014896066492E-11
AR GRAC 2024 06 05 02 04 50.000000 2  -1.372517984682E-11  9.005956570773E-12
AR GRAC 2024 06 05 02 05  0.000000 2  -1.089968827001E-11 -8.629126059534E-12
AR GRAC 2024 06 05 02 05 10.000000 2  -1.366634496541E-11  7.225786375492E-12
AR GRAC 2024 06 05 02 05 20.000000 2  -1.067945818584E-11 -4.039299710684E-12
AR GRAC 2024 06 05 02 05 30.000000 2  -1.086868182260E-11 -1.788438841466E-11
AR GRAC 2024 06 05 02 05 40.000000 2  -7.650519974478E-12 -1.249477192718E-12
AR GRAC 2024 06 05 02 05 50.000000 2  -1.311941614374E-11 -4.394566308075E-12
AR GRAC 2024 06 05 02 06  0.000000 2  -1.231565543991E-11  8.610339871651E-12
AR GRAC 2024 06 05 02 06 10.000000 2  -1.120104183017E-11  3.035246533278E-12
AR GRAC 2024 06 05 02 06 20.000000 2  -1.036165511031E-11  7.015212927708E-14
AR GRAC 2024 06 05 02 06 30.000000 2  -9.389161323425E-12  2.515055871899E-12
AR GRAC 2024 06 05 02 06 40.000000 2  -1.240531375540E-11 -1.044004206002E-11
AR GRAC 2024 06 05 02 06 50.000000 2  -1.028373913803E-11  3.674859028191E-12
AR GRAC 2024 06 05 02 07  0.000000 2  -7.747465863295E-12 -3.600238813670E-12
AR GRAC 2024 06 05 02 07 10.000000 2  -9.604905412686E-12  8.864657272123E-12
AR GRAC 2024 06 05 02 07 20.000000 2  -8.648551493018E-12  1.609557539334E-12
AR GRAC 2024 06 05 02 07 30.000000 2  -9.035025332060E-12  5.144533887433E-13
AR GRAC 2024 06 05 02 07 40.000000 2  -7.276916916266E-12  5.909348965022E-12
AR GRAC 2024 06 05 02 07 50.000000 2  -8.933552682333E-12  2.074243771535E-12
AR GRAC 2024 06 05 02 08  0.000000 2  -5.978007585478E-12  3.489133027640E-12
AR GRAC 2024 06 05 02 08 10.000000 2  -6.356140440367E-12  2.425402760575E-11
AR GRAC 2024 06 05 02 08 20.000000 2  -9.442636776658E-12 -2.251085168964E-12
AR GRAC 2024 06 05 02 08 30.000000 2  -9.477310429495E-12  6.333804574571E-12
AR GRAC 2024 06 05 02 08 40.000000 2  -5.488717553376E-12  6.238693155830E-12
AR GRAC 2024 06 05 02 08 50.000000 2  -6.068877171639E-12  2.583576364998E-12
AR GRAC 2024 06 05 02 09  0.000000 2  -8.685118596530E-12  1.237846197072E-11
AR GRAC 2024 06 05 02 09 10.000000 2  -7.261900282496E-12  1.533459367516E-13
AR GRAC 2024 06 05 02 09 20.000000 2  -4.008586865223E-12  1.000823035557E-11
AR GRAC 2024 06 05 02 09 30.000000 2  -6.047116366675E-12  1.362310958486E-11
AR GRAC 2024 06 05 02 09 40.000000 2  -2.979512470080E-12  2.707989214812E-12
AR GRAC 2024 06 05 02 09 50.000000 2  -4.397328421529E-12  1.666286900126E-11
AR GRAC 2024 06 05 02 10  0.000000 2  -7.410520114215E-12  5.197746313218E-12
AR GRAC 2024 06 05 02 10 10.000000 2  -6.327698347935E-12  1.522262003950E-11
AR GRAC 2024 06 05 02 10 20.000000 2  -5.530941156462E-12  1.078749676392E-11
AR GRAC 2024 06 05 02 10 30.000000 2  -2.896370426483E-12  5.712367644878E-12
AR GRAC 2024 06 05 02 10 40.000000 2  -2.204833104286E-12  1.165723940988E-11
AR GRAC 2024 06 05 02 10 50.000000 2  -3.428320344626E-12  1.913210909144E-11
AR GRAC 2024 06 05 02 11  0.000000 2  -1.025733859829E-12  1.206698022754E-11
AR GRAC 2024 06 05 02 11 10.000000 2  -2.309994860325E-12  1.288184749842E-11
AR GRAC 2024 06 05 02 11 20.000000 2  -2.828841544691E-12  1.027671697740E-11
AR GRAC 2024 06 05 02 11 30.000000 2  -4.582120707169E-12  2.212158234371E-11
AR GRAC 2024 06 05 02 11 40.000000 2  -2.781762450596E-12  2.353644536213E-11
AR GRAC 2024 06 05 02 11 50.000000 2  -2.940425680720E-12  1.572130793603E-11
AR GRAC 2024 06 05 02 12  0.000000 2  -2.193690758559E-12  1.358617125052E-11
AR GRAC 2024 06 05 02 12 10.000000 2  -4.421056836595E-12  9.881029154613E-12
AR GRAC 2024 06 05 02 12 20.000000 2  -3.565133756787E-13  6.655889814994E-12
AR GRAC 2024 06 05 02 12 30.000000 2  -3.890011576746E-12  3.733074960266E-11
AR GRAC 2024 06 05 02 12 40.000000 2  -2.145290238856E-12  1.759560205872E-11
AR GRAC 2024 06 05 02 12 50.000000 2   1.830596872004E-12  1.573046033709E-11
AR GRAC 2024 06 05 02 13  0.000000 2   4.524747547127E-13  5.095314795089E-12
AR GRAC 2024 06 05 02 13 10.000000 2  -3.629843604511E-12  1.451016824056E-11
AR GRAC 2024 06 05 02 13 20.000000 2   2.435307272682E-13  1.375501795797E-11
AR GRAC 2024 06 05 02 13 30.000000 2   7.133050660552E-13  3.053986577517E-11
AR GRAC 2024 06 05 02 13 40.000000 2  -3.518516587028E-13  2.598471784965E-11
AR GRAC 2024 06 05 02 13 50.000000 2   2.029861955605E-12  5.779566929209E-12
AR GRAC 2024 06 05 02 14  0.000000 2  -2.022198814650E-12  2.721441128006E-11
AR GRAC 2024 06 05 02 14 10.000000 2  -1.353550192935E-12  1.478925835963E-11
AR GRAC 2024 06 05 02 14 20.000000 2   1.325641527973E-12  3.077410201668E-11
AR GRAC 2024 06 05 02 14 30.000000 2   8.227247008663E-13  1.299894306778E-11
AR GRAC 2024 06 05 02 14 40.000000 2  -1.291196858634E-12  1.214378337472E-11
AR GRAC 2024 06 05 02 14 50.000000 2   1.876232025647E-12  1.718862725764E-11
AR GRAC 2024 06 05 02 15  0.000000 2   1.901543592725E-12  4.407346015922E-11
AR GRAC 2024 06 05 02 15 10.000000 2   1.354212748883E-12  2.257830207519E-11
AR GRAC 2024 06 05 02 15 20.000000 2  -1.421355437861E-13  1.395313638936E-11
AR GRAC 2024 06 05 02 15 30.000000 2  -3.744721546739E-13  1.129797037175E-11
AR GRAC 2024 06 05 02 15 40.000000 2   1.517431146014E-12  3.320280161923E-11
AR GRAC 2024 06 05 02 15 50.000000 2   3.150852842526E-12  9.577636427005E-12
AR GRAC 2024 06 05 02 16  0.000000 2   1.011842627914E-12  2.764246991027E-11
AR GRAC 2024 06 05 02 16 10.000000 2   2.252424321277E-13  1.544729795466E-11
AR GRAC 2024 06 05 02 16 20.000000 2  -3.637046447433E-13  2.092212687821E-11
AR GRAC 2024 06 05 02 16 30.000000 2   5.300246352924E-12  2.259695382201E-11
AR GRAC 2024 06 05 02 16 40.000000 2   5.040798507772E-12  3.546177587688E-11
AR GRAC 2024 06 05 02 16 50.000000 2   3.890832968312E-12  2.963660913902E-11
AR GRAC 2024 06 05 02 17  0.000000 2   7.602227224471E-13  2.897142595271E-11
AR GRAC 2024 06 05 02 17 10.000000 2   4.972174581785E-12  1.506624686121E-11
AR GRAC 2024 06 05 02 17 20.000000 2   2.190215023234E-12  2.038107009550E-11
AR GRAC 2024 06 05 02 17 30.000000 2   4.735415618656E-12  2.573588564481E-11
AR GRAC 2024 06 05 02 17 40.000000 2   2.195710193525E-12  2.843071091052E-11
AR GRAC 2024 06 05 02 17 50.000000 2   4.791420732397E-12  1.857552653362E-11
AR GRAC 2024 06 05 02 18  0.000000 2   6.911974465007E-12  2.650033838203E-11
AR GRAC 2024 06 05 02 18 10.000000 2   3.771808820136E-12  4.534515818388E-11
AR GRAC 2024 06 05 02 18 20.000000 2   6.162089935535E-12  1.048996740166E-11
AR GRAC 2024 06 05 02 18 30.000000 2   2.908963434717E-12  2.667477697060E-11
AR GRAC 2024 06 05 02 18 40.000000 2   6.992845538734E-12  4.201958919703E-11
AR GRAC 2024 06 05 02 18 50.000000 2   4.005017671671E-12  4.924397695172E-12
AR GRAC 2024 06 05 02 19  0.000000 2   3.607371996603E-12  3.178920668367E-11
AR GRAC 2024 06 05 02 19 10.000000 2   3.685707121448E-12  4.263401437443E-11
AR GRAC 2024 06 05 02 19 20.000000 2   7.243189555084E-12  1.266881651668E-11
AR GRAC 2024 06 05 02 19 30.000000 2   6.537185723299E-12  1.236362401347E-11
AR GRAC 2024 06 05 02 19 40.000000 2   5.377780252364E-12  4.099842340621E-11
AR GRAC 2024 06 05 02 19 50.000000 2   8.983988900035E-12  1.614322391041E-11
AR GRAC 2024 06 05 02 20  0.000000 2   4.457698966898E-12  2.876802268625E-11
AR GRAC 2024 06 05 02 20 10.000000 2   3.197757596912E-12  2.116282322995E-11
AR GRAC 2024 06 05 02 20 20.000000 2   5.325044225013E-12  4.202762790562E-11
AR GRAC 2024 06 05 02 20 30.000000 2   6.612076771523E-12  1.295241951887E-11
AR GRAC 2024 06 05 02 20 40.000000 2   6.619962824445E-12  4.625721333751E-11
AR GRAC 2024 06 05 02 20 50.000000 2   6.501927034969E-12  3.132201095712E-11
AR GRAC 2024 06 05 02 21  0.000000 2   7.644617577851E-12  2.354680166128E-11
AR GRAC 2024 06 05 02 21 10.000000 2   6.157088727754E-12  3.678159860021E-11
AR GRAC 2024 06 05 02 21 20.000000 2   7.560551143482E-12  3.178638255386E-11
AR GRAC 2024 06 05 02 21 30.000000 2   5.200983740905E-12  3.104117310415E-11
AR GRAC 2024 06 05 02 21 40.000000 2   6.930408070344E-12  5.020596091643E-11
AR GRAC 2024 06 05 02 21 50.000000 2   7.314054743801E-12  1.444074287232E-11
AR GRAC 2024 06 05 02 22  0.000000 2   4.500785161232E-12  2.491553317829E-11
AR GRAC 2024 06 05 02 22 10.000000 2   8.789731095749E-12  2.441031057843E-11
AR GRAC 2024 06 05 02 22 20.000000 2   7.026379044567E-12  2.172509221132E-11
AR GRAC 2024 06 05 02 22 30.000000 2   7.594327076921E-12  5.254987417436E-11
AR GRAC 2024 06 05 02 22 40.000000 2   7.829603285159E-12  2.903465488868E-11
AR GRAC 2024 06 05 02 22 50.000000 2   7.205579015401E-12  2.922943137529E-11
AR GRAC 2024 06 05 02 23  0.000000 2   1.135988698941E-11  3.748421018024E-11
AR GRAC 2024 06 05 02 23 10.000000 2   9.612141811666E-12  4.154898647357E-11
AR GRAC 2024 06 05 02 23 20.000000 2   8.366767348389E-12  3.010376323220E-11
AR GRAC 2024 06 05 02 23 30.000000 2   9.267294397153E-12  2.288853308274E-11
AR GRAC 2024 06 05 02 23 40.000000 2   8.868479735302E-12  3.683330723758E-11
AR GRAC 2024 06 05 02 23 50.000000 2   7.770393703477E-12  2.313807652421E-11
AR GRAC 2024 06 05 02 24  0.000000 2   8.930987893674E-12  2.252284470039E-11
AR GRAC 2024 06 05 02 24 10.000000 2   5.288561255590E-12  4.410761339502E-11
AR GRAC 2024 06 05 02 24 20.000000 2   6.486598150973E-12  4.488238600220E-11
AR GRAC 2024 06 05 02 24 30.000000 2   1.066424379359E-11  1.688714966475E-11
AR GRAC 2024 06 05 02 24 40.000000 2   1.185990281677E-11  3.990190816650E-11
AR GRAC 2024 06 05 02 24 50.000000 2   8.876707528749E-12  2.114667815856E-11
AR GRAC 2024 06 05 02 25  0.000000 2   9.982627571792E-12  2.868143569867E-11
AR GRAC 2024 06 05 02 25 10.000000 2   1.202204568534E-11  3.315619306887E-11
AR GRAC 2024 06 05 02 25 20.000000 2   6.214089139089E-12  4.506095843682E-11
AR GRAC 2024 06 05 02 25 30.000000 2   8.752860415628E-12  2.390571247901E-11
AR GRAC 2024 06 05 02 25 40.000000 2   1.180407854795E-11  2.130047180304E-11
AR GRAC 2024 06 05 02 25 50.000000 2   1.023647052539E-11  3.377522220238E-11
AR GRAC 2024 06 05 02 26  0.000000 2   8.231111972568E-12  3.942998358375E-11
AR GRAC 2024 06 05 02 26 10.000000 2   1.125265505775E-11  5.340473549498E-11
AR GRAC 2024 06 05 02 26 20.000000 2   1.314480729125E-11  1.906948210451E-11
AR GRAC 2024 06 05 02 26 30.000000 2   9.469227485459E-12  3.074423007843E-11
AR GRAC 2024 06 05 02 26 40.000000 2   1.138896876113E-11  2.944898144785E-11
AR GRAC 2024 06 05 02 26 50.000000 2   9.445049777013E-12  4.124373412240E-11
AR GRAC 2024 06 05 02 27  0.000000 2   7.953124270266E-12  4.019847649195E-11
AR GRAC 2024 06 05 02 27 10.000000 2   8.475931762009E-12  2.152322070570E-11
AR GRAC 2024 06 05 02 27 20.000000 2   1.057736363774E-11  4.010796555987E-11
AR GRAC 2024 06 05 02 27 30.000000 2   1.137990396360E-11  2.438270765848E-11
AR GRAC 2024 06 05 02 27 40.000000 2   9.411096901779E-12  4.037744791296E-11
AR GRAC 2024 06 05 02 27 50.000000 2   1.143334125292E-11  3.372218823627E-11
AR GRAC 2024 06 05 02 28  0.000000 2   1.167248155770E-11  2.609692843769E-11
AR GRAC 2024 06 05 02 28 10.000000 2   1.094296875337E-11  2.781166789922E-11
AR GRAC 2024 06 05 02 28 20.000000 2   1.236563022117E-11  4.071640247183E-11
AR GRAC 2024 06 05 02 28 30.000000 2   1.012206551215E-11  3.660113531700E-11
AR GRAC 2024 06 05 02 28 40.000000 2   9.931688284281E-12  4.706586856362E-11
AR GRAC 2024 06 05 02 28 50.000000 2   1.109927948162E-11  3.207060311761E-11
AR GRAC 2024 06 05 02 29  0.000000 2   1.005707322976E-11  3.150533653407E-11
AR GRAC 2024 06 05 02 29 10.000000 2   1.140087677043E-11  3.867006367897E-11
AR GRAC 2024 06 05 02 29 20.000000 2   1.061265485214E-11  2.449479508115E-11
AR GRAC 2024 06 05 02 29 30.000000 2   1.115025172888E-11  5.532951180554E-11
AR GRAC 2024 06 05 02 29 40.000000 2   1.187755536286E-11  4.403424153088E-11
AR GRAC 2024 06 05 02 29 50.000000 2   1.061002154190E-11  3.445896692988E-11
AR GRAC 2024 06 05 02 30  0.000000 2   1.049164054245E-11  3.174369447856E-11
AR GRAC 2024 06 05 02 30 10.000000 2   9.082905434721E-12  3.512841406650E-11
AR GRAC 2024 06 05 02 30 20.000000 2   1.070138595793E-11  3.414313276551E-11
AR GRAC 2024 06 05 02 30 30.000000 2   1.138270467466E-11  3.574785259475E-11
AR GRAC 2024 06 05 02 30 40.000000 2   1.137914762417E-11  3.642257676018E-11
AR GRAC 2024 06 05 02 30 50.000000 2   1.330332458777E-11  3.893729089155E-11
AR GRAC 2024 06 05 02 31  0.000000 2   1.145229137217E-11  3.609201132404E-11
AR GRAC 2024 06 05 02 31 10.000000 2   1.092802064118E-11  2.803672224938E-11
AR GRAC 2024 06 05 02 31 20.000000 2   7.867830519037E-12  4.865143357624E-11
AR GRAC 2024 06 05 02 31 30.000000 2   1.165754645593E-11  3.843614315713E-11
AR GRAC 2024 06 05 02 31 40.000000 2   1.314396681773E-11  3.413085786219E-11
AR GRAC 2024 06 05 02 31 50.000000 2   9.527177657898E-12  4.191556476907E-11
AR GRAC 2024 06 05 02 32  0.000000 2   1.338335605533E-11  4.967026789870E-11
AR GRAC 2024 06 05 02 32 10.000000 2   1.386090981575E-11  3.923497637892E-11
AR GRAC 2024 06 05 02 32 20.000000 2   9.970496650524E-12  3.502968054514E-11
AR GRAC 2024 06 05 02 32 30.000000 2   1.169896558101E-11  4.646438442335E-11
AR GRAC 2024 06 05 02 32 40.000000 2   1.484672627894E-11  3.507908893918E-11
AR GRAC 2024 06 05 02 32 50.000000 2   1.031880830782E-11  5.282379048066E-11
AR GRAC 2024 06 05 02 33  0.000000 2   1.421330414475E-11  4.708849282720E-11
AR GRAC 2024 06 05 02 33 10.000000 2   9.649387192057E-12  3.447319513183E-11
AR GRAC 2024 06 05 02 33 20.000000 2   1.260551038551E-11  3.754788840959E-11
AR GRAC 2024 06 05 02 33 30.000000 2   9.585618757080E-12  3.452258270920E-11
AR GRAC 2024 06 05 02 33 40.000000 2   1.206615623389E-11  4.076727497249E-11
AR GRAC 2024 06 05 02 33 50.000000 2   1.082717162454E-11  5.247197121250E-11
AR GRAC 2024 06 05 02 34  0.000000 2   1.174090165368E-11  3.372666729229E-11
AR GRAC 2024 06 05 02 34 10.000000 2   1.066221503448E-11  4.516135729271E-11
AR GRAC 2024 06 05 02 34 20.000000 2   1.057705052016E-11  3.339604287556E-11
AR GRAC 2024 06 05 02 34 30.000000 2   1.453402589252E-11  3.726073616317E-11
AR GRAC 2024 06 05 02 34 40.000000 2   9.513347574985E-12  3.825542660429E-11
AR GRAC 2024 06 05 02 34 50.000000 2   1.134853842844E-11  3.041011192861E-11
AR GRAC 2024 06 05 02 35  0.000000 2   1.028960076865E-11  6.273479652430E-11
AR GRAC 2024 06 05 02 35 10.000000 2   8.525654141001E-12  2.517947829406E-11
AR GRAC 2024 06 05 02 35 20.000000 2   1.466846609455E-11  3.673416085204E-11
AR GRAC 2024 06 05 02 35 30.000000 2   1.321205124472E-11  4.072884390860E-11
AR GRAC 2024 06 05 02 35 40.000000 2   1.012253735694E-11  4.438351769442E-11
AR GRAC 2024 06 05 02 35 50.000000 2   1.077297886315E-11  3.393819947295E-11
AR GRAC 2024 06 05 02 36  0.000000 2   1.135207899905E-11  5.349288026424E-11
AR GRAC 2024 06 05 02 36 10.000000 2   1.430419931808E-11  4.311755466557E-11
AR GRAC 2024 06 05 02 36 20.000000 2   9.609453857640E-12  3.380222837746E-11
AR GRAC 2024 06 05 02 36 30.000000 2   1.361347319595E-11  3.875690046673E-11
AR GRAC 2024 06 05 02 36 40.000000 2   1.326618329078E-11  3.663156930567E-11
AR GRAC 2024 06 05 02 36 50.000000 2   1.251094540466E-11  4.263624175938E-11
AR GRAC 2024 06 05 02 37  0.000000 2   9.218308408276E-12  4.500090924897E-11
AR GRAC 2024 06 05 02 37 10.000000 2   1.149359080133E-11  4.869557534981E-11
AR GRAC 2024 06 05 02 37 20.000000 2   1.129979877029E-11  2.394024735397E-11
AR GRAC 2024 06 05 02 37 30.000000 2   1.124053367746E-11  5.959491233831E-11
AR GRAC 2024 06 05 02 37 40.000000 2   1.037545657029E-11  4.264957831346E-11
AR GRAC 2024 06 05 02 37 50.000000 2   1.154621710742E-11  2.575424248863E-11
AR GRAC 2024 06 05 02 38  0.000000 2   1.097026375990E-11  6.393889584455E-11
AR GRAC 2024 06 05 02 38 10.000000 2   1.150598713529E-11  2.219356469435E-11
AR GRAC 2024 06 05 02 38 20.000000 2   1.159858493971E-11  3.743821919144E-11
AR GRAC 2024 06 05 02 38 30.000000 2   1.094231562998E-11  5.474287689822E-11
AR GRAC 2024 06 05 02 38 40.000000 2   1.033744877893E-11  5.610753875396E-11
AR GRAC 2024 06 05 02 38 50.000000 2   9.302177951531E-12  3.642218818212E-11
AR GRAC 2024 06 05 02 39  0.000000 2   1.248140826804E-11  2.733684979772E-11
AR GRAC 2024 06 05 02 39 10.000000 2   1.091577956497E-11  4.567149783363E-11
AR GRAC 2024 06 05 02 39 20.000000 2   9.675816571575E-12  3.810614671029E-11
AR GRAC 2024 06 05 02 39 30.000000 2   1.317524561673E-11  4.624080285343E-11
AR GRAC 2024 06 05 02 39 40.000000 2   1.713580666252E-11  4.885545093480E-11
AR GRAC 2024 06 05 02 39 50.000000 2   1.213351988327E-11  3.682009211414E-11
AR GRAC 2024 06 05 02 40  0.000000 2   8.359036553218E-12  3.978474147348E-11
AR GRAC 2024 06 05 02 40 10.000000 2   1.087663466237E-11  4.252938626270E-11
AR GRAC 2024 06 05 02 40 20.000000 2   1.339073817108E-11  4.651403220923E-11
AR GRAC 2024 06 05 02 40 30.000000 2   8.696392564400E-12  5.129867364229E-11
AR GRAC 2024 06 05 02 40 40.000000 2   1.291370135825E-11  5.204332104158E-11
AR GRAC 2024 06 05 02 40 50.000000 2   1.231967913101E-11  3.690795238875E-11
AR GRAC 2024 06 05 02 41  0.000000 2   9.546958709694E-12  1.928259635298E-11
AR GRAC 2024 06 05 02 41 10.000000 2   1.147941203899E-11  5.358722493520E-11
AR GRAC 2024 06 05 02 41 20.000000 2   8.457272208939E-12  4.814186896351E-11
AR GRAC 2024 06 05 02 41 30.000000 2   1.057754838579E-11  4.595649902295E-11
AR GRAC 2024 06 05 02 41 40.000000 2   1.317413712842E-11  3.491113301224E-11
AR GRAC 2024 06 05 02 41 50.000000 2   9.245258204837E-12  4.584576815403E-11
AR GRAC 2024 06 05 02 42  0.000000 2   7.592572404125E-12  5.427040067341E-11
AR GRAC 2024 06 05 02 42 10.000000 2   1.207888736948E-11  1.866502612191E-11
AR GRAC 2024 06 05 02 42 20.000000 2   9.621313294683E-12  6.131965074596E-11
AR GRAC 2024 06 05 02 42 30.000000 2   9.609560543133E-12  4.869428471554E-11
AR GRAC 2024 06 05 02 42 40.000000 2   1.119794534876E-11  4.488891203192E-11
AR GRAC 2024 06 05 02 42 50.000000 2   9.051905058843E-12  4.135353517953E-11
AR GRAC 2024 06 05 02 43  0.000000 2   8.609577460683E-12  4.151815349851E-11
AR GRAC 2024 06 05 02 43 10.000000 2   9.451459580256E-12  3.902277806445E-11
AR GRAC 2024 06 05 02 43 20.000000 2   1.032699793735E-11  5.529739860455E-11
AR GRAC 2024 06 05 02 43 30.000000 2   6.630856454193E-12  5.883201564805E-11
AR GRAC 2024 06 05 02 43 40.000000 2   1.124079562070E-11  3.781663523994E-11
AR GRAC 2024 06 05 02 43 50.000000 2   9.903511170861E-12  3.498125400458E-11
AR GRAC 2024 06 05 02 44  0.000000 2   6.401769739317E-12  4.613587289981E-11
AR GRAC 2024 06 05 02 44 10.000000 2   1.145656226137E-11  3.689048025390E-11
AR GRAC 2024 06 05 02 44 20.000000 2   9.207832413205E-12  5.254509327646E-11
AR GRAC 2024 06 05 02 44 30.000000 2   9.452787511077E-12  4.120970925614E-11
AR GRAC 2024 06 05 02 44 40.000000 2   5.830758618985E-12  5.829432075943E-11
AR GRAC 2024 06 05 02 44 50.000000 2   1.011941658940E-11  4.188893329427E-11
AR GRAC 2024 06 05 02 45  0.000000 2   1.068407688709E-11  4.422354149547E-11
AR GRAC 2024 06 05 02 45 10.000000 2   1.230718651990E-11  4.851814089379E-11
AR GRAC 2024 06 05 02 45 20.000000 2   1.025880942696E-11  3.889275360103E-11
AR GRAC 2024 06 05 02 45 30.000000 2   7.030569269123E-12  4.115734836274E-11
AR GRAC 2024 06 05 02 45 40.000000 2   7.202897566588E-12  6.176195666008E-11
AR GRAC 2024 06 05 02 45 50.000000 2   9.008660137311E-12  2.746655854147E-11
AR GRAC 2024 06 05 02 46  0.000000 2   1.071890493032E-11  5.077115811103E-11
AR GRAC 2024 06 05 02 46 10.000000 2   5.173400770275E-12  2.404575843995E-11
AR GRAC 2024 06 05 02 46 20.000000 2   1.224636104330E-11  5.556035492793E-11
AR GRAC 2024 06 05 02 46 30.000000 2   1.004220925166E-11  5.239494949016E-11
AR GRAC 2024 06 05 02 46 40.000000 2   7.188854546369E-12  4.523954474922E-11
AR GRAC 2024 06 05 02 46 50.000000 2   8.137429098609E-12  3.917413615717E-11
AR GRAC 2024 06 05 02 47  0.000000 2   1.140856593224E-11  3.218873084743E-11
AR GRAC 2024 06 05 02 47 10.000000 2   7.343905865376E-12  4.025332497881E-11
AR GRAC 2024 06 05 02 47 20.000000 2   7.151935293992E-12  4.097790856639E-11
AR GRAC 2024 06 05 02 47 30.000000 2   6.671141503795E-12  5.611250006310E-11
AR GRAC 2024 06 05 02 47 40.000000 2   6.689778939140E-12  3.523709102282E-11
AR GRAC 2024 06 05 02 47 50.000000 2   5.608194464379E-12  2.224167551523E-11
AR GRAC 2024 06 05 02 48  0.000000 2   7.835841350778E-12  6.132625657296E-11
AR GRAC 2024 06 05 02 48 10.000000 2   8.474184028107E-12  4.373083839493E-11
AR GRAC 2024 06 05 02 48 20.000000 2   1.091149913479E-11  4.420542404349E-11
AR GRAC 2024 06 05 02 48 30.000000 2   5.085755167694E-12  4.699000563657E-11
AR GRAC 2024 06 05 02 48 40.000000 2   7.942218063772E-12  3.865458300667E-11
AR GRAC 2024 06 05 02 48 50.000000 2   8.696577312450E-12  4.664916022912E-11
AR GRAC 2024 06 05 02 49  0.000000 2   6.569323644096E-12  3.632373915541E-11
AR GRAC 2024 06 05 02 49 10.000000 2   6.114458332013E-12  3.847831428483E-11
AR GRAC 2024 06 05 02 49 20.000000 2   8.004806886786E-12  4.389289279261E-11
AR GRAC 2024 06 05 02 49 30.000000 2   3.856488479254E-12  3.681746921225E-11
AR GRAC 2024 06 05 02 49 40.000000 2   5.173581615198E-12  5.048203521874E-11
AR GRAC 2024 06 05 02 49 50.000000 2   7.489471716415E-12  2.371660853817E-11
AR GRAC 2024 06 05 02 50  0.000000 2   5.587615873465E-12  6.938118135569E-11
AR GRAC 2024 06 05 02 50 10.000000 2   2.461761046749E-12  3.407574222791E-11
AR GRAC 2024 06 05 02 50 20.000000 2   8.371671411656E-12  4.277031159794E-11
AR GRAC 2024 06 05 02 50 30.000000 2   3.769728019326E-12  2.737487493631E-11
AR GRAC 2024 06 05 02 50 40.000000 2   4.780113804781E-12  5.043944081851E-11
AR GRAC 2024 06 05 02 50 50.000000 2   5.098238237827E-12  3.774400583745E-11
AR GRAC 2024 06 05 02 51  0.000000 2   8.208207551152E-12  3.592856914758E-11
AR GRAC 2024 06 05 02 51 10.000000 2   2.256125191183E-12  4.625312632900E-11
AR GRAC 2024 06 05 02 51 20.000000 2   4.009601678456E-12  4.404768216837E-11
AR GRAC 2024 06 05 02 51 30.000000 2   3.097868099197E-12  3.152224314906E-11
AR GRAC 2024 06 05 02 51 40.000000 2   4.606489668879E-12  3.248680491286E-11
AR GRAC 2024 06 05 02 51 50.000000 2   5.339768991558E-12  3.324135758320E-11
AR GRAC 2024 06 05 02 52  0.000000 2   2.302461389950E-12  4.530591179996E-11
AR GRAC 2024 06 05 02 52 10.000000 2   1.505636327420E-12  2.074046490108E-11
AR GRAC 2024 06 05 02 52 20.000000 2   4.484137887395E-12  5.431500735287E-11
AR GRAC 2024 06 05 02 52 30.000000 2   2.469569253954E-12  3.358956862654E-11
AR GRAC 2024 06 05 02 52 40.000000 2   3.310821235225E-12  4.002411249648E-11
AR GRAC 2024 06 05 02 52 50.000000 2   5.589925657773E-12  3.822866329051E-11
AR GRAC 2024 06 05 02 53  0.000000 2   3.094870063350E-12  3.493320216430E-11
AR GRAC 2024 06 05 02 53 10.000000 2   4.771807948778E-12  3.743775428555E-11
AR GRAC 2024 06 05 02 53 20.000000 2   2.386979719785E-12  3.580229168687E-11
AR GRAC 2024 06 05 02 53 30.000000 2   2.361603534257E-12  2.524683587191E-11
AR GRAC 2024 06 05 02 53 40.000000 2   2.203537916370E-12  3.693137809457E-11
AR GRAC 2024 06 05 02 53 50.000000 2   1.928315363289E-12  3.527591413421E-11
AR GRAC 2024 06 05 02 54  0.000000 2   1.589217798158E-12  4.339045442392E-11
AR GRAC 2024 06 05 02 54 10.000000 2   3.896877178583E-12  3.679499760434E-11
AR GRAC 2024 06 05 02 54 20.000000 2  -6.934851456107E-13  2.376953148198E-11
AR GRAC 2024 06 05 02 54 30.000000 2   1.911703651283E-12  3.631406633731E-11
AR GRAC 2024 06 05 02 54 40.000000 2   1.642997153259E-12  2.313860041070E-11
AR GRAC 2024 06 05 02 54 50.000000 2  -2.542066600622E-12  3.163313014309E-11
AR GRAC 2024 06 05 02 55  0.000000 2   2.232438626321E-12  3.489766808862E-11
AR GRAC 2024 06 05 02 55 10.000000 2   1.031074206050E-12  1.620219236553E-11
AR GRAC 2024 06 05 02 55 20.000000 2  -6.765957152183E-13  3.927672076465E-11
AR GRAC 2024 06 05 02 55 30.000000 2   4.821669864589E-13  2.214124890376E-11
AR GRAC 2024 06 05 02 55 40.000000 2  -3.800869124646E-13  3.526577294077E-11
AR GRAC 2024 06 05 02 55 50.000000 2   3.676817964676E-13  2.086029265991E-11
AR GRAC 2024 06 05 02 56  0.000000 2   3.451033133307E-13  3.258482025870E-11
AR GRAC 2024 06 05 02 56 10.000000 2  -1.537886896823E-12  2.645934166212E-11
AR GRAC 2024 06 05 02 56 20.000000 2   4.276800810200E-13  3.483386148972E-11
AR GRAC 2024 06 05 02 56 30.000000 2  -5.451822803967E-13  1.402838609166E-11
AR GRAC 2024 06 05 02 56 40.000000 2   5.371094194406E-13  3.164290010571E-11
AR GRAC 2024 06 05 02 56 50.000000 2  -8.363929666043E-13  1.772741502204E-11
AR GRAC 2024 06 05 02 57  0.000000 2  -1.511325136219E-12  4.073193518583E-11
AR GRAC 2024 06 05 02 57 10.000000 2  -7.128395638524E-13  1.176644545686E-11
AR GRAC 2024 06 05 02 57 20.000000 2  -6.791302329529E-12  2.129096204895E-11
AR GRAC 2024 06 05 02 57 30.000000 2  -2.136732414268E-12  3.208547663669E-11
AR GRAC 2024 06 05 02 57 40.000000 2  -9.615714257824E-13  3.207998450216E-11
AR GRAC 2024 06 05 02 57 50.000000 2  -3.094582316093E-12  2.748448864331E-11
AR GRAC 2024 06 05 02 58  0.000000 2  -3.872815262929E-12  2.733899565066E-11
AR GRAC 2024 06 05 02 58 10.000000 2  -2.431241622955E-12  2.251350841864E-11
AR GRAC 2024 06 05 02 58 20.000000 2  -4.016924813610E-12  2.556801298459E-11
AR GRAC 2024 06 05 02 58 30.000000 2  -4.979300825825E-12  6.382515176095E-12
AR GRAC 2024 06 05 02 58 40.000000 2  -4.154039959237E-12  2.333702155133E-11
AR GRAC 2024 06 05 02 58 50.000000 2  -5.533612630615E-12  2.274152220705E-11
AR GRAC 2024 06 05 02 59  0.000000 2  -4.890876766084E-12  1.635602243921E-11
AR GRAC 2024 06 05 02 59 10.000000 2  -4.763045860501E-12  2.673052230950E-11
AR GRAC 2024 06 05 02 59 20.000000 2  -6.218688758386E-12  1.495501812665E-11
AR GRAC 2024 06 05 02 59 30.000000 2  -6.449975536310E-12  1.666951125745E-11
AR GRAC 2024 06 05 02 59 40.000000 2  -4.048325910611E-12  2.606401032501E-11
AR GRAC 2024 06 05 02 59 50.000000 2  -5.523497891707E-12  1.161850129994E-11
AR GRAC 2024 06 05 03 00  0.000000 2  -4.681903302550E-12  2.072299450095E-11
AR GRAC 2024 06 05 03 00 10.000000 2  -8.151068361939E-12  1.621748568770E-11
AR GRAC 2024 06 05 03 00 20.000000 2  -8.743046217563E-12  9.421977087420E-12
AR GRAC 2024 06 05 03 00 30.000000 2  -6.628151586613E-12  1.736646416950E-11
AR GRAC 2024 06 05 03 00 40.000000 2  -6.301333586867E-12  2.889095213066E-11
AR GRAC 2024 06 05 03 00 50.000000 2  -7.053692699377E-12  2.044543527535E-11
AR GRAC 2024 06 05 03 01  0.000000 2  -9.488998996277E-12  1.079992172082E-11
AR GRAC 2024 06 05 03 01 10.000000 2  -9.823363476824E-12  2.029440678009E-11
AR GRAC 2024 06 05 03 01 20.000000 2  -4.561845692863E-12  1.300888650274E-11
AR GRAC 2024 06 05 03 01 30.000000 2  -1.004056213172E-11  1.031337081708E-11
AR GRAC 2024 06 05 03 01 40.000000 2  -5.964865754104E-12  3.492785227710E-11
AR GRAC 2024 06 05 03 01 50.000000 2  -9.572858131190E-12  4.402326593544E-12
AR GRAC 2024 06 05 03 02  0.000000 2  -1.096175754334E-11  1.763680521072E-11
AR GRAC 2024 06 05 03 02 10.000000 2  -1.075524478505E-11  1.356127970337E-11
AR GRAC 2024 06 05 03 02 20.000000 2  -1.338989162603E-11  5.025753684745E-12
AR GRAC 2024 06 05 03 02 30.000000 2  -8.274557254662E-12  1.273022659509E-11
AR GRAC 2024 06 05 03 02 40.000000 2  -8.306520402068E-12  2.045470043344E-11
AR GRAC 2024 06 05 03 02 50.000000 2  -9.089146969787E-12 -1.074082836561E-11
AR GRAC 2024 06 05 03 03  0.000000 2  -1.004367942981E-11  1.942364324936E-11
AR GRAC 2024 06 05 03 03 10.000000 2  -1.447404609362E-11  2.638108481667E-12
AR GRAC 2024 06 05 03 03 20.000000 2  -1.186523709146E-11  2.001257666528E-11
AR GRAC 2024 06 05 03 03 30.000000 2  -1.285977314219E-11  3.567038374744E-12
AR GRAC 2024 06 05 03 03 40.000000 2  -1.116584776029E-11 -9.784932196097E-13
AR GRAC 2024 06 05 03 03 50.000000 2  -1.263381239902E-11  2.337596956281E-11
AR GRAC 2024 06 05 03 04  0.000000 2  -1.372295072716E-11  1.760428716864E-12
AR GRAC 2024 06 05 03 04 10.000000 2  -1.207409693060E-11  2.123489231676E-11
AR GRAC 2024 06 05 03 04 20.000000 2  -1.491515591590E-11 -1.201065202155E-11
AR GRAC 2024 06 05 03 04 30.000000 2  -1.049677792603E-11  9.473808890159E-12
AR GRAC 2024 06 05 03 04 40.000000 2  -1.241554515446E-11  2.798261188736E-12
AR GRAC 2024 06 05 03 04 50.000000 2  -1.327541635648E-11  1.382719351344E-12
AR GRAC 2024 06 05 03 05  0.000000 2  -1.452251600226E-11  1.866717024013E-11
AR GRAC 2024 06 05 03 05 10.000000 2  -1.284625184006E-11  7.121626205420E-12
AR GRAC 2024 06 05 03 05 20.000000 2  -1.413539858081E-11 -9.373922645051E-12
AR GRAC 2024 06 05 03 05 30.000000 2  -1.342612739735E-11  6.650527351049E-12
AR GRAC 2024 06 05 03 05 40.000000 2  -1.670575483503E-11 -4.365022666236E-12
AR GRAC 2024 06 05 03 05 50.000000 2  -1.241916465500E-11 -1.210577861913E-12
AR GRAC 2024 06 05 03 06  0.000000 2  -1.687181470922E-11  9.743868906176E-12
AR GRAC 2024 06 05 03 06 10.000000 2  -1.485412834401E-11 -1.181683548755E-12
AR GRAC 2024 06 05 03 06 20.000000 2  -1.461030602057E-11 -6.272421818054E-13
AR GRAC 2024 06 05 03 06 30.000000 2  -1.693445383921E-11 -2.372800523773E-12
AR GRAC 2024 06 05 03 06 40.000000 2  -1.553307829583E-11  5.281641443644E-12
AR GRAC 2024 06 05 03 06 50.000000 2  -1.533329019310E-11  5.036081794640E-12
AR GRAC 2024 06 05 03 07  0.000000 2  -1.590937451224E-11  7.540522026228E-12
AR GRAC 2024 06 05 03 07 10.000000 2  -1.329788276022E-11 -2.435040667367E-12
AR GRAC 2024 06 05 03 07 20.000000 2  -1.606556901401E-11 -2.880605042693E-12
AR GRAC 2024 06 05 03 07 30.000000 2  -1.564986508440E-11 -1.776171007148E-12
AR GRAC 2024 06 05 03 07 40.000000 2  -1.459059956188E-11 -2.801737140901E-12
AR GRAC 2024 06 05 03 07 50.000000 2  -1.638534100068E-11 -9.177306484198E-12
AR GRAC 2024 06 05 03 08  0.000000 2  -1.493925122498E-11  8.967124785764E-12
AR GRAC 2024 06 05 03 08 10.000000 2  -1.571748807494E-11 -8.028445963593E-12
AR GRAC 2024 06 05 03 08 20.000000 2  -1.519959852425E-11 -4.534017258861E-12
AR GRAC 2024 06 05 03 08 30.000000 2  -1.618565004247E-11 -2.609588760361E-12
AR GRAC 2024 06 05 03 08 40.000000 2  -9.962199468139E-12  3.364836404299E-12
AR GRAC 2024 06 05 03 08 50.000000 2  -1.558376691579E-11 -3.207379836983E-13
AR GRAC 2024 06 05 03 09  0.000000 2  -1.414991734894E-11 -1.029631675059E-11
AR GRAC 2024 06 05 03 09 10.000000 2  -1.346167535082E-11 -8.111894836405E-12
AR GRAC 2024 06 05 03 09 20.000000 2  -1.625129718297E-11 -1.396747387888E-11
AR GRAC 2024 06 05 03 09 30.000000 2  -1.579917793815E-11 -5.273053695076E-12
AR GRAC 2024 06 05 03 09 40.000000 2  -1.422652187028E-11 -1.588636015272E-12
AR GRAC 2024 06 05 03 09 50.000000 2  -1.281998032038E-11 -4.014220813392E-12
AR GRAC 2024 06 05 03 10  0.000000 2  -1.913108213514E-11 -1.587980268114E-11
AR GRAC 2024 06 05 03 10 10.000000 2  -1.584532678678E-11 -1.601538866802E-11
AR GRAC 2024 06 05 03 10 20.000000 2  -2.034936802398E-11 -7.430975973444E-12
AR GRAC 2024 06 05 03 10 30.000000 2  -1.566003576814E-11 -3.926565669832E-12
AR GRAC 2024 06 05 03 10 40.000000 2  -2.022845779770E-11 -6.242152628122E-12
AR GRAC 2024 06 05 03 10 50.000000 2  -2.161252080080E-11 -2.535774541734E-11
AR GRAC 2024 06 05 03 11  0.000000 2  -2.087445494237E-11  2.356663909159E-12
AR GRAC 2024 06 05 03 11 10.000000 2  -2.061536184816E-11 -7.338930678447E-12
AR GRAC 2024 06 05 03 11 20.000000 2  -2.150162513315E-11 -8.664523959423E-12
AR GRAC 2024 06 05 03 11 30.000000 2  -1.927336415464E-11 -2.595012052464E-11
AR GRAC 2024 06 05 03 11 40.000000 2  -2.154902298268E-11 -2.123571977986E-11
AR GRAC 2024 06 05 03 11 50.000000 2  -2.112683639144E-11 -1.166131687741E-11
AR GRAC 2024 06 05 03 12  0.000000 2  -2.103203028403E-11 -8.216917597725E-12
AR GRAC 2024 06 05 03 12 10.000000 2  -2.121062700478E-11 -1.202251753013E-11
AR GRAC 2024 06 05 03 12 20.000000 2  -2.128591920780E-11 -1.602812153834E-11
AR GRAC 2024 06 05 03 12 30.000000 2  -2.006830465695E-11 -1.640372386535E-11
AR GRAC 2024 06 05 03 12 40.000000 2  -1.835091974212E-11 -2.229330435533E-12
AR GRAC 2024 06 05 03 12 50.000000 2  -2.603288071223E-11 -1.204493449425E-11
AR GRAC 2024 06 05 03 13  0.000000 2  -2.064785668832E-11 -1.506054482514E-11
AR GRAC 2024 06 05 03 13 10.000000 2  -2.247848955583E-11 -1.131615200850E-11
AR GRAC 2024 06 05 03 13 20.000000 2  -2.129417649155E-11 -1.675176143634E-11
AR GRAC 2024 06 05 03 13 30.000000 2  -2.111608457533E-11 -1.260737347852E-11
AR GRAC 2024 06 05 03 13 40.000000 2  -2.107720074862E-11 -1.732298679502E-11
AR GRAC 2024 06 05 03 13 50.000000 2  -2.181106163734E-11 -1.769860126510E-11
AR GRAC 2024 06 05 03 14  0.000000 2  -2.299567307407E-11 -2.492421546929E-11
AR GRAC 2024 06 05 03 14 10.000000 2  -2.217592429132E-11 -7.599832221872E-12
AR GRAC 2024 06 05 03 14 20.000000 2  -2.367842900919E-11 -6.925448495926E-12
AR GRAC 2024 06 05 03 14 30.000000 2  -2.091661913117E-11 -2.582106924109E-11
AR GRAC 2024 06 05 03 14 40.000000 2  -2.107421355479E-11 -9.986688559449E-12
AR GRAC 2024 06 05 03 14 50.000000 2  -1.869289618928E-11 -2.281231106793E-11
AR GRAC 2024 06 05 03 15  0.000000 2  -2.454521308426E-11 -2.261793356773E-11
AR GRAC 2024 06 05 03 15 10.000000 2  -2.295216794401E-11 -2.286355826886E-11
AR GRAC 2024 06 05 03 15 20.000000 2  -2.143906753516E-11 -2.216918315590E-11
AR GRAC 2024 06 05 03 15 30.000000 2  -2.214508264264E-11 -2.686481072323E-11
AR GRAC 2024 06 05 03 15 40.000000 2  -2.714020848338E-11 -1.524043911905E-11
AR GRAC 2024 06 05 03 15 50.000000 2  -2.352737796252E-11 -1.698606706679E-11
AR GRAC 2024 06 05 03 16  0.000000 2  -2.120898769109E-11 -2.642169816269E-11
AR GRAC 2024 06 05 03 16 10.000000 2  -1.735056542884E-11 -1.051733006241E-11
AR GRAC 2024 06 05 03 16 20.000000 2  -2.475070322305E-11 -2.323296416362E-11
AR GRAC 2024 06 05 03 16 30.000000 2  -2.239784226143E-11 -1.343859919178E-11
AR GRAC 2024 06 05 03 16 40.000000 2  -2.671078115635E-11 -3.171423540449E-11
AR GRAC 2024 06 05 03 16 50.000000 2  -2.252045598616E-11 -2.056987045973E-11
AR GRAC 2024 06 05 03 17  0.000000 2  -2.263414629333E-11 -1.082550802473E-11
AR GRAC 2024 06 05 03 17 10.000000 2  -2.008462840486E-11 -3.089114727906E-11
AR GRAC 2024 06 05 03 17 20.000000 2  -2.283042505047E-11 -1.209678884839E-11
AR GRAC 2024 06 05 03 17 30.000000 2  -2.328366319193E-11 -2.883243296892E-11
AR GRAC 2024 06 05 03 17 40.000000 2  -2.387951295035E-11 -1.826807628780E-11
AR GRAC 2024 06 05 03 17 50.000000 2  -2.399545839804E-11 -2.504371883483E-11
AR GRAC 2024 06 05 03 18  0.000000 2  -2.201696810977E-11 -2.062936627079E-11
AR GRAC 2024 06 05 03 18 10.000000 2  -2.327353761100E-11 -2.093501413891E-11
AR GRAC 2024 06 05 03 18 20.000000 2  -1.964801238374E-11 -3.674066259562E-11
AR GRAC 2024 06 05 03 18 30.000000 2  -2.423793284134E-11 -1.661631075789E-11
AR GRAC 2024 06 05 03 18 40.000000 2  -2.394827218477E-11  4.008038258924E-12
AR GRAC 2024 06 05 03 18 50.000000 2  -2.379252350693E-11 -4.262761324481E-11
AR GRAC 2024 06 05 03 19  0.000000 2  -2.078576026576E-11 -2.670326980370E-11
AR GRAC 2024 06 05 03 19 10.000000 2  -2.533659046455E-11 -2.065892422409E-11
AR GRAC 2024 06 05 03 19 20.000000 2  -1.917197997581E-11 -1.281458099356E-11
AR GRAC 2024 06 05 03 19 30.000000 2  -2.194598669458E-11 -2.697023680776E-11
AR GRAC 2024 06 05 03 19 40.000000 2  -2.263188421392E-11 -3.170589485402E-11
AR GRAC 2024 06 05 03 19 50.000000 2  -2.350583963584E-11 -3.450155786067E-11
AR GRAC 2024 06 05 03 20  0.000000 2  -2.362919582222E-11 -1.895721947476E-11
AR GRAC 2024 06 05 03 20 10.000000 2  -2.433216649000E-11 -2.124287898364E-11
AR GRAC 2024 06 05 03 20 20.000000 2  -2.085908702709E-11 -1.354854336361E-11
AR GRAC 2024 06 05 03 20 30.000000 2  -2.369054778739E-11 -2.237421185824E-11
AR GRAC 2024 06 05 03 20 40.000000 2  -2.517084110587E-11 -2.642987564916E-11
AR GRAC 2024 06 05 03 20 50.000000 2  -2.113977048968E-11 -2.913554467132E-11
AR GRAC 2024 06 05 03 21  0.000000 2  -2.130358736641E-11 -2.001121317263E-11
AR GRAC 2024 06 05 03 21 10.000000 2  -1.994037747421E-11 -2.374688293227E-11
AR GRAC 2024 06 05 03 21 20.000000 2  -2.457236497611E-11 -2.248255574766E-11
AR GRAC 2024 06 05 03 21 30.000000 2  -2.288006763218E-11 -3.435822806819E-11
AR GRAC 2024 06 05 03 21 40.000000 2  -2.066912266341E-11 -2.843390280172E-11
AR GRAC 2024 06 05 03 21 50.000000 2  -1.809639070538E-11 -1.407957778143E-11
AR GRAC 2024 06 05 03 22  0.000000 2  -2.390320233414E-11 -2.475525513745E-11
AR GRAC 2024 06 05 03 22 10.000000 2  -2.137624625920E-11 -2.571093338233E-11
AR GRAC 2024 06 05 03 22 20.000000 2  -1.939263853667E-11 -2.043661247175E-11
AR GRAC 2024 06 05 03 22 30.000000 2  -2.523956911527E-11 -2.227229338458E-11
AR GRAC 2024 06 05 03 22 40.000000 2  -2.075963879966E-11 -3.285797328667E-11
AR GRAC 2024 06 05 03 22 50.000000 2  -2.589598847857E-11 -1.960365897391E-11
AR GRAC 2024 06 05 03 23  0.000000 2  -1.898754417584E-11 -2.472934183817E-11
AR GRAC 2024 06 05 03 23 10.000000 2  -2.082839803408E-11 -3.388503019841E-11
AR GRAC 2024 06 05 03 23 20.000000 2  -2.104720564500E-11 -1.263071591762E-11
AR GRAC 2024 06 05 03 23 30.000000 2  -1.799734840324E-11 -2.007640234614E-11
AR GRAC 2024 06 05 03 23 40.000000 2  -2.092734839587E-11 -2.347209406006E-11
AR GRAC 2024 06 05 03 23 50.000000 2  -1.836958189727E-11 -3.243778162743E-11
AR GRAC 2024 06 05 03 24  0.000000 2  -2.220833239530E-11  1.506524722680E-12
AR GRAC 2024 06 05 03 24 10.000000 2  -2.009793373392E-11 -2.417916908359E-11
AR GRAC 2024 06 05 03 24 20.000000 2  -1.783226691310E-11 -2.685486555354E-11
AR GRAC 2024 06 05 03 24 30.000000 2  -2.067111933013E-11 -1.251056116341E-11
AR GRAC 2024 06 05 03 24 40.000000 2  -2.051369490941E-11 -3.299625503383E-11
AR GRAC 2024 06 05 03 24 50.000000 2  -2.091369959156E-11 -1.634195730127E-11
AR GRAC 2024 06 05 03 25  0.000000 2  -2.204694933561E-11 -2.763765605263E-11
AR GRAC 2024 06 05 03 25 10.000000 2  -1.987014199012E-11 -1.623355096181E-12
AR GRAC 2024 06 05 03 25 20.000000 2  -2.167924520458E-11 -2.252906021460E-11
AR GRAC 2024 06 05 03 25 30.000000 2  -1.621922388062E-11 -2.596476332550E-11
AR GRAC 2024 06 05 03 25 40.000000 2  -2.043098155935E-11 -2.677046778699E-11
AR GRAC 2024 06 05 03 25 50.000000 2  -1.694649802431E-11 -2.055617308316E-11
AR GRAC 2024 06 05 03 26  0.000000 2  -1.903388904823E-11 -1.466188281896E-11
AR GRAC 2024 06 05 03 26 10.000000 2  -2.189153892884E-11 -2.776759377987E-11
AR GRAC 2024 06 05 03 26 20.000000 2  -1.755782325086E-11  3.206699879590E-12
AR GRAC 2024 06 05 03 26 30.000000 2  -1.840840847811E-11 -3.611901402967E-11
AR GRAC 2024 06 05 03 26 40.000000 2  -1.594974152752E-11 -1.140472438710E-11
AR GRAC 2024 06 05 03 26 50.000000 2  -1.950362440994E-11 -2.136043945888E-11
AR GRAC 2024 06 05 03 27  0.000000 2  -1.900649429509E-11 -8.296153694576E-12
AR GRAC 2024 06 05 03 27 10.000000 2  -1.796397405829E-11 -2.452187064517E-11
AR GRAC 2024 06 05 03 27 20.000000 2  -1.733479505772E-11 -2.075759009124E-11
AR GRAC 2024 06 05 03 27 30.000000 2  -1.854365272447E-11 -1.525330729779E-11
AR GRAC 2024 06 05 03 27 40.000000 2  -1.715761213661E-11 -2.379029048413E-12
AR GRAC 2024 06 05 03 27 50.000000 2  -1.554121588365E-11 -3.531475112339E-11
AR GRAC 2024 06 05 03 28  0.000000 2  -1.625961344731E-11 -1.630047312406E-11
AR GRAC 2024 06 05 03 28 10.000000 2  -1.615597239324E-11  1.067380298730E-11
AR GRAC 2024 06 05 03 28 20.000000 2  -1.822367083626E-11 -3.973192261308E-11
AR GRAC 2024 06 05 03 28 30.000000 2  -1.747835730315E-11 -1.772765094443E-11
AR GRAC 2024 06 05 03 28 40.000000 2  -1.695707810279E-11 -9.603377988665E-12
AR GRAC 2024 06 05 03 28 50.000000 2  -1.678279910877E-11 -1.441910653377E-11
AR GRAC 2024 06 05 03 29  0.000000 2  -1.702113623658E-11 -1.430483769632E-11
AR GRAC 2024 06 05 03 29 10.000000 2  -1.595708981617E-11 -8.470569731744E-12
AR GRAC 2024 06 05 03 29 20.000000 2  -1.496262488909E-11 -2.404630140840E-11
AR GRAC 2024 06 05 03 29 30.000000 2  -1.468514893022E-11 -1.826203598065E-11
AR GRAC 2024 06 05 03 29 40.000000 2  -1.505193539253E-11 -1.181777332243E-11
AR GRAC 2024 06 05 03 29 50.000000 2  -1.426461032628E-11 -1.490351071720E-11
AR GRAC 2024 06 05 03 30  0.000000 2  -1.403003668105E-11 -2.764924747489E-11
AR GRAC 2024 06 05 03 30 10.000000 2  -1.473116940931E-11 -1.235498942737E-11
AR GRAC 2024 06 05 03 30 20.000000 2  -1.428821123917E-11 -2.952072961082E-11
AR GRAC 2024 06 05 03 30 30.000000 2  -1.435879627004E-11 -2.400647215739E-11
AR GRAC 2024 06 05 03 30 40.000000 2  -1.356060836538E-11 -1.396221419731E-11
AR GRAC 2024 06 05 03 30 50.000000 2  -1.309702173102E-11 -1.871795947406E-11
AR GRAC 2024 06 05 03 31  0.000000 2  -1.565343514531E-11 -1.884370437466E-11
AR GRAC 2024 06 05 03 31 10.000000 2  -1.000303225668E-11 -8.029453837932E-12
AR GRAC 2024 06 05 03 31 20.000000 2  -1.183316986064E-11 -2.218520159247E-11
AR GRAC 2024 06 05 03 31 30.000000 2  -1.296830611647E-11 -3.280951248533E-12
AR GRAC 2024 06 05 03 31 40.000000 2  -1.419814960046E-11 -2.269670215660E-11
AR GRAC 2024 06 05 03 31 50.000000 2  -1.167753740927E-11 -1.252245269284E-11
AR GRAC 2024 06 05 03 32  0.000000 2  -1.139620862955E-11 -6.228206318737E-12
AR GRAC 2024 06 05 03 32 10.000000 2  -1.245825578117E-11 -2.863964490910E-12
AR GRAC 2024 06 05 03 32 20.000000 2  -1.208254503393E-11 -9.959719680930E-12
AR GRAC 2024 06 05 03 32 30.000000 2  -8.847199882422E-12 -1.291547771509E-11
AR GRAC 2024 06 05 03 32 40.000000 2  -1.227270281928E-11 -4.491238110582E-12
AR GRAC 2024 06 05 03 32 50.000000 2  -9.412162889355E-12 -9.386997255889E-12
AR GRAC 2024 06 05 03 33  0.000000 2  -1.311639859225E-11 -2.506275742498E-11
AR GRAC 2024 06 05 03 33 10.000000 2  -8.465859090145E-12 -1.726851994732E-11
AR GRAC 2024 06 05 03 33 20.000000 2  -1.334055262092E-11 -7.654283457059E-12
AR GRAC 2024 06 05 03 33 30.000000 2  -5.520587025715E-12 -4.580049881020E-12
AR GRAC 2024 06 05 03 33 40.000000 2  -6.574895575900E-12 -5.725816088625E-12
AR GRAC 2024 06 05 03 33 50.000000 2  -7.721834456575E-12 -8.771585020828E-12
AR GRAC 2024 06 05 03 34  0.000000 2  -6.886100197001E-12 -7.027353959160E-12
AR GRAC 2024 06 05 03 34 10.000000 2  -1.083141562552E-11 -2.701312264153E-11
AR GRAC 2024 06 05 03 34 20.000000 2  -5.599206428369E-12  1.021104641813E-12
AR GRAC 2024 06 05 03 34 30.000000 2  -8.445038071625E-12 -6.234667296323E-12
AR GRAC 2024 06 05 03 34 40.000000 2  -9.425485565651E-12 -7.860442331753E-12
AR GRAC 2024 06 05 03 34 50.000000 2  -1.002907739495E-11 -1.148621909391E-11
AR GRAC 2024 06 05 03 35  0.000000 2  -7.589003210573E-12  1.468006488939E-12
AR GRAC 2024 06 05 03 35 10.000000 2  -5.187282027530E-12 -7.567771929951E-12
AR GRAC 2024 06 05 03 35 20.000000 2  -8.683584233615E-12  6.646446847752E-12
AR GRAC 2024 06 05 03 35 30.000000 2  -4.873350854806E-12  9.130666708823E-12
AR GRAC 2024 06 05 03 35 40.000000 2  -3.780378787788E-12 -2.037511478981E-11
AR GRAC 2024 06 05 03 35 50.000000 2  -5.702704367755E-12 -2.140899870579E-12
AR GRAC 2024 06 05 03 36  0.000000 2  -7.159613613777E-12 -1.366682483329E-12
AR GRAC 2024 06 05 03 36 10.000000 2  -4.616452185802E-12 -2.602468587853E-12
AR GRAC 2024 06 05 03 36 20.000000 2  -8.355564504181E-12 -1.508256085130E-12
AR GRAC 2024 06 05 03 36 30.000000 2  -7.269098083879E-12  3.225957261738E-12
AR GRAC 2024 06 05 03 36 40.000000 2  -3.500310501517E-12  2.630016517069E-11
AR GRAC 2024 06 05 03 36 50.000000 2  -1.509877834739E-12 -2.171562409059E-11
AR GRAC 2024 06 05 03 37  0.000000 2  -6.637908105123E-12 -8.431414420806E-12
AR GRAC 2024 06 05 03 37 10.000000 2  -3.770699898153E-12  6.182791258136E-12
AR GRAC 2024 06 05 03 37 20.000000 2  -8.856878772057E-12  5.336997337124E-12
AR GRAC 2024 06 05 03 37 30.000000 2  -2.119386209500E-13 -7.358798466417E-12
AR GRAC 2024 06 05 03 37 40.000000 2  -6.670284984078E-12  6.755401359831E-12
AR GRAC 2024 06 05 03 37 50.000000 2  -3.166886024253E-12  3.439604937677E-12
AR GRAC 2024 06 05 03 38  0.000000 2  -6.776230509868E-13  1.231380275524E-11
AR GRAC 2024 06 05 03 38 10.000000 2  -3.193050424760E-12 -3.001997305255E-12
AR GRAC 2024 06 05 03 38 20.000000 2  -5.844420000040E-12  1.012219821850E-11
AR GRAC 2024 06 05 03 38 30.000000 2  -1.263478471153E-12 -1.853604726307E-12
AR GRAC 2024 06 05 03 38 40.000000 2   4.254025246214E-13  1.153059071834E-11
AR GRAC 2024 06 05 03 38 50.000000 2  -7.683343978410E-13  1.073478719110E-11
AR GRAC 2024 06 05 03 39  0.000000 2  -5.259401421320E-12 -1.120102188085E-11
AR GRAC 2024 06 05 03 39 10.000000 2  -2.667290216821E-12 -1.762683228546E-11
AR GRAC 2024 06 05 03 39 20.000000 2   3.460932237955E-14  2.008735885961E-11
AR GRAC 2024 06 05 03 39 30.000000 2  -7.897434334096E-13  7.851548404492E-12
AR GRAC 2024 06 05 03 39 40.000000 2  -1.565069037909E-12  2.925733223400E-12
AR GRAC 2024 06 05 03 39 50.000000 2   2.643388708878E-13  3.239919834155E-12
AR GRAC 2024 06 05 03 40  0.000000 2  -5.254370072719E-13  3.964105519533E-12
AR GRAC 2024 06 05 03 40 10.000000 2  -3.951030908694E-12  1.942828883883E-11
AR GRAC 2024 06 05 03 40 20.000000 2   2.165068038046E-12  6.892471402647E-12
AR GRAC 2024 06 05 03 40 30.000000 2   3.353102951548E-12  1.184665126414E-11
AR GRAC 2024 06 05 03 40 40.000000 2  -6.971098503138E-13 -4.229167363534E-12
AR GRAC 2024 06 05 03 40 50.000000 2   2.738896132462E-12  1.915008516346E-12
AR GRAC 2024 06 05 03 41  0.000000 2   1.587848017133E-12  1.899918417037E-11
AR GRAC 2024 06 05 03 41 10.000000 2  -1.539970624978E-12  1.456336266858E-11
AR GRAC 2024 06 05 03 41 20.000000 2   2.089676088418E-12 -1.142464378309E-12
AR GRAC 2024 06 05 03 41 30.000000 2   3.702196101768E-12  7.991710591904E-12
AR GRAC 2024 06 05 03 41 40.000000 2   2.606972146837E-12  1.865881147506E-12
AR GRAC 2024 06 05 03 41 50.000000 2   4.073738308491E-12  2.105005059150E-11
AR GRAC 2024 06 05 03 42  0.000000 2  -9.531395854870E-13  8.544223488449E-12
AR GRAC 2024 06 05 03 42 10.000000 2   2.060859295716E-12  2.147839371636E-11
AR GRAC 2024 06 05 03 42 20.000000 2   3.899687864295E-12  9.722556960912E-12
AR GRAC 2024 06 05 03 42 30.000000 2   5.309874718737E-13  8.666723588791E-12
AR GRAC 2024 06 05 03 42 40.000000 2   1.608607669810E-12  1.197088608795E-11
AR GRAC 2024 06 05 03 42 50.000000 2   4.113564957414E-12  1.158504889243E-11
AR GRAC 2024 06 05 03 43  0.000000 2   3.893394721205E-12  7.859211545447E-12
AR GRAC 2024 06 05 03 43 10.000000 2   5.135751632995E-12  1.522336944004E-11
AR GRAC 2024 06 05 03 43 20.000000 2   3.700367703224E-12  8.187532249404E-12
AR GRAC 2024 06 05 03 43 30.000000 2   1.414382174748E-12  1.897168533382E-11
AR GRAC 2024 06 05 03 43 40.000000 2   9.369449660568E-13  9.725845129260E-12
AR GRAC 2024 06 05 03 43 50.000000 2   2.633266001084E-12  1.785000272592E-11
AR GRAC 2024 06 05 03 44  0.000000 2   4.528858624925E-12  1.595415119460E-11
AR GRAC 2024 06 05 03 44 10.000000 2   5.291872409025E-12  1.011830896847E-11
AR GRAC 2024 06 05 03 44 20.000000 2   3.936241957381E-12  2.441245469664E-11
AR GRAC 2024 06 05 03 44 30.000000 2   4.353548337804E-12  1.702660581970E-11
AR GRAC 2024 06 05 03 44 40.000000 2   5.211059882215E-12  2.135075970189E-11
AR GRAC 2024 06 05 03 44 50.000000 2   5.545553599662E-12  2.414490482550E-11
AR GRAC 2024 06 05 03 45  0.000000 2   9.263081621191E-12  8.259050561510E-12
AR GRAC 2024 06 05 03 45 10.000000 2   8.357185603269E-12  2.373319422933E-11
AR GRAC 2024 06 05 03 45 20.000000 2   2.727414648296E-12  2.140733944278E-11
AR GRAC 2024 06 05 03 45 30.000000 2   7.323763123734E-12  1.905148087900E-11
AR GRAC 2024 06 05 03 45 40.000000 2   8.309437339593E-12  1.594562329399E-11
AR GRAC 2024 06 05 03 45 50.000000 2   8.741003580670E-12  3.128975897826E-11
AR GRAC 2024 06 05 03 46  0.000000 2   7.221835542776E-12  2.202390179951E-11
AR GRAC 2024 06 05 03 46 10.000000 2   7.729377901611E-12  1.598804075242E-11
AR GRAC 2024 06 05 03 46 20.000000 2   6.661152532339E-12  1.912217779954E-11
AR GRAC 2024 06 05 03 46 30.000000 2   8.348356728138E-12  1.925631182287E-11
AR GRAC 2024 06 05 03 46 40.000000 2   1.134819929000E-11  2.505044262302E-11
AR GRAC 2024 06 05 03 46 50.000000 2   7.273744107028E-12  3.124575251312E-12
AR GRAC 2024 06 05 03 47  0.000000 2   8.588310618229E-12  2.788870349935E-11
AR GRAC 2024 06 05 03 47 10.000000 2   8.566950100708E-12  1.472283753245E-11
AR GRAC 2024 06 05 03 47 20.000000 2   8.265893178261E-12  1.753695973161E-11
AR GRAC 2024 06 05 03 47 30.000000 2   4.560043748852E-12  2.228108843261E-11
AR GRAC 2024 06 05 03 47 40.000000 2   1.339304448594E-11  2.151521495686E-11
AR GRAC 2024 06 05 03 47 50.000000 2   7.224726893129E-12  2.464933986090E-11
AR GRAC 2024 06 05 03 48  0.000000 2   1.112707929268E-11  1.238346664795E-11
AR GRAC 2024 06 05 03 48 10.000000 2   1.131518576752E-11  1.875758923187E-11
AR GRAC 2024 06 05 03 48 20.000000 2   9.944726465927E-12  2.149170251486E-11
AR GRAC 2024 06 05 03 48 30.000000 2   9.283899170265E-12  2.736582314922E-11
AR GRAC 2024 06 05 03 48 40.000000 2   1.202868100264E-11  2.636994615723E-11
AR GRAC 2024 06 05 03 48 50.000000 2   8.134870381482E-12  5.714060734990E-12
AR GRAC 2024 06 05 03 49  0.000000 2   7.323969555828E-12  3.836817322189E-11
AR GRAC 2024 06 05 03 49 10.000000 2   1.240702072330E-11  2.062290442584E-12
AR GRAC 2024 06 05 03 49 20.000000 2   1.029527678387E-11  4.555639893100E-11
AR GRAC 2024 06 05 03 49 30.000000 2   1.202689510482E-11  1.899051228771E-11
AR GRAC 2024 06 05 03 49 40.000000 2   9.663569423835E-12  1.502462390612E-11
AR GRAC 2024 06 05 03 49 50.000000 2   1.004197679871E-11  3.106873439074E-11
