 2.00 C RINEX VERSION / TYPE
 10.00 INTERVAL
 1 AR # / TYPES OF DATA
 END OF HEADER
AR GRAC 2024 06 28 01 50  0.000000 2   2.286211844837E-11  1.896074790231E-11
AR GRAC 2024 06 28 01 50 10.000000 2   1.771373152326E-11  1.286588717508E-11
AR GRAC 2024 06 28 01 50 20.000000 2   1.657031456492E-11  2.817102454089E-11
AR GRAC 2024 06 28 01 50 30.000000 2   1.787540428178E-11  1.207615778209E-11
AR GRAC 2024 06 28 01 50 40.000000 2   2.204060024769E-11  2.908129466406E-11
AR GRAC 2024 06 28 01 50 50.000000 2   1.728736251372E-11  2.858642836334E-11
AR GRAC 2024 06 28 01 51  0.000000 2   2.223682869784E-11  2.991556221493E-12
AR GRAC 2024 06 28 01 51 10.000000 2   1.707857293087E-11  3.249668936722E-11
AR GRAC 2024 06 28 01 51 20.000000 2   1.700427819384E-11  2.090181500103E-11
AR GRAC 2024 06 28 01 51 30.000000 2   1.661144659326E-11  1.610694390364E-11
AR GRAC 2024 06 28 01 51 40.000000 2   1.820463398083E-11  1.512068356808E-12
AR GRAC 2024 06 28 01 51 50.000000 2   1.959903246640E-11  3.041719306984E-11
AR GRAC 2024 06 28 01 52  0.000000 2   1.939200536261E-11  2.562231329883E-11
AR GRAC 2024 06 28 01 52 10.000000 2   1.374236054813E-11  2.032743591507E-11
AR GRAC 2024 06 28 01 52 20.000000 2   1.573008737155E-11  3.593255901158E-11
AR GRAC 2024 06 28 01 52 30.000000 2   1.808521561675E-11  2.937675059808E-12
AR GRAC 2024 06 28 01 52 40.000000 2   1.718297899800E-11  2.284279189413E-11
AR GRAC 2024 06 28 01 52 50.000000 2   1.574725939923E-11  2.324790707164E-11
AR GRAC 2024 06 28 01 53  0.000000 2   1.262984942324E-11  1.185302030138E-11
AR GRAC 2024 06 28 01 53 10.000000 2   1.317005532409E-11  2.865813315822E-11
AR GRAC 2024 06 28 01 53 20.000000 2   1.830655939339E-11  2.963246835408E-12
AR GRAC 2024 06 28 01 53 30.000000 2   1.100320095454E-11  2.796835679719E-11
AR GRAC 2024 06 28 01 53 40.000000 2   1.444147145618E-11  4.873466213917E-12
AR GRAC 2024 06 28 01 53 50.000000 2   1.376043549939E-11  2.697857215406E-11
AR GRAC 2024 06 28 01 54  0.000000 2   1.022007044965E-11  2.068367872810E-11
AR GRAC 2024 06 28 01 54 10.000000 2   1.181454239996E-11  4.288878280301E-11
AR GRAC 2024 06 28 01 54 20.000000 2   1.204783842135E-11  1.709388706972E-11
AR GRAC 2024 06 28 01 54 30.000000 2   1.190275048663E-11  4.998988636234E-12
AR GRAC 2024 06 28 01 54 40.000000 2   1.252620489972E-11  3.560408565195E-11
AR GRAC 2024 06 28 01 54 50.000000 2   8.214132499185E-12  1.280918513619E-11
AR GRAC 2024 06 28 01 55  0.000000 2   9.948837760565E-12  1.811428437803E-11
AR GRAC 2024 06 28 01 55 10.000000 2   1.171224141977E-11  2.619380840702E-12
AR GRAC 2024 06 28 01 55 20.000000 2   7.451137797043E-12  2.762447562366E-11
AR GRAC 2024 06 28 01 55 30.000000 2   1.200880974522E-11  1.972956520380E-11
AR GRAC 2024 06 28 01 55 40.000000 2   9.904384604131E-12  1.873466139168E-11
AR GRAC 2024 06 28 01 55 50.000000 2   1.123788475471E-11 -3.460251399648E-12
AR GRAC 2024 06 28 01 56  0.000000 2   7.367493767840E-12  1.774483858463E-11
AR GRAC 2024 06 28 01 56 10.000000 2   9.660785192656E-12  1.554992593022E-11
AR GRAC 2024 06 28 01 56 20.000000 2   8.469311189863E-12  1.315501266946E-11
AR GRAC 2024 06 28 01 56 30.000000 2   8.501647302817E-12  2.136009598364E-11
AR GRAC 2024 06 28 01 56 40.000000 2   6.668529443921E-12  3.066518219907E-11
AR GRAC 2024 06 28 01 56 50.000000 2   9.722834516668E-12  3.770262747838E-12
AR GRAC 2024 06 28 01 57  0.000000 2   5.806857165253E-12  1.517534188589E-11
AR GRAC 2024 06 28 01 57 10.000000 2   8.958524894132E-12  1.158042238492E-11
AR GRAC 2024 06 28 01 57 20.000000 2   6.261876000363E-12  1.138549931418E-11
AR GRAC 2024 06 28 01 57 30.000000 2   7.639455040787E-12  2.119057707084E-11
AR GRAC 2024 06 28 01 57 40.000000 2   6.601842336695E-12  1.289565156048E-11
AR GRAC 2024 06 28 01 57 50.000000 2   4.966117361088E-12  1.660072253273E-11
AR GRAC 2024 06 28 01 58  0.000000 2   2.463093748059E-12  6.305797030370E-12
AR GRAC 2024 06 28 01 58 10.000000 2   2.842749473320E-12  2.821086766969E-11
AR GRAC 2024 06 28 01 58 20.000000 2   3.711459958811E-12  7.515934055680E-12
AR GRAC 2024 06 28 01 58 30.000000 2   5.740914688079E-12  1.102100615630E-11
AR GRAC 2024 06 28 01 58 40.000000 2   5.599123161643E-12  1.782606874612E-11
AR GRAC 2024 06 28 01 58 50.000000 2   2.699376529594E-12  4.431133845267E-12
AR GRAC 2024 06 28 01 59  0.000000 2   1.122502806851E-12  1.183619868783E-11
AR GRAC 2024 06 28 01 59 10.000000 2   5.646530118475E-12  8.341260841760E-12
AR GRAC 2024 06 28 01 59 20.000000 2   3.927889263844E-12  1.244632088365E-11
AR GRAC 2024 06 28 01 59 30.000000 2  -2.322406589955E-12  2.455138176094E-11
AR GRAC 2024 06 28 01 59 40.000000 2   8.061492445810E-12  9.056437891286E-12
AR GRAC 2024 06 28 01 59 50.000000 2  -5.184751282819E-13  2.261495895065E-12
AR GRAC 2024 06 28 02 00  0.000000 2  -1.398519863284E-12  1.306654957844E-11
AR GRAC 2024 06 28 02 00 10.000000 2   3.183610926966E-12  1.397160338812E-11
AR GRAC 2024 06 28 02 00 20.000000 2  -1.260247982360E-12 -7.723343666000E-12
AR GRAC 2024 06 28 02 00 30.000000 2  -2.521450218485E-14  1.908170496612E-11
AR GRAC 2024 06 28 02 00 40.000000 2   1.046332291643E-12  2.178675816145E-11
AR GRAC 2024 06 28 02 00 50.000000 2  -3.722417068596E-14  1.659180431934E-11
AR GRAC 2024 06 28 02 01  0.000000 2   2.371698974366E-12 -1.803149643487E-12
AR GRAC 2024 06 28 02 01 10.000000 2  -2.277517801089E-12  2.530189599503E-11
AR GRAC 2024 06 28 02 01 20.000000 2  -1.523336469987E-12 -2.993058275183E-12
AR GRAC 2024 06 28 02 01 30.000000 2  -9.558209258798E-13  1.121198186377E-11
AR GRAC 2024 06 28 02 01 40.000000 2  -2.344594353734E-12 -4.182976447858E-12
AR GRAC 2024 06 28 02 01 50.000000 2  -5.320336619180E-12  1.692206270942E-11
AR GRAC 2024 06 28 02 02  0.000000 2  -5.825308117824E-12  1.772710103709E-11
AR GRAC 2024 06 28 02 02 10.000000 2  -5.326109778908E-12  2.273213735304E-11
AR GRAC 2024 06 28 02 02 20.000000 2  -3.470976978059E-12 -5.628277249640E-13
AR GRAC 2024 06 28 02 02 30.000000 2  -3.084099165288E-12  7.642207179581E-12
AR GRAC 2024 06 28 02 02 40.000000 2  -6.948082300479E-12  3.464723993818E-11
AR GRAC 2024 06 28 02 02 50.000000 2  -8.128415475428E-12 -2.747728260200E-12
AR GRAC 2024 06 28 02 03  0.000000 2  -7.768603468850E-12  1.357301098771E-12
AR GRAC 2024 06 28 02 03 10.000000 2  -5.952883585375E-12  7.462328498187E-12
AR GRAC 2024 06 28 02 03 20.000000 2  -3.216381588150E-12  3.867356088150E-12
AR GRAC 2024 06 28 02 03 30.000000 2  -8.721588555527E-12  2.177238250800E-11
AR GRAC 2024 06 28 02 03 40.000000 2  -7.468550951295E-12  1.977740540782E-11
AR GRAC 2024 06 28 02 03 50.000000 2  -7.656202061224E-12 -4.217569436055E-12
AR GRAC 2024 06 28 02 04  0.000000 2  -8.024197625800E-12  7.887448506827E-12
AR GRAC 2024 06 28 02 04 10.000000 2  -1.151870872990E-11  1.749247101335E-11
AR GRAC 2024 06 28 02 04 20.000000 2  -6.460209971137E-12 -1.302510291463E-12
AR GRAC 2024 06 28 02 04 30.000000 2  -8.107788745937E-12  2.040250433877E-11
AR GRAC 2024 06 28 02 04 40.000000 2  -7.493642859013E-12  5.107521176828E-12
AR GRAC 2024 06 28 02 04 50.000000 2  -8.079265555183E-12  4.125351319231E-13
AR GRAC 2024 06 28 02 05  0.000000 2  -1.141512752378E-11  1.541754744705E-11
AR GRAC 2024 06 28 02 05 10.000000 2  -9.651707384706E-12  7.522559831996E-12
AR GRAC 2024 06 28 02 05 20.000000 2  -1.158901620502E-11  5.427569851890E-12
AR GRAC 2024 06 28 02 05 30.000000 2  -1.049023281435E-11  3.932576486676E-12
AR GRAC 2024 06 28 02 05 40.000000 2  -1.043571305759E-11 -3.162414774494E-12
AR GRAC 2024 06 28 02 05 50.000000 2  -1.010691790676E-11 -6.057408914739E-12
AR GRAC 2024 06 28 02 06  0.000000 2  -1.039847114664E-11  2.947594642325E-12
AR GRAC 2024 06 28 02 06 10.000000 2  -6.985466458748E-12  6.525976590718E-13
AR GRAC 2024 06 28 02 06 20.000000 2  -1.225920580328E-11 -2.042402922134E-12
AR GRAC 2024 06 28 02 06 30.000000 2  -9.754358779035E-12  5.162599514552E-12
AR GRAC 2024 06 28 02 06 40.000000 2  -1.144286141536E-11  3.967597951571E-12
AR GRAC 2024 06 28 02 06 50.000000 2  -1.162693032131E-11 -1.092740654907E-11
AR GRAC 2024 06 28 02 07  0.000000 2  -1.083920540129E-11  1.487759221375E-11
AR GRAC 2024 06 28 02 07 10.000000 2  -1.220831161858E-11  4.782584918372E-12
AR GRAC 2024 06 28 02 07 20.000000 2  -7.298809993894E-12  1.487578940237E-12
AR GRAC 2024 06 28 02 07 30.000000 2  -1.251957131715E-11 -1.160743029471E-11
AR GRAC 2024 06 28 02 07 40.000000 2  -1.188233626076E-11  4.897561522998E-12
AR GRAC 2024 06 28 02 07 50.000000 2  -1.127229646430E-11  7.025521115388E-13
AR GRAC 2024 06 28 02 08  0.000000 2  -1.596584670027E-11 -7.892464459758E-12
AR GRAC 2024 06 28 02 08 10.000000 2  -1.068194144249E-11 -2.748747930659E-11
AR GRAC 2024 06 28 02 08 20.000000 2  -1.447631858137E-11  1.301750894578E-11
AR GRAC 2024 06 28 02 08 30.000000 2  -1.580762257203E-11  9.224897321719E-13
AR GRAC 2024 06 28 02 08 40.000000 2  -7.931683088103E-12 -8.472527367187E-12
AR GRAC 2024 06 28 02 08 50.000000 2  -1.677994548865E-11  3.532451674920E-12
AR GRAC 2024 06 28 02 09  0.000000 2  -1.518271272594E-11 -5.625692511661E-13
AR GRAC 2024 06 28 02 09 10.000000 2  -1.220373368332E-11 -6.657592012405E-12
AR GRAC 2024 06 28 02 09 20.000000 2  -1.230936359786E-11  4.473865939172E-13
AR GRAC 2024 06 28 02 09 30.000000 2  -1.364629936829E-11 -1.484764047821E-11
AR GRAC 2024 06 28 02 09 40.000000 2  -1.596524301650E-11  1.135733521118E-11
AR GRAC 2024 06 28 02 09 50.000000 2  -1.398513162915E-11 -1.063769558551E-11
AR GRAC 2024 06 28 02 10  0.000000 2  -1.861290462035E-11 -3.332724287514E-12
AR GRAC 2024 06 28 02 10 10.000000 2  -1.811023032927E-11 -7.127753682418E-12
AR GRAC 2024 06 28 02 10 20.000000 2  -1.537856994527E-11 -7.122788470149E-12
AR GRAC 2024 06 28 02 10 30.000000 2  -1.555968201505E-11 -8.917820475129E-12
AR GRAC 2024 06 28 02 10 40.000000 2  -1.767842469635E-11 -6.912855704533E-12
AR GRAC 2024 06 28 02 10 50.000000 2  -1.663365625793E-11 -1.700789509229E-11
AR GRAC 2024 06 28 02 11  0.000000 2  -1.753036084351E-11 -5.902932222884E-12
AR GRAC 2024 06 28 02 11 10.000000 2  -1.666520914323E-11 -1.959797081563E-11
AR GRAC 2024 06 28 02 11 20.000000 2  -1.840227102645E-11  7.506988086714E-12
AR GRAC 2024 06 28 02 11 30.000000 2  -1.881987794772E-11 -7.588053449470E-12
AR GRAC 2024 06 28 02 11 40.000000 2  -1.834045935956E-11 -1.268309589297E-11
AR GRAC 2024 06 28 02 11 50.000000 2  -1.722382132752E-11 -1.477814225159E-11
AR GRAC 2024 06 28 02 12  0.000000 2  -1.418413823895E-11 -1.917318907807E-11
AR GRAC 2024 06 28 02 12 10.000000 2  -1.876800104217E-11  1.313176477280E-11
AR GRAC 2024 06 28 02 12 20.000000 2  -1.523993604924E-11 -1.963286087522E-12
AR GRAC 2024 06 28 02 12 30.000000 2  -1.885019050574E-11 -1.635833656033E-11
AR GRAC 2024 06 28 02 12 40.000000 2  -1.815616754164E-11 -1.995338616556E-11
AR GRAC 2024 06 28 02 12 50.000000 2  -2.062012886828E-11 -6.848441518742E-12
AR GRAC 2024 06 28 02 13  0.000000 2  -1.967692675464E-11 -6.943497860012E-12
AR GRAC 2024 06 28 02 13 10.000000 2  -2.106543932345E-11  3.861448921033E-12
AR GRAC 2024 06 28 02 13 20.000000 2  -1.599976748312E-11 -1.363360986606E-11
AR GRAC 2024 06 28 02 13 30.000000 2  -1.669842215890E-11 -1.302866755454E-11
AR GRAC 2024 06 28 02 13 40.000000 2  -1.787345098314E-11 -2.352372983905E-11
AR GRAC 2024 06 28 02 13 50.000000 2  -1.646938488364E-11  7.281206887422E-12
AR GRAC 2024 06 28 02 14  0.000000 2  -2.237992430265E-11 -1.011385419858E-11
AR GRAC 2024 06 28 02 14 10.000000 2  -1.789232650928E-11 -1.690892044437E-11
AR GRAC 2024 06 28 02 14 20.000000 2  -1.764846081775E-11 -5.903985633715E-12
AR GRAC 2024 06 28 02 14 30.000000 2  -1.907950880620E-11 -7.499054328897E-12
AR GRAC 2024 06 28 02 14 40.000000 2  -1.536266253099E-11 -1.359412235558E-11
AR GRAC 2024 06 28 02 14 50.000000 2  -2.126945841674E-11 -2.298919214716E-11
AR GRAC 2024 06 28 02 15  0.000000 2  -1.992834369746E-11 -1.408426500427E-11
AR GRAC 2024 06 28 02 15 10.000000 2  -1.910535098182E-11 -9.179338712750E-12
AR GRAC 2024 06 28 02 15 20.000000 2  -2.202078103197E-11 -9.874413786637E-12
AR GRAC 2024 06 28 02 15 30.000000 2  -1.544953054378E-11 -2.296948915792E-11
AR GRAC 2024 06 28 02 15 40.000000 2  -2.512765689966E-11 -4.964566084620E-12
AR GRAC 2024 06 28 02 15 50.000000 2  -1.709195111832E-11  1.224035543063E-11
AR GRAC 2024 06 28 02 16  0.000000 2  -2.204340529555E-11 -3.775472295908E-11
AR GRAC 2024 06 28 02 16 10.000000 2  -2.412223372439E-11 -5.498084626465E-13
AR GRAC 2024 06 28 02 16 20.000000 2  -1.722456378916E-11 -1.944489014249E-11
AR GRAC 2024 06 28 02 16 30.000000 2  -2.031988639850E-11 -1.653997251660E-11
AR GRAC 2024 06 28 02 16 40.000000 2  -2.128373866039E-11 -1.035060600597E-12
AR GRAC 2024 06 28 02 16 50.000000 2  -1.794433698854E-11 -2.373015152435E-11
AR GRAC 2024 06 28 02 17  0.000000 2  -2.579585677009E-11 -7.252352472904E-13
AR GRAC 2024 06 28 02 17 10.000000 2  -1.787113165785E-11 -1.172032609853E-11
AR GRAC 2024 06 28 02 17 20.000000 2  -1.815320636867E-11 -1.091541787512E-11
AR GRAC 2024 06 28 02 17 30.000000 2  -1.828801866888E-11 -2.081051130032E-11
AR GRAC 2024 06 28 02 17 40.000000 2  -1.955808431875E-11 -1.090560714651E-11
AR GRAC 2024 06 28 02 17 50.000000 2  -2.275210575498E-11 -1.490070046517E-11
AR GRAC 2024 06 28 02 18  0.000000 2  -2.124513585888E-11 -3.895797746900E-12
AR GRAC 2024 06 28 02 18 10.000000 2  -1.693697439242E-11 -2.249089456341E-11
AR GRAC 2024 06 28 02 18 20.000000 2  -2.158069035973E-11  3.114001678045E-12
AR GRAC 2024 06 28 02 18 30.000000 2  -1.888240605541E-11 -2.948109464884E-11
AR GRAC 2024 06 28 02 18 40.000000 2  -1.980021181736E-11 -6.076201174154E-12
AR GRAC 2024 06 28 02 18 50.000000 2  -2.192294609737E-11 -1.517130518436E-11
AR GRAC 2024 06 28 02 19  0.000000 2  -1.320477928390E-11 -1.096641267379E-11
AR GRAC 2024 06 28 02 19 10.000000 2  -1.936064329688E-11 -4.461516659587E-12
AR GRAC 2024 06 28 02 19 20.000000 2  -2.385416864037E-11 -4.356626604612E-12
AR GRAC 2024 06 28 02 19 30.000000 2  -1.986043621227E-11 -2.345173708007E-11
AR GRAC 2024 06 28 02 19 40.000000 2  -1.936383171863E-11 -1.854684808511E-11
AR GRAC 2024 06 28 02 19 50.000000 2  -2.016155471740E-11 -3.054195785168E-11
AR GRAC 2024 06 28 02 20  0.000000 2  -2.031021011095E-11 -1.683707513689E-11
AR GRAC 2024 06 28 02 20 10.000000 2  -1.547942850288E-11 -1.532191474390E-12
AR GRAC 2024 06 28 02 20 20.000000 2  -1.854414191649E-11  1.472692519149E-12
AR GRAC 2024 06 28 02 20 30.000000 2  -1.689882088429E-11 -2.482242536517E-11
AR GRAC 2024 06 28 02 20 40.000000 2  -1.825057813210E-11 -2.811754475085E-11
AR GRAC 2024 06 28 02 20 50.000000 2  -1.427371588980E-11 -1.126646044796E-13
AR GRAC 2024 06 28 02 21  0.000000 2  -2.154726570780E-11 -2.380778733879E-11
AR GRAC 2024 06 28 02 21 10.000000 2  -1.893191332869E-11 -1.370291206892E-11
AR GRAC 2024 06 28 02 21 20.000000 2  -1.461906463940E-11 -1.219803771879E-11
AR GRAC 2024 06 28 02 21 30.000000 2  -2.164710424801E-11 -1.859316520192E-11
AR GRAC 2024 06 28 02 21 40.000000 2  -1.610862485069E-11 -1.518829159664E-11
AR GRAC 2024 06 28 02 21 50.000000 2  -2.280869416948E-11 -1.198342466924E-11
AR GRAC 2024 06 28 02 22  0.000000 2  -1.483215286702E-11 -3.987855184961E-11
AR GRAC 2024 06 28 02 22 10.000000 2  -1.440384356927E-11 -4.173685268921E-12
AR GRAC 2024 06 28 02 22 20.000000 2  -1.376653825658E-11 -2.606882071321E-11
AR GRAC 2024 06 28 02 22 30.000000 2  -1.638598284837E-11 -1.316395430162E-11
AR GRAC 2024 06 28 02 22 40.000000 2  -1.933258240994E-11 -1.915909098038E-11
AR GRAC 2024 06 28 02 22 50.000000 2  -1.684409556280E-11 -1.315423030918E-11
AR GRAC 2024 06 28 02 23  0.000000 2  -1.864207052615E-11 -1.494937160174E-11
AR GRAC 2024 06 28 02 23 10.000000 2  -1.632326565582E-11 -2.594451042892E-11
AR GRAC 2024 06 28 02 23 20.000000 2  -1.562323187487E-11 -2.663965402439E-11
AR GRAC 2024 06 28 02 23 30.000000 2  -2.100086250734E-11 -6.534797442753E-12
AR GRAC 2024 06 28 02 23 40.000000 2  -1.237486328687E-11 -1.642994247597E-11
AR GRAC 2024 06 28 02 23 50.000000 2  -1.639283847554E-11 -2.172508700715E-11
AR GRAC 2024 06 28 02 24  0.000000 2  -1.249888560706E-11 -3.632023848343E-11
AR GRAC 2024 06 28 02 24 10.000000 2  -1.543171319895E-11 -1.371538473072E-11
AR GRAC 2024 06 28 02 24 20.000000 2  -1.769306229304E-11 -2.051053771268E-11
AR GRAC 2024 06 28 02 24 30.000000 2  -1.670444338409E-11 -1.310568840951E-11
AR GRAC 2024 06 28 02 24 40.000000 2  -1.549424998026E-11 -2.130084129914E-11
AR GRAC 2024 06 28 02 24 50.000000 2  -1.994572389197E-11 -2.919599631501E-11
AR GRAC 2024 06 28 02 25  0.000000 2  -1.997553164546E-11 -2.369115147116E-11
AR GRAC 2024 06 28 02 25 10.000000 2  -1.038349701360E-11 -1.108631242364E-11
AR GRAC 2024 06 28 02 25 20.000000 2  -1.658285835038E-11 -3.038146817458E-11
AR GRAC 2024 06 28 02 25 30.000000 2  -1.430292082688E-11 -1.457662809901E-11
AR GRAC 2024 06 28 02 25 40.000000 2  -1.368247182221E-11 -1.367179199713E-11
AR GRAC 2024 06 28 02 25 50.000000 2  -1.349492392833E-11 -1.946695929456E-11
AR GRAC 2024 06 28 02 26  0.000000 2  -1.688199580130E-11 -2.666211869340E-11
AR GRAC 2024 06 28 02 26 10.000000 2  -1.426290942991E-11 -9.057287038428E-12
AR GRAC 2024 06 28 02 26 20.000000 2  -1.809962422994E-11 -1.595245636976E-11
AR GRAC 2024 06 28 02 26 30.000000 2  -1.520512361852E-11 -2.264762336002E-11
AR GRAC 2024 06 28 02 26 40.000000 2  -1.344109285678E-11 -1.554279621674E-11
AR GRAC 2024 06 28 02 26 50.000000 2  -1.541075253519E-11 -1.623796409833E-11
AR GRAC 2024 06 28 02 27  0.000000 2  -1.589662255996E-11 -2.163313798931E-11
AR GRAC 2024 06 28 02 27 10.000000 2  -1.237814885313E-11 -1.512831353245E-11
AR GRAC 2024 06 28 02 27 20.000000 2  -1.786682780891E-11 -2.912349528206E-11
AR GRAC 2024 06 28 02 27 30.000000 2  -1.405108755043E-11 -3.481866531208E-11
AR GRAC 2024 06 28 02 27 40.000000 2  -1.674426743092E-11 -1.411384811106E-11
AR GRAC 2024 06 28 02 27 50.000000 2  -1.068712653096E-11 -9.309026639814E-12
AR GRAC 2024 06 28 02 28  0.000000 2  -1.592790309368E-11 -1.210420912806E-11
AR GRAC 2024 06 28 02 28 10.000000 2  -1.166257975610E-11 -1.629939065662E-11
AR GRAC 2024 06 28 02 28 20.000000 2  -1.287049199855E-11 -2.119457734318E-11
AR GRAC 2024 06 28 02 28 30.000000 2  -1.372194979171E-11 -2.128976335503E-11
AR GRAC 2024 06 28 02 28 40.000000 2  -1.175188852481E-11 -2.848495224417E-11
AR GRAC 2024 06 28 02 28 50.000000 2  -1.146851537348E-11 -1.980140010294E-12
AR GRAC 2024 06 28 02 29  0.000000 2  -1.194436390073E-11 -5.075329479604E-12
AR GRAC 2024 06 28 02 29 10.000000 2  -1.461085592791E-11 -2.477051896932E-11
AR GRAC 2024 06 28 02 29 20.000000 2  -8.959895325678E-12 -7.465714678412E-12
AR GRAC 2024 06 28 02 29 30.000000 2  -1.164947305288E-11 -1.686090676800E-11
AR GRAC 2024 06 28 02 29 40.000000 2  -2.345922067715E-12 -3.095610573434E-11
AR GRAC 2024 06 28 02 29 50.000000 2  -1.177494907134E-11 -1.005130353948E-11
AR GRAC 2024 06 28 02 30  0.000000 2  -1.286369882142E-11 -3.074649909673E-11
AR GRAC 2024 06 28 02 30 10.000000 2  -8.493141086252E-12 -1.884170076905E-11
AR GRAC 2024 06 28 02 30 20.000000 2  -7.115587633000E-12 -4.536902104002E-12
AR GRAC 2024 06 28 02 30 30.000000 2  -9.021502295203E-12  8.567895525002E-12
AR GRAC 2024 06 28 02 30 40.000000 2  -1.319203513789E-11 -2.382730991679E-11
AR GRAC 2024 06 28 02 30 50.000000 2  -7.421517393691E-12 -1.562251369935E-11
AR GRAC 2024 06 28 02 31  0.000000 2  -1.050800071956E-11 -2.511772213831E-11
AR GRAC 2024 06 28 02 31 10.000000 2  -7.733532564336E-12 -1.701293099454E-11
AR GRAC 2024 06 28 02 31 20.000000 2  -8.449057425919E-12 -1.590814285857E-11
AR GRAC 2024 06 28 02 31 30.000000 2  -6.125971258042E-12 -2.850335419080E-11
AR GRAC 2024 06 28 02 31 40.000000 2  -9.915945668737E-12 -2.579856640816E-11
AR GRAC 2024 06 28 02 31 50.000000 2  -8.997004530276E-12 -9.793777767941E-12
AR GRAC 2024 06 28 02 32  0.000000 2  -5.524670564777E-12 -7.788995143310E-12
AR GRAC 2024 06 28 02 32 10.000000 2  -1.061189591062E-11 -9.484211159483E-12
AR GRAC 2024 06 28 02 32 20.000000 2  -9.964078173663E-12 -1.797943044446E-11
AR GRAC 2024 06 28 02 32 30.000000 2  -6.485986660948E-12 -1.427465264048E-11
AR GRAC 2024 06 28 02 32 40.000000 2  -4.349183339858E-12 -2.196987036740E-11
AR GRAC 2024 06 28 02 32 50.000000 2  -8.005291741997E-12  3.349059853226E-13
AR GRAC 2024 06 28 02 33  0.000000 2  -3.630580428307E-12 -1.066031898173E-11
AR GRAC 2024 06 28 02 33 10.000000 2  -1.239536685099E-12 -1.235554193679E-11
AR GRAC 2024 06 28 02 33 20.000000 2  -9.056731926915E-12 -2.255077027891E-11
AR GRAC 2024 06 28 02 33 30.000000 2  -7.520289078966E-12 -1.374600086534E-11
AR GRAC 2024 06 28 02 33 40.000000 2  -8.288630198861E-12 -1.334122916308E-11
AR GRAC 2024 06 28 02 33 50.000000 2  -6.617206348841E-12 -1.743645679231E-11
AR GRAC 2024 06 28 02 34  0.000000 2  -2.781697832147E-12 -5.531690557004E-12
AR GRAC 2024 06 28 02 34 10.000000 2  -3.601114198504E-12 -1.392692645236E-11
AR GRAC 2024 06 28 02 34 20.000000 2  -9.229143057427E-13 -2.922160126720E-12
AR GRAC 2024 06 28 02 34 30.000000 2  -7.010726200962E-12 -9.617398023798E-12
AR GRAC 2024 06 28 02 34 40.000000 2  -7.517106728749E-12 -2.241263771796E-11
AR GRAC 2024 06 28 02 34 50.000000 2  -4.790551202255E-12  4.692125594313E-12
AR GRAC 2024 06 28 02 35  0.000000 2  -4.299490451165E-12 -2.340311971993E-11
AR GRAC 2024 06 28 02 35 10.000000 2  -2.160024980061E-12 -1.639835663092E-11
AR GRAC 2024 06 28 02 35 20.000000 2  -3.199970236706E-12 -1.739360391828E-11
AR GRAC 2024 06 28 02 35 30.000000 2  -4.253289994510E-12 -4.188846318420E-12
AR GRAC 2024 06 28 02 35 40.000000 2  -3.443271492584E-12 -1.984097348223E-12
AR GRAC 2024 06 28 02 35 50.000000 2   2.261618843591E-12 -1.337934363993E-11
AR GRAC 2024 06 28 02 36  0.000000 2  -3.303956067069E-12 -8.474591688123E-12
AR GRAC 2024 06 28 02 36 10.000000 2  -5.799253438576E-12 -6.984330106451E-14
AR GRAC 2024 06 28 02 36 20.000000 2  -3.988117561887E-12 -8.665095550808E-12
AR GRAC 2024 06 28 02 36 30.000000 2  -2.431881302237E-12 -1.416034824120E-11
AR GRAC 2024 06 28 02 36 40.000000 2   1.022319381927E-12  9.744395394751E-12
AR GRAC 2024 06 28 02 36 50.000000 2  -4.219779040082E-12 -2.585086311679E-11
AR GRAC 2024 06 28 02 37  0.000000 2  -2.760655473753E-13 -1.394611596345E-11
AR GRAC 2024 06 28 02 37 10.000000 2  -2.508226265574E-12 -1.314137947767E-11
AR GRAC 2024 06 28 02 37 20.000000 2  -2.683740165862E-12 -9.836641050309E-12
AR GRAC 2024 06 28 02 37 30.000000 2   2.840179263650E-13 -1.431901363973E-12
AR GRAC 2024 06 28 02 37 40.000000 2  -2.449794707371E-12  1.472837910660E-12
AR GRAC 2024 06 28 02 37 50.000000 2  -2.253164424785E-13 -1.392242918175E-11
AR GRAC 2024 06 28 02 38  0.000000 2  -2.141520251062E-12 -1.561769810698E-11
AR GRAC 2024 06 28 02 38 10.000000 2   1.569106342525E-14 -2.412963058529E-12
AR GRAC 2024 06 28 02 38 20.000000 2   1.106315993676E-12  5.191766721396E-12
AR GRAC 2024 06 28 02 38 30.000000 2   2.351671158154E-12 -6.603502467062E-12
AR GRAC 2024 06 28 02 38 40.000000 2   4.401814850119E-12  1.110122497400E-11
AR GRAC 2024 06 28 02 38 50.000000 2  -5.706327879836E-13 -3.594048886627E-12
AR GRAC 2024 06 28 02 39  0.000000 2   6.773939590678E-13 -7.689322269189E-12
AR GRAC 2024 06 28 02 39 10.000000 2  -5.468816046718E-13  9.615398754992E-12
AR GRAC 2024 06 28 02 39 20.000000 2   2.718023289078E-12 -1.627987848696E-11
AR GRAC 2024 06 28 02 39 30.000000 2   6.086056571902E-12  8.024842942933E-12
AR GRAC 2024 06 28 02 39 40.000000 2   4.299624892234E-13 -7.970437677918E-12
AR GRAC 2024 06 28 02 39 50.000000 2   4.814579290802E-12  1.373428020618E-11
AR GRAC 2024 06 28 02 40  0.000000 2   1.368543516359E-12 -9.661001165728E-12
AR GRAC 2024 06 28 02 40 10.000000 2   4.490981805189E-12  1.954371213475E-11
AR GRAC 2024 06 28 02 40 20.000000 2   4.131103879118E-12 -1.895157121512E-11
AR GRAC 2024 06 28 02 40 30.000000 2   1.582473952225E-12  1.045313835490E-11
AR GRAC 2024 06 28 02 40 40.000000 2   6.728437251802E-13 -6.542150501887E-12
AR GRAC 2024 06 28 02 40 50.000000 2   5.484292273789E-12  1.646255874677E-11
AR GRAC 2024 06 28 02 41  0.000000 2   1.785494712150E-12  3.767268181437E-12
AR GRAC 2024 06 28 02 41 10.000000 2  -1.327880080199E-12  8.971974205241E-12
AR GRAC 2024 06 28 02 41 20.000000 2   1.379386947546E-12  5.676681347211E-12
AR GRAC 2024 06 28 02 41 30.000000 2   8.296292472454E-12 -6.018612691561E-12
AR GRAC 2024 06 28 02 41 40.000000 2   6.229234142396E-12 -6.213913932018E-12
AR GRAC 2024 06 28 02 41 50.000000 2   1.843307407753E-12  3.590789558056E-12
AR GRAC 2024 06 28 02 42  0.000000 2   2.999988061789E-12  5.195486835891E-12
AR GRAC 2024 06 28 02 42 10.000000 2   3.413348379985E-12  2.300018855927E-11
AR GRAC 2024 06 28 02 42 20.000000 2   1.724055577121E-12  8.804882170588E-12
AR GRAC 2024 06 28 02 42 30.000000 2   6.457563216794E-12 -1.529041997184E-11
AR GRAC 2024 06 28 02 42 40.000000 2   6.444123880345E-12  7.614272060086E-12
AR GRAC 2024 06 28 02 42 50.000000 2   1.376558589339E-12 -3.881033949077E-12
AR GRAC 2024 06 28 02 43  0.000000 2   7.998470809290E-12  1.962365686614E-11
AR GRAC 2024 06 28 02 43 10.000000 2   2.062641073566E-12  1.012834781322E-11
AR GRAC 2024 06 28 02 43 20.000000 2   7.478198615907E-12  7.733034698698E-12
AR GRAC 2024 06 28 02 43 30.000000 2   5.032549463962E-12  6.037724140096E-12
AR GRAC 2024 06 28 02 43 40.000000 2   6.127149568963E-12  2.174240822106E-11
AR GRAC 2024 06 28 02 43 50.000000 2   6.114862088902E-12  4.647091305515E-12
AR GRAC 2024 06 28 02 44  0.000000 2   5.908715790953E-12  8.251778600699E-12
AR GRAC 2024 06 28 02 44 10.000000 2   5.985185003859E-12  2.535645651780E-11
AR GRAC 2024 06 28 02 44 20.000000 2   4.540558467409E-12  1.006113595214E-11
AR GRAC 2024 06 28 02 44 30.000000 2   8.185918089210E-12 -8.334184037340E-12
AR GRAC 2024 06 28 02 44 40.000000 2   5.355306476051E-12  2.427049186626E-11
AR GRAC 2024 06 28 02 44 50.000000 2   7.566419713001E-12  1.457516919656E-11
AR GRAC 2024 06 28 02 45  0.000000 2   9.999142139283E-12  1.697984114424E-11
AR GRAC 2024 06 28 02 45 10.000000 2   8.698340658864E-12 -5.815483945099E-12
AR GRAC 2024 06 28 02 45 20.000000 2   8.977646751007E-12  1.528918831817E-11
AR GRAC 2024 06 28 02 45 30.000000 2   7.526821180215E-12  2.269385721010E-11
AR GRAC 2024 06 28 02 45 40.000000 2   3.543986501833E-12  8.498526535283E-12
AR GRAC 2024 06 28 02 45 50.000000 2   8.351136622509E-12  2.760319577078E-11
AR GRAC 2024 06 28 02 46  0.000000 2   5.599573756065E-12  2.390786006667E-11
AR GRAC 2024 06 28 02 46 10.000000 2   7.058479668809E-12  1.591252477007E-11
AR GRAC 2024 06 28 02 46 20.000000 2   1.354166865447E-11  1.911718700010E-11
AR GRAC 2024 06 28 02 46 30.000000 2   3.943264985373E-12  1.342184956926E-11
AR GRAC 2024 06 28 02 46 40.000000 2   6.949415435470E-12  1.002650826948E-11
AR GRAC 2024 06 28 02 46 50.000000 2   1.122472167298E-11  2.383116967652E-11
AR GRAC 2024 06 28 02 47  0.000000 2   7.228296520362E-12  7.935826475125E-12
AR GRAC 2024 06 28 02 47 10.000000 2   6.777904192762E-12  3.744048127086E-11
AR GRAC 2024 06 28 02 47 20.000000 2   4.596854581013E-12  2.845136886503E-12
AR GRAC 2024 06 28 02 47 30.000000 2   1.542578044467E-11  2.124979012197E-11
AR GRAC 2024 06 28 02 47 40.000000 2   1.215574169100E-11  1.015444152375E-11
AR GRAC 2024 06 28 02 47 50.000000 2   1.024646773679E-11  3.025909384169E-11
AR GRAC 2024 06 28 02 48  0.000000 2   7.359425568954E-12 -1.383625679308E-11
AR GRAC 2024 06 28 02 48 10.000000 2   9.544448564824E-12  2.806838962643E-11
AR GRAC 2024 06 28 02 48 20.000000 2   1.520090997520E-11  1.697303755877E-11
AR GRAC 2024 06 28 02 48 30.000000 2   1.193487149387E-11  2.937768084355E-11
AR GRAC 2024 06 28 02 48 40.000000 2   1.332271792887E-11  2.048232417007E-11
AR GRAC 2024 06 28 02 48 50.000000 2   1.411726204686E-11  2.778696717165E-11
AR GRAC 2024 06 28 02 49  0.000000 2   7.267535098027E-12  1.819160447281E-11
AR GRAC 2024 06 28 02 49 10.000000 2   9.839186757010E-12  1.969624636999E-11
AR GRAC 2024 06 28 02 49 20.000000 2   1.216419586586E-11  8.800882765614E-12
AR GRAC 2024 06 28 02 49 30.000000 2   1.028993990709E-11  2.900552020790E-11
AR GRAC 2024 06 28 02 49 40.000000 2   1.146756561238E-11  2.691015466016E-11
AR GRAC 2024 06 28 02 49 50.000000 2   1.696843533738E-11  1.641478793168E-11
AR GRAC 2024 06 28 02 50  0.000000 2   1.230159116933E-11  2.691941981825E-11
AR GRAC 2024 06 28 02 50 10.000000 2   1.248195904274E-11  5.324052396866E-12
AR GRAC 2024 06 28 02 50 20.000000 2   1.561006705841E-11  2.432867969582E-11
AR GRAC 2024 06 28 02 50 30.000000 2   1.017049552215E-11  2.723330762289E-11
AR GRAC 2024 06 28 02 50 40.000000 2   1.072360603094E-11  2.783793508210E-11
AR GRAC 2024 06 28 02 50 50.000000 2   1.420610937913E-11  2.784255812016E-11
AR GRAC 2024 06 28 02 51  0.000000 2   1.349701513748E-11  1.324718026247E-11
AR GRAC 2024 06 28 02 51 10.000000 2   1.363721288672E-11  2.605180654536E-11
AR GRAC 2024 06 28 02 51 20.000000 2   1.059662340513E-11  3.275642257439E-11
AR GRAC 2024 06 28 02 51 30.000000 2   1.438977409451E-11  2.436104443171E-11
AR GRAC 2024 06 28 02 51 40.000000 2   1.064096467190E-11  1.286566599784E-11
AR GRAC 2024 06 28 02 51 50.000000 2   1.320838143720E-11  3.147028124206E-11
AR GRAC 2024 06 28 02 52  0.000000 2   1.277076621536E-11  2.407489485545E-11
AR GRAC 2024 06 28 02 52 10.000000 2   1.327084796221E-11  2.557950899706E-11
AR GRAC 2024 06 28 02 52 20.000000 2   1.485617531771E-11  3.628412154066E-11
AR GRAC 2024 06 28 02 52 30.000000 2   1.246736654886E-11  3.318873301184E-11
AR GRAC 2024 06 28 02 52 40.000000 2   1.634357926772E-11  2.039334152937E-11
AR GRAC 2024 06 28 02 52 50.000000 2   1.205461945541E-11  4.229794986488E-11
AR GRAC 2024 06 28 02 53  0.000000 2   1.583581182851E-11  2.930255690869E-11
AR GRAC 2024 06 28 02 53 10.000000 2   1.960638942866E-11  2.900716299103E-11
AR GRAC 2024 06 28 02 53 20.000000 2   1.691696088768E-11  3.281176719216E-11
AR GRAC 2024 06 28 02 53 30.000000 2   1.251957044979E-11  1.791636804194E-11
AR GRAC 2024 06 28 02 53 40.000000 2   1.503549194870E-11  5.042096948293E-11
AR GRAC 2024 06 28 02 53 50.000000 2   1.691689323347E-11  2.062556722637E-11
AR GRAC 2024 06 28 02 54  0.000000 2   1.712290378930E-11  4.553016644260E-11
AR GRAC 2024 06 28 02 54 10.000000 2   1.643828996534E-11  1.893476521408E-11
AR GRAC 2024 06 28 02 54 20.000000 2   1.780497103920E-11  4.573936021601E-11
AR GRAC 2024 06 28 02 54 30.000000 2   1.489650937325E-11  2.704395388187E-11
AR GRAC 2024 06 28 02 54 40.000000 2   1.740852427490E-11  2.714854729913E-11
AR GRAC 2024 06 28 02 54 50.000000 2   1.446582870851E-11  3.985313815069E-11
AR GRAC 2024 06 28 02 55  0.000000 2   1.627284765271E-11  3.195772466102E-11
AR GRAC 2024 06 28 02 55 10.000000 2   1.855469770884E-11  2.986231747992E-11
AR GRAC 2024 06 28 02 55 20.000000 2   1.498231746999E-11  4.136689948919E-11
AR GRAC 2024 06 28 02 55 30.000000 2   1.790927302292E-11  2.317149076780E-11
AR GRAC 2024 06 28 02 55 40.000000 2   1.477616466683E-11  2.147607265635E-11
AR GRAC 2024 06 28 02 55 50.000000 2   1.808838495654E-11  3.688065478014E-11
AR GRAC 2024 06 28 02 56  0.000000 2   1.885192175977E-11  3.958523786540E-11
AR GRAC 2024 06 28 02 56 10.000000 2   1.549435406367E-11  3.658981798105E-11
AR GRAC 2024 06 28 02 56 20.000000 2   1.610259668661E-11  4.699439795641E-11
AR GRAC 2024 06 28 02 56 30.000000 2   1.530854436271E-11  4.369897152467E-11
AR GRAC 2024 06 28 02 56 40.000000 2   1.798079567183E-11  2.630354788147E-11
AR GRAC 2024 06 28 02 56 50.000000 2   2.048583004621E-11  3.180812557790E-11
AR GRAC 2024 06 28 02 57  0.000000 2   1.460622248151E-11  3.761269420921E-11
AR GRAC 2024 06 28 02 57 10.000000 2   2.022720012318E-11  3.561726608092E-11
AR GRAC 2024 06 28 02 57 20.000000 2   1.603523563931E-11  3.862183836634E-11
AR GRAC 2024 06 28 02 57 30.000000 2   2.166295615114E-11  3.442640617024E-11
AR GRAC 2024 06 28 02 57 40.000000 2   1.950923797511E-11  4.613097404071E-11
AR GRAC 2024 06 28 02 57 50.000000 2   2.067776158632E-11  2.743553821627E-11
AR GRAC 2024 06 28 02 58  0.000000 2   2.090121131726E-11  3.574010531970E-11
AR GRAC 2024 06 28 02 58 10.000000 2   1.832754781272E-11  3.004466467282E-11
AR GRAC 2024 06 28 02 58 20.000000 2   1.826090320622E-11  4.194922881284E-11
AR GRAC 2024 06 28 02 58 30.000000 2   2.128753597008E-11  3.965378719828E-11
AR GRAC 2024 06 28 02 58 40.000000 2   2.340486138230E-11  4.075834808548E-11
AR GRAC 2024 06 28 02 58 50.000000 2   2.189805455022E-11  3.116290211991E-11
AR GRAC 2024 06 28 02 59  0.000000 2   1.788316196516E-11  3.996745989721E-11
AR GRAC 2024 06 28 02 59 10.000000 2   1.918446131122E-11  4.237201561841E-11
AR GRAC 2024 06 28 02 59 20.000000 2   2.451928417246E-11  4.057656988188E-11
AR GRAC 2024 06 28 02 59 30.000000 2   2.181534293488E-11  4.038111858784E-11
AR GRAC 2024 06 28 02 59 40.000000 2   2.271801149978E-11  3.148567170874E-11
AR GRAC 2024 06 28 02 59 50.000000 2   2.042466716590E-11  3.299022166559E-11
AR GRAC 2024 06 28 03 00  0.000000 2   2.272523835778E-11  3.209476434618E-11
AR GRAC 2024 06 28 03 00 10.000000 2   1.833070327473E-11  3.969931675063E-11
AR GRAC 2024 06 28 03 00 20.000000 2   2.497096279752E-11  3.140385521072E-11
AR GRAC 2024 06 28 03 00 30.000000 2   2.196627428563E-11  3.530839856603E-11
AR GRAC 2024 06 28 03 00 40.000000 2   2.402414378544E-11  2.981294378035E-11
AR GRAC 2024 06 28 03 00 50.000000 2   2.105689060616E-11  3.391748340520E-11
AR GRAC 2024 06 28 03 01  0.000000 2   2.039823691902E-11  4.992202137788E-11
AR GRAC 2024 06 28 03 01 10.000000 2   2.308116198169E-11  3.942655923961E-11
AR GRAC 2024 06 28 03 01 20.000000 2   2.378522725999E-11  3.773109255589E-11
AR GRAC 2024 06 28 03 01 30.000000 2   2.398599895093E-11  3.053563304989E-11
AR GRAC 2024 06 28 03 01 40.000000 2   2.342311240799E-11  2.644016429409E-11
AR GRAC 2024 06 28 03 01 50.000000 2   2.757033316925E-11  4.034469633374E-11
AR GRAC 2024 06 28 03 02  0.000000 2   2.240125793196E-11  4.554922758415E-11
AR GRAC 2024 06 28 03 02 10.000000 2   2.767416504290E-11  4.455375304802E-11
AR GRAC 2024 06 28 03 02 20.000000 2   2.588442307716E-11  2.715828430200E-11
AR GRAC 2024 06 28 03 02 30.000000 2   2.338263783985E-11  3.116280844484E-11
AR GRAC 2024 06 28 03 02 40.000000 2   2.193150348828E-11  3.736733492077E-11
AR GRAC 2024 06 28 03 02 50.000000 2   2.257003958728E-11  4.577185505616E-11
AR GRAC 2024 06 28 03 03  0.000000 2   2.659857577247E-11  3.147638052980E-11
AR GRAC 2024 06 28 03 03 10.000000 2   2.457658555832E-11  2.988089983780E-11
AR GRAC 2024 06 28 03 03 20.000000 2   2.773247603782E-11  4.388541960387E-11
AR GRAC 2024 06 28 03 03 30.000000 2   2.132925953913E-11  3.838994053207E-11
AR GRAC 2024 06 28 03 03 40.000000 2   2.778349078580E-11  2.649445420000E-11
AR GRAC 2024 06 28 03 03 50.000000 2   2.380861653661E-11  2.699896903269E-11
AR GRAC 2024 06 28 03 04  0.000000 2   2.820929947966E-11  4.670348482949E-11
AR GRAC 2024 06 28 03 04 10.000000 2   2.889174663401E-11  4.960799479536E-11
AR GRAC 2024 06 28 03 04 20.000000 2   2.677290160402E-11  3.491250691323E-11
AR GRAC 2024 06 28 03 04 30.000000 2   2.472208028570E-11  2.371701619819E-11
AR GRAC 2024 06 28 03 04 40.000000 2   2.397536856547E-11  4.762152477911E-11
AR GRAC 2024 06 28 03 04 50.000000 2   2.857108299947E-11  3.652602872939E-11
AR GRAC 2024 06 28 03 05  0.000000 2   2.375633370577E-11  3.393053546463E-11
AR GRAC 2024 06 28 03 05 10.000000 2   3.007905730046E-11  4.353504015620E-11
AR GRAC 2024 06 28 03 05 20.000000 2   2.491601543142E-11  2.603954205038E-11
AR GRAC 2024 06 28 03 05 30.000000 2   2.308167372511E-11  2.914404134691E-11
AR GRAC 2024 06 28 03 05 40.000000 2   2.662224260486E-11  3.034854312300E-11
AR GRAC 2024 06 28 03 05 50.000000 2   2.221711356554E-11  4.275304069101E-11
AR GRAC 2024 06 28 03 06  0.000000 2   2.857263384226E-11  4.755753776897E-11
AR GRAC 2024 06 28 03 06 10.000000 2   2.781955048270E-11  4.456203461789E-11
AR GRAC 2024 06 28 03 06 20.000000 2   2.478759905666E-11  3.106652435303E-11
AR GRAC 2024 06 28 03 06 30.000000 2   2.811929335211E-11  2.967101911389E-11
AR GRAC 2024 06 28 03 06 40.000000 2   2.749950440972E-11  3.287551134101E-11
AR GRAC 2024 06 28 03 06 50.000000 2   2.808969723489E-11  2.798000026116E-11
AR GRAC 2024 06 28 03 07  0.000000 2   2.852689091892E-11  3.928448885637E-11
AR GRAC 2024 06 28 03 07 10.000000 2   2.600300010036E-11  3.598897568846E-11
AR GRAC 2024 06 28 03 07 20.000000 2   3.068736237344E-11  3.989346353261E-11
AR GRAC 2024 06 28 03 07 30.000000 2   2.501700756274E-11  3.119794700357E-11
AR GRAC 2024 06 28 03 07 40.000000 2   2.905271682951E-11  3.780242785467E-11
AR GRAC 2024 06 28 03 07 50.000000 2   3.294960138067E-11  2.930690759517E-11
AR GRAC 2024 06 28 03 08  0.000000 2   2.351136646483E-11  2.531138840189E-11
AR GRAC 2024 06 28 03 08 10.000000 2   2.899353847285E-11  4.061586483806E-11
AR GRAC 2024 06 28 03 08 20.000000 2   2.379094837801E-11  2.722034229963E-11
AR GRAC 2024 06 28 03 08 30.000000 2   3.170119722284E-11  2.502482075728E-11
AR GRAC 2024 06 28 03 08 40.000000 2   2.784661216892E-11  2.692929212955E-11
AR GRAC 2024 06 28 03 08 50.000000 2   2.869892344604E-11  3.443376486723E-11
AR GRAC 2024 06 28 03 09  0.000000 2   2.612222591014E-11  4.043823956246E-11
AR GRAC 2024 06 28 03 09 10.000000 2   2.887620698111E-11  3.914270990668E-11
AR GRAC 2024 06 28 03 09 20.000000 2   2.868405860057E-11  3.044717603040E-11
AR GRAC 2024 06 28 03 09 30.000000 2   2.772982711507E-11  2.185164375834E-11
AR GRAC 2024 06 28 03 09 40.000000 2   2.814067902313E-11  3.135611215122E-11
AR GRAC 2024 06 28 03 09 50.000000 2   2.998213829986E-11  3.026057529554E-11
AR GRAC 2024 06 28 03 10  0.000000 2   2.772044919996E-11  3.156503530777E-11
AR GRAC 2024 06 28 03 10 10.000000 2   3.047228788744E-11  3.616949795227E-11
AR GRAC 2024 06 28 03 10 20.000000 2   3.005550322510E-11  3.057396003037E-11
AR GRAC 2024 06 28 03 10 30.000000 2   2.691642395081E-11  3.377841756302E-11
AR GRAC 2024 06 28 03 10 40.000000 2   3.086536581876E-11  2.588287396910E-11
AR GRAC 2024 06 28 03 10 50.000000 2   2.621810581138E-11  1.778733063618E-11
AR GRAC 2024 06 28 03 11  0.000000 2   2.642691447619E-11  2.249178447655E-11
AR GRAC 2024 06 28 03 11 10.000000 2   3.116608707221E-11  3.139623977466E-11
AR GRAC 2024 06 28 03 11 20.000000 2   3.075943666442E-11  2.720069135209E-11
AR GRAC 2024 06 28 03 11 30.000000 2   2.676736610141E-11  3.370514284340E-11
AR GRAC 2024 06 28 03 11 40.000000 2   2.996628986618E-11  2.580958710641E-11
AR GRAC 2024 06 28 03 11 50.000000 2   2.739390658757E-11  3.641403498178E-11
AR GRAC 2024 06 28 03 12  0.000000 2   2.642330104718E-11  2.171848118016E-11
AR GRAC 2024 06 28 03 12 10.000000 2   2.415245434206E-11  3.672292678281E-11
AR GRAC 2024 06 28 03 12 20.000000 2   3.103025128515E-11  2.612736936525E-11
AR GRAC 2024 06 28 03 12 30.000000 2   2.706087090520E-11  2.353181018100E-11
AR GRAC 2024 06 28 03 12 40.000000 2   2.553686428985E-11  3.803625470145E-11
AR GRAC 2024 06 28 03 12 50.000000 2   2.975965307517E-11  3.254068889347E-11
AR GRAC 2024 06 28 03 13  0.000000 2   2.734513310232E-11  1.584512902830E-11
AR GRAC 2024 06 28 03 13 10.000000 2   3.013100186022E-11  1.614956259000E-11
AR GRAC 2024 06 28 03 13 20.000000 2   2.408599535098E-11  3.135399925802E-11
AR GRAC 2024 06 28 03 13 30.000000 2   3.181106419947E-11  2.305843363470E-11
AR GRAC 2024 06 28 03 13 40.000000 2   3.012334132135E-11  2.086286352010E-11
AR GRAC 2024 06 28 03 13 50.000000 2   2.692006340066E-11  4.536729325544E-11
AR GRAC 2024 06 28 03 14  0.000000 2   2.583225647279E-11  2.927172393363E-11
AR GRAC 2024 06 28 03 14 10.000000 2   3.287882813230E-11  2.527615269865E-11
AR GRAC 2024 06 28 03 14 20.000000 2   3.056143532687E-11  3.318057634205E-11
AR GRAC 2024 06 28 03 14 30.000000 2   2.809266014259E-11  7.585003805599E-12
AR GRAC 2024 06 28 03 14 40.000000 2   2.290626369139E-11  4.078942392183E-11
AR GRAC 2024 06 28 03 14 50.000000 2   3.076748925079E-11  2.799384682395E-11
AR GRAC 2024 06 28 03 15  0.000000 2   2.354877751132E-11  1.529826959557E-11
AR GRAC 2024 06 28 03 15 10.000000 2   2.567444173929E-11  2.900268740447E-11
AR GRAC 2024 06 28 03 15 20.000000 2   2.611173083311E-11  2.250710555429E-11
AR GRAC 2024 06 28 03 15 30.000000 2   2.806534865618E-11  3.081152347151E-11
AR GRAC 2024 06 28 03 15 40.000000 2   2.792762375525E-11  2.131593512811E-11
AR GRAC 2024 06 28 03 15 50.000000 2   2.892322145676E-11  3.102034948355E-11
AR GRAC 2024 06 28 03 16  0.000000 2   2.924338549093E-11  2.022476110197E-11
AR GRAC 2024 06 28 03 16 10.000000 2   2.727674162928E-11  2.712917217262E-11
AR GRAC 2024 06 28 03 16 20.000000 2   2.630689242833E-11  1.843358278519E-11
AR GRAC 2024 06 28 03 16 30.000000 2   2.495241513412E-11  2.953799010941E-11
AR GRAC 2024 06 28 03 16 40.000000 2   2.948249283596E-11  2.074239911776E-11
AR GRAC 2024 06 28 03 16 50.000000 2   2.435709099691E-11  3.924680025413E-11
AR GRAC 2024 06 28 03 17  0.000000 2   2.551033863318E-11  2.305120677670E-11
AR GRAC 2024 06 28 03 17 10.000000 2   2.636824959767E-11  3.275560725435E-11
AR GRAC 2024 06 28 03 17 20.000000 2   2.652743476272E-11  3.166000794863E-11
AR GRAC 2024 06 28 03 17 30.000000 2   2.265650687894E-11  1.946440925105E-11
AR GRAC 2024 06 28 03 17 40.000000 2   2.730037723664E-11  2.206880685141E-11
AR GRAC 2024 06 28 03 17 50.000000 2   2.460110413993E-11  2.537320180351E-11
AR GRAC 2024 06 28 03 18  0.000000 2   2.279647477732E-11  3.227760073110E-11
AR GRAC 2024 06 28 03 18 10.000000 2   2.703176398000E-11  3.148199409497E-11
AR GRAC 2024 06 28 03 18 20.000000 2   2.322059038107E-11  2.568638357570E-11
AR GRAC 2024 06 28 03 18 30.000000 2   1.949412853364E-11  2.649077485151E-11
AR GRAC 2024 06 28 03 18 40.000000 2   2.485420896869E-11  2.929516698669E-11
AR GRAC 2024 06 28 03 18 50.000000 2   2.009355529187E-11  3.269955486940E-11
AR GRAC 2024 06 28 03 19  0.000000 2   2.376107470503E-11  3.040393978249E-11
AR GRAC 2024 06 28 03 19 10.000000 2   2.766936332832E-11  2.490832540225E-11
AR GRAC 2024 06 28 03 19 20.000000 2   1.864828777509E-11  2.691270990784E-11
AR GRAC 2024 06 28 03 19 30.000000 2   2.354908802682E-11  3.351709187971E-11
AR GRAC 2024 06 28 03 19 40.000000 2   2.233326371059E-11  2.652147425286E-11
AR GRAC 2024 06 28 03 19 50.000000 2   2.419951218580E-11  2.302585379310E-11
AR GRAC 2024 06 28 03 20  0.000000 2   1.911686087208E-11  3.273023171935E-11
AR GRAC 2024 06 28 03 20 10.000000 2   2.474825552823E-11  2.793460775197E-11
AR GRAC 2024 06 28 03 20 20.000000 2   2.020405023839E-11  3.293898487300E-11
AR GRAC 2024 06 28 03 20 30.000000 2   2.222711077693E-11  7.643357301246E-12
AR GRAC 2024 06 28 03 20 40.000000 2   2.154460984616E-11  1.774773036867E-11
AR GRAC 2024 06 28 03 20 50.000000 2   1.760329035316E-11  2.695210374326E-11
AR GRAC 2024 06 28 03 21  0.000000 2   2.258968012647E-11  2.525647226082E-11
AR GRAC 2024 06 28 03 21 10.000000 2   1.855598487366E-11  2.796084024037E-11
AR GRAC 2024 06 28 03 21 20.000000 2   2.002195804984E-11  2.906520857326E-11
AR GRAC 2024 06 28 03 21 30.000000 2   1.666160091840E-11  2.126957117377E-11
AR GRAC 2024 06 28 03 21 40.000000 2   1.921135819871E-11  3.077393895268E-11
AR GRAC 2024 06 28 03 21 50.000000 2   1.542609616434E-11  2.287829994896E-11
AR GRAC 2024 06 28 03 22  0.000000 2   1.508796212968E-11  2.978266244735E-11
AR GRAC 2024 06 28 03 22 10.000000 2   1.954189587927E-11  1.518702177905E-11
AR GRAC 2024 06 28 03 22 20.000000 2   1.895594445300E-11  2.629137879628E-11
AR GRAC 2024 06 28 03 22 30.000000 2   1.288760591300E-11  3.249573526931E-11
AR GRAC 2024 06 28 03 22 40.000000 2   1.966219201344E-11  2.520009201312E-11
AR GRAC 2024 06 28 03 22 50.000000 2   1.693283187276E-11  1.670444511881E-11
AR GRAC 2024 06 28 03 23  0.000000 2   1.563559004492E-11  1.530880110179E-11
AR GRAC 2024 06 28 03 23 10.000000 2   1.598112440993E-11  1.521315191877E-11
AR GRAC 2024 06 28 03 23 20.000000 2   1.965087120803E-11  2.781750177427E-11
AR GRAC 2024 06 28 03 23 30.000000 2   1.435855080667E-11  1.792185150284E-11
AR GRAC 2024 06 28 03 23 40.000000 2   1.516220829445E-11  2.132619775219E-11
AR GRAC 2024 06 28 03 23 50.000000 2   1.390962952458E-11  3.053054337121E-11
AR GRAC 2024 06 28 03 24  0.000000 2   1.960924998767E-11  1.883489024468E-11
AR GRAC 2024 06 28 03 24 10.000000 2   1.602718305294E-11  1.683922966345E-11
AR GRAC 2024 06 28 03 24 20.000000 2   1.698014298612E-11  4.435745119737E-13
AR GRAC 2024 06 28 03 24 30.000000 2   1.205038933222E-11  3.174791332605E-11
AR GRAC 2024 06 28 03 24 40.000000 2   1.745567926315E-11  1.735225158006E-11
AR GRAC 2024 06 28 03 24 50.000000 2   1.552338639577E-11  2.235659053718E-11
AR GRAC 2024 06 28 03 25  0.000000 2   8.534515108516E-12  7.260925367902E-12
AR GRAC 2024 06 28 03 25 10.000000 2   1.111910303414E-11  2.336525938007E-11
AR GRAC 2024 06 28 03 25 20.000000 2   1.431367004090E-11  1.766959148441E-11
AR GRAC 2024 06 28 03 25 30.000000 2   1.228562824390E-11  1.007392520097E-11
AR GRAC 2024 06 28 03 25 40.000000 2   1.152837634383E-11  5.078257259150E-12
AR GRAC 2024 06 28 03 25 50.000000 2   1.274170699506E-11  1.688258560728E-11
AR GRAC 2024 06 28 03 26  0.000000 2   6.970772917225E-12  2.258691324253E-11
AR GRAC 2024 06 28 03 26 10.000000 2   1.448467908116E-11  2.899123822953E-11
AR GRAC 2024 06 28 03 26 20.000000 2   1.159711215948E-11  7.295561724185E-12
AR GRAC 2024 06 28 03 26 30.000000 2   9.975302701914E-12  2.669988535819E-11
AR GRAC 2024 06 28 03 26 40.000000 2   6.275824044472E-12  1.850420858207E-11
AR GRAC 2024 06 28 03 26 50.000000 2   6.293692129955E-12  4.308528794156E-12
AR GRAC 2024 06 28 03 27  0.000000 2   1.169368334802E-11  7.512848849978E-12
AR GRAC 2024 06 28 03 27 10.000000 2   9.209713720815E-12  2.581716611327E-11
AR GRAC 2024 06 28 03 27 20.000000 2   9.514299070812E-12  7.021481486513E-12
AR GRAC 2024 06 28 03 27 30.000000 2   7.575996253950E-12  1.602579700888E-11
AR GRAC 2024 06 28 03 27 40.000000 2   1.083609590946E-11  6.330110480929E-12
AR GRAC 2024 06 28 03 27 50.000000 2   6.461039168959E-12  1.323442137130E-11
AR GRAC 2024 06 28 03 28  0.000000 2   5.219409106305E-12  3.683873345262E-11
AR GRAC 2024 06 28 03 28 10.000000 2   7.115559010062E-12  1.774304314583E-11
AR GRAC 2024 06 28 03 28 20.000000 2   7.307023909553E-12  3.524734670801E-11
AR GRAC 2024 06 28 03 28 30.000000 2   1.001407832525E-12 -1.274834404708E-11
AR GRAC 2024 06 28 03 28 40.000000 2   2.743074864475E-12  5.155962028852E-12
AR GRAC 2024 06 28 03 28 50.000000 2   5.453003933814E-12  1.016026412309E-11
AR GRAC 2024 06 28 03 29  0.000000 2   1.755952696615E-12  2.456456739408E-11
AR GRAC 2024 06 28 03 29 10.000000 2   7.885125712093E-12  1.096886817487E-11
AR GRAC 2024 06 28 03 29 20.000000 2  -3.319028537251E-13  1.497316680366E-11
AR GRAC 2024 06 28 03 29 30.000000 2   4.453243763330E-12  2.177465456207E-12
AR GRAC 2024 06 28 03 29 40.000000 2   3.446991607078E-12  3.108176216404E-11
AR GRAC 2024 06 28 03 29 50.000000 2   1.801712208246E-12  1.860571429996E-13
AR GRAC 2024 06 28 03 30  0.000000 2   3.423439266445E-12  1.389035154259E-11
AR GRAC 2024 06 28 03 30 10.000000 2   5.034063010195E-12  2.139464300166E-11
AR GRAC 2024 06 28 03 30 20.000000 2   4.758060265231E-12  9.098934279639E-12
AR GRAC 2024 06 28 03 30 30.000000 2   6.861843992317E-13  3.003221803188E-12
AR GRAC 2024 06 28 03 30 40.000000 2   3.999868145033E-12  1.207510545546E-12
AR GRAC 2024 06 28 03 30 50.000000 2  -3.161279289558E-13  1.491179749125E-11
AR GRAC 2024 06 28 03 31  0.000000 2  -5.843465902128E-13  1.411608330226E-11
AR GRAC 2024 06 28 03 31 10.000000 2  -3.061210573224E-12  1.912036674823E-11
AR GRAC 2024 06 28 03 31 20.000000 2  -7.419631857693E-13  1.072464946711E-11
AR GRAC 2024 06 28 03 31 30.000000 2   2.405440755436E-13  8.628929168419E-12
AR GRAC 2024 06 28 03 31 40.000000 2  -3.037249271531E-12  1.253321058048E-11
AR GRAC 2024 06 28 03 31 50.000000 2   1.384318441128E-12  9.137489376254E-12
AR GRAC 2024 06 28 03 32  0.000000 2   1.024562853720E-13  1.334176519263E-11
AR GRAC 2024 06 28 03 32 10.000000 2  -1.706684598334E-12  1.184603890675E-11
AR GRAC 2024 06 28 03 32 20.000000 2  -4.275926401148E-12  1.885031540583E-11
AR GRAC 2024 06 28 03 32 30.000000 2  -6.352489714812E-12 -4.454123701814E-13
AR GRAC 2024 06 28 03 32 40.000000 2  -1.775747843040E-12  1.405885824424E-11
AR GRAC 2024 06 28 03 32 50.000000 2  -1.592802224750E-13  9.163127721867E-12
AR GRAC 2024 06 28 03 33  0.000000 2  -2.773711815784E-12  7.673978640044E-13
AR GRAC 2024 06 28 03 33 10.000000 2  -2.852088790833E-12  6.371664047072E-12
AR GRAC 2024 06 28 03 33 20.000000 2  -7.548369047872E-12  2.367592753794E-11
AR GRAC 2024 06 28 03 33 30.000000 2  -5.001675722899E-12  2.598019369082E-11
AR GRAC 2024 06 28 03 33 40.000000 2  -2.753359172603E-12  7.784456239335E-12
AR GRAC 2024 06 28 03 33 50.000000 2  -8.057342987255E-12  9.888716581696E-12
AR GRAC 2024 06 28 03 34  0.000000 2  -4.692948720603E-12 -2.307022628489E-12
AR GRAC 2024 06 28 03 34 10.000000 2  -4.710878388769E-12  1.779723417250E-11
AR GRAC 2024 06 28 03 34 20.000000 2  -3.818118130688E-12 -1.198508414908E-12
AR GRAC 2024 06 28 03 34 30.000000 2  -8.087271304025E-12  1.280574778162E-11
AR GRAC 2024 06 28 03 34 40.000000 2  -1.034854580501E-11  1.471000231346E-11
AR GRAC 2024 06 28 03 34 50.000000 2  -9.011219721800E-12  1.614254736826E-12
AR GRAC 2024 06 28 03 35  0.000000 2  -4.530137549807E-12  1.141850589775E-11
AR GRAC 2024 06 28 03 35 10.000000 2  -7.759458006684E-12  1.392275704448E-11
AR GRAC 2024 06 28 03 35 20.000000 2  -1.114110019518E-11  8.627003625361E-12
AR GRAC 2024 06 28 03 35 30.000000 2  -8.097021317321E-12  2.303125051784E-11
AR GRAC 2024 06 28 03 35 40.000000 2  -6.385806813891E-12  3.035498501863E-12
AR GRAC 2024 06 28 03 35 50.000000 2  -9.797577679715E-12  2.563974380032E-11
AR GRAC 2024 06 28 03 36  0.000000 2  -1.329780383030E-11 -2.356014472057E-12
AR GRAC 2024 06 28 03 36 10.000000 2  -6.551654618131E-12  2.548227471047E-12
AR GRAC 2024 06 28 03 36 20.000000 2  -1.451973090372E-11  1.695246547306E-11
AR GRAC 2024 06 28 03 36 30.000000 2  -4.801590115094E-12 -1.243293879308E-12
AR GRAC 2024 06 28 03 36 40.000000 2  -1.213279043205E-11  5.460943329483E-12
AR GRAC 2024 06 28 03 36 50.000000 2  -1.435123721250E-11  1.236517832570E-11
AR GRAC 2024 06 28 03 37  0.000000 2  -1.083361005072E-11  2.076941396645E-11
AR GRAC 2024 06 28 03 37 10.000000 2  -1.164447531454E-11  6.573646141317E-12
AR GRAC 2024 06 28 03 37 20.000000 2  -9.719513388573E-12  1.097788006332E-11
AR GRAC 2024 06 28 03 37 30.000000 2  -1.099867332627E-11 -3.417892054450E-12
AR GRAC 2024 06 28 03 37 40.000000 2  -1.177794060198E-11  5.586338249625E-12
AR GRAC 2024 06 28 03 37 50.000000 2  -1.207923691626E-11  2.790565955396E-12
AR GRAC 2024 06 28 03 38  0.000000 2  -1.314679094755E-11  1.769479007763E-11
AR GRAC 2024 06 28 03 38 10.000000 2  -1.168450839556E-11  1.029901424560E-11
AR GRAC 2024 06 28 03 38 20.000000 2  -1.688590586801E-11  5.003240009793E-12
AR GRAC 2024 06 28 03 38 30.000000 2  -1.873015804954E-11  1.920746027506E-11
AR GRAC 2024 06 28 03 38 40.000000 2  -1.633806111234E-11 -5.488316832253E-12
AR GRAC 2024 06 28 03 38 50.000000 2  -1.186246500334E-11  7.815898969699E-12
AR GRAC 2024 06 28 03 39  0.000000 2  -1.255186406202E-11  5.120117437668E-12
AR GRAC 2024 06 28 03 39 10.000000 2  -1.601013766006E-11  1.052433400844E-11
AR GRAC 2024 06 28 03 39 20.000000 2  -1.722790486658E-11 -6.171451370773E-12
AR GRAC 2024 06 28 03 39 30.000000 2  -1.846455627286E-11  9.632762469625E-12
AR GRAC 2024 06 28 03 39 40.000000 2  -1.171414961559E-11  1.513697327205E-11
AR GRAC 2024 06 28 03 39 50.000000 2  -1.456363848962E-11 -4.588128379827E-13
AR GRAC 2024 06 28 03 40  0.000000 2  -1.721398371068E-11  8.145394081449E-12
AR GRAC 2024 06 28 03 40 10.000000 2  -1.304910780126E-11  1.749601331869E-12
AR GRAC 2024 06 28 03 40 20.000000 2  -2.136573036549E-11  6.538075202761E-13
AR GRAC 2024 06 28 03 40 30.000000 2  -1.419489352450E-11 -4.198604083763E-14
AR GRAC 2024 06 28 03 40 40.000000 2  -2.205097042463E-11  1.316221610870E-11
AR GRAC 2024 06 28 03 40 50.000000 2  -1.865852611305E-11  7.866415852043E-12
AR GRAC 2024 06 28 03 41  0.000000 2  -1.671202586040E-11 -1.312938126274E-11
AR GRAC 2024 06 28 03 41 10.000000 2  -1.826869905353E-11  5.674818687879E-12
AR GRAC 2024 06 28 03 41 20.000000 2  -1.557232121030E-11 -1.012098391207E-11
AR GRAC 2024 06 28 03 41 30.000000 2  -2.419004926923E-11  1.648321062975E-11
AR GRAC 2024 06 28 03 41 40.000000 2  -1.773396707261E-11 -1.281259039837E-11
AR GRAC 2024 06 28 03 41 50.000000 2  -1.905173935279E-11  8.791601127656E-12
AR GRAC 2024 06 28 03 42  0.000000 2  -1.831336124414E-11  4.495793928111E-12
AR GRAC 2024 06 28 03 42 10.000000 2  -1.768838374383E-11  2.799984636509E-12
AR GRAC 2024 06 28 03 42 20.000000 2  -1.925210858789E-11 -8.295827566562E-12
AR GRAC 2024 06 28 03 42 30.000000 2  -2.045136456019E-11  1.808362379112E-12
AR GRAC 2024 06 28 03 42 40.000000 2  -2.431103061917E-11 -5.587453676820E-12
AR GRAC 2024 06 28 03 42 50.000000 2  -2.260803176612E-11 -6.583266050353E-12
AR GRAC 2024 06 28 03 43  0.000000 2  -1.625458621868E-11 -1.879084344722E-12
AR GRAC 2024 06 28 03 43 10.000000 2  -2.212234041787E-11  5.250981398829E-13
AR GRAC 2024 06 28 03 43 20.000000 2  -1.520896429630E-11 -1.777071892417E-11
AR GRAC 2024 06 28 03 43 30.000000 2  -2.086552458591E-11  1.773346053335E-11
AR GRAC 2024 06 28 03 43 40.000000 2  -2.121086292717E-11 -5.062361987940E-12
AR GRAC 2024 06 28 03 43 50.000000 2  -2.146230762556E-11 -1.005818778960E-11
AR GRAC 2024 06 28 03 44  0.000000 2  -1.837087600098E-11 -7.254011193808E-12
AR GRAC 2024 06 28 03 44 10.000000 2  -2.077740063333E-11 -3.849836248404E-12
AR GRAC 2024 06 28 03 44 20.000000 2  -2.106814549208E-11 -2.845666410844E-12
AR GRAC 2024 06 28 03 44 30.000000 2  -2.198467276282E-11 -1.094149250369E-11
AR GRAC 2024 06 28 03 44 40.000000 2  -1.938963573034E-11  2.862677326090E-12
AR GRAC 2024 06 28 03 44 50.000000 2  -1.951505797237E-11 -1.393315497700E-11
AR GRAC 2024 06 28 03 45  0.000000 2  -2.237290214202E-11 -4.128987082797E-12
AR GRAC 2024 06 28 03 45 10.000000 2  -2.381489450087E-11 -9.248235857684E-13
AR GRAC 2024 06 28 03 45 20.000000 2  -2.137541532665E-11 -2.020657946522E-12
AR GRAC 2024 06 28 03 45 30.000000 2  -2.602182878897E-11 -1.521649473091E-11
AR GRAC 2024 06 28 03 45 40.000000 2  -1.824630550817E-11 -1.041233679139E-11
AR GRAC 2024 06 28 03 45 50.000000 2  -1.990010413400E-11  2.891825234136E-12
AR GRAC 2024 06 28 03 46  0.000000 2  -2.158309989064E-11 -1.790401854551E-11
AR GRAC 2024 06 28 03 46 10.000000 2  -2.584153377394E-11 -1.079986013813E-11
AR GRAC 2024 06 28 03 46 20.000000 2  -2.484866999664E-11 -5.995701764933E-12
AR GRAC 2024 06 28 03 46 30.000000 2  -2.255232459114E-11 -8.191550736336E-12
AR GRAC 2024 06 28 03 46 40.000000 2  -2.215390718097E-11 -2.378739739906E-11
AR GRAC 2024 06 28 03 46 50.000000 2  -2.685694548699E-11 -3.883246588871E-12
AR GRAC 2024 06 28 03 47  0.000000 2  -2.419048815427E-11 -5.879097122324E-12
AR GRAC 2024 06 28 03 47 10.000000 2  -2.248124256199E-11 -1.474948852290E-12
AR GRAC 2024 06 28 03 47 20.000000 2  -2.783934714701E-11 -1.657080202222E-11
AR GRAC 2024 06 28 03 47 30.000000 2  -2.504705644280E-11 -1.266665244914E-11
AR GRAC 2024 06 28 03 47 40.000000 2  -1.985547490313E-11 -1.506251373629E-11
AR GRAC 2024 06 28 03 47 50.000000 2  -2.030895070171E-11  7.141633204949E-12
AR GRAC 2024 06 28 03 48  0.000000 2  -2.847999093503E-11 -1.385422592620E-11
AR GRAC 2024 06 28 03 48 10.000000 2  -2.457219150376E-11 -2.125008502496E-11
AR GRAC 2024 06 28 03 48 20.000000 2  -2.173563412589E-11  1.754051548106E-12
AR GRAC 2024 06 28 03 48 30.000000 2  -2.529671264129E-11 -1.414181185350E-11
AR GRAC 2024 06 28 03 48 40.000000 2  -2.652001188097E-11 -3.193767819654E-11
AR GRAC 2024 06 28 03 48 50.000000 2  -2.009001125181E-11  8.266459565476E-12
AR GRAC 2024 06 28 03 49  0.000000 2  -2.493551198857E-11 -1.822940930152E-11
AR GRAC 2024 06 28 03 49 10.000000 2  -2.209575751533E-11 -1.512527603165E-11
AR GRAC 2024 06 28 03 49 20.000000 2  -2.332161200269E-11 -1.982114646026E-11
AR GRAC 2024 06 28 03 49 30.000000 2  -2.345908883816E-11 -1.281701654532E-11
AR GRAC 2024 06 28 03 49 40.000000 2  -2.582905937742E-11 -1.411289141107E-11
AR GRAC 2024 06 28 03 49 50.000000 2  -2.444175591088E-11 -2.330876464063E-11
