 2.00 C RINEX VERSION / TYPE
 10.00 INTERVAL
 1 AR # / TYPES OF DATA
 END OF HEADER
AR GRAC 2024 07 05 01 50  0.000000 2   9.834019015775E-12  2.549238944938E-11
AR GRAC 2024 07 05 01 50 10.000000 2   1.323720104883E-12  5.938248157089E-12
AR GRAC 2024 07 05 01 50 20.000000 2  -9.601494946332E-13  2.822410187509E-11
AR GRAC 2024 07 05 01 50 30.000000 2  -3.511704382148E-12  2.031995752216E-11
AR GRAC 2024 07 05 01 50 40.000000 2   1.118018329825E-12  2.364580753422E-11
AR GRAC 2024 07 05 01 50 50.000000 2   4.103698446594E-13 -4.988342638262E-12
AR GRAC 2024 07 05 01 51  0.000000 2   4.787268129657E-13  1.878750453821E-11
AR GRAC 2024 07 05 01 51 10.000000 2  -1.626942179069E-12  5.583352790522E-12
AR GRAC 2024 07 05 01 51 20.000000 2  -1.725251885798E-12  3.207919693771E-11
AR GRAC 2024 07 05 01 51 30.000000 2  -5.779447233289E-12  1.163503928620E-11
AR GRAC 2024 07 05 01 51 40.000000 2   7.738222497673E-13  1.636087966495E-11
AR GRAC 2024 07 05 01 51 50.000000 2   8.915497463555E-13  1.738671880080E-11
AR GRAC 2024 07 05 01 52  0.000000 2  -2.675315264461E-12  1.425255746756E-11
AR GRAC 2024 07 05 01 52 10.000000 2  -4.953729700746E-12  1.141839314073E-11
AR GRAC 2024 07 05 01 52 20.000000 2  -1.359493247144E-12  2.849422781059E-11
AR GRAC 2024 07 05 01 52 30.000000 2  -2.792451166134E-12  6.240058816886E-12
AR GRAC 2024 07 05 01 52 40.000000 2  -2.153021467707E-12  1.915588868084E-11
AR GRAC 2024 07 05 01 52 50.000000 2  -5.191968383000E-12  1.752171845115E-11
AR GRAC 2024 07 05 01 53  0.000000 2  -1.870652070746E-12  4.377543900286E-12
AR GRAC 2024 07 05 01 53 10.000000 2  -5.123824108055E-12  1.401336859053E-11
AR GRAC 2024 07 05 01 53 20.000000 2  -2.024618970739E-12  1.033919217602E-11
AR GRAC 2024 07 05 01 53 30.000000 2  -6.934308596079E-12  1.314501025390E-11
AR GRAC 2024 07 05 01 53 40.000000 2  -2.547328016925E-12  2.862083313404E-11
AR GRAC 2024 07 05 01 53 50.000000 2  -5.331267545483E-12  2.233664989082E-11
AR GRAC 2024 07 05 01 54  0.000000 2  -1.090500433010E-11  5.642466528732E-12
AR GRAC 2024 07 05 01 54 10.000000 2  -4.904456615135E-12  2.103828049271E-11
AR GRAC 2024 07 05 01 54 20.000000 2  -6.746579423594E-12  2.409338970466E-14
AR GRAC 2024 07 05 01 54 30.000000 2  -6.057619249961E-12  1.900990302672E-11
AR GRAC 2024 07 05 01 54 40.000000 2  -5.248153040621E-12  1.085571129517E-11
AR GRAC 2024 07 05 01 54 50.000000 2  -9.971586056867E-12  2.325151876592E-11
AR GRAC 2024 07 05 01 55  0.000000 2  -8.149425578807E-12  1.763732215831E-11
AR GRAC 2024 07 05 01 55 10.000000 2  -8.184617913964E-12  6.863128121370E-12
AR GRAC 2024 07 05 01 55 20.000000 2  -1.224561771429E-11  7.798929037295E-12
AR GRAC 2024 07 05 01 55 30.000000 2  -6.110800233883E-12  5.384729120927E-12
AR GRAC 2024 07 05 01 55 40.000000 2  -1.096188244343E-11  2.359052536649E-11
AR GRAC 2024 07 05 01 55 50.000000 2  -9.584361082560E-12  9.866323903707E-12
AR GRAC 2024 07 05 01 56  0.000000 2  -8.752536022338E-12  9.182117739759E-12
AR GRAC 2024 07 05 01 56 10.000000 2  -1.056790852744E-11  1.327791002148E-11
AR GRAC 2024 07 05 01 56 20.000000 2  -1.120893048517E-11  2.116369926530E-11
AR GRAC 2024 07 05 01 56 30.000000 2  -1.247872985499E-11 -1.020510499022E-12
AR GRAC 2024 07 05 01 56 40.000000 2  -1.028742976222E-11  3.541527487938E-11
AR GRAC 2024 07 05 01 56 50.000000 2  -9.882263410366E-12  4.371061238656E-12
AR GRAC 2024 07 05 01 57  0.000000 2  -1.246491278251E-11  1.206684578647E-11
AR GRAC 2024 07 05 01 57 10.000000 2  -1.317824668834E-11  3.132627404007E-12
AR GRAC 2024 07 05 01 57 20.000000 2  -1.304708858313E-11  2.154840715585E-11
AR GRAC 2024 07 05 01 57 30.000000 2  -1.283997300844E-11  1.806418556405E-11
AR GRAC 2024 07 05 01 57 40.000000 2  -1.282837377992E-11  2.809961898581E-12
AR GRAC 2024 07 05 01 57 50.000000 2  -1.442630910564E-11 -2.784262403965E-12
AR GRAC 2024 07 05 01 58  0.000000 2  -1.857721441956E-11  2.853150875282E-11
AR GRAC 2024 07 05 01 58 10.000000 2  -1.448335635451E-11  2.587280216459E-12
AR GRAC 2024 07 05 01 58 20.000000 2  -1.467375873587E-11  2.667305092074E-11
AR GRAC 2024 07 05 01 58 30.000000 2  -1.234685270690E-11  6.148817132540E-12
AR GRAC 2024 07 05 01 58 40.000000 2  -1.480397054943E-11  1.062458107604E-11
AR GRAC 2024 07 05 01 58 50.000000 2  -1.615877223693E-11  2.118034740650E-11
AR GRAC 2024 07 05 01 59  0.000000 2  -1.531535835653E-11  8.156108600998E-12
AR GRAC 2024 07 05 01 59 10.000000 2  -1.390458668343E-11  1.267186789528E-11
AR GRAC 2024 07 05 01 59 20.000000 2  -1.244552464558E-11  1.745762735761E-11
AR GRAC 2024 07 05 01 59 30.000000 2  -2.132935147947E-11 -2.566615323052E-12
AR GRAC 2024 07 05 01 59 40.000000 2  -9.634263872793E-12  2.210913743750E-11
AR GRAC 2024 07 05 01 59 50.000000 2  -1.850275835324E-11  6.584892353612E-12
AR GRAC 2024 07 05 02 00  0.000000 2  -1.780645596250E-11  2.977064428311E-11
AR GRAC 2024 07 05 02 00 10.000000 2  -1.957945264253E-11  9.936393721710E-12
AR GRAC 2024 07 05 02 00 20.000000 2  -1.574029448448E-11  1.011214115915E-11
AR GRAC 2024 07 05 02 00 30.000000 2  -1.354663430042E-11  8.347885750715E-12
AR GRAC 2024 07 05 02 00 40.000000 2  -1.688067567673E-11  1.647362975199E-11
AR GRAC 2024 07 05 02 00 50.000000 2  -1.445705968134E-11  1.420937239399E-11
AR GRAC 2024 07 05 02 01  0.000000 2  -1.528176196697E-11  5.105115115367E-12
AR GRAC 2024 07 05 02 01 10.000000 2  -1.808709779172E-11  1.200085170128E-11
AR GRAC 2024 07 05 02 01 20.000000 2  -2.106682363279E-11  1.244658889843E-11
AR GRAC 2024 07 05 02 01 30.000000 2  -1.449448547297E-11  1.833232524118E-11
AR GRAC 2024 07 05 02 01 40.000000 2  -1.644682827429E-11  1.728058126281E-12
AR GRAC 2024 07 05 02 01 50.000000 2  -2.245055183425E-11  1.660378952384E-11
AR GRAC 2024 07 05 02 02  0.000000 2  -2.237661098081E-11  2.609518504060E-12
AR GRAC 2024 07 05 02 02 10.000000 2  -2.082889069555E-11  1.242524746287E-11
AR GRAC 2024 07 05 02 02 20.000000 2  -1.712266786691E-11  1.859097251145E-11
AR GRAC 2024 07 05 02 02 30.000000 2  -2.056742449963E-11  2.386669681331E-11
AR GRAC 2024 07 05 02 02 40.000000 2  -1.887074524420E-11  8.424211306833E-13
AR GRAC 2024 07 05 02 02 50.000000 2  -2.263603193775E-11  5.278141639031E-12
AR GRAC 2024 07 05 02 03  0.000000 2  -2.149279018648E-11  1.536386122492E-11
AR GRAC 2024 07 05 02 03 10.000000 2  -1.858645876096E-11 -5.930422385808E-12
AR GRAC 2024 07 05 02 03 20.000000 2  -1.914317662721E-11  5.445294389006E-12
AR GRAC 2024 07 05 02 03 30.000000 2  -2.454216864456E-11  1.061100599747E-11
AR GRAC 2024 07 05 02 03 40.000000 2  -2.067187046539E-11  1.051671943975E-11
AR GRAC 2024 07 05 02 03 50.000000 2  -1.957118668516E-11  1.564242832486E-11
AR GRAC 2024 07 05 02 04  0.000000 2  -2.201835415383E-11  1.244813627177E-11
AR GRAC 2024 07 05 02 04 10.000000 2  -2.264737182511E-11  2.251384495500E-11
AR GRAC 2024 07 05 02 04 20.000000 2  -2.046499948671E-11 -5.300451917656E-12
AR GRAC 2024 07 05 02 04 30.000000 2  -2.223709411053E-11  1.664524941491E-11
AR GRAC 2024 07 05 02 04 40.000000 2  -1.895593057522E-11 -7.489047576525E-12
AR GRAC 2024 07 05 02 04 50.000000 2  -1.956928022406E-11 -1.873348915230E-12
AR GRAC 2024 07 05 02 05  0.000000 2  -2.246028883712E-11  4.222350333954E-12
AR GRAC 2024 07 05 02 05 10.000000 2  -2.363642268022E-11  1.125804571095E-11
AR GRAC 2024 07 05 02 05 20.000000 2  -2.422835022886E-11  2.261373900636E-11
AR GRAC 2024 07 05 02 05 30.000000 2  -2.406444141179E-11  5.709431625395E-12
AR GRAC 2024 07 05 02 05 40.000000 2  -2.101511152597E-11  3.985119959721E-12
AR GRAC 2024 07 05 02 05 50.000000 2  -2.210672096770E-11 -3.959189313202E-12
AR GRAC 2024 07 05 02 06  0.000000 2  -2.061358202188E-11  2.025649613324E-11
AR GRAC 2024 07 05 02 06 10.000000 2  -1.884042054312E-11  4.921830087587E-13
AR GRAC 2024 07 05 02 06 20.000000 2  -2.329535349344E-11  7.977864896480E-12
AR GRAC 2024 07 05 02 06 30.000000 2  -2.042178405548E-11 -1.246454220220E-12
AR GRAC 2024 07 05 02 06 40.000000 2  -2.398246184976E-11  1.976922618663E-11
AR GRAC 2024 07 05 02 06 50.000000 2  -2.084134947955E-11  2.144902961840E-12
AR GRAC 2024 07 05 02 07  0.000000 2  -2.316330981189E-11 -4.479419439540E-12
AR GRAC 2024 07 05 02 07 10.000000 2  -2.412015552566E-11  2.457625249142E-11
AR GRAC 2024 07 05 02 07 20.000000 2  -1.760564610764E-11 -1.298807415784E-11
AR GRAC 2024 07 05 02 07 30.000000 2  -2.433774189126E-11  1.968759703874E-11
AR GRAC 2024 07 05 02 07 40.000000 2  -2.323240558266E-11  5.132665126251E-13
AR GRAC 2024 07 05 02 07 50.000000 2  -1.786039718898E-11  9.689329416931E-13
AR GRAC 2024 07 05 02 08  0.000000 2  -2.381242078520E-11  1.767459789637E-11
AR GRAC 2024 07 05 02 08 10.000000 2  -2.197340746857E-11  2.600262019592E-12
AR GRAC 2024 07 05 02 08 20.000000 2  -2.383573546871E-11 -8.214077855395E-12
AR GRAC 2024 07 05 02 08 30.000000 2  -2.637209374490E-11  1.027158306327E-11
AR GRAC 2024 07 05 02 08 40.000000 2  -1.829844435697E-11  1.898724059923E-11
AR GRAC 2024 07 05 02 08 50.000000 2  -2.483610886395E-11  6.472896871279E-12
AR GRAC 2024 07 05 02 09  0.000000 2  -2.474786695017E-11 -9.114486509282E-13
AR GRAC 2024 07 05 02 09 10.000000 2  -2.118364511583E-11 -3.775795648364E-12
AR GRAC 2024 07 05 02 09 20.000000 2  -2.059370556029E-11  7.849855314379E-12
AR GRAC 2024 07 05 02 09 30.000000 2  -2.120060724198E-11  8.295504040634E-12
AR GRAC 2024 07 05 02 09 40.000000 2  -2.431176787665E-11 -6.358847910032E-12
AR GRAC 2024 07 05 02 09 50.000000 2  -2.141169706815E-11  2.667965403724E-13
AR GRAC 2024 07 05 02 10  0.000000 2  -2.618397165755E-11  6.424415578514E-13
AR GRAC 2024 07 05 02 10 10.000000 2  -2.485626808546E-11  2.828082820011E-12
AR GRAC 2024 07 05 02 10 20.000000 2  -2.124276275717E-11 -5.736277772228E-12
AR GRAC 2024 07 05 02 10 30.000000 2  -2.227417209011E-11  1.072936184343E-11
AR GRAC 2024 07 05 02 10 40.000000 2  -2.109131272410E-11  2.454997143075E-12
AR GRAC 2024 07 05 02 10 50.000000 2  -2.246768916747E-11 -1.387936727354E-11
AR GRAC 2024 07 05 02 11  0.000000 2  -2.328933226825E-11  1.275626392711E-11
AR GRAC 2024 07 05 02 11 10.000000 2  -2.376688255923E-11 -2.988102170212E-12
AR GRAC 2024 07 05 02 11 20.000000 2  -2.224964483488E-11  6.427527347169E-12
AR GRAC 2024 07 05 02 11 30.000000 2  -2.112922857511E-11  5.231532980259E-13
AR GRAC 2024 07 05 02 11 40.000000 2  -2.532970708180E-11 -8.741222155828E-12
AR GRAC 2024 07 05 02 11 50.000000 2  -2.015643728315E-11  1.584402639469E-12
AR GRAC 2024 07 05 02 12  0.000000 2  -1.913670437392E-11  8.790025998739E-12
AR GRAC 2024 07 05 02 12 10.000000 2  -2.132028581459E-11 -2.864354153170E-12
AR GRAC 2024 07 05 02 12 20.000000 2  -1.887627380792E-11 -1.209873520813E-11
AR GRAC 2024 07 05 02 12 30.000000 2  -2.361680295770E-11  3.168813952556E-13
AR GRAC 2024 07 05 02 12 40.000000 2  -2.154871593663E-11  6.072495804810E-12
AR GRAC 2024 07 05 02 12 50.000000 2  -2.489658999794E-11  2.388110108970E-12
AR GRAC 2024 07 05 02 13  0.000000 2  -2.191374859351E-11  2.233720586969E-12
AR GRAC 2024 07 05 02 13 10.000000 2  -2.122030849649E-11  7.079330611309E-12
AR GRAC 2024 07 05 02 13 20.000000 2  -1.887415050639E-11 -1.026506310509E-11
AR GRAC 2024 07 05 02 13 30.000000 2  -1.978469471586E-11 -9.069455256250E-12
AR GRAC 2024 07 05 02 13 40.000000 2  -1.820456112245E-11 -3.963850948863E-12
AR GRAC 2024 07 05 02 13 50.000000 2  -2.145070232551E-11 -9.748249950314E-12
AR GRAC 2024 07 05 02 14  0.000000 2  -2.575181387576E-11  3.097350717920E-12
AR GRAC 2024 07 05 02 14 10.000000 2  -2.196448925518E-11 -1.787048048603E-12
AR GRAC 2024 07 05 02 14 20.000000 2  -2.151227980474E-11  1.298546990422E-12
AR GRAC 2024 07 05 02 14 30.000000 2  -2.040750207710E-11 -7.905856524992E-12
AR GRAC 2024 07 05 02 14 40.000000 2  -1.621637893412E-11  4.849735630447E-12
AR GRAC 2024 07 05 02 14 50.000000 2  -2.017467096160E-11 -1.749467237744E-11
AR GRAC 2024 07 05 02 15  0.000000 2  -1.945955722948E-11  6.190919304983E-12
AR GRAC 2024 07 05 02 15 10.000000 2  -2.023873776902E-11 -1.097349468238E-11
AR GRAC 2024 07 05 02 15 20.000000 2  -2.065897279635E-11 -6.287906827163E-12
AR GRAC 2024 07 05 02 15 30.000000 2  -1.680944619609E-11 -3.202322521739E-12
AR GRAC 2024 07 05 02 15 40.000000 2  -2.616843894354E-11  7.883260016994E-12
AR GRAC 2024 07 05 02 15 50.000000 2  -1.833006142704E-11 -2.771159170190E-12
AR GRAC 2024 07 05 02 16  0.000000 2  -2.296345752439E-11 -1.443558120262E-11
AR GRAC 2024 07 05 02 16 10.000000 2  -2.127743987945E-11 -7.150001077316E-12
AR GRAC 2024 07 05 02 16 20.000000 2  -1.754454741210E-11  7.905572897704E-12
AR GRAC 2024 07 05 02 16 30.000000 2  -1.961437262610E-11 -4.078852273298E-12
AR GRAC 2024 07 05 02 16 40.000000 2  -2.115646546841E-11  1.936717713286E-12
AR GRAC 2024 07 05 02 16 50.000000 2  -1.820856139478E-11 -4.477101198455E-13
AR GRAC 2024 07 05 02 17  0.000000 2  -2.340568711068E-11 -4.962140941200E-12
AR GRAC 2024 07 05 02 17 10.000000 2  -1.518667136491E-11 -1.463657840761E-11
AR GRAC 2024 07 05 02 17 20.000000 2  -1.779254348022E-11  2.808990019754E-12
AR GRAC 2024 07 05 02 17 30.000000 2  -1.327568263654E-11 -8.554485245171E-13
AR GRAC 2024 07 05 02 17 40.000000 2  -1.887180342552E-11  1.230011145020E-11
AR GRAC 2024 07 05 02 17 50.000000 2  -2.163682601142E-11 -1.701432744694E-11
AR GRAC 2024 07 05 02 18  0.000000 2  -1.984671281485E-11 -1.169877042462E-11
AR GRAC 2024 07 05 02 18 10.000000 2  -1.412472829670E-11  7.756785665169E-12
AR GRAC 2024 07 05 02 18 20.000000 2  -1.842040582567E-11  3.542340249255E-12
AR GRAC 2024 07 05 02 18 30.000000 2  -1.673855845596E-11 -4.632107631491E-12
AR GRAC 2024 07 05 02 18 40.000000 2  -1.758740375557E-11 -1.515655830009E-11
AR GRAC 2024 07 05 02 18 50.000000 2  -2.048609719363E-11 -3.891007741702E-12
AR GRAC 2024 07 05 02 19  0.000000 2  -1.351605546235E-11 -2.265461689771E-12
AR GRAC 2024 07 05 02 19 10.000000 2  -1.535475739611E-11 -1.293991736678E-11
AR GRAC 2024 07 05 02 19 20.000000 2  -2.076203618750E-11  9.656263419075E-13
AR GRAC 2024 07 05 02 19 30.000000 2  -1.772983322657E-11 -7.618830913381E-12
AR GRAC 2024 07 05 02 19 40.000000 2  -1.484437919808E-11 -6.263293269443E-12
AR GRAC 2024 07 05 02 19 50.000000 2  -1.682019801219E-11 -1.085775393206E-11
AR GRAC 2024 07 05 02 20  0.000000 2  -1.572612179368E-11  3.127781453977E-12
AR GRAC 2024 07 05 02 20 10.000000 2  -1.271030069389E-11 -1.656682928862E-12
AR GRAC 2024 07 05 02 20 20.000000 2  -1.697103221843E-11 -1.978115414525E-11
AR GRAC 2024 07 05 02 20 30.000000 2  -1.187222976179E-11  5.164381942924E-12
AR GRAC 2024 07 05 02 20 40.000000 2  -1.397191737307E-11 -1.703009087917E-11
AR GRAC 2024 07 05 02 20 50.000000 2  -9.462384001346E-12 -3.445650882672E-13
AR GRAC 2024 07 05 02 21  0.000000 2  -1.459830173411E-11 -1.893903957273E-11
AR GRAC 2024 07 05 02 21 10.000000 2  -1.196390816277E-11 -2.773514274149E-12
AR GRAC 2024 07 05 02 21 20.000000 2  -1.080326540032E-11 -2.427799454530E-11
AR GRAC 2024 07 05 02 21 30.000000 2  -1.795546697436E-11 -5.622473406991E-12
AR GRAC 2024 07 05 02 21 40.000000 2  -8.102875141691E-12 -5.696954193113E-12
AR GRAC 2024 07 05 02 21 50.000000 2  -1.670692403866E-11 -1.319144012774E-11
AR GRAC 2024 07 05 02 22  0.000000 2  -9.559952655891E-12 -1.795592494136E-11
AR GRAC 2024 07 05 02 22 10.000000 2  -1.115973025795E-11 -8.530412487495E-12
AR GRAC 2024 07 05 02 22 20.000000 2  -1.078260571108E-11 -1.263490093800E-11
AR GRAC 2024 07 05 02 22 30.000000 2  -8.909196297369E-12 -3.010939067516E-11
AR GRAC 2024 07 05 02 22 40.000000 2  -1.348606382817E-11  7.446114905219E-12
AR GRAC 2024 07 05 02 22 50.000000 2  -1.127848335558E-11 -1.183837836788E-11
AR GRAC 2024 07 05 02 23  0.000000 2  -1.348727206307E-11  1.817123925288E-12
AR GRAC 2024 07 05 02 23 10.000000 2  -9.719067564640E-12 -6.107372420294E-12
AR GRAC 2024 07 05 02 23 20.000000 2  -1.084062700718E-11 -1.226187294062E-11
AR GRAC 2024 07 05 02 23 30.000000 2  -1.622738055040E-11 -2.045637444159E-11
AR GRAC 2024 07 05 02 23 40.000000 2  -8.698221830306E-12 -2.190876603400E-12
AR GRAC 2024 07 05 02 23 50.000000 2  -7.525343195813E-12 -2.270538271287E-11
AR GRAC 2024 07 05 02 24  0.000000 2  -6.552819918626E-12 -1.009988967460E-11
AR GRAC 2024 07 05 02 24 10.000000 2  -1.118176471554E-11 -1.604398905397E-12
AR GRAC 2024 07 05 02 24 20.000000 2  -1.127136144835E-11 -1.404890787038E-11
AR GRAC 2024 07 05 02 24 30.000000 2  -1.189881266433E-11 -1.866341976797E-11
AR GRAC 2024 07 05 02 24 40.000000 2  -9.882624232849E-12 -7.337935814533E-12
AR GRAC 2024 07 05 02 24 50.000000 2  -1.262703309968E-11 -1.759245006616E-11
AR GRAC 2024 07 05 02 25  0.000000 2  -9.942414079533E-12 -9.006967914560E-12
AR GRAC 2024 07 05 02 25 10.000000 2  -6.479530887532E-12 -5.731488634392E-12
AR GRAC 2024 07 05 02 25 20.000000 2  -7.066623328167E-12 -1.347600937091E-11
AR GRAC 2024 07 05 02 25 30.000000 2  -7.980944898012E-12 -1.720532028480E-12
AR GRAC 2024 07 05 02 25 40.000000 2  -6.998808650682E-12 -4.615057468127E-12
AR GRAC 2024 07 05 02 25 50.000000 2  -6.339628474961E-12 -2.148958268278E-11
AR GRAC 2024 07 05 02 26  0.000000 2  -1.081252969104E-11 -4.454113727154E-12
AR GRAC 2024 07 05 02 26 10.000000 2  -7.007094991046E-12 -1.444864193567E-11
AR GRAC 2024 07 05 02 26 20.000000 2  -1.166283996462E-11 -1.105317486844E-11
AR GRAC 2024 07 05 02 26 30.000000 2  -8.185248485948E-12 -1.436770667718E-11
AR GRAC 2024 07 05 02 26 40.000000 2  -5.893772449250E-12 -1.500224423856E-11
AR GRAC 2024 07 05 02 26 50.000000 2  -6.962781046171E-12 -4.606780668742E-12
AR GRAC 2024 07 05 02 27  0.000000 2  -7.901236956376E-12 -1.224131993688E-11
AR GRAC 2024 07 05 02 27 10.000000 2  -8.179417212983E-12 -1.328586372862E-11
AR GRAC 2024 07 05 02 27 20.000000 2  -7.914014929500E-12 -1.129040437531E-11
AR GRAC 2024 07 05 02 27 30.000000 2  -4.773183150814E-12 -1.283495098398E-11
AR GRAC 2024 07 05 02 27 40.000000 2  -4.316043616254E-12 -2.519494812434E-12
AR GRAC 2024 07 05 02 27 50.000000 2  -5.604567157591E-12 -5.874042571796E-12
AR GRAC 2024 07 05 02 28  0.000000 2  -6.612921581856E-12 -1.761859234894E-11
AR GRAC 2024 07 05 02 28 10.000000 2  -7.949259306361E-12 -3.863145914274E-12
AR GRAC 2024 07 05 02 28 20.000000 2  -5.149680161465E-12 -8.367699762257E-12
AR GRAC 2024 07 05 02 28 30.000000 2  -6.372158876944E-12 -1.785225266226E-11
AR GRAC 2024 07 05 02 28 40.000000 2  -5.378576056758E-12 -9.066811537672E-12
AR GRAC 2024 07 05 02 28 50.000000 2  -4.432483026451E-12 -1.184137076587E-11
AR GRAC 2024 07 05 02 29  0.000000 2  -5.370885593908E-12 -3.345930520496E-12
AR GRAC 2024 07 05 02 29 10.000000 2  -5.055332888415E-12  2.149507785307E-12
AR GRAC 2024 07 05 02 29 20.000000 2  -4.270643355012E-13 -8.215057974159E-12
AR GRAC 2024 07 05 02 29 30.000000 2  -2.375000153140E-12 -1.622962528258E-11
AR GRAC 2024 07 05 02 29 40.000000 2   4.239287740293E-12 -1.369419248137E-11
AR GRAC 2024 07 05 02 29 50.000000 2  -6.982729932464E-12 -2.548760681675E-12
AR GRAC 2024 07 05 02 30  0.000000 2  -5.485163538654E-12 -9.343336000722E-12
AR GRAC 2024 07 05 02 30 10.000000 2  -9.818231297420E-13 -4.737905814206E-12
AR GRAC 2024 07 05 02 30 20.000000 2  -1.322419008066E-13 -1.040248182732E-11
AR GRAC 2024 07 05 02 30 30.000000 2  -5.560602325816E-12 -1.179705725468E-11
AR GRAC 2024 07 05 02 30 40.000000 2  -4.656808792747E-12 -1.021163882620E-11
AR GRAC 2024 07 05 02 30 50.000000 2  -6.731014400366E-13  2.073783419293E-12
AR GRAC 2024 07 05 02 31  0.000000 2  -2.494492676655E-12 -2.900799175518E-12
AR GRAC 2024 07 05 02 31 10.000000 2  -3.047514497700E-13 -5.885383326520E-12
AR GRAC 2024 07 05 02 31 20.000000 2   1.066076372146E-12 -9.399969518042E-12
AR GRAC 2024 07 05 02 31 30.000000 2   8.081342127604E-13  8.715443297613E-12
AR GRAC 2024 07 05 02 31 40.000000 2  -1.816418651775E-13 -2.539145759969E-12
AR GRAC 2024 07 05 02 31 50.000000 2  -2.195979292505E-12 -1.584373778007E-11
AR GRAC 2024 07 05 02 32  0.000000 2   1.171119299627E-12 -6.968329559209E-12
AR GRAC 2024 07 05 02 32 10.000000 2  -5.627028357158E-12  4.027073813306E-12
AR GRAC 2024 07 05 02 32 20.000000 2  -1.697591719974E-12 -5.997520622497E-12
AR GRAC 2024 07 05 02 32 30.000000 2   2.063575222158E-12 -1.295212114644E-11
AR GRAC 2024 07 05 02 32 40.000000 2   5.923857866914E-13 -3.006719222556E-12
AR GRAC 2024 07 05 02 32 50.000000 2   1.326632488759E-12 -1.611323596253E-12
AR GRAC 2024 07 05 02 33  0.000000 2   3.204575710694E-12 -3.155925824491E-12
AR GRAC 2024 07 05 02 33 10.000000 2   5.253766172109E-12 -9.050532025212E-12
AR GRAC 2024 07 05 02 33 20.000000 2  -2.175501532392E-12 -7.975139645899E-12
AR GRAC 2024 07 05 02 33 30.000000 2   2.989571047315E-12 -9.319747230896E-12
AR GRAC 2024 07 05 02 33 40.000000 2   1.076007555625E-12 -4.424359750094E-12
AR GRAC 2024 07 05 02 33 50.000000 2   3.673140350907E-12 -6.978971220373E-12
AR GRAC 2024 07 05 02 34  0.000000 2   6.552419631184E-12 -7.135861996785E-13
AR GRAC 2024 07 05 02 34 10.000000 2   6.928798680639E-12 -2.618202746621E-12
AR GRAC 2024 07 05 02 34 20.000000 2   6.486448531073E-12 -1.138282176849E-11
AR GRAC 2024 07 05 02 34 30.000000 2   1.688786588870E-12  4.902558393971E-12
AR GRAC 2024 07 05 02 34 40.000000 2   3.111766920527E-12 -2.792061070192E-12
AR GRAC 2024 07 05 02 34 50.000000 2   2.950991230891E-12  1.093313699123E-12
AR GRAC 2024 07 05 02 35  0.000000 2   4.237297578785E-12 -6.431310345389E-12
AR GRAC 2024 07 05 02 35 10.000000 2   6.021716979221E-12 -8.295938588865E-12
AR GRAC 2024 07 05 02 35 20.000000 2   3.642506869045E-12  8.019433207773E-12
AR GRAC 2024 07 05 02 35 30.000000 2   1.506437878086E-12  5.864802567201E-12
AR GRAC 2024 07 05 02 35 40.000000 2   4.042905767110E-12 -3.639830624402E-12
AR GRAC 2024 07 05 02 35 50.000000 2   6.386108655776E-12  2.855535469540E-12
AR GRAC 2024 07 05 02 36  0.000000 2   3.783992650469E-12  1.263089806358E-11
AR GRAC 2024 07 05 02 36 10.000000 2   1.423044950107E-12 -6.933738305737E-12
AR GRAC 2024 07 05 02 36 20.000000 2   8.941792618844E-12  1.841620822854E-12
AR GRAC 2024 07 05 02 36 30.000000 2   7.332886034495E-12  3.369812295959E-13
AR GRAC 2024 07 05 02 36 40.000000 2   9.253026296563E-12  1.591233741993E-11
AR GRAC 2024 07 05 02 36 50.000000 2   5.397494517306E-12 -3.112308154252E-12
AR GRAC 2024 07 05 02 37  0.000000 2   6.877037567882E-12 -7.446954511381E-12
AR GRAC 2024 07 05 02 37 10.000000 2   7.072610292563E-12  3.008397133838E-12
AR GRAC 2024 07 05 02 37 20.000000 2   5.860804029589E-12  1.390374707727E-11
AR GRAC 2024 07 05 02 37 30.000000 2   6.368185492822E-12 -3.009066791310E-13
AR GRAC 2024 07 05 02 37 40.000000 2   6.204156979828E-12  1.208444108669E-11
AR GRAC 2024 07 05 02 37 50.000000 2   4.813638636997E-12 -2.090216671621E-12
AR GRAC 2024 07 05 02 38  0.000000 2   8.368622635146E-12  2.145127174849E-12
AR GRAC 2024 07 05 02 38 10.000000 2   8.639131944543E-12  1.064046854099E-11
AR GRAC 2024 07 05 02 38 20.000000 2   8.582497559861E-12  3.505807189691E-12
AR GRAC 2024 07 05 02 38 30.000000 2   1.192492025265E-11  8.481143738692E-12
AR GRAC 2024 07 05 02 38 40.000000 2   9.041116813546E-12  5.026480100201E-12
AR GRAC 2024 07 05 02 38 50.000000 2   1.173771930346E-11  9.891809593654E-12
AR GRAC 2024 07 05 02 39  0.000000 2   7.253572742449E-12  1.010714428817E-11
AR GRAC 2024 07 05 02 39 10.000000 2   8.795048023202E-12  5.402474908406E-12
AR GRAC 2024 07 05 02 39 20.000000 2   7.215006803812E-12  3.847800550405E-12
AR GRAC 2024 07 05 02 39 30.000000 2   1.202073249967E-11  7.413128270961E-12
AR GRAC 2024 07 05 02 39 40.000000 2   4.953653806594E-12  4.378454630111E-12
AR GRAC 2024 07 05 02 39 50.000000 2   9.078951132557E-12  2.546377518564E-11
AR GRAC 2024 07 05 02 40  0.000000 2   1.044893165048E-11  3.709096398075E-12
AR GRAC 2024 07 05 02 40 10.000000 2   8.845382759581E-12 -1.725584627445E-12
AR GRAC 2024 07 05 02 40 20.000000 2   8.583501097392E-12 -7.050267054193E-12
AR GRAC 2024 07 05 02 40 30.000000 2   8.232999351709E-12  1.896504828180E-11
AR GRAC 2024 07 05 02 40 40.000000 2   1.232864851874E-11  4.210362093693E-12
AR GRAC 2024 07 05 02 40 50.000000 2   1.341828991669E-11  6.745674331621E-12
AR GRAC 2024 07 05 02 41  0.000000 2   7.675929336592E-12  2.691098385799E-11
AR GRAC 2024 07 05 02 41 10.000000 2   6.191434517855E-12  9.776292622665E-12
AR GRAC 2024 07 05 02 41 20.000000 2   7.129097659431E-12  2.349159929083E-11
AR GRAC 2024 07 05 02 41 30.000000 2   1.221752300024E-11 -1.403097148016E-12
AR GRAC 2024 07 05 02 41 40.000000 2   1.144250146023E-11  2.670220641821E-11
AR GRAC 2024 07 05 02 41 50.000000 2   1.209969624494E-11  1.052750855240E-11
AR GRAC 2024 07 05 02 42  0.000000 2   1.108672702255E-11  2.740280571900E-11
AR GRAC 2024 07 05 02 42 10.000000 2   1.240350617354E-11  1.015810525973E-11
AR GRAC 2024 07 05 02 42 20.000000 2   1.078629286583E-11  1.341340059857E-11
AR GRAC 2024 07 05 02 42 30.000000 2   1.321392648079E-11  1.204869450738E-11
AR GRAC 2024 07 05 02 42 40.000000 2   1.405376683083E-11  2.130398808753E-11
AR GRAC 2024 07 05 02 42 50.000000 2   1.104097455823E-11  1.113927786817E-11
AR GRAC 2024 07 05 02 43  0.000000 2   1.235701298230E-11  2.998456344327E-11
AR GRAC 2024 07 05 02 43 10.000000 2   1.142780054614E-11  2.598985263114E-11
AR GRAC 2024 07 05 02 43 20.000000 2   1.538318777916E-11  1.655136531303E-12
AR GRAC 2024 07 05 02 43 30.000000 2   1.347137158769E-11  9.910420574466E-12
AR GRAC 2024 07 05 02 43 40.000000 2   1.265269486406E-11  1.652570441601E-11
AR GRAC 2024 07 05 02 43 50.000000 2   1.460427785649E-11  2.288098183145E-11
AR GRAC 2024 07 05 02 44  0.000000 2   1.351805993532E-11  2.310625996094E-11
AR GRAC 2024 07 05 02 44 10.000000 2   1.192050191196E-11  9.681536822237E-12
AR GRAC 2024 07 05 02 44 20.000000 2   1.433560735398E-11  1.741681104894E-11
AR GRAC 2024 07 05 02 44 30.000000 2   1.566036710032E-11  2.507208329838E-11
AR GRAC 2024 07 05 02 44 40.000000 2   1.286257558797E-11  2.784735289585E-11
AR GRAC 2024 07 05 02 44 50.000000 2   1.354373817958E-11  2.256262364442E-11
AR GRAC 2024 07 05 02 45  0.000000 2   1.391088026020E-11  7.557890945031E-12
AR GRAC 2024 07 05 02 45 10.000000 2   1.427567179052E-11  2.593315319432E-11
AR GRAC 2024 07 05 02 45 20.000000 2   1.578388288126E-11  3.238841833619E-11
AR GRAC 2024 07 05 02 45 30.000000 2   1.249086858252E-11  1.586368189588E-11
AR GRAC 2024 07 05 02 45 40.000000 2   1.079042410979E-11  2.326894059379E-11
AR GRAC 2024 07 05 02 45 50.000000 2   1.415772967611E-11  2.004419720480E-11
AR GRAC 2024 07 05 02 46  0.000000 2   1.321803083654E-11  2.506945345759E-11
AR GRAC 2024 07 05 02 46 10.000000 2   1.244387058674E-11  1.556471097841E-11
AR GRAC 2024 07 05 02 46 20.000000 2   1.748175909588E-11  3.094996481323E-11
AR GRAC 2024 07 05 02 46 30.000000 2   1.269195599313E-11  2.408521125596E-11
AR GRAC 2024 07 05 02 46 40.000000 2   1.382987301068E-11  1.561046257537E-11
AR GRAC 2024 07 05 02 46 50.000000 2   1.548683750685E-11  2.974570936787E-11
AR GRAC 2024 07 05 02 47  0.000000 2   1.804518687254E-11  2.205095654684E-11
AR GRAC 2024 07 05 02 47 10.000000 2   1.487864172145E-11  1.611619865338E-11
AR GRAC 2024 07 05 02 47 20.000000 2   1.328044618720E-11  3.751143839992E-11
AR GRAC 2024 07 05 02 47 30.000000 2   1.821374995270E-11  1.970668246642E-11
AR GRAC 2024 07 05 02 47 40.000000 2   1.775620449285E-11  9.591920140106E-12
AR GRAC 2024 07 05 02 47 50.000000 2   1.809637509287E-11  1.751715439369E-11
AR GRAC 2024 07 05 02 48  0.000000 2   1.460451377888E-11  2.491239159408E-11
AR GRAC 2024 07 05 02 48 10.000000 2   1.483943176672E-11  3.394762596032E-11
AR GRAC 2024 07 05 02 48 20.000000 2   1.799472897079E-11  1.020285418651E-11
AR GRAC 2024 07 05 02 48 30.000000 2   1.541020956675E-11  1.893808547482E-11
AR GRAC 2024 07 05 02 48 40.000000 2   1.868777528558E-11  2.325331247000E-11
AR GRAC 2024 07 05 02 48 50.000000 2   2.040827749850E-11  2.527853794343E-11
AR GRAC 2024 07 05 02 49  0.000000 2   1.296240025039E-11  1.608376279383E-11
AR GRAC 2024 07 05 02 49 10.000000 2   1.327397306655E-11  2.532898543683E-11
AR GRAC 2024 07 05 02 49 20.000000 2   1.797202664466E-11  2.487420686093E-11
AR GRAC 2024 07 05 02 49 30.000000 2   1.960884926655E-11  2.025942434647E-11
AR GRAC 2024 07 05 02 49 40.000000 2   1.904946166087E-11  1.813464135803E-11
AR GRAC 2024 07 05 02 49 50.000000 2   2.293119513719E-11  1.739985586169E-11
AR GRAC 2024 07 05 02 50  0.000000 2   1.891273596066E-11  2.084506872668E-11
AR GRAC 2024 07 05 02 50 10.000000 2   2.035408994128E-11  2.549027829091E-11
AR GRAC 2024 07 05 02 50 20.000000 2   2.199842044637E-11  1.589549152026E-11
AR GRAC 2024 07 05 02 50 30.000000 2   1.747304037569E-11  2.838069883271E-11
AR GRAC 2024 07 05 02 50 40.000000 2   1.894970812211E-11  1.677590358296E-11
AR GRAC 2024 07 05 02 50 50.000000 2   2.135663174085E-11  2.419110918528E-11
AR GRAC 2024 07 05 02 51  0.000000 2   1.700127712223E-11  2.807631037383E-11
AR GRAC 2024 07 05 02 51 10.000000 2   2.030665045838E-11  2.837151347190E-11
AR GRAC 2024 07 05 02 51 20.000000 2   1.725717659051E-11  2.117671142610E-11
AR GRAC 2024 07 05 02 51 30.000000 2   1.947421043869E-11  3.292191172455E-11
AR GRAC 2024 07 05 02 51 40.000000 2   1.864687397546E-11  1.028710450157E-11
AR GRAC 2024 07 05 02 51 50.000000 2   1.879910289937E-11  3.062229636530E-11
AR GRAC 2024 07 05 02 52  0.000000 2   2.311079973227E-11  2.829748761701E-11
AR GRAC 2024 07 05 02 52 10.000000 2   1.734543411680E-11  2.484267826175E-11
AR GRAC 2024 07 05 02 52 20.000000 2   2.083807085218E-11  3.139787041473E-11
AR GRAC 2024 07 05 02 52 30.000000 2   1.939657462424E-11  1.628305303092E-11
AR GRAC 2024 07 05 02 52 40.000000 2   2.183913466736E-11  3.084823715915E-11
AR GRAC 2024 07 05 02 52 50.000000 2   2.038226878942E-11  2.870342331873E-11
AR GRAC 2024 07 05 02 53  0.000000 2   2.213427878484E-11  2.589860270685E-11
AR GRAC 2024 07 05 02 53 10.000000 2   2.307616250863E-11  1.850378010537E-11
AR GRAC 2024 07 05 02 53 20.000000 2   2.262878773251E-11  3.660896238933E-11
AR GRAC 2024 07 05 02 53 30.000000 2   1.756967314692E-11  2.315413312470E-11
AR GRAC 2024 07 05 02 53 40.000000 2   2.152709087377E-11  3.587930993976E-11
AR GRAC 2024 07 05 02 53 50.000000 2   2.407096050261E-11  3.710447921135E-11
AR GRAC 2024 07 05 02 54  0.000000 2   2.117025998949E-11  1.657964911195E-11
AR GRAC 2024 07 05 02 54 10.000000 2   2.176530830567E-11  3.830482112055E-11
AR GRAC 2024 07 05 02 54 20.000000 2   2.425496609115E-11  2.426998706173E-11
AR GRAC 2024 07 05 02 54 30.000000 2   1.994113034420E-11  2.148515046430E-11
AR GRAC 2024 07 05 02 54 40.000000 2   2.541223655117E-11  3.543031493192E-11
AR GRAC 2024 07 05 02 54 50.000000 2   2.101910312469E-11  2.033547635838E-11
AR GRAC 2024 07 05 02 55  0.000000 2   2.374296245722E-11  3.263063430570E-11
AR GRAC 2024 07 05 02 55 10.000000 2   2.377913317642E-11  1.739579313931E-11
AR GRAC 2024 07 05 02 55 20.000000 2   2.072918052487E-11  2.750094769965E-11
AR GRAC 2024 07 05 02 55 30.000000 2   1.955646235230E-11  2.729610287799E-11
AR GRAC 2024 07 05 02 55 40.000000 2   2.025310301412E-11  9.121255833966E-12
AR GRAC 2024 07 05 02 55 50.000000 2   2.253233363780E-11  4.174640494403E-11
AR GRAC 2024 07 05 02 56  0.000000 2   2.506980560646E-11  2.723155555218E-11
AR GRAC 2024 07 05 02 56 10.000000 2   2.419651284891E-11  2.964670176020E-11
AR GRAC 2024 07 05 02 56 20.000000 2   2.146460786889E-11  2.736184542829E-11
AR GRAC 2024 07 05 02 56 30.000000 2   2.085166761479E-11  2.849698949037E-11
AR GRAC 2024 07 05 02 56 40.000000 2   2.271742863269E-11  1.582213179918E-11
AR GRAC 2024 07 05 02 56 50.000000 2   2.770487485260E-11  2.847727262334E-11
AR GRAC 2024 07 05 02 57  0.000000 2   2.099848767090E-11  3.768241274571E-11
AR GRAC 2024 07 05 02 57 10.000000 2   2.234365296949E-11  3.552754618275E-11
AR GRAC 2024 07 05 02 57 20.000000 2   2.160701652321E-11  1.844267967510E-11
AR GRAC 2024 07 05 02 57 30.000000 2   2.597579443209E-11  2.496781253969E-11
AR GRAC 2024 07 05 02 57 40.000000 2   2.784759228769E-11  1.550294441433E-11
AR GRAC 2024 07 05 02 57 50.000000 2   2.670045261277E-11  4.250807345008E-11
AR GRAC 2024 07 05 02 58  0.000000 2   2.268818292961E-11  1.540320128390E-11
AR GRAC 2024 07 05 02 58 10.000000 2   2.467646746662E-11  2.151832531605E-11
AR GRAC 2024 07 05 02 58 20.000000 2   2.357901374150E-11  3.313344737466E-11
AR GRAC 2024 07 05 02 58 30.000000 2   2.869617043988E-11  1.196857023211E-11
AR GRAC 2024 07 05 02 58 40.000000 2   2.896043821421E-11  2.738369080102E-11
AR GRAC 2024 07 05 02 58 50.000000 2   2.856084119207E-11  1.750880863904E-11
AR GRAC 2024 07 05 02 59  0.000000 2   2.057930041655E-11  2.444392604994E-11
AR GRAC 2024 07 05 02 59 10.000000 2   2.714427294048E-11  3.633903941647E-11
AR GRAC 2024 07 05 02 59 20.000000 2   2.900214270130E-11  3.099415515906E-11
AR GRAC 2024 07 05 02 59 30.000000 2   2.494644942008E-11  3.454926622570E-11
AR GRAC 2024 07 05 02 59 40.000000 2   2.541243257492E-11  2.573437470066E-11
AR GRAC 2024 07 05 02 59 50.000000 2   2.440279228688E-11  3.712948004608E-11
AR GRAC 2024 07 05 03 00  0.000000 2   2.882501876078E-11  1.862458971769E-11
AR GRAC 2024 07 05 03 00 10.000000 2   2.386305562874E-11  1.946968974931E-11
AR GRAC 2024 07 05 03 00 20.000000 2   2.848779545594E-11  1.991479203767E-11
AR GRAC 2024 07 05 03 00 30.000000 2   2.654406382196E-11  2.793989345440E-11
AR GRAC 2024 07 05 03 00 40.000000 2   2.795193243532E-11  3.212499016803E-11
AR GRAC 2024 07 05 03 00 50.000000 2   2.733992893189E-11  3.168008910759E-11
AR GRAC 2024 07 05 03 01  0.000000 2   2.202805472751E-11  2.551518371585E-11
AR GRAC 2024 07 05 03 01 10.000000 2   2.653721860313E-11  2.713027719148E-11
AR GRAC 2024 07 05 03 01 20.000000 2   2.889772275638E-11  2.251536804221E-11
AR GRAC 2024 07 05 03 01 30.000000 2   2.649029086366E-11  3.493045783176E-11
AR GRAC 2024 07 05 03 01 40.000000 2   2.433645299171E-11  4.004554673975E-11
AR GRAC 2024 07 05 03 01 50.000000 2   2.980672306196E-11  3.064063239244E-11
AR GRAC 2024 07 05 03 02  0.000000 2   2.705334914421E-11  1.053571552917E-11
AR GRAC 2024 07 05 03 02 10.000000 2   3.122816588652E-11  3.728079997489E-11
AR GRAC 2024 07 05 03 02 20.000000 2   2.792597923740E-11  2.945587523895E-11
AR GRAC 2024 07 05 03 02 30.000000 2   2.497191169126E-11  2.324095950412E-11
AR GRAC 2024 07 05 03 02 40.000000 2   2.529944483076E-11  2.703603313448E-11
AR GRAC 2024 07 05 03 02 50.000000 2   2.678212686347E-11  1.649110882573E-11
AR GRAC 2024 07 05 03 03  0.000000 2   2.881694015355E-11  4.752618090742E-11
AR GRAC 2024 07 05 03 03 10.000000 2   2.801700364763E-11  3.110125351702E-11
AR GRAC 2024 07 05 03 03 20.000000 2   2.865953308007E-11  2.003632502967E-11
AR GRAC 2024 07 05 03 03 30.000000 2   2.524185721553E-11  3.360139250175E-11
AR GRAC 2024 07 05 03 03 40.000000 2   3.171465173812E-11  4.672645950721E-11
AR GRAC 2024 07 05 03 03 50.000000 2   2.704807905429E-11  2.627152488610E-11
AR GRAC 2024 07 05 03 04  0.000000 2   3.266868719987E-11  2.013658510769E-11
AR GRAC 2024 07 05 03 04 10.000000 2   2.926784856139E-11  2.622164811672E-11
AR GRAC 2024 07 05 03 04 20.000000 2   2.650578541374E-11  3.897670727837E-11
AR GRAC 2024 07 05 03 04 30.000000 2   2.609162191858E-11  1.541176214426E-11
AR GRAC 2024 07 05 03 04 40.000000 2   2.777972990531E-11  4.794682012532E-11
AR GRAC 2024 07 05 03 04 50.000000 2   3.188000557985E-11  2.338187282680E-11
AR GRAC 2024 07 05 03 05  0.000000 2   2.935198611942E-11  2.956692529699E-11
AR GRAC 2024 07 05 03 05 10.000000 2   3.218116051418E-11  1.363197662391E-11
AR GRAC 2024 07 05 03 05 20.000000 2   2.380297174642E-11  3.613702392880E-11
AR GRAC 2024 07 05 03 05 30.000000 2   2.586197402066E-11  3.056206676622E-11
AR GRAC 2024 07 05 03 05 40.000000 2   2.821349404103E-11  1.863711615591E-11
AR GRAC 2024 07 05 03 05 50.000000 2   2.409745146481E-11  1.723215667382E-11
AR GRAC 2024 07 05 03 06  0.000000 2   3.315731370024E-11  3.754719798965E-11
AR GRAC 2024 07 05 03 06 10.000000 2   2.814442082166E-11  2.695223731697E-11
AR GRAC 2024 07 05 03 06 20.000000 2   2.738956110526E-11  3.318727237467E-11
AR GRAC 2024 07 05 03 06 30.000000 2   3.082237243213E-11  1.277231185398E-11
AR GRAC 2024 07 05 03 06 40.000000 2   3.132738859990E-11  3.161734415946E-11
AR GRAC 2024 07 05 03 06 50.000000 2   2.668803546213E-11  3.495237779760E-11
AR GRAC 2024 07 05 03 07  0.000000 2   2.887294743570E-11  1.764740610588E-11
AR GRAC 2024 07 05 03 07 10.000000 2   2.626000979167E-11  2.031243576117E-11
AR GRAC 2024 07 05 03 07 20.000000 2   3.004809595586E-11  3.251746094612E-11
AR GRAC 2024 07 05 03 07 30.000000 2   2.593737898071E-11  1.000248668614E-11
AR GRAC 2024 07 05 03 07 40.000000 2   2.791462894169E-11  1.547751336817E-11
AR GRAC 2024 07 05 03 07 50.000000 2   2.910930177458E-11  2.630253306823E-11
AR GRAC 2024 07 05 03 08  0.000000 2   2.711465427185E-11  2.680755270545E-11
AR GRAC 2024 07 05 03 08 10.000000 2   2.695398938768E-11  1.618256917357E-11
AR GRAC 2024 07 05 03 08 20.000000 2   2.425636427827E-11  1.650758522931E-11
AR GRAC 2024 07 05 03 08 30.000000 2   3.218489016965E-11  1.848260086645E-11
AR GRAC 2024 07 05 03 08 40.000000 2   2.735526562214E-11  3.047761001906E-11
AR GRAC 2024 07 05 03 08 50.000000 2   2.697557281717E-11  3.468262482764E-11
AR GRAC 2024 07 05 03 09  0.000000 2   2.149382755112E-11  2.020763244237E-11
AR GRAC 2024 07 05 03 09 10.000000 2   2.845910486438E-11  9.432639565266E-12
AR GRAC 2024 07 05 03 09 20.000000 2   2.622949427100E-11  3.370764431465E-11
AR GRAC 2024 07 05 03 09 30.000000 2   2.681943209182E-11  2.790265067609E-11
AR GRAC 2024 07 05 03 09 40.000000 2   2.498089061997E-11  3.548765101224E-11
AR GRAC 2024 07 05 03 09 50.000000 2   2.817475940053E-11  2.884264875547E-11
AR GRAC 2024 07 05 03 10  0.000000 2   2.405544340112E-11  2.395764836516E-11
AR GRAC 2024 07 05 03 10 10.000000 2   2.806303280034E-11  1.863264403879E-11
AR GRAC 2024 07 05 03 10 20.000000 2   2.509173077647E-11  1.875763780412E-11
AR GRAC 2024 07 05 03 10 30.000000 2   2.134257701125E-11  2.591263315033E-11
AR GRAC 2024 07 05 03 10 40.000000 2   2.679998410693E-11  2.188762365796E-11
AR GRAC 2024 07 05 03 10 50.000000 2   1.988699482869E-11  2.142261021354E-11
AR GRAC 2024 07 05 03 11  0.000000 2   1.944306868285E-11  1.675760051556E-11
AR GRAC 2024 07 05 03 11 10.000000 2   2.252664201008E-11  1.955258524533E-11
AR GRAC 2024 07 05 03 11 20.000000 2   2.749020976134E-11  3.163756756575E-11
AR GRAC 2024 07 05 03 11 30.000000 2   2.428277544320E-11  3.602550115861E-12
AR GRAC 2024 07 05 03 11 40.000000 2   2.376929382486E-11  2.199753053322E-11
AR GRAC 2024 07 05 03 11 50.000000 2   2.029407024373E-11  2.000250833023E-11
AR GRAC 2024 07 05 03 12  0.000000 2   1.963251262949E-11  2.132748491701E-11
AR GRAC 2024 07 05 03 12 10.000000 2   1.961110787652E-11  2.341246120585E-11
AR GRAC 2024 07 05 03 12 20.000000 2   2.449211840283E-11  1.931743480454E-11
AR GRAC 2024 07 05 03 12 30.000000 2   1.847746781969E-11  1.525240524158E-11
AR GRAC 2024 07 05 03 12 40.000000 2   1.792959877789E-11  2.727737480335E-11
AR GRAC 2024 07 05 03 12 50.000000 2   2.243285938952E-11  1.172234097985E-11
AR GRAC 2024 07 05 03 13  0.000000 2   1.903941067305E-11  1.995730664062E-11
AR GRAC 2024 07 05 03 13 10.000000 2   1.906095940807E-11  1.540227320684E-11
AR GRAC 2024 07 05 03 13 20.000000 2   1.551287397150E-11  1.926723364187E-11
AR GRAC 2024 07 05 03 13 30.000000 2   2.084454137075E-11  1.933219556660E-11
AR GRAC 2024 07 05 03 13 40.000000 2   2.087265082995E-11  2.081715182178E-11
AR GRAC 2024 07 05 03 13 50.000000 2   1.730413902445E-11  1.483210949893E-11
AR GRAC 2024 07 05 03 14  0.000000 2   2.005137375582E-11  2.183706514225E-11
AR GRAC 2024 07 05 03 14 10.000000 2   2.356776232504E-11  1.555201974146E-11
AR GRAC 2024 07 05 03 14 20.000000 2   2.002959083314E-11  1.366696859850E-11
AR GRAC 2024 07 05 03 14 30.000000 2   1.953719130920E-11  1.856192109739E-11
AR GRAC 2024 07 05 03 14 40.000000 2   1.776528577024E-11  1.675686846225E-11
AR GRAC 2024 07 05 03 14 50.000000 2   1.887401693268E-11  2.504181237373E-11
AR GRAC 2024 07 05 03 15  0.000000 2   1.484657882744E-11  1.161675790284E-11
AR GRAC 2024 07 05 03 15 10.000000 2   1.770972604676E-11  1.822170019039E-11
AR GRAC 2024 07 05 03 15 20.000000 2   1.470417190785E-11  9.836640182947E-12
AR GRAC 2024 07 05 03 15 30.000000 2   1.538860358585E-11  7.831580002560E-12
AR GRAC 2024 07 05 03 15 40.000000 2   1.759985039651E-11  1.526651721706E-11
AR GRAC 2024 07 05 03 15 50.000000 2   1.415955373785E-11  1.244145238222E-11
AR GRAC 2024 07 05 03 16  0.000000 2   1.660596139763E-11  1.637638635810E-11
AR GRAC 2024 07 05 03 16 10.000000 2   1.507087336872E-11  2.510131685840E-11
AR GRAC 2024 07 05 03 16 20.000000 2   1.332902711815E-11  1.708624734753E-11
AR GRAC 2024 07 05 03 16 30.000000 2   1.291949793675E-11  1.087117635495E-11
AR GRAC 2024 07 05 03 16 40.000000 2   1.740716945586E-11  2.260610275362E-11
AR GRAC 2024 07 05 03 16 50.000000 2   1.255539335693E-11  2.084102682098E-11
AR GRAC 2024 07 05 03 17  0.000000 2   1.210243537331E-11  1.523595138941E-11
AR GRAC 2024 07 05 03 17 10.000000 2   1.283969632004E-11  1.950086966906E-11
AR GRAC 2024 07 05 03 17 20.000000 2   1.704385417522E-11  1.778578846701E-11
AR GRAC 2024 07 05 03 17 30.000000 2   7.929965711861E-12  1.211070913693E-11
AR GRAC 2024 07 05 03 17 40.000000 2   1.336387424333E-11  1.011562274916E-11
AR GRAC 2024 07 05 03 17 50.000000 2   1.137282715918E-11  1.080053668029E-11
AR GRAC 2024 07 05 03 18  0.000000 2   7.807809954130E-12  2.218544792321E-11
AR GRAC 2024 07 05 03 18 10.000000 2   1.301525553998E-11  1.615035709335E-11
AR GRAC 2024 07 05 03 18 20.000000 2   6.187259472129E-12  9.815268389723E-12
AR GRAC 2024 07 05 03 18 30.000000 2   7.073694061055E-12  2.075017414838E-11
AR GRAC 2024 07 05 03 18 40.000000 2   1.173497930773E-11  2.458507876446E-11
AR GRAC 2024 07 05 03 18 50.000000 2   6.147059857659E-12  1.319998017141E-11
AR GRAC 2024 07 05 03 19  0.000000 2   1.013372979281E-11  1.208488344118E-11
AR GRAC 2024 07 05 03 19 10.000000 2   1.290252019809E-11  1.041978309191E-11
AR GRAC 2024 07 05 03 19 20.000000 2   5.031138700096E-12  1.211468078632E-11
AR GRAC 2024 07 05 03 19 30.000000 2   6.983400836769E-12  1.331957634465E-11
AR GRAC 2024 07 05 03 19 40.000000 2   7.470255317110E-12  1.025447088354E-11
AR GRAC 2024 07 05 03 19 50.000000 2   9.326713880375E-12  6.319362567953E-12
AR GRAC 2024 07 05 03 20  0.000000 2   5.887685304573E-12  1.578425411208E-11
AR GRAC 2024 07 05 03 20 10.000000 2   1.094202419644E-11  1.024914094566E-11
AR GRAC 2024 07 05 03 20 20.000000 2   3.362576059610E-12  8.704029684503E-12
AR GRAC 2024 07 05 03 20 30.000000 2   7.722199615867E-12  7.568914245359E-12
AR GRAC 2024 07 05 03 20 40.000000 2   7.989588157731E-12  1.653379690103E-11
AR GRAC 2024 07 05 03 20 50.000000 2  -4.616600274266E-14  1.138679103264E-12
AR GRAC 2024 07 05 03 21  0.000000 2   4.241504716895E-12  1.032355971542E-11
AR GRAC 2024 07 05 03 21 10.000000 2   6.490394159619E-12  4.758436700225E-12
AR GRAC 2024 07 05 03 21 20.000000 2   2.261219206670E-12  1.055331256411E-11
AR GRAC 2024 07 05 03 21 30.000000 2   2.040147347934E-12  3.758188205083E-12
AR GRAC 2024 07 05 03 21 40.000000 2   4.422518341124E-12 -3.716939516590E-12
AR GRAC 2024 07 05 03 21 50.000000 2   1.099899861402E-13  2.203793050826E-11
AR GRAC 2024 07 05 03 22  0.000000 2  -5.907843116625E-13 -3.727199972270E-12
AR GRAC 2024 07 05 03 22 10.000000 2   1.363686724307E-12  1.943766675394E-11
AR GRAC 2024 07 05 03 22 20.000000 2   1.920320890150E-12  1.418253275237E-11
AR GRAC 2024 07 05 03 22 30.000000 2  -2.801428143281E-12 -5.212604653471E-12
AR GRAC 2024 07 05 03 22 40.000000 2   4.151720633949E-12  6.582259043375E-12
AR GRAC 2024 07 05 03 22 50.000000 2   1.040102140699E-12  4.127118351932E-12
AR GRAC 2024 07 05 03 23  0.000000 2  -4.760455267830E-13  8.911975324377E-12
AR GRAC 2024 07 05 03 23 10.000000 2  -1.655110835712E-12 -6.163167632495E-12
AR GRAC 2024 07 05 03 23 20.000000 2   2.164724129117E-12  4.711688938314E-12
AR GRAC 2024 07 05 03 23 30.000000 2  -2.005555443940E-12  1.407653941327E-11
AR GRAC 2024 07 05 03 23 40.000000 2  -3.451545473043E-12  1.048139179616E-11
AR GRAC 2024 07 05 03 23 50.000000 2  -2.848205178652E-12  9.426241037724E-12
AR GRAC 2024 07 05 03 24  0.000000 2   2.592467907014E-12 -6.118912234537E-12
AR GRAC 2024 07 05 03 24 10.000000 2  -3.434087432821E-12  1.354593347214E-11
AR GRAC 2024 07 05 03 24 20.000000 2  -3.282825942509E-13  6.430777785282E-12
AR GRAC 2024 07 05 03 24 30.000000 2  -3.792324961005E-12  6.545620382520E-12
AR GRAC 2024 07 05 03 24 40.000000 2   1.477333988649E-12  1.176046066087E-11
AR GRAC 2024 07 05 03 24 50.000000 2  -2.548421543236E-12 -4.874702204394E-12
AR GRAC 2024 07 05 03 25  0.000000 2  -6.698259568533E-12  1.079013441097E-11
AR GRAC 2024 07 05 03 25 10.000000 2  -3.291217558904E-12  1.112496986894E-11
AR GRAC 2024 07 05 03 25 20.000000 2  -3.532407439472E-12 -8.020196486103E-12
AR GRAC 2024 07 05 03 25 30.000000 2  -6.061305103666E-12  3.464635045872E-12
AR GRAC 2024 07 05 03 25 40.000000 2  -7.043393646100E-12  4.609463852279E-12
AR GRAC 2024 07 05 03 25 50.000000 2  -7.828190352888E-12  5.942918141107E-13
AR GRAC 2024 07 05 03 26  0.000000 2  -8.524689634748E-12  1.197911821821E-11
AR GRAC 2024 07 05 03 26 10.000000 2  -4.955710754956E-12  7.153942369054E-12
AR GRAC 2024 07 05 03 26 20.000000 2  -3.021073408799E-12  3.358764872133E-12
AR GRAC 2024 07 05 03 26 30.000000 2  -1.047675314558E-11 -1.456641578190E-11
AR GRAC 2024 07 05 03 26 40.000000 2  -1.081640246120E-11  9.698404405956E-12
AR GRAC 2024 07 05 03 26 50.000000 2  -9.424567029570E-12  3.083221828890E-12
AR GRAC 2024 07 05 03 27  0.000000 2  -6.554009505250E-12  1.676803487727E-11
AR GRAC 2024 07 05 03 27 10.000000 2  -1.204594236859E-11 -4.077149642207E-12
AR GRAC 2024 07 05 03 27 20.000000 2  -5.287873871412E-12  1.429766114530E-11
AR GRAC 2024 07 05 03 27 30.000000 2  -1.007885094828E-11  6.082471765839E-12
AR GRAC 2024 07 05 03 27 40.000000 2  -7.812408706065E-12 -8.662722449093E-12
AR GRAC 2024 07 05 03 27 50.000000 2  -1.069546968352E-11  1.006208571325E-11
AR GRAC 2024 07 05 03 28  0.000000 2  -1.008130905145E-11 -2.673109563561E-12
AR GRAC 2024 07 05 03 28 10.000000 2  -1.242138423369E-11  1.140169122310E-11
AR GRAC 2024 07 05 03 28 20.000000 2  -1.040279321018E-11  1.186493611693E-12
AR GRAC 2024 07 05 03 28 30.000000 2  -1.420576243444E-11  9.411291190808E-12
AR GRAC 2024 07 05 03 28 40.000000 2  -1.182109098108E-11 -3.603909922226E-12
AR GRAC 2024 07 05 03 28 50.000000 2  -1.418741426423E-11 -2.819115600683E-12
AR GRAC 2024 07 05 03 29  0.000000 2  -1.383657858428E-11 -1.244320727185E-12
AR GRAC 2024 07 05 03 29 10.000000 2  -1.138368566078E-11  1.210471826940E-12
AR GRAC 2024 07 05 03 29 20.000000 2  -1.740006749795E-11  6.795260101139E-12
AR GRAC 2024 07 05 03 29 30.000000 2  -1.803077999407E-11  5.060049167865E-12
AR GRAC 2024 07 05 03 29 40.000000 2  -1.286819522467E-11 -9.385165387898E-12
AR GRAC 2024 07 05 03 29 50.000000 2  -1.893812710818E-11  9.719620941429E-12
AR GRAC 2024 07 05 03 30  0.000000 2  -1.179876422258E-11  2.314402575837E-12
AR GRAC 2024 07 05 03 30 10.000000 2  -1.194383654479E-11  7.879183416826E-12
AR GRAC 2024 07 05 03 30 20.000000 2  -1.304371281124E-11 -7.036036250158E-12
AR GRAC 2024 07 05 03 30 30.000000 2  -1.425692983809E-11  3.088740201107E-12
AR GRAC 2024 07 05 03 30 40.000000 2  -1.373800899429E-11  6.333516610474E-12
AR GRAC 2024 07 05 03 30 50.000000 2  -1.738036624344E-11  7.948290463300E-12
AR GRAC 2024 07 05 03 31  0.000000 2  -1.495771909110E-11  9.623063630670E-12
AR GRAC 2024 07 05 03 31 10.000000 2  -1.977748173565E-11  4.697833268230E-12
AR GRAC 2024 07 05 03 31 20.000000 2  -1.981106251270E-11 -1.237398421575E-12
AR GRAC 2024 07 05 03 31 30.000000 2  -1.621765048643E-11  6.697369221709E-12
AR GRAC 2024 07 05 03 31 40.000000 2  -1.659551489286E-11 -3.697866231972E-12
AR GRAC 2024 07 05 03 31 50.000000 2  -1.622092044018E-11  1.202689683955E-11
AR GRAC 2024 07 05 03 32  0.000000 2  -1.573566103807E-11 -3.598341243027E-12
AR GRAC 2024 07 05 03 32 10.000000 2  -1.701290670841E-11 -2.146358264732E-11
AR GRAC 2024 07 05 03 32 20.000000 2  -1.903825187777E-11  9.411174964336E-12
AR GRAC 2024 07 05 03 32 30.000000 2  -2.537360946353E-11  5.715932935302E-12
AR GRAC 2024 07 05 03 32 40.000000 2  -1.526682946729E-11 -1.718931420813E-11
AR GRAC 2024 07 05 03 32 50.000000 2  -1.572591015742E-11  1.231543686475E-11
AR GRAC 2024 07 05 03 33  0.000000 2  -1.711198370502E-11 -1.786981153329E-11
AR GRAC 2024 07 05 03 33 10.000000 2  -1.803813869106E-11  2.212493729892E-11
AR GRAC 2024 07 05 03 33 20.000000 2  -2.497395866496E-11  4.179685677425E-12
AR GRAC 2024 07 05 03 33 30.000000 2  -1.928289299069E-11 -1.566556953603E-11
AR GRAC 2024 07 05 03 33 40.000000 2  -1.975214609928E-11  6.849173572049E-12
AR GRAC 2024 07 05 03 33 50.000000 2  -2.431851595097E-11 -1.060608545433E-11
AR GRAC 2024 07 05 03 34  0.000000 2  -1.943091521017E-11 -2.113446001322E-13
AR GRAC 2024 07 05 03 34 10.000000 2  -2.095413946523E-11  9.803393340169E-12
AR GRAC 2024 07 05 03 34 20.000000 2  -1.847314488879E-11 -4.018694556816E-13
AR GRAC 2024 07 05 03 34 30.000000 2  -2.259831557994E-11  9.392862355961E-12
AR GRAC 2024 07 05 03 34 40.000000 2  -2.268947876805E-11 -1.510240196789E-11
AR GRAC 2024 07 05 03 34 50.000000 2  -2.389486525312E-11  9.242328256887E-12
AR GRAC 2024 07 05 03 35  0.000000 2  -1.906620868131E-11 -3.762943082131E-12
AR GRAC 2024 07 05 03 35 10.000000 2  -2.282522088004E-11 -6.958216555025E-12
AR GRAC 2024 07 05 03 35 20.000000 2  -2.490884581929E-11  6.496509927234E-12
AR GRAC 2024 07 05 03 35 30.000000 2  -1.819199825503E-11  1.771233333614E-12
AR GRAC 2024 07 05 03 35 40.000000 2  -2.064049452188E-11 -4.984044427170E-12
AR GRAC 2024 07 05 03 35 50.000000 2  -2.492051183467E-11  1.370676142032E-12
AR GRAC 2024 07 05 03 36  0.000000 2  -2.255531872386E-11 -6.674605312895E-12
AR GRAC 2024 07 05 03 36 10.000000 2  -1.969039167826E-11 -2.569889396772E-12
AR GRAC 2024 07 05 03 36 20.000000 2  -2.666521344008E-11  1.364823943965E-12
AR GRAC 2024 07 05 03 36 30.000000 2  -1.992643897109E-11 -3.590462562680E-12
AR GRAC 2024 07 05 03 36 40.000000 2  -2.852364872075E-11  1.162425017354E-11
AR GRAC 2024 07 05 03 36 50.000000 2  -2.692361437961E-11 -2.731041087722E-12
AR GRAC 2024 07 05 03 37  0.000000 2  -2.278145554147E-11 -1.042633514248E-11
AR GRAC 2024 07 05 03 37 10.000000 2  -2.433721453532E-11  5.883717991984E-13
AR GRAC 2024 07 05 03 37 20.000000 2  -2.263992812668E-11  5.930759355843E-13
AR GRAC 2024 07 05 03 37 30.000000 2  -2.203114253529E-11 -3.142221725871E-12
AR GRAC 2024 07 05 03 37 40.000000 2  -2.098410681328E-11 -1.143752280386E-11
AR GRAC 2024 07 05 03 37 50.000000 2  -2.632439058403E-11  1.807717864288E-11
AR GRAC 2024 07 05 03 38  0.000000 2  -2.295444737066E-11 -1.548127511602E-12
AR GRAC 2024 07 05 03 38 10.000000 2  -2.232436284444E-11 -5.073429523716E-12
AR GRAC 2024 07 05 03 38 20.000000 2  -2.737698436006E-11 -1.696873717927E-11
AR GRAC 2024 07 05 03 38 30.000000 2  -2.665242332389E-11 -6.994046834741E-12
AR GRAC 2024 07 05 03 38 40.000000 2  -2.530025668135E-11 -1.020935593010E-11
AR GRAC 2024 07 05 03 38 50.000000 2  -2.710992888511E-11  5.785330547958E-12
AR GRAC 2024 07 05 03 39  0.000000 2  -1.996208753852E-11 -7.799981147083E-12
AR GRAC 2024 07 05 03 39 10.000000 2  -2.864459190677E-11  7.647015074115E-13
AR GRAC 2024 07 05 03 39 20.000000 2  -2.567217272098E-11 -1.449061530490E-11
AR GRAC 2024 07 05 03 39 30.000000 2  -2.685215418075E-11  2.084065125335E-12
AR GRAC 2024 07 05 03 39 40.000000 2  -2.188687078797E-11 -7.361255702221E-12
AR GRAC 2024 07 05 03 39 50.000000 2  -2.649175843972E-11  3.223420011814E-12
AR GRAC 2024 07 05 03 40  0.000000 2  -2.732420366358E-11  2.858097005592E-12
AR GRAC 2024 07 05 03 40 10.000000 2  -2.339948894370E-11 -7.172291189780E-13
AR GRAC 2024 07 05 03 40 20.000000 2  -3.214521357431E-11 -6.182557937828E-12
AR GRAC 2024 07 05 03 40 30.000000 2  -2.415819627677E-11 -9.627887896657E-12
AR GRAC 2024 07 05 03 40 40.000000 2  -2.879203819806E-11 -8.793219624659E-12
AR GRAC 2024 07 05 03 40 50.000000 2  -2.881103168539E-11  3.901446006538E-12
AR GRAC 2024 07 05 03 41  0.000000 2  -2.485871404556E-11 -1.344388923102E-11
AR GRAC 2024 07 05 03 41 10.000000 2  -2.504475619947E-11  1.610773363650E-12
AR GRAC 2024 07 05 03 41 20.000000 2  -2.494902548444E-11 -2.824563933440E-12
AR GRAC 2024 07 05 03 41 30.000000 2  -3.252978789114E-11 -1.096990640687E-11
AR GRAC 2024 07 05 03 41 40.000000 2  -2.741987366328E-11 -3.585248417592E-12
AR GRAC 2024 07 05 03 41 50.000000 2  -2.720029756986E-11 -1.586059235337E-11
AR GRAC 2024 07 05 03 42  0.000000 2  -2.654732683682E-11 -8.805940351908E-12
AR GRAC 2024 07 05 03 42 10.000000 2  -2.867027101838E-11 -3.021287430308E-12
AR GRAC 2024 07 05 03 42 20.000000 2  -2.544802216176E-11 -1.696637838902E-12
AR GRAC 2024 07 05 03 42 30.000000 2  -3.099527579042E-11 -2.193198921085E-11
AR GRAC 2024 07 05 03 42 40.000000 2  -2.974623325436E-11  1.202657873463E-12
AR GRAC 2024 07 05 03 42 50.000000 2  -2.846946810242E-11 -9.752697781307E-12
AR GRAC 2024 07 05 03 43  0.000000 2  -2.523339870386E-11 -1.248805312631E-11
AR GRAC 2024 07 05 03 43 10.000000 2  -3.001533743774E-11 -4.313412908102E-12
AR GRAC 2024 07 05 03 43 20.000000 2  -2.160344646229E-11 -1.278877611449E-11
AR GRAC 2024 07 05 03 43 30.000000 2  -2.640707444379E-11 -1.318413607454E-11
AR GRAC 2024 07 05 03 43 40.000000 2  -2.759091219384E-11  2.170499890930E-12
AR GRAC 2024 07 05 03 43 50.000000 2  -2.724069581017E-11 -7.514868068104E-12
AR GRAC 2024 07 05 03 44  0.000000 2  -2.490123558740E-11 -2.202327269120E-13
AR GRAC 2024 07 05 03 44 10.000000 2  -2.655965204712E-11 -3.395603026188E-12
AR GRAC 2024 07 05 03 44 20.000000 2  -2.685028414884E-11 -6.860976196899E-12
AR GRAC 2024 07 05 03 44 30.000000 2  -2.626623744895E-11 -9.726348199068E-12
AR GRAC 2024 07 05 03 44 40.000000 2  -2.437655112486E-11 -1.093172427580E-11
AR GRAC 2024 07 05 03 44 50.000000 2  -2.362812029366E-11 -1.006709993145E-11
AR GRAC 2024 07 05 03 45  0.000000 2  -2.873968944772E-11 -2.331247868359E-11
AR GRAC 2024 07 05 03 45 10.000000 2  -2.700380370702E-11 -3.337857334279E-12
AR GRAC 2024 07 05 03 45 20.000000 2  -2.594615494678E-11 -2.465323951928E-11
AR GRAC 2024 07 05 03 45 30.000000 2  -3.130499331983E-11 -9.178623139316E-12
AR GRAC 2024 07 05 03 45 40.000000 2  -2.254893494147E-11 -1.116401155549E-11
AR GRAC 2024 07 05 03 45 50.000000 2  -2.520905012515E-11 -1.077939647265E-11
AR GRAC 2024 07 05 03 46  0.000000 2  -2.819290460809E-11 -1.347478812558E-11
AR GRAC 2024 07 05 03 46 10.000000 2  -2.824538346269E-11 -1.058017649186E-11
AR GRAC 2024 07 05 03 46 20.000000 2  -2.963821202351E-11 -1.496557218428E-11
AR GRAC 2024 07 05 03 46 30.000000 2  -2.771614882047E-11 -2.586096788104E-11
AR GRAC 2024 07 05 03 46 40.000000 2  -2.404318757976E-11  3.883640804780E-12
AR GRAC 2024 07 05 03 46 50.000000 2  -2.813496137455E-11 -1.864176001065E-11
AR GRAC 2024 07 05 03 47  0.000000 2  -2.294603569652E-11 -1.471603058596E-13
AR GRAC 2024 07 05 03 47 10.000000 2  -2.625420367219E-11 -1.841256140611E-11
AR GRAC 2024 07 05 03 47 20.000000 2  -2.938862000978E-11 -1.101796518604E-11
AR GRAC 2024 07 05 03 47 30.000000 2  -2.619356294364E-11 -9.863371404351E-12
AR GRAC 2024 07 05 03 47 40.000000 2  -2.412757667269E-11 -1.817877792742E-11
AR GRAC 2024 07 05 03 47 50.000000 2  -2.132164063362E-11 -1.367418591552E-11
AR GRAC 2024 07 05 03 48  0.000000 2  -3.261382483521E-11 -1.091959855870E-11
AR GRAC 2024 07 05 03 48 10.000000 2  -2.364406587185E-11 -4.135008307982E-12
AR GRAC 2024 07 05 03 48 20.000000 2  -2.627313470949E-11 -7.140425837410E-12
AR GRAC 2024 07 05 03 48 30.000000 2  -2.795202437567E-11 -7.555841369244E-12
AR GRAC 2024 07 05 03 48 40.000000 2  -2.823420143516E-11 -1.262125820523E-11
AR GRAC 2024 07 05 03 48 50.000000 2  -2.379836779032E-11 -2.741667830264E-11
AR GRAC 2024 07 05 03 49  0.000000 2  -2.797678234912E-11 -1.717209881236E-11
AR GRAC 2024 07 05 03 49 10.000000 2  -2.196202074367E-11 -7.507523248906E-12
AR GRAC 2024 07 05 03 49 20.000000 2  -2.420512228152E-11 -1.772294810909E-11
AR GRAC 2024 07 05 03 49 30.000000 2  -2.511633262481E-11 -1.827837534107E-11
AR GRAC 2024 07 05 03 49 40.000000 2  -2.823248058947E-11 -2.133802032636E-12
AR GRAC 2024 07 05 03 49 50.000000 2  -2.244643186600E-11 -1.200923475247E-11
