 2.00 C RINEX VERSION / TYPE
 10.00 INTERVAL
 1 AR # / TYPES OF DATA
 END OF HEADER
AR GRAC 2024 06 22 01 50  0.000000 2  -5.811032210978E-12 -5.698528454667E-12
AR GRAC 2024 06 22 01 50 10.000000 2  -1.086550988072E-11 -8.793916116134E-12
AR GRAC 2024 06 22 01 50 20.000000 2  -6.924746800280E-12 -9.509303067201E-12
AR GRAC 2024 06 22 01 50 30.000000 2  -1.117463500205E-11 -1.847469226213E-11
AR GRAC 2024 06 22 01 50 40.000000 2  -9.836189154844E-12 -2.158008147179E-11
AR GRAC 2024 06 22 01 50 50.000000 2  -8.595744775686E-12 -1.401547367746E-11
AR GRAC 2024 06 22 01 51  0.000000 2  -1.146546572961E-11 -1.804086220691E-11
AR GRAC 2024 06 22 01 51 10.000000 2  -1.127768885223E-11 -1.670625617012E-11
AR GRAC 2024 06 22 01 51 20.000000 2  -1.030183317124E-11 -7.951648887949E-12
AR GRAC 2024 06 22 01 51 30.000000 2  -1.087978665493E-11 -2.000704289740E-11
AR GRAC 2024 06 22 01 51 40.000000 2  -9.799383526854E-12 -1.150243875842E-11
AR GRAC 2024 06 22 01 51 50.000000 2  -1.103421867765E-11 -2.177783647861E-11
AR GRAC 2024 06 22 01 52  0.000000 2  -1.397817191856E-11 -1.957323192414E-11
AR GRAC 2024 06 22 01 52 10.000000 2  -1.017488784200E-11 -2.020862990837E-11
AR GRAC 2024 06 22 01 52 20.000000 2  -8.459793629512E-12 -9.794029302845E-12
AR GRAC 2024 06 22 01 52 30.000000 2  -1.198811969833E-11 -1.482942935116E-11
AR GRAC 2024 06 22 01 52 40.000000 2  -1.130963985657E-11 -1.656482936929E-11
AR GRAC 2024 06 22 01 52 50.000000 2  -1.201511459770E-11 -2.177023145089E-11
AR GRAC 2024 06 22 01 53  0.000000 2  -8.621423887301E-12 -1.514563474636E-11
AR GRAC 2024 06 22 01 53 10.000000 2  -1.077036636959E-11 -2.256103810716E-11
AR GRAC 2024 06 22 01 53 20.000000 2  -1.147829400971E-11 -1.766644296131E-11
AR GRAC 2024 06 22 01 53 30.000000 2  -1.339392659283E-11 -1.292184761970E-11
AR GRAC 2024 06 22 01 53 40.000000 2  -9.057187291828E-12 -2.271725516034E-11
AR GRAC 2024 06 22 01 53 50.000000 2  -1.522701235934E-11 -1.431266216656E-11
AR GRAC 2024 06 22 01 54  0.000000 2  -1.491593480674E-11 -2.285807133851E-11
AR GRAC 2024 06 22 01 54 10.000000 2  -1.145876449282E-11 -1.884348059533E-11
AR GRAC 2024 06 22 01 54 20.000000 2  -1.346959176141E-11 -9.658890007258E-12
AR GRAC 2024 06 22 01 54 30.000000 2  -1.117083769236E-11 -2.587430096568E-11
AR GRAC 2024 06 22 01 54 40.000000 2  -1.198999580176E-11 -2.259971376706E-11
AR GRAC 2024 06 22 01 54 50.000000 2  -1.428847318241E-11 -1.795512696856E-11
AR GRAC 2024 06 22 01 55  0.000000 2  -1.319878841638E-11 -1.257054096232E-11
AR GRAC 2024 06 22 01 55 10.000000 2  -1.372187172916E-11 -1.415595678872E-11
AR GRAC 2024 06 22 01 55 20.000000 2  -8.387512039076E-12 -2.272137165915E-11
AR GRAC 2024 06 22 01 55 30.000000 2  -1.122564975004E-11 -2.303678948989E-11
AR GRAC 2024 06 22 01 55 40.000000 2  -1.093714875611E-11 -2.861220461947E-11
AR GRAC 2024 06 22 01 55 50.000000 2  -1.615042821701E-11 -1.553762674078E-11
AR GRAC 2024 06 22 01 56  0.000000 2  -1.181452852217E-11 -2.701304631370E-11
AR GRAC 2024 06 22 01 56 10.000000 2  -1.265766571418E-11 -2.272846667817E-11
AR GRAC 2024 06 22 01 56 20.000000 2  -1.209443135919E-11 -1.284388741196E-11
AR GRAC 2024 06 22 01 56 30.000000 2  -1.370265966666E-11 -2.916931279850E-11
AR GRAC 2024 06 22 01 56 40.000000 2  -1.147890029557E-11 -1.239473367692E-11
AR GRAC 2024 06 22 01 56 50.000000 2  -1.265673676976E-11 -1.370015819541E-11
AR GRAC 2024 06 22 01 57  0.000000 2  -1.405647733627E-11 -1.385558421468E-11
AR GRAC 2024 06 22 01 57 10.000000 2  -1.533687933597E-11 -3.906100790041E-11
AR GRAC 2024 06 22 01 57 20.000000 2  -1.402093979114E-11 -1.430643711137E-11
AR GRAC 2024 06 22 01 57 30.000000 2  -1.268990641734E-11 -1.505186426887E-11
AR GRAC 2024 06 22 01 57 40.000000 2  -1.505138028102E-11 -3.456729694151E-11
AR GRAC 2024 06 22 01 57 50.000000 2  -1.182273896838E-11 -1.405272339466E-11
AR GRAC 2024 06 22 01 58  0.000000 2  -1.367111025080E-11 -1.588815537468E-11
AR GRAC 2024 06 22 01 58 10.000000 2  -1.521301661034E-11 -1.376358662458E-11
AR GRAC 2024 06 22 01 58 20.000000 2  -1.041792086626E-11 -2.381902140802E-11
AR GRAC 2024 06 22 01 58 30.000000 2  -1.207900706540E-11 -2.043445447575E-11
AR GRAC 2024 06 22 01 58 40.000000 2  -1.300555323158E-11 -2.203988901106E-11
AR GRAC 2024 06 22 01 58 50.000000 2  -1.751593314836E-11 -2.279532465566E-11
AR GRAC 2024 06 22 01 59  0.000000 2  -1.018351548920E-11 -1.680076217037E-11
AR GRAC 2024 06 22 01 59 10.000000 2  -1.362138526972E-11 -1.898619803042E-11
AR GRAC 2024 06 22 01 59 20.000000 2  -1.355779724599E-11 -2.804163672099E-11
AR GRAC 2024 06 22 01 59 30.000000 2  -1.518842517034E-11 -2.796707830599E-11
AR GRAC 2024 06 22 01 59 40.000000 2  -1.072600862295E-11 -1.822251724515E-11
AR GRAC 2024 06 22 01 59 50.000000 2  -1.542065433680E-11 -1.715795908130E-11
AR GRAC 2024 06 22 02 00  0.000000 2  -1.618860948072E-11 -2.247340161188E-11
AR GRAC 2024 06 22 02 00 10.000000 2  -1.662896383092E-11 -2.506884456965E-11
AR GRAC 2024 06 22 02 00 20.000000 2  -1.439771999540E-11 -8.194288997343E-12
AR GRAC 2024 06 22 02 00 30.000000 2  -1.099784759789E-11 -3.679973339943E-11
AR GRAC 2024 06 22 02 00 40.000000 2  -1.278332301125E-11 -1.776517995211E-11
AR GRAC 2024 06 22 02 00 50.000000 2  -1.012205683854E-11 -1.271062682190E-11
AR GRAC 2024 06 22 02 01  0.000000 2  -1.180214086183E-11 -1.913607466930E-11
AR GRAC 2024 06 22 02 01 10.000000 2  -1.311263771175E-11 -2.413152490333E-11
AR GRAC 2024 06 22 02 01 20.000000 2  -1.244431033914E-11 -8.296974218780E-12
AR GRAC 2024 06 22 02 01 30.000000 2  -1.120910309016E-11 -3.516242505497E-11
AR GRAC 2024 06 22 02 01 40.000000 2  -9.008583809478E-12 -1.526787724027E-11
AR GRAC 2024 06 22 02 01 50.000000 2  -1.430942864200E-11 -1.987333041187E-11
AR GRAC 2024 06 22 02 02  0.000000 2  -1.638219941646E-11 -2.208878392695E-11
AR GRAC 2024 06 22 02 02 10.000000 2  -1.317734723422E-11 -2.254423904502E-11
AR GRAC 2024 06 22 02 02 20.000000 2  -1.231028907284E-11 -2.913969412988E-11
AR GRAC 2024 06 22 02 02 30.000000 2  -1.405963193091E-11 -2.430514990659E-11
AR GRAC 2024 06 22 02 02 40.000000 2  -1.173192445969E-11 -1.089060699261E-11
AR GRAC 2024 06 22 02 02 50.000000 2  -1.419550501452E-11 -3.426606567936E-11
AR GRAC 2024 06 22 02 03  0.000000 2  -1.271917814127E-11 -1.013152495927E-11
AR GRAC 2024 06 22 02 03 10.000000 2  -1.057886417355E-11 -2.475698465676E-11
AR GRAC 2024 06 22 02 03 20.000000 2  -1.119741712546E-11 -1.979244719508E-11
AR GRAC 2024 06 22 02 03 30.000000 2  -1.615242835318E-11 -2.719791059036E-11
AR GRAC 2024 06 22 02 03 40.000000 2  -1.249900443562E-11 -1.288337232036E-11
AR GRAC 2024 06 22 02 03 50.000000 2  -1.499922755444E-11 -2.310883602530E-11
AR GRAC 2024 06 22 02 04  0.000000 2  -1.172366457386E-11 -1.543430140638E-11
AR GRAC 2024 06 22 02 04 10.000000 2  -1.080885381199E-11 -1.593976686753E-11
AR GRAC 2024 06 22 02 04 20.000000 2  -9.824011396042E-12 -2.078523464455E-11
AR GRAC 2024 06 22 02 04 30.000000 2  -1.384451407682E-11 -7.307022283250E-13
AR GRAC 2024 06 22 02 04 40.000000 2  -9.460462795097E-12 -1.401616930158E-11
AR GRAC 2024 06 22 02 04 50.000000 2  -1.071484134058E-11 -2.313164070011E-11
AR GRAC 2024 06 22 02 05  0.000000 2  -1.372959298335E-11 -2.037110497649E-12
AR GRAC 2024 06 22 02 05 10.000000 2  -1.165839733780E-11 -2.624258275963E-11
AR GRAC 2024 06 22 02 05 20.000000 2  -1.021035426346E-11 -2.627805438526E-11
AR GRAC 2024 06 22 02 05 30.000000 2  -1.265838735914E-11 -1.277352789514E-11
AR GRAC 2024 06 22 02 05 40.000000 2  -8.297459941353E-12 -1.961900260306E-11
AR GRAC 2024 06 22 02 05 50.000000 2  -1.302496565464E-11 -2.786447808600E-11
AR GRAC 2024 06 22 02 06  0.000000 2  -1.097150929136E-11  4.000046387870E-12
AR GRAC 2024 06 22 02 06 10.000000 2  -1.082081906717E-11 -2.163543129374E-11
AR GRAC 2024 06 22 02 06 20.000000 2  -1.096877710188E-11 -1.020091042886E-11
AR GRAC 2024 06 22 02 06 30.000000 2  -1.055779335485E-11 -2.171639083837E-11
AR GRAC 2024 06 22 02 06 40.000000 2  -1.342658709907E-11 -1.727186969835E-11
AR GRAC 2024 06 22 02 06 50.000000 2  -1.238031465539E-11 -2.285735142826E-11
AR GRAC 2024 06 22 02 07  0.000000 2  -1.072438318706E-11 -2.472832051972E-12
AR GRAC 2024 06 22 02 07 10.000000 2  -8.864195835678E-12 -2.132831584956E-11
AR GRAC 2024 06 22 02 07 20.000000 2  -6.320591619535E-12 -1.182379888442E-11
AR GRAC 2024 06 22 02 07 30.000000 2  -1.190069050250E-11 -1.538928359746E-11
AR GRAC 2024 06 22 02 07 40.000000 2  -1.229152890581E-11 -4.794768748706E-12
AR GRAC 2024 06 22 02 07 50.000000 2  -8.961158204368E-12 -3.970255981617E-12
AR GRAC 2024 06 22 02 08  0.000000 2  -7.850925638764E-12 -4.355743630363E-12
AR GRAC 2024 06 22 02 08 10.000000 2  -8.355579249331E-12 -2.551123201577E-11
AR GRAC 2024 06 22 02 08 20.000000 2  -9.775052295380E-12 -1.044672248013E-11
AR GRAC 2024 06 22 02 08 30.000000 2  -1.417830696598E-11 -4.822118724289E-13
AR GRAC 2024 06 22 02 08 40.000000 2  -6.678553109846E-12 -7.957704807604E-12
AR GRAC 2024 06 22 02 08 50.000000 2  -8.469456906635E-12 -1.344319620900E-11
AR GRAC 2024 06 22 02 09  0.000000 2  -1.221673630314E-11 -5.508688991074E-12
AR GRAC 2024 06 22 02 09 10.000000 2  -1.121330025361E-11  3.025817443825E-12
AR GRAC 2024 06 22 02 09 20.000000 2  -6.699121726100E-12 -1.408967994360E-11
AR GRAC 2024 06 22 02 09 30.000000 2  -1.066137456096E-11 -2.515174483617E-12
AR GRAC 2024 06 22 02 09 40.000000 2  -7.226917415198E-12 -4.540671658115E-12
AR GRAC 2024 06 22 02 09 50.000000 2  -6.714497881311E-12 -1.736170018515E-12
AR GRAC 2024 06 22 02 10  0.000000 2  -1.220908617261E-11 -4.121669151813E-12
AR GRAC 2024 06 22 02 10 10.000000 2  -1.027413223942E-11 -2.090717009240E-11
AR GRAC 2024 06 22 02 10 20.000000 2  -7.964743448108E-12 -4.442668889021E-12
AR GRAC 2024 06 22 02 10 30.000000 2  -9.315459861825E-12  2.021828451187E-12
AR GRAC 2024 06 22 02 10 40.000000 2  -7.927782562367E-12 -8.973673366885E-12
AR GRAC 2024 06 22 02 10 50.000000 2  -7.647060935867E-12 -1.038917823298E-11
AR GRAC 2024 06 22 02 11  0.000000 2  -8.038028576074E-12  1.967531866598E-11
AR GRAC 2024 06 22 02 11 10.000000 2  -1.136701583554E-11  1.617981096325E-11
AR GRAC 2024 06 22 02 11 20.000000 2  -7.884023295324E-12 -4.783569373945E-11
AR GRAC 2024 06 22 02 11 30.000000 2  -6.844491119706E-12  1.599879777270E-11
AR GRAC 2024 06 22 02 11 40.000000 2  -1.202131102995E-11 -8.366710102514E-12
AR GRAC 2024 06 22 02 11 50.000000 2  -6.855057754079E-12 -9.002219109044E-12
AR GRAC 2024 06 22 02 12  0.000000 2  -7.650301399320E-12  7.202270030371E-12
AR GRAC 2024 06 22 02 12 10.000000 2  -5.870051840440E-12 -3.083240694007E-12
AR GRAC 2024 06 22 02 12 20.000000 2  -3.777449273518E-12 -3.948753216770E-12
AR GRAC 2024 06 22 02 12 30.000000 2  -1.080475119097E-11  1.049573448986E-11
AR GRAC 2024 06 22 02 12 40.000000 2  -6.678806379473E-12 -7.749779984412E-12
AR GRAC 2024 06 22 02 12 50.000000 2  -8.536491825917E-12  2.994705178283E-12
AR GRAC 2024 06 22 02 13  0.000000 2  -8.208949145438E-12 -1.172081095374E-11
AR GRAC 2024 06 22 02 13 10.000000 2  -7.893524375802E-12  2.316367236910E-11
AR GRAC 2024 06 22 02 13 20.000000 2  -1.153565697826E-11  8.648153373980E-12
AR GRAC 2024 06 22 02 13 30.000000 2  -4.799396990940E-12 -9.587363888897E-12
AR GRAC 2024 06 22 02 13 40.000000 2  -5.171081444988E-12 -4.228839771848E-13
AR GRAC 2024 06 22 02 13 50.000000 2  -9.300145722979E-12  2.901159520952E-11
AR GRAC 2024 06 22 02 14  0.000000 2  -8.497195135015E-12 -2.090392615950E-11
AR GRAC 2024 06 22 02 14 10.000000 2  -6.354100405559E-12  1.417055014996E-11
AR GRAC 2024 06 22 02 14 20.000000 2  -5.620109846255E-12  2.295027015653E-12
AR GRAC 2024 06 22 02 14 30.000000 2  -6.417976827072E-12  1.648950420652E-11
AR GRAC 2024 06 22 02 14 40.000000 2  -6.540990405562E-12  9.563978081717E-12
AR GRAC 2024 06 22 02 14 50.000000 2  -8.721958051627E-12  4.378452028025E-12
AR GRAC 2024 06 22 02 15  0.000000 2  -2.743644070616E-12  7.032925023603E-12
AR GRAC 2024 06 22 02 15 10.000000 2  -6.628009339288E-12  2.672739633780E-11
AR GRAC 2024 06 22 02 15 20.000000 2  -5.818048300077E-12 -1.427813423049E-11
AR GRAC 2024 06 22 02 15 30.000000 2  -3.765101511816E-12  1.858633559559E-11
AR GRAC 2024 06 22 02 15 40.000000 2  -1.000937267098E-11  7.960805625817E-12
AR GRAC 2024 06 22 02 15 50.000000 2  -4.344589358413E-12  4.552740563019E-13
AR GRAC 2024 06 22 02 16  0.000000 2  -8.897763602300E-12  1.895973829324E-11
AR GRAC 2024 06 22 02 16 10.000000 2  -4.190385885505E-12  1.823420581193E-11
AR GRAC 2024 06 22 02 16 20.000000 2  -4.245867546437E-12  1.788671207675E-12
AR GRAC 2024 06 22 02 16 30.000000 2  -4.908907915574E-12  5.143137651875E-12
AR GRAC 2024 06 22 02 16 40.000000 2  -5.335735325795E-12  1.778759778359E-11
AR GRAC 2024 06 22 02 16 50.000000 2  -7.125353692489E-12  2.495206125053E-11
AR GRAC 2024 06 22 02 17  0.000000 2  -6.243176114973E-12  1.012652288412E-11
AR GRAC 2024 06 22 02 17 10.000000 2   7.740616958171E-13  2.125098361172E-11
AR GRAC 2024 06 22 02 17 20.000000 2  -9.476930525054E-12  1.653544315361E-11
AR GRAC 2024 06 22 02 17 30.000000 2  -5.000899325723E-13 -2.700095789315E-12
AR GRAC 2024 06 22 02 17 40.000000 2  -4.263867470905E-12  1.674435763654E-11
AR GRAC 2024 06 22 02 17 50.000000 2  -2.787610637114E-12  1.409881586478E-11
AR GRAC 2024 06 22 02 18  0.000000 2  -4.398934775468E-12  3.653272996618E-12
AR GRAC 2024 06 22 02 18 10.000000 2  -1.624479305413E-12  1.663772591920E-11
AR GRAC 2024 06 22 02 18 20.000000 2  -2.547804849040E-12  1.490217844957E-11
AR GRAC 2024 06 22 02 18 30.000000 2  -5.091025257614E-12  5.056633931022E-12
AR GRAC 2024 06 22 02 18 40.000000 2  -4.152553301218E-12  1.941108558612E-11
AR GRAC 2024 06 22 02 18 50.000000 2  -3.639918227938E-12  2.810553699495E-11
AR GRAC 2024 06 22 02 19  0.000000 2  -2.081765098846E-12  2.205998751725E-11
AR GRAC 2024 06 22 02 19 10.000000 2   4.675467708847E-14  2.709443433502E-11
AR GRAC 2024 06 22 02 19 20.000000 2  -3.214727529316E-12  1.506888364089E-11
AR GRAC 2024 06 22 02 19 30.000000 2  -5.683945935447E-12  1.566333174274E-11
AR GRAC 2024 06 22 02 19 40.000000 2   7.548753289122E-13  1.865777671251E-11
AR GRAC 2024 06 22 02 19 50.000000 2  -3.221236428638E-12  1.543222320766E-11
AR GRAC 2024 06 22 02 20  0.000000 2  -1.401831992501E-12  2.966666842741E-11
AR GRAC 2024 06 22 02 20 10.000000 2  -4.120138692026E-12  1.295111153737E-11
AR GRAC 2024 06 22 02 20 20.000000 2  -4.449260838230E-12  1.644555498725E-11
AR GRAC 2024 06 22 02 20 30.000000 2   3.277171557129E-13  1.442999452567E-11
AR GRAC 2024 06 22 02 20 40.000000 2  -2.039364553966E-12  2.918443611777E-11
AR GRAC 2024 06 22 02 20 50.000000 2   8.697303944746E-13  2.191887643610E-11
AR GRAC 2024 06 22 02 21  0.000000 2  -2.556582332988E-12  8.713315659270E-12
AR GRAC 2024 06 22 02 21 10.000000 2  -1.548971319048E-13  1.917775140081E-11
AR GRAC 2024 06 22 02 21 20.000000 2  -6.263884810148E-13  2.091218864742E-11
AR GRAC 2024 06 22 02 21 30.000000 2  -5.638046886997E-12  3.564662801048E-11
AR GRAC 2024 06 22 02 21 40.000000 2   3.044472226404E-12  2.856106150195E-11
AR GRAC 2024 06 22 02 21 50.000000 2  -4.961881600041E-12  1.635496642630E-12
AR GRAC 2024 06 22 02 22  0.000000 2   3.518204878903E-13  2.963992939975E-11
AR GRAC 2024 06 22 02 22 10.000000 2  -7.479440684692E-15  9.804360448507E-12
AR GRAC 2024 06 22 02 22 20.000000 2  -1.377553453252E-12  3.727879116511E-11
AR GRAC 2024 06 22 02 22 30.000000 2   1.423252574823E-12  2.808322324688E-11
AR GRAC 2024 06 22 02 22 40.000000 2   2.633721420207E-13  3.278765106640E-11
AR GRAC 2024 06 22 02 22 50.000000 2  -2.104099663600E-12  3.164207784678E-11
AR GRAC 2024 06 22 02 23  0.000000 2   9.115243282398E-13  3.553650776422E-11
AR GRAC 2024 06 22 02 23 10.000000 2   6.787015610979E-13  3.785093419251E-11
AR GRAC 2024 06 22 02 23 20.000000 2  -1.594308127358E-12  2.213535951756E-11
AR GRAC 2024 06 22 02 23 30.000000 2  -1.670435057638E-12  2.032978473065E-11
AR GRAC 2024 06 22 02 23 40.000000 2   2.935933560069E-13  5.242420386686E-11
AR GRAC 2024 06 22 02 23 50.000000 2   1.888153479054E-12  1.711862943066E-11
AR GRAC 2024 06 22 02 24  0.000000 2   3.255427394669E-12  2.904305441975E-11
AR GRAC 2024 06 22 02 24 10.000000 2   1.433887622353E-12  3.930747047298E-11
AR GRAC 2024 06 22 02 24 20.000000 2  -4.658053998942E-13  2.446189258098E-11
AR GRAC 2024 06 22 02 24 30.000000 2  -3.950186260992E-13  2.120631101277E-11
AR GRAC 2024 06 22 02 24 40.000000 2  -9.577697792848E-13  3.362073119906E-11
AR GRAC 2024 06 22 02 24 50.000000 2   1.066440230395E-12  3.703514925291E-11
AR GRAC 2024 06 22 02 25  0.000000 2   2.032970580074E-12  2.968956330784E-11
AR GRAC 2024 06 22 02 25 10.000000 2   2.435607054582E-12  2.228397674719E-11
AR GRAC 2024 06 22 02 25 20.000000 2   3.862738687938E-12  5.461838967213E-11
AR GRAC 2024 06 22 02 25 30.000000 2  -1.795544832608E-12  3.454280611548E-11
AR GRAC 2024 06 22 02 25 40.000000 2   3.005653668661E-12  3.324721747910E-11
AR GRAC 2024 06 22 02 25 50.000000 2   1.347124018239E-12  3.404163062548E-11
AR GRAC 2024 06 22 02 26  0.000000 2  -2.291719331665E-12  3.213604035657E-11
AR GRAC 2024 06 22 02 26 10.000000 2   1.601502892974E-12  4.411045140262E-11
AR GRAC 2024 06 22 02 26 20.000000 2   2.096724486741E-12  3.521486227620E-11
AR GRAC 2024 06 22 02 26 30.000000 2   4.693207194401E-12  2.723926466330E-11
AR GRAC 2024 06 22 02 26 40.000000 2   3.058746615367E-12  3.301367512698E-11
AR GRAC 2024 06 22 02 26 50.000000 2   2.183951587284E-12  3.623808197961E-11
AR GRAC 2024 06 22 02 27  0.000000 2   1.141907315233E-12  3.896248601531E-11
AR GRAC 2024 06 22 02 27 10.000000 2   6.807941797110E-13  3.222688782500E-11
AR GRAC 2024 06 22 02 27 20.000000 2   3.561771754271E-12  4.315129156773E-11
AR GRAC 2024 06 22 02 27 30.000000 2   8.362592302663E-13  3.985569513310E-11
AR GRAC 2024 06 22 02 27 40.000000 2   4.674045005204E-12  3.802009401754E-11
AR GRAC 2024 06 22 02 27 50.000000 2   6.254165154512E-12  4.306449294389E-11
AR GRAC 2024 06 22 02 28  0.000000 2   2.706256659740E-12  2.916889299542E-11
AR GRAC 2024 06 22 02 28 10.000000 2   4.718291187443E-13  5.445328910003E-11
AR GRAC 2024 06 22 02 28 20.000000 2   7.488114295295E-12  4.113769047631E-11
AR GRAC 2024 06 22 02 28 30.000000 2   7.868991049043E-12  2.501208615224E-11
AR GRAC 2024 06 22 02 28 40.000000 2   5.275912953046E-12  4.500647771133E-11
AR GRAC 2024 06 22 02 28 50.000000 2   5.862152777092E-12  3.779087806577E-11
AR GRAC 2024 06 22 02 29  0.000000 2   4.489843826588E-12  4.869526656903E-11
AR GRAC 2024 06 22 02 29 10.000000 2   4.729560926925E-12  3.909966100890E-11
AR GRAC 2024 06 22 02 29 20.000000 2   8.056316030958E-12  3.645405505237E-11
AR GRAC 2024 06 22 02 29 30.000000 2   6.033659249310E-12  4.355844157589E-11
AR GRAC 2024 06 22 02 29 40.000000 2   6.912804096509E-12  3.735283263251E-11
AR GRAC 2024 06 22 02 29 50.000000 2   4.114213310313E-12  4.298721795193E-11
AR GRAC 2024 06 22 02 30  0.000000 2   3.685126422764E-12  4.482161169994E-11
AR GRAC 2024 06 22 02 30 10.000000 2   6.993461799248E-12  3.862599823323E-11
AR GRAC 2024 06 22 02 30 20.000000 2   5.650233319415E-12  3.673038262431E-11
AR GRAC 2024 06 22 02 30 30.000000 2   2.640465970871E-12  3.975476892126E-11
AR GRAC 2024 06 22 02 30 40.000000 2   5.694251493937E-12  5.054915167002E-11
AR GRAC 2024 06 22 02 30 50.000000 2   6.464989567995E-12  3.621353564243E-11
AR GRAC 2024 06 22 02 31  0.000000 2   7.342132977983E-12  6.186792050888E-11
AR GRAC 2024 06 22 02 31 10.000000 2   5.189955236407E-12  3.646229845833E-11
AR GRAC 2024 06 22 02 31 20.000000 2   6.820401448476E-12  5.214667933573E-11
AR GRAC 2024 06 22 02 31 30.000000 2   3.247607694920E-12  3.083105992729E-11
AR GRAC 2024 06 22 02 31 40.000000 2   8.771865178669E-12  4.504543960060E-11
AR GRAC 2024 06 22 02 31 50.000000 2   6.176414848319E-12  4.582980869805E-11
AR GRAC 2024 06 22 02 32  0.000000 2   8.035423021413E-12  4.870418998659E-11
AR GRAC 2024 06 22 02 32 10.000000 2   7.673218831161E-12  5.634856470316E-11
AR GRAC 2024 06 22 02 32 20.000000 2   7.483313448076E-12  6.095295101982E-11
AR GRAC 2024 06 22 02 32 30.000000 2   7.923494325934E-12  1.812731562079E-11
AR GRAC 2024 06 22 02 32 40.000000 2   8.052662703317E-12  5.321168505823E-11
AR GRAC 2024 06 22 02 32 50.000000 2   6.060705323024E-12  3.161606046409E-11
AR GRAC 2024 06 22 02 33  0.000000 2   6.506476780965E-12  4.754043339550E-11
AR GRAC 2024 06 22 02 33 10.000000 2   8.911546847679E-12  5.066480221472E-11
AR GRAC 2024 06 22 02 33 20.000000 2   9.236302694893E-12  6.489917631081E-11
AR GRAC 2024 06 22 02 33 30.000000 2   7.562352653812E-12  3.209353963141E-11
AR GRAC 2024 06 22 02 33 40.000000 2   8.365350079309E-12  3.930790415385E-11
AR GRAC 2024 06 22 02 33 50.000000 2   1.007854130014E-11  4.674227324641E-11
AR GRAC 2024 06 22 02 34  0.000000 2   8.767498879680E-12  5.147663198479E-11
AR GRAC 2024 06 22 02 34 10.000000 2   1.036581844666E-11  4.686099772111E-11
AR GRAC 2024 06 22 02 34 20.000000 2   1.264612112944E-11  4.478536291819E-11
AR GRAC 2024 06 22 02 34 30.000000 2   8.250481894900E-12  3.902972736669E-11
AR GRAC 2024 06 22 02 34 40.000000 2   1.066506171571E-11  5.199408611989E-11
AR GRAC 2024 06 22 02 34 50.000000 2   1.139566045694E-11  4.369845110763E-11
AR GRAC 2024 06 22 02 35  0.000000 2   6.603066184108E-12  4.695280969580E-11
AR GRAC 2024 06 22 02 35 10.000000 2   8.705609150228E-12  3.969716569352E-11
AR GRAC 2024 06 22 02 35 20.000000 2   8.637483957241E-12  4.162152567044E-11
AR GRAC 2024 06 22 02 35 30.000000 2   1.012649426119E-11  4.822587815201E-11
AR GRAC 2024 06 22 02 35 40.000000 2   1.249601377235E-11  3.615023905224E-11
AR GRAC 2024 06 22 02 35 50.000000 2   1.054470833567E-11  6.029459570511E-11
AR GRAC 2024 06 22 02 36  0.000000 2   1.001320294042E-11  3.346894636436E-11
AR GRAC 2024 06 22 02 36 10.000000 2   1.172769607122E-11  6.028329918584E-11
AR GRAC 2024 06 22 02 36 20.000000 2   1.298663346999E-11  3.702765177804E-11
AR GRAC 2024 06 22 02 36 30.000000 2   1.002182711818E-11  3.331200246204E-11
AR GRAC 2024 06 22 02 36 40.000000 2   1.348061939854E-11  3.425635122789E-11
AR GRAC 2024 06 22 02 36 50.000000 2   1.063575789939E-11  4.395070071772E-11
AR GRAC 2024 06 22 02 37  0.000000 2   9.509185973366E-12  3.836504725019E-11
AR GRAC 2024 06 22 02 37 10.000000 2   1.150391067128E-11  4.270939504836E-11
AR GRAC 2024 06 22 02 37 20.000000 2   8.557420397293E-12  4.841374176556E-11
AR GRAC 2024 06 22 02 37 30.000000 2   1.268090320250E-11  5.122809121350E-11
AR GRAC 2024 06 22 02 37 40.000000 2   1.096023705821E-11  5.630243146704E-11
AR GRAC 2024 06 22 02 37 50.000000 2   1.188658806800E-11  3.931677552971E-11
AR GRAC 2024 06 22 02 38  0.000000 2   1.204668309551E-11  4.550111676327E-11
AR GRAC 2024 06 22 02 38 10.000000 2   1.179633907916E-11  2.827546183304E-11
AR GRAC 2024 06 22 02 38 20.000000 2   1.155017054222E-11  5.170980310609E-11
AR GRAC 2024 06 22 02 38 30.000000 2   1.372079620060E-11  4.055414337678E-11
AR GRAC 2024 06 22 02 38 40.000000 2   1.141627330864E-11  3.664848285956E-11
AR GRAC 2024 06 22 02 38 50.000000 2   1.788808164094E-11  6.491281817622E-11
AR GRAC 2024 06 22 02 39  0.000000 2   1.095342479912E-11  2.786715649905E-11
AR GRAC 2024 06 22 02 39 10.000000 2   1.271868287772E-11  3.394149197811E-11
AR GRAC 2024 06 22 02 39 20.000000 2   1.102730840669E-11  4.791582408625E-11
AR GRAC 2024 06 22 02 39 30.000000 2   1.339345214596E-11  4.393015812232E-11
AR GRAC 2024 06 22 02 39 40.000000 2   1.187073443015E-11  4.340449180629E-11
AR GRAC 2024 06 22 02 39 50.000000 2   1.237735174769E-11  4.635882303039E-11
AR GRAC 2024 06 22 02 40  0.000000 2   1.571051101712E-11  4.137315837149E-11
AR GRAC 2024 06 22 02 40 10.000000 2   1.199428490556E-11  2.874748876447E-11
AR GRAC 2024 06 22 02 40 20.000000 2   1.126848874627E-11  4.883181706217E-11
AR GRAC 2024 06 22 02 40 30.000000 2   1.590509321470E-11  4.012614546189E-11
AR GRAC 2024 06 22 02 40 40.000000 2   1.765388529806E-11  3.605047510513E-11
AR GRAC 2024 06 22 02 40 50.000000 2   1.369307792154E-11  4.121479893482E-11
AR GRAC 2024 06 22 02 41  0.000000 2   1.229050541895E-11  3.410912524648E-11
AR GRAC 2024 06 22 02 41 10.000000 2   1.404987237663E-11  5.935345964714E-11
AR GRAC 2024 06 22 02 41 20.000000 2   1.364274578725E-11  4.259777253157E-11
AR GRAC 2024 06 22 02 41 30.000000 2   1.251520848761E-11  4.739209719107E-11
AR GRAC 2024 06 22 02 41 40.000000 2   1.525418680259E-11  4.354641994220E-11
AR GRAC 2024 06 22 02 41 50.000000 2   1.421513601274E-11  2.853073853559E-11
AR GRAC 2024 06 22 02 42  0.000000 2   1.538122233746E-11  4.681505877402E-11
AR GRAC 2024 06 22 02 42 10.000000 2   1.442634466747E-11  3.654938157682E-11
AR GRAC 2024 06 22 02 42 20.000000 2   9.261310468522E-12  5.042369646824E-11
AR GRAC 2024 06 22 02 42 30.000000 2   1.521992254450E-11  4.193801556029E-11
AR GRAC 2024 06 22 02 42 40.000000 2   1.293158288784E-11  4.999232972036E-11
AR GRAC 2024 06 22 02 42 50.000000 2   1.657581884251E-11  2.227664580579E-11
AR GRAC 2024 06 22 02 43  0.000000 2   1.300887956385E-11  5.938096542257E-11
AR GRAC 2024 06 22 02 43 10.000000 2   1.548490155545E-11  3.575527027233E-11
AR GRAC 2024 06 22 02 43 20.000000 2   1.603787935789E-11  4.790958255119E-11
AR GRAC 2024 06 22 02 43 30.000000 2   1.324510553319E-11  4.533389635908E-11
AR GRAC 2024 06 22 02 43 40.000000 2   1.506487122549E-11  3.966820968926E-11
AR GRAC 2024 06 22 02 43 50.000000 2   1.692897558248E-11  4.850251797417E-11
AR GRAC 2024 06 22 02 44  0.000000 2   1.361651590093E-11  3.285682836918E-11
AR GRAC 2024 06 22 02 44 10.000000 2   1.464525549444E-11  4.135113432224E-11
AR GRAC 2024 06 22 02 44 20.000000 2   1.507402362655E-11  4.144544082929E-11
AR GRAC 2024 06 22 02 44 30.000000 2   1.519146787532E-11  5.741974604123E-11
AR GRAC 2024 06 22 02 44 40.000000 2   1.485707043503E-11  2.621405002790E-11
AR GRAC 2024 06 22 02 44 50.000000 2   1.515621829429E-11  5.722835400013E-11
AR GRAC 2024 06 22 02 45  0.000000 2   1.658775547475E-11  2.549265659679E-11
AR GRAC 2024 06 22 02 45 10.000000 2   1.620968810567E-11  4.268695466547E-11
AR GRAC 2024 06 22 02 45 20.000000 2   1.527915120814E-11  4.958125923715E-11
AR GRAC 2024 06 22 02 45 30.000000 2   1.574068826671E-11  2.104556112714E-11
AR GRAC 2024 06 22 02 45 40.000000 2   1.505283397929E-11  4.809985743037E-11
AR GRAC 2024 06 22 02 45 50.000000 2   1.691573617291E-11  3.655415900528E-11
AR GRAC 2024 06 22 02 46  0.000000 2   1.701402733978E-11  3.885845811791E-11
AR GRAC 2024 06 22 02 46 10.000000 2   1.536043688077E-11  5.766274957519E-11
AR GRAC 2024 06 22 02 46 20.000000 2   1.766317300755E-11  2.027704913699E-11
AR GRAC 2024 06 22 02 46 30.000000 2   1.638198951492E-11  3.453134306275E-11
AR GRAC 2024 06 22 02 46 40.000000 2   1.734036698953E-11  5.234563824064E-11
AR GRAC 2024 06 22 02 46 50.000000 2   1.504906442518E-11  2.552992713067E-11
AR GRAC 2024 06 22 02 47  0.000000 2   2.267287919910E-11  4.166422068463E-11
AR GRAC 2024 06 22 02 47 10.000000 2   1.984151211387E-11  4.606851011779E-11
AR GRAC 2024 06 22 02 47 20.000000 2   1.604818188061E-11  3.730280320746E-11
AR GRAC 2024 06 22 02 47 30.000000 2   1.493895285254E-11  4.556708482761E-11
AR GRAC 2024 06 22 02 47 40.000000 2   1.690124429299E-11  4.237137377072E-11
AR GRAC 2024 06 22 02 47 50.000000 2   2.041520771878E-11  3.290566430447E-11
AR GRAC 2024 06 22 02 48  0.000000 2   1.960815017299E-11  5.151994802999E-11
AR GRAC 2024 06 22 02 48 10.000000 2   1.841623901988E-11  3.376423446388E-11
AR GRAC 2024 06 22 02 48 20.000000 2   1.672262502084E-11  3.852851718222E-11
AR GRAC 2024 06 22 02 48 30.000000 2   1.873329789903E-11  4.554279869895E-11
AR GRAC 2024 06 22 02 48 40.000000 2   1.945923110147E-11  4.668708128430E-11
AR GRAC 2024 06 22 02 48 50.000000 2   2.115574902761E-11  4.018136517958E-11
AR GRAC 2024 06 22 02 49  0.000000 2   1.736559160359E-11  2.333564591561E-11
AR GRAC 2024 06 22 02 49 10.000000 2   1.982043869309E-11  5.491992624562E-11
AR GRAC 2024 06 22 02 49 20.000000 2   1.817153025274E-11  3.854420255189E-11
AR GRAC 2024 06 22 02 49 30.000000 2   1.993655587840E-11  4.621848043174E-11
AR GRAC 2024 06 22 02 49 40.000000 2   1.806296258400E-11  3.484276062116E-11
AR GRAC 2024 06 22 02 49 50.000000 2   2.105645692529E-11  4.296703270956E-11
AR GRAC 2024 06 22 02 50  0.000000 2   2.018718005259E-11  3.987131111383E-11
AR GRAC 2024 06 22 02 50 10.000000 2   1.992139786466E-11  5.095558003321E-11
AR GRAC 2024 06 22 02 50 20.000000 2   1.909944771783E-11  3.315985680485E-11
AR GRAC 2024 06 22 02 50 30.000000 2   1.426825584766E-11  3.288412944724E-11
AR GRAC 2024 06 22 02 50 40.000000 2   1.865218743347E-11  3.258839725850E-11
AR GRAC 2024 06 22 02 50 50.000000 2   2.006697759349E-11  4.623267046977E-11
AR GRAC 2024 06 22 02 51  0.000000 2   1.854709962001E-11  3.838693946046E-11
AR GRAC 2024 06 22 02 51 10.000000 2   1.765574492163E-11  4.336120351667E-11
AR GRAC 2024 06 22 02 51 20.000000 2   1.885203104735E-11  3.365547077139E-11
AR GRAC 2024 06 22 02 51 30.000000 2   1.736038916789E-11  4.137973991236E-11
AR GRAC 2024 06 22 02 51 40.000000 2   1.943202716792E-11  2.622400387120E-11
AR GRAC 2024 06 22 02 51 50.000000 2   1.821148266912E-11  3.438827000934E-11
AR GRAC 2024 06 22 02 52  0.000000 2   1.988612226278E-11  4.175253545680E-11
AR GRAC 2024 06 22 02 52 10.000000 2   1.727831940024E-11  3.204679230318E-11
AR GRAC 2024 06 22 02 52 20.000000 2   2.048881203587E-11  4.575105572169E-11
AR GRAC 2024 06 22 02 52 30.000000 2   1.746676588088E-11  4.272531634042E-11
AR GRAC 2024 06 22 02 52 40.000000 2   2.149969265119E-11  4.006957959879E-11
AR GRAC 2024 06 22 02 52 50.000000 2   1.813283030672E-11  2.794383474614E-11
AR GRAC 2024 06 22 02 53  0.000000 2   1.547311584416E-11  3.097809161967E-11
AR GRAC 2024 06 22 02 53 10.000000 2   2.298787375732E-11  4.550234494749E-11
AR GRAC 2024 06 22 02 53 20.000000 2   1.830831146410E-11  4.199660411097E-11
AR GRAC 2024 06 22 02 53 30.000000 2   1.687348698265E-11  3.652085925343E-11
AR GRAC 2024 06 22 02 53 40.000000 2   2.187842962353E-11  3.679511556554E-11
AR GRAC 2024 06 22 02 53 50.000000 2   1.813143211959E-11  3.318936792063E-11
AR GRAC 2024 06 22 02 54  0.000000 2   2.018528053038E-11  3.600362022405E-11
AR GRAC 2024 06 22 02 54 10.000000 2   2.170895928300E-11  3.497787129381E-11
AR GRAC 2024 06 22 02 54 20.000000 2   1.785701621293E-11  3.454211916498E-11
AR GRAC 2024 06 22 02 54 30.000000 2   1.874207213037E-11  4.070636883124E-11
AR GRAC 2024 06 22 02 54 40.000000 2   1.872764790467E-11  3.221061958825E-11
AR GRAC 2024 06 22 02 54 50.000000 2   2.041709336320E-11  4.074486581462E-11
AR GRAC 2024 06 22 02 55  0.000000 2   1.907086988329E-11  4.405911052663E-11
AR GRAC 2024 06 22 02 55 10.000000 2   2.284472437608E-11  2.730335922629E-11
AR GRAC 2024 06 22 02 55 20.000000 2   1.442945502667E-11  3.888760147230E-11
AR GRAC 2024 06 22 02 55 30.000000 2   1.667510400594E-11  2.347184252516E-11
AR GRAC 2024 06 22 02 55 40.000000 2   1.945633237854E-11  2.905608913195E-11
AR GRAC 2024 06 22 02 55 50.000000 2   2.050187450364E-11  3.970032982914E-11
AR GRAC 2024 06 22 02 56  0.000000 2   2.048218712691E-11  4.081457047334E-11
AR GRAC 2024 06 22 02 56 10.000000 2   2.512817384726E-11  3.808880988387E-11
AR GRAC 2024 06 22 02 56 20.000000 2   1.710482276651E-11  3.005304685666E-11
AR GRAC 2024 06 22 02 56 30.000000 2   2.048272315647E-11  2.917728905705E-11
AR GRAC 2024 06 22 02 56 40.000000 2   1.807015648225E-11  5.259152488502E-11
AR GRAC 2024 06 22 02 56 50.000000 2   2.317904375382E-11  2.676575801275E-11
AR GRAC 2024 06 22 02 57  0.000000 2   1.905085637854E-11  3.986999619343E-11
AR GRAC 2024 06 22 02 57 10.000000 2   1.658712923958E-11  1.823422836333E-11
AR GRAC 2024 06 22 02 57 20.000000 2   1.663858460732E-11  4.580846119095E-11
AR GRAC 2024 06 22 02 57 30.000000 2   1.892249724966E-11  4.045269674791E-11
AR GRAC 2024 06 22 02 57 40.000000 2   2.310786111070E-11  2.986692490548E-11
AR GRAC 2024 06 22 02 57 50.000000 2   1.855854532551E-11  5.059115626427E-11
AR GRAC 2024 06 22 02 58  0.000000 2   1.611299288440E-11  3.122538685951E-11
AR GRAC 2024 06 22 02 58 10.000000 2   1.931690744861E-11  9.319613657188E-12
AR GRAC 2024 06 22 02 58 20.000000 2   1.883439584849E-11  3.255384156686E-11
AR GRAC 2024 06 22 02 58 30.000000 2   1.934089867428E-11  3.502807072175E-11
AR GRAC 2024 06 22 02 58 40.000000 2   1.961671450279E-11  3.000229231720E-11
AR GRAC 2024 06 22 02 58 50.000000 2   1.952867555166E-11  3.482652013997E-11
AR GRAC 2024 06 22 02 59  0.000000 2   1.345060434560E-11  3.357074340737E-11
AR GRAC 2024 06 22 02 59 10.000000 2   2.202104644466E-11  2.969496523675E-11
AR GRAC 2024 06 22 02 59 20.000000 2   1.899122352433E-11  4.053918659097E-11
AR GRAC 2024 06 22 02 59 30.000000 2   1.919120938554E-11  4.323340643819E-11
AR GRAC 2024 06 22 02 59 40.000000 2   1.949841850479E-11  3.425762798437E-11
AR GRAC 2024 06 22 02 59 50.000000 2   1.808559552119E-11  2.818184748066E-11
AR GRAC 2024 06 22 03 00  0.000000 2   1.931224971607E-11  2.251606366632E-11
AR GRAC 2024 06 22 03 00 10.000000 2   1.928713785904E-11  2.680028421409E-11
AR GRAC 2024 06 22 03 00 20.000000 2   1.739665703160E-11  2.586449977804E-11
AR GRAC 2024 06 22 03 00 30.000000 2   1.500763749385E-11  3.908871490377E-11
AR GRAC 2024 06 22 03 00 40.000000 2   2.033501839138E-11  3.760292771604E-11
AR GRAC 2024 06 22 03 00 50.000000 2   1.938872673524E-11  4.983714135820E-11
AR GRAC 2024 06 22 03 01  0.000000 2   1.450323194874E-11  2.167135221276E-11
AR GRAC 2024 06 22 03 01 10.000000 2   1.819145008242E-11  4.450556242985E-11
AR GRAC 2024 06 22 03 01 20.000000 2   1.548693291664E-11  2.548977522110E-11
AR GRAC 2024 06 22 03 01 30.000000 2   1.662816932757E-11  1.767398553898E-11
AR GRAC 2024 06 22 03 01 40.000000 2   1.481697230188E-11  3.081819521800E-11
AR GRAC 2024 06 22 03 01 50.000000 2   1.889914613695E-11  3.235240547683E-11
AR GRAC 2024 06 22 03 02  0.000000 2   1.777762832778E-11  2.495660969548E-11
AR GRAC 2024 06 22 03 02 10.000000 2   1.783438327574E-11  1.741081584461E-11
AR GRAC 2024 06 22 03 02 20.000000 2   1.581859122857E-11  1.788501985400E-11
AR GRAC 2024 06 22 03 02 30.000000 2   1.556036376138E-11  3.682922716797E-11
AR GRAC 2024 06 22 03 02 40.000000 2   1.436047288028E-11  2.214342771645E-11
AR GRAC 2024 06 22 03 02 50.000000 2   1.636450697173E-11  3.568762993456E-11
AR GRAC 2024 06 22 03 03  0.000000 2   1.794895655716E-11  2.406183065295E-11
AR GRAC 2024 06 22 03 03 10.000000 2   1.680510591795E-11  4.078603427216E-11
AR GRAC 2024 06 22 03 03 20.000000 2   1.436613935452E-11  2.353022984791E-11
AR GRAC 2024 06 22 03 03 30.000000 2   1.451184832024E-11  2.048442838964E-11
AR GRAC 2024 06 22 03 03 40.000000 2   1.508406073658E-11  2.583862464267E-11
AR GRAC 2024 06 22 03 03 50.000000 2   1.618418593585E-11  1.954282222161E-11
AR GRAC 2024 06 22 03 04  0.000000 2   1.472587676798E-11  2.834701570698E-11
AR GRAC 2024 06 22 03 04 10.000000 2   1.395388232045E-11  2.814121331796E-11
AR GRAC 2024 06 22 03 04 20.000000 2   1.199091867465E-11  3.376540713695E-11
AR GRAC 2024 06 22 03 04 30.000000 2   1.572975256992E-11  1.172959819551E-11
AR GRAC 2024 06 22 03 04 40.000000 2   1.610489692994E-11  3.941379167482E-11
AR GRAC 2024 06 22 03 04 50.000000 2   1.724046079510E-11  2.514797918518E-11
AR GRAC 2024 06 22 03 05  0.000000 2   1.555567306910E-11  2.723216964429E-11
AR GRAC 2024 06 22 03 05 10.000000 2   1.486061447509E-11  2.245635968845E-11
AR GRAC 2024 06 22 03 05 20.000000 2   1.310792707016E-11  2.767054640973E-11
AR GRAC 2024 06 22 03 05 30.000000 2   1.402012533847E-11  2.078473330946E-11
AR GRAC 2024 06 22 03 05 40.000000 2   1.499955541717E-11  3.180892355070E-11
AR GRAC 2024 06 22 03 05 50.000000 2   1.267666180360E-11  2.146310559836E-11
AR GRAC 2024 06 22 03 06  0.000000 2   1.835759495805E-11  2.723729054799E-11
AR GRAC 2024 06 22 03 06 10.000000 2   1.347275676439E-11  2.532147408418E-11
AR GRAC 2024 06 22 03 06 20.000000 2   1.474640375088E-11  2.615565403152E-11
AR GRAC 2024 06 22 03 06 30.000000 2   1.488778371417E-11  1.831983523215E-11
AR GRAC 2024 06 22 03 06 40.000000 2   1.422463015432E-11  1.453401635154E-11
AR GRAC 2024 06 22 03 06 50.000000 2   1.113898643462E-11  2.770819511333E-11
AR GRAC 2024 06 22 03 07  0.000000 2   1.527207353635E-11  2.400237474054E-11
AR GRAC 2024 06 22 03 07 10.000000 2   1.518339447226E-11  2.478655301841E-11
AR GRAC 2024 06 22 03 07 20.000000 2   1.607519846403E-11  2.282072968096E-11
AR GRAC 2024 06 22 03 07 30.000000 2   1.331604097821E-11  2.514490352046E-11
AR GRAC 2024 06 22 03 07 40.000000 2   1.271749892895E-11  2.232907782285E-11
AR GRAC 2024 06 22 03 07 50.000000 2   1.075059312405E-11  1.612325377376E-11
AR GRAC 2024 06 22 03 08  0.000000 2   1.170328851191E-11  2.315742736458E-11
AR GRAC 2024 06 22 03 08 10.000000 2   1.086605892070E-11  2.300159715474E-11
AR GRAC 2024 06 22 03 08 20.000000 2   1.253850755861E-11  2.488577052762E-11
AR GRAC 2024 06 22 03 08 30.000000 2   1.122171799928E-11  1.300994034725E-11
AR GRAC 2024 06 22 03 08 40.000000 2   1.303919038714E-11  2.749410941971E-11
AR GRAC 2024 06 22 03 08 50.000000 2   1.074477659624E-11  1.015827699735E-11
AR GRAC 2024 06 22 03 09  0.000000 2   8.243378202266E-12  3.099244472171E-11
AR GRAC 2024 06 22 03 09 10.000000 2   1.048814073784E-11  1.945661166902E-11
AR GRAC 2024 06 22 03 09 20.000000 2   9.788722783732E-12  8.410775548251E-12
AR GRAC 2024 06 22 03 09 30.000000 2   8.729382668105E-12  1.883493881694E-11
AR GRAC 2024 06 22 03 09 40.000000 2   6.625573353847E-12  1.630910163863E-11
AR GRAC 2024 06 22 03 09 50.000000 2   1.090891699890E-11  2.727326697816E-11
AR GRAC 2024 06 22 03 10  0.000000 2   7.872932340780E-12  5.047428620897E-12
AR GRAC 2024 06 22 03 10 10.000000 2   7.744935769105E-12  2.060158814376E-11
AR GRAC 2024 06 22 03 10 20.000000 2   7.611996970247E-12  2.205574611835E-11
AR GRAC 2024 06 22 03 10 30.000000 2   6.278633862822E-12  1.305990645489E-11
AR GRAC 2024 06 22 03 10 40.000000 2   1.070269480680E-11  2.541406668444E-11
AR GRAC 2024 06 22 03 10 50.000000 2   5.764164319466E-12  1.939821914210E-11
AR GRAC 2024 06 22 03 11  0.000000 2   4.206448123850E-12  3.723774489716E-13
AR GRAC 2024 06 22 03 11 10.000000 2   6.653600413686E-12  2.024653188160E-11
AR GRAC 2024 06 22 03 11 20.000000 2   7.655706797671E-12  1.569068486251E-11
AR GRAC 2024 06 22 03 11 30.000000 2   5.922036298844E-12  1.847483797890E-11
AR GRAC 2024 06 22 03 11 40.000000 2   8.139531583462E-12  1.546899067173E-11
AR GRAC 2024 06 22 03 11 50.000000 2   4.482197165506E-12  2.021314018941E-11
AR GRAC 2024 06 22 03 12  0.000000 2   2.298868127110E-12  2.201729250306E-11
AR GRAC 2024 06 22 03 12 10.000000 2   3.332597869540E-12  1.606143863742E-11
AR GRAC 2024 06 22 03 12 20.000000 2   5.504091540182E-12  1.216559058353E-11
AR GRAC 2024 06 22 03 12 30.000000 2   3.761770409061E-12  1.700973736862E-11
AR GRAC 2024 06 22 03 12 40.000000 2   2.250168801288E-12  2.079388224108E-11
AR GRAC 2024 06 22 03 12 50.000000 2   4.600911231861E-12  1.070802908149E-11
AR GRAC 2024 06 22 03 13  0.000000 2   2.300069856798E-12  4.921736846200E-13
AR GRAC 2024 06 22 03 13 10.000000 2   4.920125938612E-12  3.107631860177E-11
AR GRAC 2024 06 22 03 13 20.000000 2   1.805541285059E-12  9.630460491572E-12
AR GRAC 2024 06 22 03 13 30.000000 2   3.937037328094E-12  2.567459959912E-11
AR GRAC 2024 06 22 03 13 40.000000 2   6.922877527314E-13 -1.912572747745E-13
AR GRAC 2024 06 22 03 13 50.000000 2   2.757414522409E-12  1.078288326684E-11
AR GRAC 2024 06 22 03 14  0.000000 2   2.105014079712E-12  2.035702162395E-11
AR GRAC 2024 06 22 03 14 10.000000 2   2.788032391760E-12  2.731159699440E-12
AR GRAC 2024 06 22 03 14 20.000000 2   1.028513212098E-12  1.724529720415E-11
AR GRAC 2024 06 22 03 14 30.000000 2   2.065260289175E-12  1.973943231093E-11
AR GRAC 2024 06 22 03 14 40.000000 2   2.041847187205E-13  1.719356601537E-11
AR GRAC 2024 06 22 03 14 50.000000 2   3.495472140902E-12 -2.932298501235E-12
AR GRAC 2024 06 22 03 15  0.000000 2  -2.546661232589E-12  6.041837169457E-12
AR GRAC 2024 06 22 03 15 10.000000 2   2.122195865220E-12  2.489596549748E-11
AR GRAC 2024 06 22 03 15 20.000000 2  -1.948901977300E-12 -1.291990039259E-11
AR GRAC 2024 06 22 03 15 30.000000 2  -8.261907867915E-13  9.184230632953E-12
AR GRAC 2024 06 22 03 15 40.000000 2  -2.714517196092E-12  1.806835757401E-11
AR GRAC 2024 06 22 03 15 50.000000 2  -4.375960043542E-13  7.172489165097E-12
AR GRAC 2024 06 22 03 16  0.000000 2  -7.150589799096E-13 -9.133849275880E-13
AR GRAC 2024 06 22 03 16 10.000000 2  -1.532734117578E-12  1.261074144415E-11
AR GRAC 2024 06 22 03 16 20.000000 2  -2.914721632455E-12 -6.725131736218E-12
AR GRAC 2024 06 22 03 16 30.000000 2  -2.111833711377E-12 -6.521007258481E-12
AR GRAC 2024 06 22 03 16 40.000000 2  -4.396191310291E-12  1.039311518791E-11
AR GRAC 2024 06 22 03 16 50.000000 2  -4.278031921767E-12  4.297238346412E-12
AR GRAC 2024 06 22 03 17  0.000000 2  -2.736356714134E-12  1.614136081740E-11
AR GRAC 2024 06 22 03 17 10.000000 2  -1.599112010343E-12 -5.544517969747E-12
AR GRAC 2024 06 22 03 17 20.000000 2  -3.331958732360E-13  8.219602949666E-12
AR GRAC 2024 06 22 03 17 30.000000 2  -6.534138247832E-12  1.070372089573E-11
AR GRAC 2024 06 22 03 17 40.000000 2  -2.913993915957E-12 -8.872161685880E-12
AR GRAC 2024 06 22 03 17 50.000000 2  -4.400464367893E-12  7.201955178060E-12
AR GRAC 2024 06 22 03 18  0.000000 2  -6.843325819211E-12 -4.383927248996E-12
AR GRAC 2024 06 22 03 18 10.000000 2  -6.840208087444E-12  2.520188484983E-12
AR GRAC 2024 06 22 03 18 20.000000 2  -6.106166787478E-12  7.444302986548E-12
AR GRAC 2024 06 22 03 18 30.000000 2  -7.930892054198E-12 -4.171583651430E-12
AR GRAC 2024 06 22 03 18 40.000000 2  -6.444708048475E-12 -5.367471658108E-12
AR GRAC 2024 06 22 03 18 50.000000 2  -5.787435201215E-12  5.846640879770E-12
AR GRAC 2024 06 22 03 19  0.000000 2  -6.617363341316E-12 -4.489250551160E-12
AR GRAC 2024 06 22 03 19 10.000000 2  -6.253569276998E-12  1.030485939635E-11
AR GRAC 2024 06 22 03 19 20.000000 2  -5.094890655200E-12 -8.821031578787E-12
AR GRAC 2024 06 22 03 19 30.000000 2  -6.382407623240E-12  9.383076780833E-12
AR GRAC 2024 06 22 03 19 40.000000 2  -8.059718691056E-12  4.667183306495E-12
AR GRAC 2024 06 22 03 19 50.000000 2  -8.590655097007E-12 -1.691871122367E-11
AR GRAC 2024 06 22 03 20  0.000000 2  -1.015737147170E-11  2.895394210847E-12
AR GRAC 2024 06 22 03 20 10.000000 2  -7.158541120988E-12 -3.210501959769E-12
AR GRAC 2024 06 22 03 20 20.000000 2  -8.251021393901E-12  8.836016770694E-13
AR GRAC 2024 06 22 03 20 30.000000 2  -8.811658000485E-12 -1.118229727565E-11
AR GRAC 2024 06 22 03 20 40.000000 2  -8.894373952628E-12  1.448180377700E-11
AR GRAC 2024 06 22 03 20 50.000000 2  -1.018349293780E-11  7.325905507227E-12
AR GRAC 2024 06 22 03 21  0.000000 2  -6.883975160743E-12 -1.531999700710E-11
AR GRAC 2024 06 22 03 21 10.000000 2  -5.395512162054E-12  1.139410354262E-11
AR GRAC 2024 06 22 03 21 20.000000 2  -1.139856004723E-11 -1.995180062830E-11
AR GRAC 2024 06 22 03 21 30.000000 2  -1.294552312570E-11  6.752296204809E-12
AR GRAC 2024 06 22 03 21 40.000000 2  -6.673266106372E-12 -8.983607260871E-12
AR GRAC 2024 06 22 03 21 50.000000 2  -1.017048424645E-11 -2.030951275211E-11
AR GRAC 2024 06 22 03 22  0.000000 2  -1.247064604359E-11  1.145798272885E-13
AR GRAC 2024 06 22 03 22 10.000000 2  -1.052256372314E-11 -2.049132738491E-11
AR GRAC 2024 06 22 03 22 20.000000 2  -9.002996265162E-12  1.468276542016E-11
AR GRAC 2024 06 22 03 22 30.000000 2  -1.501427281114E-11 -1.115314611499E-11
AR GRAC 2024 06 22 03 22 40.000000 2  -1.040623663628E-11  1.482094308392E-11
AR GRAC 2024 06 22 03 22 50.000000 2  -1.110878403154E-11 -9.314966332996E-12
AR GRAC 2024 06 22 03 23  0.000000 2  -9.135933329296E-12 -2.309087816788E-11
AR GRAC 2024 06 22 03 23 10.000000 2  -1.296038276699E-11 -7.976791970010E-12
AR GRAC 2024 06 22 03 23 20.000000 2  -1.150028943603E-11 -7.292704634621E-12
AR GRAC 2024 06 22 03 23 30.000000 2  -1.001745995183E-11 -1.303862053048E-11
AR GRAC 2024 06 22 03 23 40.000000 2  -1.528903913195E-11 -5.024534607823E-12
AR GRAC 2024 06 22 03 23 50.000000 2  -1.246431083346E-11 -4.890452626194E-12
AR GRAC 2024 06 22 03 24  0.000000 2  -1.285830209669E-11 -1.269636999701E-11
AR GRAC 2024 06 22 03 24 10.000000 2  -1.123826726124E-11  1.747712326423E-12
AR GRAC 2024 06 22 03 24 20.000000 2  -1.194831733553E-11 -4.098208317843E-12
AR GRAC 2024 06 22 03 24 30.000000 2  -1.236328834447E-11 -9.024128666546E-12
AR GRAC 2024 06 22 03 24 40.000000 2  -9.377739036698E-12 -1.448005170629E-11
AR GRAC 2024 06 22 03 24 50.000000 2  -1.258030745549E-11 -1.127597147599E-11
AR GRAC 2024 06 22 03 25  0.000000 2  -1.512040145868E-11 -9.491895984481E-12
AR GRAC 2024 06 22 03 25 10.000000 2  -1.283300202215E-11 -3.437820774582E-12
AR GRAC 2024 06 22 03 25 20.000000 2  -1.512532807335E-11 -1.430374568789E-11
AR GRAC 2024 06 22 03 25 30.000000 2  -1.526383359984E-11 -1.149670961730E-12
AR GRAC 2024 06 22 03 25 40.000000 2  -1.394143047534E-11 -9.745598425481E-12
AR GRAC 2024 06 22 03 25 50.000000 2  -1.574917453395E-11 -1.624152895507E-11
AR GRAC 2024 06 22 03 26  0.000000 2  -1.266894401886E-11  4.442544856292E-12
AR GRAC 2024 06 22 03 26 10.000000 2  -1.772344944417E-11 -1.634338671341E-11
AR GRAC 2024 06 22 03 26 20.000000 2  -1.040210105552E-11 -6.199315800287E-12
AR GRAC 2024 06 22 03 26 30.000000 2  -1.713733495390E-11 -3.196524642202E-11
AR GRAC 2024 06 22 03 26 40.000000 2  -1.285373630450E-11 -4.118162720015E-14
AR GRAC 2024 06 22 03 26 50.000000 2  -1.538898869446E-11 -2.486711531136E-11
AR GRAC 2024 06 22 03 27  0.000000 2  -1.518668177325E-11 -2.003304987175E-11
AR GRAC 2024 06 22 03 27 10.000000 2  -1.339934153216E-11 -1.214898494306E-11
AR GRAC 2024 06 22 03 27 20.000000 2  -1.487691914104E-11 -4.934922262501E-12
AR GRAC 2024 06 22 03 27 30.000000 2  -1.354332271331E-11 -1.839085828070E-11
AR GRAC 2024 06 22 03 27 40.000000 2  -1.706806571078E-11 -7.916797425955E-12
AR GRAC 2024 06 22 03 27 50.000000 2  -1.536407980007E-11 -3.507273985126E-11
AR GRAC 2024 06 22 03 28  0.000000 2  -1.495546221586E-11 -1.246867626509E-11
AR GRAC 2024 06 22 03 28 10.000000 2  -1.408869115122E-11 -9.846183113629E-13
AR GRAC 2024 06 22 03 28 20.000000 2  -1.607460345388E-11 -2.355056080705E-11
AR GRAC 2024 06 22 03 28 30.000000 2  -1.551550207757E-11 -1.120650447439E-11
AR GRAC 2024 06 22 03 28 40.000000 2  -1.675241369237E-11 -8.902448223047E-12
AR GRAC 2024 06 22 03 28 50.000000 2  -1.631950304060E-11 -3.558839334339E-11
AR GRAC 2024 06 22 03 29  0.000000 2  -1.429831687078E-11 -1.414339131922E-12
AR GRAC 2024 06 22 03 29 10.000000 2  -1.566510289541E-11 -2.649028739421E-11
AR GRAC 2024 06 22 03 29 20.000000 2  -1.621414634501E-11  3.583766963744E-12
AR GRAC 2024 06 22 03 29 30.000000 2  -2.088441919401E-11 -2.801218111637E-11
AR GRAC 2024 06 22 03 29 40.000000 2  -1.731882172396E-11 -3.155813110833E-11
AR GRAC 2024 06 22 03 29 50.000000 2  -1.882763389638E-11  2.259176190306E-13
AR GRAC 2024 06 22 03 30  0.000000 2  -1.369019307640E-11 -3.412003318770E-11
AR GRAC 2024 06 22 03 30 10.000000 2  -1.553072080662E-11 -2.023598823231E-11
AR GRAC 2024 06 22 03 30 20.000000 2  -1.517610863366E-11 -1.336194176138E-11
AR GRAC 2024 06 22 03 30 30.000000 2  -1.757067234764E-11 -1.556789593071E-11
AR GRAC 2024 06 22 03 30 40.000000 2  -1.763591703230E-11 -2.263384965562E-11
AR GRAC 2024 06 22 03 30 50.000000 2  -1.349068860096E-11 -1.769807607757E-12
AR GRAC 2024 06 22 03 31  0.000000 2  -1.912758666733E-11 -2.326576258038E-11
AR GRAC 2024 06 22 03 31 10.000000 2  -1.754416403821E-11 -1.939172260268E-11
AR GRAC 2024 06 22 03 31 20.000000 2  -2.050286850019E-11 -1.290768273515E-11
AR GRAC 2024 06 22 03 31 30.000000 2  -1.644040285853E-11 -1.483364125976E-11
AR GRAC 2024 06 22 03 31 40.000000 2  -1.590433167109E-11 -2.842960242222E-11
AR GRAC 2024 06 22 03 31 50.000000 2  -1.744641757451E-11 -8.545564429696E-12
AR GRAC 2024 06 22 03 32  0.000000 2  -1.673530931889E-11 -6.301527875896E-12
AR GRAC 2024 06 22 03 32 10.000000 2  -1.833976200072E-11 -1.434749281187E-11
AR GRAC 2024 06 22 03 32 20.000000 2  -1.371817937024E-11 -1.823345467666E-11
AR GRAC 2024 06 22 03 32 30.000000 2  -2.057609291284E-11 -2.241942222148E-11
AR GRAC 2024 06 22 03 32 40.000000 2  -1.433949660401E-11 -1.035390089638E-12
AR GRAC 2024 06 22 03 32 50.000000 2  -2.059677428612E-11 -2.372135647633E-11
AR GRAC 2024 06 22 03 33  0.000000 2  -1.834167019654E-11 -2.228732476350E-11
AR GRAC 2024 06 22 03 33 10.000000 2  -1.364003007764E-11 -2.476329558077E-11
AR GRAC 2024 06 22 03 33 20.000000 2  -2.189231955441E-11 -1.905926458323E-11
AR GRAC 2024 06 22 03 33 30.000000 2  -1.266894662094E-11 -1.964523856091E-11
AR GRAC 2024 06 22 03 33 40.000000 2  -1.664763119025E-11 -2.410121061058E-11
AR GRAC 2024 06 22 03 33 50.000000 2  -1.654877797297E-11 -1.680718238195E-11
AR GRAC 2024 06 22 03 34  0.000000 2  -1.669068182275E-11 -6.303156781240E-12
AR GRAC 2024 06 22 03 34 10.000000 2  -1.783589595461E-11 -1.160913205844E-11
AR GRAC 2024 06 22 03 34 20.000000 2  -1.615936204291E-11 -2.709510914245E-11
AR GRAC 2024 06 22 03 34 30.000000 2  -1.892825826633E-11 -2.423108588778E-11
AR GRAC 2024 06 22 03 34 40.000000 2  -1.974978861008E-11 -1.848706257523E-11
AR GRAC 2024 06 22 03 34 50.000000 2  -1.944843071311E-11 -1.527304324678E-11
AR GRAC 2024 06 22 03 35  0.000000 2  -1.709424962693E-11 -1.863902088228E-11
AR GRAC 2024 06 22 03 35 10.000000 2  -1.748861819251E-11 -1.284500283916E-11
AR GRAC 2024 06 22 03 35 20.000000 2  -1.923829498485E-11 -2.018098535506E-11
AR GRAC 2024 06 22 03 35 30.000000 2  -1.530744454803E-11 -1.432696843107E-11
AR GRAC 2024 06 22 03 35 40.000000 2  -1.653209166785E-11 -7.662951002907E-12
AR GRAC 2024 06 22 03 35 50.000000 2  -1.649180444985E-11 -3.562893730047E-11
AR GRAC 2024 06 22 03 36  0.000000 2  -1.670670546350E-11  4.595079958897E-12
AR GRAC 2024 06 22 03 36 10.000000 2  -1.822750284042E-11 -2.752090569325E-11
AR GRAC 2024 06 22 03 36 20.000000 2  -1.392641297421E-11 -2.413689560721E-11
AR GRAC 2024 06 22 03 36 30.000000 2  -1.959001537377E-11 -1.006288542077E-11
AR GRAC 2024 06 22 03 36 40.000000 2  -1.682812916792E-11 -1.514887347509E-11
AR GRAC 2024 06 22 03 36 50.000000 2  -1.826131260096E-11 -2.478486513247E-11
AR GRAC 2024 06 22 03 37  0.000000 2  -1.770558005765E-11 -2.450855273936E-12
AR GRAC 2024 06 22 03 37 10.000000 2  -2.009754168641E-11 -1.589684633929E-11
AR GRAC 2024 06 22 03 37 20.000000 2  -1.700678660399E-11 -1.901284164829E-11
AR GRAC 2024 06 22 03 37 30.000000 2  -1.522859789660E-11 -1.903883474486E-11
AR GRAC 2024 06 22 03 37 40.000000 2  -1.558260812051E-11 -1.656482763457E-11
AR GRAC 2024 06 22 03 37 50.000000 2  -1.604740298977E-11 -1.867082530249E-11
AR GRAC 2024 06 22 03 38  0.000000 2  -1.514569372696E-11 -1.601682154961E-11
AR GRAC 2024 06 22 03 38 10.000000 2  -1.651027231597E-11 -1.872820258250E-12
AR GRAC 2024 06 22 03 38 20.000000 2  -1.853547350328E-11 -1.833881831115E-11
AR GRAC 2024 06 22 03 38 30.000000 2  -1.343191703695E-11 -1.149481811819E-11
AR GRAC 2024 06 22 03 38 40.000000 2  -1.786768823175E-11 -1.787081940763E-11
AR GRAC 2024 06 22 03 38 50.000000 2  -1.786113271174E-11 -1.944682262445E-11
AR GRAC 2024 06 22 03 39  0.000000 2  -1.671471121234E-11 -6.082823047343E-12
AR GRAC 2024 06 22 03 39 10.000000 2  -2.002977297910E-11 -1.242882619740E-11
AR GRAC 2024 06 22 03 39 20.000000 2  -1.430420625698E-11 -1.012483152874E-11
AR GRAC 2024 06 22 03 39 30.000000 2  -1.806370678037E-11 -3.107084034504E-11
AR GRAC 2024 06 22 03 39 40.000000 2  -1.104248636974E-11 -6.676842672498E-12
AR GRAC 2024 06 22 03 39 50.000000 2  -1.731041698871E-11 -3.152850593449E-12
AR GRAC 2024 06 22 03 40  0.000000 2  -1.336087837589E-11 -2.356885693555E-11
AR GRAC 2024 06 22 03 40 10.000000 2  -1.977438351952E-11 -1.500486887518E-11
AR GRAC 2024 06 22 03 40 20.000000 2  -1.277851609249E-11 -5.990877932627E-12
AR GRAC 2024 06 22 03 40 30.000000 2  -1.452234252991E-11 -6.676888642670E-12
AR GRAC 2024 06 22 03 40 40.000000 2  -1.554248743596E-11 -1.367290135279E-11
AR GRAC 2024 06 22 03 40 50.000000 2  -1.669006773064E-11 -6.988914221656E-12
AR GRAC 2024 06 22 03 41  0.000000 2  -1.535954349818E-11 -1.456492912388E-11
AR GRAC 2024 06 22 03 41 10.000000 2  -1.834727335337E-11 -1.453094242154E-11
AR GRAC 2024 06 22 03 41 20.000000 2  -1.086303096087E-11 -1.365695837668E-11
AR GRAC 2024 06 22 03 41 30.000000 2  -1.933317048119E-11 -1.385297519058E-11
AR GRAC 2024 06 22 03 41 40.000000 2  -1.816672506871E-11 -3.268993149091E-12
AR GRAC 2024 06 22 03 41 50.000000 2  -1.308546500323E-11 -2.558501153993E-11
AR GRAC 2024 06 22 03 42  0.000000 2  -1.642744967834E-11  2.088969405442E-12
AR GRAC 2024 06 22 03 42 10.000000 2  -1.617410198829E-11 -1.047705065066E-11
AR GRAC 2024 06 22 03 42 20.000000 2  -1.380951776542E-11 -1.943073089580E-12
AR GRAC 2024 06 22 03 42 30.000000 2  -1.747445764477E-11 -2.090909390073E-11
AR GRAC 2024 06 22 03 42 40.000000 2  -1.597812680776E-11  6.674883302332E-12
AR GRAC 2024 06 22 03 42 50.000000 2  -1.477537710237E-11 -9.611433827647E-13
AR GRAC 2024 06 22 03 43  0.000000 2  -1.514552545878E-11 -1.585716800923E-11
AR GRAC 2024 06 22 03 43 10.000000 2  -1.635197532934E-11 -8.893194340664E-12
AR GRAC 2024 06 22 03 43 20.000000 2  -1.241671262336E-11 -3.729221792481E-12
AR GRAC 2024 06 22 03 43 30.000000 2  -1.628317966573E-11 -4.255248497315E-12
AR GRAC 2024 06 22 03 43 40.000000 2  -1.842399323382E-11 -1.722127822290E-11
AR GRAC 2024 06 22 03 43 50.000000 2  -1.434206659684E-11 -9.097307976380E-12
AR GRAC 2024 06 22 03 44  0.000000 2  -1.370929238187E-11 -1.327333902512E-11
AR GRAC 2024 06 22 03 44 10.000000 2  -1.630926123319E-11 -1.175937212189E-11
AR GRAC 2024 06 22 03 44 20.000000 2  -1.167703780891E-11 -1.694540341379E-11
AR GRAC 2024 06 22 03 44 30.000000 2  -1.522092868411E-11  1.298562819774E-12
AR GRAC 2024 06 22 03 44 40.000000 2  -1.146464086860E-11 -1.043747293455E-11
AR GRAC 2024 06 22 03 44 50.000000 2  -1.221561133496E-11 -9.763506843286E-12
AR GRAC 2024 06 22 03 45  0.000000 2  -1.430997594726E-11 -4.689543892100E-12
AR GRAC 2024 06 22 03 45 10.000000 2  -1.250929481528E-11 -2.065581429858E-12
AR GRAC 2024 06 22 03 45 20.000000 2  -1.392315950033E-11 -1.651620246818E-12
AR GRAC 2024 06 22 03 45 30.000000 2  -1.485869934037E-11 -1.191765956754E-11
AR GRAC 2024 06 22 03 45 40.000000 2  -1.320321109388E-11 -2.043698326890E-12
AR GRAC 2024 06 22 03 45 50.000000 2  -1.345365312211E-11 -4.469739248864E-12
AR GRAC 2024 06 22 03 46  0.000000 2  -1.654632333925E-11 -3.885783621954E-12
AR GRAC 2024 06 22 03 46 10.000000 2  -1.330738904487E-11  5.658174016127E-12
AR GRAC 2024 06 22 03 46 20.000000 2  -1.558583470618E-11  4.721296053764E-13
AR GRAC 2024 06 22 03 46 30.000000 2  -1.217489390554E-11  1.018608374731E-11
AR GRAC 2024 06 22 03 46 40.000000 2  -1.279286745981E-11 -1.799607554989E-13
AR GRAC 2024 06 22 03 46 50.000000 2  -1.118993959992E-11  1.186399242736E-11
AR GRAC 2024 06 22 03 47  0.000000 2  -9.248010343632E-12  1.017945168262E-12
AR GRAC 2024 06 22 03 47 10.000000 2  -1.497043634890E-11 -1.502810376142E-11
AR GRAC 2024 06 22 03 47 20.000000 2  -1.118070826894E-11  3.645845778055E-12
AR GRAC 2024 06 22 03 47 30.000000 2  -1.332315854863E-11  2.429795297257E-12
AR GRAC 2024 06 22 03 47 40.000000 2  -1.001101632148E-11  2.623743019722E-12
AR GRAC 2024 06 22 03 47 50.000000 2  -1.067422712719E-11 -1.396230960710E-11
AR GRAC 2024 06 22 03 48  0.000000 2  -1.447662996423E-11 -5.348361076934E-12
AR GRAC 2024 06 22 03 48 10.000000 2  -1.004340013933E-11 -2.034417773134E-12
AR GRAC 2024 06 22 03 48 20.000000 2  -1.287355118340E-11  7.952807249550E-14
AR GRAC 2024 06 22 03 48 30.000000 2  -1.428639758577E-11  6.123472388875E-12
AR GRAC 2024 06 22 03 48 40.000000 2  -1.000497081016E-11  7.674148317684E-13
AR GRAC 2024 06 22 03 48 50.000000 2  -1.153185446440E-11 -6.628643814399E-12
AR GRAC 2024 06 22 03 49  0.000000 2  -1.349360380376E-11  1.224529592309E-11
AR GRAC 2024 06 22 03 49 10.000000 2  -8.932832772091E-12  4.492369204499E-13
AR GRAC 2024 06 22 03 49 20.000000 2  -7.602030116516E-12  8.473177021129E-12
AR GRAC 2024 06 22 03 49 30.000000 2  -7.457617856588E-12 -4.382885981230E-12
AR GRAC 2024 06 22 03 49 40.000000 2  -1.278380266229E-11  9.171049336620E-12
AR GRAC 2024 06 22 03 49 50.000000 2  -1.170312197846E-11  1.184498679696E-11
