 2.00 C RINEX VERSION / TYPE
 10.00 INTERVAL
 1 AR # / TYPES OF DATA
 END OF HEADER
AR GRAC 2024 07 03 01 50  0.000000 2  -9.019086692763E-12 -1.523486718724E-11
AR GRAC 2024 07 03 01 50 10.000000 2  -8.608691016987E-12 -1.372141029271E-11
AR GRAC 2024 07 03 01 50 20.000000 2  -5.672472474377E-12 -1.434795424832E-11
AR GRAC 2024 07 03 01 50 30.000000 2  -9.982894719207E-12 -3.264500215289E-12
AR GRAC 2024 07 03 01 50 40.000000 2  -5.335717978561E-12 -1.617104714025E-11
AR GRAC 2024 07 03 01 50 50.000000 2  -6.471479168518E-12 -1.182759445939E-11
AR GRAC 2024 07 03 01 51  0.000000 2  -8.757728917064E-12  2.445857752442E-12
AR GRAC 2024 07 03 01 51 10.000000 2  -3.863608218080E-12  7.393071614972E-13
AR GRAC 2024 07 03 01 51 20.000000 2  -6.496769702075E-12 -8.177244471830E-12
AR GRAC 2024 07 03 01 51 30.000000 2  -4.216428855369E-12 -2.590379993839E-11
AR GRAC 2024 07 03 01 51 40.000000 2  -5.932380454932E-12 -1.166035063643E-11
AR GRAC 2024 07 03 01 51 50.000000 2  -6.229438839767E-12 -1.496690618663E-11
AR GRAC 2024 07 03 01 52  0.000000 2  -8.973957861536E-12 -1.513460147137E-12
AR GRAC 2024 07 03 01 52 10.000000 2  -5.641706286169E-12 -1.049001770864E-11
AR GRAC 2024 07 03 01 52 20.000000 2  -4.926039177261E-12 -3.876574842382E-12
AR GRAC 2024 07 03 01 52 30.000000 2  -4.023605667397E-12 -1.234313432713E-11
AR GRAC 2024 07 03 01 52 40.000000 2  -4.480636348059E-12 -1.573969600488E-11
AR GRAC 2024 07 03 01 52 50.000000 2  -4.413202008696E-12 -6.266256177140E-12
AR GRAC 2024 07 03 01 53  0.000000 2  -5.833327744453E-12 -8.592818297182E-12
AR GRAC 2024 07 03 01 53 10.000000 2  -5.758028168851E-12 -4.859382427697E-12
AR GRAC 2024 07 03 01 53 20.000000 2  -8.001046006290E-12 -4.635947008225E-12
AR GRAC 2024 07 03 01 53 30.000000 2  -3.689147511782E-13 -1.724251297297E-11
AR GRAC 2024 07 03 01 53 40.000000 2  -5.309758167003E-13 -8.819080882239E-12
AR GRAC 2024 07 03 01 53 50.000000 2  -2.603907757817E-12 -1.346564873494E-11
AR GRAC 2024 07 03 01 54  0.000000 2  -3.018322137366E-12 -9.552218391273E-12
AR GRAC 2024 07 03 01 54 10.000000 2  -4.328294233441E-12 -1.440878839853E-11
AR GRAC 2024 07 03 01 54 20.000000 2  -4.990738725064E-13 -8.365359620288E-12
AR GRAC 2024 07 03 01 54 30.000000 2   3.210201473137E-13 -2.691933698520E-12
AR GRAC 2024 07 03 01 54 40.000000 2  -1.691437896863E-12 -1.023850709075E-11
AR GRAC 2024 07 03 01 54 50.000000 2  -3.991207104398E-12 -6.515081009406E-12
AR GRAC 2024 07 03 01 55  0.000000 2  -3.443360397162E-12 -1.284165829230E-11
AR GRAC 2024 07 03 01 55 10.000000 2  -3.173375841617E-12  9.617646306095E-13
AR GRAC 2024 07 03 01 55 20.000000 2   3.760444212964E-12 -1.115481491898E-11
AR GRAC 2024 07 03 01 55 30.000000 2  -1.450610898762E-12 -4.431392319065E-12
AR GRAC 2024 07 03 01 55 40.000000 2  -8.175179283532E-13 -1.293797534385E-11
AR GRAC 2024 07 03 01 55 50.000000 2  -1.442981910176E-12  1.275444810531E-12
AR GRAC 2024 07 03 01 56  0.000000 2  -4.275186975267E-12 -1.375113911628E-11
AR GRAC 2024 07 03 01 56 10.000000 2   2.760645228042E-12 -9.087723629175E-12
AR GRAC 2024 07 03 01 56 20.000000 2   1.249613043250E-12  2.655691855660E-12
AR GRAC 2024 07 03 01 56 30.000000 2  -3.215464190482E-13  1.219105111999E-12
AR GRAC 2024 07 03 01 56 40.000000 2   2.009266234296E-12 -1.167748189812E-11
AR GRAC 2024 07 03 01 56 50.000000 2  -3.021544386222E-12 -1.964071049895E-12
AR GRAC 2024 07 03 01 57  0.000000 2   2.570937603433E-12 -3.090660973676E-12
AR GRAC 2024 07 03 01 57 10.000000 2   3.604718953887E-12  6.192749004569E-12
AR GRAC 2024 07 03 01 57 20.000000 2  -1.974684304962E-12  2.176156173664E-12
AR GRAC 2024 07 03 01 57 30.000000 2   2.048331122773E-12  1.146956314646E-11
AR GRAC 2024 07 03 01 57 40.000000 2   3.989497534412E-13  7.062969133165E-12
AR GRAC 2024 07 03 01 57 50.000000 2   2.157586826215E-12 -7.233626458242E-12
AR GRAC 2024 07 03 01 58  0.000000 2   3.592226342775E-12 -2.300224680868E-12
AR GRAC 2024 07 03 01 58 10.000000 2   2.259442199309E-12 -4.816822288256E-12
AR GRAC 2024 07 03 01 58 20.000000 2   2.109320530741E-12  1.237657979575E-11
AR GRAC 2024 07 03 01 58 30.000000 2   2.301959838025E-12  4.719979615486E-12
AR GRAC 2024 07 03 01 58 40.000000 2   9.561102994396E-13  2.233775772860E-13
AR GRAC 2024 07 03 01 58 50.000000 2   3.628829658639E-12 -1.059322421448E-11
AR GRAC 2024 07 03 01 59  0.000000 2   1.259417917177E-12  1.442017078662E-11
AR GRAC 2024 07 03 01 59 10.000000 2   6.344054621910E-12  1.181356748536E-11
AR GRAC 2024 07 03 01 59 20.000000 2  -4.372382176373E-13 -1.916303921101E-11
AR GRAC 2024 07 03 01 59 30.000000 2   5.414363835748E-12  2.862035608509E-11
AR GRAC 2024 07 03 01 59 40.000000 2   3.241425140452E-13 -1.282625394783E-11
AR GRAC 2024 07 03 01 59 50.000000 2   2.952301597636E-12  2.777138111490E-12
AR GRAC 2024 07 03 02 00  0.000000 2   4.666721870050E-12 -4.994736720575E-13
AR GRAC 2024 07 03 02 00 10.000000 2   4.455950365634E-12  1.493915776675E-12
AR GRAC 2024 07 03 02 00 20.000000 2   2.374331200400E-12  1.063730353801E-11
AR GRAC 2024 07 03 02 00 30.000000 2   4.181992425967E-12  1.965068732734E-11
AR GRAC 2024 07 03 02 00 40.000000 2   6.861990142770E-12  9.264073883020E-12
AR GRAC 2024 07 03 02 00 50.000000 2   3.588584724518E-12  1.809745929504E-11
AR GRAC 2024 07 03 02 01  0.000000 2   6.101258821084E-12 -4.589158913992E-12
AR GRAC 2024 07 03 02 01 10.000000 2  -9.962139992873E-15  8.564223115404E-12
AR GRAC 2024 07 03 02 01 20.000000 2   8.001969746541E-12  1.263760363718E-11
AR GRAC 2024 07 03 02 01 30.000000 2   5.296272535121E-12  2.380982997569E-12
AR GRAC 2024 07 03 02 01 40.000000 2   6.359831064562E-12  8.143623579301E-13
AR GRAC 2024 07 03 02 01 50.000000 2   7.140325657129E-12  1.256773938391E-11
AR GRAC 2024 07 03 02 02  0.000000 2   7.572684666834E-12  3.271115149583E-12
AR GRAC 2024 07 03 02 02 10.000000 2   5.270328878176E-12 -5.605510413481E-12
AR GRAC 2024 07 03 02 02 20.000000 2   5.462136819234E-12  2.363786250070E-11
AR GRAC 2024 07 03 02 02 30.000000 2   6.332435877748E-12  8.171234522347E-12
AR GRAC 2024 07 03 02 02 40.000000 2   3.471956879983E-12  1.522460629788E-11
AR GRAC 2024 07 03 02 02 50.000000 2   6.939711392345E-12  1.427797723802E-11
AR GRAC 2024 07 03 02 03  0.000000 2   6.900348348271E-12  1.489134683619E-11
AR GRAC 2024 07 03 02 03 10.000000 2   1.166258842972E-11  9.464715469698E-12
AR GRAC 2024 07 03 02 03 20.000000 2   4.475078727723E-12  3.248081924950E-12
AR GRAC 2024 07 03 02 03 30.000000 2   7.086707522891E-12  8.971448584028E-12
AR GRAC 2024 07 03 02 03 40.000000 2   7.204397668714E-12  2.291481067396E-11
AR GRAC 2024 07 03 02 03 50.000000 2   5.484903763814E-12 -2.881824770137E-12
AR GRAC 2024 07 03 02 04  0.000000 2   8.973231879761E-12  2.220153921817E-11
AR GRAC 2024 07 03 02 04 10.000000 2   1.029433396166E-11 -3.245100585816E-12
AR GRAC 2024 07 03 02 04 20.000000 2   1.185229778905E-11  3.682825919227E-11
AR GRAC 2024 07 03 02 04 30.000000 2   4.742985518225E-12  8.731619594027E-12
AR GRAC 2024 07 03 02 04 40.000000 2   9.022316747875E-12  1.843497576814E-11
AR GRAC 2024 07 03 02 04 50.000000 2   5.408863894968E-12  2.061833342948E-11
AR GRAC 2024 07 03 02 05  0.000000 2   9.526219223177E-12  1.183168840679E-11
AR GRAC 2024 07 03 02 05 10.000000 2   8.863623376931E-12  2.369504419064E-11
AR GRAC 2024 07 03 02 05 20.000000 2   1.059244011947E-11  2.202839646803E-11
AR GRAC 2024 07 03 02 05 30.000000 2   1.054962540936E-11  2.702174595193E-11
AR GRAC 2024 07 03 02 05 40.000000 2   1.038786591467E-11  8.395100586922E-12
AR GRAC 2024 07 03 02 05 50.000000 2   1.058177157010E-11  1.771844997112E-11
AR GRAC 2024 07 03 02 06  0.000000 2   1.098016729623E-11  2.239179675012E-11
AR GRAC 2024 07 03 02 06 10.000000 2   7.266216274504E-12  2.517514495481E-11
AR GRAC 2024 07 03 02 06 20.000000 2   9.689610225294E-12  1.073849342781E-11
AR GRAC 2024 07 03 02 06 30.000000 2   1.380799294348E-11  2.623183788242E-11
AR GRAC 2024 07 03 02 06 40.000000 2   7.612037736249E-12  4.195181528555E-12
AR GRAC 2024 07 03 02 06 50.000000 2   1.052442247934E-11  3.733852463328E-11
AR GRAC 2024 07 03 02 07  0.000000 2   1.212003674506E-11  1.651186652685E-11
AR GRAC 2024 07 03 02 07 10.000000 2   1.016766618817E-11  1.378520735063E-11
AR GRAC 2024 07 03 02 07 20.000000 2   1.123376478646E-11  2.579854732621E-11
AR GRAC 2024 07 03 02 07 30.000000 2   1.126389780060E-11  9.731887171127E-12
AR GRAC 2024 07 03 02 07 40.000000 2   1.006670267978E-11  1.769522375850E-11
AR GRAC 2024 07 03 02 07 50.000000 2   1.339928515365E-11  3.758856073621E-11
AR GRAC 2024 07 03 02 08  0.000000 2   1.198801734964E-11  1.538189367545E-11
AR GRAC 2024 07 03 02 08 10.000000 2   1.380475248003E-11  2.326522828555E-11
AR GRAC 2024 07 03 02 08 20.000000 2   1.171383649801E-11  1.655856007865E-11
AR GRAC 2024 07 03 02 08 30.000000 2   8.369568926803E-12  1.703189152213E-11
AR GRAC 2024 07 03 02 08 40.000000 2   1.338319038924E-11  3.073522339414E-11
AR GRAC 2024 07 03 02 08 50.000000 2   1.393088335661E-11  2.091854987840E-11
AR GRAC 2024 07 03 02 09  0.000000 2   1.323765402850E-11  2.003188066813E-11
AR GRAC 2024 07 03 02 09 10.000000 2   1.274777332305E-11  2.687520692102E-11
AR GRAC 2024 07 03 02 09 20.000000 2   1.381820786267E-11  3.024853284517E-11
AR GRAC 2024 07 03 02 09 30.000000 2   8.743010655732E-12  1.634185668731E-11
AR GRAC 2024 07 03 02 09 40.000000 2   1.508274928563E-11  2.225518207222E-11
AR GRAC 2024 07 03 02 09 50.000000 2   1.621036985200E-11  3.460850356296E-11
AR GRAC 2024 07 03 02 10  0.000000 2   1.099792132364E-11  2.712182735343E-11
AR GRAC 2024 07 03 02 10 10.000000 2   1.433381104782E-11  2.293514510254E-11
AR GRAC 2024 07 03 02 10 20.000000 2   1.366998528263E-11  2.422846298589E-11
AR GRAC 2024 07 03 02 10 30.000000 2   1.267579270714E-11  2.263178359996E-11
AR GRAC 2024 07 03 02 10 40.000000 2   1.393333885769E-11  3.644510040979E-11
AR GRAC 2024 07 03 02 10 50.000000 2   1.219412938680E-11  2.238841750879E-11
AR GRAC 2024 07 03 02 11  0.000000 2   1.637364202556E-11  1.873173144373E-11
AR GRAC 2024 07 03 02 11 10.000000 2   1.300975212976E-11  2.522504427560E-11
AR GRAC 2024 07 03 02 11 20.000000 2   1.833756757552E-11  2.178835757649E-11
AR GRAC 2024 07 03 02 11 30.000000 2   1.445700243546E-11  2.707166782412E-11
AR GRAC 2024 07 03 02 11 40.000000 2   1.416701651824E-11  3.591497932387E-11
AR GRAC 2024 07 03 02 11 50.000000 2   1.683821311549E-11  4.019828914181E-11
AR GRAC 2024 07 03 02 12  0.000000 2   1.361734943556E-11  2.439159464684E-11
AR GRAC 2024 07 03 02 12 10.000000 2   1.628388049402E-11  2.826490083652E-11
AR GRAC 2024 07 03 02 12 20.000000 2   1.267942348337E-11  3.322820837925E-11
AR GRAC 2024 07 03 02 12 30.000000 2   1.691659312630E-11  3.539151263721E-11
AR GRAC 2024 07 03 02 12 40.000000 2   1.693832227256E-11  3.040481408312E-11
AR GRAC 2024 07 03 02 12 50.000000 2   1.296737803941E-11  3.322811817363E-11
AR GRAC 2024 07 03 02 13  0.000000 2   1.579666779328E-11  1.616141595551E-11
AR GRAC 2024 07 03 02 13 10.000000 2   1.850307060347E-11  4.000471828802E-11
AR GRAC 2024 07 03 02 13 20.000000 2   1.520217979278E-11  2.442801690095E-11
AR GRAC 2024 07 03 02 13 30.000000 2   2.248888575362E-11  3.613131321911E-11
AR GRAC 2024 07 03 02 13 40.000000 2   1.984996368665E-11  2.867460956180E-11
AR GRAC 2024 07 03 02 13 50.000000 2   1.542822987421E-11  3.480790655708E-11
AR GRAC 2024 07 03 02 14  0.000000 2   1.322724568764E-11  4.373120268686E-11
AR GRAC 2024 07 03 02 14 10.000000 2   1.893702035460E-11  2.748449037804E-11
AR GRAC 2024 07 03 02 14 20.000000 2   1.812236992416E-11  3.131778517074E-11
AR GRAC 2024 07 03 02 14 30.000000 2   1.604302281299E-11  3.645107826689E-11
AR GRAC 2024 07 03 02 14 40.000000 2   1.581116661209E-11  4.467436490185E-11
AR GRAC 2024 07 03 02 14 50.000000 2   1.625466601596E-11  4.130765521304E-11
AR GRAC 2024 07 03 02 15  0.000000 2   1.453375180621E-11  3.480093990760E-11
AR GRAC 2024 07 03 02 15 10.000000 2   1.598830963456E-11  3.929422759397E-11
AR GRAC 2024 07 03 02 15 20.000000 2   1.925858257590E-11  2.274751220721E-11
AR GRAC 2024 07 03 02 15 30.000000 2   1.678936677185E-11  3.927079494925E-11
AR GRAC 2024 07 03 02 15 40.000000 2   1.528216615754E-11  3.672407863919E-11
AR GRAC 2024 07 03 02 15 50.000000 2   2.163837165003E-11  2.639735999233E-11
AR GRAC 2024 07 03 02 16  0.000000 2   1.600421878356E-11  3.453064223446E-11
AR GRAC 2024 07 03 02 16 10.000000 2   2.164017055828E-11  2.660392045550E-11
AR GRAC 2024 07 03 02 16 20.000000 2   1.749417798125E-11  2.942720025989E-11
AR GRAC 2024 07 03 02 16 30.000000 2   1.886265969808E-11  4.599047531695E-11
AR GRAC 2024 07 03 02 16 40.000000 2   1.728510390375E-11  3.867375170108E-11
AR GRAC 2024 07 03 02 16 50.000000 2   1.453229463849E-11  2.859702752378E-11
AR GRAC 2024 07 03 02 17  0.000000 2   1.784009225070E-11  3.212029947575E-11
AR GRAC 2024 07 03 02 17 10.000000 2   2.299531398631E-11  3.119357550041E-11
AR GRAC 2024 07 03 02 17 20.000000 2   1.461580509399E-11  2.375684544920E-11
AR GRAC 2024 07 03 02 17 30.000000 2   1.947086068765E-11  4.368011508049E-11
AR GRAC 2024 07 03 02 17 40.000000 2   2.005446156361E-11  2.360338313689E-11
AR GRAC 2024 07 03 02 17 50.000000 2   2.318348464592E-11  3.630665212917E-11
AR GRAC 2024 07 03 02 18  0.000000 2   1.990411654940E-11  3.919992108692E-11
AR GRAC 2024 07 03 02 18 10.000000 2   1.712724580216E-11  3.881318530463E-11
AR GRAC 2024 07 03 02 18 20.000000 2   2.113930558378E-11  4.451644608494E-11
AR GRAC 2024 07 03 02 18 30.000000 2   2.453437626670E-11  3.627971534303E-11
AR GRAC 2024 07 03 02 18 40.000000 2   2.004243992992E-11  3.422297514821E-11
AR GRAC 2024 07 03 02 18 50.000000 2   1.571956453894E-11  2.698623616237E-11
AR GRAC 2024 07 03 02 19  0.000000 2   1.911111720265E-11  3.495949363330E-11
AR GRAC 2024 07 03 02 19 10.000000 2   1.975755843653E-11  3.539275469921E-11
AR GRAC 2024 07 03 02 19 20.000000 2   2.191432972587E-11  4.049601279310E-11
AR GRAC 2024 07 03 02 19 30.000000 2   1.944236438511E-11  4.205926926182E-11
AR GRAC 2024 07 03 02 19 40.000000 2   2.455759207098E-11  4.674252651604E-11
AR GRAC 2024 07 03 02 19 50.000000 2   1.872308211248E-11  2.345577725105E-11
AR GRAC 2024 07 03 02 20  0.000000 2   1.909697053271E-11  3.256903080562E-11
AR GRAC 2024 07 03 02 20 10.000000 2   1.515000278007E-11  3.844228407823E-11
AR GRAC 2024 07 03 02 20 20.000000 2   2.474121081619E-11  3.247553614916E-11
AR GRAC 2024 07 03 02 20 30.000000 2   2.204761373470E-11  3.858878494523E-11
AR GRAC 2024 07 03 02 20 40.000000 2   1.996470003207E-11  3.404203308133E-11
AR GRAC 2024 07 03 02 20 50.000000 2   2.335680607257E-11  2.396527767901E-11
AR GRAC 2024 07 03 02 21  0.000000 2   2.264730243617E-11  4.091852898180E-11
AR GRAC 2024 07 03 02 21 10.000000 2   1.544814103027E-11  3.702177453491E-11
AR GRAC 2024 07 03 02 21 20.000000 2   2.136602700320E-11  2.972501411680E-11
AR GRAC 2024 07 03 02 21 30.000000 2   1.971604650375E-11  2.875825966253E-11
AR GRAC 2024 07 03 02 21 40.000000 2   2.342393119747E-11  3.180150240367E-11
AR GRAC 2024 07 03 02 21 50.000000 2   2.004517732357E-11  3.933474032602E-11
AR GRAC 2024 07 03 02 22  0.000000 2   2.331859184912E-11  6.042798900152E-11
AR GRAC 2024 07 03 02 22 10.000000 2   2.009483725252E-11  3.448121996263E-11
AR GRAC 2024 07 03 02 22 20.000000 2   2.048939663768E-11  2.250445663154E-11
AR GRAC 2024 07 03 02 22 30.000000 2   2.310514106429E-11  2.539769436427E-11
AR GRAC 2024 07 03 02 22 40.000000 2   2.278974578496E-11  3.657092684239E-11
AR GRAC 2024 07 03 02 22 50.000000 2   2.392859174694E-11  4.206416118202E-11
AR GRAC 2024 07 03 02 23  0.000000 2   2.577362975820E-11  3.584739449725E-11
AR GRAC 2024 07 03 02 23 10.000000 2   2.115384950541E-11  2.122062595089E-11
AR GRAC 2024 07 03 02 23 20.000000 2   1.926232784388E-11  4.382385773716E-11
AR GRAC 2024 07 03 02 23 30.000000 2   2.298590658090E-11  4.845708209689E-11
AR GRAC 2024 07 03 02 23 40.000000 2   2.271389847042E-11  3.152031413656E-11
AR GRAC 2024 07 03 02 23 50.000000 2   2.039062495240E-11  2.197354104228E-11
AR GRAC 2024 07 03 02 24  0.000000 2   2.130660405053E-11  3.917676599796E-11
AR GRAC 2024 07 03 02 24 10.000000 2   2.670300786045E-11  2.912999355620E-11
AR GRAC 2024 07 03 02 24 20.000000 2   2.745890147204E-11  5.123321558664E-11
AR GRAC 2024 07 03 02 24 30.000000 2   2.238453693237E-11  4.652643895153E-11
AR GRAC 2024 07 03 02 24 40.000000 2   1.808029767569E-11  2.004965811431E-11
AR GRAC 2024 07 03 02 24 50.000000 2   2.361975545706E-11  4.536288011892E-11
AR GRAC 2024 07 03 02 25  0.000000 2   2.505025874233E-11  3.263609868465E-11
AR GRAC 2024 07 03 02 25 10.000000 2   2.305785770651E-11  5.002931402487E-11
AR GRAC 2024 07 03 02 25 20.000000 2   2.370323728962E-11  2.182253336369E-11
AR GRAC 2024 07 03 02 25 30.000000 2   2.273800245312E-11  4.243574935892E-11
AR GRAC 2024 07 03 02 25 40.000000 2   2.448426010548E-11  1.869896251727E-11
AR GRAC 2024 07 03 02 25 50.000000 2   2.300572926606E-11  3.420217928318E-11
AR GRAC 2024 07 03 02 26  0.000000 2   2.576525971743E-11  4.252538945981E-11
AR GRAC 2024 07 03 02 26 10.000000 2   2.294408933678E-11  2.108860135130E-11
AR GRAC 2024 07 03 02 26 20.000000 2   2.583059113825E-11  4.907180911617E-11
AR GRAC 2024 07 03 02 26 30.000000 2   2.584012170903E-11  4.665502012502E-11
AR GRAC 2024 07 03 02 26 40.000000 2   2.390105821592E-11  3.060822775791E-11
AR GRAC 2024 07 03 02 26 50.000000 2   2.555764280765E-11  4.477143308868E-11
AR GRAC 2024 07 03 02 27  0.000000 2   2.370218951664E-11  2.303464016751E-11
AR GRAC 2024 07 03 02 27 10.000000 2   2.306187359136E-11  3.412784291279E-11
AR GRAC 2024 07 03 02 27 20.000000 2   2.023852439803E-11  3.182104926780E-11
AR GRAC 2024 07 03 02 27 30.000000 2   2.391544948188E-11  4.571424835897E-11
AR GRAC 2024 07 03 02 27 40.000000 2   2.360087299202E-11  3.341744936325E-11
AR GRAC 2024 07 03 02 27 50.000000 2   2.909063441525E-11  3.376065052518E-11
AR GRAC 2024 07 03 02 28  0.000000 2   2.705420089344E-11  4.039384798871E-11
AR GRAC 2024 07 03 02 28 10.000000 2   2.548312255657E-11  2.947704580425E-11
AR GRAC 2024 07 03 02 28 20.000000 2   2.539765099618E-11  4.480024337616E-11
AR GRAC 2024 07 03 02 28 30.000000 2   2.784488438434E-11  3.146343602323E-11
AR GRAC 2024 07 03 02 28 40.000000 2   2.512007789279E-11  3.107663085200E-11
AR GRAC 2024 07 03 02 28 50.000000 2   2.886728703300E-11  3.500982143079E-11
AR GRAC 2024 07 03 02 29  0.000000 2   2.292733537745E-11  3.414301827376E-11
AR GRAC 2024 07 03 02 29 10.000000 2   2.534749320160E-11  3.687620694914E-11
AR GRAC 2024 07 03 02 29 20.000000 2   2.474747490266E-11  3.046939436868E-11
AR GRAC 2024 07 03 02 29 30.000000 2   2.682169070178E-11  3.291258238169E-11
AR GRAC 2024 07 03 02 29 40.000000 2   2.407940513649E-11  3.692577146830E-11
AR GRAC 2024 07 03 02 29 50.000000 2   3.025798014922E-11  3.249895838553E-11
AR GRAC 2024 07 03 02 30  0.000000 2   2.390550604692E-11  2.519214177543E-11
AR GRAC 2024 07 03 02 30 10.000000 2   2.408927050890E-11  2.887532574158E-11
AR GRAC 2024 07 03 02 30 20.000000 2   2.748582784984E-11  1.617850992064E-11
AR GRAC 2024 07 03 02 30 30.000000 2   2.855722429362E-11  4.164169356558E-11
AR GRAC 2024 07 03 02 30 40.000000 2   2.851220301525E-11  3.306487028620E-11
AR GRAC 2024 07 03 02 30 50.000000 2   2.687647153443E-11  3.621805286236E-11
AR GRAC 2024 07 03 02 31  0.000000 2   2.665619461273E-11  2.687122746536E-11
AR GRAC 2024 07 03 02 31 10.000000 2   2.596196868598E-11  3.915440541236E-11
AR GRAC 2024 07 03 02 31 20.000000 2   2.507029653320E-11  2.704758118866E-11
AR GRAC 2024 07 03 02 31 30.000000 2   2.398065253317E-11  2.559075520936E-11
AR GRAC 2024 07 03 02 31 40.000000 2   2.658021025503E-11  2.424392804568E-11
AR GRAC 2024 07 03 02 31 50.000000 2   2.839792984100E-11  2.932710324588E-11
AR GRAC 2024 07 03 02 32  0.000000 2   2.904936881321E-11  3.297027581506E-11
AR GRAC 2024 07 03 02 32 10.000000 2   2.890541798972E-11  3.919344709891E-11
AR GRAC 2024 07 03 02 32 20.000000 2   2.579286784155E-11  3.505661386183E-11
AR GRAC 2024 07 03 02 32 30.000000 2   2.818935536386E-11  2.876978343058E-11
AR GRAC 2024 07 03 02 32 40.000000 2   2.702881841954E-11  1.174294689266E-11
AR GRAC 2024 07 03 02 32 50.000000 2   2.163089846130E-11  3.542611343166E-11
AR GRAC 2024 07 03 02 33  0.000000 2   3.052772271084E-11  4.769927508530E-11
AR GRAC 2024 07 03 02 33 10.000000 2   2.889228613301E-11  2.626244187398E-11
AR GRAC 2024 07 03 02 33 20.000000 2   2.558737423330E-11  3.826560596165E-11
AR GRAC 2024 07 03 02 33 30.000000 2   2.594398480771E-11  1.862876346237E-11
AR GRAC 2024 07 03 02 33 40.000000 2   2.339229678017E-11  2.472192416059E-11
AR GRAC 2024 07 03 02 33 50.000000 2   2.628412591743E-11  4.245508458678E-11
AR GRAC 2024 07 03 02 34  0.000000 2   2.599261084146E-11  3.379824198291E-11
AR GRAC 2024 07 03 02 34 10.000000 2   2.593431892850E-11  2.847139711493E-11
AR GRAC 2024 07 03 02 34 20.000000 2   2.670641659208E-11  3.412455387708E-11
AR GRAC 2024 07 03 02 34 30.000000 2   2.619734464082E-11  2.107770728788E-11
AR GRAC 2024 07 03 02 34 40.000000 2   2.787183678299E-11  2.302085778949E-11
AR GRAC 2024 07 03 02 34 50.000000 2   2.514811449361E-11  2.256401315792E-11
AR GRAC 2024 07 03 02 35  0.000000 2   2.508325838702E-11  2.003716116639E-11
AR GRAC 2024 07 03 02 35 10.000000 2   2.421344548476E-11  2.924031156093E-11
AR GRAC 2024 07 03 02 35 20.000000 2   2.129382954685E-11  3.196345965684E-11
AR GRAC 2024 07 03 02 35 30.000000 2   2.865964930654E-11  3.319660865642E-11
AR GRAC 2024 07 03 02 35 40.000000 2   2.274631004384E-11  1.872975385897E-11
AR GRAC 2024 07 03 02 35 50.000000 2   2.605767511488E-11  2.360290088377E-11
AR GRAC 2024 07 03 02 36  0.000000 2   2.352142265682E-11  3.768604525667E-11
AR GRAC 2024 07 03 02 36 10.000000 2   2.393789333421E-11  2.658918918375E-11
AR GRAC 2024 07 03 02 36 20.000000 2   2.359591341761E-11  3.341232845955E-11
AR GRAC 2024 07 03 02 36 30.000000 2   2.656214484476E-11  2.213547053986E-11
AR GRAC 2024 07 03 02 36 40.000000 2   2.774409695039E-11  3.138860699137E-11
AR GRAC 2024 07 03 02 36 50.000000 2   2.226530418370E-11  3.066174744659E-11
AR GRAC 2024 07 03 02 37  0.000000 2   2.992909045596E-11  2.128488531261E-11
AR GRAC 2024 07 03 02 37 10.000000 2   2.356044179197E-11  2.630801826387E-11
AR GRAC 2024 07 03 02 37 20.000000 2   2.191105109850E-11  3.033115425488E-11
AR GRAC 2024 07 03 02 37 30.000000 2   2.642132172770E-11  3.734429085411E-11
AR GRAC 2024 07 03 02 37 40.000000 2   2.485361916271E-11  1.346742248970E-11
AR GRAC 2024 07 03 02 37 50.000000 2   2.234048189498E-11  1.828055241904E-11
AR GRAC 2024 07 03 02 38  0.000000 2   2.292009290694E-11  3.180368468580E-11
AR GRAC 2024 07 03 02 38 10.000000 2   2.183778158305E-11  2.372681391638E-11
AR GRAC 2024 07 03 02 38 20.000000 2   1.879214318878E-11  1.773994146026E-11
AR GRAC 2024 07 03 02 38 30.000000 2   2.470674359545E-11  2.706306879985E-11
AR GRAC 2024 07 03 02 38 40.000000 2   2.259714811104E-11  2.856619454872E-11
AR GRAC 2024 07 03 02 38 50.000000 2   2.074488497650E-11  2.676931940004E-11
AR GRAC 2024 07 03 02 39  0.000000 2   2.298646863130E-11  2.437244156495E-11
AR GRAC 2024 07 03 02 39 10.000000 2   2.395754775120E-11  2.406556551260E-11
AR GRAC 2024 07 03 02 39 20.000000 2   2.317457163670E-11  2.076868711731E-11
AR GRAC 2024 07 03 02 39 30.000000 2   2.592122870515E-11  2.581180581773E-11
AR GRAC 2024 07 03 02 39 40.000000 2   2.562751746926E-11  2.541492537256E-11
AR GRAC 2024 07 03 02 39 50.000000 2   2.052581889178E-11  2.183804352629E-11
AR GRAC 2024 07 03 02 40  0.000000 2   2.122973498386E-11  2.007116001179E-11
AR GRAC 2024 07 03 02 40 10.000000 2   2.032862767010E-11  2.407427555917E-11
AR GRAC 2024 07 03 02 40 20.000000 2   2.425629141989E-11  2.007738940379E-11
AR GRAC 2024 07 03 02 40 30.000000 2   2.222305152400E-11  1.528050255772E-11
AR GRAC 2024 07 03 02 40 40.000000 2   2.788796450715E-11  2.366361273598E-11
AR GRAC 2024 07 03 02 40 50.000000 2   2.348172177535E-11  2.617672398286E-11
AR GRAC 2024 07 03 02 41  0.000000 2   1.964503733298E-11  2.439983631808E-11
AR GRAC 2024 07 03 02 41 10.000000 2   1.912134166282E-11  1.681294513334E-11
AR GRAC 2024 07 03 02 41 20.000000 2   2.172259594424E-11  1.375605098580E-11
AR GRAC 2024 07 03 02 41 30.000000 2   1.677446723192E-11  1.611915982636E-11
AR GRAC 2024 07 03 02 41 40.000000 2   1.842197748514E-11  2.636226306696E-11
AR GRAC 2024 07 03 02 41 50.000000 2   1.749617811742E-11  1.713536777748E-11
AR GRAC 2024 07 03 02 42  0.000000 2   1.830563998995E-11  2.102847063146E-11
AR GRAC 2024 07 03 02 42 10.000000 2   2.295221131210E-11  1.537157207077E-11
AR GRAC 2024 07 03 02 42 20.000000 2   1.473856106604E-11  1.661467317893E-11
AR GRAC 2024 07 03 02 42 30.000000 2   2.147971384092E-11  1.749777406301E-11
AR GRAC 2024 07 03 02 42 40.000000 2   1.867366504482E-11  2.452087317917E-11
AR GRAC 2024 07 03 02 42 50.000000 2   1.914286784643E-11  2.068396842692E-11
AR GRAC 2024 07 03 02 43  0.000000 2   1.811356273307E-11  1.531706532443E-11
AR GRAC 2024 07 03 02 43 10.000000 2   1.509903486963E-11  1.912015858141E-11
AR GRAC 2024 07 03 02 43 20.000000 2   1.734451471336E-11  1.224325502092E-11
AR GRAC 2024 07 03 02 43 30.000000 2   1.508550402651E-11  2.195634819790E-11
AR GRAC 2024 07 03 02 43 40.000000 2   1.719422521029E-11  1.651943859482E-11
AR GRAC 2024 07 03 02 43 50.000000 2   1.833214656466E-11  2.032253185180E-11
AR GRAC 2024 07 03 02 44  0.000000 2   1.651127845559E-11  2.138562070486E-11
AR GRAC 2024 07 03 02 44 10.000000 2   1.819050639285E-11  7.368708941635E-12
AR GRAC 2024 07 03 02 44 20.000000 2   1.515499704896E-11  2.358179276851E-11
AR GRAC 2024 07 03 02 44 30.000000 2   1.492467781306E-11  8.214882767088E-12
AR GRAC 2024 07 03 02 44 40.000000 2   1.770650119581E-11  1.251796583057E-11
AR GRAC 2024 07 03 02 44 50.000000 2   1.599725039936E-11  2.380104793809E-11
AR GRAC 2024 07 03 02 45  0.000000 2   1.615491594664E-11  1.525413129144E-11
AR GRAC 2024 07 03 02 45 10.000000 2   1.445649502885E-11  1.659721492187E-11
AR GRAC 2024 07 03 02 45 20.000000 2   1.225716750319E-11  3.006029453134E-11
AR GRAC 2024 07 03 02 45 30.000000 2   1.340825801083E-11  6.533375836865E-12
AR GRAC 2024 07 03 02 45 40.000000 2   1.694635577698E-11  1.379645009347E-11
AR GRAC 2024 07 03 02 45 50.000000 2   1.197145594461E-11  6.339530029403E-12
AR GRAC 2024 07 03 02 46  0.000000 2   1.206368078349E-11  3.542260235134E-11
AR GRAC 2024 07 03 02 46 10.000000 2   1.588266497488E-11  1.258568076146E-11
AR GRAC 2024 07 03 02 46 20.000000 2   1.194020750328E-11  2.313875133164E-11
AR GRAC 2024 07 03 02 46 30.000000 2   1.199572993021E-11  1.452182384759E-11
AR GRAC 2024 07 03 02 46 40.000000 2   1.090427314415E-11  2.253489582438E-11
AR GRAC 2024 07 03 02 46 50.000000 2   1.070611828358E-11  1.359796650280E-11
AR GRAC 2024 07 03 02 47  0.000000 2   1.774674504573E-11  1.363103466906E-11
AR GRAC 2024 07 03 02 47 10.000000 2   1.281058679276E-11  1.326410335734E-11
AR GRAC 2024 07 03 02 47 20.000000 2   1.314467024810E-11  1.166717070178E-11
AR GRAC 2024 07 03 02 47 30.000000 2   1.103871681563E-11  2.775023440205E-11
AR GRAC 2024 07 03 02 47 40.000000 2   7.766050823255E-12  3.313300805594E-12
AR GRAC 2024 07 03 02 47 50.000000 2   9.423037870826E-12  1.295636514742E-11
AR GRAC 2024 07 03 02 48  0.000000 2   1.204000874694E-11  2.036942316208E-11
AR GRAC 2024 07 03 02 48 10.000000 2   9.927027082302E-12  1.604248504872E-11
AR GRAC 2024 07 03 02 48 20.000000 2   1.184607013177E-11  1.515554695630E-11
AR GRAC 2024 07 03 02 48 30.000000 2   9.068940910739E-12  1.470860586106E-11
AR GRAC 2024 07 03 02 48 40.000000 2   9.887864832470E-12  1.318166235886E-11
AR GRAC 2024 07 03 02 48 50.000000 2   6.937464491763E-12  1.449471966064E-11
AR GRAC 2024 07 03 02 49  0.000000 2   1.103734117991E-11  3.467774895363E-12
AR GRAC 2024 07 03 02 49 10.000000 2   1.251406010067E-11  2.729082758390E-11
AR GRAC 2024 07 03 02 49 20.000000 2   6.583963409190E-12  2.198388172892E-11
AR GRAC 2024 07 03 02 49 30.000000 2   5.993043301206E-12  1.121693536665E-11
AR GRAC 2024 07 03 02 49 40.000000 2   4.292408876255E-12  4.839985183469E-12
AR GRAC 2024 07 03 02 49 50.000000 2   3.634699529201E-12  1.009303318006E-11
AR GRAC 2024 07 03 02 50  0.000000 2   9.557852773123E-12  1.852608171038E-11
AR GRAC 2024 07 03 02 50 10.000000 2   5.316382317017E-12  2.310913092829E-11
AR GRAC 2024 07 03 02 50 20.000000 2   4.984630330024E-12  2.273217725168E-11
AR GRAC 2024 07 03 02 50 30.000000 2   3.995003546725E-12  6.735222622678E-12
AR GRAC 2024 07 03 02 50 40.000000 2   2.536452818613E-12  9.178266653642E-12
AR GRAC 2024 07 03 02 50 50.000000 2   5.261244131333E-12  2.054130650297E-11
AR GRAC 2024 07 03 02 51  0.000000 2   3.923708580267E-12  1.609434981120E-11
AR GRAC 2024 07 03 02 51 10.000000 2   5.456915301572E-12  1.117738974293E-11
AR GRAC 2024 07 03 02 51 20.000000 2  -1.119659852572E-13  2.150429573994E-12
AR GRAC 2024 07 03 02 51 30.000000 2   9.915408338140E-13  2.760346985708E-11
AR GRAC 2024 07 03 02 51 40.000000 2   5.240832507553E-12 -1.453494551280E-12
AR GRAC 2024 07 03 02 51 50.000000 2   1.722714961135E-12  1.446954014939E-11
AR GRAC 2024 07 03 02 52  0.000000 2  -1.763273012843E-12  5.322577014549E-12
AR GRAC 2024 07 03 02 52 10.000000 2   3.565267222075E-12  8.165609681476E-12
AR GRAC 2024 07 03 02 52 20.000000 2  -1.496673661741E-12  7.708641884541E-12
AR GRAC 2024 07 03 02 52 30.000000 2  -3.800974021206E-13  3.056167471871E-11
AR GRAC 2024 07 03 02 52 40.000000 2   2.734579869403E-13  1.264470472773E-11
AR GRAC 2024 07 03 02 52 50.000000 2  -1.345803676833E-12  1.142773375928E-11
AR GRAC 2024 07 03 02 53  0.000000 2  -5.387326869333E-12 -7.929238862725E-12
AR GRAC 2024 07 03 02 53 10.000000 2  -2.622927916529E-13  9.163788651512E-12
AR GRAC 2024 07 03 02 53 20.000000 2  -2.313745115640E-12  1.096681426227E-11
AR GRAC 2024 07 03 02 53 30.000000 2  -1.643906798882E-12  5.209839504250E-12
AR GRAC 2024 07 03 02 53 40.000000 2  -2.579705980083E-12  9.572862467999E-12
AR GRAC 2024 07 03 02 53 50.000000 2  -5.278041025070E-12  4.585885057112E-12
AR GRAC 2024 07 03 02 54  0.000000 2  -5.408359090436E-12  9.618906365860E-12
AR GRAC 2024 07 03 02 54 10.000000 2  -1.670223096113E-12  3.280192784061E-11
AR GRAC 2024 07 03 02 54 20.000000 2  -5.440740306201E-12  8.144943920707E-12
AR GRAC 2024 07 03 02 54 30.000000 2  -3.003458376102E-12  4.107962234268E-12
AR GRAC 2024 07 03 02 54 40.000000 2  -4.034262941072E-12 -2.390205275458E-13
AR GRAC 2024 07 03 02 54 50.000000 2  -3.255719478734E-12  1.640399448222E-11
AR GRAC 2024 07 03 02 55  0.000000 2  -7.978719247792E-12  2.907008835040E-12
AR GRAC 2024 07 03 02 55 10.000000 2  -2.380761386644E-12  1.500002032306E-11
AR GRAC 2024 07 03 02 55 20.000000 2  -7.735181419000E-12 -2.586965580989E-12
AR GRAC 2024 07 03 02 55 30.000000 2  -5.216329104774E-12  6.696046928739E-12
AR GRAC 2024 07 03 02 55 40.000000 2  -3.538259745958E-12  1.083905448035E-11
AR GRAC 2024 07 03 02 55 50.000000 2  -8.884401894727E-12  2.127206223668E-11
AR GRAC 2024 07 03 02 56  0.000000 2  -3.489858792574E-12 -1.754928342403E-12
AR GRAC 2024 07 03 02 56 10.000000 2  -8.649628756296E-12  7.858078771017E-12
AR GRAC 2024 07 03 02 56 20.000000 2  -5.734635422777E-12  1.501082786716E-12
AR GRAC 2024 07 03 02 56 30.000000 2  -6.596314206658E-12  1.030408744440E-11
AR GRAC 2024 07 03 02 56 40.000000 2  -9.443596078740E-12  7.917089726861E-12
AR GRAC 2024 07 03 02 56 50.000000 2  -1.036187975700E-11  1.524009043963E-11
AR GRAC 2024 07 03 02 57  0.000000 2  -1.007426780886E-11 -1.047690753597E-11
AR GRAC 2024 07 03 02 57 10.000000 2  -9.024266577062E-12  1.343609251636E-11
AR GRAC 2024 07 03 02 57 20.000000 2  -9.957033461627E-12  1.959091309317E-12
AR GRAC 2024 07 03 02 57 30.000000 2  -1.051653208961E-11 -3.279122849989E-13
AR GRAC 2024 07 03 02 57 40.000000 2  -1.198309767386E-11  2.096508383564E-11
AR GRAC 2024 07 03 02 57 50.000000 2  -1.360149232826E-11  6.858079642375E-12
AR GRAC 2024 07 03 02 58  0.000000 2  -1.036083458611E-11 -9.289264236295E-13
AR GRAC 2024 07 03 02 58 10.000000 2  -9.661739290567E-12  1.832406448798E-11
AR GRAC 2024 07 03 02 58 20.000000 2  -1.176752965903E-11  2.727058379462E-12
AR GRAC 2024 07 03 02 58 30.000000 2  -1.289566977508E-11 -8.099514982318E-13
AR GRAC 2024 07 03 02 58 40.000000 2  -1.309569466756E-11 -6.566962251764E-12
AR GRAC 2024 07 03 02 58 50.000000 2  -1.319635286462E-11  6.196026330896E-12
AR GRAC 2024 07 03 02 59  0.000000 2  -1.338763301606E-11  4.649012945446E-12
AR GRAC 2024 07 03 02 59 10.000000 2  -1.310196829502E-11  1.753199842247E-11
AR GRAC 2024 07 03 02 59 20.000000 2  -1.563773242841E-11 -8.575016564871E-12
AR GRAC 2024 07 03 02 59 30.000000 2  -1.060050137947E-11  2.465796490603E-11
AR GRAC 2024 07 03 02 59 40.000000 2  -1.784257463999E-11 -1.209049787371E-12
AR GRAC 2024 07 03 02 59 50.000000 2  -1.518757862529E-11 -2.360694105474E-13
AR GRAC 2024 07 03 03 00  0.000000 2  -1.495371014515E-11  2.036911871811E-12
AR GRAC 2024 07 03 03 00 10.000000 2  -1.914595218477E-11  2.069891350334E-12
AR GRAC 2024 07 03 03 00 20.000000 2  -1.895144111086E-11  6.762869778076E-12
AR GRAC 2024 07 03 03 00 30.000000 2  -1.915921414575E-11 -3.394154098404E-12
AR GRAC 2024 07 03 03 00 40.000000 2  -1.257951555422E-11 -7.511178311270E-12
AR GRAC 2024 07 03 03 00 50.000000 2  -1.595949240818E-11  1.065179541793E-11
AR GRAC 2024 07 03 03 01  0.000000 2  -2.167214324666E-11  6.574769374768E-12
AR GRAC 2024 07 03 03 01 10.000000 2  -1.584342726457E-11 -1.892258268479E-12
AR GRAC 2024 07 03 03 01 20.000000 2  -1.966642647344E-11  1.182071367872E-11
AR GRAC 2024 07 03 03 01 30.000000 2  -2.285853797912E-11  6.593682631145E-12
AR GRAC 2024 07 03 03 01 40.000000 2  -2.116392304463E-11 -3.023347848116E-12
AR GRAC 2024 07 03 03 01 50.000000 2  -2.180451999512E-11  9.009619439393E-12
AR GRAC 2024 07 03 03 02  0.000000 2  -1.483213378506E-11  9.852586628500E-12
AR GRAC 2024 07 03 03 02 10.000000 2  -2.087199163503E-11 -7.444483397789E-13
AR GRAC 2024 07 03 03 02 20.000000 2  -2.096199255841E-11 -4.971483728161E-12
AR GRAC 2024 07 03 03 02 30.000000 2  -1.846215888501E-11  5.401478743450E-12
AR GRAC 2024 07 03 03 02 40.000000 2  -1.734040341872E-11  2.804441357959E-12
AR GRAC 2024 07 03 03 02 50.000000 2  -2.025679970985E-11 -7.512598182435E-12
AR GRAC 2024 07 03 03 03  0.000000 2  -1.977560476485E-11  1.276036221132E-11
AR GRAC 2024 07 03 03 03 10.000000 2  -2.133367094093E-11  2.393320567770E-12
AR GRAC 2024 07 03 03 03 20.000000 2  -2.372222036862E-11  9.706278315813E-12
AR GRAC 2024 07 03 03 03 30.000000 2  -2.445815425189E-11 -1.460765753150E-12
AR GRAC 2024 07 03 03 03 40.000000 2  -2.652367561695E-11  5.322189737533E-12
AR GRAC 2024 07 03 03 03 50.000000 2  -2.194832336710E-11 -3.784855675398E-12
AR GRAC 2024 07 03 03 04  0.000000 2  -2.461316046809E-11 -3.351903390264E-12
AR GRAC 2024 07 03 03 04 10.000000 2  -2.251310596280E-11  1.310493055219E-13
AR GRAC 2024 07 03 03 04 20.000000 2  -2.587253328246E-11 -9.860006691328E-13
AR GRAC 2024 07 03 03 04 30.000000 2  -2.369247506517E-11  4.769487756129E-13
AR GRAC 2024 07 03 03 04 40.000000 2  -2.451898059586E-11 -4.801031534135E-13
AR GRAC 2024 07 03 03 04 50.000000 2  -2.506997387464E-11  9.228442662823E-13
AR GRAC 2024 07 03 03 05  0.000000 2  -3.099752746150E-11 -7.214207963652E-12
AR GRAC 2024 07 03 03 05 10.000000 2  -2.791970127314E-11 -9.521264852930E-12
AR GRAC 2024 07 03 03 05 20.000000 2  -2.622352682224E-11  1.643167893417E-11
AR GRAC 2024 07 03 03 05 30.000000 2  -2.390528400231E-11  9.446224184806E-13
AR GRAC 2024 07 03 03 05 40.000000 2  -2.801024516497E-11 -1.244243683779E-11
AR GRAC 2024 07 03 03 05 50.000000 2  -2.643365561161E-11  8.905046296713E-13
AR GRAC 2024 07 03 03 06  0.000000 2  -3.044373086958E-11  5.034435867322E-13
AR GRAC 2024 07 03 03 06 10.000000 2  -2.339719390454E-11 -3.753617642405E-12
AR GRAC 2024 07 03 03 06 20.000000 2  -2.822853582829E-11 -3.420681272959E-12
AR GRAC 2024 07 03 03 06 30.000000 2  -2.690357485402E-11 -1.425774429076E-11
AR GRAC 2024 07 03 03 06 40.000000 2  -2.999626935729E-11 -6.548107325463E-13
AR GRAC 2024 07 03 03 06 50.000000 2  -3.279050642124E-11 -7.471877283560E-12
AR GRAC 2024 07 03 03 07  0.000000 2  -2.553756511814E-11  3.351055761006E-12
AR GRAC 2024 07 03 03 07 10.000000 2  -2.506354845888E-11 -1.709601210598E-11
AR GRAC 2024 07 03 03 07 20.000000 2  -2.862047578100E-11 -1.664308274529E-11
AR GRAC 2024 07 03 03 07 30.000000 2  -2.869589288412E-11  2.309845674106E-12
AR GRAC 2024 07 03 03 07 40.000000 2  -3.240066895338E-11  3.402773939357E-12
AR GRAC 2024 07 03 03 07 50.000000 2  -2.695790986273E-11 -2.134299464593E-12
AR GRAC 2024 07 03 03 08  0.000000 2  -3.314674229538E-11 -5.931372580592E-12
AR GRAC 2024 07 03 03 08 10.000000 2  -3.049367702790E-11 -1.475844967069E-11
AR GRAC 2024 07 03 03 08 20.000000 2  -3.040532062237E-11 -1.841552604853E-11
AR GRAC 2024 07 03 03 08 30.000000 2  -3.118617170061E-11 -5.442602965533E-12
AR GRAC 2024 07 03 03 08 40.000000 2  -2.942229099245E-11 -2.939681918029E-12
AR GRAC 2024 07 03 03 08 50.000000 2  -2.799812638676E-11 -7.026761984774E-12
AR GRAC 2024 07 03 03 09  0.000000 2  -2.986383015879E-11  1.896157276332E-12
AR GRAC 2024 07 03 03 09 10.000000 2  -3.060987227577E-11 -5.630924546085E-12
AR GRAC 2024 07 03 03 09 20.000000 2  -3.025231801179E-11  1.301991283884E-12
AR GRAC 2024 07 03 03 09 30.000000 2  -2.814584502964E-11 -1.360509361420E-11
AR GRAC 2024 07 03 03 09 40.000000 2  -3.252309185853E-11 -1.588217925230E-11
AR GRAC 2024 07 03 03 09 50.000000 2  -2.775425375634E-11 -5.399266537337E-12
AR GRAC 2024 07 03 03 10  0.000000 2  -2.891064297683E-11 -1.355635308870E-11
AR GRAC 2024 07 03 03 10 10.000000 2  -3.022254321805E-11 -7.733444093438E-12
AR GRAC 2024 07 03 03 10 20.000000 2  -3.042718507706E-11 -1.462053221546E-11
AR GRAC 2024 07 03 03 10 30.000000 2  -2.915759647615E-11 -2.355762460104E-11
AR GRAC 2024 07 03 03 10 40.000000 2  -2.902058628129E-11 -2.564717318729E-12
AR GRAC 2024 07 03 03 10 50.000000 2  -3.351159627574E-11 -6.161810645056E-12
AR GRAC 2024 07 03 03 11  0.000000 2  -2.964432171959E-11 -1.635890554963E-11
AR GRAC 2024 07 03 03 11 10.000000 2  -2.864122827795E-11 -1.307600208666E-11
AR GRAC 2024 07 03 03 11 20.000000 2  -3.050050489950E-11 -6.853098383913E-12
AR GRAC 2024 07 03 03 11 30.000000 2  -3.083620164768E-11 -5.070196432838E-12
AR GRAC 2024 07 03 03 11 40.000000 2  -2.672068295795E-11 -8.987297017704E-12
AR GRAC 2024 07 03 03 11 50.000000 2  -3.097654424633E-11 -1.901439769525E-11
AR GRAC 2024 07 03 03 12  0.000000 2  -3.271458798304E-11 -4.881497983611E-12
AR GRAC 2024 07 03 03 12 10.000000 2  -2.747874150444E-11  1.813994646768E-13
AR GRAC 2024 07 03 03 12 20.000000 2  -3.580550786420E-11 -2.404570639825E-11
AR GRAC 2024 07 03 03 12 30.000000 2  -3.007646562359E-11 -9.832810780874E-12
AR GRAC 2024 07 03 03 12 40.000000 2  -3.202511519862E-11  2.540084028529E-12
AR GRAC 2024 07 03 03 12 50.000000 2  -3.045936072810E-11 -1.291702422107E-11
AR GRAC 2024 07 03 03 13  0.000000 2  -2.847561249297E-11 -2.065413291785E-11
AR GRAC 2024 07 03 03 13 10.000000 2  -3.078035396009E-11  2.498757711161E-12
AR GRAC 2024 07 03 03 13 20.000000 2  -3.202451845374E-11 -9.008352223894E-12
AR GRAC 2024 07 03 03 13 30.000000 2  -2.715220062677E-11 -3.530546341390E-11
AR GRAC 2024 07 03 03 13 40.000000 2  -3.169806431225E-11 -4.825769775105E-13
AR GRAC 2024 07 03 03 13 50.000000 2  -2.800135123771E-11 -1.290969154494E-11
AR GRAC 2024 07 03 03 14  0.000000 2  -3.033596637780E-11 -9.136807629928E-12
AR GRAC 2024 07 03 03 14 10.000000 2  -3.679302695847E-11 -1.333923206268E-12
AR GRAC 2024 07 03 03 14 20.000000 2  -3.023758674003E-11 -1.675103979137E-11
AR GRAC 2024 07 03 03 14 30.000000 2  -2.844311938754E-11 -1.195815928917E-11
AR GRAC 2024 07 03 03 14 40.000000 2  -2.952687747082E-11 -1.912527948511E-11
AR GRAC 2024 07 03 03 14 50.000000 2  -2.973139789919E-11 -1.405240073610E-11
AR GRAC 2024 07 03 03 15  0.000000 2  -3.387555513878E-11 -7.709522256705E-12
AR GRAC 2024 07 03 03 15 10.000000 2  -3.300644826898E-11 -1.555664624897E-11
AR GRAC 2024 07 03 03 15 20.000000 2  -3.136282553107E-11 -2.297376872074E-11
AR GRAC 2024 07 03 03 15 30.000000 2  -2.829871233179E-11 -6.850894851418E-12
AR GRAC 2024 07 03 03 15 40.000000 2  -3.192694719711E-11  2.111977693425E-12
AR GRAC 2024 07 03 03 15 50.000000 2  -3.015046198818E-11 -1.081514999085E-11
AR GRAC 2024 07 03 03 16  0.000000 2  -3.090733918798E-11 -2.788227808359E-11
AR GRAC 2024 07 03 03 16 10.000000 2  -2.985135055811E-11 -1.507940820822E-11
AR GRAC 2024 07 03 03 16 20.000000 2  -2.744892334261E-11  1.873460154372E-12
AR GRAC 2024 07 03 03 16 30.000000 2  -3.190075287263E-11 -3.713672164923E-12
AR GRAC 2024 07 03 03 16 40.000000 2  -3.219322378123E-11 -2.251080745419E-11
AR GRAC 2024 07 03 03 16 50.000000 2  -2.983178981619E-11 -1.179794022893E-11
AR GRAC 2024 07 03 03 17  0.000000 2  -3.095811801357E-11 -1.655507675391E-11
AR GRAC 2024 07 03 03 17 10.000000 2  -3.331308146004E-11 -1.028221431609E-11
AR GRAC 2024 07 03 03 17 20.000000 2  -2.290146891570E-11 -4.659350596320E-12
AR GRAC 2024 07 03 03 17 30.000000 2  -3.009752516658E-11 -7.546489474985E-12
AR GRAC 2024 07 03 03 17 40.000000 2  -3.348082575072E-11 -1.683363171079E-11
AR GRAC 2024 07 03 03 17 50.000000 2  -2.875670188085E-11 -1.536077168240E-11
AR GRAC 2024 07 03 03 18  0.000000 2  -2.622322498036E-11 -8.447914243148E-12
AR GRAC 2024 07 03 03 18 10.000000 2  -3.196656481186E-11 -1.441505855654E-11
AR GRAC 2024 07 03 03 18 20.000000 2  -2.861659520459E-11 -3.382202721017E-12
AR GRAC 2024 07 03 03 18 30.000000 2  -3.118648048139E-11 -1.237934928178E-11
AR GRAC 2024 07 03 03 18 40.000000 2  -3.196598541422E-11 -1.208649586665E-11
AR GRAC 2024 07 03 03 18 50.000000 2  -3.198494941126E-11 -5.003644200363E-12
AR GRAC 2024 07 03 03 19  0.000000 2  -2.653700523214E-11 -3.060079273309E-11
AR GRAC 2024 07 03 03 19 10.000000 2  -3.095795148012E-11 -6.167944193586E-12
AR GRAC 2024 07 03 03 19 20.000000 2  -2.658723068094E-11 -1.101509595341E-11
AR GRAC 2024 07 03 03 19 30.000000 2  -2.936560716815E-11 -1.490224957323E-11
AR GRAC 2024 07 03 03 19 40.000000 2  -2.869521113780E-11 -1.552940415150E-11
AR GRAC 2024 07 03 03 19 50.000000 2  -3.074221432975E-11 -1.962655905852E-11
AR GRAC 2024 07 03 03 20  0.000000 2  -2.677015206731E-11 -1.663714305211E-12
AR GRAC 2024 07 03 03 20 10.000000 2  -2.797078020589E-11 -1.671087053456E-11
AR GRAC 2024 07 03 03 20 20.000000 2  -2.553052561027E-11 -1.224802984728E-11
AR GRAC 2024 07 03 03 20 30.000000 2  -3.244597993057E-11 -1.175518883623E-11
AR GRAC 2024 07 03 03 20 40.000000 2  -2.999168968731E-11 -1.883235060951E-11
AR GRAC 2024 07 03 03 20 50.000000 2  -2.657169796694E-11  3.230488142617E-12
AR GRAC 2024 07 03 03 21  0.000000 2  -2.429260785586E-11 -1.730667519018E-11
AR GRAC 2024 07 03 03 21 10.000000 2  -2.881003595412E-11 -1.422383912042E-11
AR GRAC 2024 07 03 03 21 20.000000 2  -2.663813267190E-11 -2.186100606094E-11
AR GRAC 2024 07 03 03 21 30.000000 2  -2.713132149501E-11 -2.618170871077E-12
AR GRAC 2024 07 03 03 21 40.000000 2  -2.767935360082E-11 -1.882534059194E-11
AR GRAC 2024 07 03 03 21 50.000000 2  -2.718780756084E-11 -3.482507251323E-12
AR GRAC 2024 07 03 03 22  0.000000 2  -2.449214962785E-11 -9.599676956129E-12
AR GRAC 2024 07 03 03 22 10.000000 2  -2.378854925544E-11 -1.474684784009E-11
AR GRAC 2024 07 03 03 22 20.000000 2  -2.535159408790E-11 -7.064020375591E-12
AR GRAC 2024 07 03 03 22 30.000000 2  -2.804431513403E-11 -7.651193914548E-12
AR GRAC 2024 07 03 03 22 40.000000 2  -2.559311443329E-11 -3.458368357315E-12
AR GRAC 2024 07 03 03 22 50.000000 2  -2.984378369431E-11 -1.863554449644E-11
AR GRAC 2024 07 03 03 23  0.000000 2  -2.444471534913E-11 -1.287272025086E-11
AR GRAC 2024 07 03 03 23 10.000000 2  -2.525082226645E-11 -1.646989836179E-11
AR GRAC 2024 07 03 03 23 20.000000 2  -2.630899664791E-11 -1.184707713875E-11
AR GRAC 2024 07 03 03 23 30.000000 2  -2.384135770750E-11  7.335742256698E-12
AR GRAC 2024 07 03 03 23 40.000000 2  -2.649344459094E-11 -1.766143828408E-11
AR GRAC 2024 07 03 03 23 50.000000 2  -2.361182777078E-11 -1.352862179921E-11
AR GRAC 2024 07 03 03 24  0.000000 2  -2.429249162939E-11 -2.564580492415E-11
AR GRAC 2024 07 03 03 24 10.000000 2  -2.308466265366E-11 -4.572989122792E-12
AR GRAC 2024 07 03 03 24 20.000000 2  -2.067290436059E-11 -1.324017458171E-11
AR GRAC 2024 07 03 03 24 30.000000 2  -2.357315384560E-11 -8.367362358541E-12
AR GRAC 2024 07 03 03 24 40.000000 2  -2.619831088180E-11 -1.301454950753E-11
AR GRAC 2024 07 03 03 24 50.000000 2  -2.636546189705E-11 -4.217387344300E-13
AR GRAC 2024 07 03 03 25  0.000000 2  -2.385828166973E-11 -1.119892980433E-11
AR GRAC 2024 07 03 03 25 10.000000 2  -2.407293461792E-11 -2.809612091592E-11
AR GRAC 2024 07 03 03 25 20.000000 2  -2.503114555907E-11  3.096686535670E-12
AR GRAC 2024 07 03 03 25 30.000000 2  -2.220551867382E-11  1.164949300220E-11
AR GRAC 2024 07 03 03 25 40.000000 2  -2.413666662371E-11 -1.806770184853E-11
AR GRAC 2024 07 03 03 25 50.000000 2  -2.267597394578E-11 -9.904898082280E-12
AR GRAC 2024 07 03 03 26  0.000000 2  -2.058040023123E-11 -1.498209542539E-11
AR GRAC 2024 07 03 03 26 10.000000 2  -2.066642690313E-11 -1.102929293034E-11
AR GRAC 2024 07 03 03 26 20.000000 2  -2.374247153047E-11  5.953506784784E-12
AR GRAC 2024 07 03 03 26 30.000000 2  -1.821975383065E-11 -1.417369260154E-11
AR GRAC 2024 07 03 03 26 40.000000 2  -2.034078634694E-11 -1.316089511677E-11
AR GRAC 2024 07 03 03 26 50.000000 2  -2.160576925703E-11 -5.980975263664E-13
AR GRAC 2024 07 03 03 27  0.000000 2  -2.075900389087E-11 -9.975301834553E-12
AR GRAC 2024 07 03 03 27 10.000000 2  -2.053645448141E-11 -2.182507429990E-12
AR GRAC 2024 07 03 03 27 20.000000 2  -1.807821427280E-11 -1.269713067326E-12
AR GRAC 2024 07 03 03 27 30.000000 2  -1.839224779421E-11 -1.422692085667E-11
AR GRAC 2024 07 03 03 27 40.000000 2  -2.061169464274E-11  1.159587183219E-11
AR GRAC 2024 07 03 03 27 50.000000 2  -1.826033942109E-11 -1.104133971752E-11
AR GRAC 2024 07 03 03 28  0.000000 2  -2.157004783121E-11 -1.712854857949E-11
AR GRAC 2024 07 03 03 28 10.000000 2  -1.953470718519E-11 -8.645762057669E-12
AR GRAC 2024 07 03 03 28 20.000000 2  -2.270927543235E-11 -3.297515187880E-14
AR GRAC 2024 07 03 03 28 30.000000 2  -1.706728335049E-11 -1.010189111181E-12
AR GRAC 2024 07 03 03 28 40.000000 2  -1.775908239909E-11 -5.487403500343E-12
AR GRAC 2024 07 03 03 28 50.000000 2  -1.343620527339E-11 -7.646212764507E-13
AR GRAC 2024 07 03 03 29  0.000000 2  -1.830523059521E-11 -6.981838284598E-12
AR GRAC 2024 07 03 03 29 10.000000 2  -1.777639840883E-11 -1.199905712984E-11
AR GRAC 2024 07 03 03 29 20.000000 2  -1.758147967490E-11 -2.316276727712E-12
AR GRAC 2024 07 03 03 29 30.000000 2  -1.677331017136E-11 -1.760349678526E-11
AR GRAC 2024 07 03 03 29 40.000000 2  -1.839807819981E-11 -3.000720765617E-12
AR GRAC 2024 07 03 03 29 50.000000 2  -1.582233476183E-11  4.912056005002E-12
AR GRAC 2024 07 03 03 30  0.000000 2  -1.487379143461E-11 -3.895167608597E-12
AR GRAC 2024 07 03 03 30 10.000000 2  -2.039051913427E-11 -1.376239486955E-11
AR GRAC 2024 07 03 03 30 20.000000 2  -1.700983277841E-11 -7.129619377516E-12
AR GRAC 2024 07 03 03 30 30.000000 2  -1.829165985345E-11  6.083152211123E-12
AR GRAC 2024 07 03 03 30 40.000000 2  -1.436165856378E-11 -1.105407779201E-11
AR GRAC 2024 07 03 03 30 50.000000 2  -1.672623151094E-11 -3.031306759424E-12
AR GRAC 2024 07 03 03 31  0.000000 2  -1.622338201279E-11  3.314613937055E-13
AR GRAC 2024 07 03 03 31 10.000000 2  -1.412550198338E-11 -3.085771438718E-12
AR GRAC 2024 07 03 03 31 20.000000 2  -1.277893502821E-11  8.436995026229E-12
AR GRAC 2024 07 03 03 31 30.000000 2  -1.378341451391E-11 -1.113023995886E-11
AR GRAC 2024 07 03 03 31 40.000000 2  -1.790718268113E-11  9.192524345891E-12
AR GRAC 2024 07 03 03 31 50.000000 2  -1.438777656043E-11 -1.704711892481E-12
AR GRAC 2024 07 03 03 32  0.000000 2  -1.902611054816E-11  7.848050334602E-12
AR GRAC 2024 07 03 03 32 10.000000 2  -1.327708429311E-11 -1.373918947362E-11
AR GRAC 2024 07 03 03 32 20.000000 2  -1.394432659618E-11  1.873569225111E-12
AR GRAC 2024 07 03 03 32 30.000000 2  -1.365564345629E-11 -1.118367117664E-11
AR GRAC 2024 07 03 03 32 40.000000 2  -1.487593728755E-11  6.839087022398E-12
AR GRAC 2024 07 03 03 32 50.000000 2  -1.459711691798E-11  1.411841346957E-12
AR GRAC 2024 07 03 03 33  0.000000 2  -1.777886345089E-11  9.304597023418E-12
AR GRAC 2024 07 03 03 33 10.000000 2  -8.058928524513E-12 -1.282648791866E-12
AR GRAC 2024 07 03 03 33 20.000000 2  -1.652013421893E-11 -1.688989746673E-11
AR GRAC 2024 07 03 03 33 30.000000 2  -9.490190751305E-12  6.402855676213E-12
AR GRAC 2024 07 03 03 33 40.000000 2  -1.071860915997E-11  4.735605137196E-12
AR GRAC 2024 07 03 03 33 50.000000 2  -7.038405882426E-12  1.177835780297E-11
AR GRAC 2024 07 03 03 34  0.000000 2  -1.485226698572E-11  1.521103447193E-12
AR GRAC 2024 07 03 03 34 10.000000 2  -1.397935586733E-11  1.010384918093E-11
AR GRAC 2024 07 03 03 34 20.000000 2  -9.078494032921E-12 -2.023403146423E-12
AR GRAC 2024 07 03 03 34 30.000000 2  -1.409025500443E-11  1.649934008863E-11
AR GRAC 2024 07 03 03 34 40.000000 2  -1.913905492423E-11 -8.779139524726E-13
AR GRAC 2024 07 03 03 34 50.000000 2  -1.000469585649E-11  1.530482511558E-11
AR GRAC 2024 07 03 03 35  0.000000 2  -1.065991999533E-11  1.428756852412E-11
AR GRAC 2024 07 03 03 35 10.000000 2  -1.127119404754E-11  7.710308953801E-12
AR GRAC 2024 07 03 03 35 20.000000 2  -7.819554899424E-12  5.403049535557E-12
AR GRAC 2024 07 03 03 35 30.000000 2  -1.511616005978E-11  6.425786552161E-12
AR GRAC 2024 07 03 03 35 40.000000 2  -7.958620741599E-12  1.118852406556E-11
AR GRAC 2024 07 03 03 35 50.000000 2  -1.014098614111E-11  1.066126006921E-11
AR GRAC 2024 07 03 03 36  0.000000 2  -1.067433641477E-11  1.714399282260E-11
AR GRAC 2024 07 03 03 36 10.000000 2  -1.077327636823E-11  7.576727439895E-12
AR GRAC 2024 07 03 03 36 20.000000 2  -1.165914760570E-11  1.264946047214E-11
AR GRAC 2024 07 03 03 36 30.000000 2  -1.079102519147E-11  1.309219139350E-11
AR GRAC 2024 07 03 03 36 40.000000 2  -6.070926313745E-12  1.304492104615E-11
AR GRAC 2024 07 03 03 36 50.000000 2  -7.631079795845E-12  6.277649840930E-12
AR GRAC 2024 07 03 03 37  0.000000 2  -6.749536693440E-12  1.709037772413E-11
AR GRAC 2024 07 03 03 37 10.000000 2  -7.331921528242E-12  7.043106115684E-12
AR GRAC 2024 07 03 03 37 20.000000 2  -1.501053448205E-11  1.719582809478E-11
AR GRAC 2024 07 03 03 37 30.000000 2  -9.120854245481E-12  4.128554702970E-12
AR GRAC 2024 07 03 03 37 40.000000 2  -1.099534265719E-11  9.791278031412E-12
AR GRAC 2024 07 03 03 37 50.000000 2  -5.535007781970E-12  2.713399990806E-11
AR GRAC 2024 07 03 03 38  0.000000 2  -1.145155324733E-11  1.135672198643E-11
AR GRAC 2024 07 03 03 38 10.000000 2  -1.064704921450E-11  9.849441574838E-12
AR GRAC 2024 07 03 03 38 20.000000 2  -7.444317731697E-12  1.629215685972E-11
AR GRAC 2024 07 03 03 38 30.000000 2  -6.927062222439E-12  8.594876546586E-12
AR GRAC 2024 07 03 03 38 40.000000 2  -4.675409365218E-12  1.601759003211E-11
AR GRAC 2024 07 03 03 38 50.000000 2  -7.407398479320E-12  6.630307847894E-12
AR GRAC 2024 07 03 03 39  0.000000 2  -1.132857870012E-11  2.137302140826E-11
AR GRAC 2024 07 03 03 39 10.000000 2  -7.605673903177E-12  1.645573434461E-11
AR GRAC 2024 07 03 03 39 20.000000 2  -8.470285237094E-12  1.156844758876E-11
AR GRAC 2024 07 03 03 39 30.000000 2  -7.021380872552E-12  1.014115787873E-11
AR GRAC 2024 07 03 03 39 40.000000 2  -6.609849386580E-12  1.307386750943E-11
AR GRAC 2024 07 03 03 39 50.000000 2  -1.064318078114E-11  1.892657384983E-11
AR GRAC 2024 07 03 03 40  0.000000 2  -2.897338619023E-12  1.345928490187E-11
AR GRAC 2024 07 03 03 40 10.000000 2  -9.973735379254E-12  1.146199021113E-11
AR GRAC 2024 07 03 03 40 20.000000 2  -3.358608530180E-12  9.804695250137E-12
AR GRAC 2024 07 03 03 40 30.000000 2  -7.485523702624E-13  3.657398602724E-12
AR GRAC 2024 07 03 03 40 40.000000 2  -9.586039427523E-12  1.567010063375E-11
AR GRAC 2024 07 03 03 40 50.000000 2  -5.382075427690E-12  8.882801612320E-12
AR GRAC 2024 07 03 03 41  0.000000 2  -4.180089000633E-12  1.415550229117E-11
AR GRAC 2024 07 03 03 41 10.000000 2  -4.944975852406E-12  1.238202682746E-12
AR GRAC 2024 07 03 03 41 20.000000 2  -4.219927792620E-12  1.496090230868E-11
AR GRAC 2024 07 03 03 41 30.000000 2  -5.383235090334E-12  7.093598278218E-12
AR GRAC 2024 07 03 03 41 40.000000 2  -4.437510255084E-12  1.809629182614E-11
AR GRAC 2024 07 03 03 41 50.000000 2  -1.268621600999E-12  1.875898741899E-11
AR GRAC 2024 07 03 03 42  0.000000 2  -7.972059644368E-12  1.566168202072E-11
AR GRAC 2024 07 03 03 42 10.000000 2  -1.716770063782E-12  1.426437266916E-11
AR GRAC 2024 07 03 03 42 20.000000 2  -3.480578889339E-12  4.067067863045E-12
AR GRAC 2024 07 03 03 42 30.000000 2  -3.913256003962E-12  9.609755699524E-12
AR GRAC 2024 07 03 03 42 40.000000 2  -3.698278662478E-12  8.882445994007E-12
AR GRAC 2024 07 03 03 42 50.000000 2  -6.187788996470E-12  1.017513243801E-11
AR GRAC 2024 07 03 03 43  0.000000 2  -5.508891411619E-13  1.547821116069E-12
AR GRAC 2024 07 03 03 43 10.000000 2  -1.975990334899E-12  1.191050643529E-11
AR GRAC 2024 07 03 03 43 20.000000 2   6.279532558003E-13  1.603318866561E-11
AR GRAC 2024 07 03 03 43 30.000000 2  -2.202080884176E-13  9.825874489056E-12
AR GRAC 2024 07 03 03 43 40.000000 2  -3.068177656385E-12  1.034855621335E-11
AR GRAC 2024 07 03 03 43 50.000000 2  -1.509420301422E-12  1.120123785392E-11
AR GRAC 2024 07 03 03 44  0.000000 2  -3.697244333606E-12  1.294391763912E-11
AR GRAC 2024 07 03 03 44 10.000000 2  -3.937053374287E-12  2.666597411632E-12
AR GRAC 2024 07 03 03 44 20.000000 2  -3.754607031097E-13  9.819274733591E-12
AR GRAC 2024 07 03 03 44 30.000000 2  -2.397493661932E-12  8.541951000696E-12
AR GRAC 2024 07 03 03 44 40.000000 2   1.400306520044E-12  1.455462833588E-11
AR GRAC 2024 07 03 03 44 50.000000 2   3.710513070843E-13  7.827300439744E-12
AR GRAC 2024 07 03 03 45  0.000000 2  -2.031013595152E-12  4.049975198955E-12
AR GRAC 2024 07 03 03 45 10.000000 2   1.046772477725E-12  2.192264599021E-11
AR GRAC 2024 07 03 03 45 20.000000 2  -3.863249997682E-12  5.485317061682E-12
AR GRAC 2024 07 03 03 45 30.000000 2  -2.146492185384E-12  3.727986669366E-12
AR GRAC 2024 07 03 03 45 40.000000 2   1.646142965862E-12  1.314065609798E-11
AR GRAC 2024 07 03 03 45 50.000000 2  -3.470749078763E-12  1.505332143659E-11
AR GRAC 2024 07 03 03 46  0.000000 2   7.967524751941E-13  4.995988865664E-12
AR GRAC 2024 07 03 03 46 10.000000 2  -5.639228775785E-13  1.235865316335E-11
AR GRAC 2024 07 03 03 46 20.000000 2   2.837835001712E-12  1.673131945490E-11
AR GRAC 2024 07 03 03 46 30.000000 2  -6.371321656026E-13  1.343982217183E-12
AR GRAC 2024 07 03 03 46 40.000000 2   5.309293044271E-13  2.676642978441E-12
AR GRAC 2024 07 03 03 46 50.000000 2   1.162916551251E-12 -4.270696209868E-12
AR GRAC 2024 07 03 03 47  0.000000 2  -1.834237406059E-12 -2.518035909990E-12
AR GRAC 2024 07 03 03 47 10.000000 2   1.003547898536E-13  2.002462085038E-11
AR GRAC 2024 07 03 03 47 20.000000 2  -1.045170677436E-12  4.347279480843E-12
AR GRAC 2024 07 03 03 47 30.000000 2   4.326832295232E-12 -4.600638446595E-13
AR GRAC 2024 07 03 03 47 40.000000 2  -2.444131594163E-13  1.224259148919E-11
AR GRAC 2024 07 03 03 47 50.000000 2  -2.257731328281E-12 -3.834755429866E-12
AR GRAC 2024 07 03 03 48  0.000000 2   4.190099656132E-12  1.461789543578E-11
AR GRAC 2024 07 03 03 48 10.000000 2   5.067472049619E-12  1.230549408031E-12
AR GRAC 2024 07 03 03 48 20.000000 2  -1.148151777645E-12  3.933199252404E-12
AR GRAC 2024 07 03 03 48 30.000000 2  -6.161144728081E-13  1.478584615855E-11
AR GRAC 2024 07 03 03 48 40.000000 2   2.035324816671E-12  3.968496538331E-12
AR GRAC 2024 07 03 03 48 50.000000 2   1.261510535790E-12  1.340114390985E-11
AR GRAC 2024 07 03 03 49  0.000000 2  -9.531477170033E-13  9.183789145828E-12
AR GRAC 2024 07 03 03 49 10.000000 2   7.175871767455E-13  1.645643170345E-11
AR GRAC 2024 07 03 03 49 20.000000 2   3.997631652791E-12  7.369079305097E-12
AR GRAC 2024 07 03 03 49 30.000000 2   1.044973027380E-12  3.941720214118E-12
AR GRAC 2024 07 03 03 49 40.000000 2   4.085603383386E-12  4.644362585488E-12
AR GRAC 2024 07 03 03 49 50.000000 2   3.070684331807E-12  1.121700128615E-11
