 2.00 C RINEX VERSION / TYPE
 10.00 INTERVAL
 1 AR # / TYPES OF DATA
 END OF HEADER
AR GRAC 2024 06 21 01 50  0.000000 2   1.438689098410E-11  2.756969826045E-11
AR GRAC 2024 06 21 01 50 10.000000 2   1.110341506239E-11  3.031396661468E-11
AR GRAC 2024 06 21 01 50 20.000000 2   7.371788075805E-12  3.151823593783E-11
AR GRAC 2024 06 21 01 50 30.000000 2   7.430587395385E-12  2.443249942641E-11
AR GRAC 2024 06 21 01 50 40.000000 2   1.373348917227E-11  3.485676330905E-11
AR GRAC 2024 06 21 01 50 50.000000 2   1.012872424822E-11  1.412102899889E-11
AR GRAC 2024 06 21 01 51  0.000000 2   1.318528619620E-11  3.002529128104E-11
AR GRAC 2024 06 21 01 51 10.000000 2   9.101250135479E-12  3.813955401499E-11
AR GRAC 2024 06 21 01 51 20.000000 2   5.453010439027E-12  9.533813842555E-12
AR GRAC 2024 06 21 01 51 30.000000 2   8.307801495355E-12  3.566807266209E-11
AR GRAC 2024 06 21 01 51 40.000000 2   1.088068957850E-11  2.721233134662E-11
AR GRAC 2024 06 21 01 51 50.000000 2   1.087164906710E-11  1.757658948942E-11
AR GRAC 2024 06 21 01 52  0.000000 2   8.725647808461E-12  3.082084587547E-11
AR GRAC 2024 06 21 01 52 10.000000 2   3.239642061559E-12  2.734510187730E-11
AR GRAC 2024 06 21 01 52 20.000000 2   7.302515363239E-12  2.534935629461E-11
AR GRAC 2024 06 21 01 52 30.000000 2   8.523091954427E-12  3.222360919763E-11
AR GRAC 2024 06 21 01 52 40.000000 2   9.998218399032E-12  2.466786150346E-11
AR GRAC 2024 06 21 01 52 50.000000 2   5.711400102859E-12  1.037211289079E-11
AR GRAC 2024 06 21 01 53  0.000000 2   2.280460976306E-12  4.029635999880E-11
AR GRAC 2024 06 21 01 53 10.000000 2   3.572115259837E-12  2.257061204602E-11
AR GRAC 2024 06 21 01 53 20.000000 2   7.884102225242E-12  6.334859286444E-12
AR GRAC 2024 06 21 01 53 30.000000 2   1.737599593290E-13  3.780910654005E-11
AR GRAC 2024 06 21 01 53 40.000000 2   7.066204826128E-12  2.732335364908E-11
AR GRAC 2024 06 21 01 53 50.000000 2   5.679364097066E-12  2.630759672606E-11
AR GRAC 2024 06 21 01 54  0.000000 2   1.270732651049E-13  6.351840928231E-12
AR GRAC 2024 06 21 01 54 10.000000 2   1.148160017582E-12  1.849608313731E-11
AR GRAC 2024 06 21 01 54 20.000000 2   2.556433146769E-12  2.216032392310E-11
AR GRAC 2024 06 21 01 54 30.000000 2   1.972706720199E-12  1.000456488487E-11
AR GRAC 2024 06 21 01 54 40.000000 2   4.024551959053E-12  3.690880587270E-11
AR GRAC 2024 06 21 01 54 50.000000 2  -1.415299518207E-12  1.491304128798E-11
AR GRAC 2024 06 21 01 55  0.000000 2  -1.706195406313E-13  3.023727795926E-11
AR GRAC 2024 06 21 01 55 10.000000 2   1.844688464481E-12  2.991151770715E-11
AR GRAC 2024 06 21 01 55 20.000000 2  -2.540331660306E-12  1.207575098944E-11
AR GRAC 2024 06 21 01 55 30.000000 2   1.746139799592E-12  2.022998608908E-11
AR GRAC 2024 06 21 01 55 40.000000 2  -1.209668433130E-12  2.135421874050E-11
AR GRAC 2024 06 21 01 55 50.000000 2   3.545361053348E-12  2.436844996623E-11
AR GRAC 2024 06 21 01 56  0.000000 2  -3.146541404167E-12  2.508268072410E-11
AR GRAC 2024 06 21 01 56 10.000000 2   4.883341452565E-13  2.327690991344E-11
AR GRAC 2024 06 21 01 56 20.000000 2  -3.923299619207E-12  1.552113819414E-11
AR GRAC 2024 06 21 01 56 30.000000 2  -9.668986531569E-13  6.945367458239E-12
AR GRAC 2024 06 21 01 56 40.000000 2  -2.841096715528E-12  1.159959281405E-11
AR GRAC 2024 06 21 01 56 50.000000 2  -1.104968655637E-12  2.678381821886E-11
AR GRAC 2024 06 21 01 57  0.000000 2  -2.858071852102E-12  1.857804188266E-11
AR GRAC 2024 06 21 01 57 10.000000 2  -6.033682125976E-13  1.410226622978E-11
AR GRAC 2024 06 21 01 57 20.000000 2  -3.577689360046E-12  1.489648682185E-11
AR GRAC 2024 06 21 01 57 30.000000 2  -2.032562486376E-12  3.437070766887E-11
AR GRAC 2024 06 21 01 57 40.000000 2  -1.370901656084E-12  2.513492886047E-11
AR GRAC 2024 06 21 01 57 50.000000 2  -5.480385676521E-12  1.735914710588E-11
AR GRAC 2024 06 21 01 58  0.000000 2  -8.960075736919E-12  2.486336657392E-11
AR GRAC 2024 06 21 01 58 10.000000 2  -6.327736945533E-12  2.204758250968E-11
AR GRAC 2024 06 21 01 58 20.000000 2  -7.802673437918E-12  1.233179877658E-11
AR GRAC 2024 06 21 01 58 30.000000 2  -4.249899477476E-12  2.356601372377E-11
AR GRAC 2024 06 21 01 58 40.000000 2  -4.435943366105E-12  9.250227320234E-12
AR GRAC 2024 06 21 01 58 50.000000 2  -8.021567785010E-12  1.896443939386E-11
AR GRAC 2024 06 21 01 59  0.000000 2  -9.082361598911E-12  2.745864993714E-11
AR GRAC 2024 06 21 01 59 10.000000 2  -3.623910850223E-12  2.616286180757E-11
AR GRAC 2024 06 21 01 59 20.000000 2  -7.637469649768E-12  2.795706895153E-11
AR GRAC 2024 06 21 01 59 30.000000 2  -1.334899118327E-11  7.031278771025E-12
AR GRAC 2024 06 21 01 59 40.000000 2  -5.994935884518E-12  4.475486387739E-12
AR GRAC 2024 06 21 01 59 50.000000 2  -1.272132572894E-11  1.457969162066E-11
AR GRAC 2024 06 21 02 00  0.000000 2  -1.342169517887E-11  3.211389834612E-11
AR GRAC 2024 06 21 02 00 10.000000 2  -8.396558622004E-12  1.291810061699E-11
AR GRAC 2024 06 21 02 00 20.000000 2  -1.197718486889E-11  2.021230405269E-11
AR GRAC 2024 06 21 02 00 30.000000 2  -1.021807725238E-11  5.816506130907E-12
AR GRAC 2024 06 21 02 00 40.000000 2  -1.135232966659E-11  1.748070611873E-11
AR GRAC 2024 06 21 02 00 50.000000 2  -1.333765476536E-11  8.304907109236E-12
AR GRAC 2024 06 21 02 01  0.000000 2  -1.017444808959E-11  2.871910521896E-11
AR GRAC 2024 06 21 02 01 10.000000 2  -1.521601594723E-11  1.849330237558E-11
AR GRAC 2024 06 21 02 01 20.000000 2  -1.328905041564E-11  1.564749892158E-11
AR GRAC 2024 06 21 02 01 30.000000 2  -1.363908985752E-11  1.193169521518E-11
AR GRAC 2024 06 21 02 01 40.000000 2  -1.587583189910E-11  5.305889408391E-12
AR GRAC 2024 06 21 02 01 50.000000 2  -1.573861006798E-11  1.553008242838E-11
AR GRAC 2024 06 21 02 02  0.000000 2  -1.819105630019E-11  2.382427415071E-11
AR GRAC 2024 06 21 02 02 10.000000 2  -1.905091709387E-11  2.209846541867E-11
AR GRAC 2024 06 21 02 02 20.000000 2  -1.617250777741E-11  2.242265574603E-11
AR GRAC 2024 06 21 02 02 30.000000 2  -1.352729907256E-11  8.816843088955E-12
AR GRAC 2024 06 21 02 02 40.000000 2  -1.910106448011E-11  2.097103046772E-11
AR GRAC 2024 06 21 02 02 50.000000 2  -2.161995582561E-11  8.225218249558E-12
AR GRAC 2024 06 21 02 03  0.000000 2  -1.982350915364E-11  1.519940596995E-11
AR GRAC 2024 06 21 02 03 10.000000 2  -1.861383616686E-11  2.477358942987E-11
AR GRAC 2024 06 21 02 03 20.000000 2  -1.664583575145E-11  1.657773853088E-12
AR GRAC 2024 06 21 02 03 30.000000 2  -2.050659815567E-11  2.689195567618E-11
AR GRAC 2024 06 21 02 03 40.000000 2  -1.906938322527E-11 -7.663863467455E-12
AR GRAC 2024 06 21 02 03 50.000000 2  -1.982380405663E-11  2.451031738682E-11
AR GRAC 2024 06 21 02 04  0.000000 2  -1.926716945710E-11  1.810449706818E-11
AR GRAC 2024 06 21 02 04 10.000000 2  -2.564739046140E-11  3.618674153730E-12
AR GRAC 2024 06 21 02 04 20.000000 2  -1.879745491207E-11  1.158285099778E-11
AR GRAC 2024 06 21 02 04 30.000000 2  -2.186010400473E-11  1.518702698322E-11
AR GRAC 2024 06 21 02 04 40.000000 2  -2.209813582121E-11  1.586120297603E-11
AR GRAC 2024 06 21 02 04 50.000000 2  -2.346352973026E-11  4.005377626792E-12
AR GRAC 2024 06 21 02 05  0.000000 2  -2.495933147661E-11  1.059954901628E-11
AR GRAC 2024 06 21 02 05 10.000000 2  -2.233326718004E-11  2.682372206297E-11
AR GRAC 2024 06 21 02 05 20.000000 2  -2.718450638206E-11 -4.592106209178E-12
AR GRAC 2024 06 21 02 05 30.000000 2  -2.506783496059E-11  1.948206179714E-11
AR GRAC 2024 06 21 02 05 40.000000 2  -2.458573448993E-11  1.098623102214E-11
AR GRAC 2024 06 21 02 05 50.000000 2  -2.421713350687E-11  1.625039859621E-11
AR GRAC 2024 06 21 02 06  0.000000 2  -2.449062654064E-11 -3.925435063806E-12
AR GRAC 2024 06 21 02 06 10.000000 2  -2.068208972139E-11  8.588729553949E-12
AR GRAC 2024 06 21 02 06 20.000000 2  -2.744777322095E-11 -5.087105216239E-12
AR GRAC 2024 06 21 02 06 30.000000 2  -2.493208590970E-11  2.020705824890E-11
AR GRAC 2024 06 21 02 06 40.000000 2  -2.737429033450E-11  2.531121839899E-11
AR GRAC 2024 06 21 02 06 50.000000 2  -2.537112707424E-11  7.035380958365E-12
AR GRAC 2024 06 21 02 07  0.000000 2  -2.509185914601E-11  6.719542023498E-12
AR GRAC 2024 06 21 02 07 10.000000 2  -2.905087455318E-11  3.033699159938E-12
AR GRAC 2024 06 21 02 07 20.000000 2  -2.210732638619E-11  2.207858678868E-12
AR GRAC 2024 06 21 02 07 30.000000 2  -2.820904447531E-11  8.820154892911E-13
AR GRAC 2024 06 21 02 07 40.000000 2  -2.635648296834E-11  5.386171543498E-12
AR GRAC 2024 06 21 02 07 50.000000 2  -2.711068175509E-11  1.160032486736E-11
AR GRAC 2024 06 21 02 08  0.000000 2  -3.125892947264E-11  6.664479298285E-12
AR GRAC 2024 06 21 02 08 10.000000 2  -2.550759256592E-11 -3.991369301043E-12
AR GRAC 2024 06 21 02 08 20.000000 2  -3.125256997638E-11  5.412783502662E-12
AR GRAC 2024 06 21 02 08 30.000000 2  -3.225928899009E-11  6.036932672510E-12
AR GRAC 2024 06 21 02 08 40.000000 2  -2.362820182567E-11 -1.126891635561E-11
AR GRAC 2024 06 21 02 08 50.000000 2  -3.437695267339E-11  4.525230884456E-12
AR GRAC 2024 06 21 02 09  0.000000 2  -3.164352807561E-11  1.279377970752E-12
AR GRAC 2024 06 21 02 09 10.000000 2  -2.895421055693E-11  5.053524005511E-12
AR GRAC 2024 06 21 02 09 20.000000 2  -2.697425963150E-11  9.637669134976E-12
AR GRAC 2024 06 21 02 09 30.000000 2  -2.933565543262E-11  3.431812776664E-12
AR GRAC 2024 06 21 02 09 40.000000 2  -3.260713921094E-11 -1.033404525147E-11
AR GRAC 2024 06 21 02 09 50.000000 2  -3.019514499547E-11  4.330097478494E-12
AR GRAC 2024 06 21 02 10  0.000000 2  -3.453036814816E-11 -2.224576078902E-11
AR GRAC 2024 06 21 02 10 10.000000 2  -3.333933129568E-11  3.578377611585E-12
AR GRAC 2024 06 21 02 10 20.000000 2  -3.298268255736E-11 -2.287482486416E-12
AR GRAC 2024 06 21 02 10 30.000000 2  -3.112027996410E-11  1.138665377265E-11
AR GRAC 2024 06 21 02 10 40.000000 2  -3.425540406887E-11 -1.438921117675E-11
AR GRAC 2024 06 21 02 10 50.000000 2  -3.270008916423E-11  1.584925983858E-12
AR GRAC 2024 06 21 02 11  0.000000 2  -3.547872065579E-11  4.379060048604E-12
AR GRAC 2024 06 21 02 11 10.000000 2  -3.284736024844E-11 -1.808680635818E-11
AR GRAC 2024 06 21 02 11 20.000000 2  -3.584104887877E-11 -1.441267417912E-11
AR GRAC 2024 06 21 02 11 30.000000 2  -3.533415920964E-11  1.318145679413E-11
AR GRAC 2024 06 21 02 11 40.000000 2  -3.504834963919E-11  4.575587304878E-12
AR GRAC 2024 06 21 02 11 50.000000 2  -3.572169990362E-11 -1.289028432605E-11
AR GRAC 2024 06 21 02 12  0.000000 2  -3.024951469865E-11  6.273844291305E-12
AR GRAC 2024 06 21 02 12 10.000000 2  -3.590735347947E-11 -8.822029912148E-12
AR GRAC 2024 06 21 02 12 20.000000 2  -3.251838381901E-11 -1.073790275447E-11
AR GRAC 2024 06 21 02 12 30.000000 2  -3.594743946955E-11 -3.183778544621E-12
AR GRAC 2024 06 21 02 12 40.000000 2  -3.455778024852E-11 -2.179965583049E-11
AR GRAC 2024 06 21 02 12 50.000000 2  -3.981072416170E-11 -6.855331189867E-13
AR GRAC 2024 06 21 02 13  0.000000 2  -3.666931688850E-11 -1.341141173811E-11
AR GRAC 2024 06 21 02 13 10.000000 2  -3.962178155015E-11 -6.467289811324E-12
AR GRAC 2024 06 21 02 13 20.000000 2  -3.311702301279E-11 -6.853172543342E-12
AR GRAC 2024 06 21 02 13 30.000000 2  -3.451031821422E-11 -1.649054265536E-12
AR GRAC 2024 06 21 02 13 40.000000 2  -3.726186373343E-11 -1.014493697382E-11
AR GRAC 2024 06 21 02 13 50.000000 2  -3.552670310714E-11 -1.759082289554E-11
AR GRAC 2024 06 21 02 14  0.000000 2  -4.014962667886E-11  1.973294574617E-12
AR GRAC 2024 06 21 02 14 10.000000 2  -3.720798669171E-11 -1.723259035469E-11
AR GRAC 2024 06 21 02 14 20.000000 2  -3.521238509108E-11 -6.778478386232E-12
AR GRAC 2024 06 21 02 14 30.000000 2  -3.792457320406E-11 -1.826436571428E-11
AR GRAC 2024 06 21 02 14 40.000000 2  -3.403911874589E-11 -4.160255907132E-12
AR GRAC 2024 06 21 02 14 50.000000 2  -3.877089968518E-11 -1.307614953816E-11
AR GRAC 2024 06 21 02 15  0.000000 2  -4.030864184101E-11 -1.612203773260E-11
AR GRAC 2024 06 21 02 15 10.000000 2  -3.892738215105E-11  1.522070230270E-12
AR GRAC 2024 06 21 02 15 20.000000 2  -4.188423219365E-11 -3.237382584231E-11
AR GRAC 2024 06 21 02 15 30.000000 2  -3.484916522023E-11 -5.979718456506E-12
AR GRAC 2024 06 21 02 15 40.000000 2  -4.253556881717E-11 -1.004561624857E-11
AR GRAC 2024 06 21 02 15 50.000000 2  -3.482896263063E-11 -1.731151333395E-11
AR GRAC 2024 06 21 02 16  0.000000 2  -4.169548734057E-11 -1.449740934939E-11
AR GRAC 2024 06 21 02 16 10.000000 2  -4.485959173572E-11 -2.453330594232E-11
AR GRAC 2024 06 21 02 16 20.000000 2  -3.732951447954E-11 -1.615920765252E-11
AR GRAC 2024 06 21 02 16 30.000000 2  -3.873769707785E-11 -5.715108074289E-12
AR GRAC 2024 06 21 02 16 40.000000 2  -4.105945791699E-11 -1.988101003270E-11
AR GRAC 2024 06 21 02 16 50.000000 2  -3.913009499756E-11 -9.366914362208E-12
AR GRAC 2024 06 21 02 17  0.000000 2  -4.439931408640E-11 -2.384281834467E-11
AR GRAC 2024 06 21 02 17 10.000000 2  -3.882011379019E-11 -4.998724524585E-12
AR GRAC 2024 06 21 02 17 20.000000 2  -3.811040719115E-11 -1.220462966800E-11
AR GRAC 2024 06 21 02 17 30.000000 2  -3.985844640453E-11 -1.908053749722E-11
AR GRAC 2024 06 21 02 17 40.000000 2  -4.129956099330E-11 -2.444644486843E-11
AR GRAC 2024 06 21 02 17 50.000000 2  -4.216979543337E-11 -2.010235727878E-11
AR GRAC 2024 06 21 02 18  0.000000 2  -4.253671720411E-11 -1.462826734744E-11
AR GRAC 2024 06 21 02 18 10.000000 2  -3.773137705054E-11 -7.234178967669E-12
AR GRAC 2024 06 21 02 18 20.000000 2  -4.170359196864E-11 -1.867009324918E-11
AR GRAC 2024 06 21 02 18 30.000000 2  -3.697081529808E-11 -3.681600510563E-11
AR GRAC 2024 06 21 02 18 40.000000 2  -3.932820735741E-11 -2.380192050400E-11
AR GRAC 2024 06 21 02 18 50.000000 2  -4.239874076828E-11 -1.103783644346E-11
AR GRAC 2024 06 21 02 19  0.000000 2  -3.278774821092E-11 -2.519375159882E-11
AR GRAC 2024 06 21 02 19 10.000000 2  -4.040960968621E-11 -1.936967079785E-11
AR GRAC 2024 06 21 02 19 20.000000 2  -4.369011749605E-11 -3.331559333963E-11
AR GRAC 2024 06 21 02 19 30.000000 2  -3.825381331146E-11 -2.544151174455E-11
AR GRAC 2024 06 21 02 19 40.000000 2  -3.993078784292E-11 -1.181743244927E-11
AR GRAC 2024 06 21 02 19 50.000000 2  -4.187993701832E-11 -2.369335630470E-11
AR GRAC 2024 06 21 02 20  0.000000 2  -4.227053082562E-11 -1.115928009721E-11
AR GRAC 2024 06 21 02 20 10.000000 2  -3.705694431866E-11 -2.505520617369E-11
AR GRAC 2024 06 21 02 20 20.000000 2  -3.989915342562E-11 -2.461113084162E-11
AR GRAC 2024 06 21 02 20 30.000000 2  -3.649775620618E-11 -2.587705744128E-11
AR GRAC 2024 06 21 02 20 40.000000 2  -4.054750979421E-11 -2.394298301289E-11
AR GRAC 2024 06 21 02 20 50.000000 2  -3.512858406940E-11 -1.062891268055E-11
AR GRAC 2024 06 21 02 21  0.000000 2  -4.242952864053E-11 -2.227484169337E-11
AR GRAC 2024 06 21 02 21 10.000000 2  -4.170055273311E-11 -2.525077195947E-11
AR GRAC 2024 06 21 02 21 20.000000 2  -3.532918402271E-11 -1.168670715757E-11
AR GRAC 2024 06 21 02 21 30.000000 2  -4.257522806528E-11 -2.899264162082E-11
AR GRAC 2024 06 21 02 21 40.000000 2  -3.778590287884E-11 -2.571857310452E-11
AR GRAC 2024 06 21 02 21 50.000000 2  -4.162491878956E-11 -1.706450952765E-11
AR GRAC 2024 06 21 02 22  0.000000 2  -3.498576081618E-11 -2.132044540915E-11
AR GRAC 2024 06 21 02 22 10.000000 2  -3.573281254221E-11 -2.284638277172E-11
AR GRAC 2024 06 21 02 22 20.000000 2  -3.433166598232E-11 -3.392231981425E-11
AR GRAC 2024 06 21 02 22 30.000000 2  -3.876007154124E-11 -2.629826044431E-11
AR GRAC 2024 06 21 02 22 40.000000 2  -4.054203847637E-11 -2.452420211352E-11
AR GRAC 2024 06 21 02 22 50.000000 2  -3.955618124718E-11 -1.698014645557E-11
AR GRAC 2024 06 21 02 23  0.000000 2  -4.011940779591E-11 -1.952608560951E-11
AR GRAC 2024 06 21 02 23 10.000000 2  -3.785236707410E-11 -2.058202913657E-11
AR GRAC 2024 06 21 02 23 20.000000 2  -3.672754114725E-11 -2.241797546210E-11
AR GRAC 2024 06 21 02 23 30.000000 2  -4.275485868122E-11 -2.286392082607E-11
AR GRAC 2024 06 21 02 23 40.000000 2  -3.656035890698E-11 -3.036986981342E-11
AR GRAC 2024 06 21 02 23 50.000000 2  -3.841875428900E-11 -1.670581901980E-11
AR GRAC 2024 06 21 02 24  0.000000 2  -3.377538873583E-11 -2.805176750609E-11
AR GRAC 2024 06 21 02 24 10.000000 2  -3.612479065884E-11 -1.756771637884E-11
AR GRAC 2024 06 21 02 24 20.000000 2  -3.828577732623E-11 -2.498366791226E-11
AR GRAC 2024 06 21 02 24 30.000000 2  -3.787889793494E-11 -1.833961801867E-11
AR GRAC 2024 06 21 02 24 40.000000 2  -3.744971693864E-11 -3.418557451007E-11
AR GRAC 2024 06 21 02 24 50.000000 2  -4.029128072847E-11 -2.413152837277E-11
AR GRAC 2024 06 21 02 25  0.000000 2  -4.229719699489E-11 -3.245748461667E-11
AR GRAC 2024 06 21 02 25 10.000000 2  -3.333482101464E-11 -1.268344023558E-11
AR GRAC 2024 06 21 02 25 20.000000 2  -3.888723718037E-11 -3.058939906930E-11
AR GRAC 2024 06 21 02 25 30.000000 2  -3.580616705912E-11 -2.362535861389E-11
AR GRAC 2024 06 21 02 25 40.000000 2  -3.572615814296E-11 -3.219131905485E-11
AR GRAC 2024 06 21 02 25 50.000000 2  -3.454084587795E-11 -1.664728077611E-11
AR GRAC 2024 06 21 02 26  0.000000 2  -3.620072297483E-11 -2.054324071965E-11
AR GRAC 2024 06 21 02 26 10.000000 2  -3.556204983268E-11 -2.423920439365E-11
AR GRAC 2024 06 21 02 26 20.000000 2  -3.870562897967E-11 -3.150517000061E-11
AR GRAC 2024 06 21 02 26 30.000000 2  -3.558038932927E-11 -2.491113565428E-11
AR GRAC 2024 06 21 02 26 40.000000 2  -3.351123545325E-11 -2.303710347484E-11
AR GRAC 2024 06 21 02 26 50.000000 2  -3.575985341175E-11 -2.344307040159E-11
AR GRAC 2024 06 21 02 27  0.000000 2  -3.845098198174E-11 -2.169903666471E-11
AR GRAC 2024 06 21 02 27 10.000000 2  -3.345651533593E-11 -3.835500667071E-11
AR GRAC 2024 06 21 02 27 20.000000 2  -4.071404671735E-11 -2.570097953902E-11
AR GRAC 2024 06 21 02 27 30.000000 2  -3.447524557498E-11 -1.182695000962E-11
AR GRAC 2024 06 21 02 27 40.000000 2  -3.756476379957E-11 -2.209292124244E-11
AR GRAC 2024 06 21 02 27 50.000000 2  -3.322359054536E-11 -1.975889417360E-11
AR GRAC 2024 06 21 02 28  0.000000 2  -3.693801861604E-11 -3.152486952041E-11
AR GRAC 2024 06 21 02 28 10.000000 2  -3.447255328415E-11 -2.985085095775E-11
AR GRAC 2024 06 21 02 28 20.000000 2  -3.534049095033E-11 -2.753682698531E-11
AR GRAC 2024 06 21 02 28 30.000000 2  -3.598557216100E-11 -3.554280481044E-11
AR GRAC 2024 06 21 02 28 40.000000 2  -3.362844031018E-11 -1.546877903547E-11
AR GRAC 2024 06 21 02 28 50.000000 2  -3.499876777280E-11 -3.559476324799E-11
AR GRAC 2024 06 21 02 29  0.000000 2  -3.340452220391E-11 -2.131074136602E-11
AR GRAC 2024 06 21 02 29 10.000000 2  -3.601034401224E-11 -8.036725798743E-12
AR GRAC 2024 06 21 02 29 20.000000 2  -3.225078884506E-11 -3.302270956684E-11
AR GRAC 2024 06 21 02 29 30.000000 2  -3.283118568675E-11 -2.280869416948E-11
AR GRAC 2024 06 21 02 29 40.000000 2  -2.543524071918E-11 -2.411468073837E-11
AR GRAC 2024 06 21 02 29 50.000000 2  -3.346110888369E-11 -3.870666807904E-12
AR GRAC 2024 06 21 02 30  0.000000 2  -3.466787967810E-11 -2.748665531294E-11
AR GRAC 2024 06 21 02 30 10.000000 2  -3.135422477207E-11 -1.748264380486E-11
AR GRAC 2024 06 21 02 30 20.000000 2  -2.816863756139E-11 -2.455863463979E-11
AR GRAC 2024 06 21 02 30 30.000000 2  -2.955697839258E-11 -2.971463006207E-11
AR GRAC 2024 06 21 02 30 40.000000 2  -3.749135030207E-11 -1.947061782637E-11
AR GRAC 2024 06 21 02 30 50.000000 2  -2.761876144453E-11 -2.493661180325E-11
AR GRAC 2024 06 21 02 31  0.000000 2  -3.312152982438E-11 -2.552260486288E-11
AR GRAC 2024 06 21 02 31 10.000000 2  -2.984911276482E-11 -1.390859823147E-11
AR GRAC 2024 06 21 02 31 20.000000 2  -3.281705462932E-11 -3.561460154566E-11
AR GRAC 2024 06 21 02 31 30.000000 2  -2.692649402058E-11 -1.723059368797E-11
AR GRAC 2024 06 21 02 31 40.000000 2  -3.092874567567E-11 -1.612659311645E-11
AR GRAC 2024 06 21 02 31 50.000000 2  -3.006421153695E-11 -3.042259152930E-11
AR GRAC 2024 06 21 02 32  0.000000 2  -2.533752027634E-11 -7.548593694562E-12
AR GRAC 2024 06 21 02 32 10.000000 2  -3.351773719684E-11 -1.193459220339E-11
AR GRAC 2024 06 21 02 32 20.000000 2  -3.190518682583E-11 -2.832059760316E-11
AR GRAC 2024 06 21 02 32 30.000000 2  -2.559978791450E-11 -2.266660123484E-11
AR GRAC 2024 06 21 02 32 40.000000 2  -2.734469768673E-11 -4.232606019144E-12
AR GRAC 2024 06 21 02 32 50.000000 2  -2.857645196863E-11 -2.319861316935E-11
AR GRAC 2024 06 21 02 33  0.000000 2  -2.513262341297E-11 -1.751461996269E-11
AR GRAC 2024 06 21 02 33 10.000000 2  -2.323879803867E-11 -1.552062992016E-11
AR GRAC 2024 06 21 02 33 20.000000 2  -3.246520760558E-11 -1.651663528168E-11
AR GRAC 2024 06 21 02 33 30.000000 2  -2.914545341182E-11 -2.890264937105E-11
AR GRAC 2024 06 21 02 33 40.000000 2  -2.944272603500E-11 -1.200865969164E-11
AR GRAC 2024 06 21 02 33 50.000000 2  -2.965775888764E-11 -2.101467090621E-11
AR GRAC 2024 06 21 02 34  0.000000 2  -2.352573517939E-11 -7.220684553749E-12
AR GRAC 2024 06 21 02 34 10.000000 2  -2.600169732303E-11 -1.955670000942E-11
AR GRAC 2024 06 21 02 34 20.000000 2  -2.607208719752E-11 -2.802271782676E-11
AR GRAC 2024 06 21 02 34 30.000000 2  -2.755133794718E-11 -1.758732374145E-12
AR GRAC 2024 06 21 02 34 40.000000 2  -3.130657885708E-11 -2.347474992170E-11
AR GRAC 2024 06 21 02 34 50.000000 2  -2.521352397700E-11 -1.335076754011E-11
AR GRAC 2024 06 21 02 35  0.000000 2  -2.675449618794E-11 -2.348679063735E-11
AR GRAC 2024 06 21 02 35 10.000000 2  -2.214393599043E-11 -1.965280889415E-11
AR GRAC 2024 06 21 02 35 20.000000 2  -2.490814672573E-11 -3.068831430295E-12
AR GRAC 2024 06 21 02 35 30.000000 2  -2.649744833272E-11  4.851439887842E-13
AR GRAC 2024 06 21 02 35 40.000000 2  -2.626695909391E-11 -1.517088191183E-11
AR GRAC 2024 06 21 02 35 50.000000 2  -1.930950538354E-11 -1.751690632823E-11
AR GRAC 2024 06 21 02 36  0.000000 2  -2.422866247909E-11 -9.052931147779E-12
AR GRAC 2024 06 21 02 36 10.000000 2  -2.603776916299E-11 -3.808957923374E-12
AR GRAC 2024 06 21 02 36 20.000000 2  -2.562624938640E-11 -2.194498749386E-11
AR GRAC 2024 06 21 02 36 30.000000 2  -2.423997287615E-11 -1.775101940438E-11
AR GRAC 2024 06 21 02 36 40.000000 2  -2.023696141218E-11 -2.021704852140E-11
AR GRAC 2024 06 21 02 36 50.000000 2  -2.434973750409E-11 -6.230796044046E-13
AR GRAC 2024 06 21 02 37  0.000000 2  -2.186146055849E-11 -1.249911372320E-11
AR GRAC 2024 06 21 02 37 10.000000 2  -2.425736000955E-11 -2.221514812384E-11
AR GRAC 2024 06 21 02 37 20.000000 2  -2.259396142401E-11 -1.056118387188E-11
AR GRAC 2024 06 21 02 37 30.000000 2  -2.169393657769E-11 -1.633721630201E-11
AR GRAC 2024 06 21 02 37 40.000000 2  -2.523494781193E-11 -7.173255045512E-12
AR GRAC 2024 06 21 02 37 50.000000 2  -2.245848125526E-11 -1.784929495874E-11
AR GRAC 2024 06 21 02 38  0.000000 2  -2.355809818055E-11 -1.024533322763E-11
AR GRAC 2024 06 21 02 38 10.000000 2  -2.037501070640E-11  1.686265601979E-13
AR GRAC 2024 06 21 02 38 20.000000 2  -1.887222669805E-11 -1.054741537165E-11
AR GRAC 2024 06 21 02 38 30.000000 2  -2.114135602693E-11 -2.388345597681E-11
AR GRAC 2024 06 21 02 38 40.000000 2  -1.678854798237E-11 -8.819500685320E-12
AR GRAC 2024 06 21 02 38 50.000000 2  -2.506796333013E-11 -2.995545868648E-12
AR GRAC 2024 06 21 02 39  0.000000 2  -1.944715048718E-11 -4.491590259448E-12
AR GRAC 2024 06 21 02 39 10.000000 2  -2.342033685043E-11 -1.509763668250E-11
AR GRAC 2024 06 21 02 39 20.000000 2  -1.737411776948E-11  1.863139769418E-13
AR GRAC 2024 06 21 02 39 30.000000 2  -1.703242928641E-11 -7.389734657526E-12
AR GRAC 2024 06 21 02 39 40.000000 2  -2.119490173647E-11  4.294214723394E-12
AR GRAC 2024 06 21 02 39 50.000000 2  -1.814124198085E-11  6.428164858047E-12
AR GRAC 2024 06 21 02 40  0.000000 2  -2.009859292884E-11 -1.943788879855E-11
AR GRAC 2024 06 21 02 40 10.000000 2  -1.584049211245E-11 -1.406394358611E-11
AR GRAC 2024 06 21 02 40 20.000000 2  -1.651984452011E-11  1.000004224393E-12
AR GRAC 2024 06 21 02 40 30.000000 2  -2.187726735881E-11 -1.397605208647E-11
AR GRAC 2024 06 21 02 40 40.000000 2  -2.107680870111E-11  1.513789267549E-11
AR GRAC 2024 06 21 02 40 50.000000 2  -1.523683956783E-11 -1.620816501846E-11
AR GRAC 2024 06 21 02 41  0.000000 2  -1.891236646456E-11  5.577606247958E-14
AR GRAC 2024 06 21 02 41 10.000000 2  -2.330858422939E-11 -2.030283276569E-12
AR GRAC 2024 06 21 02 41 20.000000 2  -2.091981796126E-11 -3.146344296212E-12
AR GRAC 2024 06 21 02 41 30.000000 2  -1.482845617129E-11  3.777594556609E-12
AR GRAC 2024 06 21 02 41 40.000000 2  -1.631453826201E-11 -1.584693476702E-13
AR GRAC 2024 06 21 02 41 50.000000 2  -1.928603110546E-11 -6.684533135348E-12
AR GRAC 2024 06 21 02 42  0.000000 2  -1.919170898590E-11 -2.640597593015E-12
AR GRAC 2024 06 21 02 42 10.000000 2  -1.737859856021E-11  1.493335836933E-12
AR GRAC 2024 06 21 02 42 20.000000 2  -1.614196103172E-11 -3.742731385231E-12
AR GRAC 2024 06 21 02 42 30.000000 2  -1.328019551966E-11 -7.908799483369E-12
AR GRAC 2024 06 21 02 42 40.000000 2  -1.414076668260E-11  9.825130292684E-12
AR GRAC 2024 06 21 02 42 50.000000 2  -1.802905567894E-11  1.354906117856E-11
AR GRAC 2024 06 21 02 43  0.000000 2  -1.110132038379E-11 -3.367010446495E-12
AR GRAC 2024 06 21 02 43 10.000000 2  -1.830830452521E-11 -4.283083870210E-12
AR GRAC 2024 06 21 02 43 20.000000 2  -1.351782748238E-11 -3.349156672480E-12
AR GRAC 2024 06 21 02 43 30.000000 2  -1.478847079517E-11  9.294768080204E-12
AR GRAC 2024 06 21 02 43 40.000000 2  -1.240748736392E-11  3.668691652553E-12
AR GRAC 2024 06 21 02 43 50.000000 2  -1.558954181025E-11  1.148261607326E-11
AR GRAC 2024 06 21 02 44  0.000000 2  -1.472274212266E-11  9.746537778244E-12
AR GRAC 2024 06 21 02 44 10.000000 2  -1.563245539959E-11  7.880458438581E-12
AR GRAC 2024 06 21 02 44 20.000000 2  -1.675586058791E-11  4.004379293432E-12
AR GRAC 2024 06 21 02 44 30.000000 2  -1.407762795225E-11  7.858297346175E-12
AR GRAC 2024 06 21 02 44 40.000000 2  -1.431199343066E-11  4.562214321602E-12
AR GRAC 2024 06 21 02 44 50.000000 2  -1.538293971370E-11  6.456132069926E-12
AR GRAC 2024 06 21 02 45  0.000000 2  -1.087006266248E-11  1.842004847263E-11
AR GRAC 2024 06 21 02 45 10.000000 2  -1.165201442277E-11  6.963961959178E-12
AR GRAC 2024 06 21 02 45 20.000000 2  -1.136168242821E-11  2.173787712334E-11
AR GRAC 2024 06 21 02 45 30.000000 2  -1.253208127550E-11  8.871787852971E-12
AR GRAC 2024 06 21 02 45 40.000000 2  -1.746260427926E-11  1.905699556493E-12
AR GRAC 2024 06 21 02 45 50.000000 2  -1.220185150835E-11  2.119608958837E-12
AR GRAC 2024 06 21 02 46  0.000000 2  -1.517852857291E-11  1.276351854068E-11
AR GRAC 2024 06 21 02 46 10.000000 2  -1.476385680377E-11  1.851742717496E-11
AR GRAC 2024 06 21 02 46 20.000000 2  -6.110542193766E-12  1.607133523485E-11
AR GRAC 2024 06 21 02 46 30.000000 2  -1.687616019153E-11  8.645240773264E-12
AR GRAC 2024 06 21 02 46 40.000000 2  -1.359160093500E-11  1.015914609381E-11
AR GRAC 2024 06 21 02 46 50.000000 2  -9.460140136530E-12  1.311304884122E-11
AR GRAC 2024 06 21 02 47  0.000000 2  -1.380914740196E-11  8.556951154592E-12
AR GRAC 2024 06 21 02 47 10.000000 2  -1.498204685313E-11  2.211085307902E-11
AR GRAC 2024 06 21 02 47 20.000000 2  -1.822840836607E-11  1.155475454900E-11
AR GRAC 2024 06 21 02 47 30.000000 2  -4.470816078461E-12  2.249865224679E-11
AR GRAC 2024 06 21 02 47 40.000000 2  -9.620462412818E-12  1.379255390455E-11
AR GRAC 2024 06 21 02 47 50.000000 2  -1.234304412151E-11  1.158644968163E-11
AR GRAC 2024 06 21 02 48  0.000000 2  -1.366688966858E-11  1.970034725629E-11
AR GRAC 2024 06 21 02 48 10.000000 2  -1.038160616501E-11  2.163424127344E-11
AR GRAC 2024 06 21 02 48 20.000000 2  -4.281195623707E-12  2.038813562422E-11
AR GRAC 2024 06 21 02 48 30.000000 2  -8.143927372750E-12  3.192028022111E-12
AR GRAC 2024 06 21 02 48 40.000000 2  -7.353445977132E-12  3.195592054861E-11
AR GRAC 2024 06 21 02 48 50.000000 2  -5.770938848321E-12  2.969981205414E-11
AR GRAC 2024 06 21 02 49  0.000000 2  -1.472205343744E-11  6.753702198187E-12
AR GRAC 2024 06 21 02 49 10.000000 2  -1.114136647523E-11  8.247590978228E-12
AR GRAC 2024 06 21 02 49 20.000000 2  -9.543485793295E-12  2.351147922186E-11
AR GRAC 2024 06 21 02 49 30.000000 2  -1.037715399721E-11  3.329536646390E-11
AR GRAC 2024 06 21 02 49 40.000000 2  -8.820834687673E-12  1.966925060326E-11
AR GRAC 2024 06 21 02 49 50.000000 2  -3.080335465866E-12  2.168313618933E-11
AR GRAC 2024 06 21 02 50  0.000000 2  -8.016380961817E-12  2.616701820501E-11
AR GRAC 2024 06 21 02 50 10.000000 2  -7.711293409374E-12  2.143090219175E-11
AR GRAC 2024 06 21 02 50 20.000000 2  -4.749978188556E-12  2.960478390213E-11
AR GRAC 2024 06 21 02 50 30.000000 2  -1.088277211403E-11  7.798664491965E-12
AR GRAC 2024 06 21 02 50 40.000000 2  -1.093653466400E-11  2.274254222445E-11
AR GRAC 2024 06 21 02 50 50.000000 2  -5.699286528826E-12  2.493642098367E-11
AR GRAC 2024 06 21 02 51  0.000000 2  -6.336693756520E-12  2.351029787517E-11
AR GRAC 2024 06 21 02 51 10.000000 2  -7.234425732083E-12  1.792417429758E-11
AR GRAC 2024 06 21 02 51 20.000000 2  -1.066139624500E-11  1.988804780584E-11
AR GRAC 2024 06 21 02 51 30.000000 2  -5.404181442625E-12  2.439192250958E-11
AR GRAC 2024 06 21 02 51 40.000000 2  -8.850887037171E-12  3.562579745098E-11
AR GRAC 2024 06 21 02 51 50.000000 2  -4.872236294973E-12  2.306966770393E-11
AR GRAC 2024 06 21 02 52  0.000000 2  -9.458592763190E-12  2.074353709636E-11
AR GRAC 2024 06 21 02 52 10.000000 2  -5.560825671463E-12  3.199740819526E-11
AR GRAC 2024 06 21 02 52 20.000000 2  -5.276055200371E-12  2.071127470915E-11
AR GRAC 2024 06 21 02 52 30.000000 2  -7.811711347228E-12  2.387514318192E-11
AR GRAC 2024 06 21 02 52 40.000000 2  -5.777732892814E-12  2.527900978821E-11
AR GRAC 2024 06 21 02 52 50.000000 2  -7.934273030252E-12  1.672287482102E-11
AR GRAC 2024 06 21 02 53  0.000000 2  -4.330696391774E-12  3.006674076378E-11
AR GRAC 2024 06 21 02 53 10.000000 2  -1.076147092445E-12  3.351060401391E-11
AR GRAC 2024 06 21 02 53 20.000000 2  -4.248453585459E-12  2.227446525838E-11
AR GRAC 2024 06 21 02 53 30.000000 2  -7.916511196582E-12  2.898832389409E-11
AR GRAC 2024 06 21 02 53 40.000000 2  -6.864836390313E-12  1.896218598807E-11
AR GRAC 2024 06 21 02 53 50.000000 2  -4.455874471482E-12  2.885604255543E-11
AR GRAC 2024 06 21 02 54  0.000000 2  -3.730426124254E-12  2.710990286425E-11
AR GRAC 2024 06 21 02 54 10.000000 2  -5.082945783025E-12  3.478375920629E-11
AR GRAC 2024 06 21 02 54 20.000000 2  -1.651587070231E-12  2.534761463224E-11
AR GRAC 2024 06 21 02 54 30.000000 2  -6.556909529221E-12  2.641146849836E-11
AR GRAC 2024 06 21 02 54 40.000000 2  -1.012722783238E-12  3.600532025305E-11
AR GRAC 2024 06 21 02 54 50.000000 2  -8.152459610167E-12  2.500917528625E-11
AR GRAC 2024 06 21 02 55  0.000000 2  -3.946381849779E-12  3.186302610647E-11
AR GRAC 2024 06 21 02 55 10.000000 2  -1.925057118921E-12  2.644687593922E-11
AR GRAC 2024 06 21 02 55 20.000000 2  -5.935932734930E-12  4.077072707220E-11
AR GRAC 2024 06 21 02 55 30.000000 2  -2.775755103199E-12  2.322457330617E-11
AR GRAC 2024 06 21 02 55 40.000000 2  -6.415786305003E-12  3.966842132552E-11
AR GRAC 2024 06 21 02 55 50.000000 2  -8.379517240677E-13  2.513226605994E-11
AR GRAC 2024 06 21 02 56  0.000000 2  -3.029883635652E-12  1.559611120805E-11
AR GRAC 2024 06 21 02 56 10.000000 2  -5.791181770243E-12  4.194995392726E-11
AR GRAC 2024 06 21 02 56 20.000000 2  -3.788752298006E-12  3.520379820987E-11
AR GRAC 2024 06 21 02 56 30.000000 2  -5.047971589345E-12  3.934763972979E-11
AR GRAC 2024 06 21 02 56 40.000000 2  -1.190335048411E-12  2.258148182332E-11
AR GRAC 2024 06 21 02 56 50.000000 2  -8.850567305950E-13  2.303532017911E-11
AR GRAC 2024 06 21 02 57  0.000000 2  -5.458390250207E-12  4.610915468883E-11
AR GRAC 2024 06 21 02 57 10.000000 2   1.178596743855E-13  3.079299662478E-11
AR GRAC 2024 06 21 02 57 20.000000 2  -3.676733830588E-12  5.161682886667E-11
AR GRAC 2024 06 21 02 57 30.000000 2   3.731481269809E-12  1.420066755159E-11
AR GRAC 2024 06 21 02 57 40.000000 2  -2.117056746923E-12  1.659450181435E-11
AR GRAC 2024 06 21 02 57 50.000000 2   9.139480621964E-13  3.940833770422E-11
AR GRAC 2024 06 21 02 58  0.000000 2   1.333352915925E-12  4.477216861143E-11
AR GRAC 2024 06 21 02 58 10.000000 2  -3.403543506059E-12  4.636599784669E-11
AR GRAC 2024 06 21 02 58 20.000000 2  -1.903076220916E-12  1.513982862689E-11
AR GRAC 2024 06 21 02 58 30.000000 2   2.357762422800E-12  4.467365366523E-11
AR GRAC 2024 06 21 02 58 40.000000 2   3.195622152313E-12  3.309748655700E-11
AR GRAC 2024 06 21 02 58 50.000000 2  -5.813270973268E-15  3.260131054006E-11
AR GRAC 2024 06 21 02 59  0.000000 2  -1.836080549752E-12  4.335513892340E-11
AR GRAC 2024 06 21 02 59 10.000000 2  -8.265267810448E-13  3.128896100546E-11
AR GRAC 2024 06 21 02 59 20.000000 2   5.698155489120E-12  2.890278467949E-11
AR GRAC 2024 06 21 02 59 30.000000 2   9.281012373560E-13  4.285660715198E-11
AR GRAC 2024 06 21 02 59 40.000000 2   2.859349692783E-12  2.228042923769E-11
AR GRAC 2024 06 21 02 59 50.000000 2   8.771243822404E-13  4.814424900412E-11
AR GRAC 2024 06 21 03 00  0.000000 2   2.215389113477E-12  3.360806771768E-11
AR GRAC 2024 06 21 03 00 10.000000 2  -1.219928671969E-12  4.019188801219E-11
AR GRAC 2024 06 21 03 00 20.000000 2   6.046405997412E-12  4.259570474119E-11
AR GRAC 2024 06 21 03 00 30.000000 2   8.461431425313E-13  3.735951825679E-11
AR GRAC 2024 06 21 03 00 40.000000 2   2.470746914354E-12  3.297333586727E-11
AR GRAC 2024 06 21 03 00 50.000000 2   1.636148356556E-12  2.991714861955E-11
AR GRAC 2024 06 21 03 01  0.000000 2  -2.243456478533E-13  4.019096166985E-11
AR GRAC 2024 06 21 03 01 10.000000 2   3.958483280747E-12  2.883477137616E-11
AR GRAC 2024 06 21 03 01 20.000000 2   3.910745859093E-12  4.220858385029E-11
AR GRAC 2024 06 21 03 01 30.000000 2   2.094785282736E-12  2.753239476683E-11
AR GRAC 2024 06 21 03 01 40.000000 2   4.048975998233E-12  3.083620164768E-11
AR GRAC 2024 06 21 03 01 50.000000 2   7.229501719497E-12  4.069001038887E-11
AR GRAC 2024 06 21 03 02  0.000000 2   5.123097692600E-12  2.609381460905E-11
AR GRAC 2024 06 21 03 02 10.000000 2   6.826397520171E-12  3.496762254751E-11
AR GRAC 2024 06 21 03 02 20.000000 2   5.016219644521E-12  3.209142326877E-11
AR GRAC 2024 06 21 03 02 30.000000 2   2.671548312433E-12  5.116522830417E-11
AR GRAC 2024 06 21 03 02 40.000000 2   1.721424326868E-12  3.616902957693E-11
AR GRAC 2024 06 21 03 02 50.000000 2   2.836553257904E-12  1.881283150096E-11
AR GRAC 2024 06 21 03 03  0.000000 2   5.126990412080E-12  4.678663359514E-11
AR GRAC 2024 06 21 03 03 10.000000 2   2.917277313816E-12  4.495042879582E-11
AR GRAC 2024 06 21 03 03 20.000000 2   8.044797467077E-12  3.187422895068E-11
AR GRAC 2024 06 21 03 03 30.000000 2   1.802671727169E-12  2.500802516459E-11
AR GRAC 2024 06 21 03 03 40.000000 2   8.561508273164E-12  4.459181635053E-11
AR GRAC 2024 06 21 03 03 50.000000 2   4.851373643089E-12  4.564561228992E-11
AR GRAC 2024 06 21 03 04  0.000000 2   7.687512085242E-12  3.675940454806E-11
AR GRAC 2024 06 21 03 04 10.000000 2   7.760505779664E-12  3.513320190329E-11
AR GRAC 2024 06 21 03 04 20.000000 2   7.361916631865E-12  3.743699100722E-11
AR GRAC 2024 06 21 03 04 30.000000 2   5.295944672384E-12  3.868078080060E-11
AR GRAC 2024 06 21 03 04 40.000000 2   3.849831911595E-12  3.971457190888E-11
AR GRAC 2024 06 21 03 04 50.000000 2   8.344383344017E-12  3.484835683909E-11
AR GRAC 2024 06 21 03 05  0.000000 2   4.688686938703E-12  4.165214700924E-11
AR GRAC 2024 06 21 03 05 10.000000 2   1.057639392732E-11  3.751593133372E-11
AR GRAC 2024 06 21 03 05 20.000000 2   4.257152790010E-12  4.189971980484E-11
AR GRAC 2024 06 21 03 05 30.000000 2   1.974943862962E-12  4.101350162267E-11
AR GRAC 2024 06 21 03 05 40.000000 2   6.451835593557E-12  3.506728588065E-11
AR GRAC 2024 06 21 03 05 50.000000 2   1.868234733582E-12  2.747106535306E-11
AR GRAC 2024 06 21 03 06  0.000000 2   7.790366442217E-12  2.551484717950E-11
AR GRAC 2024 06 21 03 06 10.000000 2   7.482907522782E-12  4.561862346208E-11
AR GRAC 2024 06 21 03 06 20.000000 2   5.170379315661E-12  2.853240560485E-11
AR GRAC 2024 06 21 03 06 30.000000 2   8.003314157234E-12  3.096618100829E-11
AR GRAC 2024 06 21 03 06 40.000000 2   8.274100155026E-12  5.010995784982E-11
AR GRAC 2024 06 21 03 06 50.000000 2   9.310755291758E-12  4.403373499162E-11
AR GRAC 2024 06 21 03 07  0.000000 2   9.229021193102E-12  4.166750972034E-11
AR GRAC 2024 06 21 03 07 10.000000 2   6.828446228596E-12  4.150127810854E-11
AR GRAC 2024 06 21 03 07 20.000000 2   1.064642037724E-11  4.140505299732E-11
AR GRAC 2024 06 21 03 07 30.000000 2   5.064530392285E-12  3.178882504451E-11
AR GRAC 2024 06 21 03 07 40.000000 2   8.538791201884E-12  4.169259382181E-11
AR GRAC 2024 06 21 03 07 50.000000 2   1.531586489578E-11  3.752636049126E-11
AR GRAC 2024 06 21 03 08  0.000000 2   4.635031507910E-12  3.541012968955E-11
AR GRAC 2024 06 21 03 08 10.000000 2   9.907672772480E-12  4.361389721597E-11
AR GRAC 2024 06 21 03 08 20.000000 2   4.005716765232E-12  4.155766356040E-11
AR GRAC 2024 06 21 03 08 30.000000 2   1.421166569843E-11  3.231142783888E-11
AR GRAC 2024 06 21 03 08 40.000000 2   7.545370578343E-12  4.769518807679E-11
AR GRAC 2024 06 21 03 08 50.000000 2   1.089548676975E-11  4.602895148365E-11
AR GRAC 2024 06 21 03 09  0.000000 2   9.269559078651E-12  3.948271570797E-11
AR GRAC 2024 06 21 03 09 10.000000 2   7.631072856951E-12  3.133647508147E-11
AR GRAC 2024 06 21 03 09 20.000000 2   9.761034862332E-12  3.930023320664E-11
AR GRAC 2024 06 21 03 09 30.000000 2   7.803791467198E-12  4.112399309975E-11
AR GRAC 2024 06 21 03 09 40.000000 2   6.084923363792E-12  3.575775092690E-11
AR GRAC 2024 06 21 03 09 50.000000 2   1.414439398939E-11  4.520150573284E-11
AR GRAC 2024 06 21 03 10  0.000000 2   8.668727194405E-12  3.302525961035E-11
AR GRAC 2024 06 21 03 10 10.000000 2   1.189722625972E-11  3.405901602416E-11
AR GRAC 2024 06 21 03 10 20.000000 2   1.170842416076E-11  3.928276801068E-11
AR GRAC 2024 06 21 03 10 30.000000 2   8.380324212354E-12  3.445651750034E-11
AR GRAC 2024 06 21 03 10 40.000000 2   1.328399022726E-11  4.508026590910E-11
AR GRAC 2024 06 21 03 10 50.000000 2   8.919072945479E-12  3.681402058198E-11
AR GRAC 2024 06 21 03 11  0.000000 2   1.080178481383E-11  3.379777013812E-11
AR GRAC 2024 06 21 03 11 10.000000 2   1.231307156929E-11  3.237151519064E-11
AR GRAC 2024 06 21 03 11 20.000000 2   1.056944722716E-11  3.853526178710E-11
AR GRAC 2024 06 21 03 11 30.000000 2   7.893342229837E-12  4.223900396116E-11
AR GRAC 2024 06 21 03 11 40.000000 2   9.645416410020E-12  4.486274546300E-11
AR GRAC 2024 06 21 03 11 50.000000 2   8.000031193056E-12  3.089649369681E-11
AR GRAC 2024 06 21 03 12  0.000000 2   8.596707547215E-12  3.345023563694E-11
AR GRAC 2024 06 21 03 12 10.000000 2   6.369676053969E-12  4.597397462724E-11
AR GRAC 2024 06 21 03 12 20.000000 2   1.377233310035E-11  3.184771543707E-11
AR GRAC 2024 06 21 03 12 30.000000 2   9.415112786626E-12  3.498145523251E-11
AR GRAC 2024 06 21 03 12 40.000000 2   8.734228618135E-12  3.707519360963E-11
AR GRAC 2024 06 21 03 12 50.000000 2   1.018751489418E-11  3.333892883983E-11
AR GRAC 2024 06 21 03 13  0.000000 2   1.229613633136E-11  3.938266379677E-11
AR GRAC 2024 06 21 03 13 10.000000 2   1.219838119404E-11  3.018639851970E-11
AR GRAC 2024 06 21 03 13 20.000000 2   6.347612973440E-12  4.584013030273E-11
AR GRAC 2024 06 21 03 13 30.000000 2   1.516253095302E-11  3.893386654741E-11
AR GRAC 2024 06 21 03 13 40.000000 2   1.247578863134E-11  3.035759837955E-11
AR GRAC 2024 06 21 03 13 50.000000 2   1.047638711893E-11  3.175132726185E-11
AR GRAC 2024 06 21 03 14  0.000000 2   8.644670916602E-12  3.867505621313E-11
AR GRAC 2024 06 21 03 14 10.000000 2   1.445440208497E-11  3.651878452415E-11
AR GRAC 2024 06 21 03 14 20.000000 2   1.349948711843E-11  3.803251116818E-11
AR GRAC 2024 06 21 03 14 30.000000 2   1.195513393143E-11  3.087623906550E-11
AR GRAC 2024 06 21 03 14 40.000000 2   5.200550493717E-12  2.601996222651E-11
AR GRAC 2024 06 21 03 14 50.000000 2   1.561999835031E-11  3.235368570276E-11
AR GRAC 2024 06 21 03 15  0.000000 2   6.404270776889E-12  3.578741122889E-11
AR GRAC 2024 06 21 03 15 10.000000 2   8.235979606641E-12  4.620112972753E-11
AR GRAC 2024 06 21 03 15 20.000000 2   8.401474828335E-12  3.243484994475E-11
AR GRAC 2024 06 21 03 15 30.000000 2   1.006049757390E-11  3.181857208268E-11
AR GRAC 2024 06 21 03 15 40.000000 2   1.002136828382E-11  2.951228844639E-11
AR GRAC 2024 06 21 03 15 50.000000 2   1.274418851699E-11  5.463600405431E-11
AR GRAC 2024 06 21 03 16  0.000000 2   1.298312065495E-11  3.173972196180E-11
AR GRAC 2024 06 21 03 16 10.000000 2   1.099035272512E-11  3.353343644430E-11
AR GRAC 2024 06 21 03 16 20.000000 2   1.012715952764E-11  2.414715129240E-11
AR GRAC 2024 06 21 03 16 30.000000 2   8.234853771105E-12  3.171086310205E-11
AR GRAC 2024 06 21 03 16 40.000000 2   1.409056465257E-11  3.585457625244E-11
AR GRAC 2024 06 21 03 16 50.000000 2   7.397690966748E-12  3.381828844740E-11
AR GRAC 2024 06 21 03 17  0.000000 2   1.096037323400E-11  2.190199757668E-11
AR GRAC 2024 06 21 03 17 10.000000 2   9.962205539671E-12  4.195570627030E-11
AR GRAC 2024 06 21 03 17 20.000000 2   1.057309795272E-11  2.903941670462E-11
AR GRAC 2024 06 21 03 17 30.000000 2   6.244462412430E-12  4.276312290385E-11
AR GRAC 2024 06 21 03 17 40.000000 2   1.117252384358E-11  2.181682612346E-11
AR GRAC 2024 06 21 03 17 50.000000 2   8.309024475406E-12  3.355053387888E-11
AR GRAC 2024 06 21 03 18  0.000000 2   7.143635075840E-12  2.613423366604E-11
AR GRAC 2024 06 21 03 18 10.000000 2   1.151130926691E-11  2.759793955864E-11
AR GRAC 2024 06 21 03 18 20.000000 2   8.623789182760E-12  3.530163661392E-11
AR GRAC 2024 06 21 03 18 30.000000 2   2.892678067565E-12  4.172533846214E-11
AR GRAC 2024 06 21 03 18 40.000000 2   8.034674488233E-12  3.583903659954E-11
AR GRAC 2024 06 21 03 18 50.000000 2   4.256112389606E-12  2.731273367196E-11
AR GRAC 2024 06 21 03 19  0.000000 2   8.839655570025E-12  3.106643414741E-11
AR GRAC 2024 06 21 03 19 10.000000 2   1.117422820940E-11  3.745012980283E-11
AR GRAC 2024 06 21 03 19 20.000000 2   1.515177848639E-12  3.137382367790E-11
AR GRAC 2024 06 21 03 19 30.000000 2   6.348393165323E-12  3.937751860694E-11
AR GRAC 2024 06 21 03 19 40.000000 2   6.392436493335E-12  2.807121202153E-11
AR GRAC 2024 06 21 03 19 50.000000 2   7.944920762948E-12  3.584490343433E-11
AR GRAC 2024 06 21 03 20  0.000000 2   3.916039367780E-12  3.633859185781E-11
AR GRAC 2024 06 21 03 20 10.000000 2   9.272678111460E-12  3.403228393539E-11
AR GRAC 2024 06 21 03 20 20.000000 2   4.968969246483E-12  3.365597037175E-11
AR GRAC 2024 06 21 03 20 30.000000 2   5.007243317895E-12  2.196965873114E-11
AR GRAC 2024 06 21 03 20 40.000000 2   3.916659531422E-12  3.069334716943E-11
AR GRAC 2024 06 21 03 20 50.000000 2   3.720675243596E-12  3.314703025947E-11
AR GRAC 2024 06 21 03 21  0.000000 2   6.063527284439E-12  3.197071080097E-11
AR GRAC 2024 06 21 03 21 10.000000 2   1.376970233799E-13  3.125439837492E-11
AR GRAC 2024 06 21 03 21 20.000000 2   5.311141283715E-12  3.375807619554E-11
AR GRAC 2024 06 21 03 21 30.000000 2   3.302242377115E-12  3.177176230440E-11
AR GRAC 2024 06 21 03 21 40.000000 2   3.915567522994E-12  3.359543893078E-11
AR GRAC 2024 06 21 03 21 50.000000 2  -1.885682799144E-12  3.457911734728E-11
AR GRAC 2024 06 21 03 22  0.000000 2   1.678108715354E-12  2.813279643965E-11
AR GRAC 2024 06 21 03 22 10.000000 2   6.273934063245E-12  2.908647281363E-11
AR GRAC 2024 06 21 03 22 20.000000 2   3.391823063734E-12  4.071015052842E-11
AR GRAC 2024 06 21 03 22 30.000000 2  -1.450083109145E-12  2.749382492506E-11
AR GRAC 2024 06 21 03 22 40.000000 2   3.898794481705E-12  3.218749572431E-11
AR GRAC 2024 06 21 03 22 50.000000 2   4.708637993400E-12  3.160116959777E-11
AR GRAC 2024 06 21 03 23  0.000000 2   2.119949832000E-12  3.054483749265E-11
AR GRAC 2024 06 21 03 23 10.000000 2   2.341417207688E-12  2.330850963628E-11
AR GRAC 2024 06 21 03 23 20.000000 2   4.446348237513E-12  3.026217818003E-11
AR GRAC 2024 06 21 03 23 30.000000 2  -2.724996226930E-12  3.879584847821E-11
AR GRAC 2024 06 21 03 23 40.000000 2  -2.683864632272E-12  2.836951333574E-11
AR GRAC 2024 06 21 03 23 50.000000 2  -1.570367208666E-12  2.700318094129E-11
AR GRAC 2024 06 21 03 24  0.000000 2   4.794905791861E-12  2.771684444458E-11
AR GRAC 2024 06 21 03 24 10.000000 2   1.217701395446E-12  2.365051036957E-11
AR GRAC 2024 06 21 03 24 20.000000 2   1.225769811174E-12  3.486417057830E-11
AR GRAC 2024 06 21 03 24 30.000000 2  -3.877699810556E-12  3.878783405575E-11
AR GRAC 2024 06 21 03 24 40.000000 2   1.559876034764E-12  3.860149352941E-11
AR GRAC 2024 06 21 03 24 50.000000 2   2.150772832402E-12  2.887515400396E-11
AR GRAC 2024 06 21 03 25  0.000000 2  -7.029671983405E-12  1.964881209127E-11
AR GRAC 2024 06 21 03 25 10.000000 2  -3.313093722979E-12  3.037246842919E-11
AR GRAC 2024 06 21 03 25 20.000000 2   2.985716871223E-13  3.903612502687E-11
AR GRAC 2024 06 21 03 25 30.000000 2  -2.158223903412E-12  2.474978208489E-11
AR GRAC 2024 06 21 03 25 40.000000 2  -2.448210254316E-12  2.278343486095E-11
AR GRAC 2024 06 21 03 25 50.000000 2  -1.897322576827E-12  2.957708730711E-11
AR GRAC 2024 06 21 03 26  0.000000 2  -7.088563677010E-12  2.362074077999E-11
AR GRAC 2024 06 21 03 26 10.000000 2   1.833828878681E-12  2.366439162682E-11
AR GRAC 2024 06 21 03 26 20.000000 2  -4.644712999630E-12  2.836804055550E-11
AR GRAC 2024 06 21 03 26 30.000000 2  -6.683593348905E-12  1.357169064631E-11
AR GRAC 2024 06 21 03 26 40.000000 2  -1.049731222086E-11  3.515533697485E-11
AR GRAC 2024 06 21 03 26 50.000000 2  -7.721676596739E-12  9.288985379496E-12
AR GRAC 2024 06 21 03 27  0.000000 2  -3.808152144319E-12  3.845262996904E-11
AR GRAC 2024 06 21 03 27 10.000000 2  -7.388145650822E-12  2.189627472393E-11
AR GRAC 2024 06 21 03 27 20.000000 2  -5.349943144745E-12  3.371991921797E-11
AR GRAC 2024 06 21 03 27 30.000000 2  -8.347954272292E-12  1.918356098973E-11
AR GRAC 2024 06 21 03 27 40.000000 2  -4.151652979734E-12  1.568720153777E-11
AR GRAC 2024 06 21 03 27 50.000000 2  -8.302424719941E-12  3.163084377755E-11
AR GRAC 2024 06 21 03 28  0.000000 2  -1.155685096232E-11  1.608448096935E-11
AR GRAC 2024 06 21 03 28 10.000000 2  -7.517825771630E-12  3.385811769840E-11
AR GRAC 2024 06 21 03 28 20.000000 2  -8.369840411027E-12  3.287175739941E-11
AR GRAC 2024 06 21 03 28 30.000000 2  -1.498630212982E-11 -1.174606961175E-12
AR GRAC 2024 06 21 03 28 40.000000 2  -1.298271733174E-11  3.817902938241E-11
AR GRAC 2024 06 21 03 28 50.000000 2  -7.892402877074E-12  2.099266073474E-11
AR GRAC 2024 06 21 03 29  0.000000 2  -1.458443435465E-11  2.608629458278E-11
AR GRAC 2024 06 21 03 29 10.000000 2  -8.293921105462E-12  2.993992553879E-11
AR GRAC 2024 06 21 03 29 20.000000 2  -1.472601207642E-11  1.227355543587E-11
AR GRAC 2024 06 21 03 29 30.000000 2  -1.111987672081E-11  2.042718598438E-11
AR GRAC 2024 06 21 03 29 40.000000 2  -1.233970391146E-11  2.998081297112E-11
AR GRAC 2024 06 21 03 29 50.000000 2  -1.487131945366E-11  1.550444148068E-11
AR GRAC 2024 06 21 03 30  0.000000 2  -1.294505214827E-11  2.200806724362E-11
AR GRAC 2024 06 21 03 30 10.000000 2  -1.100637723322E-11  1.810169202032E-11
AR GRAC 2024 06 21 03 30 20.000000 2  -1.237032958706E-11  2.609531687958E-11
AR GRAC 2024 06 21 03 30 30.000000 2  -1.626552365019E-11  2.352893921365E-11
AR GRAC 2024 06 21 03 30 40.000000 2  -1.184360682444E-11  1.866256107985E-11
AR GRAC 2024 06 21 03 30 50.000000 2  -1.623115010452E-11  1.851618164350E-11
AR GRAC 2024 06 21 03 31  0.000000 2  -1.483835797289E-11  1.981980378429E-11
AR GRAC 2024 06 21 03 31 10.000000 2  -1.858488363204E-11  2.385342097455E-11
AR GRAC 2024 06 21 03 31 20.000000 2  -1.739724857230E-11  1.358704034699E-11
AR GRAC 2024 06 21 03 31 30.000000 2  -1.540756931762E-11  1.984065516047E-11
AR GRAC 2024 06 21 03 31 40.000000 2  -1.989450444662E-11  2.966427103956E-11
AR GRAC 2024 06 21 03 31 50.000000 2  -1.435874336098E-11  1.916788602840E-11
AR GRAC 2024 06 21 03 32  0.000000 2  -1.730988095916E-11  1.043150028163E-11
AR GRAC 2024 06 21 03 32 10.000000 2  -1.576969457795E-11  8.105112067613E-12
AR GRAC 2024 06 21 03 32 20.000000 2  -2.079966060498E-11  2.113872271670E-11
AR GRAC 2024 06 21 03 32 30.000000 2  -2.158048739709E-11  2.190233411303E-11
AR GRAC 2024 06 21 03 32 40.000000 2  -1.885063806439E-11  1.391594218331E-11
AR GRAC 2024 06 21 03 32 50.000000 2  -1.721075539030E-11  2.909955089392E-11
AR GRAC 2024 06 21 03 33  0.000000 2  -1.827567784607E-11  2.209315716484E-11
AR GRAC 2024 06 21 03 33 10.000000 2  -1.926346582248E-11  1.130676368505E-11
AR GRAC 2024 06 21 03 33 20.000000 2  -2.250610982302E-11  2.271036830814E-11
AR GRAC 2024 06 21 03 33 30.000000 2  -2.379454099033E-11  1.393973044633E-12
AR GRAC 2024 06 21 03 33 40.000000 2  -2.000153688508E-11  1.215757529371E-11
AR GRAC 2024 06 21 03 33 50.000000 2  -2.457716842541E-11  1.569117578926E-11
AR GRAC 2024 06 21 03 34  0.000000 2  -2.223972221660E-11  2.499477708140E-11
AR GRAC 2024 06 21 03 34 10.000000 2  -2.074234013716E-11  2.676837744520E-11
AR GRAC 2024 06 21 03 34 20.000000 2  -2.299748412538E-11  1.644197451800E-11
AR GRAC 2024 06 21 03 34 30.000000 2  -2.397327648895E-11  1.147557222858E-11
AR GRAC 2024 06 21 03 34 40.000000 2  -2.753845415593E-11  2.145916951080E-11
AR GRAC 2024 06 21 03 34 50.000000 2  -2.729556684844E-11  1.021276379437E-11
AR GRAC 2024 06 21 03 35  0.000000 2  -2.113942007553E-11  3.717635574385E-11
AR GRAC 2024 06 21 03 35 10.000000 2  -2.486784216049E-11  2.909952010258E-12
AR GRAC 2024 06 21 03 35 20.000000 2  -2.882292668427E-11  2.618354318085E-11
AR GRAC 2024 06 21 03 35 30.000000 2  -2.601347956488E-11  2.033713301930E-11
AR GRAC 2024 06 21 03 35 40.000000 2  -2.343413137151E-11  1.105072370416E-11
AR GRAC 2024 06 21 03 35 50.000000 2  -2.569858215118E-11  4.174312805139E-12
AR GRAC 2024 06 21 03 36  0.000000 2  -3.038267554212E-11  3.017790184412E-11
AR GRAC 2024 06 21 03 36 10.000000 2  -2.278518866639E-11  1.027148678612E-11
AR GRAC 2024 06 21 03 36 20.000000 2  -3.356340899652E-11  2.815507202381E-11
AR GRAC 2024 06 21 03 36 30.000000 2  -2.139582781779E-11  1.091865660385E-11
AR GRAC 2024 06 21 03 36 40.000000 2  -3.181816962683E-11  9.692240933445E-12
AR GRAC 2024 06 21 03 36 50.000000 2  -3.287074779035E-11  2.576582176783E-11
AR GRAC 2024 06 21 03 37  0.000000 2  -2.800088633181E-11  7.949403288410E-12
AR GRAC 2024 06 21 03 37 10.000000 2  -2.884901519062E-11  1.605298532992E-11
AR GRAC 2024 06 21 03 37 20.000000 2  -3.009810456422E-11  1.734656342178E-11
AR GRAC 2024 06 21 03 37 30.000000 2  -2.833303383576E-11  6.460142750603E-12
AR GRAC 2024 06 21 03 37 40.000000 2  -3.116123678537E-11  3.463719545557E-12
AR GRAC 2024 06 21 03 37 50.000000 2  -3.161152589692E-11  1.628729442982E-11
AR GRAC 2024 06 21 03 38  0.000000 2  -3.139342605318E-11  1.123087040034E-11
AR GRAC 2024 06 21 03 38 10.000000 2  -3.048598179456E-11  1.150444236403E-11
AR GRAC 2024 06 21 03 38 20.000000 2  -3.530196968082E-11 -1.619842091407E-13
AR GRAC 2024 06 21 03 38 30.000000 2  -3.828003886097E-11  4.221588790349E-12
AR GRAC 2024 06 21 03 38 40.000000 2  -3.457753181002E-11  1.156515768569E-11
AR GRAC 2024 06 21 03 38 50.000000 2  -3.017742306044E-11  4.898727690855E-12
AR GRAC 2024 06 21 03 39  0.000000 2  -3.265172854316E-11  1.435229626118E-11
AR GRAC 2024 06 21 03 39 10.000000 2  -3.445960877757E-11  5.355863755968E-12
AR GRAC 2024 06 21 03 39 20.000000 2  -3.720608543478E-11  1.025942959060E-11
AR GRAC 2024 06 21 03 39 30.000000 2  -3.652757957218E-11  2.002994992090E-12
AR GRAC 2024 06 21 03 39 40.000000 2  -3.085247682333E-11  1.846655814375E-11
AR GRAC 2024 06 21 03 39 50.000000 2  -3.264797460156E-11 -5.249877789437E-12
AR GRAC 2024 06 21 03 40  0.000000 2  -3.490032568498E-11  2.273683411685E-12
AR GRAC 2024 06 21 03 40 10.000000 2  -3.286909980305E-11  7.357244154182E-12
AR GRAC 2024 06 21 03 40 20.000000 2  -4.153859201050E-11 -6.139195922461E-12
AR GRAC 2024 06 21 03 40 30.000000 2  -3.331967687870E-11  1.068436398383E-11
AR GRAC 2024 06 21 03 40 40.000000 2  -4.098626646409E-11  1.597922532140E-12
AR GRAC 2024 06 21 03 40 50.000000 2  -3.985777680127E-11  9.891478261470E-12
AR GRAC 2024 06 21 03 41  0.000000 2  -3.803382261913E-11  4.195033643378E-12
AR GRAC 2024 06 21 03 41 10.000000 2  -3.902911327458E-11  4.948588414044E-12
AR GRAC 2024 06 21 03 41 20.000000 2  -3.521501146242E-11 -2.278572838223E-13
AR GRAC 2024 06 21 03 41 30.000000 2  -4.474014561606E-11 -3.064307054629E-12
AR GRAC 2024 06 21 03 41 40.000000 2  -3.783894725329E-11  5.309245230956E-12
AR GRAC 2024 06 21 03 41 50.000000 2  -4.009829274176E-11  1.252795176626E-12
AR GRAC 2024 06 21 03 42  0.000000 2  -3.658552974461E-11 -3.873655302772E-12
AR GRAC 2024 06 21 03 42 10.000000 2  -3.734939441058E-11 -7.020106284478E-12
AR GRAC 2024 06 21 03 42 20.000000 2  -4.114619409079E-11 -9.486559975069E-12
AR GRAC 2024 06 21 03 42 30.000000 2  -4.032816094957E-11  3.735698556051E-11
AR GRAC 2024 06 21 03 42 40.000000 2  -4.579192580678E-11  4.240529802302E-12
AR GRAC 2024 06 21 03 42 50.000000 2  -4.329635608369E-11 -1.457592553600E-11
AR GRAC 2024 06 21 03 43  0.000000 2  -3.910485824044E-11 -1.352384025079E-12
AR GRAC 2024 06 21 03 43 10.000000 2  -3.970089881844E-11  1.691158606383E-12
AR GRAC 2024 06 21 03 43 20.000000 2  -3.550189309198E-11 -2.965301181684E-12
AR GRAC 2024 06 21 03 43 30.000000 2  -3.949513632806E-11 -7.051761084786E-12
AR GRAC 2024 06 21 03 43 40.000000 2  -4.319360494276E-11  1.077177583242E-11
AR GRAC 2024 06 21 03 43 50.000000 2  -4.272585063525E-11 -6.194685823330E-12
AR GRAC 2024 06 21 03 44  0.000000 2  -4.064706904394E-11 -6.811149300817E-12
AR GRAC 2024 06 21 03 44 10.000000 2  -4.310216072945E-11  4.622386241132E-12
AR GRAC 2024 06 21 03 44 20.000000 2  -4.288903260319E-11  7.275919883948E-12
AR GRAC 2024 06 21 03 44 30.000000 2  -4.342198128837E-11 -1.135054637086E-11
AR GRAC 2024 06 21 03 44 40.000000 2  -4.328189542879E-11  8.662984392338E-12
AR GRAC 2024 06 21 03 44 50.000000 2  -4.065404610176E-11 -9.403484067805E-12
AR GRAC 2024 06 21 03 45  0.000000 2  -4.378273785188E-11  4.080046196731E-12
AR GRAC 2024 06 21 03 45 10.000000 2  -4.566965902675E-11 -4.716425600765E-12
AR GRAC 2024 06 21 03 45 20.000000 2  -4.464398295490E-11 -1.636289888307E-11
AR GRAC 2024 06 21 03 45 30.000000 2  -4.930337388354E-11 -8.989370879620E-12
AR GRAC 2024 06 21 03 45 40.000000 2  -3.982166332794E-11  2.004153136850E-12
AR GRAC 2024 06 21 03 45 50.000000 2  -4.380860257891E-11  1.697679540349E-12
AR GRAC 2024 06 21 03 46  0.000000 2  -4.386321861283E-11 -8.678798131545E-12
AR GRAC 2024 06 21 03 46 10.000000 2  -4.938703959678E-11  2.149472440316E-11
AR GRAC 2024 06 21 03 46 20.000000 2  -4.810718143289E-11 -1.856175282922E-11
AR GRAC 2024 06 21 03 46 30.000000 2  -4.422731278431E-11 -2.091823242401E-11
AR GRAC 2024 06 21 03 46 40.000000 2  -4.661651620275E-11  8.445285269720E-12
AR GRAC 2024 06 21 03 46 50.000000 2  -4.905786887832E-11 -1.412119553235E-11
AR GRAC 2024 06 21 03 47  0.000000 2  -4.657137175901E-11 -7.567679989606E-12
AR GRAC 2024 06 21 03 47 10.000000 2  -4.194913513778E-11  6.605836103818E-12
AR GRAC 2024 06 21 03 47 20.000000 2  -4.994932939484E-11 -1.450064981284E-11
AR GRAC 2024 06 21 03 47 30.000000 2  -4.856339635984E-11 -1.299713548591E-11
AR GRAC 2024 06 21 03 47 40.000000 2  -4.067555667286E-11 -1.583362087276E-11
AR GRAC 2024 06 21 03 47 50.000000 2  -4.023516589347E-11  3.479888686236E-12
AR GRAC 2024 06 21 03 48  0.000000 2  -5.121660040519E-11 -3.048660282556E-11
AR GRAC 2024 06 21 03 48 10.000000 2  -4.912150547431E-11  1.026690885086E-11
AR GRAC 2024 06 21 03 48 20.000000 2  -4.331552130865E-11 -9.195836366688E-13
AR GRAC 2024 06 21 03 48 30.000000 2  -4.881584719785E-11 -1.620607467667E-11
AR GRAC 2024 06 21 03 48 40.000000 2  -4.742416875869E-11 -4.593257024732E-11
AR GRAC 2024 06 21 03 48 50.000000 2  -4.208173740028E-11 -1.729064374317E-12
AR GRAC 2024 06 21 03 49  0.000000 2  -4.737261971588E-11 -4.405560118104E-12
AR GRAC 2024 06 21 03 49 10.000000 2  -4.474143278088E-11  1.244794285010E-11
AR GRAC 2024 06 21 03 49 20.000000 2  -4.764002040081E-11 -2.664855489054E-11
AR GRAC 2024 06 21 03 49 30.000000 2  -4.522568777809E-11 -2.416505190395E-11
AR GRAC 2024 06 21 03 49 40.000000 2  -4.696059166531E-11 -7.661553683147E-12
AR GRAC 2024 06 21 03 49 50.000000 2  -4.568521255743E-11 -1.966805711351E-11
