 2.00 C RINEX VERSION / TYPE
 10.00 INTERVAL
 1 AR # / TYPES OF DATA
 END OF HEADER
AR GRAC 2024 07 01 01 50  0.000000 2   3.605503048898E-11  1.976173044649E-11
AR GRAC 2024 07 01 01 50 10.000000 2   3.227003039785E-11  1.943826176409E-11
AR GRAC 2024 07 01 01 50 20.000000 2   2.969929510654E-11  4.145479098883E-11
AR GRAC 2024 07 01 01 50 30.000000 2   3.086709360334E-11  3.200131479253E-11
AR GRAC 2024 07 01 01 50 40.000000 2   3.723251915111E-11  2.242784083450E-11
AR GRAC 2024 07 01 01 50 50.000000 2   3.278937538154E-11  2.265436276072E-11
AR GRAC 2024 07 01 01 51  0.000000 2   3.479917395910E-11  3.115088742511E-11
AR GRAC 2024 07 01 01 51 10.000000 2   2.989009040277E-11  4.551740581671E-11
AR GRAC 2024 07 01 01 51 20.000000 2   2.814983836308E-11  8.553924929489E-12
AR GRAC 2024 07 01 01 51 30.000000 2   3.191178918338E-11  3.161044342948E-11
AR GRAC 2024 07 01 01 51 40.000000 2   3.325234185225E-11  3.080695420987E-11
AR GRAC 2024 07 01 01 51 50.000000 2   3.281790117438E-11  1.977347105497E-11
AR GRAC 2024 07 01 01 52  0.000000 2   3.233330270191E-11  3.207998450216E-11
AR GRAC 2024 07 01 01 52 10.000000 2   2.750096331217E-11  3.598649503389E-11
AR GRAC 2024 07 01 01 52 20.000000 2   2.958673236964E-11  3.256300437626E-11
AR GRAC 2024 07 01 01 52 30.000000 2   3.230925596509E-11  2.056951137197E-11
AR GRAC 2024 07 01 01 52 40.000000 2   3.318402844177E-11  2.803601448220E-11
AR GRAC 2024 07 01 01 52 50.000000 2   3.013093594073E-11  3.789252245312E-11
AR GRAC 2024 07 01 01 53  0.000000 2   2.490831152446E-11  1.355902369549E-11
AR GRAC 2024 07 01 01 53 10.000000 2   2.830693145162E-11  3.190552683163E-11
AR GRAC 2024 07 01 01 53 20.000000 2   3.268648546273E-11  2.241202362585E-11
AR GRAC 2024 07 01 01 53 30.000000 2   2.511980380648E-11  3.051852173752E-11
AR GRAC 2024 07 01 01 53 40.000000 2   2.968983392471E-11  2.423501850590E-11
AR GRAC 2024 07 01 01 53 50.000000 2   2.760254351475E-11  1.595151441491E-11
AR GRAC 2024 07 01 01 54  0.000000 2   2.455914811794E-11  2.783800620576E-11
AR GRAC 2024 07 01 01 54 10.000000 2   2.561183556904E-11  3.156450101294E-11
AR GRAC 2024 07 01 01 54 20.000000 2   2.631806231279E-11  3.098098860788E-11
AR GRAC 2024 07 01 01 54 30.000000 2   2.780438032590E-11  3.400747738969E-11
AR GRAC 2024 07 01 01 54 40.000000 2   2.797853095038E-11  2.357396396147E-11
AR GRAC 2024 07 01 01 54 50.000000 2   2.344318662806E-11  2.527044892786E-11
AR GRAC 2024 07 01 01 55  0.000000 2   2.431727909313E-11  3.822693550593E-11
AR GRAC 2024 07 01 01 55 10.000000 2   2.668960191743E-11  2.818341740540E-11
AR GRAC 2024 07 01 01 55 20.000000 2   2.341000483741E-11  2.261989727470E-11
AR GRAC 2024 07 01 01 55 30.000000 2   2.696513845546E-11  7.266375435383E-12
AR GRAC 2024 07 01 01 55 40.000000 2   2.308122616645E-11  3.114285218597E-11
AR GRAC 2024 07 01 01 55 50.000000 2   2.732247761372E-11  3.080933078103E-11
AR GRAC 2024 07 01 01 56  0.000000 2   2.338840232596E-11  2.020580230910E-11
AR GRAC 2024 07 01 01 56 10.000000 2   2.464482090625E-11  1.185227523764E-11
AR GRAC 2024 07 01 01 56 20.000000 2   2.155302152029E-11  3.537874854187E-11
AR GRAC 2024 07 01 01 56 30.000000 2   2.389769979128E-11  1.703521698704E-11
AR GRAC 2024 07 01 01 56 40.000000 2   2.337497209681E-11  1.936168586569E-11
AR GRAC 2024 07 01 01 56 50.000000 2   2.399517737284E-11  2.867815013241E-11
AR GRAC 2024 07 01 01 57  0.000000 2   2.069893735579E-11  2.689461500727E-11
AR GRAC 2024 07 01 01 57 10.000000 2   2.464998170859E-11  2.888107981935E-11
AR GRAC 2024 07 01 01 57 20.000000 2   2.124051108610E-11  2.499754223062E-11
AR GRAC 2024 07 01 01 57 30.000000 2   2.257006040396E-11  3.040400223253E-11
AR GRAC 2024 07 01 01 57 40.000000 2   2.175627560053E-11  2.101046073233E-11
AR GRAC 2024 07 01 01 57 50.000000 2   2.124298133233E-11  2.135691623550E-11
AR GRAC 2024 07 01 01 58  0.000000 2   1.649812751692E-11  2.442337131148E-11
AR GRAC 2024 07 01 01 58 10.000000 2   1.820135014929E-11  2.769982507256E-11
AR GRAC 2024 07 01 01 58 20.000000 2   1.799376446454E-11  1.530627707913E-11
AR GRAC 2024 07 01 01 58 30.000000 2   2.089426201501E-11  2.333272811073E-11
AR GRAC 2024 07 01 01 58 40.000000 2   2.196897004592E-11  1.849917788399E-11
AR GRAC 2024 07 01 01 58 50.000000 2   1.752801029320E-11  1.294562547438E-11
AR GRAC 2024 07 01 01 59  0.000000 2   1.717036582360E-11  2.992207176478E-11
AR GRAC 2024 07 01 01 59 10.000000 2   2.198377764551E-11  1.122851551322E-11
AR GRAC 2024 07 01 01 59 20.000000 2   1.971701447945E-11  2.585495706420E-11
AR GRAC 2024 07 01 01 59 30.000000 2   1.238706880125E-11  2.040139931991E-11
AR GRAC 2024 07 01 01 59 40.000000 2   1.986152041444E-11  2.121783998499E-11
AR GRAC 2024 07 01 01 59 50.000000 2   1.378129988600E-11  2.192427663028E-11
AR GRAC 2024 07 01 02 00  0.000000 2   1.249121899666E-11  1.922071356242E-11
AR GRAC 2024 07 01 02 00 10.000000 2   1.900390088350E-11  1.519714909470E-11
AR GRAC 2024 07 01 02 00 20.000000 2   1.316080317643E-11  1.989358157373E-11
AR GRAC 2024 07 01 02 00 30.000000 2   1.570939385520E-11  3.213001392721E-11
AR GRAC 2024 07 01 02 00 40.000000 2   1.539952540486E-11  1.677644308196E-11
AR GRAC 2024 07 01 02 00 50.000000 2   1.429984169271E-11  1.689287251749E-11
AR GRAC 2024 07 01 02 01  0.000000 2   1.637193158821E-11  2.313929950426E-11
AR GRAC 2024 07 01 02 01 10.000000 2   1.384729136911E-11  1.374572330959E-11
AR GRAC 2024 07 01 02 01 20.000000 2   1.322787799435E-11  2.360214801378E-11
AR GRAC 2024 07 01 02 01 30.000000 2   1.314085559118E-11  2.302856863534E-11
AR GRAC 2024 07 01 02 01 40.000000 2   1.255104093573E-11  1.534499090294E-11
AR GRAC 2024 07 01 02 01 50.000000 2   1.009068436447E-11  3.269140860795E-11
AR GRAC 2024 07 01 02 02  0.000000 2   9.435316243589E-12  1.831782815709E-11
AR GRAC 2024 07 01 02 02 10.000000 2   8.752285354796E-12  3.070424123286E-11
AR GRAC 2024 07 01 02 02 20.000000 2   1.050990284385E-11  7.700657819742E-12
AR GRAC 2024 07 01 02 02 30.000000 2   1.326972039195E-11 -1.329284040697E-13
AR GRAC 2024 07 01 02 02 40.000000 2   6.315749138952E-12  2.143348172556E-11
AR GRAC 2024 07 01 02 02 50.000000 2   6.389893822401E-12  2.021989173318E-11
AR GRAC 2024 07 01 02 03  0.000000 2   8.686649489997E-12  7.926297639071E-12
AR GRAC 2024 07 01 02 03 10.000000 2   1.031149037684E-11  3.191270858682E-11
AR GRAC 2024 07 01 02 03 20.000000 2   1.012786816218E-11  4.999111367920E-12
AR GRAC 2024 07 01 02 03 30.000000 2   6.553106148000E-12  3.093551456668E-11
AR GRAC 2024 07 01 02 03 40.000000 2   7.564353657341E-12  1.022191619543E-11
AR GRAC 2024 07 01 02 03 50.000000 2   8.712775292907E-12  7.583166950278E-13
AR GRAC 2024 07 01 02 04  0.000000 2   7.880006543115E-12  2.775471345806E-11
AR GRAC 2024 07 01 02 04 10.000000 2   2.024373290527E-12  1.211110985805E-11
AR GRAC 2024 07 01 02 04 20.000000 2   1.016765231038E-11  1.529750631724E-11
AR GRAC 2024 07 01 02 04 30.000000 2   5.975436725286E-12  3.525390049330E-11
AR GRAC 2024 07 01 02 04 40.000000 2   6.817687039917E-12  5.500293363131E-12
AR GRAC 2024 07 01 02 04 50.000000 2   4.536786744891E-12  1.179668081969E-11
AR GRAC 2024 07 01 02 05  0.000000 2   3.947826440753E-12  1.325307138339E-11
AR GRAC 2024 07 01 02 05 10.000000 2   5.821780991316E-12  2.444945981783E-11
AR GRAC 2024 07 01 02 05 20.000000 2   3.096181731138E-12  6.565847258250E-12
AR GRAC 2024 07 01 02 05 30.000000 2   3.848366937620E-12  5.522285103157E-13
AR GRAC 2024 07 01 02 05 40.000000 2   4.713550730284E-12  1.915861219670E-11
AR GRAC 2024 07 01 02 05 50.000000 2   2.189924240212E-12  1.940499323727E-11
AR GRAC 2024 07 01 02 06  0.000000 2   3.702787208792E-12  1.088137392691E-11
AR GRAC 2024 07 01 02 06 10.000000 2   5.884437902226E-12  3.344775151293E-11
AR GRAC 2024 07 01 02 06 20.000000 2   1.395644884383E-12 -2.605870380590E-12
AR GRAC 2024 07 01 02 06 30.000000 2   4.022349727600E-12  2.049050165653E-11
AR GRAC 2024 07 01 02 06 40.000000 2   2.279139767539E-12  8.906874369996E-12
AR GRAC 2024 07 01 02 06 50.000000 2   1.628488685047E-12  3.082324673276E-11
AR GRAC 2024 07 01 02 07  0.000000 2   2.882346705063E-12  1.565961769978E-11
AR GRAC 2024 07 01 02 07 10.000000 2   1.398329477383E-12  1.012598425248E-11
AR GRAC 2024 07 01 02 07 20.000000 2   8.325971856404E-12  1.824235380810E-11
AR GRAC 2024 07 01 02 07 30.000000 2   9.303997459617E-13 -5.691281213666E-12
AR GRAC 2024 07 01 02 07 40.000000 2   1.109784031166E-12  2.113508153212E-11
AR GRAC 2024 07 01 02 07 50.000000 2   1.176547140963E-12  7.521445272163E-12
AR GRAC 2024 07 01 02 08  0.000000 2  -1.317755475051E-12  1.657806162313E-12
AR GRAC 2024 07 01 02 08 10.000000 2   4.873451468768E-12 -2.195835960977E-12
AR GRAC 2024 07 01 02 08 20.000000 2  -1.469544104460E-12  2.583052001459E-11
AR GRAC 2024 07 01 02 08 30.000000 2  -1.932110938255E-12  1.718687692165E-11
AR GRAC 2024 07 01 02 08 40.000000 2   3.415504858106E-12  1.327323233963E-11
AR GRAC 2024 07 01 02 08 50.000000 2  -4.639188772720E-12  1.069582681971E-12
AR GRAC 2024 07 01 02 09  0.000000 2  -2.176827294809E-12  1.745936294845E-12
AR GRAC 2024 07 01 02 09 10.000000 2  -1.010781356618E-13  1.462228602089E-11
AR GRAC 2024 07 01 02 09 20.000000 2   2.147448451700E-12  6.308632002211E-12
AR GRAC 2024 07 01 02 09 30.000000 2   8.599990836654E-13  1.194977602113E-12
AR GRAC 2024 07 01 02 09 40.000000 2  -3.898692133020E-12  9.161324476814E-12
AR GRAC 2024 07 01 02 09 50.000000 2  -7.364647628717E-13  9.907665833586E-12
AR GRAC 2024 07 01 02 10  0.000000 2  -5.358483188417E-12  2.133400921200E-11
AR GRAC 2024 07 01 02 10 10.000000 2  -3.803012158660E-12  1.308034843633E-11
AR GRAC 2024 07 01 02 10 20.000000 2  -4.255312248402E-12  8.876688446791E-12
AR GRAC 2024 07 01 02 10 30.000000 2  -1.463412399073E-12  3.023971784444E-15
AR GRAC 2024 07 01 02 10 40.000000 2  -4.865729780895E-12  2.088935968647E-11
AR GRAC 2024 07 01 02 10 50.000000 2  -4.931717360879E-12  6.425695045498E-12
AR GRAC 2024 07 01 02 11  0.000000 2  -4.969483158312E-12  1.877202560063E-11
AR GRAC 2024 07 01 02 11 10.000000 2  -3.052077687804E-12  3.968356893091E-12
AR GRAC 2024 07 01 02 11 20.000000 2  -5.911047692986E-12  1.022468481410E-11
AR GRAC 2024 07 01 02 11 30.000000 2  -6.192769821250E-12  1.157101237742E-11
AR GRAC 2024 07 01 02 11 40.000000 2  -4.983784652329E-12  2.077338518217E-12
AR GRAC 2024 07 01 02 11 50.000000 2  -5.734567768562E-12  1.776366206907E-11
AR GRAC 2024 07 01 02 12  0.000000 2   3.116442108715E-13 -1.307001295386E-11
AR GRAC 2024 07 01 02 12 10.000000 2  -6.384233419698E-12  9.466307078487E-12
AR GRAC 2024 07 01 02 12 20.000000 2  -1.736531925201E-12  1.587262613012E-11
AR GRAC 2024 07 01 02 12 30.000000 2  -5.446732908448E-12  8.448943801531E-12
AR GRAC 2024 07 01 02 12 40.000000 2  -4.043286105232E-12  5.235260142067E-12
AR GRAC 2024 07 01 02 12 50.000000 2  -7.961562832615E-12 -3.988424607942E-12
AR GRAC 2024 07 01 02 13  0.000000 2  -5.832205378364E-12  2.282788888475E-11
AR GRAC 2024 07 01 02 13 10.000000 2  -1.071086795645E-11  9.074202327042E-12
AR GRAC 2024 07 01 02 13 20.000000 2  -5.398826784936E-12  8.710510611409E-12
AR GRAC 2024 07 01 02 13 30.000000 2  -4.687999554526E-12  4.368193903381E-13
AR GRAC 2024 07 01 02 13 40.000000 2  -7.358307539673E-12  5.403127164433E-12
AR GRAC 2024 07 01 02 13 50.000000 2  -4.425350277198E-12  2.943070524157E-14
AR GRAC 2024 07 01 02 14  0.000000 2  -9.567356455686E-12 -1.134265099380E-12
AR GRAC 2024 07 01 02 14 10.000000 2  -7.043238822030E-12 -3.347962965888E-12
AR GRAC 2024 07 01 02 14 20.000000 2  -6.269422047483E-12  2.062833757976E-11
AR GRAC 2024 07 01 02 14 30.000000 2  -7.966337658982E-12  4.246368610471E-13
AR GRAC 2024 07 01 02 14 40.000000 2  -5.463189362703E-12  5.670932473612E-12
AR GRAC 2024 07 01 02 14 50.000000 2  -8.801135167880E-12  1.929723048022E-11
AR GRAC 2024 07 01 02 15  0.000000 2  -9.494995067971E-12 -5.466474928967E-12
AR GRAC 2024 07 01 02 15 10.000000 2  -9.264222201877E-12  4.189816028843E-12
AR GRAC 2024 07 01 02 15 20.000000 2  -1.202036560566E-11 -8.623892398807E-12
AR GRAC 2024 07 01 02 15 30.000000 2  -6.677660160936E-12  3.252399434842E-12
AR GRAC 2024 07 01 02 15 40.000000 2  -1.251510006739E-11  5.408686953173E-12
AR GRAC 2024 07 01 02 15 50.000000 2  -5.659172349487E-12 -8.205028670383E-12
AR GRAC 2024 07 01 02 16  0.000000 2  -1.052154283837E-11  1.177125584506E-11
AR GRAC 2024 07 01 02 16 10.000000 2  -1.668778136510E-11 -5.872461371348E-12
AR GRAC 2024 07 01 02 16 20.000000 2  -6.766349199688E-12  6.603822957224E-12
AR GRAC 2024 07 01 02 16 30.000000 2  -9.472102789621E-12  2.930101040272E-12
AR GRAC 2024 07 01 02 16 40.000000 2  -1.041082497988E-11  1.709637986735E-11
AR GRAC 2024 07 01 02 16 50.000000 2  -9.974296562298E-12 -1.157734411811E-11
AR GRAC 2024 07 01 02 17  0.000000 2  -1.443728643580E-11  3.008933597073E-12
AR GRAC 2024 07 01 02 17 10.000000 2  -9.195824657304E-12  1.772520671905E-11
AR GRAC 2024 07 01 02 17 20.000000 2  -8.442065622949E-12 -1.474852358296E-11
AR GRAC 2024 07 01 02 17 30.000000 2  -1.029329659702E-11  7.587749872862E-12
AR GRAC 2024 07 01 02 17 40.000000 2  -1.129417392942E-11  1.524018324733E-12
AR GRAC 2024 07 01 02 17 50.000000 2  -1.317688319569E-11  1.602852101263E-13
AR GRAC 2024 07 01 02 18  0.000000 2  -1.439076635634E-11  1.415655093151E-11
AR GRAC 2024 07 01 02 18 10.000000 2  -6.152839956280E-12 -1.004718443859E-11
AR GRAC 2024 07 01 02 18 20.000000 2  -1.129293360214E-11  6.089078893878E-12
AR GRAC 2024 07 01 02 18 30.000000 2  -9.258087352304E-12  1.653533907020E-11
AR GRAC 2024 07 01 02 18 40.000000 2  -8.982018254167E-12 -2.828402225971E-12
AR GRAC 2024 07 01 02 18 50.000000 2  -1.183634613933E-11 -1.692143712477E-12
AR GRAC 2024 07 01 02 19  0.000000 2  -2.715206098153E-12 -6.425884997718E-12
AR GRAC 2024 07 01 02 19 10.000000 2  -1.232657986100E-11 -9.496312156770E-13
AR GRAC 2024 07 01 02 19 20.000000 2  -1.350760128749E-11 -2.903380660890E-12
AR GRAC 2024 07 01 02 19 30.000000 2  -7.830285031485E-12  3.542873676723E-12
AR GRAC 2024 07 01 02 19 40.000000 2  -9.800449514430E-12  7.799122458962E-12
AR GRAC 2024 07 01 02 19 50.000000 2  -1.081424619992E-11 -3.034629405402E-12
AR GRAC 2024 07 01 02 20  0.000000 2  -1.263870171714E-11  3.871617436368E-12
AR GRAC 2024 07 01 02 20 10.000000 2  -7.634599549777E-12  1.287863153794E-12
AR GRAC 2024 07 01 02 20 20.000000 2  -1.017303168788E-11 -3.155892214224E-12
AR GRAC 2024 07 01 02 20 30.000000 2  -8.009000580789E-12  7.770347733305E-12
AR GRAC 2024 07 01 02 20 40.000000 2  -8.377987539832E-12  1.852658998436E-11
AR GRAC 2024 07 01 02 20 50.000000 2  -7.712756648626E-12 -1.507170581914E-12
AR GRAC 2024 07 01 02 21  0.000000 2  -1.238887464838E-11  9.068380473084E-15
AR GRAC 2024 07 01 02 21 10.000000 2  -1.128441784459E-11 -1.600470103669E-11
AR GRAC 2024 07 01 02 21 20.000000 2  -6.728644984938E-12 -4.898461844483E-12
AR GRAC 2024 07 01 02 21 30.000000 2  -1.324132036656E-11 -4.362231496163E-12
AR GRAC 2024 07 01 02 21 40.000000 2  -6.269470186060E-12  1.284400016899E-11
AR GRAC 2024 07 01 02 21 50.000000 2  -1.222640218235E-11 -1.324976846989E-11
AR GRAC 2024 07 01 02 22  0.000000 2  -6.183020241635E-12 -4.213540974463E-12
AR GRAC 2024 07 01 02 22 10.000000 2  -4.806629486792E-12  4.082683843776E-12
AR GRAC 2024 07 01 02 22 20.000000 2  -4.896000271870E-12  2.489096439812E-13
AR GRAC 2024 07 01 02 22 30.000000 2  -7.814969157915E-12 -9.734868293421E-12
AR GRAC 2024 07 01 02 22 40.000000 2  -9.551281640596E-12 -1.988646010018E-12
AR GRAC 2024 07 01 02 22 50.000000 2  -8.398265589904E-12 -1.148242612103E-11
AR GRAC 2024 07 01 02 23  0.000000 2  -1.072027189242E-11  3.263790496547E-12
AR GRAC 2024 07 01 02 23 10.000000 2  -8.398769527074E-12 -1.448999340653E-11
AR GRAC 2024 07 01 02 23 20.000000 2  -6.183895409628E-12  2.566225010270E-12
AR GRAC 2024 07 01 02 23 30.000000 2  -1.456283704737E-11  3.382436691846E-12
AR GRAC 2024 07 01 02 23 40.000000 2  -7.341014081341E-12  1.348649599116E-12
AR GRAC 2024 07 01 02 23 50.000000 2  -8.969855240515E-12 -1.269514007807E-11
AR GRAC 2024 07 01 02 24  0.000000 2  -4.707573740548E-12 -4.388928890459E-12
AR GRAC 2024 07 01 02 24 10.000000 2  -7.494191898993E-12 -1.236272282462E-11
AR GRAC 2024 07 01 02 24 20.000000 2  -8.351519129035E-12 -7.565169736316E-13
AR GRAC 2024 07 01 02 24 30.000000 2  -1.054249049171E-11 -9.030312088376E-12
AR GRAC 2024 07 01 02 24 40.000000 2  -7.284831592125E-12 -2.524110911603E-12
AR GRAC 2024 07 01 02 24 50.000000 2  -1.195384503189E-11 -6.237907759776E-12
AR GRAC 2024 07 01 02 25  0.000000 2  -1.320650446640E-11 -5.341710147128E-12
AR GRAC 2024 07 01 02 25 10.000000 2  -4.150825950316E-12 -1.343551051664E-11
AR GRAC 2024 07 01 02 25 20.000000 2  -1.079564476009E-11 -1.111931640513E-11
AR GRAC 2024 07 01 02 25 30.000000 2  -7.935129983649E-12 -1.053311864813E-11
AR GRAC 2024 07 01 02 25 40.000000 2  -7.166210767157E-12 -3.396928788604E-12
AR GRAC 2024 07 01 02 25 50.000000 2  -5.890423565580E-12 -3.140737669938E-12
AR GRAC 2024 07 01 02 26  0.000000 2  -9.094668594611E-12 -2.034454202327E-11
AR GRAC 2024 07 01 02 26 10.000000 2  -7.579376362643E-12  5.531642852108E-12
AR GRAC 2024 07 01 02 26 20.000000 2  -1.071062249308E-11 -1.649216874178E-11
AR GRAC 2024 07 01 02 26 30.000000 2  -6.492745143610E-12 -9.459838511486E-13
AR GRAC 2024 07 01 02 26 40.000000 2  -5.831504116399E-12 -2.068980056724E-11
AR GRAC 2024 07 01 02 26 50.000000 2  -7.992234478393E-12 -1.028362117683E-11
AR GRAC 2024 07 01 02 27  0.000000 2  -1.177665777397E-11 -1.551743976369E-11
AR GRAC 2024 07 01 02 27 10.000000 2  -6.419805225616E-12 -2.761261271716E-12
AR GRAC 2024 07 01 02 27 20.000000 2  -1.201577899679E-11 -6.205081587440E-12
AR GRAC 2024 07 01 02 27 30.000000 2  -5.569110277104E-12 -2.088906955397E-12
AR GRAC 2024 07 01 02 27 40.000000 2  -1.087399267852E-11 -8.122733388682E-12
AR GRAC 2024 07 01 02 27 50.000000 2  -4.202489051197E-12 -1.244656027549E-11
AR GRAC 2024 07 01 02 28  0.000000 2  -8.596031872421E-12 -9.380390561531E-12
AR GRAC 2024 07 01 02 28 10.000000 2  -6.265325497995E-12 -2.503422122380E-11
AR GRAC 2024 07 01 02 28 20.000000 2  -7.841977067713E-12 -1.017805197762E-11
AR GRAC 2024 07 01 02 28 30.000000 2  -8.158023735716E-12 -1.021188602429E-11
AR GRAC 2024 07 01 02 28 40.000000 2  -5.083438444492E-12 -3.165572318165E-11
AR GRAC 2024 07 01 02 28 50.000000 2  -7.656634874731E-12  3.930442776801E-12
AR GRAC 2024 07 01 02 29  0.000000 2  -4.692783921872E-12 -1.227339410659E-11
AR GRAC 2024 07 01 02 29 10.000000 2  -7.609513713591E-12 -1.165723594043E-11
AR GRAC 2024 07 01 02 29 20.000000 2  -4.512637225701E-12 -1.636107915814E-11
AR GRAC 2024 07 01 02 29 30.000000 2  -5.667300396334E-12 -2.875492205456E-11
AR GRAC 2024 07 01 02 29 40.000000 2   2.898047253563E-12 -1.588765252171E-12
AR GRAC 2024 07 01 02 29 50.000000 2  -6.980869441536E-12 -1.105261108331E-11
AR GRAC 2024 07 01 02 30  0.000000 2  -7.135623689147E-12 -1.009646099365E-11
AR GRAC 2024 07 01 02 30 10.000000 2  -4.630401530953E-12  1.609693173026E-12
AR GRAC 2024 07 01 02 30 20.000000 2  -1.513676987572E-12 -2.072416023513E-11
AR GRAC 2024 07 01 02 30 30.000000 2  -1.241555794805E-12 -8.180109692911E-13
AR GRAC 2024 07 01 02 30 40.000000 2  -9.174815421287E-12 -2.761186591871E-11
AR GRAC 2024 07 01 02 30 50.000000 2   1.045836187834E-13 -1.604572377745E-11
AR GRAC 2024 07 01 02 31  0.000000 2  -4.577239195308E-12 -8.179578542267E-12
AR GRAC 2024 07 01 02 31 10.000000 2  -1.865082957866E-12 -3.178344046284E-11
AR GRAC 2024 07 01 02 31 20.000000 2  -5.437968218086E-12 -1.865730139827E-11
AR GRAC 2024 07 01 02 31 30.000000 2  -1.442210175069E-12  4.488403464002E-13
AR GRAC 2024 07 01 02 31 40.000000 2  -5.719312610314E-12 -2.231502482797E-11
AR GRAC 2024 07 01 02 31 50.000000 2  -3.150626461113E-12 -1.210889027936E-11
AR GRAC 2024 07 01 02 32  0.000000 2   2.231391937543E-12 -2.119275588353E-11
AR GRAC 2024 07 01 02 32 10.000000 2  -4.875644592922E-12 -1.714662613284E-11
AR GRAC 2024 07 01 02 32 20.000000 2  -3.640000627303E-12 -1.801049587247E-11
AR GRAC 2024 07 01 02 32 30.000000 2   1.230927469328E-12 -1.199436643756E-11
AR GRAC 2024 07 01 02 32 40.000000 2  -6.828274924653E-13 -9.378238637059E-12
AR GRAC 2024 07 01 02 32 50.000000 2  -1.800765482909E-12 -7.532112954178E-12
AR GRAC 2024 07 01 02 33  0.000000 2   4.985815362998E-13 -2.554599067006E-11
AR GRAC 2024 07 01 02 33 10.000000 2   2.984878620313E-12 -6.389867367868E-12
AR GRAC 2024 07 01 02 33 20.000000 2  -2.528960114240E-12 -2.039374918938E-11
AR GRAC 2024 07 01 02 33 30.000000 2  -3.016347588369E-12 -2.582763170000E-11
AR GRAC 2024 07 01 02 33 40.000000 2  -5.157622159219E-12 -1.036151286299E-11
AR GRAC 2024 07 01 02 33 50.000000 2  -1.851281931572E-12 -2.735539746113E-11
AR GRAC 2024 07 01 02 34  0.000000 2   1.644996964166E-12 -2.864928259905E-11
AR GRAC 2024 07 01 02 34 10.000000 2   3.055534558011E-12 -1.494316823059E-11
AR GRAC 2024 07 01 02 34 20.000000 2   1.883242260053E-12 -9.377059892457E-12
AR GRAC 2024 07 01 02 34 30.000000 2  -1.899003957556E-12 -2.206094681934E-11
AR GRAC 2024 07 01 02 34 40.000000 2  -4.869047439543E-12 -2.047484404244E-11
AR GRAC 2024 07 01 02 34 50.000000 2   1.259344869055E-13 -8.768732268072E-12
AR GRAC 2024 07 01 02 35  0.000000 2   8.100687004867E-14 -2.594262825395E-11
AR GRAC 2024 07 01 02 35 10.000000 2   2.834210947530E-12 -2.884652759716E-11
AR GRAC 2024 07 01 02 35 20.000000 2   1.075769247988E-12 -5.080424362452E-12
AR GRAC 2024 07 01 02 35 30.000000 2  -2.503824784224E-13 -1.892432911765E-11
AR GRAC 2024 07 01 02 35 40.000000 2   7.538164970705E-13 -2.681822992845E-11
AR GRAC 2024 07 01 02 35 50.000000 2   6.969653153222E-12 -1.789212701608E-11
AR GRAC 2024 07 01 02 36  0.000000 2   3.580173917744E-12 -2.418603338439E-11
AR GRAC 2024 07 01 02 36 10.000000 2   1.451672766370E-12 -1.274993999267E-11
AR GRAC 2024 07 01 02 36 20.000000 2  -9.918386641508E-13 -1.136384823047E-11
AR GRAC 2024 07 01 02 36 30.000000 2   9.991723160657E-13 -1.347775710481E-11
AR GRAC 2024 07 01 02 36 40.000000 2   6.876576998799E-12 -2.711167054747E-11
AR GRAC 2024 07 01 02 36 50.000000 2   1.233166238394E-12  2.574417675566E-12
AR GRAC 2024 07 01 02 37  0.000000 2   1.963008531766E-12 -3.505949697225E-11
AR GRAC 2024 07 01 02 37 10.000000 2   1.081949417212E-12 -2.035341339912E-11
AR GRAC 2024 07 01 02 37 20.000000 2   1.264648216877E-12 -2.479732912064E-11
AR GRAC 2024 07 01 02 37 30.000000 2   3.577550582168E-12 -2.340124968803E-11
AR GRAC 2024 07 01 02 37 40.000000 2   2.430372743334E-12 -1.793516377080E-11
AR GRAC 2024 07 01 02 37 50.000000 2   3.583026453660E-12 -2.122909313618E-11
AR GRAC 2024 07 01 02 38  0.000000 2   1.366895962737E-12  2.446984455340E-12
AR GRAC 2024 07 01 02 38 10.000000 2   3.819663335625E-12 -3.577694390744E-11
AR GRAC 2024 07 01 02 38 20.000000 2   6.322665481451E-12 -1.580086408937E-11
AR GRAC 2024 07 01 02 38 30.000000 2   4.415559064219E-12 -1.016479348609E-11
AR GRAC 2024 07 01 02 38 40.000000 2   7.961549822189E-12 -1.085872450984E-11
AR GRAC 2024 07 01 02 38 50.000000 2   3.071311109083E-13 -2.439265456289E-11
AR GRAC 2024 07 01 02 39  0.000000 2   5.590426559177E-12 -7.826589203119E-12
AR GRAC 2024 07 01 02 39 10.000000 2   1.679799962323E-12 -1.570052247934E-11
AR GRAC 2024 07 01 02 39 20.000000 2   7.925509207252E-12 -2.289446236758E-11
AR GRAC 2024 07 01 02 39 30.000000 2   8.166426736234E-12 -1.073839888538E-11
AR GRAC 2024 07 01 02 39 40.000000 2   5.819432175730E-12 -2.203233775977E-11
AR GRAC 2024 07 01 02 39 50.000000 2   7.997238288260E-12 -2.388628184136E-11
AR GRAC 2024 07 01 02 40  0.000000 2   1.808512541113E-12 -1.343022221212E-11
AR GRAC 2024 07 01 02 40 10.000000 2   7.381267472240E-12 -2.308416825747E-11
AR GRAC 2024 07 01 02 40 20.000000 2   8.341120329158E-12 -1.604811422640E-11
AR GRAC 2024 07 01 02 40 30.000000 2   2.532872566199E-12 -1.752205845695E-11
AR GRAC 2024 07 01 02 40 40.000000 2   3.595050689434E-12  7.539909452001E-13
AR GRAC 2024 07 01 02 40 50.000000 2   7.291143383492E-12 -2.389996013596E-11
AR GRAC 2024 07 01 02 41  0.000000 2   4.629688125923E-12 -1.455391362981E-11
AR GRAC 2024 07 01 02 41 10.000000 2   8.575115444109E-13 -2.320786618437E-11
AR GRAC 2024 07 01 02 41 20.000000 2   3.891362492653E-12 -2.224182123201E-11
AR GRAC 2024 07 01 02 41 30.000000 2   9.955358586111E-12 -1.728578044591E-11
AR GRAC 2024 07 01 02 41 40.000000 2   7.515110062029E-12 -1.787973415157E-11
AR GRAC 2024 07 01 02 41 50.000000 2   6.291047977697E-12 -6.233694983815E-12
AR GRAC 2024 07 01 02 42  0.000000 2   5.111444687650E-12 -1.071765506205E-11
AR GRAC 2024 07 01 02 42 10.000000 2   4.999870309441E-12 -1.302161850569E-11
AR GRAC 2024 07 01 02 42 20.000000 2   6.391754747009E-12 -2.081558536648E-11
AR GRAC 2024 07 01 02 42 30.000000 2   8.045826158098E-12 -2.203954727054E-11
AR GRAC 2024 07 01 02 42 40.000000 2   1.030047141332E-11 -8.753519610549E-12
AR GRAC 2024 07 01 02 42 50.000000 2   4.867403789049E-12 -2.038748857236E-11
AR GRAC 2024 07 01 02 43  0.000000 2   1.141236150720E-11 -1.371145991885E-11
AR GRAC 2024 07 01 02 43 10.000000 2   6.831717483391E-12 -2.291543517441E-11
AR GRAC 2024 07 01 02 43 20.000000 2   1.002321316224E-11 -2.053941045022E-11
AR GRAC 2024 07 01 02 43 30.000000 2   8.739444064265E-12 -1.700338307653E-11
AR GRAC 2024 07 01 02 43 40.000000 2   1.079935273152E-11 -1.505735987284E-11
AR GRAC 2024 07 01 02 43 50.000000 2   6.376942810610E-12 -1.604133666178E-11
AR GRAC 2024 07 01 02 44  0.000000 2   7.241609655678E-12 -9.265316812390E-12
AR GRAC 2024 07 01 02 44 10.000000 2   9.755850641224E-12 -1.388930030016E-11
AR GRAC 2024 07 01 02 44 20.000000 2   5.471650910138E-12 -4.223284482546E-12
AR GRAC 2024 07 01 02 44 30.000000 2   8.893948945377E-12 -2.880727080490E-11
AR GRAC 2024 07 01 02 44 40.000000 2   9.085589919300E-12 -1.439125728309E-11
AR GRAC 2024 07 01 02 44 50.000000 2   7.856045675103E-12 -1.904524281338E-11
AR GRAC 2024 07 01 02 45  0.000000 2   1.199747853148E-11  1.370762986626E-12
AR GRAC 2024 07 01 02 45 10.000000 2   1.163717733288E-11 -1.202322789939E-11
AR GRAC 2024 07 01 02 45 20.000000 2   1.006957885130E-11 -1.079722075636E-11
AR GRAC 2024 07 01 02 45 30.000000 2   9.080211409163E-12 -2.157121703483E-11
AR GRAC 2024 07 01 02 45 40.000000 2   7.358908621358E-12 -1.427521208880E-11
AR GRAC 2024 07 01 02 45 50.000000 2   1.138221374791E-11 -3.089209877488E-12
AR GRAC 2024 07 01 02 46  0.000000 2   7.492751211147E-12 -2.796321160736E-11
AR GRAC 2024 07 01 02 46 10.000000 2   7.674707223904E-12 -5.067210973736E-12
AR GRAC 2024 07 01 02 46 20.000000 2   1.523132141246E-11  6.238786830898E-12
AR GRAC 2024 07 01 02 46 30.000000 2   6.006534245678E-12 -5.595216564375E-12
AR GRAC 2024 07 01 02 46 40.000000 2   8.933007111800E-12 -6.919223440732E-12
AR GRAC 2024 07 01 02 46 50.000000 2   1.246781844433E-11 -2.318322964157E-11
AR GRAC 2024 07 01 02 47  0.000000 2   1.012224679076E-11 -1.543723655850E-11
AR GRAC 2024 07 01 02 47 10.000000 2   7.258118151637E-12  2.708748373173E-12
AR GRAC 2024 07 01 02 47 20.000000 2   5.493964658210E-12 -1.450526157520E-11
AR GRAC 2024 07 01 02 47 30.000000 2   1.812837900628E-11 -3.469274346968E-12
AR GRAC 2024 07 01 02 47 40.000000 2   1.308119237931E-11 -7.123289371552E-12
AR GRAC 2024 07 01 02 47 50.000000 2   1.129503001546E-11 -3.000730566804E-11
AR GRAC 2024 07 01 02 48  0.000000 2   8.263676201659E-12 -4.613262354590E-13
AR GRAC 2024 07 01 02 48 10.000000 2   1.273192488938E-11 -5.575345306957E-12
AR GRAC 2024 07 01 02 48 20.000000 2   1.804321275722E-11 -1.557936939178E-11
AR GRAC 2024 07 01 02 48 30.000000 2   1.313911479617E-11 -5.823392115745E-12
AR GRAC 2024 07 01 02 48 40.000000 2   1.379932453027E-11 -1.031741619223E-11
AR GRAC 2024 07 01 02 48 50.000000 2   1.624683373946E-11 -8.411443416789E-12
AR GRAC 2024 07 01 02 49  0.000000 2   8.603736646740E-12 -1.473547152353E-11
AR GRAC 2024 07 01 02 49 10.000000 2   1.140589098864E-11  4.630499109148E-12
AR GRAC 2024 07 01 02 49 20.000000 2   1.109270227756E-11 -2.973532661418E-12
AR GRAC 2024 07 01 02 49 30.000000 2   1.051850013339E-11 -8.637564621883E-12
AR GRAC 2024 07 01 02 49 40.000000 2   1.302305485673E-11 -1.375159968536E-11
AR GRAC 2024 07 01 02 49 50.000000 2   1.906950118646E-11  1.704365273046E-12
AR GRAC 2024 07 01 02 50  0.000000 2   1.447851474129E-11 -1.060967026040E-11
AR GRAC 2024 07 01 02 50 10.000000 2   1.383857351628E-11 -5.423708357433E-12
AR GRAC 2024 07 01 02 50 20.000000 2   1.756623492499E-11 -1.657775305919E-11
AR GRAC 2024 07 01 02 50 30.000000 2   1.057636877383E-11 -1.151794263264E-12
AR GRAC 2024 07 01 02 50 40.000000 2   1.272512911016E-11  7.941631835658E-13
AR GRAC 2024 07 01 02 50 50.000000 2   1.392005000850E-11  1.950118452138E-12
AR GRAC 2024 07 01 02 51  0.000000 2   1.608520434904E-11  1.296071973703E-12
AR GRAC 2024 07 01 02 51 10.000000 2   1.441776212308E-11  1.039202231212E-11
AR GRAC 2024 07 01 02 51 20.000000 2   1.265469413286E-11  2.327973100749E-12
AR GRAC 2024 07 01 02 51 30.000000 2   1.617306635837E-11  7.293922410501E-12
AR GRAC 2024 07 01 02 51 40.000000 2   1.151571719926E-11 -4.460131049211E-12
AR GRAC 2024 07 01 02 51 50.000000 2   1.497785923066E-11  1.245813890417E-12
AR GRAC 2024 07 01 02 52  0.000000 2   1.219474261155E-11 -2.138244442618E-12
AR GRAC 2024 07 01 02 52 10.000000 2   1.580240799326E-11  3.387699409191E-12
AR GRAC 2024 07 01 02 52 20.000000 2   1.818919841134E-11  1.245363794727E-11
AR GRAC 2024 07 01 02 52 30.000000 2   1.431278793401E-11 -1.073042262684E-11
AR GRAC 2024 07 01 02 52 40.000000 2   1.738259709783E-11  6.585515119339E-12
AR GRAC 2024 07 01 02 52 50.000000 2   1.325872224511E-11 -4.168548752709E-12
AR GRAC 2024 07 01 02 53  0.000000 2   1.681851186097E-11  6.077384255565E-12
AR GRAC 2024 07 01 02 53 10.000000 2   1.966560074507E-11 -1.506682799357E-12
AR GRAC 2024 07 01 02 53 20.000000 2   1.731561075080E-11 -6.707515944580E-13
AR GRAC 2024 07 01 02 53 30.000000 2   1.219807154590E-11  9.225177045880E-12
AR GRAC 2024 07 01 02 53 40.000000 2   1.603990378019E-11 -2.268895358051E-12
AR GRAC 2024 07 01 02 53 50.000000 2   1.744798056036E-11  2.524703189566E-11
AR GRAC 2024 07 01 02 54  0.000000 2   1.835882314227E-11  4.962957995958E-12
AR GRAC 2024 07 01 02 54 10.000000 2   1.594976754837E-11  1.271887976884E-11
AR GRAC 2024 07 01 02 54 20.000000 2   1.888466640010E-11 -1.504520119600E-11
AR GRAC 2024 07 01 02 54 30.000000 2   1.657370941877E-11 -8.579277913090E-12
AR GRAC 2024 07 01 02 54 40.000000 2   1.893967101207E-11  6.966639071182E-12
AR GRAC 2024 07 01 02 54 50.000000 2   1.382285171742E-11 -6.057444476570E-12
AR GRAC 2024 07 01 02 55  0.000000 2   1.695775984911E-11  2.777847049606E-11
AR GRAC 2024 07 01 02 55 10.000000 2   1.868910408376E-11  2.004385589796E-12
AR GRAC 2024 07 01 02 55 20.000000 2   1.482404997366E-11 -1.377970307304E-11
AR GRAC 2024 07 01 02 55 30.000000 2   1.795691546846E-11  2.220620909377E-11
AR GRAC 2024 07 01 02 55 40.000000 2   1.460951498666E-11  1.324211660464E-11
AR GRAC 2024 07 01 02 55 50.000000 2   1.978334857045E-11  1.035802433408E-11
AR GRAC 2024 07 01 02 56  0.000000 2   1.772195758198E-11  1.779392952428E-11
AR GRAC 2024 07 01 02 56 10.000000 2   1.582056360916E-11  1.146983376332E-11
AR GRAC 2024 07 01 02 56 20.000000 2   1.701984039815E-11  1.284573662719E-11
AR GRAC 2024 07 01 02 56 30.000000 2   1.683612450842E-11  1.511163763568E-11
AR GRAC 2024 07 01 02 56 40.000000 2   1.792904887055E-11  1.863753769371E-11
AR GRAC 2024 07 01 02 56 50.000000 2   1.994423029505E-11  5.313436756554E-12
AR GRAC 2024 07 01 02 57  0.000000 2   1.681403453968E-11 -9.510670029300E-12
AR GRAC 2024 07 01 02 57 10.000000 2   2.224349177071E-11  2.361522609406E-11
AR GRAC 2024 07 01 02 57 20.000000 2   1.659847086166E-11  2.213111811866E-11
AR GRAC 2024 07 01 02 57 30.000000 2   2.290747105893E-11  1.510700939344E-11
AR GRAC 2024 07 01 02 57 40.000000 2   1.990400032292E-11  4.382901160060E-12
AR GRAC 2024 07 01 02 57 50.000000 2   2.071825176697E-11  2.003878833701E-11
AR GRAC 2024 07 01 02 58  0.000000 2   2.114003937181E-11 -5.765325716833E-12
AR GRAC 2024 07 01 02 58 10.000000 2   1.847987561587E-11  2.888055940231E-11
AR GRAC 2024 07 01 02 58 20.000000 2   1.803476465390E-11  1.033644350668E-11
AR GRAC 2024 07 01 02 58 30.000000 2   2.183885884632E-11  1.074232369724E-11
AR GRAC 2024 07 01 02 58 40.000000 2   2.331091396301E-11  2.428820512768E-11
AR GRAC 2024 07 01 02 58 50.000000 2   2.098750166712E-11  1.455408536744E-11
AR GRAC 2024 07 01 02 59  0.000000 2   1.882490344163E-11  2.391996323237E-11
AR GRAC 2024 07 01 02 59 10.000000 2   1.930933885008E-11  1.982583888727E-11
AR GRAC 2024 07 01 02 59 20.000000 2   2.759349693182E-11  7.171712876342E-12
AR GRAC 2024 07 01 02 59 30.000000 2   2.145910706075E-11  1.887584272914E-12
AR GRAC 2024 07 01 02 59 40.000000 2   2.335437572498E-11  4.163345362906E-11
AR GRAC 2024 07 01 02 59 50.000000 2   2.059064203863E-11  1.127932296174E-11
AR GRAC 2024 07 01 03 00  0.000000 2   2.382838371062E-11  4.259519126304E-11
AR GRAC 2024 07 01 03 00 10.000000 2   1.809507405026E-11  7.821058904678E-12
AR GRAC 2024 07 01 03 00 20.000000 2   2.667864193451E-11  1.056692320450E-11
AR GRAC 2024 07 01 03 00 30.000000 2   2.208125522707E-11  1.975278621225E-11
AR GRAC 2024 07 01 03 00 40.000000 2   2.610834985706E-11  3.538648107176E-12
AR GRAC 2024 07 01 03 00 50.000000 2   2.192306579329E-11  2.259450786191E-11
AR GRAC 2024 07 01 03 01  0.000000 2   2.005117599735E-11  1.630365655848E-12
AR GRAC 2024 07 01 03 01 10.000000 2   2.568274586057E-11  3.523622366108E-11
AR GRAC 2024 07 01 03 01 20.000000 2   2.391947924452E-11  1.275207890672E-11
AR GRAC 2024 07 01 03 01 30.000000 2   2.264137662078E-11  2.321793104998E-11
AR GRAC 2024 07 01 03 01 40.000000 2   2.398228664269E-11  6.263785063548E-12
AR GRAC 2024 07 01 03 01 50.000000 2   2.742276197787E-11  5.639634592658E-12
AR GRAC 2024 07 01 03 02  0.000000 2   2.429602352638E-11 -7.445153434732E-13
AR GRAC 2024 07 01 03 02 10.000000 2   2.899965684255E-11  3.308132934254E-11
AR GRAC 2024 07 01 03 02 20.000000 2   2.393003850631E-11 -6.652823691250E-12
AR GRAC 2024 07 01 03 02 30.000000 2   2.402135608481E-11  3.273302115470E-11
AR GRAC 2024 07 01 03 02 40.000000 2   2.184594692645E-11  2.475886336228E-11
AR GRAC 2024 07 01 03 02 50.000000 2   2.178363912864E-11  1.775470222232E-11
AR GRAC 2024 07 01 03 03  0.000000 2   2.753443827108E-11  1.079054293834E-11
AR GRAC 2024 07 01 03 03 10.000000 2   2.464659379364E-11  1.783638167718E-11
AR GRAC 2024 07 01 03 03 20.000000 2   2.690550907070E-11  7.772218632573E-12
AR GRAC 2024 07 01 03 03 30.000000 2   2.305848914586E-11  3.200805245851E-11
AR GRAC 2024 07 01 03 03 40.000000 2   2.752831990138E-11 -2.786114004436E-12
AR GRAC 2024 07 01 03 03 50.000000 2   2.512662300447E-11  2.500971825470E-11
AR GRAC 2024 07 01 03 04  0.000000 2   2.744932579846E-11  3.364554815311E-11
AR GRAC 2024 07 01 03 04 10.000000 2   2.867637030612E-11  3.931376491711E-12
AR GRAC 2024 07 01 03 04 20.000000 2   2.890756731211E-11  2.326720240087E-11
AR GRAC 2024 07 01 03 04 30.000000 2   2.425251666160E-11  1.450302725137E-11
AR GRAC 2024 07 01 03 04 40.000000 2   2.310642649439E-11  3.047885208107E-11
AR GRAC 2024 07 01 03 04 50.000000 2   2.865224724147E-11  1.395467248699E-11
AR GRAC 2024 07 01 03 05  0.000000 2   2.421507092065E-11  1.686049390381E-11
AR GRAC 2024 07 01 03 05 10.000000 2   3.066479362102E-11  1.289631075541E-11
AR GRAC 2024 07 01 03 05 20.000000 2   2.449289902839E-11  1.968212919035E-11
AR GRAC 2024 07 01 03 05 30.000000 2   2.383719263643E-11  7.127944935681E-12
AR GRAC 2024 07 01 03 05 40.000000 2   2.667057026617E-11  3.830375600034E-11
AR GRAC 2024 07 01 03 05 50.000000 2   2.200169560429E-11  3.039956827933E-11
AR GRAC 2024 07 01 03 06  0.000000 2   2.662177422952E-11  1.774538155308E-11
AR GRAC 2024 07 01 03 06 10.000000 2   2.844779793676E-11  2.359119150031E-11
AR GRAC 2024 07 01 03 06 20.000000 2   2.568216646293E-11  7.037001190091E-12
AR GRAC 2024 07 01 03 06 30.000000 2   2.790702391398E-11  2.034280556507E-11
AR GRAC 2024 07 01 03 06 40.000000 2   2.914911367835E-11  3.321860841954E-11
AR GRAC 2024 07 01 03 06 50.000000 2   2.921178923754E-11  2.989440986423E-11
AR GRAC 2024 07 01 03 07  0.000000 2   2.968018886218E-11  2.341021473895E-11
AR GRAC 2024 07 01 03 07 10.000000 2   2.804586250738E-11  2.709601466810E-11
AR GRAC 2024 07 01 03 07 20.000000 2   3.001073348163E-11  1.989181389050E-11
AR GRAC 2024 07 01 03 07 30.000000 2   2.572417279190E-11  2.934761114681E-11
AR GRAC 2024 07 01 03 07 40.000000 2   3.000865875236E-11  2.411340571662E-11
AR GRAC 2024 07 01 03 07 50.000000 2   3.352434302384E-11  9.149197024994E-12
AR GRAC 2024 07 01 03 08  0.000000 2   2.522391670534E-11  2.482498928646E-11
AR GRAC 2024 07 01 03 08 10.000000 2   3.051232877471E-11  8.620781172253E-12
AR GRAC 2024 07 01 03 08 20.000000 2   2.551967318021E-11  3.053656980057E-11
AR GRAC 2024 07 01 03 08 30.000000 2   3.423008751446E-11  1.696235686632E-11
AR GRAC 2024 07 01 03 08 40.000000 2   2.901877522998E-11  3.575814297441E-11
AR GRAC 2024 07 01 03 08 50.000000 2   3.399521289471E-11  3.427392744615E-11
AR GRAC 2024 07 01 03 09  0.000000 2   3.009591534320E-11  1.981970837450E-11
AR GRAC 2024 07 01 03 09 10.000000 2   2.995724154853E-11  3.215549007618E-11
AR GRAC 2024 07 01 03 09 20.000000 2   3.151102295762E-11  2.915126820491E-11
AR GRAC 2024 07 01 03 09 30.000000 2   2.941883889274E-11  2.786704721147E-11
AR GRAC 2024 07 01 03 09 40.000000 2   2.967791290498E-11  2.082282436755E-11
AR GRAC 2024 07 01 03 09 50.000000 2   3.450902757995E-11  2.266859790157E-11
AR GRAC 2024 07 01 03 10  0.000000 2   3.047490385044E-11  1.498436964786E-11
AR GRAC 2024 07 01 03 10 10.000000 2   3.371106865879E-11  3.066014109265E-11
AR GRAC 2024 07 01 03 10 20.000000 2   3.193307770988E-11  1.982591348038E-11
AR GRAC 2024 07 01 03 10 30.000000 2   2.924357977996E-11  1.151167876301E-11
AR GRAC 2024 07 01 03 10 40.000000 2   3.430019809847E-11  4.504744841038E-11
AR GRAC 2024 07 01 03 10 50.000000 2   3.018475053240E-11  4.076321225011E-11
AR GRAC 2024 07 01 03 11  0.000000 2   3.215898727871E-11  6.628976013945E-12
AR GRAC 2024 07 01 03 11 10.000000 2   3.407192583627E-11  2.637473746347E-11
AR GRAC 2024 07 01 03 11 20.000000 2   3.302383366766E-11  2.577049858232E-11
AR GRAC 2024 07 01 03 11 30.000000 2   2.830289648481E-11  2.761625650383E-11
AR GRAC 2024 07 01 03 11 40.000000 2   3.365735468108E-11  3.503201201349E-11
AR GRAC 2024 07 01 03 11 50.000000 2   2.861389770958E-11  2.061776964435E-11
AR GRAC 2024 07 01 03 12  0.000000 2   3.056364536458E-11  2.060352409516E-11
AR GRAC 2024 07 01 03 12 10.000000 2   2.759421684206E-11  3.263927669805E-11
AR GRAC 2024 07 01 03 12 20.000000 2   3.568182901925E-11  3.561502481819E-11
AR GRAC 2024 07 01 03 12 30.000000 2   3.174046789289E-11  1.396077611154E-11
AR GRAC 2024 07 01 03 12 40.000000 2   3.084481281501E-11  2.369652564449E-11
AR GRAC 2024 07 01 03 12 50.000000 2   3.173428880787E-11  3.515227345319E-11
AR GRAC 2024 07 01 03 13  0.000000 2   3.300451578703E-11  3.663801553810E-11
AR GRAC 2024 07 01 03 13 10.000000 2   3.417061078537E-11  2.709375952759E-11
AR GRAC 2024 07 01 03 13 20.000000 2   2.856021495690E-11  2.516950016462E-11
AR GRAC 2024 07 01 03 13 30.000000 2   3.817643770554E-11  2.282523996200E-11
AR GRAC 2024 07 01 03 13 40.000000 2   3.642463067277E-11  2.822097937283E-11
AR GRAC 2024 07 01 03 13 50.000000 2   3.136937237747E-11  4.157671429361E-11
AR GRAC 2024 07 01 03 14  0.000000 2   3.095500245021E-11  1.593244980391E-11
AR GRAC 2024 07 01 03 14 10.000000 2   3.556051633713E-11  2.479818433931E-11
AR GRAC 2024 07 01 03 14 20.000000 2   3.571422324544E-11  4.124391453364E-11
AR GRAC 2024 07 01 03 14 30.000000 2   3.449468835570E-11  1.063964628206E-11
AR GRAC 2024 07 01 03 14 40.000000 2   2.864355107268E-11  2.362537422640E-11
AR GRAC 2024 07 01 03 14 50.000000 2   3.836433601356E-11  3.416110103127E-11
AR GRAC 2024 07 01 03 15  0.000000 2   2.847698812869E-11  1.820682840603E-11
AR GRAC 2024 07 01 03 15 10.000000 2   3.253617514298E-11  3.944255339006E-11
AR GRAC 2024 07 01 03 15 20.000000 2   3.287041125399E-11  2.388827503863E-11
AR GRAC 2024 07 01 03 15 30.000000 2   3.185752009416E-11  3.266399303814E-11
AR GRAC 2024 07 01 03 15 40.000000 2   3.263459294467E-11  9.829715166831E-12
AR GRAC 2024 07 01 03 15 50.000000 2   3.554061905886E-11  1.513543283760E-11
AR GRAC 2024 07 01 03 16  0.000000 2   3.561356071158E-11  4.267114786516E-11
AR GRAC 2024 07 01 03 16 10.000000 2   3.496599190744E-11  1.723686297861E-11
AR GRAC 2024 07 01 03 16 20.000000 2   3.275921894863E-11  3.040257282039E-11
AR GRAC 2024 07 01 03 16 30.000000 2   3.109336399465E-11  4.066828818150E-11
AR GRAC 2024 07 01 03 16 40.000000 2   3.705263179610E-11  2.440399791970E-11
AR GRAC 2024 07 01 03 16 50.000000 2   3.064777945316E-11  2.117970555882E-11
AR GRAC 2024 07 01 03 17  0.000000 2   3.331527068107E-11  1.827541416810E-11
AR GRAC 2024 07 01 03 17 10.000000 2   3.373624643532E-11  2.837111622023E-11
AR GRAC 2024 07 01 03 17 20.000000 2   3.442895621375E-11  2.272682042559E-11
AR GRAC 2024 07 01 03 17 30.000000 2   2.981651037182E-11  1.647252299841E-11
AR GRAC 2024 07 01 03 17 40.000000 2   3.405552229108E-11  3.146822039057E-11
AR GRAC 2024 07 01 03 17 50.000000 2   3.344005627959E-11  1.890392183068E-11
AR GRAC 2024 07 01 03 18  0.000000 2   3.169501119893E-11  3.669962250763E-11
AR GRAC 2024 07 01 03 18 10.000000 2   3.522097891118E-11  2.034531570994E-11
AR GRAC 2024 07 01 03 18 20.000000 2   3.355426353435E-11  2.840100897517E-11
AR GRAC 2024 07 01 03 18 30.000000 2   2.691820551182E-11  1.874670210733E-11
AR GRAC 2024 07 01 03 18 40.000000 2   3.424448918876E-11  1.880239366980E-11
AR GRAC 2024 07 01 03 18 50.000000 2   2.744379203057E-11  2.975808141570E-11
AR GRAC 2024 07 01 03 19  0.000000 2   3.448822130658E-11  3.344376858783E-11
AR GRAC 2024 07 01 03 19 10.000000 2   3.422078592719E-11  3.565945455586E-11
AR GRAC 2024 07 01 03 19 20.000000 2   2.797659846843E-11  4.368513883968E-11
AR GRAC 2024 07 01 03 19 30.000000 2   3.165137596461E-11  1.500822686615E-12
AR GRAC 2024 07 01 03 19 40.000000 2   3.158184130880E-11  3.125650779867E-11
AR GRAC 2024 07 01 03 19 50.000000 2   3.241973009493E-11  2.263218432108E-11
AR GRAC 2024 07 01 03 20  0.000000 2   2.851379202196E-11  4.461786148879E-11
AR GRAC 2024 07 01 03 20 10.000000 2   3.293600461807E-11  1.698353957469E-11
AR GRAC 2024 07 01 03 20 20.000000 2   3.037259332928E-11  1.162921408476E-11
AR GRAC 2024 07 01 03 20 30.000000 2   2.971336371393E-11  3.013488764081E-11
AR GRAC 2024 07 01 03 20 40.000000 2   3.003188669970E-11  3.425056072093E-11
AR GRAC 2024 07 01 03 20 50.000000 2   2.903040655089E-11  1.641623122162E-11
AR GRAC 2024 07 01 03 21  0.000000 2   3.023054029327E-11  2.311190128168E-11
AR GRAC 2024 07 01 03 21 10.000000 2   2.622572992106E-11  2.117756664477E-11
AR GRAC 2024 07 01 03 21 20.000000 2   3.026258063588E-11  1.995323177517E-11
AR GRAC 2024 07 01 03 21 30.000000 2   2.838693689833E-11  2.240889591942E-11
AR GRAC 2024 07 01 03 21 40.000000 2   2.934225779017E-11  2.429455768505E-11
AR GRAC 2024 07 01 03 21 50.000000 2   2.463973296229E-11  2.682021965628E-11
AR GRAC 2024 07 01 03 22  0.000000 2   2.596761521090E-11  2.388587938551E-11
AR GRAC 2024 07 01 03 22 10.000000 2   3.165035247776E-11  1.985153534612E-11
AR GRAC 2024 07 01 03 22 20.000000 2   2.823939693197E-11  3.290719086113E-11
AR GRAC 2024 07 01 03 22 30.000000 2   2.338971898108E-11  1.913284808364E-11
AR GRAC 2024 07 01 03 22 40.000000 2   3.012894794763E-11  2.035850134308E-11
AR GRAC 2024 07 01 03 22 50.000000 2   2.936187057379E-11  1.727415085973E-11
AR GRAC 2024 07 01 03 23  0.000000 2   2.716643056344E-11  3.058980152515E-11
AR GRAC 2024 07 01 03 23 10.000000 2   2.851451193220E-11  2.644544999653E-11
AR GRAC 2024 07 01 03 23 20.000000 2   3.125600819831E-11  2.201109607081E-11
AR GRAC 2024 07 01 03 23 30.000000 2   2.510706052783E-11  1.646674116507E-11
AR GRAC 2024 07 01 03 23 40.000000 2   2.442972213412E-11  2.460238610058E-11
AR GRAC 2024 07 01 03 23 50.000000 2   2.443843738487E-11  2.286802518181E-11
AR GRAC 2024 07 01 03 24  0.000000 2   3.048102048542E-11  1.703366787897E-11
AR GRAC 2024 07 01 03 24 10.000000 2   2.738481490183E-11  1.940930749456E-11
AR GRAC 2024 07 01 03 24 20.000000 2   2.643725516283E-11  2.615494452962E-11
AR GRAC 2024 07 01 03 24 30.000000 2   2.265260201639E-11  1.059057702646E-11
AR GRAC 2024 07 01 03 24 40.000000 2   2.740058700768E-11  2.027621300027E-11
AR GRAC 2024 07 01 03 24 50.000000 2   2.781750524372E-11  2.322184458614E-11
AR GRAC 2024 07 01 03 25  0.000000 2   1.995481557771E-11  2.899747629515E-11
AR GRAC 2024 07 01 03 25 10.000000 2   2.173305632680E-11  2.404310604776E-11
AR GRAC 2024 07 01 03 25 20.000000 2   2.668699983222E-11  2.509873385514E-11
AR GRAC 2024 07 01 03 25 30.000000 2   2.425643366721E-11  2.593436056186E-11
AR GRAC 2024 07 01 03 25 40.000000 2   2.387510328328E-11  3.388998456866E-11
AR GRAC 2024 07 01 03 25 50.000000 2   2.356125711200E-11  3.023560915527E-11
AR GRAC 2024 07 01 03 26  0.000000 2   1.887632758435E-11  1.025123042009E-11
AR GRAC 2024 07 01 03 26 10.000000 2   2.822173744699E-11  2.042684771331E-11
AR GRAC 2024 07 01 03 26 20.000000 2   2.495166399885E-11  1.705246534256E-11
AR GRAC 2024 07 01 03 26 30.000000 2   2.140132862594E-11  1.599808306663E-11
AR GRAC 2024 07 01 03 26 40.000000 2   1.684759970422E-11  1.964369812646E-11
AR GRAC 2024 07 01 03 26 50.000000 2   2.025210728285E-11  1.063931321515E-11
AR GRAC 2024 07 01 03 27  0.000000 2   2.299049839394E-11  1.242492480430E-11
AR GRAC 2024 07 01 03 27 10.000000 2   2.027230119883E-11  1.457053401543E-11
AR GRAC 2024 07 01 03 27 20.000000 2   2.215893961377E-11  1.903614418874E-11
AR GRAC 2024 07 01 03 27 30.000000 2   1.936076993170E-11  2.167174946444E-11
AR GRAC 2024 07 01 03 27 40.000000 2   2.245313830695E-11  1.920735619165E-11
AR GRAC 2024 07 01 03 27 50.000000 2   1.953655466569E-11  1.586295851619E-11
AR GRAC 2024 07 01 03 28  0.000000 2   1.567286751769E-11  1.067856220116E-11
AR GRAC 2024 07 01 03 28 10.000000 2   2.013805268375E-11  1.537416374764E-11
AR GRAC 2024 07 01 03 28 20.000000 2   1.896611166730E-11  8.529762833553E-12
AR GRAC 2024 07 01 03 28 30.000000 2   1.357533009616E-11  9.245361420884E-12
AR GRAC 2024 07 01 03 28 40.000000 2   1.458694103007E-11  1.062095723869E-11
AR GRAC 2024 07 01 03 28 50.000000 2   1.924320078284E-11  1.717655011280E-11
AR GRAC 2024 07 01 03 29  0.000000 2   1.246465604343E-11  2.187214472038E-11
AR GRAC 2024 07 01 03 29 10.000000 2   2.049938517545E-11  7.277737440470E-12
AR GRAC 2024 07 01 03 29 20.000000 2   1.373966131840E-11  4.993325197766E-12
AR GRAC 2024 07 01 03 29 30.000000 2   1.692005043019E-11  1.058891342665E-11
AR GRAC 2024 07 01 03 29 40.000000 2   1.657845388747E-11  2.781450070266E-11
AR GRAC 2024 07 01 03 29 50.000000 2   1.363494993994E-11  2.150008469870E-11
AR GRAC 2024 07 01 03 30  0.000000 2   1.505861407791E-11  2.624566883269E-11
AR GRAC 2024 07 01 03 30 10.000000 2   1.710866864846E-11  1.685125129713E-11
AR GRAC 2024 07 01 03 30 20.000000 2   1.537825075615E-11  7.716830646709E-12
AR GRAC 2024 07 01 03 30 30.000000 2   1.297319369986E-11  8.982408566949E-12
AR GRAC 2024 07 01 03 30 40.000000 2   1.646768485464E-11  1.612798609940E-11
AR GRAC 2024 07 01 03 30 50.000000 2   1.376135143338E-11  8.373561392883E-12
AR GRAC 2024 07 01 03 31  0.000000 2   1.290399471304E-11  1.107913760734E-11
AR GRAC 2024 07 01 03 31 10.000000 2   1.126318656397E-11  1.278470905530E-11
AR GRAC 2024 07 01 03 31 20.000000 2   1.190301503196E-11  1.770028047743E-11
AR GRAC 2024 07 01 03 31 30.000000 2   1.539949764928E-11  1.347584890898E-11
AR GRAC 2024 07 01 03 31 40.000000 2   9.517754639976E-12  6.751418001050E-12
AR GRAC 2024 07 01 03 31 50.000000 2   1.452141098340E-11  2.116984105377E-12
AR GRAC 2024 07 01 03 32  0.000000 2   1.129064029770E-11  2.141254708266E-11
AR GRAC 2024 07 01 03 32 10.000000 2   1.410905507010E-11  7.608112057023E-12
AR GRAC 2024 07 01 03 32 20.000000 2   8.069696820490E-12  1.446367244723E-11
AR GRAC 2024 07 01 03 32 30.000000 2   8.103478825461E-12  1.173923111497E-11
AR GRAC 2024 07 01 03 32 40.000000 2   9.444084403398E-12  1.784478988187E-11
AR GRAC 2024 07 01 03 32 50.000000 2   1.278933989962E-11  1.726034766503E-11
AR GRAC 2024 07 01 03 33  0.000000 2   1.013151888773E-11  1.253590113659E-11
AR GRAC 2024 07 01 03 33 10.000000 2   9.811614194721E-12  2.554145436817E-11
AR GRAC 2024 07 01 03 33 20.000000 2   6.369783606824E-12  1.452700720134E-11
AR GRAC 2024 07 01 03 33 30.000000 2   6.115611489443E-12  8.102557687295E-12
AR GRAC 2024 07 01 03 33 40.000000 2   8.284636865419E-12  1.300810500982E-11
AR GRAC 2024 07 01 03 33 50.000000 2   5.572303035661E-12  2.153365159796E-11
AR GRAC 2024 07 01 03 34  0.000000 2   9.093185406039E-12  1.506919936056E-11
AR GRAC 2024 07 01 03 34 10.000000 2   7.811153633630E-12  1.306474373131E-11
AR GRAC 2024 07 01 03 34 20.000000 2   8.773829753006E-12  6.310286061045E-12
AR GRAC 2024 07 01 03 34 30.000000 2   6.461619433962E-12  1.055582617843E-11
AR GRAC 2024 07 01 03 34 40.000000 2   2.158881580450E-12  1.683136442721E-11
AR GRAC 2024 07 01 03 34 50.000000 2   3.922505549536E-12  2.571690256581E-11
AR GRAC 2024 07 01 03 35  0.000000 2   9.538319786784E-12  2.035243848453E-11
AR GRAC 2024 07 01 03 35 10.000000 2   5.146425386543E-12  1.368797349771E-11
AR GRAC 2024 07 01 03 35 20.000000 2  -1.046458059095E-12  2.512350570638E-11
AR GRAC 2024 07 01 03 35 30.000000 2   2.327730889984E-12 -3.140960581904E-12
AR GRAC 2024 07 01 03 35 40.000000 2   5.393926624797E-12  1.409456752699E-11
AR GRAC 2024 07 01 03 35 50.000000 2   2.191898138687E-12  1.855009548746E-11
AR GRAC 2024 07 01 03 36  0.000000 2  -4.074078856393E-13  2.229562194589E-11
AR GRAC 2024 07 01 03 36 10.000000 2   6.780202701367E-12  1.222114770494E-11
AR GRAC 2024 07 01 03 36 20.000000 2  -2.934025852136E-12  1.618667179459E-11
AR GRAC 2024 07 01 03 36 30.000000 2   9.356125249549E-12  2.238219158623E-11
AR GRAC 2024 07 01 03 36 40.000000 2  -1.655347517046E-12  6.227715825674E-12
AR GRAC 2024 07 01 03 36 50.000000 2  -3.605704927342E-12  1.371323193888E-11
AR GRAC 2024 07 01 03 37  0.000000 2   1.225057490346E-12  1.438874974030E-11
AR GRAC 2024 07 01 03 37 10.000000 2  -1.317363237810E-13  1.092426323013E-11
AR GRAC 2024 07 01 03 37 20.000000 2   5.463327273220E-13  1.517977757381E-11
AR GRAC 2024 07 01 03 37 30.000000 2   2.395450157677E-12  1.396529246411E-11
AR GRAC 2024 07 01 03 37 40.000000 2   1.840751807708E-13  7.300803191168E-12
AR GRAC 2024 07 01 03 37 50.000000 2  -1.679664003371E-12  4.306310950192E-12
AR GRAC 2024 07 01 03 38  0.000000 2  -2.230041238477E-12  5.711818604898E-12
AR GRAC 2024 07 01 03 38 10.000000 2  -3.958133462916E-13  8.417322394649E-12
AR GRAC 2024 07 01 03 38 20.000000 2  -4.624266681380E-12  2.088283018731E-11
AR GRAC 2024 07 01 03 38 30.000000 2  -8.053547412290E-12  1.361833389113E-11
AR GRAC 2024 07 01 03 38 40.000000 2  -3.861705226427E-12  1.130383373710E-11
AR GRAC 2024 07 01 03 38 50.000000 2   1.152262855443E-12 -3.160667040591E-12
AR GRAC 2024 07 01 03 39  0.000000 2  -2.876411782371E-12  6.014833596468E-12
AR GRAC 2024 07 01 03 39 10.000000 2  -4.039787601662E-12  9.100328129952E-12
AR GRAC 2024 07 01 03 39 20.000000 2  -6.614770363400E-12  1.516582345817E-11
AR GRAC 2024 07 01 03 39 30.000000 2  -7.217864327058E-12  1.412131696299E-11
AR GRAC 2024 07 01 03 39 40.000000 2  -1.048192890991E-12  6.086810742933E-12
AR GRAC 2024 07 01 03 39 50.000000 2  -2.479616338646E-12  2.932301103320E-12
AR GRAC 2024 07 01 03 40  0.000000 2  -6.171225423041E-12  1.307778885185E-11
AR GRAC 2024 07 01 03 40 10.000000 2  -2.829209956590E-12  1.425327564308E-11
AR GRAC 2024 07 01 03 40 20.000000 2  -1.083271580077E-11  3.068760523472E-12
AR GRAC 2024 07 01 03 40 30.000000 2  -3.850979864856E-12  4.554244568272E-12
AR GRAC 2024 07 01 03 40 40.000000 2  -1.006420294325E-11  1.749972736165E-11
AR GRAC 2024 07 01 03 40 50.000000 2  -8.158111339251E-12  3.975209050822E-12
AR GRAC 2024 07 01 03 41  0.000000 2  -6.875536164713E-12  8.810687422700E-12
AR GRAC 2024 07 01 03 41 10.000000 2  -7.357906818550E-12  1.052616587643E-11
AR GRAC 2024 07 01 03 41 20.000000 2  -6.088099208795E-12  1.028164012262E-11
AR GRAC 2024 07 01 03 41 30.000000 2  -1.375612904836E-11 -5.012882470234E-12
AR GRAC 2024 07 01 03 41 40.000000 2  -7.151870241862E-12  9.682588064663E-12
AR GRAC 2024 07 01 03 41 50.000000 2  -1.046787049402E-11  1.625806086980E-11
AR GRAC 2024 07 01 03 42  0.000000 2  -6.308127631360E-12  1.622353119901E-11
AR GRAC 2024 07 01 03 42 10.000000 2  -6.363935853987E-12 -1.039100229472E-11
AR GRAC 2024 07 01 03 42 20.000000 2  -8.843649770829E-12  1.390446612015E-11
AR GRAC 2024 07 01 03 42 30.000000 2  -9.251383513431E-12  1.860992956959E-11
AR GRAC 2024 07 01 03 42 40.000000 2  -1.410990595196E-11  1.316539238738E-11
AR GRAC 2024 07 01 03 42 50.000000 2  -1.304822916381E-11  4.770854718228E-12
AR GRAC 2024 07 01 03 43  0.000000 2  -7.422321438022E-12  6.886314001670E-12
AR GRAC 2024 07 01 03 43 10.000000 2  -9.169442982682E-12  1.594177394260E-11
AR GRAC 2024 07 01 03 43 20.000000 2  -5.997620369097E-12  4.957229939040E-12
AR GRAC 2024 07 01 03 43 30.000000 2  -9.776061904443E-12  1.175268649761E-11
AR GRAC 2024 07 01 03 43 40.000000 2  -1.152150076733E-11  9.008140587630E-12
AR GRAC 2024 07 01 03 43 50.000000 2  -1.176206181064E-11  1.041359359855E-11
AR GRAC 2024 07 01 03 44  0.000000 2  -8.339149683290E-12 -2.409556386883E-13
AR GRAC 2024 07 01 03 44 10.000000 2  -1.233016206498E-11  1.220449262485E-11
AR GRAC 2024 07 01 03 44 20.000000 2  -1.251909947236E-11  1.332994131742E-11
AR GRAC 2024 07 01 03 44 30.000000 2  -1.136450742539E-11 -1.846143951687E-13
AR GRAC 2024 07 01 03 44 40.000000 2  -1.347063953439E-11  3.870832473996E-12
AR GRAC 2024 07 01 03 44 50.000000 2  -1.030227118892E-11  1.301627382266E-11
AR GRAC 2024 07 01 03 45  0.000000 2  -1.512194189313E-11  1.289171547292E-11
AR GRAC 2024 07 01 03 45 10.000000 2  -1.394359280815E-11 -1.395284582317E-11
AR GRAC 2024 07 01 03 45 20.000000 2  -1.402991698513E-11  4.572594473201E-12
AR GRAC 2024 07 01 03 45 30.000000 2  -1.655115280941E-11  6.448031344974E-12
AR GRAC 2024 07 01 03 45 40.000000 2  -7.878368964154E-12  9.623465219155E-12
AR GRAC 2024 07 01 03 45 50.000000 2  -1.271094340893E-11  9.738899790779E-12
AR GRAC 2024 07 01 03 46  0.000000 2  -1.258933842591E-11  2.378433040795E-11
AR GRAC 2024 07 01 03 46 10.000000 2  -1.938502136589E-11  1.589760549765E-12
AR GRAC 2024 07 01 03 46 20.000000 2  -1.733088499101E-11  7.151884878591E-13
AR GRAC 2024 07 01 03 46 30.000000 2  -1.261429762728E-11  1.711061674292E-11
AR GRAC 2024 07 01 03 46 40.000000 2  -1.614339564804E-11  1.117604186279E-11
AR GRAC 2024 07 01 03 46 50.000000 2  -1.700959859074E-11 -1.698533783241E-12
AR GRAC 2024 07 01 03 47  0.000000 2  -1.552395885451E-11  1.214688852974E-11
AR GRAC 2024 07 01 03 47 10.000000 2  -1.232066098450E-11 -1.747690317119E-12
AR GRAC 2024 07 01 03 47 20.000000 2  -1.973771666941E-11  9.777728106342E-12
AR GRAC 2024 07 01 03 47 30.000000 2  -1.812992984906E-11 -1.004685484113E-11
AR GRAC 2024 07 01 03 47 40.000000 2  -1.061807586300E-11  6.278564907564E-12
AR GRAC 2024 07 01 03 47 50.000000 2  -1.012835301739E-11  2.144397680259E-11
AR GRAC 2024 07 01 03 48  0.000000 2  -1.942886650175E-11  6.193889802095E-13
AR GRAC 2024 07 01 03 48 10.000000 2  -1.795733874099E-11 -5.495198046601E-12
AR GRAC 2024 07 01 03 48 20.000000 2  -1.374465732201E-11 -8.979050006774E-14
AR GRAC 2024 07 01 03 48 30.000000 2  -1.802130493445E-11  6.385619897437E-12
AR GRAC 2024 07 01 03 48 40.000000 2  -1.675482148855E-11  1.163102600343E-11
AR GRAC 2024 07 01 03 48 50.000000 2  -1.081071863973E-11  6.976431151523E-12
AR GRAC 2024 07 01 03 49  0.000000 2  -1.777912192469E-11  1.048183241592E-11
AR GRAC 2024 07 01 03 49 10.000000 2  -1.283574722205E-11  2.237236004093E-12
AR GRAC 2024 07 01 03 49 20.000000 2  -1.686595307859E-11 -1.267364902260E-12
AR GRAC 2024 07 01 03 49 30.000000 2  -1.485213861618E-11 -1.681964246700E-12
AR GRAC 2024 07 01 03 49 40.000000 2  -1.796179698033E-11  1.803430885530E-12
AR GRAC 2024 07 01 03 49 50.000000 2  -1.570659574623E-11 -2.941172045495E-12
