 2.00 C RINEX VERSION / TYPE
 10.00 INTERVAL
 1 AR # / TYPES OF DATA
 END OF HEADER
AR GRAC 2024 06 30 01 50  0.000000 2   1.629121663960E-11  1.710363101148E-11
AR GRAC 2024 06 30 01 50 10.000000 2   1.956431891492E-11 -4.111343210322E-12
AR GRAC 2024 06 30 01 50 20.000000 2   1.841172700412E-11  9.373680651126E-12
AR GRAC 2024 06 30 01 50 30.000000 2   1.688330378280E-11  1.934870319520E-11
AR GRAC 2024 06 30 01 50 40.000000 2   2.014580689769E-11  1.800372524674E-11
AR GRAC 2024 06 30 01 50 50.000000 2   2.004210165885E-11  1.594874579625E-11
AR GRAC 2024 06 30 01 51  0.000000 2   1.662645368605E-11  1.383376486280E-11
AR GRAC 2024 06 30 01 51 10.000000 2   1.988346987059E-11  4.218781574084E-12
AR GRAC 2024 06 30 01 51 20.000000 2   2.097973357540E-11  5.233798203857E-12
AR GRAC 2024 06 30 01 51 30.000000 2   2.199897902733E-11  1.031881264463E-11
AR GRAC 2024 06 30 01 51 40.000000 2   1.681891431682E-11  2.984382532767E-11
AR GRAC 2024 06 30 01 51 50.000000 2   2.208589040820E-11  8.548839587619E-12
AR GRAC 2024 06 30 01 52  0.000000 2   1.952004530237E-11  1.825385155529E-11
AR GRAC 2024 06 30 01 52 10.000000 2   2.014721896260E-11  2.174885965767E-11
AR GRAC 2024 06 30 01 52 20.000000 2   2.027911345792E-11  1.064386859900E-11
AR GRAC 2024 06 30 01 52 30.000000 2   2.458455314325E-11  1.342887693406E-11
AR GRAC 2024 06 30 01 52 40.000000 2   2.087590690592E-11  2.227388239129E-11
AR GRAC 2024 06 30 01 52 50.000000 2   2.215195041289E-11  5.818887906239E-12
AR GRAC 2024 06 30 01 53  0.000000 2   2.063558698917E-11  2.275389078543E-11
AR GRAC 2024 06 30 01 53 10.000000 2   2.093067559550E-11  2.897889220255E-11
AR GRAC 2024 06 30 01 53 20.000000 2   2.178855360024E-11  1.607389395197E-11
AR GRAC 2024 06 30 01 53 30.000000 2   2.270870991250E-11  1.610889373282E-11
AR GRAC 2024 06 30 01 53 40.000000 2   2.250626941758E-11  1.713389326252E-11
AR GRAC 2024 06 30 01 53 50.000000 2   2.278408017808E-11  2.292888795496E-11
AR GRAC 2024 06 30 01 54  0.000000 2   2.448964989132E-11  2.402388357692E-11
AR GRAC 2024 06 30 01 54 10.000000 2   2.381255262418E-11  2.434888055070E-11
AR GRAC 2024 06 30 01 54 20.000000 2   2.281840168206E-11  2.549387263795E-11
AR GRAC 2024 06 30 01 54 30.000000 2   2.257862126431E-11  1.953886531736E-11
AR GRAC 2024 06 30 01 54 40.000000 2   2.440348964572E-11  3.763385436617E-11
AR GRAC 2024 06 30 01 54 50.000000 2   2.105574915812E-11  1.683884455483E-11
AR GRAC 2024 06 30 01 55  0.000000 2   2.263812748371E-11  2.106383296951E-11
AR GRAC 2024 06 30 01 55 10.000000 2   2.369643370415E-11  3.029882247874E-11
AR GRAC 2024 06 30 01 55 20.000000 2   2.143796425103E-11  1.796380752483E-11
AR GRAC 2024 06 30 01 55 30.000000 2   2.349584068972E-11  1.557878999414E-11
AR GRAC 2024 06 30 01 55 40.000000 2   2.364854319314E-11  1.751377341763E-11
AR GRAC 2024 06 30 01 55 50.000000 2   2.315262391528E-11  3.265875417324E-11
AR GRAC 2024 06 30 01 56  0.000000 2   2.592944262081E-11  2.141373536824E-11
AR GRAC 2024 06 30 01 56 10.000000 2   2.421410641440E-11  1.852871328589E-11
AR GRAC 2024 06 30 01 56 20.000000 2   2.174636165586E-11  2.499369287923E-11
AR GRAC 2024 06 30 01 56 30.000000 2   2.347210273368E-11  1.225866890636E-11
AR GRAC 2024 06 30 01 56 40.000000 2   2.638365741159E-11  4.299364336768E-11
AR GRAC 2024 06 30 01 56 50.000000 2   2.096653232975E-11  2.047861706600E-11
AR GRAC 2024 06 30 01 57  0.000000 2   2.618999288273E-11  3.170359114124E-11
AR GRAC 2024 06 30 01 57 10.000000 2   2.418185617026E-11  1.943856187125E-11
AR GRAC 2024 06 30 01 57 20.000000 2   2.511628058310E-11  3.059353465007E-11
AR GRAC 2024 06 30 01 57 30.000000 2   2.466724394190E-11  3.801850154139E-11
AR GRAC 2024 06 30 01 57 40.000000 2   2.219237987822E-11  3.644346976972E-11
AR GRAC 2024 06 30 01 57 50.000000 2   2.592989538364E-11  2.710843528819E-11
AR GRAC 2024 06 30 01 58  0.000000 2   2.418443049990E-11  1.913339972570E-11
AR GRAC 2024 06 30 01 58 10.000000 2   2.548958093207E-11  3.102836390600E-11
AR GRAC 2024 06 30 01 58 20.000000 2   2.235518888061E-11  3.583332588986E-11
AR GRAC 2024 06 30 01 58 30.000000 2   2.622157525833E-11  1.882828788713E-11
AR GRAC 2024 06 30 01 58 40.000000 2   2.257131287431E-11  3.982324539575E-11
AR GRAC 2024 06 30 01 58 50.000000 2   2.488741851492E-11  2.098820596486E-11
AR GRAC 2024 06 30 01 59  0.000000 2   2.389609517206E-11  4.014316309919E-11
AR GRAC 2024 06 30 01 59 10.000000 2   2.744170168878E-11  3.133811959932E-11
AR GRAC 2024 06 30 01 59 20.000000 2   2.451304957629E-11  3.138307322348E-11
AR GRAC 2024 06 30 01 59 30.000000 2   2.605712000336E-11  3.624802888402E-11
AR GRAC 2024 06 30 01 59 40.000000 2   2.307064261853E-11  2.733297962965E-11
AR GRAC 2024 06 30 01 59 50.000000 2   2.774537717631E-11  3.709793236495E-11
AR GRAC 2024 06 30 02 00  0.000000 2   2.604682095009E-11  3.385288230295E-11
AR GRAC 2024 06 30 02 00 10.000000 2   2.723688288797E-11  3.054783162537E-11
AR GRAC 2024 06 30 02 00 20.000000 2   2.419578946922E-11  3.863277753258E-11
AR GRAC 2024 06 30 02 00 30.000000 2   2.622324406232E-11  2.183772433717E-11
AR GRAC 2024 06 30 02 00 40.000000 2   2.609961032018E-11  3.915267068888E-11
AR GRAC 2024 06 30 02 00 50.000000 2   2.911936664018E-11  3.604761281140E-11
AR GRAC 2024 06 30 02 01  0.000000 2   2.639685692252E-11  4.579255377668E-11
AR GRAC 2024 06 30 02 01 10.000000 2   2.514232398665E-11  3.878749404995E-11
AR GRAC 2024 06 30 02 01 20.000000 2   2.602668601470E-11  4.304243073072E-11
AR GRAC 2024 06 30 02 01 30.000000 2   2.670804723215E-11  3.327737044256E-11
AR GRAC 2024 06 30 02 01 40.000000 2   2.666960055575E-11  4.084230870172E-11
AR GRAC 2024 06 30 02 01 50.000000 2   2.606297816454E-11  4.278724596851E-11
AR GRAC 2024 06 30 02 02  0.000000 2   2.825222868152E-11  4.409217782553E-11
AR GRAC 2024 06 30 02 02 10.000000 2   2.843142561659E-11  3.025711278748E-11
AR GRAC 2024 06 30 02 02 20.000000 2   2.775716809178E-11  2.665204341945E-11
AR GRAC 2024 06 30 02 02 30.000000 2   2.606478748113E-11  2.216697485291E-11
AR GRAC 2024 06 30 02 02 40.000000 2   2.398704845863E-11  6.616190234565E-11
AR GRAC 2024 06 30 02 02 50.000000 2   2.602101867311E-11  3.581683213905E-11
AR GRAC 2024 06 30 02 03  0.000000 2   2.686340039304E-11  3.249175928310E-11
AR GRAC 2024 06 30 02 03 10.000000 2   3.257433905945E-11  4.655668212061E-11
AR GRAC 2024 06 30 02 03 20.000000 2   2.584871205968E-11  2.081160764555E-11
AR GRAC 2024 06 30 02 03 30.000000 2   2.571218064851E-11  3.699653083888E-11
AR GRAC 2024 06 30 02 03 40.000000 2   2.678195339112E-11  3.137145057619E-11
AR GRAC 2024 06 30 02 03 50.000000 2   2.730811410334E-11  3.452637481471E-11
AR GRAC 2024 06 30 02 04  0.000000 2   2.831025171235E-11  2.585129159349E-11
AR GRAC 2024 06 30 02 04 10.000000 2   2.877351135133E-11  4.731620650844E-11
AR GRAC 2024 06 30 02 04 20.000000 2   3.008545496064E-11  5.187112198102E-11
AR GRAC 2024 06 30 02 04 30.000000 2   2.760293035808E-11  3.553604285833E-11
AR GRAC 2024 06 30 02 04 40.000000 2   2.812776400685E-11  2.649095526275E-11
AR GRAC 2024 06 30 02 04 50.000000 2   2.535754071997E-11  4.294586561371E-11
AR GRAC 2024 06 30 02 05  0.000000 2   2.789090659816E-11  3.554077865342E-11
AR GRAC 2024 06 30 02 05 10.000000 2   2.533074271172E-11  5.291568919152E-11
AR GRAC 2024 06 30 02 05 20.000000 2   2.881676147704E-11  2.787059645570E-11
AR GRAC 2024 06 30 02 05 30.000000 2   2.875500532129E-11  4.197550640406E-11
AR GRAC 2024 06 30 02 05 40.000000 2   2.889028252739E-11  2.654041049432E-11
AR GRAC 2024 06 30 02 05 50.000000 2   2.907567936417E-11  3.982531318614E-11
AR GRAC 2024 06 30 02 06  0.000000 2   3.076779109268E-11  4.940022002575E-11
AR GRAC 2024 06 30 02 06 10.000000 2   2.439520113695E-11  3.201512319140E-11
AR GRAC 2024 06 30 02 06 20.000000 2   3.014972299598E-11  4.428002062240E-11
AR GRAC 2024 06 30 02 06 30.000000 2   2.932518464172E-11  3.259491981877E-11
AR GRAC 2024 06 30 02 06 40.000000 2   2.992351852416E-11  5.476982062325E-11
AR GRAC 2024 06 30 02 06 50.000000 2   2.818957740847E-11  3.647471907842E-11
AR GRAC 2024 06 30 02 07  0.000000 2   3.062325046321E-11  4.526961444595E-11
AR GRAC 2024 06 30 02 07 10.000000 2   2.756645085811E-11  5.194450772295E-11
AR GRAC 2024 06 30 02 07 20.000000 2   3.128989775614E-11  2.551940256335E-11
AR GRAC 2024 06 30 02 07 30.000000 2   2.874844112766E-11  3.931429487514E-11
AR GRAC 2024 06 30 02 07 40.000000 2   3.025319231242E-11  5.179918299847E-11
AR GRAC 2024 06 30 02 07 50.000000 2   2.755113151509E-11  4.401407710519E-11
AR GRAC 2024 06 30 02 08  0.000000 2   2.775878658878E-11  4.614896312316E-11
AR GRAC 2024 06 30 02 08 10.000000 2   2.847192100142E-11  4.930384572832E-11
AR GRAC 2024 06 30 02 08 20.000000 2   3.121504443815E-11  4.469873776669E-11
AR GRAC 2024 06 30 02 08 30.000000 2   2.745931780568E-11  4.284362101203E-11
AR GRAC 2024 06 30 02 08 40.000000 2   2.884842191520E-11  3.805850079530E-11
AR GRAC 2024 06 30 02 08 50.000000 2   2.932027884373E-11  4.305338724420E-11
AR GRAC 2024 06 30 02 09  0.000000 2   2.903958150335E-11  3.052826741401E-11
AR GRAC 2024 06 30 02 09 10.000000 2   2.885798718044E-11  5.749314566095E-11
AR GRAC 2024 06 30 02 09 20.000000 2   2.945159047196E-11  4.106802398152E-11
AR GRAC 2024 06 30 02 09 30.000000 2   2.876542060104E-11  1.643290017950E-11
AR GRAC 2024 06 30 02 09 40.000000 2   3.143514268333E-11  4.219777652303E-11
AR GRAC 2024 06 30 02 09 50.000000 2   3.104581522417E-11  4.981265053217E-11
AR GRAC 2024 06 30 02 10  0.000000 2   2.646617126845E-11  4.047752411029E-11
AR GRAC 2024 06 30 02 10 10.000000 2   3.045796601042E-11  4.937239159175E-11
AR GRAC 2024 06 30 02 10 20.000000 2   2.813507066213E-11  3.427726852356E-11
AR GRAC 2024 06 30 02 10 30.000000 2   2.815944179224E-11  3.251213534505E-11
AR GRAC 2024 06 30 02 10 40.000000 2   2.847506952453E-11  4.039700518543E-11
AR GRAC 2024 06 30 02 10 50.000000 2   2.771437246363E-11  4.077186852025E-11
AR GRAC 2024 06 30 02 11  0.000000 2   3.075149510035E-11  3.744673321426E-11
AR GRAC 2024 06 30 02 11 10.000000 2   3.323697567170E-11  4.967159669689E-11
AR GRAC 2024 06 30 02 11 20.000000 2   3.331034406640E-11  4.049646035176E-11
AR GRAC 2024 06 30 02 11 30.000000 2   2.959581538176E-11  5.369131875210E-11
AR GRAC 2024 06 30 02 11 40.000000 2   2.922622907575E-11  3.275618318255E-11
AR GRAC 2024 06 30 02 11 50.000000 2   3.350575025762E-11  2.601104054367E-11
AR GRAC 2024 06 30 02 12  0.000000 2   2.578437810485E-11  3.454589739271E-11
AR GRAC 2024 06 30 02 12 10.000000 2   2.967418324951E-11  3.954075608603E-11
AR GRAC 2024 06 30 02 12 20.000000 2   2.803464925483E-11  4.175560938680E-11
AR GRAC 2024 06 30 02 12 30.000000 2   3.308199894581E-11  5.424046628510E-11
AR GRAC 2024 06 30 02 12 40.000000 2   2.942547941420E-11  3.356531719234E-11
AR GRAC 2024 06 30 02 12 50.000000 2   2.891516540093E-11  3.932016864883E-11
AR GRAC 2024 06 30 02 13  0.000000 2   3.072358686906E-11  4.766501776610E-11
AR GRAC 2024 06 30 02 13 10.000000 2   3.133765469343E-11  3.942986562255E-11
AR GRAC 2024 06 30 02 13 20.000000 2   3.038392801247E-11  4.421471175298E-11
AR GRAC 2024 06 30 02 13 30.000000 2   3.075053406354E-11  3.727955791288E-11
AR GRAC 2024 06 30 02 13 40.000000 2   3.263147391186E-11  3.827440447912E-11
AR GRAC 2024 06 30 02 13 50.000000 2   3.118718477912E-11  4.570924888592E-11
AR GRAC 2024 06 30 02 14  0.000000 2   2.826521135202E-11  4.034408918052E-11
AR GRAC 2024 06 30 02 14 10.000000 2   3.035880227764E-11  3.545893093038E-11
AR GRAC 2024 06 30 02 14 20.000000 2   3.123760625168E-11  2.676377001964E-11
AR GRAC 2024 06 30 02 14 30.000000 2   2.877387911271E-11  4.186860927402E-11
AR GRAC 2024 06 30 02 14 40.000000 2   2.898253859129E-11  3.400344589233E-11
AR GRAC 2024 06 30 02 14 50.000000 2   3.312985996651E-11  4.668828171295E-11
AR GRAC 2024 06 30 02 15  0.000000 2   2.730012917118E-11  4.302311631954E-11
AR GRAC 2024 06 30 02 15 10.000000 2   2.812461027957E-11  3.494795078329E-11
AR GRAC 2024 06 30 02 15 20.000000 2   3.295988135199E-11  3.455278424491E-11
AR GRAC 2024 06 30 02 15 30.000000 2   2.863140800835E-11  2.285761163678E-11
AR GRAC 2024 06 30 02 15 40.000000 2   3.193038541904E-11  4.062244290948E-11
AR GRAC 2024 06 30 02 15 50.000000 2   3.226879874418E-11  4.009726925491E-11
AR GRAC 2024 06 30 02 16  0.000000 2   2.932632608976E-11  3.224209788044E-11
AR GRAC 2024 06 30 02 16 10.000000 2   3.179660007513E-11  3.989692257123E-11
AR GRAC 2024 06 30 02 16 20.000000 2   2.979355304134E-11  3.850174692954E-11
AR GRAC 2024 06 30 02 16 30.000000 2   2.930452755456E-11  3.169656898061E-11
AR GRAC 2024 06 30 02 16 40.000000 2   2.933433357333E-11  4.888138852022E-11
AR GRAC 2024 06 30 02 16 50.000000 2   2.814043963129E-11  3.757621297451E-11
AR GRAC 2024 06 30 02 17  0.000000 2   2.818099399671E-11  1.682103067946E-11
AR GRAC 2024 06 30 02 17 10.000000 2   3.068910056636E-11  5.120584858909E-11
AR GRAC 2024 06 30 02 17 20.000000 2   2.969207518744E-11  5.296066363236E-11
AR GRAC 2024 06 30 02 17 30.000000 2   2.856566892750E-11  2.224548149854E-11
AR GRAC 2024 06 30 02 17 40.000000 2   2.941656987443E-11  3.282029509277E-11
AR GRAC 2024 06 30 02 17 50.000000 2   3.129092818188E-11  2.918510572103E-11
AR GRAC 2024 06 30 02 18  0.000000 2   2.983845115434E-11  2.924991845954E-11
AR GRAC 2024 06 30 02 18 10.000000 2   2.928883177655E-11  3.362472800195E-11
AR GRAC 2024 06 30 02 18 20.000000 2   3.226653319532E-11  3.361953770931E-11
AR GRAC 2024 06 30 02 18 30.000000 2   3.274557361377E-11  3.470434703501E-11
AR GRAC 2024 06 30 02 18 40.000000 2   3.324469519117E-11  3.341915286170E-11
AR GRAC 2024 06 30 02 18 50.000000 2   2.467199361478E-11  2.715395790165E-11
AR GRAC 2024 06 30 02 19  0.000000 2   2.969127027574E-11  2.876876167845E-11
AR GRAC 2024 06 30 02 19 10.000000 2   3.085879468623E-11  3.468356504777E-11
AR GRAC 2024 06 30 02 19 20.000000 2   2.862672598969E-11  3.887836580452E-11
AR GRAC 2024 06 30 02 19 30.000000 2   2.882946485705E-11  1.929316428839E-11
AR GRAC 2024 06 30 02 19 40.000000 2   2.831953768712E-11  3.296796169394E-11
AR GRAC 2024 06 30 02 19 50.000000 2   3.306911341983E-11  3.476276211334E-11
AR GRAC 2024 06 30 02 20  0.000000 2   2.864019785220E-11  4.391755709099E-11
AR GRAC 2024 06 30 02 20 10.000000 2   2.792440237376E-11  1.423235140852E-11
AR GRAC 2024 06 30 02 20 20.000000 2   3.203839277210E-11  4.563714336991E-11
AR GRAC 2024 06 30 02 20 30.000000 2   2.890162241476E-11  2.606193733046E-11
AR GRAC 2024 06 30 02 20 40.000000 2   2.947697294586E-11  4.402672670878E-11
AR GRAC 2024 06 30 02 20 50.000000 2   2.742681602663E-11  2.842151687610E-11
AR GRAC 2024 06 30 02 21  0.000000 2   2.971923054873E-11  1.721630650542E-11
AR GRAC 2024 06 30 02 21 10.000000 2   2.743627547375E-11  3.396109435339E-11
AR GRAC 2024 06 30 02 21 20.000000 2   2.603417134650E-11  2.863587839075E-11
AR GRAC 2024 06 30 02 21 30.000000 2   2.781476958480E-11  3.675066501119E-11
AR GRAC 2024 06 30 02 21 40.000000 2   3.186910804698E-11  4.586545032659E-11
AR GRAC 2024 06 30 02 21 50.000000 2   2.756213139665E-11  2.578022864630E-11
AR GRAC 2024 06 30 02 22  0.000000 2   2.855368372301E-11  3.407501017461E-11
AR GRAC 2024 06 30 02 22 10.000000 2   2.615430094721E-11  3.528979192202E-11
AR GRAC 2024 06 30 02 22 20.000000 2   2.888658756639E-11  3.297456752094E-11
AR GRAC 2024 06 30 02 22 30.000000 2   3.015628372016E-11  3.874934401127E-11
AR GRAC 2024 06 30 02 22 40.000000 2   2.687438292737E-11  2.785412005213E-11
AR GRAC 2024 06 30 02 22 50.000000 2   3.251043531605E-11  2.753889477569E-11
AR GRAC 2024 06 30 02 23  0.000000 2   3.009768129170E-11  2.576366724127E-11
AR GRAC 2024 06 30 02 23 10.000000 2   2.976916976816E-11  2.118843989152E-11
AR GRAC 2024 06 30 02 23 20.000000 2   2.740764906695E-11  3.405321163941E-11
AR GRAC 2024 06 30 02 23 30.000000 2   2.781294118626E-11  2.876797931817E-11
AR GRAC 2024 06 30 02 23 40.000000 2   2.894622389005E-11  4.374274553687E-11
AR GRAC 2024 06 30 02 23 50.000000 2   2.750661157180E-11  3.412751331533E-11
AR GRAC 2024 06 30 02 24  0.000000 2   2.863075228288E-11  2.913227992174E-11
AR GRAC 2024 06 30 02 24 10.000000 2   3.036048148997E-11  3.213704649618E-11
AR GRAC 2024 06 30 02 24 20.000000 2   2.937302831518E-11  3.795180489319E-11
AR GRAC 2024 06 30 02 24 30.000000 2   2.553731531796E-11  3.123656541759E-11
AR GRAC 2024 06 30 02 24 40.000000 2   2.627146070133E-11  1.904132927721E-11
AR GRAC 2024 06 30 02 24 50.000000 2   2.609556667976E-11  3.360609013292E-11
AR GRAC 2024 06 30 02 25  0.000000 2   2.863359375993E-11  2.912084462459E-11
AR GRAC 2024 06 30 02 25 10.000000 2   2.652911397505E-11  2.149560217324E-11
AR GRAC 2024 06 30 02 25 20.000000 2   2.717919118933E-11  2.347035760186E-11
AR GRAC 2024 06 30 02 25 30.000000 2   2.745123919845E-11  1.895511005101E-11
AR GRAC 2024 06 30 02 25 40.000000 2   2.517971074700E-11  3.026986300503E-11
AR GRAC 2024 06 30 02 25 50.000000 2   2.553448771869E-11  3.060461606363E-11
AR GRAC 2024 06 30 02 26  0.000000 2   2.968408158166E-11  1.996936470350E-11
AR GRAC 2024 06 30 02 26 10.000000 2   2.839291995960E-11  3.020411351584E-11
AR GRAC 2024 06 30 02 26 20.000000 2   2.686146444164E-11  2.525886097504E-11
AR GRAC 2024 06 30 02 26 30.000000 2   2.641684093696E-11  1.655360570840E-11
AR GRAC 2024 06 30 02 26 40.000000 2   2.632955312110E-11  2.584835123720E-11
AR GRAC 2024 06 30 02 26 50.000000 2   2.899364602571E-11  2.940309454247E-11
AR GRAC 2024 06 30 02 27  0.000000 2   2.711701002633E-11  1.767783835982E-11
AR GRAC 2024 06 30 02 27 10.000000 2   2.495431292160E-11  2.671257832987E-11
AR GRAC 2024 06 30 02 27 20.000000 2   2.482411151639E-11  3.353731875544E-11
AR GRAC 2024 06 30 02 27 30.000000 2   2.470725533887E-11  2.126205808639E-11
AR GRAC 2024 06 30 02 27 40.000000 2   2.675525773155E-11  2.785679499573E-11
AR GRAC 2024 06 30 02 27 50.000000 2   2.772069553070E-11  2.860153086592E-11
AR GRAC 2024 06 30 02 28  0.000000 2   2.646851661459E-11  2.174626451135E-11
AR GRAC 2024 06 30 02 28 10.000000 2   2.502018557615E-11  2.253099963545E-11
AR GRAC 2024 06 30 02 28 20.000000 2   2.596993453619E-11  1.818573069912E-11
AR GRAC 2024 06 30 02 28 30.000000 2   2.614201043138E-11  3.128046086043E-11
AR GRAC 2024 06 30 02 28 40.000000 2   2.531016021767E-11  2.743518953685E-11
AR GRAC 2024 06 30 02 28 50.000000 2   2.742442904713E-11  2.823991908374E-11
AR GRAC 2024 06 30 02 29  0.000000 2   2.632930158619E-11  2.281464774045E-11
AR GRAC 2024 06 30 02 29 10.000000 2   2.339139472396E-11  8.459372091707E-12
AR GRAC 2024 06 30 02 29 20.000000 2   2.536649015838E-11  1.427409666160E-11
AR GRAC 2024 06 30 02 29 30.000000 2   2.184661999916E-11  2.512881916439E-11
AR GRAC 2024 06 30 02 29 40.000000 2   2.475952949610E-11  2.755354104600E-11
AR GRAC 2024 06 30 02 29 50.000000 2   2.715364738615E-11  2.468826185154E-11
AR GRAC 2024 06 30 02 30  0.000000 2   2.111410005168E-11  1.287298219410E-11
AR GRAC 2024 06 30 02 30 10.000000 2   2.384374642173E-11  2.777769854412E-11
AR GRAC 2024 06 30 02 30 20.000000 2   2.414822161678E-11  2.475241712985E-11
AR GRAC 2024 06 30 02 30 30.000000 2   2.290786831061E-11  2.350713027011E-11
AR GRAC 2024 06 30 02 30 40.000000 2   2.517000670388E-11  1.522184635283E-11
AR GRAC 2024 06 30 02 30 50.000000 2   2.708692298237E-11  2.304655945251E-11
AR GRAC 2024 06 30 02 31  0.000000 2   2.192037697191E-11  2.707127057244E-11
AR GRAC 2024 06 30 02 31 10.000000 2   2.185538555688E-11  3.192598269086E-11
AR GRAC 2024 06 30 02 31 20.000000 2   2.460843508134E-11  1.688068955452E-11
AR GRAC 2024 06 30 02 31 30.000000 2   2.107144320140E-11  2.625539716195E-11
AR GRAC 2024 06 30 02 31 40.000000 2   2.210040830897E-11  2.900010266649E-11
AR GRAC 2024 06 30 02 31 50.000000 2   2.360628706399E-11  1.854480978503E-11
AR GRAC 2024 06 30 02 32  0.000000 2   2.247111698106E-11  2.519951435020E-11
AR GRAC 2024 06 30 02 32 10.000000 2   2.512486226014E-11  9.494215309769E-12
AR GRAC 2024 06 30 02 32 20.000000 2   1.994698850538E-11  1.576891742183E-11
AR GRAC 2024 06 30 02 32 30.000000 2   2.345731595077E-11  2.505361716698E-11
AR GRAC 2024 06 30 02 32 40.000000 2   2.387696117212E-11  3.113831414936E-11
AR GRAC 2024 06 30 02 32 50.000000 2   2.093433933148E-11  3.298301215482E-11
AR GRAC 2024 06 30 02 33  0.000000 2   2.402930458778E-11  1.911771088658E-11
AR GRAC 2024 06 30 02 33 10.000000 2   2.427124473625E-11  2.507240595695E-11
AR GRAC 2024 06 30 02 33 20.000000 2   2.445549839025E-11  1.958709930361E-11
AR GRAC 2024 06 30 02 33 30.000000 2   2.128968355775E-11  2.602179062505E-11
AR GRAC 2024 06 30 02 33 40.000000 2   2.034380823523E-11  1.078648281805E-11
AR GRAC 2024 06 30 02 33 50.000000 2   2.297593712508E-11  2.634117229894E-11
AR GRAC 2024 06 30 02 34  0.000000 2   1.904571812761E-11  2.891585929032E-11
AR GRAC 2024 06 30 02 34 10.000000 2   2.123960556044E-11  2.701055004661E-11
AR GRAC 2024 06 30 02 34 20.000000 2   1.730546435319E-11  1.051523538381E-11
AR GRAC 2024 06 30 02 34 30.000000 2   1.804498217517E-11  3.637991990990E-11
AR GRAC 2024 06 30 02 34 40.000000 2   2.332786394610E-11  2.411460267582E-11
AR GRAC 2024 06 30 02 34 50.000000 2   1.930673329542E-11  3.819285165907E-12
AR GRAC 2024 06 30 02 35  0.000000 2   1.835467368372E-11  8.203966152254E-12
AR GRAC 2024 06 30 02 35 10.000000 2   2.156632511463E-11  2.369864547658E-11
AR GRAC 2024 06 30 02 35 20.000000 2   1.655881855245E-11  1.591332447759E-11
AR GRAC 2024 06 30 02 35 30.000000 2   1.955244820218E-11  1.449800002273E-11
AR GRAC 2024 06 30 02 35 40.000000 2   1.890884324118E-11  1.058267709575E-11
AR GRAC 2024 06 30 02 35 50.000000 2   2.154319257708E-11  1.604735094807E-11
AR GRAC 2024 06 30 02 36  0.000000 2   1.524397101604E-11  1.589202554275E-11
AR GRAC 2024 06 30 02 36 10.000000 2   1.713510583423E-11  2.921669850497E-11
AR GRAC 2024 06 30 02 36 20.000000 2   1.895737733459E-11  1.648136661869E-11
AR GRAC 2024 06 30 02 36 30.000000 2   1.679719904835E-11  2.603698472917E-14
AR GRAC 2024 06 30 02 36 40.000000 2   1.672389830787E-11  2.791070499719E-11
AR GRAC 2024 06 30 02 36 50.000000 2   1.336670878149E-11  2.152537176281E-11
AR GRAC 2024 06 30 02 37  0.000000 2   2.171177126975E-11  2.650003827487E-11
AR GRAC 2024 06 30 02 37 10.000000 2   1.504404933961E-11  1.906469947188E-11
AR GRAC 2024 06 30 02 37 20.000000 2   1.435734864330E-11  1.893936396602E-11
AR GRAC 2024 06 30 02 37 30.000000 2   1.391799696326E-11  1.151402584387E-11
AR GRAC 2024 06 30 02 37 40.000000 2   1.855627977665E-11  1.268868690674E-11
AR GRAC 2024 06 30 02 37 50.000000 2   1.470307209317E-11  1.530334539646E-11
AR GRAC 2024 06 30 02 38  0.000000 2   1.457582318731E-11  1.063800436629E-11
AR GRAC 2024 06 30 02 38 10.000000 2   1.254056320593E-11  1.289265916249E-11
AR GRAC 2024 06 30 02 38 20.000000 2   1.512349620536E-11  1.140731519661E-11
AR GRAC 2024 06 30 02 38 30.000000 2   1.678364565383E-11  1.842197054625E-11
AR GRAC 2024 06 30 02 38 40.000000 2   1.455700490705E-11  1.185662158731E-11
AR GRAC 2024 06 30 02 38 50.000000 2   1.709810244777E-11  1.282127355673E-11
AR GRAC 2024 06 30 02 39  0.000000 2   1.316038771015E-11  2.306592243595E-11
AR GRAC 2024 06 30 02 39 10.000000 2   1.307839773979E-11  2.275057399415E-11
AR GRAC 2024 06 30 02 39 20.000000 2   1.560157905645E-11  2.240522177510E-11
AR GRAC 2024 06 30 02 39 30.000000 2   1.577980454637E-11  5.349866383231E-12
AR GRAC 2024 06 30 02 39 40.000000 2   1.458786390296E-11  6.424511096725E-12
AR GRAC 2024 06 30 02 39 50.000000 2   1.392611893858E-11  1.105915532762E-11
AR GRAC 2024 06 30 02 40  0.000000 2   1.320111207848E-11  2.122379876013E-11
AR GRAC 2024 06 30 02 40 10.000000 2   1.371871279771E-11  1.624844009340E-11
AR GRAC 2024 06 30 02 40 20.000000 2   1.500700258505E-11  2.103307979173E-11
AR GRAC 2024 06 30 02 40 30.000000 2   1.343827653322E-11  9.227717548410E-12
AR GRAC 2024 06 30 02 40 40.000000 2   1.678971892072E-11  1.844235528181E-11
AR GRAC 2024 06 30 02 40 50.000000 2   1.225413954337E-11  1.896699117210E-11
AR GRAC 2024 06 30 02 41  0.000000 2   9.889080006265E-12  5.311626138926E-12
AR GRAC 2024 06 30 02 41 10.000000 2   1.223824513952E-11  2.297625978365E-11
AR GRAC 2024 06 30 02 41 20.000000 2   1.312972994216E-11  1.375089191819E-11
AR GRAC 2024 06 30 02 41 30.000000 2   1.046487896339E-11  9.295522684916E-12
AR GRAC 2024 06 30 02 41 40.000000 2   9.578229702434E-12  1.277015299062E-11
AR GRAC 2024 06 30 02 41 50.000000 2   8.934747906808E-12  1.890478051880E-11
AR GRAC 2024 06 30 02 42  0.000000 2   1.272561656745E-11  1.465940910328E-11
AR GRAC 2024 06 30 02 42 10.000000 2   9.456895336268E-12 -6.359663772167E-13
AR GRAC 2024 06 30 02 42 20.000000 2   1.094708872162E-11  1.306865900219E-11
AR GRAC 2024 06 30 02 42 30.000000 2   7.313562082334E-12  1.135328116242E-11
AR GRAC 2024 06 30 02 42 40.000000 2   1.158376606442E-11  1.179790466710E-11
AR GRAC 2024 06 30 02 42 50.000000 2   8.917818740406E-12  2.173252550142E-11
AR GRAC 2024 06 30 02 43  0.000000 2   1.027924186742E-11  1.967145196735E-12
AR GRAC 2024 06 30 02 43 10.000000 2   8.776497757712E-12  1.417176185431E-11
AR GRAC 2024 06 30 02 43 20.000000 2   6.716080382801E-12  1.843638089416E-11
AR GRAC 2024 06 30 02 43 30.000000 2   7.740108033671E-12  6.030994714051E-12
AR GRAC 2024 06 30 02 43 40.000000 2   8.443314623852E-12  9.955609253653E-12
AR GRAC 2024 06 30 02 43 50.000000 2   8.122229451513E-12  1.079022288186E-11
AR GRAC 2024 06 30 02 44  0.000000 2   7.482810378268E-12  1.241483478520E-11
AR GRAC 2024 06 30 02 44 10.000000 2   1.048296952716E-11  7.094445473796E-13
AR GRAC 2024 06 30 02 44 20.000000 2   5.258743093761E-12  1.845405252221E-11
AR GRAC 2024 06 30 02 44 30.000000 2   4.586371213366E-12  4.398661556521E-12
AR GRAC 2024 06 30 02 44 40.000000 2   6.756307752848E-12  1.689326976917E-11
AR GRAC 2024 06 30 02 44 50.000000 2   7.683127571656E-12  1.065787388899E-11
AR GRAC 2024 06 30 02 45  0.000000 2   6.233740953987E-12 -3.407521877510E-12
AR GRAC 2024 06 30 02 45 10.000000 2   7.485651855321E-12  5.047080375159E-12
AR GRAC 2024 06 30 02 45 20.000000 2   4.022364039069E-12  5.501682442954E-12
AR GRAC 2024 06 30 02 45 30.000000 2   4.818927375194E-12 -1.853716182290E-12
AR GRAC 2024 06 30 02 45 40.000000 2   7.070931947600E-12  1.596088192168E-11
AR GRAC 2024 06 30 02 45 50.000000 2   1.784418966755E-12 -7.624518204297E-12
AR GRAC 2024 06 30 02 46  0.000000 2   4.627289437037E-12  8.280075410039E-12
AR GRAC 2024 06 30 02 46 10.000000 2   6.287870831650E-12  7.454670561402E-12
AR GRAC 2024 06 30 02 46 20.000000 2   2.612726007767E-12  5.109265874964E-12
AR GRAC 2024 06 30 02 46 30.000000 2   6.301863978569E-12  1.183385767850E-11
AR GRAC 2024 06 30 02 46 40.000000 2   2.202080748651E-12  9.098448557066E-12
AR GRAC 2024 06 30 02 46 50.000000 2   9.624083214393E-13  2.483039164905E-12
AR GRAC 2024 06 30 02 47  0.000000 2   5.759818403478E-12  5.887628058698E-12
AR GRAC 2024 06 30 02 47 10.000000 2   4.677828220265E-13  2.872215486283E-12
AR GRAC 2024 06 30 02 47 20.000000 2   5.720576790047E-12  8.706801772618E-12
AR GRAC 2024 06 30 02 47 30.000000 2   3.359762988653E-12  9.651385593501E-12
AR GRAC 2024 06 30 02 47 40.000000 2  -3.023042970465E-13 -2.294029332814E-12
AR GRAC 2024 06 30 02 47 50.000000 2   3.580506550971E-12  1.110551321043E-12
AR GRAC 2024 06 30 02 48  0.000000 2  -1.826388649692E-12  1.735133195978E-12
AR GRAC 2024 06 30 02 48 10.000000 2   3.358832309508E-13  6.549712161519E-12
AR GRAC 2024 06 30 02 48 20.000000 2   2.479272429717E-12  1.047429157297E-11
AR GRAC 2024 06 30 02 48 30.000000 2   1.359690138258E-12 -1.891131131901E-12
AR GRAC 2024 06 30 02 48 40.000000 2   1.079138731500E-12  7.383444550202E-12
AR GRAC 2024 06 30 02 48 50.000000 2   1.174773494629E-12  3.298020060175E-12
AR GRAC 2024 06 30 02 49  0.000000 2   3.039118436077E-12  4.552592244161E-12
AR GRAC 2024 06 30 02 49 10.000000 2   1.106298212761E-12  3.347165209930E-12
AR GRAC 2024 06 30 02 49 20.000000 2   8.097592624104E-15  2.031735673799E-12
AR GRAC 2024 06 30 02 49 30.000000 2   2.627914433371E-13 -5.703694461179E-12
AR GRAC 2024 06 30 02 49 40.000000 2   2.202772252796E-12 -1.178912609895E-11
AR GRAC 2024 06 30 02 49 50.000000 2  -2.398976199983E-13  8.765440630276E-12
AR GRAC 2024 06 30 02 50  0.000000 2   4.369760575520E-13  1.659000541110E-11
AR GRAC 2024 06 30 02 50 10.000000 2  -8.919122764569E-14 -8.945430333973E-12
AR GRAC 2024 06 30 02 50 20.000000 2  -3.447333998124E-12  1.308913394338E-11
AR GRAC 2024 06 30 02 50 30.000000 2  -1.218814112136E-12 -6.206304567491E-12
AR GRAC 2024 06 30 02 50 40.000000 2  -3.577862290292E-13  3.678256050438E-12
AR GRAC 2024 06 30 02 50 50.000000 2   1.192152388092E-12  4.532816396535E-12
AR GRAC 2024 06 30 02 51  0.000000 2  -1.563802581352E-12 -3.642625263922E-12
AR GRAC 2024 06 30 02 51 10.000000 2   1.560748275412E-12 -2.518068219215E-12
AR GRAC 2024 06 30 02 51 20.000000 2  -3.997024499575E-12 -5.193514021617E-12
AR GRAC 2024 06 30 02 51 30.000000 2  -8.464416775995E-13  2.102103907609E-11
AR GRAC 2024 06 30 02 51 40.000000 2  -3.282445279126E-12 -2.490440839664E-11
AR GRAC 2024 06 30 02 51 50.000000 2  -2.794557120434E-12 -6.698551218917E-13
AR GRAC 2024 06 30 02 52  0.000000 2  -4.087992531293E-12  1.877469360534E-11
AR GRAC 2024 06 30 02 52 10.000000 2  -2.127627067583E-12 -1.879075541000E-11
AR GRAC 2024 06 30 02 52 20.000000 2  -3.504038639107E-12  4.793792099389E-12
AR GRAC 2024 06 30 02 52 30.000000 2  -2.026781520392E-12  4.778338315303E-12
AR GRAC 2024 06 30 02 52 40.000000 2  -4.612291017864E-12  6.542884289917E-12
AR GRAC 2024 06 30 02 52 50.000000 2  -3.084123451416E-12 -6.322569637979E-12
AR GRAC 2024 06 30 02 53  0.000000 2  -7.031125681678E-12 -5.728030463142E-12
AR GRAC 2024 06 30 02 53 10.000000 2  -1.437819806792E-12 -7.913486706201E-12
AR GRAC 2024 06 30 02 53 20.000000 2  -5.913937308616E-12 -2.938947696318E-12
AR GRAC 2024 06 30 02 53 30.000000 2  -3.769042803553E-12 -1.533440908974E-11
AR GRAC 2024 06 30 02 53 40.000000 2  -6.016052673391E-12 -6.679871499687E-12
AR GRAC 2024 06 30 02 53 50.000000 2  -6.985678095012E-12 -3.435335566362E-12
AR GRAC 2024 06 30 02 54  0.000000 2  -4.279501232551E-12 -1.082079911785E-11
AR GRAC 2024 06 30 02 54 10.000000 2  -4.801241001995E-12  1.280373290030E-11
AR GRAC 2024 06 30 02 54 20.000000 2  -5.048422183768E-12 -1.406173354840E-11
AR GRAC 2024 06 30 02 54 30.000000 2  -2.105370131705E-12 -2.157720530027E-11
AR GRAC 2024 06 30 02 54 40.000000 2  -3.277912880364E-12  1.767327603708E-12
AR GRAC 2024 06 30 02 54 50.000000 2  -4.830752117768E-12  1.101854610157E-12
AR GRAC 2024 06 30 02 55  0.000000 2  -5.957217358299E-12 -4.173617614706E-12
AR GRAC 2024 06 30 02 55 10.000000 2  -6.122706942141E-12 -1.645909276926E-11
AR GRAC 2024 06 30 02 55 20.000000 2  -5.160637975982E-12 -3.214567717916E-12
AR GRAC 2024 06 30 02 55 30.000000 2  -6.104027873433E-12 -1.789004534791E-11
AR GRAC 2024 06 30 02 55 40.000000 2  -4.515588424014E-12 -8.315519280100E-12
AR GRAC 2024 06 30 02 55 50.000000 2  -6.601772514075E-12 -8.861002209759E-12
AR GRAC 2024 06 30 02 56  0.000000 2  -5.338456673248E-12 -6.946481150710E-12
AR GRAC 2024 06 30 02 56 10.000000 2  -6.313120165524E-12 -7.781964309062E-12
AR GRAC 2024 06 30 02 56 20.000000 2  -7.100786538622E-12 -1.647445526352E-12
AR GRAC 2024 06 30 02 56 30.000000 2  -5.274578517012E-12 -4.202928369917E-12
AR GRAC 2024 06 30 02 56 40.000000 2  -5.555827933129E-12 -2.486841461924E-11
AR GRAC 2024 06 30 02 56 50.000000 2  -3.499451162875E-12  2.466098072279E-12
AR GRAC 2024 06 30 02 57  0.000000 2  -9.627207885055E-12 -1.233938992651E-11
AR GRAC 2024 06 30 02 57 10.000000 2  -7.619220358801E-12  2.415121271374E-12
AR GRAC 2024 06 30 02 57 20.000000 2  -7.098619001639E-12 -1.304037086647E-11
AR GRAC 2024 06 30 02 57 30.000000 2  -8.670579011716E-12 -6.385863192404E-12
AR GRAC 2024 06 30 02 57 40.000000 2  -6.178744581947E-12 -1.346135702907E-11
AR GRAC 2024 06 30 02 57 50.000000 2  -4.297464727826E-12 -5.268488011308E-13
AR GRAC 2024 06 30 02 58  0.000000 2  -6.023437824909E-12 -9.323443709783E-13
AR GRAC 2024 06 30 02 58 10.000000 2  -4.372934306329E-12 -9.257843623656E-12
AR GRAC 2024 06 30 02 58 20.000000 2  -7.712415775463E-12 -9.843339685012E-12
AR GRAC 2024 06 30 02 58 30.000000 2  -9.273537666943E-12 -9.508839896033E-12
AR GRAC 2024 06 30 02 58 40.000000 2  -7.261440147094E-12  2.145658867594E-12
AR GRAC 2024 06 30 02 58 50.000000 2  -7.921902717145E-12 -7.639844486207E-12
AR GRAC 2024 06 30 02 59  0.000000 2  -7.294304917027E-12  1.544653619422E-12
AR GRAC 2024 06 30 02 59 10.000000 2  -5.317920149378E-12 -9.330851195866E-12
AR GRAC 2024 06 30 02 59 20.000000 2  -7.641575740236E-12 -3.996357498398E-12
AR GRAC 2024 06 30 02 59 30.000000 2  -4.690168826232E-12 -5.181864486115E-12
AR GRAC 2024 06 30 02 59 40.000000 2  -9.458071478785E-12 -1.241737355301E-11
AR GRAC 2024 06 30 02 59 50.000000 2  -1.108255674731E-11 -1.409288311049E-11
AR GRAC 2024 06 30 03 00  0.000000 2  -3.623332536784E-12 -1.111839353224E-11
AR GRAC 2024 06 30 03 00 10.000000 2  -1.164424112687E-11 -2.953906867373E-12
AR GRAC 2024 06 30 03 00 20.000000 2  -8.451133022558E-12 -1.798942071696E-11
AR GRAC 2024 06 30 03 00 30.000000 2  -6.002051286536E-12 -1.442493433729E-11
AR GRAC 2024 06 30 03 00 40.000000 2  -1.827789222059E-12 -1.635044877268E-11
AR GRAC 2024 06 30 03 00 50.000000 2  -6.433439718456E-12 -4.065968048361E-12
AR GRAC 2024 06 30 03 01  0.000000 2  -9.395120098565E-12 -1.970148696961E-11
AR GRAC 2024 06 30 03 01 10.000000 2  -6.860399401343E-12 -9.257006619579E-12
AR GRAC 2024 06 30 03 01 20.000000 2  -5.067094747263E-12 -4.982529579894E-12
AR GRAC 2024 06 30 03 01 30.000000 2  -7.664697002085E-12  3.381948800868E-12
AR GRAC 2024 06 30 03 01 40.000000 2  -1.078118583991E-11 -3.247357591163E-11
AR GRAC 2024 06 30 03 01 50.000000 2  -9.001884307414E-12 -1.641909871952E-11
AR GRAC 2024 06 30 03 02  0.000000 2  -6.490663041758E-12 -3.584626952907E-12
AR GRAC 2024 06 30 03 02 10.000000 2  -6.874933781986E-12 -2.415015236401E-11
AR GRAC 2024 06 30 03 02 20.000000 2  -8.919686170228E-12  6.504316182876E-12
AR GRAC 2024 06 30 03 02 30.000000 2  -6.837039181334E-12 -2.056121418959E-11
AR GRAC 2024 06 30 03 02 40.000000 2  -4.005464362966E-12 -7.436744796363E-12
AR GRAC 2024 06 30 03 02 50.000000 2  -8.879287062558E-12 -2.065227849846E-11
AR GRAC 2024 06 30 03 03  0.000000 2  -5.456624735389E-12  4.812188408171E-12
AR GRAC 2024 06 30 03 03 10.000000 2  -4.343416685343E-12 -3.703347090794E-12
AR GRAC 2024 06 30 03 03 20.000000 2  -7.090309676189E-12 -1.660888440669E-11
AR GRAC 2024 06 30 03 03 30.000000 2  -9.570673246972E-12 -8.204423251890E-12
AR GRAC 2024 06 30 03 03 40.000000 2  -1.050704228484E-11 -2.422996178697E-11
AR GRAC 2024 06 30 03 03 50.000000 2  -7.585748001970E-12 -1.836550182766E-11
AR GRAC 2024 06 30 03 04  0.000000 2  -7.855843579818E-12 -9.071045130316E-12
AR GRAC 2024 06 30 03 04 10.000000 2  -6.750992560117E-12  9.734132987507E-13
AR GRAC 2024 06 30 03 04 20.000000 2  -6.655538967171E-12 -1.811213332092E-11
AR GRAC 2024 06 30 03 04 30.000000 2  -7.156320241258E-12 -2.354767596191E-11
AR GRAC 2024 06 30 03 04 40.000000 2  -9.371317090390E-12 -2.063322429580E-11
AR GRAC 2024 06 30 03 04 50.000000 2  -6.228734542035E-12 -4.008772480635E-12
AR GRAC 2024 06 30 03 05  0.000000 2  -8.806657660065E-12 -5.634321134651E-12
AR GRAC 2024 06 30 03 05 10.000000 2  -1.000394819067E-11 -1.955987108393E-11
AR GRAC 2024 06 30 03 05 20.000000 2  -8.036501152053E-12 -6.975424144545E-12
AR GRAC 2024 06 30 03 05 30.000000 2  -6.869458127334E-12 -2.720977523157E-12
AR GRAC 2024 06 30 03 05 40.000000 2  -8.477038515586E-12 -3.406653431570E-11
AR GRAC 2024 06 30 03 05 50.000000 2  -9.896443907420E-12  9.117910419743E-12
AR GRAC 2024 06 30 03 06  0.000000 2  -1.122831775474E-11 -2.719764864711E-11
AR GRAC 2024 06 30 03 06 10.000000 2  -4.920381376644E-12  1.446796133418E-12
AR GRAC 2024 06 30 03 06 20.000000 2  -8.104229960726E-12 -1.825876255745E-11
AR GRAC 2024 06 30 03 06 30.000000 2  -8.695118410007E-12 -3.098432274640E-11
AR GRAC 2024 06 30 03 06 40.000000 2  -6.002399965954E-12 -7.829886045085E-12
AR GRAC 2024 06 30 03 06 50.000000 2  -5.668730242159E-12  1.134547967727E-12
AR GRAC 2024 06 30 03 07  0.000000 2  -6.553727179004E-12 -1.919101683123E-11
AR GRAC 2024 06 30 03 07 10.000000 2  -3.822053350894E-12  4.983418625676E-12
AR GRAC 2024 06 30 03 07 20.000000 2  -6.433578930015E-12 -2.391215003783E-11
AR GRAC 2024 06 30 03 07 30.000000 2  -6.362021586631E-12 -6.587716049750E-12
AR GRAC 2024 06 30 03 07 40.000000 2  -2.558935051702E-12 -2.306329086044E-11
AR GRAC 2024 06 30 03 07 50.000000 2  -2.747581242385E-12 -1.804885928214E-11
AR GRAC 2024 06 30 03 08  0.000000 2  -6.362545039440E-12 -1.456443125825E-11
AR GRAC 2024 06 30 03 08 10.000000 2  -4.927813365696E-12 -4.630006014000E-12
AR GRAC 2024 06 30 03 08 20.000000 2  -5.389705175218E-12 -1.876558283764E-11
AR GRAC 2024 06 30 03 08 30.000000 2  -6.277325447640E-12 -1.243115853311E-11
AR GRAC 2024 06 30 03 08 40.000000 2  -2.634549913297E-12 -3.036735576542E-12
AR GRAC 2024 06 30 03 08 50.000000 2  -1.836332518337E-12 -1.609231324584E-11
AR GRAC 2024 06 30 03 09  0.000000 2  -2.292523809677E-12 -1.540789544563E-11
AR GRAC 2024 06 30 03 09 10.000000 2  -4.910087093857E-12 -5.573476576093E-12
AR GRAC 2024 06 30 03 09 20.000000 2  -1.777934895662E-12 -8.159059365631E-12
AR GRAC 2024 06 30 03 09 30.000000 2  -1.563817109661E-12 -8.904640913521E-12
AR GRAC 2024 06 30 03 09 40.000000 2  -3.137405428771E-13 -1.356022846094E-11
AR GRAC 2024 06 30 03 09 50.000000 2  -2.326464325006E-12 -1.835814052858E-12
AR GRAC 2024 06 30 03 10  0.000000 2   2.767265312297E-13 -1.179140032143E-11
AR GRAC 2024 06 30 03 10 10.000000 2  -1.232632919346E-12 -2.360698962700E-11
AR GRAC 2024 06 30 03 10 20.000000 2  -1.523905025606E-12 -1.205258289005E-11
AR GRAC 2024 06 30 03 10 30.000000 2  -1.981795587011E-12 -1.326817475333E-11
AR GRAC 2024 06 30 03 10 40.000000 2  -1.197440692609E-12 -1.263767627872E-12
AR GRAC 2024 06 30 03 10 50.000000 2  -3.029743123051E-12 -9.489362420845E-12
AR GRAC 2024 06 30 03 11  0.000000 2  -4.076469522184E-13 -1.041495795856E-11
AR GRAC 2024 06 30 03 11 10.000000 2   2.263007923414E-12 -9.340552636905E-12
AR GRAC 2024 06 30 03 11 20.000000 2   2.797833145718E-12 -9.406152939873E-12
AR GRAC 2024 06 30 03 11 30.000000 2   3.412960560868E-13 -9.011750547183E-12
AR GRAC 2024 06 30 03 11 40.000000 2   3.322575721498E-12 -1.251735347318E-11
AR GRAC 2024 06 30 03 11 50.000000 2  -1.186401779769E-12 -5.042954335371E-12
AR GRAC 2024 06 30 03 12  0.000000 2  -6.372941454072E-13 -1.403855764276E-11
AR GRAC 2024 06 30 03 12 10.000000 2   2.992247725639E-12 -6.564161974393E-12
AR GRAC 2024 06 30 03 12 20.000000 2  -2.326393201343E-12 -1.484976898392E-11
AR GRAC 2024 06 30 03 12 30.000000 2  -1.202682268012E-12 -8.945372220737E-12
AR GRAC 2024 06 30 03 12 40.000000 2   2.865663869395E-12 -1.547098213428E-11
AR GRAC 2024 06 30 03 12 50.000000 2   3.733560335895E-12 -4.726593682419E-12
AR GRAC 2024 06 30 03 13  0.000000 2   3.389860657801E-12 -8.522202041283E-12
AR GRAC 2024 06 30 03 13 10.000000 2  -2.664852930337E-13  3.421844784520E-13
AR GRAC 2024 06 30 03 13 20.000000 2   4.344917437990E-13 -1.592343097656E-11
AR GRAC 2024 06 30 03 13 30.000000 2   4.941912330747E-12  2.600955258461E-12
AR GRAC 2024 06 30 03 13 40.000000 2   6.700751065125E-13  3.495340518758E-12
AR GRAC 2024 06 30 03 13 50.000000 2   1.284999233755E-12  6.297235953176E-13
AR GRAC 2024 06 30 03 14  0.000000 2   2.352821062979E-12  1.144104017255E-12
AR GRAC 2024 06 30 03 14 10.000000 2  -1.968280573250E-12 -1.975151639466E-11
AR GRAC 2024 06 30 03 14 20.000000 2   3.935754066403E-12  3.528631380145E-13
AR GRAC 2024 06 30 03 14 30.000000 2   8.611314244143E-13 -1.885275963120E-11
AR GRAC 2024 06 30 03 14 40.000000 2   4.647488990872E-12 -4.418383627719E-12
AR GRAC 2024 06 30 03 14 50.000000 2   6.397526687010E-14 -5.024007251886E-12
AR GRAC 2024 06 30 03 15  0.000000 2   1.605989321564E-12  5.003648320331E-13
AR GRAC 2024 06 30 03 15 10.000000 2   2.168642652609E-12 -1.739526231392E-11
AR GRAC 2024 06 30 03 15 20.000000 2   6.904374641459E-12 -3.480891573246E-12
AR GRAC 2024 06 30 03 15 30.000000 2   3.573226567063E-12 -1.810651975576E-11
AR GRAC 2024 06 30 03 15 40.000000 2   4.948829106927E-12 -3.882153279400E-12
AR GRAC 2024 06 30 03 15 50.000000 2   7.750042469758E-13 -6.737786110295E-12
AR GRAC 2024 06 30 03 16  0.000000 2   4.551109489270E-12  4.665810923385E-13
AR GRAC 2024 06 30 03 16 10.000000 2   9.262307717681E-13 -1.288905353974E-11
AR GRAC 2024 06 30 03 16 20.000000 2   5.986939242975E-12 -2.604691202307E-12
AR GRAC 2024 06 30 03 16 30.000000 2   6.052418115299E-12 -1.842033123256E-11
AR GRAC 2024 06 30 03 16 40.000000 2   5.472014334706E-12  4.403291628346E-14
AR GRAC 2024 06 30 03 16 50.000000 2   5.614022701578E-12  2.783902665685E-13
AR GRAC 2024 06 30 03 17  0.000000 2   5.216173847022E-12  1.402750528581E-12
AR GRAC 2024 06 30 03 17 10.000000 2   3.251394813109E-12  8.271069918374E-13
AR GRAC 2024 06 30 03 17 20.000000 2   8.114255795055E-12 -1.630853438406E-11
AR GRAC 2024 06 30 03 17 30.000000 2   6.711677220939E-12 -1.511418420974E-11
AR GRAC 2024 06 30 03 17 40.000000 2   2.736957795818E-12  1.849016946498E-11
AR GRAC 2024 06 30 03 17 50.000000 2   8.477786181404E-12  1.054521812753E-12
AR GRAC 2024 06 30 03 18  0.000000 2   5.911618417009E-12 -3.311126329716E-12
AR GRAC 2024 06 30 03 18 10.000000 2   7.575630227297E-12 -1.331677910305E-11
AR GRAC 2024 06 30 03 18 20.000000 2   6.425025008555E-12  5.387570164300E-12
AR GRAC 2024 06 30 03 18 30.000000 2   7.507655087891E-12 -6.538081707974E-12
AR GRAC 2024 06 30 03 18 40.000000 2   7.095170805049E-12 -1.413373671572E-11
AR GRAC 2024 06 30 03 18 50.000000 2   6.485267184386E-12  1.387060605262E-11
AR GRAC 2024 06 30 03 19  0.000000 2   9.510761102283E-12  6.154950247389E-12
AR GRAC 2024 06 30 03 19 10.000000 2   6.970432044062E-12 -1.088070779309E-11
AR GRAC 2024 06 30 03 19 20.000000 2   9.585025481651E-12  7.673632562710E-12
AR GRAC 2024 06 30 03 19 30.000000 2   6.131310736901E-12  1.160797066108E-11
AR GRAC 2024 06 30 03 19 40.000000 2   1.123435979661E-11 -9.237690473674E-12
AR GRAC 2024 06 30 03 19 50.000000 2   6.446617979022E-12  1.073664594731E-11
AR GRAC 2024 06 30 03 20  0.000000 2   9.862415571715E-12 -7.490187940370E-13
AR GRAC 2024 06 30 03 20 10.000000 2   8.161901710046E-12  2.152531451693E-11
AR GRAC 2024 06 30 03 20 20.000000 2   9.725409713668E-12 -1.380352646421E-12
AR GRAC 2024 06 30 03 20 30.000000 2   1.006865337633E-11  8.813979060496E-12
AR GRAC 2024 06 30 03 20 40.000000 2   8.823827953031E-12  1.138830869885E-11
AR GRAC 2024 06 30 03 20 50.000000 2   1.061488310444E-11  9.032637485196E-12
AR GRAC 2024 06 30 03 21  0.000000 2   8.495260050978E-12  1.569658032025E-13
AR GRAC 2024 06 30 03 21 10.000000 2   1.032989492555E-11  6.991291660180E-12
AR GRAC 2024 06 30 03 21 20.000000 2   1.049868438713E-11  2.925616996927E-12
AR GRAC 2024 06 30 03 21 30.000000 2   1.190952631652E-11 -2.300059231616E-12
AR GRAC 2024 06 30 03 21 40.000000 2   9.551226996807E-12  1.222426326830E-11
AR GRAC 2024 06 30 03 21 50.000000 2   1.247297144041E-11  8.078584676219E-12
AR GRAC 2024 06 30 03 22  0.000000 2   1.189204550806E-11 -3.870956289884E-13
AR GRAC 2024 06 30 03 22 10.000000 2   1.161251129977E-11 -4.302777752152E-12
AR GRAC 2024 06 30 03 22 20.000000 2   1.235789335446E-11  6.681540737352E-12
AR GRAC 2024 06 30 03 22 30.000000 2   1.022964438852E-11 -5.341434217675E-13
AR GRAC 2024 06 30 03 22 40.000000 2   1.374393654441E-11  3.990171474483E-12
AR GRAC 2024 06 30 03 22 50.000000 2   9.234600063801E-12 -3.985515476673E-12
AR GRAC 2024 06 30 03 23  0.000000 2   1.460037299394E-11  7.398797720326E-12
AR GRAC 2024 06 30 03 23 10.000000 2   1.273434396126E-11  1.298310764453E-11
AR GRAC 2024 06 30 03 23 20.000000 2   1.280494980882E-11  5.374179291688E-13
AR GRAC 2024 06 30 03 23 30.000000 2   1.308348828583E-11  1.378172662797E-11
AR GRAC 2024 06 30 03 23 40.000000 2   1.318496093555E-11  5.696032187585E-12
AR GRAC 2024 06 30 03 23 50.000000 2   1.372527872606E-11  1.247033899754E-11
AR GRAC 2024 06 30 03 24  0.000000 2   1.431272808605E-11  2.288464383271E-11
AR GRAC 2024 06 30 03 24 10.000000 2   1.393798444715E-11  1.179894723591E-11
AR GRAC 2024 06 30 03 24 20.000000 2   1.743185630565E-11  1.395324914638E-11
AR GRAC 2024 06 30 03 24 30.000000 2   1.492372891931E-11  2.436754964474E-11
AR GRAC 2024 06 30 03 24 40.000000 2   1.277968356139E-11  6.171849489811E-12
AR GRAC 2024 06 30 03 24 50.000000 2   1.211881289764E-11  1.160614659934E-11
AR GRAC 2024 06 30 03 25  0.000000 2   1.682146262560E-11  3.474044316110E-11
AR GRAC 2024 06 30 03 25 10.000000 2   1.329695034635E-11  1.832473929542E-11
AR GRAC 2024 06 30 03 25 20.000000 2   1.349127840694E-11  1.678903370494E-11
AR GRAC 2024 06 30 03 25 30.000000 2   1.545447797513E-11  2.108332605721E-11
AR GRAC 2024 06 30 03 25 40.000000 2   1.271705570710E-11  4.737620452194E-12
AR GRAC 2024 06 30 03 25 50.000000 2   1.486413249430E-11  1.892190917840E-11
AR GRAC 2024 06 30 03 26  0.000000 2   1.581537852069E-11  6.606198661024E-12
AR GRAC 2024 06 30 03 26 10.000000 2   1.831398227514E-11  2.027048667808E-11
AR GRAC 2024 06 30 03 26 20.000000 2   1.441608898228E-11  2.421477254821E-11
AR GRAC 2024 06 30 03 26 30.000000 2   1.676826733021E-11  1.638905851309E-11
AR GRAC 2024 06 30 03 26 40.000000 2   1.668743268568E-11  1.164334254011E-11
AR GRAC 2024 06 30 03 26 50.000000 2   1.766523385904E-11  1.501762429690E-11
AR GRAC 2024 06 30 03 27  0.000000 2   1.707492654213E-11  2.988190597741E-11
AR GRAC 2024 06 30 03 27 10.000000 2   1.518281680934E-11  1.988618644755E-11
AR GRAC 2024 06 30 03 27 20.000000 2   1.840804592090E-11  1.340464956916E-12
AR GRAC 2024 06 30 03 27 30.000000 2   1.760381597438E-11  1.611474322039E-11
AR GRAC 2024 06 30 03 27 40.000000 2   1.643598972201E-11  1.217901907796E-11
AR GRAC 2024 06 30 03 27 50.000000 2   1.612575697973E-11  1.425329559240E-11
AR GRAC 2024 06 30 03 28  0.000000 2   1.531264004484E-11  2.048756823914E-11
AR GRAC 2024 06 30 03 28 10.000000 2   1.643096943227E-11  2.649184170644E-11
AR GRAC 2024 06 30 03 28 20.000000 2   1.669276175620E-11  3.566112682929E-12
AR GRAC 2024 06 30 03 28 30.000000 2   2.003089707991E-11  1.748038346017E-11
AR GRAC 2024 06 30 03 28 40.000000 2   1.897233758985E-11  1.491465284609E-11
AR GRAC 2024 06 30 03 28 50.000000 2   1.897394914796E-11  8.768918750846E-12
AR GRAC 2024 06 30 03 29  0.000000 2   1.953858602688E-11  2.208318423957E-11
AR GRAC 2024 06 30 03 29 10.000000 2   1.700783437697E-11  9.374505295298E-13
AR GRAC 2024 06 30 03 29 20.000000 2   1.725115883477E-11  1.670171466406E-11
AR GRAC 2024 06 30 03 29 30.000000 2   1.943340453836E-11  1.218597531910E-11
AR GRAC 2024 06 30 03 29 40.000000 2   2.047563334162E-11  6.100237068957E-12
AR GRAC 2024 06 30 03 29 50.000000 2   1.895555414022E-11  2.476449774413E-11
AR GRAC 2024 06 30 03 30  0.000000 2   2.060139905891E-11  1.052875581858E-11
AR GRAC 2024 06 30 03 30 10.000000 2   1.656139635153E-11  1.697301327264E-11
AR GRAC 2024 06 30 03 30 20.000000 2   1.904752224002E-11  2.332726893595E-11
AR GRAC 2024 06 30 03 30 30.000000 2   1.907153081293E-11  6.561523026305E-12
AR GRAC 2024 06 30 03 30 40.000000 2   2.144284749761E-11  2.111577752928E-11
AR GRAC 2024 06 30 03 30 50.000000 2   1.536068147678E-11  2.073002880465E-11
AR GRAC 2024 06 30 03 31  0.000000 2   2.016415853734E-11  1.844427909015E-11
AR GRAC 2024 06 30 03 31 10.000000 2   1.874315286310E-11  1.392852846949E-11
AR GRAC 2024 06 30 03 31 20.000000 2   2.201528195855E-11  1.864277655861E-11
AR GRAC 2024 06 30 03 31 30.000000 2   2.454220160431E-11  1.644702256332E-11
AR GRAC 2024 06 30 03 31 40.000000 2   2.031971119143E-11  2.652126955549E-11
AR GRAC 2024 06 30 03 31 50.000000 2   1.856156027491E-11  7.655514243365E-12
AR GRAC 2024 06 30 03 32  0.000000 2   1.905011738634E-11  2.401975666977E-11
AR GRAC 2024 06 30 03 32 10.000000 2   2.210026779637E-11  6.093999003337E-12
AR GRAC 2024 06 30 03 32 20.000000 2   1.706283205005E-11  1.754824063838E-11
AR GRAC 2024 06 30 03 32 30.000000 2   2.131391937943E-11  2.220247943829E-11
AR GRAC 2024 06 30 03 32 40.000000 2   1.803223022290E-11  1.591671586199E-11
AR GRAC 2024 06 30 03 32 50.000000 2   2.169233195848E-11  1.902095321527E-11
AR GRAC 2024 06 30 03 33  0.000000 2   2.132867493732E-11  2.439518899389E-11
AR GRAC 2024 06 30 03 33 10.000000 2   2.356261193104E-11  2.005942287275E-11
AR GRAC 2024 06 30 03 33 20.000000 2   1.709415595186E-11  2.670365664703E-11
AR GRAC 2024 06 30 03 33 30.000000 2   1.874804131385E-11  1.867788909649E-11
AR GRAC 2024 06 30 03 33 40.000000 2   1.945381182533E-11  1.683211729719E-11
AR GRAC 2024 06 30 03 33 50.000000 2   2.463757843574E-11  1.310634673707E-11
AR GRAC 2024 06 30 03 34  0.000000 2   1.800909595062E-11  3.876057461105E-11
AR GRAC 2024 06 30 03 34 10.000000 2   2.375148515366E-11  1.122480147026E-11
AR GRAC 2024 06 30 03 34 20.000000 2   2.374052170129E-11  1.602902706399E-11
AR GRAC 2024 06 30 03 34 30.000000 2   1.870836818796E-11  1.603325111565E-11
AR GRAC 2024 06 30 03 34 40.000000 2   1.856620933383E-11  2.805747301160E-11
AR GRAC 2024 06 30 03 34 50.000000 2   2.161539870704E-11  2.734169314567E-11
AR GRAC 2024 06 30 03 35  0.000000 2   2.259193006282E-11  1.149591446342E-11
AR GRAC 2024 06 30 03 35 10.000000 2   1.901549924466E-11  1.200013352576E-11
AR GRAC 2024 06 30 03 35 20.000000 2   2.345502438106E-11  2.594435083436E-11
AR GRAC 2024 06 30 03 35 30.000000 2   1.676276131790E-11  1.925856696339E-11
AR GRAC 2024 06 30 03 35 40.000000 2   2.215107264281E-11  8.702781550962E-12
AR GRAC 2024 06 30 03 35 50.000000 2   2.031607000685E-11  3.037699605746E-11
AR GRAC 2024 06 30 03 36  0.000000 2   2.168623960963E-11  1.488120737747E-11
AR GRAC 2024 06 30 03 36 10.000000 2   1.975385653663E-11  1.787541989429E-11
AR GRAC 2024 06 30 03 36 20.000000 2   2.393114525989E-11  1.439962905858E-11
AR GRAC 2024 06 30 03 36 30.000000 2   2.022053184614E-11  2.708383864403E-11
AR GRAC 2024 06 30 03 36 40.000000 2   2.190733185137E-11  1.164804450809E-11
AR GRAC 2024 06 30 03 36 50.000000 2   1.852843052597E-11  1.933225107775E-11
AR GRAC 2024 06 30 03 37  0.000000 2   2.431081551346E-11  1.263645611760E-11
AR GRAC 2024 06 30 03 37 10.000000 2   2.333487569839E-11  2.433065901530E-11
AR GRAC 2024 06 30 03 37 20.000000 2   1.948609329450E-11  2.163486056972E-11
AR GRAC 2024 06 30 03 37 30.000000 2   2.066437125581E-11  2.547906156891E-11
AR GRAC 2024 06 30 03 37 40.000000 2   2.329487644448E-11  2.572326206207E-11
AR GRAC 2024 06 30 03 37 50.000000 2   2.424307976590E-11  2.726746085868E-11
AR GRAC 2024 06 30 03 38  0.000000 2   2.100847967812E-11  1.966165771861E-11
AR GRAC 2024 06 30 03 38 10.000000 2   2.512856589476E-11  1.394585228548E-11
AR GRAC 2024 06 30 03 38 20.000000 2   2.251234268447E-11  2.003004880013E-11
AR GRAC 2024 06 30 03 38 30.000000 2   2.166017018523E-11  1.110424079076E-11
AR GRAC 2024 06 30 03 38 40.000000 2   2.382676694834E-11  2.780843437467E-11
AR GRAC 2024 06 30 03 38 50.000000 2   2.170136639834E-11  1.669262297832E-11
AR GRAC 2024 06 30 03 39  0.000000 2   2.336073869069E-11  2.265681219027E-11
AR GRAC 2024 06 30 03 39 10.000000 2   2.398411330651E-11  1.005100083024E-11
AR GRAC 2024 06 30 03 39 20.000000 2   2.116691891207E-11  2.513518733427E-11
AR GRAC 2024 06 30 03 39 30.000000 2   2.153192728283E-11  3.039937399030E-11
AR GRAC 2024 06 30 03 39 40.000000 2   2.355971147339E-11  3.068355639013E-11
AR GRAC 2024 06 30 03 39 50.000000 2   2.210147689863E-11  8.577740080729E-12
AR GRAC 2024 06 30 03 40  0.000000 2   2.238637573926E-11  3.270192103222E-11
AR GRAC 2024 06 30 03 40 10.000000 2   1.988848669088E-11  1.307610096590E-11
AR GRAC 2024 06 30 03 40 20.000000 2   2.218720172864E-11  3.144028093427E-11
AR GRAC 2024 06 30 03 40 30.000000 2   2.308724912636E-11  5.074459515780E-12
AR GRAC 2024 06 30 03 40 40.000000 2   2.192325487815E-11  1.491863577119E-11
AR GRAC 2024 06 30 03 40 50.000000 2   2.345699676165E-11  2.235281057472E-11
AR GRAC 2024 06 30 03 41  0.000000 2   2.391097563004E-11  1.876698449421E-11
AR GRAC 2024 06 30 03 41 10.000000 2   2.377142059584E-11  3.685115754215E-11
AR GRAC 2024 06 30 03 41 20.000000 2   2.118797672035E-11  1.095532865814E-11
AR GRAC 2024 06 30 03 41 30.000000 2   2.208267423087E-11  1.535949839537E-11
AR GRAC 2024 06 30 03 41 40.000000 2   2.375826271828E-11  2.661366786672E-11
AR GRAC 2024 06 30 03 41 50.000000 2   2.298949225432E-11  6.537836678283E-12
AR GRAC 2024 06 30 03 42  0.000000 2   2.042255427270E-11  1.184200133786E-11
AR GRAC 2024 06 30 03 42 10.000000 2   2.439956570122E-11  3.040616716743E-11
AR GRAC 2024 06 30 03 42 20.000000 2   2.229963089184E-11  1.551033086689E-11
AR GRAC 2024 06 30 03 42 30.000000 2   2.364465741256E-11  2.200449371326E-11
AR GRAC 2024 06 30 03 42 40.000000 2   2.151542138895E-11  2.792865418100E-11
AR GRAC 2024 06 30 03 42 50.000000 2   2.060672465998E-11  5.842815380824E-12
AR GRAC 2024 06 30 03 43  0.000000 2   2.380906236055E-11  2.070697259493E-11
AR GRAC 2024 06 30 03 43 10.000000 2   2.036982041376E-11  1.444113058302E-11
AR GRAC 2024 06 30 03 43 20.000000 2   2.383634088721E-11  1.967528744096E-11
AR GRAC 2024 06 30 03 43 30.000000 2   2.105603885694E-11  2.270944023108E-11
AR GRAC 2024 06 30 03 43 40.000000 2   2.416743888345E-11  1.226359552103E-11
AR GRAC 2024 06 30 03 43 50.000000 2   2.478308877563E-11  1.013774741238E-11
AR GRAC 2024 06 30 03 44  0.000000 2   2.127934113638E-11  2.487189794398E-11
AR GRAC 2024 06 30 03 44 10.000000 2   2.279058886057E-11  8.436046999849E-12
AR GRAC 2024 06 30 03 44 20.000000 2   2.431477588716E-11  9.080195796651E-12
AR GRAC 2024 06 30 03 44 30.000000 2   2.300457220550E-11  1.634434254605E-11
AR GRAC 2024 06 30 03 44 40.000000 2   2.518345254554E-11  2.594848988458E-11
AR GRAC 2024 06 30 03 44 50.000000 2   2.314319916263E-11  2.000263323032E-11
AR GRAC 2024 06 30 03 45  0.000000 2   1.864107999905E-11  1.934677591742E-11
AR GRAC 2024 06 30 03 45 10.000000 2   2.911618862678E-11  2.673091956118E-11
AR GRAC 2024 06 30 03 45 20.000000 2   2.079990520099E-11  3.775060125610E-12
AR GRAC 2024 06 30 03 45 30.000000 2   1.725362214211E-11  7.539198432216E-12
AR GRAC 2024 06 30 03 45 40.000000 2   2.354410416627E-11  1.723336751080E-12
AR GRAC 2024 06 30 03 45 50.000000 2   2.280186282844E-11  1.469747414051E-11
AR GRAC 2024 06 30 03 46  0.000000 2   2.291243583752E-11  1.266160960800E-11
AR GRAC 2024 06 30 03 46 10.000000 2   2.468178786352E-11  2.704574411649E-11
AR GRAC 2024 06 30 03 46 20.000000 2   2.277866090195E-11  2.239987709207E-11
AR GRAC 2024 06 30 03 46 30.000000 2   1.998270646175E-11  2.004400985467E-11
AR GRAC 2024 06 30 03 46 40.000000 2   2.430704422463E-11  1.713813986559E-11
AR GRAC 2024 06 30 03 46 50.000000 2   2.457076729578E-11  1.153226906331E-11
AR GRAC 2024 06 30 03 47  0.000000 2   1.654943890261E-11  3.354639482867E-11
AR GRAC 2024 06 30 03 47 10.000000 2   2.268210272383E-11  1.731052280685E-11
AR GRAC 2024 06 30 03 47 20.000000 2   1.953508015073E-11  1.679464727011E-11
AR GRAC 2024 06 30 03 47 30.000000 2   2.625627666675E-11  1.587877225540E-11
AR GRAC 2024 06 30 03 47 40.000000 2   2.168437998606E-11  4.522895079295E-12
AR GRAC 2024 06 30 03 47 50.000000 2   2.398291981676E-11  1.203701721630E-11
AR GRAC 2024 06 30 03 48  0.000000 2   2.384443857639E-11  1.637113708486E-11
AR GRAC 2024 06 30 03 48 10.000000 2   2.455167319448E-11  2.259525552772E-11
AR GRAC 2024 06 30 03 48 20.000000 2   2.167517380858E-11  1.551937398037E-11
AR GRAC 2024 06 30 03 48 30.000000 2   2.225748925444E-11  2.522348996337E-11
AR GRAC 2024 06 30 03 48 40.000000 2   2.090588813175E-11 -9.523949554349E-13
AR GRAC 2024 06 30 03 48 50.000000 2   2.056918350923E-11  2.445171842780E-11
AR GRAC 2024 06 30 03 49  0.000000 2   2.103129649600E-11  1.416583256947E-11
AR GRAC 2024 06 30 03 49 10.000000 2   2.258401625432E-11  5.099434871765E-13
AR GRAC 2024 06 30 03 49 20.000000 2   2.296464060580E-11  2.214405221690E-11
AR GRAC 2024 06 30 03 49 30.000000 2   2.012588359857E-11  1.518161247757E-12
AR GRAC 2024 06 30 03 49 40.000000 2   2.171675686502E-11  9.202269155018E-12
AR GRAC 2024 06 30 03 49 50.000000 2   2.321325943966E-11  1.315637442739E-11
