 2.00 C RINEX VERSION / TYPE
 10.00 INTERVAL
 1 AR # / TYPES OF DATA
 END OF HEADER
AR GRAC 2024 06 25 01 50  0.000000 2   2.330720035373E-12  1.274615569341E-11
AR GRAC 2024 06 25 01 50 10.000000 2  -6.232486748914E-12  1.526967788323E-11
AR GRAC 2024 06 25 01 50 20.000000 2  -5.586257151302E-12  7.373201875438E-12
AR GRAC 2024 06 25 01 50 30.000000 2  -9.603638197186E-12  1.300672590465E-11
AR GRAC 2024 06 25 01 50 40.000000 2  -6.464736732048E-12 -1.344975172901E-11
AR GRAC 2024 06 25 01 50 50.000000 2  -6.472337856639E-12  2.240376807683E-11
AR GRAC 2024 06 25 01 51  0.000000 2  -3.968525594950E-12  1.396728739611E-11
AR GRAC 2024 06 25 01 51 10.000000 2  -6.942089264550E-12  8.040805000997E-12
AR GRAC 2024 06 25 01 51 20.000000 2  -4.177394975075E-12 -1.413567700392E-11
AR GRAC 2024 06 25 01 51 30.000000 2  -1.275040142912E-11  2.846783919708E-11
AR GRAC 2024 06 25 01 51 40.000000 2  -4.040498404606E-12  6.135445883987E-14
AR GRAC 2024 06 25 01 51 50.000000 2  -6.599631865306E-12  1.187486827620E-11
AR GRAC 2024 06 25 01 52  0.000000 2  -8.465807048441E-12  5.748381371601E-12
AR GRAC 2024 06 25 01 52 10.000000 2  -1.081012709903E-11  6.931892559958E-12
AR GRAC 2024 06 25 01 52 20.000000 2  -8.027948097955E-12  8.155403435905E-12
AR GRAC 2024 06 25 01 52 30.000000 2  -8.624790985567E-12  7.948914963751E-12
AR GRAC 2024 06 25 01 52 40.000000 2  -9.655346834558E-12  6.892422396709E-12
AR GRAC 2024 06 25 01 52 50.000000 2  -1.117563680486E-11  1.072592969303E-11
AR GRAC 2024 06 25 01 53  0.000000 2  -7.003778199760E-12  1.271943401299E-11
AR GRAC 2024 06 25 01 53 10.000000 2  -1.093501070942E-11  7.712939661952E-12
AR GRAC 2024 06 25 01 53 20.000000 2  -7.851786061608E-12  2.176445655644E-12
AR GRAC 2024 06 25 01 53 30.000000 2  -1.411245339339E-11 -3.190050871030E-12
AR GRAC 2024 06 25 01 53 40.000000 2  -9.506645470836E-12 -6.826551043199E-12
AR GRAC 2024 06 25 01 53 50.000000 2  -1.011052873368E-11 -5.303050967104E-12
AR GRAC 2024 06 25 01 54  0.000000 2  -1.744247975222E-11  1.679044923930E-11
AR GRAC 2024 06 25 01 54 10.000000 2  -1.185207834653E-11  1.469394744769E-11
AR GRAC 2024 06 25 01 54 20.000000 2  -1.258706420343E-11  1.237447102252E-12
AR GRAC 2024 06 25 01 54 30.000000 2  -1.301260661724E-11  8.450941335614E-12
AR GRAC 2024 06 25 01 54 40.000000 2  -1.095243253729E-11 -8.445561958115E-12
AR GRAC 2024 06 25 01 54 50.000000 2  -1.719509604148E-11  7.079300795750E-13
AR GRAC 2024 06 25 01 55  0.000000 2  -1.298819125167E-11  5.571424398221E-12
AR GRAC 2024 06 25 01 55 10.000000 2  -1.434892569346E-11 -1.040508391253E-11
AR GRAC 2024 06 25 01 55 20.000000 2  -1.678871104638E-11  1.354840718781E-11
AR GRAC 2024 06 25 01 55 30.000000 2  -1.270846535645E-11  1.147189461481E-11
AR GRAC 2024 06 25 01 55 40.000000 2  -1.643351080216E-11  3.685386197605E-12
AR GRAC 2024 06 25 01 55 50.000000 2  -1.601663940365E-11 -8.641128611264E-12
AR GRAC 2024 06 25 01 56  0.000000 2  -1.629030937922E-11  1.459235857149E-11
AR GRAC 2024 06 25 01 56 10.000000 2  -1.693455965734E-11 -8.984156300851E-12
AR GRAC 2024 06 25 01 56 20.000000 2  -1.696759920067E-11  1.879932667870E-11
AR GRAC 2024 06 25 01 56 30.000000 2  -1.937326341017E-11 -2.068718807369E-11
AR GRAC 2024 06 25 01 56 40.000000 2  -1.970587061584E-11  1.466292473724E-12
AR GRAC 2024 06 25 01 56 50.000000 2  -1.490858304865E-11 -2.470225846790E-12
AR GRAC 2024 06 25 01 57  0.000000 2  -2.014139029172E-11  7.603253096566E-12
AR GRAC 2024 06 25 01 57 10.000000 2  -2.235944068785E-11  6.996732620362E-12
AR GRAC 2024 06 25 01 57 20.000000 2  -1.949952352365E-11 -1.569792581514E-12
AR GRAC 2024 06 25 01 57 30.000000 2  -1.827252411879E-11  2.036868530829E-13
AR GRAC 2024 06 25 01 57 40.000000 2  -2.022965649162E-11 -1.871283857036E-11
AR GRAC 2024 06 25 01 57 50.000000 2  -2.143464919446E-11  6.806349104119E-13
AR GRAC 2024 06 25 01 58  0.000000 2  -2.572969441672E-11 -3.185891871496E-12
AR GRAC 2024 06 25 01 58 10.000000 2  -2.052180127221E-11  4.037581033400E-12
AR GRAC 2024 06 25 01 58 20.000000 2  -2.074187349654E-11 -5.628949129727E-12
AR GRAC 2024 06 25 01 58 30.000000 2  -1.926497156246E-11  2.714521316061E-12
AR GRAC 2024 06 25 01 58 40.000000 2  -2.259088402456E-11 -5.542010860643E-12
AR GRAC 2024 06 25 01 58 50.000000 2  -2.429914949809E-11 -1.010854334266E-11
AR GRAC 2024 06 25 01 59  0.000000 2  -2.101935986376E-11 -1.630507708017E-11
AR GRAC 2024 06 25 01 59 10.000000 2  -2.102477393573E-11  9.838387049488E-12
AR GRAC 2024 06 25 01 59 20.000000 2  -1.960317151661E-11  4.171854701973E-12
AR GRAC 2024 06 25 01 59 30.000000 2  -2.857292701053E-11  5.755315928696E-12
AR GRAC 2024 06 25 01 59 40.000000 2  -1.561503010228E-11 -1.163122202719E-11
AR GRAC 2024 06 25 01 59 50.000000 2  -2.559411710346E-11 -2.057761079588E-12
AR GRAC 2024 06 25 02 00  0.000000 2  -2.485532786534E-11 -1.221430075138E-11
AR GRAC 2024 06 25 02 00 10.000000 2  -2.894095900430E-11 -3.210843917134E-12
AR GRAC 2024 06 25 02 00 20.000000 2  -2.313619434924E-11 -6.437383612279E-12
AR GRAC 2024 06 25 02 00 30.000000 2  -1.988823689070E-11 -8.353928659943E-12
AR GRAC 2024 06 25 02 00 40.000000 2  -2.391986435313E-11  1.059526056300E-12
AR GRAC 2024 06 25 02 00 50.000000 2  -2.295129884755E-11 -9.667018054105E-12
AR GRAC 2024 06 25 02 01  0.000000 2  -2.253286099374E-11 -1.650356760974E-11
AR GRAC 2024 06 25 02 01 10.000000 2  -2.697372707139E-11 -5.420114010390E-12
AR GRAC 2024 06 25 02 01 20.000000 2  -2.933410458983E-11 -2.366629299217E-13
AR GRAC 2024 06 25 02 01 30.000000 2  -2.120534477179E-11 -7.633213505720E-12
AR GRAC 2024 06 25 02 01 40.000000 2  -2.294558293370E-11 -2.185976399893E-11
AR GRAC 2024 06 25 02 01 50.000000 2  -2.976639768004E-11 -1.963165551346E-13
AR GRAC 2024 06 25 02 02  0.000000 2  -3.072811102789E-11 -1.614287176155E-11
AR GRAC 2024 06 25 02 02 10.000000 2  -2.685871317021E-11 -1.015942538429E-11
AR GRAC 2024 06 25 02 02 20.000000 2  -2.409648522383E-11 -6.405979913193E-12
AR GRAC 2024 06 25 02 02 30.000000 2  -2.972348409069E-11 -1.545253855428E-11
AR GRAC 2024 06 25 02 02 40.000000 2  -2.565895239337E-11 -1.829909487827E-11
AR GRAC 2024 06 25 02 02 50.000000 2  -2.944144927852E-11 -1.161565635344E-11
AR GRAC 2024 06 25 02 03  0.000000 2  -2.822105396594E-11 -2.781221433712E-11
AR GRAC 2024 06 25 02 03 10.000000 2  -2.769047664775E-11 -4.358776360680E-12
AR GRAC 2024 06 25 02 03 20.000000 2  -2.485131891938E-11 -1.495533905049E-11
AR GRAC 2024 06 25 02 03 30.000000 2  -3.255492403431E-11 -3.161901079504E-12
AR GRAC 2024 06 25 02 03 40.000000 2  -2.898574609500E-11 -1.987846692808E-11
AR GRAC 2024 06 25 02 03 50.000000 2  -2.862760202504E-11 -2.884503226552E-11
AR GRAC 2024 06 25 02 04  0.000000 2  -2.928132389335E-11 -1.233159928338E-11
AR GRAC 2024 06 25 02 04 10.000000 2  -2.992821962478E-11 -1.109816665651E-11
AR GRAC 2024 06 25 02 04 20.000000 2  -2.889563241459E-11 -8.754737386429E-12
AR GRAC 2024 06 25 02 04 30.000000 2  -2.869976305220E-11 -1.112130526559E-11
AR GRAC 2024 06 25 02 04 40.000000 2  -2.474187348056E-11 -1.900787686970E-11
AR GRAC 2024 06 25 02 04 50.000000 2  -2.595349976597E-11 -1.320444795172E-11
AR GRAC 2024 06 25 02 05  0.000000 2  -2.934096715590E-11 -1.308102324377E-11
AR GRAC 2024 06 25 02 05 10.000000 2  -3.048481952983E-11 -2.390759638871E-11
AR GRAC 2024 06 25 02 05 20.000000 2  -3.058888559115E-11 -1.437417372629E-11
AR GRAC 2024 06 25 02 05 30.000000 2  -3.257008551749E-11 -8.520749210372E-12
AR GRAC 2024 06 25 02 05 40.000000 2  -2.778333292597E-11 -2.706733101543E-11
AR GRAC 2024 06 25 02 05 50.000000 2  -2.784197351835E-11 -1.769390536865E-11
AR GRAC 2024 06 25 02 06  0.000000 2  -2.936122872610E-11 -1.812048601446E-11
AR GRAC 2024 06 25 02 06 10.000000 2  -2.676876081908E-11 -2.955706859820E-11
AR GRAC 2024 06 25 02 06 20.000000 2  -3.137005932796E-11 -7.053651066014E-12
AR GRAC 2024 06 25 02 06 30.000000 2  -2.813438718108E-11 -1.808023175620E-11
AR GRAC 2024 06 25 02 06 40.000000 2  -3.029689346623E-11 -3.656818337722E-12
AR GRAC 2024 06 25 02 06 50.000000 2  -2.792562708853E-11 -7.583402655831E-12
AR GRAC 2024 06 25 02 07  0.000000 2  -3.033797518759E-11 -2.917998828678E-11
AR GRAC 2024 06 25 02 07 10.000000 2  -2.943115195997E-11 -1.988658022978E-11
AR GRAC 2024 06 25 02 07 20.000000 2  -2.559815033554E-11 -7.293166938427E-12
AR GRAC 2024 06 25 02 07 30.000000 2  -3.140019147474E-11 -2.891975547925E-11
AR GRAC 2024 06 25 02 07 40.000000 2  -3.033779477635E-11 -1.624634801689E-11
AR GRAC 2024 06 25 02 07 50.000000 2  -2.336457763374E-11 -4.472938946315E-12
AR GRAC 2024 06 25 02 08  0.000000 2  -3.020952585309E-11 -1.972953397877E-11
AR GRAC 2024 06 25 02 08 10.000000 2  -2.909484458913E-11 -2.700612997120E-11
AR GRAC 2024 06 25 02 08 20.000000 2  -3.179118426844E-11 -1.210272420477E-11
AR GRAC 2024 06 25 02 08 30.000000 2  -3.287456765144E-11 -1.393931931687E-11
AR GRAC 2024 06 25 02 08 40.000000 2  -2.460727628606E-11 -1.482591827084E-11
AR GRAC 2024 06 25 02 08 50.000000 2  -2.971364820858E-11 -2.356251652125E-11
AR GRAC 2024 06 25 02 09  0.000000 2  -3.254980313061E-11 -2.779911717488E-11
AR GRAC 2024 06 25 02 09 10.000000 2  -2.926135028725E-11 -2.311571940805E-11
AR GRAC 2024 06 25 02 09 20.000000 2  -2.779322084978E-11 -1.363232009916E-11
AR GRAC 2024 06 25 02 09 30.000000 2  -2.916933708463E-11 -1.708892229113E-11
AR GRAC 2024 06 25 02 09 40.000000 2  -3.106046322920E-11 -1.266552834833E-11
AR GRAC 2024 06 25 02 09 50.000000 2  -2.800979587159E-11 -2.248213420986E-11
AR GRAC 2024 06 25 02 10  0.000000 2  -3.323575095693E-11 -1.669873961330E-11
AR GRAC 2024 06 25 02 10 10.000000 2  -3.204215712205E-11 -1.317534623069E-11
AR GRAC 2024 06 25 02 10 20.000000 2  -2.632298198857E-11 -1.613195688144E-11
AR GRAC 2024 06 25 02 10 30.000000 2  -3.003476981012E-11 -2.901856706317E-11
AR GRAC 2024 06 25 02 10 40.000000 2  -2.730369229320E-11 -2.409517724233E-11
AR GRAC 2024 06 25 02 10 50.000000 2  -2.754062256027E-11 -1.257179083058E-11
AR GRAC 2024 06 25 02 11  0.000000 2  -2.849075142475E-11 -1.432840131266E-11
AR GRAC 2024 06 25 02 11 10.000000 2  -3.157284850230E-11 -3.424501654470E-11
AR GRAC 2024 06 25 02 11 20.000000 2  -2.979598165420E-11 -1.734163333766E-11
AR GRAC 2024 06 25 02 11 30.000000 2  -2.722615882744E-11 -2.282485723863E-13
AR GRAC 2024 06 25 02 11 40.000000 2  -3.212698510002E-11 -1.681486720695E-11
AR GRAC 2024 06 25 02 11 50.000000 2  -2.849493210832E-11 -2.994148678992E-11
AR GRAC 2024 06 25 02 12  0.000000 2  -2.855938749380E-11 -2.655810467378E-11
AR GRAC 2024 06 25 02 12 10.000000 2  -2.962896594738E-11 -7.784727723559E-12
AR GRAC 2024 06 25 02 12 20.000000 2  -2.502333583398E-11 -3.122134842326E-11
AR GRAC 2024 06 25 02 12 30.000000 2  -3.164122783228E-11 -1.977797092767E-11
AR GRAC 2024 06 25 02 12 40.000000 2  -2.794790787686E-11 -2.624459677358E-11
AR GRAC 2024 06 25 02 12 50.000000 2  -3.140874019203E-11 -1.551122078003E-11
AR GRAC 2024 06 25 02 13  0.000000 2  -2.891362149704E-11 -2.133784815506E-11
AR GRAC 2024 06 25 02 13 10.000000 2  -2.670528902182E-11 -1.260447562296E-11
AR GRAC 2024 06 25 02 13 20.000000 2  -2.572114916888E-11 -1.846110417314E-11
AR GRAC 2024 06 25 02 13 30.000000 2  -2.537737207875E-11 -1.571773614040E-11
AR GRAC 2024 06 25 02 13 40.000000 2  -2.523792633213E-11 -1.315436388288E-11
AR GRAC 2024 06 25 02 13 50.000000 2  -2.888044664529E-11 -1.832099923160E-11
AR GRAC 2024 06 25 02 14  0.000000 2  -3.202434498140E-11 -1.665763013636E-11
AR GRAC 2024 06 25 02 14 10.000000 2  -2.809934403214E-11 -2.266426629705E-11
AR GRAC 2024 06 25 02 14 20.000000 2  -2.808025513501E-11 -2.284089931082E-11
AR GRAC 2024 06 25 02 14 30.000000 2  -2.811197628849E-11 -1.795753649947E-11
AR GRAC 2024 06 25 02 14 40.000000 2  -2.285559415338E-11 -1.964417344069E-11
AR GRAC 2024 06 25 02 14 50.000000 2  -2.933222761903E-11 -1.204081279127E-11
AR GRAC 2024 06 25 02 15  0.000000 2  -2.483648703366E-11 -1.679745231797E-11
AR GRAC 2024 06 25 02 15 10.000000 2  -2.475262876611E-11 -1.947409421221E-11
AR GRAC 2024 06 25 02 15 20.000000 2  -2.687272626645E-11 -1.956073497622E-11
AR GRAC 2024 06 25 02 15 30.000000 2  -2.140990856825E-11 -3.480737920114E-11
AR GRAC 2024 06 25 02 15 40.000000 2  -3.121927022454E-11 -1.454402223655E-11
AR GRAC 2024 06 25 02 15 50.000000 2  -2.557555903171E-11 -2.328066732449E-11
AR GRAC 2024 06 25 02 16  0.000000 2  -2.993845449328E-11 -1.535731437852E-11
AR GRAC 2024 06 25 02 16 10.000000 2  -2.444935053025E-11 -2.235396069639E-11
AR GRAC 2024 06 25 02 16 20.000000 2  -2.384770506070E-11 -1.255061072430E-11
AR GRAC 2024 06 25 02 16 30.000000 2  -2.626412455575E-11 -2.326726138147E-11
AR GRAC 2024 06 25 02 16 40.000000 2  -2.769478917031E-11 -2.653911162012E-12
AR GRAC 2024 06 25 02 16 50.000000 2  -2.463570493438E-11 -1.597056341340E-11
AR GRAC 2024 06 25 02 17  0.000000 2  -2.981710364724E-11 -2.693721808111E-11
AR GRAC 2024 06 25 02 17 10.000000 2  -1.943217808886E-11 -2.064386855904E-11
AR GRAC 2024 06 25 02 17 20.000000 2  -2.475222804499E-11 -1.852052539109E-11
AR GRAC 2024 06 25 02 17 30.000000 2  -2.058002379624E-11 -3.707181263357E-12
AR GRAC 2024 06 25 02 17 40.000000 2  -2.458735992583E-11 -9.063838221635E-12
AR GRAC 2024 06 25 02 17 50.000000 2  -2.666005437246E-11 -2.099049926929E-11
AR GRAC 2024 06 25 02 18  0.000000 2  -2.437241207465E-11 -2.528715604966E-11
AR GRAC 2024 06 25 02 18 10.000000 2  -2.147396843677E-11 -1.974381769188E-11
AR GRAC 2024 06 25 02 18 20.000000 2  -2.475592821016E-11 -1.336048112421E-11
AR GRAC 2024 06 25 02 18 30.000000 2  -2.232922007017E-11 -1.676714149468E-11
AR GRAC 2024 06 25 02 18 40.000000 2  -2.380197601515E-11 -2.094380745221E-11
AR GRAC 2024 06 25 02 18 50.000000 2  -2.637042667564E-11 -1.598047215390E-11
AR GRAC 2024 06 25 02 19  0.000000 2  -1.937770777172E-11 -8.777139605398E-12
AR GRAC 2024 06 25 02 19 10.000000 2  -1.941255316218E-11 -1.342380546998E-11
AR GRAC 2024 06 25 02 19 20.000000 2  -2.740929358480E-11 -1.561047471843E-11
AR GRAC 2024 06 25 02 19 30.000000 2  -2.399684444210E-11 -2.488714442861E-11
AR GRAC 2024 06 25 02 19 40.000000 2  -1.902301059731E-11 -9.313817078693E-12
AR GRAC 2024 06 25 02 19 50.000000 2  -2.277233783488E-11 -2.034048797450E-11
AR GRAC 2024 06 25 02 20  0.000000 2  -1.942841720837E-11 -1.476716145199E-11
AR GRAC 2024 06 25 02 20 10.000000 2  -1.880018536682E-11 -1.189383314060E-11
AR GRAC 2024 06 25 02 20 20.000000 2  -2.325992870533E-11 -1.583051051357E-11
AR GRAC 2024 06 25 02 20 30.000000 2  -1.449942509807E-11 -1.282718549434E-11
AR GRAC 2024 06 25 02 20 40.000000 2  -2.065206339275E-11 -1.920386245857E-11
AR GRAC 2024 06 25 02 20 50.000000 2  -1.388513089229E-11 -1.737054076967E-11
AR GRAC 2024 06 25 02 21  0.000000 2  -1.962016660251E-11 -9.817222555719E-12
AR GRAC 2024 06 25 02 21 10.000000 2  -1.707685555463E-11 -2.253901926208E-12
AR GRAC 2024 06 25 02 21 20.000000 2  -1.560694629088E-11 -1.127058342487E-11
AR GRAC 2024 06 25 02 21 30.000000 2  -2.364396005372E-11 -1.597726465019E-11
AR GRAC 2024 06 25 02 21 40.000000 2  -1.423702475356E-11 -2.010394975493E-11
AR GRAC 2024 06 25 02 21 50.000000 2  -2.263264055336E-11 -2.174063706839E-11
AR GRAC 2024 06 25 02 22  0.000000 2  -1.377659618329E-11  1.354267826353E-11
AR GRAC 2024 06 25 02 22 10.000000 2  -1.935434104650E-11 -5.544010563130E-12
AR GRAC 2024 06 25 02 22 20.000000 2  -1.639411002785E-11 -3.660695878371E-12
AR GRAC 2024 06 25 02 22 30.000000 2  -1.294603573648E-11 -8.807387978649E-12
AR GRAC 2024 06 25 02 22 40.000000 2  -1.652183771739E-11 -1.796407987642E-11
AR GRAC 2024 06 25 02 22 50.000000 2  -1.741994742899E-11 -1.071076994458E-11
AR GRAC 2024 06 25 02 23  0.000000 2  -1.880217509465E-11 -5.087462135595E-12
AR GRAC 2024 06 25 02 23 10.000000 2  -1.447121762699E-11 -9.044156049076E-12
AR GRAC 2024 06 25 02 23 20.000000 2  -1.772769951669E-11  2.391484634021E-13
AR GRAC 2024 06 25 02 23 30.000000 2  -2.131166597363E-11 -1.090754830207E-11
AR GRAC 2024 06 25 02 23 40.000000 2  -1.416490015560E-11 -1.939424489061E-11
AR GRAC 2024 06 25 02 23 50.000000 2  -1.335689024662E-11 -1.060944409582E-12
AR GRAC 2024 06 25 02 24  0.000000 2  -1.327842957116E-11  8.692355862872E-12
AR GRAC 2024 06 25 02 24 10.000000 2  -1.655783322951E-11 -1.767434462674E-11
AR GRAC 2024 06 25 02 24 20.000000 2  -1.649791067648E-11 -1.905104546340E-11
AR GRAC 2024 06 25 02 24 30.000000 2  -1.564702013790E-11  1.114225205157E-11
AR GRAC 2024 06 25 02 24 40.000000 2  -1.520734059512E-11 -2.091445246155E-11
AR GRAC 2024 06 25 02 24 50.000000 2  -1.854241413191E-11 -6.581155759244E-12
AR GRAC 2024 06 25 02 25  0.000000 2  -1.477171163167E-11 -1.087863197961E-12
AR GRAC 2024 06 25 02 25 10.000000 2  -1.113478059755E-11 -2.414571364032E-12
AR GRAC 2024 06 25 02 25 20.000000 2  -1.196962060718E-11  4.887218559534E-13
AR GRAC 2024 06 25 02 25 30.000000 2  -1.609857039342E-11 -2.697990268696E-12
AR GRAC 2024 06 25 02 25 40.000000 2  -1.162358403972E-11  2.025530090877E-11
AR GRAC 2024 06 25 02 25 50.000000 2  -1.058681527860E-11 -1.589141145064E-11
AR GRAC 2024 06 25 02 26  0.000000 2  -1.597528359598E-11 -1.435812493206E-11
AR GRAC 2024 06 25 02 26 10.000000 2  -1.230927165752E-11 -4.414837852934E-12
AR GRAC 2024 06 25 02 26 20.000000 2  -1.670694312061E-11  3.558448240931E-12
AR GRAC 2024 06 25 02 26 30.000000 2  -1.254008875906E-11  2.301730637685E-12
AR GRAC 2024 06 25 02 26 40.000000 2  -1.206626899092E-11 -9.464984351837E-12
AR GRAC 2024 06 25 02 26 50.000000 2  -1.110331444842E-11 -4.531705306149E-12
AR GRAC 2024 06 25 02 27  0.000000 2  -1.210970039522E-11  1.429157573535E-11
AR GRAC 2024 06 25 02 27 10.000000 2  -1.383969328028E-11 -7.275143595192E-12
AR GRAC 2024 06 25 02 27 20.000000 2  -1.123342478065E-11  8.368134310488E-12
AR GRAC 2024 06 25 02 27 30.000000 2  -9.753637134069E-12  4.981411116933E-12
AR GRAC 2024 06 25 02 27 40.000000 2  -8.962524299105E-12  3.674687724248E-12
AR GRAC 2024 06 25 02 27 50.000000 2  -1.041505423571E-11  2.723796188597E-11
AR GRAC 2024 06 25 02 28  0.000000 2  -1.022054316180E-11  7.812368915845E-13
AR GRAC 2024 06 25 02 28 10.000000 2  -1.218888965454E-11 -1.045549150730E-11
AR GRAC 2024 06 25 02 28 20.000000 2  -1.130311382685E-11  2.102778021151E-11
AR GRAC 2024 06 25 02 28 30.000000 2  -9.801980407897E-12  1.028105031664E-11
AR GRAC 2024 06 25 02 28 40.000000 2  -8.793519731820E-12  4.244321907820E-12
AR GRAC 2024 06 25 02 28 50.000000 2  -7.985639059738E-12 -5.032409818723E-12
AR GRAC 2024 06 25 02 29  0.000000 2  -9.772484037274E-12  5.230856546523E-12
AR GRAC 2024 06 25 02 29 10.000000 2  -9.356914548730E-12  8.494122939740E-12
AR GRAC 2024 06 25 02 29 20.000000 2  -4.907956853428E-12  7.277387026328E-12
AR GRAC 2024 06 25 02 29 30.000000 2  -8.137730073132E-12  9.940652467844E-12
AR GRAC 2024 06 25 02 29 40.000000 2  -1.122081919568E-12 -1.000608537000E-11
AR GRAC 2024 06 25 02 29 50.000000 2  -1.023352149548E-11  8.557175801283E-12
AR GRAC 2024 06 25 02 30  0.000000 2  -9.370092375616E-12  1.357043730860E-11
AR GRAC 2024 06 25 02 30 10.000000 2  -5.437574435857E-12  1.377369659300E-11
AR GRAC 2024 06 25 02 30 20.000000 2  -4.948326904480E-12  1.659695471334E-11
AR GRAC 2024 06 25 02 30 30.000000 2  -1.131983309172E-11 -1.329786758139E-12
AR GRAC 2024 06 25 02 30 40.000000 2  -6.981646163973E-12  7.663468817865E-12
AR GRAC 2024 06 25 02 30 50.000000 2  -5.784790181596E-12  1.123672422471E-11
AR GRAC 2024 06 25 02 31  0.000000 2  -7.711353257334E-12  1.615997613502E-11
AR GRAC 2024 06 25 02 31 10.000000 2  -5.705400561717E-12  8.753231646452E-12
AR GRAC 2024 06 25 02 31 20.000000 2  -1.115595896911E-12  1.885648234778E-11
AR GRAC 2024 06 25 02 31 30.000000 2  -4.134833968272E-12  2.431973372685E-11
AR GRAC 2024 06 25 02 31 40.000000 2  -3.574047958629E-12  6.832984698890E-12
AR GRAC 2024 06 25 02 31 50.000000 2  -4.995479290643E-12  1.803623049523E-11
AR GRAC 2024 06 25 02 32  0.000000 2  -4.734958519020E-12  1.035948063444E-11
AR GRAC 2024 06 25 02 32 10.000000 2  -7.430772143435E-12  1.517272418816E-11
AR GRAC 2024 06 25 02 32 20.000000 2  -4.462450374498E-12  9.365970672637E-12
AR GRAC 2024 06 25 02 32 30.000000 2  -2.495255954985E-12  2.720921404853E-11
AR GRAC 2024 06 25 02 32 40.000000 2  -1.056930042619E-12  4.272458688920E-12
AR GRAC 2024 06 25 02 32 50.000000 2  -3.095877070328E-12  1.877569801023E-11
AR GRAC 2024 06 25 02 33  0.000000 2  -7.722188773845E-13  8.058939800215E-12
AR GRAC 2024 06 25 02 33 10.000000 2   2.653974282907E-14  2.829218109790E-11
AR GRAC 2024 06 25 02 33 20.000000 2  -5.880513524043E-12  1.855541761908E-11
AR GRAC 2024 06 25 02 33 30.000000 2   2.738838615537E-13  1.889865694493E-11
AR GRAC 2024 06 25 02 33 40.000000 2  -5.372382226587E-13  1.750189056182E-11
AR GRAC 2024 06 25 02 33 50.000000 2   1.168111505960E-12  2.007512558966E-11
AR GRAC 2024 06 25 02 34  0.000000 2   4.085258607095E-12  2.032836052268E-11
AR GRAC 2024 06 25 02 34 10.000000 2   3.520329427270E-12  3.314159363610E-11
AR GRAC 2024 06 25 02 34 20.000000 2   3.558226413167E-12  1.070482678195E-11
AR GRAC 2024 06 25 02 34 30.000000 2  -3.381743452976E-12  1.316805692264E-11
AR GRAC 2024 06 25 02 34 40.000000 2   1.659021444528E-12  2.186128535142E-11
AR GRAC 2024 06 25 02 34 50.000000 2  -4.336671267317E-13  2.130451544347E-11
AR GRAC 2024 06 25 02 35  0.000000 2   1.724305919402E-12  1.894774268041E-11
AR GRAC 2024 06 25 02 35 10.000000 2   2.827892867791E-12  2.744096963547E-11
AR GRAC 2024 06 25 02 35 20.000000 2  -5.181312735629E-13  2.456419269381E-11
AR GRAC 2024 06 25 02 35 30.000000 2   3.185278646747E-13  1.362741950534E-11
AR GRAC 2024 06 25 02 35 40.000000 2   8.120412979193E-13  2.185064108817E-11
AR GRAC 2024 06 25 02 35 50.000000 2   2.611499124588E-12  9.623862470831E-12
AR GRAC 2024 06 25 02 36  0.000000 2   6.281119829983E-13  2.178708428946E-11
AR GRAC 2024 06 25 02 36 10.000000 2  -2.680652574916E-12  3.139030355093E-11
AR GRAC 2024 06 25 02 36 20.000000 2   7.385563514928E-12  2.710352255131E-11
AR GRAC 2024 06 25 02 36 30.000000 2   5.475667228666E-12  2.577674011739E-11
AR GRAC 2024 06 25 02 36 40.000000 2   8.001924643730E-12  2.178995699154E-11
AR GRAC 2024 06 25 02 36 50.000000 2   2.815242396842E-12  2.581317104511E-11
AR GRAC 2024 06 25 02 37  0.000000 2   4.018397160160E-12  2.191638710791E-11
AR GRAC 2024 06 25 02 37 10.000000 2   5.271897501880E-12  3.143959745322E-11
AR GRAC 2024 06 25 02 37 20.000000 2   1.976777899357E-12  2.689281089485E-11
AR GRAC 2024 06 25 02 37 30.000000 2   4.318972696843E-12  2.818602122534E-11
AR GRAC 2024 06 25 02 37 40.000000 2   3.690772947679E-12  2.072923083185E-11
AR GRAC 2024 06 25 02 37 50.000000 2   3.205898220504E-12  3.047243707366E-11
AR GRAC 2024 06 25 02 38  0.000000 2   7.039720369140E-12  2.236564926317E-11
AR GRAC 2024 06 25 02 38 10.000000 2   5.016992897511E-12  2.035885349194E-11
AR GRAC 2024 06 25 02 38 20.000000 2   4.956176094528E-12  3.922206309737E-11
AR GRAC 2024 06 25 02 38 30.000000 2   1.080448057411E-11  2.180526419149E-11
AR GRAC 2024 06 25 02 38 40.000000 2   6.662195534829E-12  2.929846643074E-11
AR GRAC 2024 06 25 02 38 50.000000 2   1.247725360531E-11  3.451166782908E-11
AR GRAC 2024 06 25 02 39  0.000000 2   3.396212781490E-12  2.595487193224E-11
AR GRAC 2024 06 25 02 39 10.000000 2   8.560744994834E-12  3.086806851793E-11
AR GRAC 2024 06 25 02 39 20.000000 2   3.608004520150E-12  3.372126883283E-11
AR GRAC 2024 06 25 02 39 30.000000 2   9.374129077144E-12  2.100446552800E-11
AR GRAC 2024 06 25 02 39 40.000000 2   1.751450113413E-12  3.535766124330E-11
AR GRAC 2024 06 25 02 39 50.000000 2   7.534316920355E-12  2.998085807393E-11
AR GRAC 2024 06 25 02 40  0.000000 2   9.860676511431E-12  3.090405015227E-11
AR GRAC 2024 06 25 02 40 10.000000 2   7.453954987968E-12  3.986724839145E-11
AR GRAC 2024 06 25 02 40 20.000000 2   6.966751394527E-12  2.496043649547E-11
AR GRAC 2024 06 25 02 40 30.000000 2   8.563884844326E-12  2.761363013248E-11
AR GRAC 2024 06 25 02 40 40.000000 2   1.131051242248E-11  3.246681742897E-11
AR GRAC 2024 06 25 02 40 50.000000 2   1.198288083343E-11  2.741000655615E-11
AR GRAC 2024 06 25 02 41  0.000000 2   7.508176372295E-12  2.359319510592E-11
AR GRAC 2024 06 25 02 41 10.000000 2   5.599286659330E-12  3.106637863626E-11
AR GRAC 2024 06 25 02 41 20.000000 2   5.232058276211E-12  3.341956572589E-11
AR GRAC 2024 06 25 02 41 30.000000 2   1.063351403457E-11  3.446275209651E-11
AR GRAC 2024 06 25 02 41 40.000000 2   1.028062270730E-11  3.574593399058E-11
AR GRAC 2024 06 25 02 41 50.000000 2   9.996239079546E-12  2.750911824723E-11
AR GRAC 2024 06 25 02 42  0.000000 2   1.027726601738E-11  2.597229722956E-11
AR GRAC 2024 06 25 02 42 10.000000 2   1.159594382322E-11  4.263547501160E-11
AR GRAC 2024 06 25 02 42 20.000000 2   7.078905170377E-12  3.883865798415E-11
AR GRAC 2024 06 25 02 42 30.000000 2   1.144015524673E-11  2.106183283335E-11
AR GRAC 2024 06 25 02 42 40.000000 2   1.088351457568E-11  4.263500663626E-11
AR GRAC 2024 06 25 02 42 50.000000 2   1.096007486157E-11  2.528818647540E-11
AR GRAC 2024 06 25 02 43  0.000000 2   1.226192151288E-11  2.844135864322E-11
AR GRAC 2024 06 25 02 43 10.000000 2   9.243249395052E-12  3.155453329184E-11
AR GRAC 2024 06 25 02 43 20.000000 2   1.368890070741E-11  4.796770619597E-11
AR GRAC 2024 06 25 02 43 30.000000 2   1.164614845534E-11  1.269087786249E-11
AR GRAC 2024 06 25 02 43 40.000000 2   9.924172594822E-12  3.693404956873E-11
AR GRAC 2024 06 25 02 43 50.000000 2   1.398849265588E-11  3.661721620363E-11
AR GRAC 2024 06 25 02 44  0.000000 2   1.230608236841E-11  4.590038418795E-11
AR GRAC 2024 06 25 02 44 10.000000 2   9.953182375511E-12  2.301354939949E-11
AR GRAC 2024 06 25 02 44 20.000000 2   1.363734559306E-11  3.743671692091E-11
AR GRAC 2024 06 25 02 44 30.000000 2   1.715461279972E-11  3.388987701580E-11
AR GRAC 2024 06 25 02 44 40.000000 2   1.150893182839E-11  4.939304174001E-11
AR GRAC 2024 06 25 02 44 50.000000 2   1.488550428752E-11  3.095620634830E-11
AR GRAC 2024 06 25 02 45  0.000000 2   1.391459863997E-11  4.955936355744E-11
AR GRAC 2024 06 25 02 45 10.000000 2   1.318555594571E-11  4.293252905962E-11
AR GRAC 2024 06 25 02 45 20.000000 2   1.546065185598E-11  2.351568592629E-11
AR GRAC 2024 06 25 02 45 30.000000 2   1.253110375882E-11  3.553884270202E-11
AR GRAC 2024 06 25 02 45 40.000000 2   1.071165899036E-11  3.025199882267E-11
AR GRAC 2024 06 25 02 45 50.000000 2   1.332551863992E-11  4.316515547775E-11
AR GRAC 2024 06 25 02 46  0.000000 2   1.240639969230E-11  3.761831124383E-11
AR GRAC 2024 06 25 02 46 10.000000 2   1.178136407876E-11  3.849146348878E-11
AR GRAC 2024 06 25 02 46 20.000000 2   1.816390614306E-11  3.029461403958E-11
AR GRAC 2024 06 25 02 46 30.000000 2   1.059181128221E-11  4.110776996580E-11
AR GRAC 2024 06 25 02 46 40.000000 2   1.450465702407E-11  3.331091652514E-11
AR GRAC 2024 06 25 02 46 50.000000 2   1.642155335324E-11  3.746406657124E-11
AR GRAC 2024 06 25 02 47  0.000000 2   1.908725955069E-11  4.139721204721E-11
AR GRAC 2024 06 25 02 47 10.000000 2   1.579576226762E-11  2.804035996451E-11
AR GRAC 2024 06 25 02 47 20.000000 2   1.390590854272E-11  1.540350659524E-11
AR GRAC 2024 06 25 02 47 30.000000 2   1.900530600951E-11  5.557665092026E-11
AR GRAC 2024 06 25 02 47 40.000000 2   1.723367108741E-11  3.667979461830E-11
AR GRAC 2024 06 25 02 47 50.000000 2   1.834962216896E-11  5.216293716415E-11
AR GRAC 2024 06 25 02 48  0.000000 2   1.666506516118E-11  3.697607844910E-11
AR GRAC 2024 06 25 02 48 10.000000 2   1.354857805808E-11  3.848921528715E-11
AR GRAC 2024 06 25 02 48 20.000000 2   1.591436704640E-11  4.386235472054E-11
AR GRAC 2024 06 25 02 48 30.000000 2   1.775733032838E-11  3.350549351855E-11
AR GRAC 2024 06 25 02 48 40.000000 2   1.943076949340E-11  4.383863064228E-11
AR GRAC 2024 06 25 02 48 50.000000 2   2.168123840185E-11  3.235176709859E-11
AR GRAC 2024 06 25 02 49  0.000000 2   1.229236330780E-11  3.694489852935E-11
AR GRAC 2024 06 25 02 49 10.000000 2   1.516060714468E-11  4.480803228457E-11
AR GRAC 2024 06 25 02 49 20.000000 2   2.088169047398E-11  2.230116785684E-11
AR GRAC 2024 06 25 02 49 30.000000 2   2.293360640282E-11  4.626429794818E-11
AR GRAC 2024 06 25 02 49 40.000000 2   1.893233660122E-11  3.447742785712E-11
AR GRAC 2024 06 25 02 49 50.000000 2   1.987482227406E-11  3.771055689938E-11
AR GRAC 2024 06 25 02 50  0.000000 2   1.889386216924E-11  4.055368540978E-11
AR GRAC 2024 06 25 02 50 10.000000 2   2.104267801672E-11  3.679680865565E-11
AR GRAC 2024 06 25 02 50 20.000000 2   2.242987393042E-11  5.301993913354E-11
AR GRAC 2024 06 25 02 50 30.000000 2   1.960816578550E-11  1.715306195693E-11
AR GRAC 2024 06 25 02 50 40.000000 2   1.739706122217E-11  5.272618799901E-11
AR GRAC 2024 06 25 02 50 50.000000 2   2.383961951458E-11  4.290930805118E-11
AR GRAC 2024 06 25 02 51  0.000000 2   1.579615258041E-11  2.932242643139E-11
AR GRAC 2024 06 25 02 51 10.000000 2   1.963240854608E-11  2.524554870709E-11
AR GRAC 2024 06 25 02 51 20.000000 2   1.699183849180E-11  4.529866759473E-11
AR GRAC 2024 06 25 02 51 30.000000 2   1.914568677208E-11  4.301178510580E-11
AR GRAC 2024 06 25 02 51 40.000000 2   2.086344985663E-11  4.685490537226E-11
AR GRAC 2024 06 25 02 51 50.000000 2   1.965676232896E-11  3.893801600596E-11
AR GRAC 2024 06 25 02 52  0.000000 2   2.585116322396E-11  2.886113396883E-11
AR GRAC 2024 06 25 02 52 10.000000 2   1.953499688401E-11  4.017424587444E-11
AR GRAC 2024 06 25 02 52 20.000000 2   2.016933842164E-11  3.569736173326E-11
AR GRAC 2024 06 25 02 52 30.000000 2   2.093440525097E-11  5.310047193618E-11
AR GRAC 2024 06 25 02 52 40.000000 2   2.331275623935E-11  4.059358058028E-11
AR GRAC 2024 06 25 02 52 50.000000 2   2.252405033321E-11  4.192669128544E-11
AR GRAC 2024 06 25 02 53  0.000000 2   2.274122556933E-11  4.224979741063E-11
AR GRAC 2024 06 25 02 53 10.000000 2   2.277734424683E-11  2.858290340524E-11
AR GRAC 2024 06 25 02 53 20.000000 2   2.310233775116E-11  4.910601092423E-11
AR GRAC 2024 06 25 02 53 30.000000 2   1.925281115089E-11  3.486911454020E-11
AR GRAC 2024 06 25 02 53 40.000000 2   2.352540037776E-11  4.815221832377E-11
AR GRAC 2024 06 25 02 53 50.000000 2   2.602863757861E-11  3.578532262183E-11
AR GRAC 2024 06 25 02 54  0.000000 2   2.289438950920E-11  4.148842033813E-11
AR GRAC 2024 06 25 02 54 10.000000 2   2.394952465512E-11  2.943151972135E-11
AR GRAC 2024 06 25 02 54 20.000000 2   2.454976152921E-11  2.945462276860E-11
AR GRAC 2024 06 25 02 54 30.000000 2   2.148861817652E-11  3.893772110297E-11
AR GRAC 2024 06 25 02 54 40.000000 2   2.670956858464E-11  4.423081692573E-11
AR GRAC 2024 06 25 02 54 50.000000 2   2.364895085316E-11  3.674391346742E-11
AR GRAC 2024 06 25 02 55  0.000000 2   2.362666659539E-11  4.493700897501E-11
AR GRAC 2024 06 25 02 55 10.000000 2   2.550490894870E-11  3.429010200784E-11
AR GRAC 2024 06 25 02 55 20.000000 2   2.105176449829E-11  3.795319614142E-11
AR GRAC 2024 06 25 02 55 30.000000 2   2.016360342583E-11  4.039628700991E-11
AR GRAC 2024 06 25 02 55 40.000000 2   2.199956015969E-11  2.921937691802E-11
AR GRAC 2024 06 25 02 55 50.000000 2   2.572760407493E-11  4.082246346515E-11
AR GRAC 2024 06 25 02 56  0.000000 2   2.477156327285E-11  3.245555560416E-11
AR GRAC 2024 06 25 02 56 10.000000 2   2.787021308182E-11  4.678863893548E-11
AR GRAC 2024 06 25 02 56 20.000000 2   2.348931466001E-11  4.307172674078E-11
AR GRAC 2024 06 25 02 56 30.000000 2   2.244502847470E-11  2.048481002881E-11
AR GRAC 2024 06 25 02 56 40.000000 2   2.383779111603E-11  4.904789421833E-11
AR GRAC 2024 06 25 02 56 50.000000 2   2.786471400840E-11  1.836097766883E-11
AR GRAC 2024 06 25 02 57  0.000000 2   2.109315153098E-11  3.726405642390E-11
AR GRAC 2024 06 25 02 57 10.000000 2   2.014826673558E-11  2.709713876892E-11
AR GRAC 2024 06 25 02 57 20.000000 2   2.336663328106E-11  3.177021840051E-11
AR GRAC 2024 06 25 02 57 30.000000 2   2.715317033719E-11  3.101329609789E-11
AR GRAC 2024 06 25 02 57 40.000000 2   2.793054676431E-11  3.557637170970E-11
AR GRAC 2024 06 25 02 57 50.000000 2   2.653941302833E-11  3.467944681423E-11
AR GRAC 2024 06 25 02 58  0.000000 2   2.277956642760E-11  3.804252399209E-11
AR GRAC 2024 06 25 02 58 10.000000 2   2.558997978797E-11  3.187559938223E-11
AR GRAC 2024 06 25 02 58 20.000000 2   2.488941691636E-11  2.748867106162E-11
AR GRAC 2024 06 25 02 58 30.000000 2   3.053415506549E-11  4.038174308829E-11
AR GRAC 2024 06 25 02 58 40.000000 2   2.908062853024E-11  3.020481087468E-11
AR GRAC 2024 06 25 02 58 50.000000 2   3.202096574006E-11  3.652788488351E-11
AR GRAC 2024 06 25 02 59  0.000000 2   2.138759828962E-11  3.543094637126E-11
AR GRAC 2024 06 25 02 59 10.000000 2   2.871559240392E-11  2.960401715435E-11
AR GRAC 2024 06 25 02 59 20.000000 2   2.838088271340E-11  3.187708083607E-11
AR GRAC 2024 06 25 02 59 30.000000 2   2.534155524314E-11  4.713015047675E-11
AR GRAC 2024 06 25 02 59 40.000000 2   2.606202580135E-11  3.508320717271E-11
AR GRAC 2024 06 25 02 59 50.000000 2   2.409450243490E-11  5.083627269142E-11
AR GRAC 2024 06 25 03 00  0.000000 2   2.782718153127E-11  3.111933627453E-11
AR GRAC 2024 06 25 03 00 10.000000 2   2.711107553732E-11  2.670239376834E-11
AR GRAC 2024 06 25 03 00 20.000000 2   2.945822058509E-11  3.306545315329E-11
AR GRAC 2024 06 25 03 00 30.000000 2   2.421875894276E-11  3.727851013990E-11
AR GRAC 2024 06 25 03 00 40.000000 2   2.865906817417E-11  3.598157188867E-11
AR GRAC 2024 06 25 03 00 50.000000 2   2.875463755991E-11  3.175462670590E-11
AR GRAC 2024 06 25 03 01  0.000000 2   2.411971837535E-11  4.441767786911E-11
AR GRAC 2024 06 25 03 01 10.000000 2   2.721968657415E-11  3.535073622718E-11
AR GRAC 2024 06 25 03 01 20.000000 2   2.987748243255E-11  4.106378778679E-11
AR GRAC 2024 06 25 03 01 30.000000 2   2.675132858287E-11  2.569683875409E-11
AR GRAC 2024 06 25 03 01 40.000000 2   2.311509143815E-11  4.070988685045E-11
AR GRAC 2024 06 25 03 01 50.000000 2   3.068513498850E-11  2.494293833977E-11
AR GRAC 2024 06 25 03 02  0.000000 2   2.846000345114E-11  2.500598686450E-11
AR GRAC 2024 06 25 03 02 10.000000 2   3.154200164945E-11  3.132903311776E-11
AR GRAC 2024 06 25 03 02 20.000000 2   2.833973160310E-11  3.519208188751E-11
AR GRAC 2024 06 25 03 02 30.000000 2   2.499416472401E-11  3.010512672486E-11
AR GRAC 2024 06 25 03 02 40.000000 2   2.497776291355E-11  3.091816733192E-11
AR GRAC 2024 06 25 03 02 50.000000 2   2.845006175090E-11  3.206121479415E-11
AR GRAC 2024 06 25 03 03  0.000000 2   2.970013124326E-11  3.190425354460E-11
AR GRAC 2024 06 25 03 03 10.000000 2   2.865270000429E-11  4.948729273591E-11
AR GRAC 2024 06 25 03 03 20.000000 2   2.964532438976E-11  3.536033271745E-11
AR GRAC 2024 06 25 03 03 30.000000 2   2.595537153260E-11  3.457337194313E-11
AR GRAC 2024 06 25 03 03 40.000000 2   3.092278863526E-11  4.422641072810E-11
AR GRAC 2024 06 25 03 03 50.000000 2   2.659848903630E-11  3.950944432729E-11
AR GRAC 2024 06 25 03 04  0.000000 2   3.196589173915E-11  1.735248056356E-11
AR GRAC 2024 06 25 03 04 10.000000 2   3.002446208322E-11  3.160551334536E-11
AR GRAC 2024 06 25 03 04 20.000000 2   2.574552550316E-11  3.144854862636E-11
AR GRAC 2024 06 25 03 04 30.000000 2   2.471014538818E-11  2.079157679358E-11
AR GRAC 2024 06 25 03 04 40.000000 2   2.872795230868E-11  3.171461010476E-11
AR GRAC 2024 06 25 03 04 50.000000 2   3.191518577195E-11  4.106763887290E-11
AR GRAC 2024 06 25 03 05  0.000000 2   2.938047721779E-11  3.392066488805E-11
AR GRAC 2024 06 25 03 05 10.000000 2   3.260997721855E-11  2.822369248034E-11
AR GRAC 2024 06 25 03 05 20.000000 2   2.282699897160E-11  2.826672056144E-11
AR GRAC 2024 06 25 03 05 30.000000 2   2.638060603299E-11  2.919974678717E-11
AR GRAC 2024 06 25 03 05 40.000000 2   2.935477208532E-11  3.031276618604E-11
AR GRAC 2024 06 25 03 05 50.000000 2   2.472618117200E-11  3.115579322310E-11
AR GRAC 2024 06 25 03 06  0.000000 2   3.378936366816E-11  3.495881362170E-11
AR GRAC 2024 06 25 03 06 10.000000 2   2.713232936935E-11  2.527183497192E-11
AR GRAC 2024 06 25 03 06 20.000000 2   2.706592068524E-11  3.197485332063E-11
AR GRAC 2024 06 25 03 06 30.000000 2   3.132710063580E-11  2.695787169882E-11
AR GRAC 2024 06 25 03 06 40.000000 2   3.101041992637E-11  3.696088921035E-11
AR GRAC 2024 06 25 03 06 50.000000 2   2.621536147884E-11  2.959390718593E-11
AR GRAC 2024 06 25 03 07  0.000000 2   2.993172029675E-11  3.065692144588E-11
AR GRAC 2024 06 25 03 07 10.000000 2   2.646139730944E-11  2.756993591757E-11
AR GRAC 2024 06 25 03 07 20.000000 2   3.107841414773E-11  2.716294897342E-11
AR GRAC 2024 06 25 03 07 30.000000 2   2.496450789147E-11  2.503595941672E-11
AR GRAC 2024 06 25 03 07 40.000000 2   2.590638641109E-11  2.482897047684E-11
AR GRAC 2024 06 25 03 07 50.000000 2   2.720976048642E-11  2.759197904878E-11
AR GRAC 2024 06 25 03 08  0.000000 2   2.598239505491E-11  2.457498787800E-11
AR GRAC 2024 06 25 03 08 10.000000 2   2.609597607450E-11  2.359799508578E-11
AR GRAC 2024 06 25 03 08 20.000000 2   2.294540425718E-11  3.102100173957E-11
AR GRAC 2024 06 25 03 08 30.000000 2   3.056605316076E-11  3.891400743306E-11
AR GRAC 2024 06 25 03 08 40.000000 2   2.464821576009E-11  2.998701287282E-11
AR GRAC 2024 06 25 03 08 50.000000 2   2.400219085985E-11  2.750001441842E-11
AR GRAC 2024 06 25 03 09  0.000000 2   1.955815891186E-11  2.761301604037E-11
AR GRAC 2024 06 25 03 09 10.000000 2   2.680451520465E-11  1.784601459665E-11
AR GRAC 2024 06 25 03 09 20.000000 2   2.474666478680E-11  3.030901571388E-11
AR GRAC 2024 06 25 03 09 30.000000 2   2.719876927848E-11  2.888201310058E-11
AR GRAC 2024 06 25 03 09 40.000000 2   2.366370294160E-11  3.358501324269E-11
AR GRAC 2024 06 25 03 09 50.000000 2   2.552518092724E-11  1.620800889335E-11
AR GRAC 2024 06 25 03 10  0.000000 2   2.215273624262E-11  2.402100220122E-11
AR GRAC 2024 06 25 03 10 10.000000 2   2.526525690050E-11  1.652399744811E-11
AR GRAC 2024 06 25 03 10 20.000000 2   2.402718128625E-11  3.738698933775E-11
AR GRAC 2024 06 25 03 10 30.000000 2   1.944005893761E-11  3.483998159415E-11
AR GRAC 2024 06 25 03 10 40.000000 2   2.436262303007E-11  3.138297260952E-11
AR GRAC 2024 06 25 03 10 50.000000 2   1.766200380393E-11  2.664596147894E-11
AR GRAC 2024 06 25 03 11  0.000000 2   1.667741118816E-11  2.366895221484E-11
AR GRAC 2024 06 25 03 11 10.000000 2   2.119004624546E-11  3.692193772942E-11
AR GRAC 2024 06 25 03 11 20.000000 2   2.511574455355E-11  2.527492451443E-11
AR GRAC 2024 06 25 03 11 30.000000 2   2.257135277295E-11  1.257909249854E-12
AR GRAC 2024 06 25 03 11 40.000000 2   2.257300422970E-11  2.419089581429E-11
AR GRAC 2024 06 25 03 11 50.000000 2   1.800779664274E-11  2.496387471740E-11
AR GRAC 2024 06 25 03 12  0.000000 2   1.513167716127E-11  3.702686074414E-11
AR GRAC 2024 06 25 03 12 10.000000 2   1.731544942152E-11  2.123984148283E-11
AR GRAC 2024 06 25 03 12 20.000000 2   2.111391270154E-11  2.759281865494E-11
AR GRAC 2024 06 25 03 12 30.000000 2   1.681696448763E-11  2.486579865624E-11
AR GRAC 2024 06 25 03 12 40.000000 2   1.322362445239E-11  1.465877419449E-11
AR GRAC 2024 06 25 03 12 50.000000 2   1.910450096732E-11  3.510175136667E-11
AR GRAC 2024 06 25 03 13  0.000000 2   1.513507548456E-11  2.603472645801E-11
AR GRAC 2024 06 25 03 13 10.000000 2   1.659293709377E-11  1.629769930123E-11
AR GRAC 2024 06 25 03 13 20.000000 2   1.217123797581E-11  2.600067383618E-11
AR GRAC 2024 06 25 03 13 30.000000 2   1.797854053132E-11  1.718364686654E-11
AR GRAC 2024 06 25 03 13 40.000000 2   1.419255078045E-11  2.544661530102E-11
AR GRAC 2024 06 25 03 13 50.000000 2   1.318962907643E-11  2.816958645513E-11
AR GRAC 2024 06 25 03 14  0.000000 2   1.628421009148E-11  2.036255539184E-11
AR GRAC 2024 06 25 03 14 10.000000 2   1.975545768640E-11  1.625552123463E-11
AR GRAC 2024 06 25 03 14 20.000000 2   1.481123557134E-11  4.022849067753E-11
AR GRAC 2024 06 25 03 14 30.000000 2   1.623083091540E-11  1.309145500339E-11
AR GRAC 2024 06 25 03 14 40.000000 2   1.325007898539E-11  1.750441805393E-11
AR GRAC 2024 06 25 03 14 50.000000 2   1.437005462540E-11  2.150738094564E-11
AR GRAC 2024 06 25 03 15  0.000000 2   1.100978769958E-11  8.910344684310E-12
AR GRAC 2024 06 25 03 15 10.000000 2   1.268095177476E-11  1.609330550767E-11
AR GRAC 2024 06 25 03 15 20.000000 2   9.771000848702E-12  3.038626295027E-11
AR GRAC 2024 06 25 03 15 30.000000 2   1.056213363299E-11  2.035922125332E-11
AR GRAC 2024 06 25 03 15 40.000000 2   1.434609375739E-11  3.488218394687E-11
AR GRAC 2024 06 25 03 15 50.000000 2   9.200891784578E-12  7.255137029344E-12
AR GRAC 2024 06 25 03 16  0.000000 2   1.125387196627E-11  3.207809018413E-11
AR GRAC 2024 06 25 03 16 10.000000 2   1.041710207678E-11  1.845104798115E-11
AR GRAC 2024 06 25 03 16 20.000000 2   9.534872891237E-12  2.644399976770E-11
AR GRAC 2024 06 25 03 16 30.000000 2   7.874811046304E-12  1.054695133312E-11
AR GRAC 2024 06 25 03 16 40.000000 2   1.329982651788E-11  1.761990379989E-11
AR GRAC 2024 06 25 03 16 50.000000 2   7.304309934675E-12  9.272853318532E-12
AR GRAC 2024 06 25 03 17  0.000000 2   8.329526304807E-12  3.741579962524E-11
AR GRAC 2024 06 25 03 17 10.000000 2   7.582748665080E-12  1.244874862916E-11
AR GRAC 2024 06 25 03 17 20.000000 2   1.170886651525E-11  2.025169441866E-11
AR GRAC 2024 06 25 03 17 30.000000 2   2.256928368152E-12  1.544464209302E-11
AR GRAC 2024 06 25 03 17 40.000000 2   7.461702263012E-12  1.680758310307E-11
AR GRAC 2024 06 25 03 17 50.000000 2   5.597460862872E-12  1.033052809962E-11
AR GRAC 2024 06 25 03 18  0.000000 2   2.130667438984E-16  2.931346831936E-11
AR GRAC 2024 06 25 03 18 10.000000 2   7.865320374167E-12  1.692640992645E-11
AR GRAC 2024 06 25 03 18 20.000000 2   1.495367821540E-13  2.925935188580E-11
AR GRAC 2024 06 25 03 18 30.000000 2   3.359984274316E-13  2.288228981295E-11
AR GRAC 2024 06 25 03 18 40.000000 2   4.486206111459E-12  6.735226525806E-12
AR GRAC 2024 06 25 03 18 50.000000 2  -5.095099011752E-14  1.804816539275E-11
AR GRAC 2024 06 25 03 19  0.000000 2   2.490900064336E-12  1.419109881690E-11
AR GRAC 2024 06 25 03 19 10.000000 2   6.132648208701E-12  2.809403230886E-11
AR GRAC 2024 06 25 03 19 20.000000 2  -2.496050241496E-12  8.056966552261E-12
AR GRAC 2024 06 25 03 19 30.000000 2   2.918140176115E-13  3.499898938372E-12
AR GRAC 2024 06 25 03 19 40.000000 2   1.031214501811E-12  1.110282872585E-11
AR GRAC 2024 06 25 03 19 50.000000 2   3.602800349722E-12  2.269576020175E-11
AR GRAC 2024 06 25 03 20  0.000000 2  -1.039506805287E-12  2.042868825491E-11
AR GRAC 2024 06 25 03 20 10.000000 2   6.700378966940E-12  1.821161624282E-11
AR GRAC 2024 06 25 03 20 20.000000 2  -4.404015346848E-12  2.528454355610E-11
AR GRAC 2024 06 25 03 20 30.000000 2   6.639738672071E-13  6.507467308070E-12
AR GRAC 2024 06 25 03 20 40.000000 2   1.163633750988E-12  2.225039250070E-11
AR GRAC 2024 06 25 03 20 50.000000 2  -8.594517458826E-12  9.253315128022E-12
AR GRAC 2024 06 25 03 21  0.000000 2  -1.668323790747E-12  7.136239515981E-12
AR GRAC 2024 06 25 03 21 10.000000 2   3.467320289392E-13  1.065915845172E-11
AR GRAC 2024 06 25 03 21 20.000000 2  -6.719446180026E-12  1.477207939304E-11
AR GRAC 2024 06 25 03 21 30.000000 2  -5.907917818154E-12  2.002499902010E-11
AR GRAC 2024 06 25 03 21 40.000000 2  -3.426274671967E-12  6.797915962781E-12
AR GRAC 2024 06 25 03 21 50.000000 2  -6.537038705484E-12  1.468082946876E-11
AR GRAC 2024 06 25 03 22  0.000000 2  -9.307833150063E-12  1.192374931430E-11
AR GRAC 2024 06 25 03 22 10.000000 2  -5.600888676460E-12  1.297666054473E-11
AR GRAC 2024 06 25 03 22 20.000000 2  -4.729233497869E-12  1.576957661675E-11
AR GRAC 2024 06 25 03 22 30.000000 2  -8.899635368931E-12  7.624871328944E-13
AR GRAC 2024 06 25 03 22 40.000000 2  -3.744901524300E-12  1.603539870332E-11
AR GRAC 2024 06 25 03 22 50.000000 2  -6.448473265780E-12  2.510830779401E-11
AR GRAC 2024 06 25 03 23  0.000000 2  -6.678331498922E-12  1.440121719792E-11
AR GRAC 2024 06 25 03 23 10.000000 2  -9.152843413740E-12  2.170412460867E-11
AR GRAC 2024 06 25 03 23 20.000000 2  -5.371436802293E-12  9.647033172300E-12
AR GRAC 2024 06 25 03 23 30.000000 2  -1.001312140841E-11  7.609936986119E-12
AR GRAC 2024 06 25 03 23 40.000000 2  -1.296163263526E-11  1.188284193265E-11
AR GRAC 2024 06 25 03 23 50.000000 2  -1.072503631044E-11  5.605745902193E-12
AR GRAC 2024 06 25 03 24  0.000000 2  -6.710096887852E-12  2.003864782441E-11
AR GRAC 2024 06 25 03 24 10.000000 2  -1.313082455268E-11  2.488154994540E-11
AR GRAC 2024 06 25 03 24 20.000000 2  -8.413655189221E-12  6.044450096693E-12
AR GRAC 2024 06 25 03 24 30.000000 2  -1.214641234815E-11  1.777734730257E-11
AR GRAC 2024 06 25 03 24 40.000000 2  -6.447562535955E-12  4.840246259352E-12
AR GRAC 2024 06 25 03 24 50.000000 2  -1.160926476479E-11  1.404314338427E-11
AR GRAC 2024 06 25 03 25  0.000000 2  -1.511360134265E-11  1.017603796366E-11
AR GRAC 2024 06 25 03 25 10.000000 2  -1.110818208250E-11  1.098932685302E-12
AR GRAC 2024 06 25 03 25 20.000000 2  -1.322972720957E-11  3.459182593146E-11
AR GRAC 2024 06 25 03 25 30.000000 2  -1.603788803151E-11  3.964718310601E-12
AR GRAC 2024 06 25 03 25 40.000000 2  -1.596715294705E-11  1.929761211938E-11
AR GRAC 2024 06 25 03 25 50.000000 2  -1.825527402854E-11  3.310498576659E-12
AR GRAC 2024 06 25 03 26  0.000000 2  -1.625032747254E-11  1.713339019271E-11
AR GRAC 2024 06 25 03 26 10.000000 2  -1.605619283362E-11 -1.093723961225E-12
AR GRAC 2024 06 25 03 26 20.000000 2  -1.216927860564E-11  1.797916156232E-11
AR GRAC 2024 06 25 03 26 30.000000 2  -1.858594007864E-11  1.193204909877E-11
AR GRAC 2024 06 25 03 26 40.000000 2  -1.813406716455E-11 -2.435066688219E-12
AR GRAC 2024 06 25 03 26 50.000000 2  -1.841360570964E-11  1.276781631809E-11
AR GRAC 2024 06 25 03 27  0.000000 2  -1.633432625270E-11 -1.179300689221E-12
AR GRAC 2024 06 25 03 27 10.000000 2  -2.045732853950E-11  1.316357960135E-11
AR GRAC 2024 06 25 03 27 20.000000 2  -1.482344108572E-11  8.116458893870E-12
AR GRAC 2024 06 25 03 27 30.000000 2  -1.907816266078E-11  2.544933881687E-11
AR GRAC 2024 06 25 03 27 40.000000 2  -1.598832004290E-11  7.732215909217E-12
AR GRAC 2024 06 25 03 27 50.000000 2  -2.042335398023E-11  1.196509471363E-11
AR GRAC 2024 06 25 03 28  0.000000 2  -1.999552953769E-11  9.217968402475E-12
AR GRAC 2024 06 25 03 28 10.000000 2  -2.130504800357E-11 -6.129154909301E-12
AR GRAC 2024 06 25 03 28 20.000000 2  -1.985683666106E-11  8.913718721471E-12
AR GRAC 2024 06 25 03 28 30.000000 2  -2.173026515673E-11  6.416589048291E-12
AR GRAC 2024 06 25 03 28 40.000000 2  -1.905644045341E-11  2.530946285884E-11
AR GRAC 2024 06 25 03 28 50.000000 2  -2.399000789688E-11  3.742332398832E-12
AR GRAC 2024 06 25 03 29  0.000000 2  -2.375174189273E-11  1.143520087649E-11
AR GRAC 2024 06 25 03 29 10.000000 2  -1.880601750714E-11  2.058068559324E-12
AR GRAC 2024 06 25 03 29 20.000000 2  -2.593211582969E-11  1.149093580705E-11
AR GRAC 2024 06 25 03 29 30.000000 2  -2.927488806925E-11 -8.086200112278E-12
AR GRAC 2024 06 25 03 29 40.000000 2  -2.385200890964E-11  1.466666306633E-12
AR GRAC 2024 06 25 03 29 50.000000 2  -2.666111775795E-11 -1.181047013660E-11
AR GRAC 2024 06 25 03 30  0.000000 2  -2.158407827468E-11  1.780239324012E-11
AR GRAC 2024 06 25 03 30 10.000000 2  -2.213493971448E-11  1.865252093405E-12
AR GRAC 2024 06 25 03 30 20.000000 2  -2.117662642465E-11  4.738113547342E-12
AR GRAC 2024 06 25 03 30 30.000000 2  -2.459833899071E-11  9.480973298115E-12
AR GRAC 2024 06 25 03 30 40.000000 2  -2.181403842283E-11  3.223830273916E-12
AR GRAC 2024 06 25 03 30 50.000000 2  -2.706675855668E-11 -8.223313523181E-12
AR GRAC 2024 06 25 03 31  0.000000 2  -2.560530086571E-11 -3.404563143992E-13
AR GRAC 2024 06 25 03 31 10.000000 2  -2.867447772281E-11  9.823982989945E-13
AR GRAC 2024 06 25 03 31 20.000000 2  -3.082815946964E-11 -4.964748230585E-12
AR GRAC 2024 06 25 03 31 30.000000 2  -2.790755473936E-11  1.129810307809E-11
AR GRAC 2024 06 25 03 31 40.000000 2  -2.419003886089E-11  5.250955920078E-12
AR GRAC 2024 06 25 03 31 50.000000 2  -2.711809943268E-11  7.283803768465E-12
AR GRAC 2024 06 25 03 32  0.000000 2  -2.451086035526E-11 -6.583343679228E-12
AR GRAC 2024 06 25 03 32 10.000000 2  -2.797104214913E-11 -1.090498351342E-12
AR GRAC 2024 06 25 03 32 20.000000 2  -2.655121955630E-11 -1.714764788496E-11
AR GRAC 2024 06 25 03 32 30.000000 2  -3.535831002988E-11  7.215195888671E-12
AR GRAC 2024 06 25 03 32 40.000000 2  -2.378214812582E-11  1.663803990415E-11
AR GRAC 2024 06 25 03 32 50.000000 2  -2.561920467437E-11 -7.189115622253E-12
AR GRAC 2024 06 25 03 33  0.000000 2  -2.705479937304E-11 -1.556627396426E-11
AR GRAC 2024 06 25 03 33 10.000000 2  -2.783104822990E-11  2.596568576471E-12
AR GRAC 2024 06 25 03 33 20.000000 2  -3.439219395385E-11 -6.850593009533E-12
AR GRAC 2024 06 25 03 33 30.000000 2  -2.801503647121E-11 -5.257751265614E-12
AR GRAC 2024 06 25 03 33 40.000000 2  -2.941515780952E-11  9.705084826062E-12
AR GRAC 2024 06 25 03 33 50.000000 2  -3.206201623640E-11  1.527921777815E-12
AR GRAC 2024 06 25 03 34  0.000000 2  -3.145679203231E-11  1.050757896491E-12
AR GRAC 2024 06 25 03 34 10.000000 2  -3.064211731574E-11 -1.119640664904E-11
AR GRAC 2024 06 25 03 34 20.000000 2  -2.912374161279E-11 -6.573573282931E-12
AR GRAC 2024 06 25 03 34 30.000000 2  -3.277179569383E-11  9.209258355902E-12
AR GRAC 2024 06 25 03 34 40.000000 2  -3.170123538676E-11 -2.479079495941E-13
AR GRAC 2024 06 25 03 34 50.000000 2  -3.321447977767E-11 -1.146508062100E-11
AR GRAC 2024 06 25 03 35  0.000000 2  -3.003093607123E-11 -2.455225085740E-11
AR GRAC 2024 06 25 03 35 10.000000 2  -3.345781637853E-11  1.205775388390E-13
AR GRAC 2024 06 25 03 35 20.000000 2  -3.421881528132E-11  1.634340579537E-11
AR GRAC 2024 06 25 03 35 30.000000 2  -2.707887906961E-11 -3.032377127177E-11
AR GRAC 2024 06 25 03 35 40.000000 2  -3.032055856389E-11 -1.158094366932E-11
AR GRAC 2024 06 25 03 35 50.000000 2  -3.486726532498E-11 -1.557812039088E-11
AR GRAC 2024 06 25 03 36  0.000000 2  -3.167928072645E-11  5.814701584811E-12
AR GRAC 2024 06 25 03 36 10.000000 2  -3.103743304034E-11 -2.183247679866E-11
AR GRAC 2024 06 25 03 36 20.000000 2  -3.573809997937E-11 -2.799656990612E-12
AR GRAC 2024 06 25 03 36 30.000000 2  -3.103624648948E-11 -7.946835897665E-12
AR GRAC 2024 06 25 03 36 40.000000 2  -3.600152120864E-11 -7.194018818157E-12
AR GRAC 2024 06 25 03 36 50.000000 2  -3.642901258427E-11 -1.294120106216E-11
AR GRAC 2024 06 25 03 37  0.000000 2  -3.257574071602E-11 -1.772838473246E-11
AR GRAC 2024 06 25 03 37 10.000000 2  -3.506079801485E-11  5.704430851294E-12
AR GRAC 2024 06 25 03 37 20.000000 2  -3.347695384792E-11 -1.652275712083E-11
AR GRAC 2024 06 25 03 37 30.000000 2  -3.322401728734E-11 -2.165994467118E-11
AR GRAC 2024 06 25 03 37 40.000000 2  -3.180167934547E-11  2.562868754025E-12
AR GRAC 2024 06 25 03 37 50.000000 2  -3.577146565070E-11 -2.294432178973E-11
AR GRAC 2024 06 25 03 38  0.000000 2  -3.091271683076E-11  2.488486630300E-12
AR GRAC 2024 06 25 03 38 10.000000 2  -3.331928136174E-11 -3.418870395122E-11
AR GRAC 2024 06 25 03 38 20.000000 2  -3.581877155989E-11  4.041026140014E-13
AR GRAC 2024 06 25 03 38 30.000000 2  -3.607059095856E-11 -1.452309193045E-11
AR GRAC 2024 06 25 03 38 40.000000 2  -3.683183966152E-11 -3.290028666170E-11
AR GRAC 2024 06 25 03 38 50.000000 2  -3.705061257797E-11 -1.177748523706E-11
AR GRAC 2024 06 25 03 39  0.000000 2  -3.056020714265E-11  2.035320479862E-12
AR GRAC 2024 06 25 03 39 10.000000 2  -3.849459639937E-11 -2.961877488064E-12
AR GRAC 2024 06 25 03 39 20.000000 2  -3.397462866594E-11 -3.483907606849E-11
AR GRAC 2024 06 25 03 39 30.000000 2  -3.811349152949E-11 -1.716627881510E-11
AR GRAC 2024 06 25 03 39 40.000000 2  -3.053243421980E-11 -6.033479271750E-12
AR GRAC 2024 06 25 03 39 50.000000 2  -3.689861263756E-11 -4.360068209253E-11
AR GRAC 2024 06 25 03 40  0.000000 2  -3.595826761349E-11  1.122112710909E-12
AR GRAC 2024 06 25 03 40 10.000000 2  -3.491290243018E-11 -1.465509311127E-11
AR GRAC 2024 06 25 03 40 20.000000 2  -4.088140589942E-11 -2.753229762231E-11
AR GRAC 2024 06 25 03 40 30.000000 2  -3.221963668087E-11  4.200494986561E-12
AR GRAC 2024 06 25 03 40 40.000000 2  -3.766793474358E-11 -1.636671527472E-11
AR GRAC 2024 06 25 03 40 50.000000 2  -3.829388542376E-11 -1.072392348533E-11
AR GRAC 2024 06 25 03 41  0.000000 2  -3.520445393534E-11 -2.130113273269E-11
AR GRAC 2024 06 25 03 41 10.000000 2  -3.594780029204E-11 -2.127834713983E-11
AR GRAC 2024 06 25 03 41 20.000000 2  -3.359641384537E-11 -2.502555974948E-11
AR GRAC 2024 06 25 03 41 30.000000 2  -4.197743194712E-11 -7.122772423956E-12
AR GRAC 2024 06 25 03 41 40.000000 2  -3.702336007216E-11 -1.614998759725E-11
AR GRAC 2024 06 25 03 41 50.000000 2  -3.646755813991E-11 -2.456720417376E-11
AR GRAC 2024 06 25 03 42  0.000000 2  -3.702468193145E-11 -2.047441903519E-11
AR GRAC 2024 06 25 03 42 10.000000 2  -3.703775827701E-11 -3.031639826331E-12
AR GRAC 2024 06 25 03 42 20.000000 2  -3.467236914245E-11 -2.602885962322E-11
AR GRAC 2024 06 25 03 42 30.000000 2  -4.096856534574E-11 -2.061608002368E-11
AR GRAC 2024 06 25 03 42 40.000000 2  -3.857072647384E-11 -2.111330034416E-11
AR GRAC 2024 06 25 03 42 50.000000 2  -4.030956124446E-11 -1.711052480258E-11
AR GRAC 2024 06 25 03 43  0.000000 2  -3.417896868307E-11 -1.514774937428E-11
AR GRAC 2024 06 25 03 43 10.000000 2  -4.056300087485E-11 -2.988497296852E-11
AR GRAC 2024 06 25 03 43 20.000000 2  -3.053408567655E-11 -1.419219863158E-11
AR GRAC 2024 06 25 03 43 30.000000 2  -3.790236874357E-11 -1.625942783190E-11
AR GRAC 2024 06 25 03 43 40.000000 2  -3.724496752677E-11 -1.137665222445E-11
AR GRAC 2024 06 25 03 43 50.000000 2  -3.640560075624E-11 -3.164388542864E-11
AR GRAC 2024 06 25 03 44  0.000000 2  -3.482513236119E-11 -1.274111371963E-11
AR GRAC 2024 06 25 03 44 10.000000 2  -3.589464489528E-11 -1.765834527212E-11
AR GRAC 2024 06 25 03 44 20.000000 2  -3.468053275113E-11 -2.454557911091E-11
AR GRAC 2024 06 25 03 44 30.000000 2  -3.628802813793E-11 -2.009281283022E-11
AR GRAC 2024 06 25 03 44 40.000000 2  -3.189924713265E-11 -2.074004856745E-11
AR GRAC 2024 06 25 03 44 50.000000 2  -3.250007554745E-11 -2.663728265739E-11
AR GRAC 2024 06 25 03 45  0.000000 2  -3.741124771084E-11 -8.144519780817E-12
AR GRAC 2024 06 25 03 45 10.000000 2  -3.630112530018E-11 -5.771756336759E-12
AR GRAC 2024 06 25 03 45 20.000000 2  -3.370760268129E-11 -4.864899802448E-11
AR GRAC 2024 06 25 03 45 30.000000 2  -4.154332433615E-11 -1.159623959357E-11
AR GRAC 2024 06 25 03 45 40.000000 2  -3.319639355071E-11 -2.233347881631E-11
AR GRAC 2024 06 25 03 45 50.000000 2  -3.446772381399E-11 -2.429072394616E-11
AR GRAC 2024 06 25 03 46  0.000000 2  -3.799453807130E-11 -3.319796521017E-11
AR GRAC 2024 06 25 03 46 10.000000 2  -3.885236229961E-11 -1.784521141968E-11
AR GRAC 2024 06 25 03 46 20.000000 2  -3.912792659322E-11 -1.764245693980E-11
AR GRAC 2024 06 25 03 46 30.000000 2  -3.668791312417E-11 -1.838970468959E-11
AR GRAC 2024 06 25 03 46 40.000000 2  -3.426270725471E-11 -4.073695547557E-11
AR GRAC 2024 06 25 03 46 50.000000 2  -3.641898935203E-11 -1.823420060776E-11
AR GRAC 2024 06 25 03 47  0.000000 2  -3.083425528794E-11 -4.614535207940E-13
AR GRAC 2024 06 25 03 47 10.000000 2  -3.604786261158E-11 -2.450870409398E-11
AR GRAC 2024 06 25 03 47 20.000000 2  -3.623570887790E-11 -2.409595613317E-11
AR GRAC 2024 06 25 03 47 30.000000 2  -3.549333396635E-11 -2.116321007328E-11
AR GRAC 2024 06 25 03 47 40.000000 2  -3.397552378326E-11 -2.326046473489E-11
AR GRAC 2024 06 25 03 47 50.000000 2  -2.969601647917E-11 -1.730772122843E-11
AR GRAC 2024 06 25 03 48  0.000000 2  -4.316211277278E-11 -2.640497716311E-11
AR GRAC 2024 06 25 03 48 10.000000 2  -3.358179706536E-11 -1.362223615159E-11
AR GRAC 2024 06 25 03 48 20.000000 2  -3.416956995128E-11 -1.384949620264E-11
AR GRAC 2024 06 25 03 48 30.000000 2  -3.773365994664E-11 -2.693675664467E-11
AR GRAC 2024 06 25 03 48 40.000000 2  -3.545743212929E-11 -6.134016471843E-12
AR GRAC 2024 06 25 03 48 50.000000 2  -3.308561757898E-11 -2.216127975574E-11
AR GRAC 2024 06 25 03 49  0.000000 2  -3.690170738424E-11 -3.611854565433E-11
AR GRAC 2024 06 25 03 49 10.000000 2  -3.138360404886E-11 -1.044580914822E-11
AR GRAC 2024 06 25 03 49 20.000000 2  -3.121026007080E-11 -1.424307199960E-11
AR GRAC 2024 06 25 03 49 30.000000 2  -3.477487395265E-11 -2.128034380655E-11
AR GRAC 2024 06 25 03 49 40.000000 2  -3.624883379572E-11 -1.647609349301E-12
AR GRAC 2024 06 25 03 49 50.000000 2  -3.054618016862E-11 -1.805487703788E-11
