 2.00 C RINEX VERSION / TYPE
 10.00 INTERVAL
 1 AR # / TYPES OF DATA
 END OF HEADER
AR GRAC 2024 06 09 01 50  0.000000 2   9.546350689116E-12 -8.303952143962E-12
AR GRAC 2024 06 09 01 50 10.000000 2   7.654894947084E-12 -1.108176744813E-11
AR GRAC 2024 06 09 01 50 20.000000 2   8.191421499437E-12 -1.498958596136E-11
AR GRAC 2024 06 09 01 50 30.000000 2   6.990921730399E-12  3.002596001694E-12
AR GRAC 2024 06 09 01 50 40.000000 2   1.037318928671E-11 -1.006522382802E-11
AR GRAC 2024 06 09 01 50 50.000000 2   6.659976823503E-12 -2.893044527899E-12
AR GRAC 2024 06 09 01 51  0.000000 2   7.628876697030E-12  1.024913574149E-11
AR GRAC 2024 06 09 01 51 10.000000 2   7.169223981834E-12 -9.578685934708E-12
AR GRAC 2024 06 09 01 51 20.000000 2   8.398112934238E-12  2.116349109849E-11
AR GRAC 2024 06 09 01 51 30.000000 2   1.042547211755E-11 -1.548433083143E-11
AR GRAC 2024 06 09 01 51 40.000000 2   7.577829856664E-12  1.476784493304E-11
AR GRAC 2024 06 09 01 51 50.000000 2   1.018086830118E-11 -6.219978525290E-12
AR GRAC 2024 06 09 01 52  0.000000 2   7.136087727677E-12 -7.527804768426E-12
AR GRAC 2024 06 09 01 52 10.000000 2   1.051455970902E-11 -4.655629180783E-12
AR GRAC 2024 06 09 01 52 20.000000 2   1.039836966532E-11  9.016542720786E-12
AR GRAC 2024 06 09 01 52 30.000000 2   1.056968054747E-11  6.678716173852E-12
AR GRAC 2024 06 09 01 52 40.000000 2   8.691796414551E-12 -1.758911245819E-11
AR GRAC 2024 06 09 01 52 50.000000 2   8.920671493162E-12  1.574305789898E-11
AR GRAC 2024 06 09 01 53  0.000000 2   1.217199084580E-11  3.055229029839E-12
AR GRAC 2024 06 09 01 53 10.000000 2   8.329488140890E-12  1.469739954740E-11
AR GRAC 2024 06 09 01 53 20.000000 2   1.073169331178E-11 -4.004322643868E-13
AR GRAC 2024 06 09 01 53 30.000000 2   1.036019967732E-11 -9.348263482756E-12
AR GRAC 2024 06 09 01 53 40.000000 2   1.348409231494E-11  1.551390266252E-11
AR GRAC 2024 06 09 01 53 50.000000 2   1.002849452786E-11 -2.539296355651E-13
AR GRAC 2024 06 09 01 54  0.000000 2   1.055677333744E-11  2.782360117044E-13
AR GRAC 2024 06 09 01 54 10.000000 2   1.145228183119E-11  8.110401239492E-12
AR GRAC 2024 06 09 01 54 20.000000 2   1.073765902582E-11  6.462566159299E-12
AR GRAC 2024 06 09 01 54 30.000000 2   1.232397517370E-11  1.343472902371E-11
AR GRAC 2024 06 09 01 54 40.000000 2   1.187179521356E-11 -3.933106878379E-12
AR GRAC 2024 06 09 01 54 50.000000 2   9.711152888781E-12  1.769905402793E-11
AR GRAC 2024 06 09 01 55  0.000000 2   1.150641300990E-11 -3.278783494709E-12
AR GRAC 2024 06 09 01 55 10.000000 2   1.224755973722E-11  1.995337922667E-11
AR GRAC 2024 06 09 01 55 20.000000 2   1.290928822173E-11  2.875538132260E-12
AR GRAC 2024 06 09 01 55 30.000000 2   1.142582296138E-11  9.497696899785E-12
AR GRAC 2024 06 09 01 55 40.000000 2   1.192263995864E-11  2.652985643670E-11
AR GRAC 2024 06 09 01 55 50.000000 2   1.227057778302E-11 -7.117986321886E-12
AR GRAC 2024 06 09 01 56  0.000000 2   1.298770726382E-11  2.447417095375E-11
AR GRAC 2024 06 09 01 56 10.000000 2   1.384805204535E-11 -5.923672576763E-12
AR GRAC 2024 06 09 01 56 20.000000 2   1.135341820557E-11  1.777848354645E-11
AR GRAC 2024 06 09 01 56 30.000000 2   1.256966405960E-11  1.507063744632E-11
AR GRAC 2024 06 09 01 56 40.000000 2   1.508539820838E-11  1.649279150751E-11
AR GRAC 2024 06 09 01 56 50.000000 2   1.087432487806E-11  7.424946074641E-12
AR GRAC 2024 06 09 01 57  0.000000 2   1.277949968070E-11  7.347098623933E-12
AR GRAC 2024 06 09 01 57 10.000000 2   1.440925156970E-11  2.270925114622E-11
AR GRAC 2024 06 09 01 57 20.000000 2   1.417273763626E-11  1.649140199400E-11
AR GRAC 2024 06 09 01 57 30.000000 2   1.320555297057E-11  1.457355243428E-11
AR GRAC 2024 06 09 01 57 40.000000 2   1.139761375557E-11  1.546570337074E-11
AR GRAC 2024 06 09 01 57 50.000000 2   1.426191109655E-11  1.929785324595E-11
AR GRAC 2024 06 09 01 58  0.000000 2   1.446744894024E-11  1.885999863227E-11
AR GRAC 2024 06 09 01 58 10.000000 2   1.432440711185E-11  1.093214754833E-11
AR GRAC 2024 06 09 01 58 20.000000 2   1.220083062359E-11  1.814429509417E-11
AR GRAC 2024 06 09 01 58 30.000000 2   1.570643788640E-11  2.519644042021E-11
AR GRAC 2024 06 09 01 58 40.000000 2   1.294961880782E-11  1.159858580707E-11
AR GRAC 2024 06 09 01 58 50.000000 2   1.359562722819E-11  2.686073065361E-11
AR GRAC 2024 06 09 01 59  0.000000 2   1.389795136614E-11  3.352874618570E-12
AR GRAC 2024 06 09 01 59 10.000000 2   1.621076363423E-11  1.303501837718E-11
AR GRAC 2024 06 09 01 59 20.000000 2   1.548601177848E-11  2.431716113194E-11
AR GRAC 2024 06 09 01 59 30.000000 2   1.475223068703E-11  2.441930165020E-11
AR GRAC 2024 06 09 01 59 40.000000 2   1.337150008773E-11  1.986144235189E-11
AR GRAC 2024 06 09 01 59 50.000000 2   1.524618452320E-11  3.806358353509E-11
AR GRAC 2024 06 09 02 00  0.000000 2   1.440410377779E-11 -3.842769472854E-13
AR GRAC 2024 06 09 02 00 10.000000 2   1.568883391256E-11  1.916786174228E-11
AR GRAC 2024 06 09 02 00 20.000000 2   1.500917098940E-11  1.677000031897E-11
AR GRAC 2024 06 09 02 00 30.000000 2   1.672067692637E-11  1.725213721882E-11
AR GRAC 2024 06 09 02 00 40.000000 2   1.621212192271E-11  3.207427379248E-11
AR GRAC 2024 06 09 02 00 50.000000 2   1.705721675016E-11  2.764641120201E-11
AR GRAC 2024 06 09 02 01  0.000000 2   1.546538418162E-11  2.075854418915E-11
AR GRAC 2024 06 09 02 01 10.000000 2   1.470456395536E-11  2.262067963499E-11
AR GRAC 2024 06 09 02 01 20.000000 2   1.499040995501E-11  2.792281336705E-11
AR GRAC 2024 06 09 02 01 30.000000 2   1.607317057228E-11  2.214494559949E-11
AR GRAC 2024 06 09 02 01 40.000000 2   1.530966846353E-11  3.354707830971E-11
AR GRAC 2024 06 09 02 01 50.000000 2   1.513970372680E-11  2.691920991671E-11
AR GRAC 2024 06 09 02 02  0.000000 2   1.670798568942E-11  2.978134058806E-11
AR GRAC 2024 06 09 02 02 10.000000 2   1.671088614708E-11  1.861347014021E-11
AR GRAC 2024 06 09 02 02 20.000000 2   1.592036745490E-11  3.433559686572E-11
AR GRAC 2024 06 09 02 02 30.000000 2   1.742427209461E-11  2.856772630955E-11
AR GRAC 2024 06 09 02 02 40.000000 2   1.288409309796E-11  2.475985562411E-11
AR GRAC 2024 06 09 02 02 50.000000 2   1.520223183449E-11  1.667198323840E-11
AR GRAC 2024 06 09 02 03  0.000000 2   1.652898130866E-11  4.453410903937E-11
AR GRAC 2024 06 09 02 03 10.000000 2   2.059371423391E-11  1.509623502594E-11
AR GRAC 2024 06 09 02 03 20.000000 2   1.567954620307E-11  3.562835790283E-11
AR GRAC 2024 06 09 02 03 30.000000 2   1.481244814305E-11  2.932048354110E-11
AR GRAC 2024 06 09 02 03 40.000000 2   1.721408952882E-11  2.958260719721E-11
AR GRAC 2024 06 09 02 03 50.000000 2   1.750002746881E-11  2.541472934880E-11
AR GRAC 2024 06 09 02 04  0.000000 2   1.581229418235E-11  1.692685054622E-11
AR GRAC 2024 06 09 02 04 10.000000 2   1.892797203695E-11  1.373397402749E-11
AR GRAC 2024 06 09 02 04 20.000000 2   1.685378052396E-11  1.054109317195E-11
AR GRAC 2024 06 09 02 04 30.000000 2   1.637954008538E-11  2.266321158517E-11
AR GRAC 2024 06 09 02 04 40.000000 2   1.463670677715E-11  4.344533066636E-11
AR GRAC 2024 06 09 02 04 50.000000 2   1.688033914038E-11  3.072745183297E-11
AR GRAC 2024 06 09 02 05  0.000000 2   1.694687792875E-11  2.918956742981E-11
AR GRAC 2024 06 09 02 05 10.000000 2   1.520759386475E-11  2.876168400667E-11
AR GRAC 2024 06 09 02 05 20.000000 2   1.754722755987E-11  3.519379926376E-11
AR GRAC 2024 06 09 02 05 30.000000 2   1.885280993819E-11  1.461591611629E-11
AR GRAC 2024 06 09 02 05 40.000000 2   1.797817970883E-11  3.866803058306E-11
AR GRAC 2024 06 09 02 05 50.000000 2   1.623830757358E-11  4.169014439226E-11
AR GRAC 2024 06 09 02 06  0.000000 2   2.105164827182E-11  3.852225829992E-11
AR GRAC 2024 06 09 02 06 10.000000 2   1.677418620671E-11  3.585437155507E-11
AR GRAC 2024 06 09 02 06 20.000000 2   1.562757909190E-11  4.666647970830E-11
AR GRAC 2024 06 09 02 06 30.000000 2   1.950990410893E-11  9.358592893693E-12
AR GRAC 2024 06 09 02 06 40.000000 2   1.632841431509E-11  3.917070140469E-11
AR GRAC 2024 06 09 02 06 50.000000 2   1.804644107761E-11  3.682281216055E-11
AR GRAC 2024 06 09 02 07  0.000000 2   1.832090382181E-11  3.111491966856E-11
AR GRAC 2024 06 09 02 07 10.000000 2   1.706975012727E-11  3.910702664478E-11
AR GRAC 2024 06 09 02 07 20.000000 2   1.859628596945E-11  1.617913615581E-11
AR GRAC 2024 06 09 02 07 30.000000 2   1.968977064726E-11  3.970124229369E-11
AR GRAC 2024 06 09 02 07 40.000000 2   1.711542192695E-11  1.895334930668E-11
AR GRAC 2024 06 09 02 07 50.000000 2   1.866830474928E-11  3.767545303512E-11
AR GRAC 2024 06 09 02 08  0.000000 2   1.848644848312E-11  4.028755801189E-11
AR GRAC 2024 06 09 02 08 10.000000 2   1.759172148230E-11  3.878966245430E-11
AR GRAC 2024 06 09 02 08 20.000000 2   2.019398710751E-11  3.325176245461E-11
AR GRAC 2024 06 09 02 08 30.000000 2   1.840991595281E-11  2.407386616443E-11
AR GRAC 2024 06 09 02 08 40.000000 2   1.713544757476E-11  3.444096743910E-11
AR GRAC 2024 06 09 02 08 50.000000 2   1.875383182082E-11  4.480806697904E-11
AR GRAC 2024 06 09 02 09  0.000000 2   1.923509442003E-11  2.600016729692E-11
AR GRAC 2024 06 09 02 09 10.000000 2   1.885593417517E-11  3.438226786612E-11
AR GRAC 2024 06 09 02 09 20.000000 2   1.907605844120E-11  3.680436511111E-11
AR GRAC 2024 06 09 02 09 30.000000 2   1.606051923397E-11  4.212646204094E-11
AR GRAC 2024 06 09 02 09 40.000000 2   1.723562438605E-11  2.732856128895E-11
AR GRAC 2024 06 09 02 09 50.000000 2   1.945673656911E-11  4.460065650136E-11
AR GRAC 2024 06 09 02 10  0.000000 2   1.676084618318E-11  3.324275230088E-11
AR GRAC 2024 06 09 02 10 10.000000 2   1.976566479933E-11  4.324846470533E-12
AR GRAC 2024 06 09 02 10 20.000000 2   1.912748952282E-11  4.796693944820E-11
AR GRAC 2024 06 09 02 10 30.000000 2   2.041115193530E-11  3.626903291587E-11
AR GRAC 2024 06 09 02 10 40.000000 2   1.794149551149E-11  3.978112630976E-11
AR GRAC 2024 06 09 02 10 50.000000 2   1.681557670885E-11  1.519321647658E-11
AR GRAC 2024 06 09 02 11  0.000000 2   1.878264557775E-11  1.201530801936E-11
AR GRAC 2024 06 09 02 11 10.000000 2   2.004820788548E-11  8.837398694783E-12
AR GRAC 2024 06 09 02 11 20.000000 2   2.017919685515E-11  1.779448810524E-11
AR GRAC 2024 06 09 02 11 30.000000 2   1.916443392869E-11  2.675157838306E-11
AR GRAC 2024 06 09 02 11 40.000000 2   1.746934714941E-11  3.145366606061E-11
AR GRAC 2024 06 09 02 11 50.000000 2   2.167566473532E-11  2.820575370488E-11
AR GRAC 2024 06 09 02 12  0.000000 2   1.916671509006E-11  3.319784031008E-11
AR GRAC 2024 06 09 02 12 10.000000 2   1.913421331101E-11  4.564992481249E-11
AR GRAC 2024 06 09 02 12 20.000000 2   1.844699219766E-11  3.556201166877E-11
AR GRAC 2024 06 09 02 12 30.000000 2   1.936211087294E-11  2.203409503465E-11
AR GRAC 2024 06 09 02 12 40.000000 2   1.922875400573E-11  2.596617885986E-11
AR GRAC 2024 06 09 02 12 50.000000 2   1.832507409705E-11  3.171826343240E-11
AR GRAC 2024 06 09 02 13  0.000000 2   2.234756997510E-11  3.747034280077E-11
AR GRAC 2024 06 09 02 13 10.000000 2   1.852588568663E-11  1.409242514350E-11
AR GRAC 2024 06 09 02 13 20.000000 2   1.867401372424E-11  3.927450725749E-11
AR GRAC 2024 06 09 02 13 30.000000 2   2.050288411271E-11  3.612158835931E-11
AR GRAC 2024 06 09 02 13 40.000000 2   1.992081499758E-11  3.296866599167E-11
AR GRAC 2024 06 09 02 13 50.000000 2   1.900438487135E-11  3.015074301338E-11
AR GRAC 2024 06 09 02 14  0.000000 2   1.722988418607E-11  3.093282227584E-11
AR GRAC 2024 06 09 02 14 10.000000 2   2.002794458056E-11  3.017990024556E-11
AR GRAC 2024 06 09 02 14 20.000000 2   1.890789434744E-11  2.942697474584E-11
AR GRAC 2024 06 09 02 14 30.000000 2   2.000938477409E-11  3.825904870691E-11
AR GRAC 2024 06 09 02 14 40.000000 2   1.996974287322E-11  3.926112560060E-11
AR GRAC 2024 06 09 02 14 50.000000 2   2.119804505540E-11  3.767320136405E-11
AR GRAC 2024 06 09 02 15  0.000000 2   1.646367590868E-11  4.388527388710E-11
AR GRAC 2024 06 09 02 15 10.000000 2   1.830442221407E-11  3.599734399451E-11
AR GRAC 2024 06 09 02 15 20.000000 2   2.016386536907E-11  2.980941882225E-11
AR GRAC 2024 06 09 02 15 30.000000 2   1.827283810374E-11  4.000149170236E-11
AR GRAC 2024 06 09 02 15 40.000000 2   1.808400651448E-11  4.723356081260E-11
AR GRAC 2024 06 09 02 15 50.000000 2   2.212734856455E-11  2.423562912857E-11
AR GRAC 2024 06 09 02 16  0.000000 2   2.043052012290E-11  4.072769899111E-11
AR GRAC 2024 06 09 02 16 10.000000 2   2.090001262334E-11  3.586976549119E-11
AR GRAC 2024 06 09 02 16 20.000000 2   2.073149117654E-11  3.304183662789E-11
AR GRAC 2024 06 09 02 16 30.000000 2   1.972639239456E-11  2.855389882872E-11
AR GRAC 2024 06 09 02 16 40.000000 2   1.975558085177E-11  3.629596623256E-11
AR GRAC 2024 06 09 02 16 50.000000 2   1.878765198970E-11  3.931303199645E-11
AR GRAC 2024 06 09 02 17  0.000000 2   1.788347074594E-11  4.233009776033E-11
AR GRAC 2024 06 09 02 17 10.000000 2   2.135848962970E-11  3.625216099534E-11
AR GRAC 2024 06 09 02 17 20.000000 2   1.944859724656E-11  4.017422158831E-11
AR GRAC 2024 06 09 02 17 30.000000 2   1.985602654520E-11  3.183628360937E-11
AR GRAC 2024 06 09 02 17 40.000000 2   1.836892096763E-11  4.362835093197E-11
AR GRAC 2024 06 09 02 17 50.000000 2   2.216585248682E-11  4.077041135253E-11
AR GRAC 2024 06 09 02 18  0.000000 2   2.178805399988E-11  3.681246973919E-11
AR GRAC 2024 06 09 02 18 10.000000 2   2.049277414429E-11  4.434452804958E-11
AR GRAC 2024 06 09 02 18 20.000000 2   2.206921451142E-11  3.352658775602E-11
AR GRAC 2024 06 09 02 18 30.000000 2   2.191193580747E-11  4.305864692578E-11
AR GRAC 2024 06 09 02 18 40.000000 2   2.085877304214E-11  3.785070173956E-11
AR GRAC 2024 06 09 02 18 50.000000 2   1.736856318491E-11  3.263276107668E-11
AR GRAC 2024 06 09 02 19  0.000000 2   2.059888891404E-11  4.842481624023E-11
AR GRAC 2024 06 09 02 19 10.000000 2   2.025236749137E-11  2.539687037062E-11
AR GRAC 2024 06 09 02 19 20.000000 2   2.030395643282E-11  3.710892704234E-11
AR GRAC 2024 06 09 02 19 30.000000 2   1.745224451066E-11  3.162097667042E-11
AR GRAC 2024 06 09 02 19 40.000000 2   2.004421628676E-11  2.652303029982E-11
AR GRAC 2024 06 09 02 19 50.000000 2   2.206432259122E-11  2.777508084639E-11
AR GRAC 2024 06 09 02 20  0.000000 2   1.836895392737E-11  2.902713312769E-11
AR GRAC 2024 06 09 02 20 10.000000 2   1.831376023054E-11  2.915918201341E-11
AR GRAC 2024 06 09 02 20 20.000000 2   2.144727624664E-11  3.868123529815E-11
AR GRAC 2024 06 09 02 20 30.000000 2   1.957374193284E-11  3.920328298102E-11
AR GRAC 2024 06 09 02 20 40.000000 2   2.233238247107E-11  4.075533313608E-11
AR GRAC 2024 06 09 02 20 50.000000 2   1.859650107516E-11  3.534737780253E-11
AR GRAC 2024 06 09 02 21  0.000000 2   2.006157219514E-11  2.993942593843E-11
AR GRAC 2024 06 09 02 21 10.000000 2   1.845660256572E-11  4.717147505939E-11
AR GRAC 2024 06 09 02 21 20.000000 2   1.873145562270E-11  3.712351953622E-11
AR GRAC 2024 06 09 02 21 30.000000 2   1.980834420101E-11  3.639556364621E-11
AR GRAC 2024 06 09 02 21 40.000000 2   2.142648385106E-11  3.586260802213E-11
AR GRAC 2024 06 09 02 21 50.000000 2   1.883250499990E-11  3.532964892861E-11
AR GRAC 2024 06 09 02 22  0.000000 2   2.004253013554E-11  2.638169370461E-11
AR GRAC 2024 06 09 02 22 10.000000 2   2.003881956203E-11  4.849373333449E-11
AR GRAC 2024 06 09 02 22 20.000000 2   2.042451104078E-11  3.302577655795E-11
AR GRAC 2024 06 09 02 22 30.000000 2   2.046737605788E-11  4.368781725272E-11
AR GRAC 2024 06 09 02 22 40.000000 2   1.931315350701E-11  4.294985547770E-11
AR GRAC 2024 06 09 02 22 50.000000 2   2.071472507414E-11  4.203189532537E-11
AR GRAC 2024 06 09 02 23  0.000000 2   2.196436088564E-11  4.278393264667E-11
AR GRAC 2024 06 09 02 23 10.000000 2   2.283093852862E-11  2.957597014519E-11
AR GRAC 2024 06 09 02 23 20.000000 2   2.030427215249E-11  4.479800905233E-11
AR GRAC 2024 06 09 02 23 30.000000 2   1.954353519296E-11  4.266004216547E-11
AR GRAC 2024 06 09 02 23 40.000000 2   1.914201436248E-11  3.550207697267E-11
AR GRAC 2024 06 09 02 23 50.000000 2   2.057641210196E-11  4.557411392714E-11
AR GRAC 2024 06 09 02 24  0.000000 2   1.988618471283E-11  2.894614582749E-11
AR GRAC 2024 06 09 02 24 10.000000 2   2.239505629553E-11  2.758317879659E-11
AR GRAC 2024 06 09 02 24 20.000000 2   1.836135583855E-11  2.622021176568E-11
AR GRAC 2024 06 09 02 24 30.000000 2   2.014537495154E-11  2.843724387913E-11
AR GRAC 2024 06 09 02 24 40.000000 2   1.977881920745E-11  3.065427425786E-11
AR GRAC 2024 06 09 02 24 50.000000 2   1.940909932774E-11  3.321130523370E-11
AR GRAC 2024 06 09 02 25  0.000000 2   2.238525337317E-11  3.576833274010E-11
AR GRAC 2024 06 09 02 25 10.000000 2   1.901664936632E-11  3.448035953979E-11
AR GRAC 2024 06 09 02 25 20.000000 2   1.964240749219E-11  3.319238980892E-11
AR GRAC 2024 06 09 02 25 30.000000 2   2.216410908973E-11  3.738441500811E-11
AR GRAC 2024 06 09 02 25 40.000000 2   2.036291794905E-11  4.313144286172E-11
AR GRAC 2024 06 09 02 25 50.000000 2   1.806555773032E-11  4.887847071533E-11
AR GRAC 2024 06 09 02 26  0.000000 2   1.974668172033E-11  3.273049192787E-11
AR GRAC 2024 06 09 02 26 10.000000 2   1.921795188264E-11  3.615251847888E-11
AR GRAC 2024 06 09 02 26 20.000000 2   2.050927136454E-11  3.915454419023E-11
AR GRAC 2024 06 09 02 26 30.000000 2   1.854658961131E-11  4.262156599877E-11
AR GRAC 2024 06 09 02 26 40.000000 2   2.117965698656E-11  4.608858433786E-11
AR GRAC 2024 06 09 02 26 50.000000 2   2.126937341529E-11  3.381060709184E-11
AR GRAC 2024 06 09 02 27  0.000000 2   1.843022436054E-11  3.583262853102E-11
AR GRAC 2024 06 09 02 27 10.000000 2   1.830975648875E-11  2.985964600577E-11
AR GRAC 2024 06 09 02 27 20.000000 2   1.874585209283E-11  2.388666694997E-11
AR GRAC 2024 06 09 02 27 30.000000 2   2.009124117075E-11  4.810868370342E-11
AR GRAC 2024 06 09 02 27 40.000000 2   1.947457299589E-11  4.868070183073E-11
AR GRAC 2024 06 09 02 27 50.000000 2   2.278811514489E-11  3.252271715826E-11
AR GRAC 2024 06 09 02 28  0.000000 2   1.904703825217E-11  3.914473606370E-11
AR GRAC 2024 06 09 02 28 10.000000 2   1.947023445248E-11  3.372675055902E-11
AR GRAC 2024 06 09 02 28 20.000000 2   1.816009669031E-11  3.757876301802E-11
AR GRAC 2024 06 09 02 28 30.000000 2   1.864337503821E-11  4.143077894647E-11
AR GRAC 2024 06 09 02 28 40.000000 2   1.958036857652E-11  4.027279204566E-11
AR GRAC 2024 06 09 02 28 50.000000 2   2.112112394703E-11  4.087480701132E-11
AR GRAC 2024 06 09 02 29  0.000000 2   2.084676875569E-11  3.908348297776E-11
AR GRAC 2024 06 09 02 29 10.000000 2   2.044051386485E-11  3.729215894421E-11
AR GRAC 2024 06 09 02 29 20.000000 2   1.858237348717E-11  3.550083838011E-11
AR GRAC 2024 06 09 02 29 30.000000 2   1.957437857636E-11  3.239284881995E-11
AR GRAC 2024 06 09 02 29 40.000000 2   1.985473764565E-11  2.055485469332E-11
AR GRAC 2024 06 09 02 29 50.000000 2   2.014388308935E-11  3.133686365953E-11
AR GRAC 2024 06 09 02 30  0.000000 2   1.774031616053E-11  3.424387162720E-11
AR GRAC 2024 06 09 02 30 10.000000 2   1.984022668378E-11  3.715087612544E-11
AR GRAC 2024 06 09 02 30 20.000000 2   1.979821168119E-11  3.490288266739E-11
AR GRAC 2024 06 09 02 30 30.000000 2   1.894565060390E-11  3.754488733798E-11
AR GRAC 2024 06 09 02 30 40.000000 2   2.251321178093E-11  3.461689268569E-11
AR GRAC 2024 06 09 02 30 50.000000 2   2.062183930562E-11  4.241889478562E-11
AR GRAC 2024 06 09 02 31  0.000000 2   1.956092232636E-11  2.335089933914E-11
AR GRAC 2024 06 09 02 31 10.000000 2   1.874370103572E-11  4.282290147484E-11
AR GRAC 2024 06 09 02 31 20.000000 2   1.925631182287E-11  4.224490202098E-11
AR GRAC 2024 06 09 02 31 30.000000 2   1.667813803730E-11  4.163690225933E-11
AR GRAC 2024 06 09 02 31 40.000000 2   2.057383083343E-11  4.388890639806E-11
AR GRAC 2024 06 09 02 31 50.000000 2   1.836438119629E-11  4.614090012844E-11
AR GRAC 2024 06 09 02 32  0.000000 2   1.929123701061E-11  3.898290371063E-11
AR GRAC 2024 06 09 02 32 10.000000 2   2.232932068413E-11  3.543489807134E-11
AR GRAC 2024 06 09 02 32 20.000000 2   1.597586472835E-11  4.424689434290E-11
AR GRAC 2024 06 09 02 32 30.000000 2   1.953406360278E-11  3.122889447038E-11
AR GRAC 2024 06 09 02 32 40.000000 2   1.874390052892E-11  3.097088904780E-11
AR GRAC 2024 06 09 02 32 50.000000 2   1.823200618256E-11  3.266288281512E-11
AR GRAC 2024 06 09 02 33  0.000000 2   2.183611971796E-11  3.548487545468E-11
AR GRAC 2024 06 09 02 33 10.000000 2   2.175939636806E-11  3.830686809425E-11
AR GRAC 2024 06 09 02 33 20.000000 2   2.000652941925E-11  3.796886416385E-11
AR GRAC 2024 06 09 02 33 30.000000 2   1.822772141558E-11  1.883085527787E-11
AR GRAC 2024 06 09 02 33 40.000000 2   1.806475802280E-11  2.164951204420E-11
AR GRAC 2024 06 09 02 33 50.000000 2   1.853326346557E-11  2.446816881052E-11
AR GRAC 2024 06 09 02 34  0.000000 2   1.568756756443E-11  2.728682557684E-11
AR GRAC 2024 06 09 02 34 10.000000 2   1.783823436186E-11  3.205881393686E-11
AR GRAC 2024 06 09 02 34 20.000000 2   1.755850499718E-11  4.324080329909E-11
AR GRAC 2024 06 09 02 34 30.000000 2   1.779706416960E-11  2.906278863402E-11
AR GRAC 2024 06 09 02 34 40.000000 2   1.898876195172E-11  2.831477587117E-11
AR GRAC 2024 06 09 02 34 50.000000 2   1.703941848730E-11  4.509676312936E-11
AR GRAC 2024 06 09 02 35  0.000000 2   1.595252402398E-11  3.583874516599E-11
AR GRAC 2024 06 09 02 35 10.000000 2   1.787000929176E-11  2.131073269240E-11
AR GRAC 2024 06 09 02 35 20.000000 2   1.523993778396E-11  3.079271559958E-11
AR GRAC 2024 06 09 02 35 30.000000 2   1.637566471313E-11  2.737469972924E-11
AR GRAC 2024 06 09 02 35 40.000000 2   1.849281665300E-11  2.395668212418E-11
AR GRAC 2024 06 09 02 35 50.000000 2   1.780324672407E-11  4.182866206182E-11
AR GRAC 2024 06 09 02 36  0.000000 2   1.480962054379E-11  2.739064357271E-11
AR GRAC 2024 06 09 02 36 10.000000 2   1.527981040306E-11  3.269762585689E-11
AR GRAC 2024 06 09 02 36 20.000000 2   1.579977641775E-11  3.800460293690E-11
AR GRAC 2024 06 09 02 36 30.000000 2   1.457094341017E-11  2.913658203596E-11
AR GRAC 2024 06 09 02 36 40.000000 2   1.768852252171E-11  2.279855991494E-11
AR GRAC 2024 06 09 02 36 50.000000 2   1.477513771053E-11  3.559053746161E-11
AR GRAC 2024 06 09 02 37  0.000000 2   1.868469441668E-11  3.886251390139E-11
AR GRAC 2024 06 09 02 37 10.000000 2   1.562725643334E-11  2.956448974523E-11
AR GRAC 2024 06 09 02 37 20.000000 2   1.287595030597E-11  3.029646325481E-11
AR GRAC 2024 06 09 02 37 30.000000 2   1.635109062037E-11  3.102843676439E-11
AR GRAC 2024 06 09 02 37 40.000000 2   1.652238762473E-11  2.700041232262E-11
AR GRAC 2024 06 09 02 37 50.000000 2   1.309531996729E-11  2.532238481401E-11
AR GRAC 2024 06 09 02 38  0.000000 2   1.327586651723E-11  4.216435534055E-11
AR GRAC 2024 06 09 02 38 10.000000 2   1.357394058266E-11  3.377632548651E-11
AR GRAC 2024 06 09 02 38 20.000000 2   1.381475055878E-11  3.432829714933E-11
AR GRAC 2024 06 09 02 38 30.000000 2   1.542963846968E-11  2.523026752799E-11
AR GRAC 2024 06 09 02 38 40.000000 2   1.235704507468E-11  4.551223634075E-11
AR GRAC 2024 06 09 02 38 50.000000 2   1.437423183953E-11  2.469420674889E-11
AR GRAC 2024 06 09 02 39  0.000000 2   1.411219058278E-11  2.094617361503E-11
AR GRAC 2024 06 09 02 39 10.000000 2   1.260127766023E-11  3.665814179987E-11
AR GRAC 2024 06 09 02 39 20.000000 2   1.573554134215E-11  1.305010613462E-11
AR GRAC 2024 06 09 02 39 30.000000 2   1.621012699071E-11  3.456207195440E-11
AR GRAC 2024 06 09 02 39 40.000000 2   1.559568446607E-11  3.871403544964E-11
AR GRAC 2024 06 09 02 39 50.000000 2   1.342374909147E-11  1.972599861233E-11
AR GRAC 2024 06 09 02 40  0.000000 2   1.471098416694E-11  3.152796079764E-11
AR GRAC 2024 06 09 02 40 10.000000 2   1.379375520055E-11  3.346992474840E-11
AR GRAC 2024 06 09 02 40 20.000000 2   1.381670212269E-11  4.396188621469E-11
AR GRAC 2024 06 09 02 40 30.000000 2   1.352378972697E-11  2.364384729669E-11
AR GRAC 2024 06 09 02 40 40.000000 2   1.533221292982E-11  3.764581008037E-11
AR GRAC 2024 06 09 02 40 50.000000 2   1.229735497460E-11  3.663776920737E-11
AR GRAC 2024 06 09 02 41  0.000000 2   1.229038225359E-11  1.079972656443E-11
AR GRAC 2024 06 09 02 41 10.000000 2   1.331430712209E-11  1.654168642340E-11
AR GRAC 2024 06 09 02 41 20.000000 2   1.413148677937E-11  3.396364092745E-11
AR GRAC 2024 06 09 02 41 30.000000 2   1.085025385511E-11  3.294560110834E-11
AR GRAC 2024 06 09 02 41 40.000000 2   1.017602495323E-11  2.973755269808E-11
AR GRAC 2024 06 09 02 41 50.000000 2   1.166367436661E-11  3.264950809712E-11
AR GRAC 2024 06 09 02 42  0.000000 2   1.248906100065E-11  1.057146297584E-11
AR GRAC 2024 06 09 02 42 10.000000 2   1.302125681585E-11  3.235341508590E-11
AR GRAC 2024 06 09 02 42 20.000000 2   9.159430158778E-12  2.643537125313E-11
AR GRAC 2024 06 09 02 42 30.000000 2   1.026246709140E-11  2.004732144179E-11
AR GRAC 2024 06 09 02 42 40.000000 2   1.208495022803E-11  1.465927379485E-11
AR GRAC 2024 06 09 02 42 50.000000 2   9.591696360778E-12  2.186122463610E-11
AR GRAC 2024 06 09 02 43  0.000000 2   1.266851640952E-11  2.763317526189E-11
AR GRAC 2024 06 09 02 43 10.000000 2   1.084679047969E-11  2.647512244158E-11
AR GRAC 2024 06 09 02 43 20.000000 2   9.979786962100E-12  1.700707283336E-11
AR GRAC 2024 06 09 02 43 30.000000 2   7.376671322390E-12  2.931901943448E-11
AR GRAC 2024 06 09 02 43 40.000000 2   1.058375522639E-11  1.717096603793E-11
AR GRAC 2024 06 09 02 43 50.000000 2   1.093099742666E-11  3.048291133401E-11
AR GRAC 2024 06 09 02 44  0.000000 2   1.013518002163E-11  1.650485824400E-11
AR GRAC 2024 06 09 02 44 10.000000 2   1.118531482713E-11  2.422680285552E-11
AR GRAC 2024 06 09 02 44 20.000000 2   1.087556260326E-11  1.515874925584E-11
AR GRAC 2024 06 09 02 44 30.000000 2   8.291364990420E-12  2.524069148135E-11
AR GRAC 2024 06 09 02 44 40.000000 2   8.489002903400E-12  1.948263252116E-11
AR GRAC 2024 06 09 02 44 50.000000 2   9.108706844341E-12  1.211457583555E-11
AR GRAC 2024 06 09 02 45  0.000000 2   1.005418578254E-11  2.309651601917E-11
AR GRAC 2024 06 09 02 45 10.000000 2   8.821868582864E-12  2.652845651485E-11
AR GRAC 2024 06 09 02 45 20.000000 2   8.125103020951E-12  9.670396428074E-12
AR GRAC 2024 06 09 02 45 30.000000 2   6.930164341695E-12  3.289233468928E-11
AR GRAC 2024 06 09 02 45 40.000000 2   8.890771799330E-12  1.001427326480E-11
AR GRAC 2024 06 09 02 45 50.000000 2   6.254607942680E-12  3.550620908399E-11
AR GRAC 2024 06 09 02 46  0.000000 2   8.847131360845E-12  8.958148459137E-12
AR GRAC 2024 06 09 02 46 10.000000 2   7.287731182415E-12  1.145008306919E-11
AR GRAC 2024 06 09 02 46 20.000000 2   8.496890691045E-12  2.387201894494E-11
AR GRAC 2024 06 09 02 46 30.000000 2   8.960718451967E-12  1.828395421177E-11
AR GRAC 2024 06 09 02 46 40.000000 2   8.044220671521E-12  8.045886873420E-12
AR GRAC 2024 06 09 02 46 50.000000 2   5.882258655859E-12  2.517781989841E-11
AR GRAC 2024 06 09 02 47  0.000000 2   8.748651976476E-12  1.859975194696E-11
AR GRAC 2024 06 09 02 47 10.000000 2   4.026459721196E-12 -3.058314235541E-12
AR GRAC 2024 06 09 02 47 20.000000 2   6.528890275637E-12  3.221361719041E-11
AR GRAC 2024 06 09 02 47 30.000000 2   6.898375533998E-12  1.655554686397E-11
AR GRAC 2024 06 09 02 47 40.000000 2   4.672373599135E-12  3.446747401381E-11
AR GRAC 2024 06 09 02 47 50.000000 2   5.567092793701E-12  1.377940383324E-11
AR GRAC 2024 06 09 02 48  0.000000 2   4.843335368182E-12  4.951331879222E-12
AR GRAC 2024 06 09 02 48 10.000000 2   6.848509172958E-12  1.773325757071E-11
AR GRAC 2024 06 09 02 48 20.000000 2   4.936302668707E-12  1.047518495556E-11
AR GRAC 2024 06 09 02 48 30.000000 2   4.173373886057E-12  2.103711128909E-11
AR GRAC 2024 06 09 02 48 40.000000 2   6.739527338984E-12  1.128903481112E-11
AR GRAC 2024 06 09 02 48 50.000000 2   4.284002839972E-12  8.870959522511E-12
AR GRAC 2024 06 09 02 49  0.000000 2   6.478040760066E-12  1.615288458545E-11
AR GRAC 2024 06 09 02 49 10.000000 2   6.248008187215E-12  9.894806328459E-12
AR GRAC 2024 06 09 02 49 20.000000 2   5.476627831791E-12  1.456672803213E-11
AR GRAC 2024 06 09 02 49 30.000000 2   3.048655078386E-12  1.258649759937E-12
AR GRAC 2024 06 09 02 49 40.000000 2   5.207021879644E-12  2.860570070748E-12
AR GRAC 2024 06 09 02 49 50.000000 2   4.176187173854E-12  1.218249025964E-11
AR GRAC 2024 06 09 02 50  0.000000 2   5.127175593811E-12  1.895440748800E-11
AR GRAC 2024 06 09 02 50 10.000000 2   4.660494212771E-12 -9.353671483192E-12
AR GRAC 2024 06 09 02 50 20.000000 2   3.931469299417E-12  1.863824372617E-11
AR GRAC 2024 06 09 02 50 30.000000 2   3.200687328023E-12  6.490161706674E-12
AR GRAC 2024 06 09 02 50 40.000000 2   2.401472033384E-12  1.677207678297E-11
AR GRAC 2024 06 09 02 50 50.000000 2   3.700794011519E-12  5.043993868414E-12
AR GRAC 2024 06 09 02 51  0.000000 2   3.381414722878E-12  2.155907830731E-12
AR GRAC 2024 06 09 02 51 10.000000 2   3.051377726881E-12 -1.143217812083E-11
AR GRAC 2024 06 09 02 51 20.000000 2   3.284263052489E-12  1.295973484777E-11
AR GRAC 2024 06 09 02 51 30.000000 2   3.960692451094E-12  8.541647424087E-12
AR GRAC 2024 06 09 02 51 40.000000 2   2.062773563072E-12  9.035597790807E-13
AR GRAC 2024 06 09 02 51 50.000000 2   2.544161062379E-12  5.665471564109E-12
AR GRAC 2024 06 09 02 52  0.000000 2  -1.582183819723E-12 -3.326192403105E-13
AR GRAC 2024 06 09 02 52 10.000000 2   1.152160289918E-12  1.300928982595E-11
AR GRAC 2024 06 09 02 52 20.000000 2   2.820801751902E-12 -5.418800391038E-12
AR GRAC 2024 06 09 02 52 30.000000 2   3.790402887394E-12 -4.316893630757E-12
AR GRAC 2024 06 09 02 52 40.000000 2   1.003344217605E-12 -4.949848040128E-13
AR GRAC 2024 06 09 02 52 50.000000 2   2.325552294138E-12  1.071692127402E-11
AR GRAC 2024 06 09 02 53  0.000000 2  -1.204317786989E-12 -1.238117334351E-11
AR GRAC 2024 06 09 02 53 10.000000 2   4.254643078822E-12 -8.399267392711E-12
AR GRAC 2024 06 09 02 53 20.000000 2   2.685608354626E-13  2.022636832327E-12
AR GRAC 2024 06 09 02 53 30.000000 2   8.137953744040E-13  2.654539999272E-12
AR GRAC 2024 06 09 02 53 40.000000 2   4.774858893691E-13 -1.043556950922E-12
AR GRAC 2024 06 09 02 53 50.000000 2  -1.152718979297E-12  1.583452607316E-13
AR GRAC 2024 06 09 02 54  0.000000 2  -6.900801544779E-13 -8.089753693319E-12
AR GRAC 2024 06 09 02 54 10.000000 2   5.426724607877E-13 -2.997852400349E-12
AR GRAC 2024 06 09 02 54 20.000000 2   1.227891920086E-12  6.424047058196E-12
AR GRAC 2024 06 09 02 54 30.000000 2   2.418924435754E-12 -5.104052597238E-12
AR GRAC 2024 06 09 02 54 40.000000 2   1.061449322534E-12 -4.992155126782E-12
AR GRAC 2024 06 09 02 54 50.000000 2   6.036003402828E-13 -1.599025772903E-11
AR GRAC 2024 06 09 02 55  0.000000 2   2.123503846721E-12 -8.038359908258E-12
AR GRAC 2024 06 09 02 55 10.000000 2  -6.045473908804E-13 -4.146463554455E-12
AR GRAC 2024 06 09 02 55 20.000000 2  -1.027795795520E-12 -1.634567589788E-12
AR GRAC 2024 06 09 02 55 30.000000 2   1.587359800895E-12  1.177326465485E-12
AR GRAC 2024 06 09 02 55 40.000000 2  -1.490344197878E-12 -7.030778303302E-12
AR GRAC 2024 06 09 02 55 50.000000 2  -1.236211653877E-12 -4.698886679061E-12
AR GRAC 2024 06 09 02 56  0.000000 2  -1.232326279866E-13 -2.472699302258E-11
AR GRAC 2024 06 09 02 56 10.000000 2  -8.727813935981E-13  5.664899539043E-12
AR GRAC 2024 06 09 02 56 20.000000 2  -1.233101619945E-13 -1.662321148788E-11
AR GRAC 2024 06 09 02 56 30.000000 2  -1.176438720746E-12 -2.611320448070E-12
AR GRAC 2024 06 09 02 56 40.000000 2  -8.833429322209E-13 -5.319429792483E-12
AR GRAC 2024 06 09 02 56 50.000000 2  -9.058326463050E-13 -6.167540870378E-12
AR GRAC 2024 06 09 02 57  0.000000 2  -1.969195639884E-12 -1.350565319302E-11
AR GRAC 2024 06 09 02 57 10.000000 2  -2.533231653959E-12 -1.493765289413E-12
AR GRAC 2024 06 09 02 57 20.000000 2  -2.426296360006E-12 -9.661879803169E-12
AR GRAC 2024 06 09 02 57 30.000000 2  -2.155448779531E-12 -7.989992348301E-12
AR GRAC 2024 06 09 02 57 40.000000 2   5.252246662764E-14 -1.875810791419E-11
AR GRAC 2024 06 09 02 57 50.000000 2   4.276720037139E-13 -7.676222504860E-12
AR GRAC 2024 06 09 02 58  0.000000 2  -6.289277367129E-13 -5.504338738277E-12
AR GRAC 2024 06 09 02 58 10.000000 2   8.528050227802E-13 -9.924556836072E-13
AR GRAC 2024 06 09 02 58 20.000000 2  -1.331848043309E-12 -2.332057463805E-11
AR GRAC 2024 06 09 02 58 30.000000 2  -2.440960844910E-12 -7.288692219221E-12
AR GRAC 2024 06 09 02 58 40.000000 2   7.952322746705E-14 -1.529681242785E-11
AR GRAC 2024 06 09 02 58 50.000000 2  -3.485426574093E-12 -1.339493099772E-11
AR GRAC 2024 06 09 02 59  0.000000 2  -2.677114389546E-12 -1.379305263755E-11
AR GRAC 2024 06 09 02 59 10.000000 2   5.338276072272E-15 -6.441172248350E-12
AR GRAC 2024 06 09 02 59 20.000000 2  -3.010387945868E-12 -7.109294489910E-12
AR GRAC 2024 06 09 02 59 30.000000 2   4.714107793360E-13 -2.322741825267E-11
AR GRAC 2024 06 09 02 59 40.000000 2  -3.397258386065E-12 -9.815540741309E-12
AR GRAC 2024 06 09 02 59 50.000000 2  -1.916579958974E-12 -2.559366781008E-11
AR GRAC 2024 06 09 03 00  0.000000 2   2.740108216281E-13 -1.315179128797E-11
AR GRAC 2024 06 09 03 00 10.000000 2  -5.511477559061E-12 -2.667991695626E-11
AR GRAC 2024 06 09 03 00 20.000000 2  -3.595251483676E-12 -1.359804283063E-11
AR GRAC 2024 06 09 03 00 30.000000 2  -2.963631727179E-12 -1.846616956569E-11
AR GRAC 2024 06 09 03 00 40.000000 2   1.481492229241E-12 -9.484298763018E-12
AR GRAC 2024 06 09 03 00 50.000000 2  -1.707662657113E-12 -2.836242699034E-11
AR GRAC 2024 06 09 03 01  0.000000 2  -3.171721349102E-12 -2.191055670231E-11
AR GRAC 2024 06 09 03 01 10.000000 2  -3.386799304547E-12 -1.162868586146E-11
AR GRAC 2024 06 09 03 01 20.000000 2  -9.134657006499E-13 -2.387681545535E-11
AR GRAC 2024 06 09 03 01 30.000000 2  -4.260427080571E-12 -1.794494934593E-11
AR GRAC 2024 06 09 03 01 40.000000 2  -3.393659485373E-12 -2.071307882157E-11
AR GRAC 2024 06 09 03 01 50.000000 2  -1.764650058023E-12 -2.391121502188E-11
AR GRAC 2024 06 09 03 02  0.000000 2  -1.405830638533E-12 -2.254934607093E-11
AR GRAC 2024 06 09 03 02 10.000000 2  -1.494811219249E-12 -7.457483415518E-12
AR GRAC 2024 06 09 03 02 20.000000 2  -3.992314291656E-12 -2.129561631203E-11
AR GRAC 2024 06 09 03 02 30.000000 2  -2.887464356158E-12 -2.448375356623E-11
AR GRAC 2024 06 09 03 02 40.000000 2  -1.266944882339E-12 -2.124189192598E-11
AR GRAC 2024 06 09 03 02 50.000000 2  -7.440630685369E-13 -1.147002718499E-11
AR GRAC 2024 06 09 03 03  0.000000 2  -2.335393597258E-12 -2.984816560581E-11
AR GRAC 2024 06 09 03 03 10.000000 2  -2.779702900149E-12 -6.716304162130E-12
AR GRAC 2024 06 09 03 03 20.000000 2  -2.756027610989E-12 -3.060444606073E-11
AR GRAC 2024 06 09 03 03 30.000000 2  -4.482692429059E-12 -1.631258496337E-11
AR GRAC 2024 06 09 03 03 40.000000 2  -3.676195198948E-12 -7.680727581727E-12
AR GRAC 2024 06 09 03 03 50.000000 2  -2.019791235305E-12 -1.898886950458E-11
AR GRAC 2024 06 09 03 04  0.000000 2  -4.640458590305E-12 -2.597701394269E-11
AR GRAC 2024 06 09 03 04 10.000000 2  -2.241760162919E-12 -2.183515521170E-11
AR GRAC 2024 06 09 03 04 20.000000 2  -2.493901786471E-12 -2.731329919181E-11
AR GRAC 2024 06 09 03 04 30.000000 2  -1.224265805920E-12 -1.999144426390E-11
AR GRAC 2024 06 09 03 04 40.000000 2  -9.575816702079E-13 -7.729587803151E-12
AR GRAC 2024 06 09 03 04 50.000000 2  -2.056583419188E-12 -2.139773601362E-11
AR GRAC 2024 06 09 03 05  0.000000 2  -3.051953221395E-12 -1.986588324399E-11
AR GRAC 2024 06 09 03 05 10.000000 2  -5.428749897535E-12 -2.677402917428E-11
AR GRAC 2024 06 09 03 05 20.000000 2  -3.725887653960E-12 -1.118218018181E-11
AR GRAC 2024 06 09 03 05 30.000000 2  -3.209850137423E-12 -2.186032778406E-11
AR GRAC 2024 06 09 03 05 40.000000 2  -1.404158039842E-12 -2.845847862920E-11
AR GRAC 2024 06 09 03 05 50.000000 2  -3.607746696874E-12 -2.435662782574E-11
AR GRAC 2024 06 09 03 06  0.000000 2  -2.652500614986E-12 -3.103477891342E-11
AR GRAC 2024 06 09 03 06 10.000000 2  -2.788454688506E-13 -1.728293202996E-11
AR GRAC 2024 06 09 03 06 20.000000 2  -4.041828503831E-12 -2.277108536453E-11
AR GRAC 2024 06 09 03 06 30.000000 2  -2.670983443101E-12 -1.424923980892E-11
AR GRAC 2024 06 09 03 06 40.000000 2  -2.422154057186E-12 -3.353739508327E-11
AR GRAC 2024 06 09 03 06 50.000000 2  -3.354468612604E-12 -2.139554852731E-11
AR GRAC 2024 06 09 03 07  0.000000 2  -3.101311742137E-12 -1.515370641469E-11
AR GRAC 2024 06 09 03 07 10.000000 2  -2.397373098650E-12 -1.781186136085E-11
AR GRAC 2024 06 09 03 07 20.000000 2  -1.271274643715E-12 -3.026002018403E-11
AR GRAC 2024 06 09 03 07 30.000000 2  -3.321721803867E-12 -1.152817771799E-11
AR GRAC 2024 06 09 03 07 40.000000 2  -8.717443542201E-13 -3.668633452580E-11
AR GRAC 2024 06 09 03 07 50.000000 2  -6.210516042410E-13 -1.216449510566E-11
AR GRAC 2024 06 09 03 08  0.000000 2  -1.421777626187E-12 -2.033265569801E-11
AR GRAC 2024 06 09 03 08 10.000000 2  -1.156812167759E-12 -2.599081540267E-11
AR GRAC 2024 06 09 03 08 20.000000 2  -2.373150937915E-12 -1.234897687580E-11
AR GRAC 2024 06 09 03 08 30.000000 2  -3.201263256217E-12 -3.071714063663E-11
AR GRAC 2024 06 09 03 08 40.000000 2  -1.003035870507E-12 -1.929530320244E-11
AR GRAC 2024 06 09 03 08 50.000000 2  -4.613375111616E-13 -2.796347008116E-11
AR GRAC 2024 06 09 03 09  0.000000 2  -1.660120608690E-12 -3.211163279726E-11
AR GRAC 2024 06 09 03 09 10.000000 2  -1.850089092342E-12 -1.952979791775E-11
AR GRAC 2024 06 09 03 09 20.000000 2  -7.909645703165E-13 -3.380796337327E-11
AR GRAC 2024 06 09 03 09 30.000000 2  -7.769522194665E-14 -2.208613326948E-11
AR GRAC 2024 06 09 03 09 40.000000 2   3.209212138654E-13 -1.721429769563E-11
AR GRAC 2024 06 09 03 09 50.000000 2   3.300011631145E-13 -3.653246802293E-11
AR GRAC 2024 06 09 03 10  0.000000 2  -1.483398365081E-12 -8.200635483180E-12
AR GRAC 2024 06 09 03 10 10.000000 2   9.185428025832E-13 -2.485880772063E-11
AR GRAC 2024 06 09 03 10 20.000000 2   8.127338727145E-14 -2.602697744825E-11
AR GRAC 2024 06 09 03 10 30.000000 2  -6.695457990119E-13 -1.080514931001E-11
AR GRAC 2024 06 09 03 10 40.000000 2   1.807480895641E-13 -2.598331966253E-11
AR GRAC 2024 06 09 03 10 50.000000 2   8.555713781758E-14 -1.914149221072E-11
AR GRAC 2024 06 09 03 11  0.000000 2   1.363164247280E-12 -3.585966593112E-11
AR GRAC 2024 06 09 03 11 10.000000 2   2.277916136967E-12 -1.492784021395E-11
AR GRAC 2024 06 09 03 11 20.000000 2   2.065878067573E-12 -2.549601675617E-11
AR GRAC 2024 06 09 03 11 30.000000 2   5.620619529696E-13 -2.746419064392E-11
AR GRAC 2024 06 09 03 11 40.000000 2   3.320250975200E-12 -1.546236749750E-11
AR GRAC 2024 06 09 03 11 50.000000 2   4.466056159873E-13 -3.572054804724E-11
AR GRAC 2024 06 09 03 12  0.000000 2   3.828945895155E-13 -2.684872116299E-11
AR GRAC 2024 06 09 03 12 10.000000 2   2.222187928461E-12 -2.510690266799E-11
AR GRAC 2024 06 09 03 12 20.000000 2  -5.119017189303E-13 -3.795081002927E-12
AR GRAC 2024 06 09 03 12 30.000000 2   2.063781003731E-12 -2.689326365768E-11
AR GRAC 2024 06 09 03 12 40.000000 2   3.337901786568E-12 -3.489144043134E-11
AR GRAC 2024 06 09 03 12 50.000000 2   3.538322629684E-12 -1.155962305044E-11
AR GRAC 2024 06 09 03 13  0.000000 2   3.690698788250E-12 -2.260780625207E-11
AR GRAC 2024 06 09 03 13 10.000000 2   4.603912737156E-13 -4.495599031928E-11
AR GRAC 2024 06 09 03 13 20.000000 2   2.059178348668E-12 -1.617417311195E-11
AR GRAC 2024 06 09 03 13 30.000000 2   5.677414701560E-12 -4.902356298686E-12
AR GRAC 2024 06 09 03 13 40.000000 2   8.617876377792E-13 -2.611054081281E-11
AR GRAC 2024 06 09 03 13 50.000000 2   2.936163248299E-12 -1.760872697654E-11
AR GRAC 2024 06 09 03 14  0.000000 2   2.876227468002E-12 -2.023691457465E-11
AR GRAC 2024 06 09 03 14 10.000000 2   1.293069167366E-12 -2.818510355662E-11
AR GRAC 2024 06 09 03 14 20.000000 2   5.132484281328E-12 -3.501329087774E-11
AR GRAC 2024 06 09 03 14 30.000000 2   2.377943328358E-12 -1.271148030585E-11
AR GRAC 2024 06 09 03 14 40.000000 2   6.463819063329E-12 -2.058967232821E-11
AR GRAC 2024 06 09 03 14 50.000000 2   2.304963078043E-12 -2.840786113290E-11
AR GRAC 2024 06 09 03 15  0.000000 2   1.975215130345E-12 -4.826051017148E-12
AR GRAC 2024 06 09 03 15 10.000000 2   3.658174457799E-12 -1.831424421839E-11
AR GRAC 2024 06 09 03 15 20.000000 2   3.790392912734E-12 -9.372435119670E-12
AR GRAC 2024 06 09 03 15 30.000000 2   3.553667776712E-12 -3.163062867184E-11
AR GRAC 2024 06 09 03 15 40.000000 2   6.499499289464E-12 -2.705882393150E-11
AR GRAC 2024 06 09 03 15 50.000000 2   3.483563481080E-12 -1.716701954202E-11
AR GRAC 2024 06 09 03 16  0.000000 2   5.175326313334E-12 -1.599521209927E-11
AR GRAC 2024 06 09 03 16 10.000000 2   2.237307778277E-12 -2.060340786869E-11
AR GRAC 2024 06 09 03 16 20.000000 2   4.413838652212E-12 -1.050160739618E-11
AR GRAC 2024 06 09 03 16 30.000000 2   5.903615270253E-12 -1.826980407238E-11
AR GRAC 2024 06 09 03 16 40.000000 2   2.929849071687E-12 -1.865800222656E-11
AR GRAC 2024 06 09 03 16 50.000000 2   6.102290114191E-12 -7.996200923621E-12
AR GRAC 2024 06 09 03 17  0.000000 2   5.364490969495E-12 -2.002440054050E-11
AR GRAC 2024 06 09 03 17 10.000000 2   4.284063555293E-12 -1.621260244111E-11
AR GRAC 2024 06 09 03 17 20.000000 2   8.443798611701E-12 -1.425080452949E-11
AR GRAC 2024 06 09 03 17 30.000000 2   5.880611969600E-12 -2.607900700946E-11
AR GRAC 2024 06 09 03 17 40.000000 2   4.875601658516E-12 -2.687720705719E-11
AR GRAC 2024 06 09 03 17 50.000000 2   5.769880233319E-12 -2.124541341464E-11
AR GRAC 2024 06 09 03 18  0.000000 2   6.572686839235E-12 -6.453616287205E-12
AR GRAC 2024 06 09 03 18 10.000000 2   5.470350734893E-12 -1.539182149790E-11
AR GRAC 2024 06 09 03 18 20.000000 2   7.091467170428E-12 -1.934002784310E-11
AR GRAC 2024 06 09 03 18 30.000000 2   5.857609102627E-12 -1.882350747712E-13
AR GRAC 2024 06 09 03 18 40.000000 2   7.673369752104E-12  1.001355769137E-11
AR GRAC 2024 06 09 03 18 50.000000 2   4.962572453665E-12 -2.955465039367E-11
AR GRAC 2024 06 09 03 19  0.000000 2   7.512911300023E-12 -1.198285914938E-11
AR GRAC 2024 06 09 03 19 10.000000 2   7.168694891174E-12 -1.416106901880E-11
AR GRAC 2024 06 09 03 19 20.000000 2   6.603279988776E-12 -1.076927956534E-11
AR GRAC 2024 06 09 03 19 30.000000 2   7.135663154106E-12 -1.495749010760E-11
AR GRAC 2024 06 09 03 19 40.000000 2   7.224343085560E-12 -1.127570172649E-11
AR GRAC 2024 06 09 03 19 50.000000 2   7.155375250645E-12 -2.437391434518E-11
AR GRAC 2024 06 09 03 20  0.000000 2   8.134375985291E-12  9.107872442349E-12
AR GRAC 2024 06 09 03 20 10.000000 2   7.144235290163E-12  6.496590917136E-13
AR GRAC 2024 06 09 03 20 20.000000 2   9.564359720882E-12 -7.908555754721E-12
AR GRAC 2024 06 09 03 20 30.000000 2   7.767267731773E-12 -2.695677014941E-11
AR GRAC 2024 06 09 03 20 40.000000 2   7.344422812972E-12 -1.216498603240E-11
AR GRAC 2024 06 09 03 20 50.000000 2   1.161352437828E-11 -1.948320324519E-11
AR GRAC 2024 06 09 03 21  0.000000 2   1.034104312597E-11  6.348578347054E-12
AR GRAC 2024 06 09 03 21 10.000000 2   9.577533210958E-12 -1.176964081750E-11
AR GRAC 2024 06 09 03 21 20.000000 2   8.573682562518E-12 -1.888785829129E-11
AR GRAC 2024 06 09 03 21 30.000000 2   7.761753913205E-12  1.685392103656E-11
AR GRAC 2024 06 09 03 21 40.000000 2   8.163904448300E-12  1.115701281362E-12
AR GRAC 2024 06 09 03 21 50.000000 2   8.632503566142E-12 -1.212252000171E-11
AR GRAC 2024 06 09 03 22  0.000000 2   1.123862114483E-11 -8.107429658177E-13
AR GRAC 2024 06 09 03 22 10.000000 2   1.035199617000E-11  2.011035001720E-12
AR GRAC 2024 06 09 03 22 20.000000 2   1.258782314495E-11 -8.667188494682E-12
AR GRAC 2024 06 09 03 22 30.000000 2   9.202059253477E-12  1.029458723129E-11
AR GRAC 2024 06 09 03 22 40.000000 2   1.233295063297E-11  1.207636247946E-11
AR GRAC 2024 06 09 03 22 50.000000 2   8.922387134680E-12 -1.490186446462E-11
AR GRAC 2024 06 09 03 23  0.000000 2   1.079652686697E-11 -8.500090388497E-12
AR GRAC 2024 06 09 03 23 10.000000 2   1.072708935568E-11  1.263168302595E-11
AR GRAC 2024 06 09 03 23 20.000000 2   1.108455081195E-11 -2.461654664832E-11
AR GRAC 2024 06 09 03 23 30.000000 2   1.096452963145E-11  2.785226259697E-12
AR GRAC 2024 06 09 03 23 40.000000 2   1.104699318133E-11 -2.853002990105E-12
AR GRAC 2024 06 09 03 23 50.000000 2   1.200976557786E-11 -6.221233164044E-12
AR GRAC 2024 06 09 03 24  0.000000 2   9.873633161073E-12  1.740535558563E-12
AR GRAC 2024 06 09 03 24 10.000000 2   1.130646271053E-11 -3.857696280474E-12
AR GRAC 2024 06 09 03 24 20.000000 2   1.221485326081E-11  8.574072007939E-12
AR GRAC 2024 06 09 03 24 30.000000 2   1.047302609219E-11  2.065839253135E-12
AR GRAC 2024 06 09 03 24 40.000000 2   1.079349630506E-11  9.227604791384E-12
AR GRAC 2024 06 09 03 24 50.000000 2   1.046813330463E-11 -6.700629634482E-12
AR GRAC 2024 06 09 03 25  0.000000 2   1.264633796988E-11  2.901134844510E-12
AR GRAC 2024 06 09 03 25 10.000000 2   1.216933932097E-11  1.811290006870E-11
AR GRAC 2024 06 09 03 25 20.000000 2   1.161768684727E-11 -1.309533731453E-11
AR GRAC 2024 06 09 03 25 30.000000 2   1.377583377232E-11  3.436424972705E-12
AR GRAC 2024 06 09 03 25 40.000000 2   1.129828175461E-11 -7.218124752420E-13
AR GRAC 2024 06 09 03 25 50.000000 2   1.165291474425E-11 -7.900519431378E-13
AR GRAC 2024 06 09 03 26  0.000000 2   1.287193268640E-11  1.121170864482E-11
AR GRAC 2024 06 09 03 26 10.000000 2   1.377103032302E-11 -1.005653199604E-11
AR GRAC 2024 06 09 03 26 20.000000 2   1.344411127563E-11  1.153522676683E-11
AR GRAC 2024 06 09 03 26 30.000000 2   1.360301281339E-11  3.116984968743E-12
AR GRAC 2024 06 09 03 26 40.000000 2   1.502037383361E-11  5.218743406171E-12
AR GRAC 2024 06 09 03 26 50.000000 2   1.060466211372E-11 -4.529500906292E-12
AR GRAC 2024 06 09 03 27  0.000000 2   1.416774943891E-11  1.272225467336E-11
AR GRAC 2024 06 09 03 27 10.000000 2   1.341815374090E-11  2.658400929945E-11
AR GRAC 2024 06 09 03 27 20.000000 2   1.367483817155E-11 -2.554235252125E-12
AR GRAC 2024 06 09 03 27 30.000000 2   1.421496600984E-11  9.967518130316E-12
AR GRAC 2024 06 09 03 27 40.000000 2   1.451638722422E-11  3.492719622637E-13
AR GRAC 2024 06 09 03 27 50.000000 2   1.499678679850E-11  1.077102382979E-11
AR GRAC 2024 06 09 03 28  0.000000 2   1.461021928439E-11  7.352774639147E-12
AR GRAC 2024 06 09 03 28 10.000000 2   1.411370239429E-11  1.311452595826E-11
AR GRAC 2024 06 09 03 28 20.000000 2   1.598634072342E-11  6.166275823283E-12
AR GRAC 2024 06 09 03 28 30.000000 2   1.465839429005E-11  1.586802564346E-11
AR GRAC 2024 06 09 03 28 40.000000 2   1.640306120099E-11  1.763977332259E-11
AR GRAC 2024 06 09 03 28 50.000000 2   1.395325868736E-11  7.901521451026E-12
AR GRAC 2024 06 09 03 29  0.000000 2   1.674651910200E-11  7.763268326799E-12
AR GRAC 2024 06 09 03 29 10.000000 2   1.416565649504E-11  6.605015145933E-12
AR GRAC 2024 06 09 03 29 20.000000 2   1.347375769983E-11  1.969676158287E-11
AR GRAC 2024 06 09 03 29 30.000000 2   1.794616365236E-11  1.632850625544E-11
AR GRAC 2024 06 09 03 29 40.000000 2   1.709249061732E-11  1.341024947338E-11
AR GRAC 2024 06 09 03 29 50.000000 2   1.661248742735E-11  3.041993740238E-12
AR GRAC 2024 06 09 03 30  0.000000 2   1.867557671009E-11  1.480373636176E-11
AR GRAC 2024 06 09 03 30 10.000000 2   1.360995170729E-11  1.095477441398E-12
AR GRAC 2024 06 09 03 30 20.000000 2   1.587805234515E-11  2.352722010268E-11
AR GRAC 2024 06 09 03 30 30.000000 2   1.531821891554E-11 -8.710401106990E-13
AR GRAC 2024 06 09 03 30 40.000000 2   1.635160930269E-11  2.793069768525E-11
AR GRAC 2024 06 09 03 30 50.000000 2   1.676306836396E-11  2.413243736787E-11
AR GRAC 2024 06 09 03 31  0.000000 2   1.551621331419E-11  1.755417512739E-11
AR GRAC 2024 06 09 03 31 10.000000 2   1.499277091366E-11  4.525915232867E-12
AR GRAC 2024 06 09 03 31 20.000000 2   1.819372083545E-11  1.763765175578E-11
AR GRAC 2024 06 09 03 31 30.000000 2   2.042510084677E-11  2.567938743592E-11
AR GRAC 2024 06 09 03 31 40.000000 2   1.632867625834E-11  2.143112423636E-11
AR GRAC 2024 06 09 03 31 50.000000 2   1.577962586985E-11  2.706285716358E-11
AR GRAC 2024 06 09 03 32  0.000000 2   1.661619973559E-11  9.944592024858E-12
AR GRAC 2024 06 09 03 32 10.000000 2   1.677697911151E-11  1.976632399425E-11
AR GRAC 2024 06 09 03 32 20.000000 2   1.650479405924E-11  1.972805772910E-11
AR GRAC 2024 06 09 03 32 30.000000 2   1.753702218166E-11  2.309978944237E-11
AR GRAC 2024 06 09 03 32 40.000000 2   1.702583213303E-11  2.446151961544E-11
AR GRAC 2024 06 09 03 32 50.000000 2   1.751309340603E-11  2.667325041394E-11
AR GRAC 2024 06 09 03 33  0.000000 2   1.624520136467E-11  7.544979398200E-12
AR GRAC 2024 06 09 03 33 10.000000 2   2.116259077700E-11  1.931670795541E-11
AR GRAC 2024 06 09 03 33 20.000000 2   1.636369338642E-11  1.106843609822E-11
AR GRAC 2024 06 09 03 33 30.000000 2   1.927621083586E-11  2.977016202999E-11
AR GRAC 2024 06 09 03 33 40.000000 2   1.794417045509E-11  2.293188902658E-11
AR GRAC 2024 06 09 03 33 50.000000 2   2.003941110273E-11  1.622361620046E-11
AR GRAC 2024 06 09 03 34  0.000000 2   1.734968592404E-11  2.798533974002E-11
AR GRAC 2024 06 09 03 34 10.000000 2   1.837470627042E-11  1.947706579353E-11
AR GRAC 2024 06 09 03 34 20.000000 2   2.277070025591E-11  2.113878863619E-11
AR GRAC 2024 06 09 03 34 30.000000 2   1.741195555793E-11  2.899051138039E-11
AR GRAC 2024 06 09 03 34 40.000000 2   1.491693574218E-11  3.871223480667E-11
AR GRAC 2024 06 09 03 34 50.000000 2   1.947011822601E-11  1.221395467405E-11
AR GRAC 2024 06 09 03 35  0.000000 2   1.991484581410E-11  2.380567444560E-11
AR GRAC 2024 06 09 03 35 10.000000 2   1.772612612250E-11  1.991739585760E-11
AR GRAC 2024 06 09 03 35 20.000000 2   1.925391443502E-11  2.194911613573E-11
AR GRAC 2024 06 09 03 35 30.000000 2   1.668240372232E-11  3.856083161113E-11
AR GRAC 2024 06 09 03 35 40.000000 2   1.843202500351E-11  1.351255045356E-11
AR GRAC 2024 06 09 03 35 50.000000 2   1.785552261602E-11  3.434427048310E-11
AR GRAC 2024 06 09 03 36  0.000000 2   1.854195789963E-11  2.288598303923E-11
AR GRAC 2024 06 09 03 36 10.000000 2   1.806965167772E-11  2.476770004367E-11
AR GRAC 2024 06 09 03 36 20.000000 2   2.200190030166E-11  3.069941523215E-11
AR GRAC 2024 06 09 03 36 30.000000 2   1.899689260065E-11  3.377112825498E-11
AR GRAC 2024 06 09 03 36 40.000000 2   1.939163586651E-11  2.559284208170E-11
AR GRAC 2024 06 09 03 36 50.000000 2   1.842403833663E-11  3.135455436953E-11
AR GRAC 2024 06 09 03 37  0.000000 2   1.922474159033E-11  3.244626789467E-11
AR GRAC 2024 06 09 03 37 10.000000 2   2.193352097168E-11  3.339797882695E-11
AR GRAC 2024 06 09 03 37 20.000000 2   2.081858470337E-11  3.162968498227E-11
AR GRAC 2024 06 09 03 37 30.000000 2   1.816123293419E-11  3.798139927569E-11
AR GRAC 2024 06 09 03 37 40.000000 2   2.165001684873E-11  1.894310576456E-11
AR GRAC 2024 06 09 03 37 50.000000 2   1.921360119617E-11  2.644481335301E-11
AR GRAC 2024 06 09 03 38  0.000000 2   1.957035401789E-11  2.672652203717E-11
AR GRAC 2024 06 09 03 38 10.000000 2   2.101638481300E-11  3.213822610815E-11
AR GRAC 2024 06 09 03 38 20.000000 2   1.855531700512E-11  2.758993380980E-11
AR GRAC 2024 06 09 03 38 30.000000 2   1.908626034997E-11  2.428163919932E-11
AR GRAC 2024 06 09 03 38 40.000000 2   2.268510379544E-11  2.716334622510E-11
AR GRAC 2024 06 09 03 38 50.000000 2   2.018004686966E-11  2.381504889126E-11
AR GRAC 2024 06 09 03 39  0.000000 2   1.881594186015E-11  3.194675080032E-11
AR GRAC 2024 06 09 03 39 10.000000 2   1.959508250104E-11  2.902845498698E-11
AR GRAC 2024 06 09 03 39 20.000000 2   2.110436651825E-11  2.380015455550E-11
AR GRAC 2024 06 09 03 39 30.000000 2   2.012362845805E-11  1.857185585874E-11
AR GRAC 2024 06 09 03 39 40.000000 2   2.187658561248E-11  3.067355397457E-11
AR GRAC 2024 06 09 03 39 50.000000 2   2.014763009206E-11  3.464525541452E-11
AR GRAC 2024 06 09 03 40  0.000000 2   2.202471191537E-11  3.577695431578E-11
AR GRAC 2024 06 09 03 40 10.000000 2   1.878689911972E-11  4.611865403459E-11
AR GRAC 2024 06 09 03 40 20.000000 2   2.037092890206E-11  3.073034882117E-11
AR GRAC 2024 06 09 03 40 30.000000 2   2.277907029669E-11  2.069204529942E-11
AR GRAC 2024 06 09 03 40 40.000000 2   1.717893882702E-11  3.456374075839E-11
AR GRAC 2024 06 09 03 40 50.000000 2   2.096950391106E-11  4.014543558695E-11
AR GRAC 2024 06 09 03 41  0.000000 2   2.078793734372E-11  3.470712953146E-11
AR GRAC 2024 06 09 03 41 10.000000 2   2.097807171031E-11  4.893882174506E-11
AR GRAC 2024 06 09 03 41 20.000000 2   2.062055907970E-11  1.545051586671E-11
AR GRAC 2024 06 09 03 41 30.000000 2   2.077520447341E-11  4.255220828475E-11
AR GRAC 2024 06 09 03 41 40.000000 2   2.026038711800E-11  1.960390010047E-11
AR GRAC 2024 06 09 03 41 50.000000 2   2.077734165273E-11  4.212558774030E-11
AR GRAC 2024 06 09 03 42  0.000000 2   1.910748989586E-11  2.737728099778E-11
AR GRAC 2024 06 09 03 42 10.000000 2   2.297206869173E-11  4.290896804537E-11
AR GRAC 2024 06 09 03 42 20.000000 2   2.084976115369E-11  4.243065968024E-11
AR GRAC 2024 06 09 03 42 30.000000 2   2.151083478008E-11  2.967234444262E-11
AR GRAC 2024 06 09 03 42 40.000000 2   2.100433889318E-11  3.555403194078E-11
AR GRAC 2024 06 09 03 42 50.000000 2   2.059717153780E-11  3.579571708490E-11
AR GRAC 2024 06 09 03 43  0.000000 2   2.118157212128E-11  4.445740303671E-11
AR GRAC 2024 06 09 03 43 10.000000 2   2.034379088800E-11  3.581908727956E-11
AR GRAC 2024 06 09 03 43 20.000000 2   2.377752161831E-11  2.930077361296E-11
AR GRAC 2024 06 09 03 43 30.000000 2   2.111739255684E-11  3.472245407865E-11
AR GRAC 2024 06 09 03 43 40.000000 2   2.111908738167E-11  3.390413991222E-11
AR GRAC 2024 06 09 03 43 50.000000 2   2.153070777222E-11  4.237581813227E-11
AR GRAC 2024 06 09 03 44  0.000000 2   2.078681324291E-11  1.766749940790E-11
AR GRAC 2024 06 09 03 44 10.000000 2   1.974916584435E-11  3.924918029474E-11
AR GRAC 2024 06 09 03 44 20.000000 2   2.120730847877E-11  4.622085700290E-11
AR GRAC 2024 06 09 03 44 30.000000 2   2.159050889461E-11  3.951253907397E-11
AR GRAC 2024 06 09 03 44 40.000000 2   2.314197444786E-11  3.665421438592E-11
AR GRAC 2024 06 09 03 44 50.000000 2   2.125173474699E-11  4.505589304427E-11
AR GRAC 2024 06 09 03 45  0.000000 2   1.988192249724E-11  3.107757107212E-11
AR GRAC 2024 06 09 03 45 10.000000 2   2.482167596463E-11  2.802924732592E-11
AR GRAC 2024 06 09 03 45 20.000000 2   2.024001452550E-11  4.468092215659E-11
AR GRAC 2024 06 09 03 45 30.000000 2   2.056303217979E-11  3.622259783786E-11
AR GRAC 2024 06 09 03 45 40.000000 2   2.209170693601E-11  4.303426712204E-11
AR GRAC 2024 06 09 03 45 50.000000 2   2.062361566246E-11  3.900594430783E-11
AR GRAC 2024 06 09 03 46  0.000000 2   2.195706116925E-11  3.410761256761E-11
AR GRAC 2024 06 09 03 46 10.000000 2   2.189994366408E-11  2.672928545167E-11
AR GRAC 2024 06 09 03 46 20.000000 2   2.164751711220E-11  3.330095574294E-11
AR GRAC 2024 06 09 03 46 30.000000 2   2.074509140859E-11  4.408262643807E-11
AR GRAC 2024 06 09 03 46 40.000000 2   2.444960206516E-11  2.622429703947E-11
AR GRAC 2024 06 09 03 46 50.000000 2   2.337686814957E-11  5.041596307098E-11
AR GRAC 2024 06 09 03 47  0.000000 2   1.863998018437E-11  3.581763011185E-11
AR GRAC 2024 06 09 03 47 10.000000 2   2.239471975918E-11  4.483929894050E-11
AR GRAC 2024 06 09 03 47 20.000000 2   2.044696009729E-11  4.306096451634E-11
AR GRAC 2024 06 09 03 47 30.000000 2   2.213880120894E-11  3.711263241168E-11
AR GRAC 2024 06 09 03 47 40.000000 2   2.154690662004E-11  2.817429622937E-11
AR GRAC 2024 06 09 03 47 50.000000 2   2.230630957722E-11  3.191595945862E-11
AR GRAC 2024 06 09 03 48  0.000000 2   2.577420915584E-11  3.565762615731E-11
AR GRAC 2024 06 09 03 48 10.000000 2   2.468657396559E-11  5.022928600829E-11
AR GRAC 2024 06 09 03 48 20.000000 2   2.057541290124E-11  2.844094924848E-11
AR GRAC 2024 06 09 03 48 30.000000 2   2.067707983999E-11  3.872260845306E-11
AR GRAC 2024 06 09 03 48 40.000000 2   2.064355804354E-11  3.917426799616E-11
AR GRAC 2024 06 09 03 48 50.000000 2   2.170555228609E-11  3.347593036107E-11
AR GRAC 2024 06 09 03 49  0.000000 2   1.914534503156E-11  4.379758708484E-11
AR GRAC 2024 06 09 03 49 10.000000 2   2.267160070790E-11  4.459924790590E-11
AR GRAC 2024 06 09 03 49 20.000000 2   2.103442940660E-11  4.209090367913E-11
AR GRAC 2024 06 09 03 49 30.000000 2   2.239403107396E-11  3.415255925288E-11
AR GRAC 2024 06 09 03 49 40.000000 2   2.140252905458E-11  3.724421465678E-11
AR GRAC 2024 06 09 03 49 50.000000 2   2.100468236843E-11  4.973587167112E-11
