 2.00 C RINEX VERSION / TYPE
 10.00 INTERVAL
 1 AR # / TYPES OF DATA
 END OF HEADER
AR GRAC 2024 07 02 01 50  0.000000 2   9.496902396433E-12  3.995144493008E-12
AR GRAC 2024 07 02 01 50 10.000000 2   4.853454443898E-12  1.852031548955E-11
AR GRAC 2024 07 02 01 50 20.000000 2   5.588045217525E-12  1.135484067882E-12
AR GRAC 2024 07 02 01 50 30.000000 2   3.482157270862E-12  1.331065205973E-11
AR GRAC 2024 07 02 01 50 40.000000 2   4.222808734633E-12  3.645817588799E-12
AR GRAC 2024 07 02 01 50 50.000000 2   4.254301338297E-12  1.492098285205E-11
AR GRAC 2024 07 02 01 51  0.000000 2   8.002016584074E-12  5.906146231804E-12
AR GRAC 2024 07 02 01 51 10.000000 2   3.946531035998E-12  6.961308699621E-12
AR GRAC 2024 07 02 01 51 20.000000 2   7.507606515633E-12  7.946468136288E-12
AR GRAC 2024 07 02 01 51 30.000000 2   1.083391839782E-12 -8.374310664675E-15
AR GRAC 2024 07 02 01 51 40.000000 2   6.352566042644E-12  1.184678310312E-11
AR GRAC 2024 07 02 01 51 50.000000 2   4.699619166049E-12 -5.278061408071E-12
AR GRAC 2024 07 02 01 52  0.000000 2   4.526599581278E-12  1.807091911006E-12
AR GRAC 2024 07 02 01 52 10.000000 2   3.487151322909E-12  3.822444476827E-13
AR GRAC 2024 07 02 01 52 20.000000 2   2.259496192578E-12  4.673967918430E-13
AR GRAC 2024 07 02 01 52 30.000000 2   3.262576623794E-12 -5.697454660836E-12
AR GRAC 2024 07 02 01 52 40.000000 2   3.055977996699E-12  6.847693419243E-12
AR GRAC 2024 07 02 01 52 50.000000 2   4.751533910254E-13 -1.205716082531E-11
AR GRAC 2024 07 02 01 53  0.000000 2   3.915096979251E-12  1.636798162286E-11
AR GRAC 2024 07 02 01 53 10.000000 2   3.119086586234E-12 -2.046873955053E-12
AR GRAC 2024 07 02 01 53 20.000000 2   4.852235366976E-12  4.448268142720E-12
AR GRAC 2024 07 02 01 53 30.000000 2   1.574876405501E-12  1.112340861781E-11
AR GRAC 2024 07 02 01 53 40.000000 2   2.336506639208E-12  9.968547688699E-12
AR GRAC 2024 07 02 01 53 50.000000 2   2.589763689956E-12 -4.796316122047E-12
AR GRAC 2024 07 02 01 54  0.000000 2  -1.397069309197E-12 -6.621181467686E-12
AR GRAC 2024 07 02 01 54 10.000000 2   1.355374905192E-12  1.839532351314E-13
AR GRAC 2024 07 02 01 54 20.000000 2   3.243040330638E-13 -4.440913782544E-12
AR GRAC 2024 07 02 01 54 30.000000 2   2.721223203370E-12  2.824215687702E-12
AR GRAC 2024 07 02 01 54 40.000000 2   3.798376110170E-12 -6.870654652852E-12
AR GRAC 2024 07 02 01 54 50.000000 2  -1.858673588304E-12  2.874472795206E-12
AR GRAC 2024 07 02 01 55  0.000000 2   2.655094893944E-12  7.995994274687E-13
AR GRAC 2024 07 02 01 55 10.000000 2  -2.361849051839E-13 -2.452757235597E-13
AR GRAC 2024 07 02 01 55 20.000000 2   1.086862262516E-12 -7.070152623079E-12
AR GRAC 2024 07 02 01 55 30.000000 2   6.242816593532E-13  3.904968362556E-12
AR GRAC 2024 07 02 01 55 40.000000 2   9.559116736016E-13 -5.629911467575E-12
AR GRAC 2024 07 02 01 55 50.000000 2  -2.701151368550E-12  6.415207341043E-12
AR GRAC 2024 07 02 01 56  0.000000 2   7.564976612804E-14 -1.199676209068E-12
AR GRAC 2024 07 02 01 56 10.000000 2  -2.936187968108E-12  8.685437785649E-12
AR GRAC 2024 07 02 01 56 20.000000 2  -4.647312265918E-13 -1.344944728504E-11
AR GRAC 2024 07 02 01 56 30.000000 2  -3.273152582306E-12 -9.984337141777E-12
AR GRAC 2024 07 02 01 56 40.000000 2  -3.907912188295E-12  5.850776026856E-12
AR GRAC 2024 07 02 01 56 50.000000 2   2.084097000879E-12 -5.234113923530E-12
AR GRAC 2024 07 02 01 57  0.000000 2  -3.940116028583E-12 -5.519007559990E-12
AR GRAC 2024 07 02 01 57 10.000000 2  -5.441011356744E-12 -2.353900711502E-12
AR GRAC 2024 07 02 01 57 20.000000 2  -3.387815418823E-12  2.451203519674E-12
AR GRAC 2024 07 02 01 57 30.000000 2  -3.931675135200E-13 -1.120369248764E-11
AR GRAC 2024 07 02 01 57 40.000000 2  -5.818173200167E-12 -1.098859111343E-11
AR GRAC 2024 07 02 01 57 50.000000 2  -2.657314038951E-12  5.996508845030E-12
AR GRAC 2024 07 02 01 58  0.000000 2  -5.093600020933E-12 -1.545839324602E-11
AR GRAC 2024 07 02 01 58 10.000000 2  -3.690210029911E-12 -2.013296213771E-12
AR GRAC 2024 07 02 01 58 20.000000 2   6.733573659594E-13 -1.162820187361E-11
AR GRAC 2024 07 02 01 58 30.000000 2  -4.017756613517E-12  1.035689242701E-11
AR GRAC 2024 07 02 01 58 40.000000 2  -4.777179520021E-12 -1.141801497101E-11
AR GRAC 2024 07 02 01 58 50.000000 2  -4.810008728123E-12 -5.872923675154E-12
AR GRAC 2024 07 02 01 59  0.000000 2  -2.078721092827E-12 -8.627835425268E-12
AR GRAC 2024 07 02 01 59 10.000000 2  -2.655643933924E-12  5.447253325491E-12
AR GRAC 2024 07 02 01 59 20.000000 2  -5.854724257487E-13  4.623393139690E-13
AR GRAC 2024 07 02 01 59 30.000000 2  -8.330746682772E-12 -1.083257702289E-11
AR GRAC 2024 07 02 01 59 40.000000 2   1.728303806493E-12 -2.183749188422E-11
AR GRAC 2024 07 02 01 59 50.000000 2  -6.859346424193E-12 -1.132241262553E-11
AR GRAC 2024 07 02 02 00  0.000000 2  -5.183279153109E-12 -7.787333278220E-12
AR GRAC 2024 07 02 02 00 10.000000 2  -7.783757145774E-12  1.127746875919E-12
AR GRAC 2024 07 02 02 00 20.000000 2  -5.649807011121E-12 -1.416717524544E-11
AR GRAC 2024 07 02 02 00 30.000000 2  -2.299800757818E-12 -1.220210217590E-11
AR GRAC 2024 07 02 02 00 40.000000 2  -4.990772552171E-12 -3.257027026554E-12
AR GRAC 2024 07 02 02 00 50.000000 2  -3.603448268941E-12 -5.071955442443E-12
AR GRAC 2024 07 02 02 01  0.000000 2  -4.100186336287E-12 -1.028688332433E-11
AR GRAC 2024 07 02 02 01 10.000000 2  -6.575643241719E-12 -8.018145067172E-13
AR GRAC 2024 07 02 02 01 20.000000 2  -7.323651234070E-12 -2.586747873193E-12
AR GRAC 2024 07 02 02 01 30.000000 2  -3.077630815126E-12  1.483199685032E-13
AR GRAC 2024 07 02 02 01 40.000000 2  -1.979566467344E-12 -3.276661580953E-11
AR GRAC 2024 07 02 02 01 50.000000 2  -7.679685012918E-12  4.984474747012E-13
AR GRAC 2024 07 02 02 02  0.000000 2  -1.144228982397E-11  2.183507498074E-12
AR GRAC 2024 07 02 02 02 10.000000 2  -5.573639640100E-12 -1.519143318085E-11
AR GRAC 2024 07 02 02 02 20.000000 2  -6.142696160755E-12 -4.316373213714E-12
AR GRAC 2024 07 02 02 02 30.000000 2  -8.608894846995E-12 -1.017131604636E-11
AR GRAC 2024 07 02 02 02 40.000000 2  -5.498095902168E-12 -5.076260158748E-12
AR GRAC 2024 07 02 02 02 50.000000 2  -7.856251239835E-12 -2.551207509138E-12
AR GRAC 2024 07 02 02 03  0.000000 2  -5.786033978328E-12 -8.086155009468E-12
AR GRAC 2024 07 02 02 03 10.000000 2  -6.800601314721E-12 -1.781104994394E-12
AR GRAC 2024 07 02 02 03 20.000000 2  -5.882737873220E-12 -2.560605547042E-11
AR GRAC 2024 07 02 02 03 30.000000 2  -1.229074567816E-11  1.178992667383E-12
AR GRAC 2024 07 02 02 03 40.000000 2  -8.488329830691E-12 -2.013595887251E-11
AR GRAC 2024 07 02 02 03 50.000000 2  -8.922112181009E-12 -1.870917483437E-12
AR GRAC 2024 07 02 02 04  0.000000 2  -8.065399910440E-12 -1.584587495940E-11
AR GRAC 2024 07 02 02 04 10.000000 2  -8.735652826108E-12 -1.102083181659E-11
AR GRAC 2024 07 02 02 04 20.000000 2  -9.221142079074E-12 -3.915791736003E-12
AR GRAC 2024 07 02 02 04 30.000000 2  -9.339835328748E-12 -2.638075521921E-11
AR GRAC 2024 07 02 02 04 40.000000 2  -3.373016926531E-12  7.434282356389E-12
AR GRAC 2024 07 02 02 04 50.000000 2  -4.930196008390E-12 -2.671068054239E-11
AR GRAC 2024 07 02 02 05  0.000000 2  -1.049790636365E-11  5.844351912143E-12
AR GRAC 2024 07 02 02 05 10.000000 2  -8.597367609497E-12 -1.063061704637E-11
AR GRAC 2024 07 02 02 05 20.000000 2  -7.691181025393E-12 -5.705584442406E-12
AR GRAC 2024 07 02 02 05 30.000000 2  -9.652252955239E-12 -1.016055555664E-11
AR GRAC 2024 07 02 02 05 40.000000 2  -6.113641710936E-12 -2.428552844935E-11
AR GRAC 2024 07 02 02 05 50.000000 2  -7.836366971992E-12 -1.430050262236E-11
AR GRAC 2024 07 02 02 06  0.000000 2  -7.545098226758E-12 -1.212547597051E-11
AR GRAC 2024 07 02 02 06 10.000000 2  -4.251981579328E-12 -6.590453877076E-12
AR GRAC 2024 07 02 02 06 20.000000 2  -8.396884750017E-12 -7.665433392201E-12
AR GRAC 2024 07 02 02 06 30.000000 2  -7.308193113176E-12 -1.855041120713E-11
AR GRAC 2024 07 02 02 06 40.000000 2  -7.866522537536E-12 -1.119539617261E-11
AR GRAC 2024 07 02 02 06 50.000000 2  -8.100238362008E-12 -1.170037764592E-11
AR GRAC 2024 07 02 02 07  0.000000 2  -8.844928262031E-12 -6.795361582462E-12
AR GRAC 2024 07 02 02 07 10.000000 2  -8.541996103506E-12 -1.378034839017E-11
AR GRAC 2024 07 02 02 07 20.000000 2  -2.850407410104E-12 -1.620533568447E-11
AR GRAC 2024 07 02 02 07 30.000000 2  -7.729678876134E-12 -5.380326826426E-12
AR GRAC 2024 07 02 02 07 40.000000 2  -7.726740254566E-12 -2.600531769092E-11
AR GRAC 2024 07 02 02 07 50.000000 2  -2.023814926408E-12  5.059691381148E-12
AR GRAC 2024 07 02 02 08  0.000000 2  -6.588573870508E-12 -2.467530173245E-11
AR GRAC 2024 07 02 02 08 10.000000 2  -8.014327916583E-12 -5.020296678371E-12
AR GRAC 2024 07 02 02 08 20.000000 2  -9.062955247385E-12 -2.430529735808E-11
AR GRAC 2024 07 02 02 08 30.000000 2  -1.138476899559E-11 -6.500293359135E-12
AR GRAC 2024 07 02 02 08 40.000000 2  -3.291981054074E-12 -1.586529518871E-11
AR GRAC 2024 07 02 02 08 50.000000 2  -8.792087717591E-12 -2.550294827749E-12
AR GRAC 2024 07 02 02 09  0.000000 2  -1.030211593117E-11 -1.185529972803E-11
AR GRAC 2024 07 02 02 09 10.000000 2  -8.785870468653E-12 -3.650302716346E-12
AR GRAC 2024 07 02 02 09 20.000000 2  -7.587195628711E-12 -1.420531053897E-11
AR GRAC 2024 07 02 02 09 30.000000 2  -8.967266165727E-12 -1.793031521868E-11
AR GRAC 2024 07 02 02 09 40.000000 2  -9.315007966360E-12 -1.737532860646E-11
AR GRAC 2024 07 02 02 09 50.000000 2  -5.604212406640E-12 -1.149033819481E-11
AR GRAC 2024 07 02 02 10  0.000000 2  -1.014353791934E-11 -1.364535134191E-11
AR GRAC 2024 07 02 02 10 10.000000 2  -1.000141029023E-11 -8.940363206700E-12
AR GRAC 2024 07 02 02 10 20.000000 2  -5.817260735619E-12 -6.205379092517E-12
AR GRAC 2024 07 02 02 10 30.000000 2  -8.471963582057E-12 -1.907039630378E-11
AR GRAC 2024 07 02 02 10 40.000000 2  -6.515260553286E-12 -1.865541575385E-11
AR GRAC 2024 07 02 02 10 50.000000 2  -6.743243984031E-12 -1.003043568343E-11
AR GRAC 2024 07 02 02 11  0.000000 2  -7.672111210222E-12 -4.435455908808E-12
AR GRAC 2024 07 02 02 11 10.000000 2  -8.424910075133E-12 -2.192047932059E-11
AR GRAC 2024 07 02 02 11 20.000000 2  -9.063136525989E-12 -1.997550388988E-11
AR GRAC 2024 07 02 02 11 30.000000 2  -5.446590661123E-12 -2.206053048570E-11
AR GRAC 2024 07 02 02 11 40.000000 2  -7.857602589423E-12 -1.005558158441E-12
AR GRAC 2024 07 02 02 11 50.000000 2  -7.741126316352E-12 -8.870589159049E-12
AR GRAC 2024 07 02 02 12  0.000000 2  -9.507006293319E-12 -1.277561997165E-11
AR GRAC 2024 07 02 02 12 10.000000 2  -8.460630633589E-12 -1.935065128966E-11
AR GRAC 2024 07 02 02 12 20.000000 2  -6.409376935440E-12 -1.455568478248E-11
AR GRAC 2024 07 02 02 12 30.000000 2  -9.909920974105E-12 -1.629072050868E-11
AR GRAC 2024 07 02 02 12 40.000000 2  -7.222080138786E-12 -1.501575773444E-11
AR GRAC 2024 07 02 02 12 50.000000 2  -9.812642885743E-12 -1.693079530740E-11
AR GRAC 2024 07 02 02 13  0.000000 2  -7.075505546045E-12 -7.945836696943E-12
AR GRAC 2024 07 02 02 13 10.000000 2  -5.091388682182E-12 -1.317087758301E-11
AR GRAC 2024 07 02 02 13 20.000000 2  -6.658544809274E-12 -1.879592315124E-11
AR GRAC 2024 07 02 02 13 30.000000 2  -6.100390158303E-12 -1.293096532629E-11
AR GRAC 2024 07 02 02 13 40.000000 2  -4.193073405850E-12 -1.180601102990E-11
AR GRAC 2024 07 02 02 13 50.000000 2  -8.765922883402E-12 -2.789105925383E-11
AR GRAC 2024 07 02 02 14  0.000000 2  -9.957958069240E-12  4.303891444624E-12
AR GRAC 2024 07 02 02 14 10.000000 2  -8.432260965863E-12 -1.285116024013E-11
AR GRAC 2024 07 02 02 14 20.000000 2  -8.046929442229E-12 -1.702621203747E-11
AR GRAC 2024 07 02 02 14 30.000000 2  -6.639731733177E-12 -1.270126538666E-11
AR GRAC 2024 07 02 02 14 40.000000 2  -3.342180265181E-12 -1.236632237583E-11
AR GRAC 2024 07 02 02 14 50.000000 2  -8.249946732708E-12 -2.280137884059E-11
AR GRAC 2024 07 02 02 15  0.000000 2  -5.494861943928E-12 -1.254643784698E-11
AR GRAC 2024 07 02 02 15 10.000000 2  -5.086518879704E-12 -1.737149660230E-11
AR GRAC 2024 07 02 02 15 20.000000 2  -8.006033336283E-12 -1.887655830257E-11
AR GRAC 2024 07 02 02 15 30.000000 2  -3.775996442607E-12 -5.951622007727E-12
AR GRAC 2024 07 02 02 15 40.000000 2  -9.494659398979E-12 -4.546685944407E-12
AR GRAC 2024 07 02 02 15 50.000000 2  -6.633163636416E-12 -6.771754164359E-12
AR GRAC 2024 07 02 02 16  0.000000 2  -9.967069704298E-12 -1.199682193864E-11
AR GRAC 2024 07 02 02 16 10.000000 2  -5.160744661475E-12 -4.721891714438E-12
AR GRAC 2024 07 02 02 16 20.000000 2  -5.330026784517E-12 -1.768696300530E-11
AR GRAC 2024 07 02 02 16 30.000000 2  -6.525735680996E-12 -8.222035031979E-12
AR GRAC 2024 07 02 02 16 40.000000 2  -7.490555918588E-12 -5.147108000231E-12
AR GRAC 2024 07 02 02 16 50.000000 2  -4.859759730053E-12 -4.672182779553E-12
AR GRAC 2024 07 02 02 17  0.000000 2  -9.893630185942E-12 -9.497259749469E-12
AR GRAC 2024 07 02 02 17 10.000000 2  -1.489937079963E-12 -1.609233926669E-11
AR GRAC 2024 07 02 02 17 20.000000 2  -7.682442355883E-12 -1.759741831420E-11
AR GRAC 2024 07 02 02 17 30.000000 2  -2.063102726851E-12 -6.032499586667E-12
AR GRAC 2024 07 02 02 17 40.000000 2  -5.244716987096E-12 -1.122758570143E-11
AR GRAC 2024 07 02 02 17 50.000000 2  -6.901198362774E-12 -1.138266998019E-11
AR GRAC 2024 07 02 02 18  0.000000 2  -5.732869907960E-12 -1.763775410446E-11
AR GRAC 2024 07 02 02 18 10.000000 2  -4.456373638162E-12 -1.296284347224E-11
AR GRAC 2024 07 02 02 18 20.000000 2  -6.207766505700E-12 -9.917932794479E-12
AR GRAC 2024 07 02 02 18 30.000000 2  -6.425848134844E-12 -1.287302382746E-11
AR GRAC 2024 07 02 02 18 40.000000 2  -5.227090895538E-12 -9.298116963874E-12
AR GRAC 2024 07 02 02 18 50.000000 2  -8.547489105393E-12 -2.113209780774E-12
AR GRAC 2024 07 02 02 19  0.000000 2  -3.111720516674E-12 -1.431830435467E-11
AR GRAC 2024 07 02 02 19 10.000000 2  -9.062647008708E-13  2.796597372082E-12
AR GRAC 2024 07 02 02 19 20.000000 2  -8.231255087254E-12 -1.957850027934E-11
AR GRAC 2024 07 02 02 19 30.000000 2  -5.864381896759E-12 -1.472360081078E-11
AR GRAC 2024 07 02 02 19 40.000000 2  -1.513337740712E-12  3.181297022689E-12
AR GRAC 2024 07 02 02 19 50.000000 2  -4.129872225450E-12 -9.303805989513E-12
AR GRAC 2024 07 02 02 20  0.000000 2  -1.949698215375E-12 -7.848910757446E-12
AR GRAC 2024 07 02 02 20 10.000000 2  -3.227523933877E-12 -1.073401784124E-11
AR GRAC 2024 07 02 02 20 20.000000 2  -4.367035379149E-12 -3.719125268170E-12
AR GRAC 2024 07 02 02 20 30.000000 2  -4.548085540991E-13 -1.569423410674E-11
AR GRAC 2024 07 02 02 20 40.000000 2  -9.755209877740E-13 -5.329343303467E-12
AR GRAC 2024 07 02 02 20 50.000000 2   1.771356065300E-12 -1.506446009603E-11
AR GRAC 2024 07 02 02 21  0.000000 2  -5.178704687303E-12 -2.329572082113E-12
AR GRAC 2024 07 02 02 21 10.000000 2   1.256355262880E-12 -7.634687153313E-12
AR GRAC 2024 07 02 02 21 20.000000 2   3.762888709392E-13 -7.779804578334E-12
AR GRAC 2024 07 02 02 21 30.000000 2  -6.826195858567E-12 -6.204923293923E-12
AR GRAC 2024 07 02 02 21 40.000000 2   8.201426733925E-13  1.469956968647E-12
AR GRAC 2024 07 02 02 21 50.000000 2  -4.950220788835E-12 -1.404516520448E-11
AR GRAC 2024 07 02 02 22  0.000000 2   1.843788657993E-13 -1.621028832000E-11
AR GRAC 2024 07 02 02 22 10.000000 2  -4.497687812466E-12 -1.625412911904E-12
AR GRAC 2024 07 02 02 22 20.000000 2  -1.290654107027E-12  1.722946091354E-11
AR GRAC 2024 07 02 02 22 30.000000 2   2.073250208665E-12 -1.485667925488E-12
AR GRAC 2024 07 02 02 22 40.000000 2  -1.197989082068E-12 -1.738079472013E-11
AR GRAC 2024 07 02 02 22 50.000000 2  -6.456403337310E-13  1.664072634029E-12
AR GRAC 2024 07 02 02 23  0.000000 2  -4.188906166380E-12 -7.781059650769E-12
AR GRAC 2024 07 02 02 23 10.000000 2  -1.291179077718E-12  6.743806034437E-12
AR GRAC 2024 07 02 02 23 20.000000 2  -3.517322717805E-12 -1.312132867637E-11
AR GRAC 2024 07 02 02 23 30.000000 2  -4.365132387496E-12  7.835337738869E-13
AR GRAC 2024 07 02 02 23 40.000000 2  -3.112303980073E-13 -3.831606039395E-12
AR GRAC 2024 07 02 02 23 50.000000 2  -7.770843972639E-13  2.203255156444E-12
AR GRAC 2024 07 02 02 24  0.000000 2   4.414932232733E-13 -5.721886072590E-12
AR GRAC 2024 07 02 02 24 10.000000 2  -3.612560120839E-12  1.098297060936E-11
AR GRAC 2024 07 02 02 24 20.000000 2  -3.489840144297E-12 -1.318217496965E-11
AR GRAC 2024 07 02 02 24 30.000000 2   6.275410963444E-14 -7.077321367843E-12
AR GRAC 2024 07 02 02 24 40.000000 2  -1.801424460990E-12 -2.632468461966E-12
AR GRAC 2024 07 02 02 24 50.000000 2  -4.758308330688E-12  5.722380902462E-12
AR GRAC 2024 07 02 02 25  0.000000 2  -4.192188859508E-13  6.472300993765E-13
AR GRAC 2024 07 02 02 25 10.000000 2   1.326496746647E-12  7.002078604434E-12
AR GRAC 2024 07 02 02 25 20.000000 2   1.501606131105E-12 -2.930761644655E-13
AR GRAC 2024 07 02 02 25 30.000000 2  -4.871328167233E-12  1.771767953705E-12
AR GRAC 2024 07 02 02 25 40.000000 2   5.662508222731E-13  2.546611359289E-12
AR GRAC 2024 07 02 02 25 50.000000 2  -2.567076108975E-12  3.081453495146E-12
AR GRAC 2024 07 02 02 26  0.000000 2  -4.566838227027E-12  9.196291297919E-12
AR GRAC 2024 07 02 02 26 10.000000 2  -9.577561183374E-13  5.771130535265E-12
AR GRAC 2024 07 02 02 26 20.000000 2  -3.548152223420E-12  6.105967294279E-12
AR GRAC 2024 07 02 02 26 30.000000 2  -1.560690189280E-13  7.330803498962E-12
AR GRAC 2024 07 02 02 26 40.000000 2   6.229523190696E-13  1.058563479928E-11
AR GRAC 2024 07 02 02 26 50.000000 2   6.326513206541E-13  1.484046739664E-11
AR GRAC 2024 07 02 02 27  0.000000 2  -2.025846287598E-12 -7.904701199157E-12
AR GRAC 2024 07 02 02 27 10.000000 2  -1.432446609245E-12  2.331012639856E-11
AR GRAC 2024 07 02 02 27 20.000000 2   2.532071232374E-13  5.964955092363E-12
AR GRAC 2024 07 02 02 27 30.000000 2   5.437095001656E-13  3.579781219717E-12
AR GRAC 2024 07 02 02 27 40.000000 2   1.619714453706E-12  1.280460633357E-11
AR GRAC 2024 07 02 02 27 50.000000 2   7.613905708172E-13  8.319428479453E-12
AR GRAC 2024 07 02 02 28  0.000000 2   2.397208516761E-12  1.264425023018E-11
AR GRAC 2024 07 02 02 28 10.000000 2  -1.495391158991E-12 -5.509302866344E-13
AR GRAC 2024 07 02 02 28 20.000000 2  -8.455274241176E-13  1.295388796230E-11
AR GRAC 2024 07 02 02 28 30.000000 2   7.000513856754E-14  2.434870360890E-11
AR GRAC 2024 07 02 02 28 40.000000 2   2.828698863686E-12  1.280351952931E-11
AR GRAC 2024 07 02 02 28 50.000000 2   2.509731138189E-12  2.541833410419E-11
AR GRAC 2024 07 02 02 29  0.000000 2   1.521024300434E-12  2.793146356567E-12
AR GRAC 2024 07 02 02 29 10.000000 2   2.061985348092E-12  1.676795507999E-11
AR GRAC 2024 07 02 02 29 20.000000 2   6.094312120924E-12  1.109276472760E-11
AR GRAC 2024 07 02 02 29 30.000000 2   1.676296363003E-12  1.918757167041E-11
AR GRAC 2024 07 02 02 29 40.000000 2   5.232259937815E-12  6.492379116957E-12
AR GRAC 2024 07 02 02 29 50.000000 2   1.784584524427E-12  2.272718298280E-11
AR GRAC 2024 07 02 02 30  0.000000 2  -5.289650282462E-14  1.518198587680E-11
AR GRAC 2024 07 02 02 30 10.000000 2   5.236123166996E-12  3.068678644524E-11
AR GRAC 2024 07 02 02 30 20.000000 2   3.239833314822E-12  3.474158807859E-11
AR GRAC 2024 07 02 02 30 30.000000 2  -1.693065284324E-12 -3.036150974731E-13
AR GRAC 2024 07 02 02 30 40.000000 2   2.450785884997E-12  2.043118278727E-11
AR GRAC 2024 07 02 02 30 50.000000 2   2.823465419799E-12  2.508597669870E-11
AR GRAC 2024 07 02 02 31  0.000000 2   3.052511585513E-12  3.091077047102E-11
AR GRAC 2024 07 02 02 31 10.000000 2   3.648415337204E-12  2.243556382342E-11
AR GRAC 2024 07 02 02 31 20.000000 2   6.225479333433E-12  1.203035327607E-11
AR GRAC 2024 07 02 02 31 30.000000 2   3.988751603318E-12  1.127514227817E-11
AR GRAC 2024 07 02 02 31 40.000000 2   5.955892463244E-12  3.665993203450E-11
AR GRAC 2024 07 02 02 31 50.000000 2   4.054135933212E-12  2.607471530358E-11
AR GRAC 2024 07 02 02 32  0.000000 2   2.158516421158E-12  2.010950087006E-11
AR GRAC 2024 07 02 02 32 10.000000 2   1.304123367456E-12  2.156428334510E-11
AR GRAC 2024 07 02 02 32 20.000000 2   3.378843429006E-12  2.362906398323E-11
AR GRAC 2024 07 02 02 32 30.000000 2   4.171805262354E-12  2.812384526651E-11
AR GRAC 2024 07 02 02 32 40.000000 2   7.996051737402E-12  2.370862187129E-11
AR GRAC 2024 07 02 02 32 50.000000 2   3.583963638018E-12  2.389339767706E-11
AR GRAC 2024 07 02 02 33  0.000000 2   4.664916022912E-12  1.024817383732E-11
AR GRAC 2024 07 02 02 33 10.000000 2   5.519703184104E-12  3.077294669085E-11
AR GRAC 2024 07 02 02 33 20.000000 2   3.756167252233E-12  2.182772018688E-11
AR GRAC 2024 07 02 02 33 30.000000 2   6.203013797057E-12  1.586248840613E-11
AR GRAC 2024 07 02 02 33 40.000000 2   7.984291179597E-12  2.360725850914E-11
AR GRAC 2024 07 02 02 33 50.000000 2   6.087435677066E-12  2.046202617068E-11
AR GRAC 2024 07 02 02 34  0.000000 2   9.031153429262E-12  2.782679295321E-11
AR GRAC 2024 07 02 02 34 10.000000 2   9.049394913974E-12  1.842155594733E-11
AR GRAC 2024 07 02 02 34 20.000000 2   9.174369597353E-12  7.726320451484E-12
AR GRAC 2024 07 02 02 34 30.000000 2   2.805348184656E-12  2.464108084244E-11
AR GRAC 2024 07 02 02 34 40.000000 2   9.389868223242E-12  2.141584132254E-11
AR GRAC 2024 07 02 02 34 50.000000 2   4.530952869841E-12  1.607059797737E-11
AR GRAC 2024 07 02 02 35  0.000000 2   6.131468163056E-12  2.662535643350E-11
AR GRAC 2024 07 02 02 35 10.000000 2   9.612071555365E-12  2.180011032804E-11
AR GRAC 2024 07 02 02 35 20.000000 2   5.809313967375E-12  2.243486299514E-11
AR GRAC 2024 07 02 02 35 30.000000 2   6.248528604258E-12  2.147961669641E-11
AR GRAC 2024 07 02 02 35 40.000000 2   8.246494632991E-12  2.478436726683E-11
AR GRAC 2024 07 02 02 35 50.000000 2   7.131967325741E-12  2.238911486763E-11
AR GRAC 2024 07 02 02 36  0.000000 2   5.274003022498E-12  1.792386204735E-11
AR GRAC 2024 07 02 02 36 10.000000 2   2.830994987046E-12  2.884860926533E-11
AR GRAC 2024 07 02 02 36 20.000000 2   1.179135001445E-11  1.759335385709E-11
AR GRAC 2024 07 02 02 36 30.000000 2   1.047110922275E-11  2.940809748497E-11
AR GRAC 2024 07 02 02 36 40.000000 2   1.256006409989E-11  3.201284029530E-11
AR GRAC 2024 07 02 02 36 50.000000 2   8.404917387073E-12  3.105757664934E-11
AR GRAC 2024 07 02 02 37  0.000000 2   8.689019989627E-12  1.645231693936E-11
AR GRAC 2024 07 02 02 37 10.000000 2   1.149020201902E-11  2.748705256461E-11
AR GRAC 2024 07 02 02 37 20.000000 2   5.435525293751E-12  2.416178715436E-11
AR GRAC 2024 07 02 02 37 30.000000 2   1.080202680775E-11  1.907651987765E-11
AR GRAC 2024 07 02 02 37 40.000000 2   8.194031390907E-12  2.560125202111E-11
AR GRAC 2024 07 02 02 37 50.000000 2   8.843676659043E-12  4.277598414371E-11
AR GRAC 2024 07 02 02 38  0.000000 2   9.480150171826E-12  2.181071122320E-11
AR GRAC 2024 07 02 02 38 10.000000 2   1.029989028095E-11  3.455543837183E-11
AR GRAC 2024 07 02 02 38 20.000000 2   8.833994299962E-12  2.504016612115E-11
AR GRAC 2024 07 02 02 38 30.000000 2   1.265375304538E-11  2.671489071626E-11
AR GRAC 2024 07 02 02 38 40.000000 2   1.190488419650E-11  2.340961278990E-11
AR GRAC 2024 07 02 02 38 50.000000 2   1.595703430501E-11  1.936433478844E-11
AR GRAC 2024 07 02 02 39  0.000000 2   9.208857634779E-12  2.761905461279E-11
AR GRAC 2024 07 02 02 39 10.000000 2   1.032674380036E-11  2.832377214712E-11
AR GRAC 2024 07 02 02 39 20.000000 2   8.845494649246E-12  3.391848954482E-11
AR GRAC 2024 07 02 02 39 30.000000 2   1.319493299345E-11  2.119320517691E-11
AR GRAC 2024 07 02 02 39 40.000000 2   7.344795778519E-12  4.114791493648E-11
AR GRAC 2024 07 02 02 39 50.000000 2   9.947546258937E-12  2.698262967227E-11
AR GRAC 2024 07 02 02 40  0.000000 2   1.280074136967E-11  3.173733845174E-11
AR GRAC 2024 07 02 02 40 10.000000 2   1.128272562184E-11  3.488204863844E-11
AR GRAC 2024 07 02 02 40 20.000000 2   1.048734970394E-11  3.404675499863E-11
AR GRAC 2024 07 02 02 40 30.000000 2   1.333317570934E-11  2.137146189185E-11
AR GRAC 2024 07 02 02 40 40.000000 2   1.233542521600E-11  3.241616350347E-11
AR GRAC 2024 07 02 02 40 50.000000 2   1.456918613529E-11  2.289086975527E-11
AR GRAC 2024 07 02 02 41  0.000000 2   1.035927420234E-11  3.716556923328E-11
AR GRAC 2024 07 02 02 41 10.000000 2   1.048852150964E-11  3.392026937110E-11
AR GRAC 2024 07 02 02 41 20.000000 2   9.615187986090E-12  2.470496723861E-11
AR GRAC 2024 07 02 02 41 30.000000 2   1.413460841426E-11  2.738966345395E-11
AR GRAC 2024 07 02 02 41 40.000000 2   1.475447888866E-11  2.942435878284E-11
AR GRAC 2024 07 02 02 41 50.000000 2   1.399234374200E-11  3.628905509423E-11
AR GRAC 2024 07 02 02 42  0.000000 2   1.525653561818E-11  3.712374505027E-11
AR GRAC 2024 07 02 02 42 10.000000 2   1.297442275144E-11  2.945843569080E-11
AR GRAC 2024 07 02 02 42 20.000000 2   1.106364132253E-11  2.321312413123E-11
AR GRAC 2024 07 02 02 42 30.000000 2   1.389122844531E-11  2.513781197089E-11
AR GRAC 2024 07 02 02 42 40.000000 2   1.497398559314E-11  4.057249675116E-11
AR GRAC 2024 07 02 02 42 50.000000 2   1.554644954438E-11  2.385718185505E-11
AR GRAC 2024 07 02 02 43  0.000000 2   1.353750878758E-11  3.942186507788E-11
AR GRAC 2024 07 02 02 43 10.000000 2   1.362735618793E-11  4.374654805073E-11
AR GRAC 2024 07 02 02 43 20.000000 2   1.464163339182E-11  2.785122653337E-11
AR GRAC 2024 07 02 02 43 30.000000 2   1.513724041946E-11  2.975590260301E-11
AR GRAC 2024 07 02 02 43 40.000000 2   1.117648768673E-11  3.820057811743E-11
AR GRAC 2024 07 02 02 43 50.000000 2   1.806271798799E-11  2.621525566071E-11
AR GRAC 2024 07 02 02 44  0.000000 2   1.272619162829E-11  3.227992873001E-11
AR GRAC 2024 07 02 02 44 10.000000 2   1.346677717257E-11  3.246460045236E-11
AR GRAC 2024 07 02 02 44 20.000000 2   1.571938933187E-11  3.214926935780E-11
AR GRAC 2024 07 02 02 44 30.000000 2   1.876776685450E-11  3.168394019371E-11
AR GRAC 2024 07 02 02 44 40.000000 2   1.285578674765E-11  3.109860979844E-11
AR GRAC 2024 07 02 02 44 50.000000 2   1.893863885161E-11  3.143327265143E-11
AR GRAC 2024 07 02 02 45  0.000000 2   1.762269323524E-11  3.032793807756E-11
AR GRAC 2024 07 02 02 45 10.000000 2   1.615984603076E-11  2.480260268001E-11
AR GRAC 2024 07 02 02 45 20.000000 2   1.610678951325E-11  2.885726033131E-11
AR GRAC 2024 07 02 02 45 30.000000 2   1.569331990747E-11  2.473192137198E-11
AR GRAC 2024 07 02 02 45 40.000000 2   1.394846911584E-11  3.173657864286E-11
AR GRAC 2024 07 02 02 45 50.000000 2   1.778727165558E-11  2.951123720396E-11
AR GRAC 2024 07 02 02 46  0.000000 2   1.420325055485E-11  4.104589237941E-11
AR GRAC 2024 07 02 02 46 10.000000 2   1.511262469334E-11  3.604054554796E-11
AR GRAC 2024 07 02 02 46 20.000000 2   1.950959879760E-11  5.217519472023E-11
AR GRAC 2024 07 02 02 46 30.000000 2   1.329797383320E-11  2.003984825305E-11
AR GRAC 2024 07 02 02 46 40.000000 2   1.732455671977E-11  3.249449667675E-11
AR GRAC 2024 07 02 02 46 50.000000 2   1.903098512113E-11  4.742914394562E-11
AR GRAC 2024 07 02 02 47  0.000000 2   1.921171381702E-11  2.573379009885E-11
AR GRAC 2024 07 02 02 47 10.000000 2   1.756298578792E-11  3.897843506295E-11
AR GRAC 2024 07 02 02 47 20.000000 2   1.833150124753E-11  3.694307706970E-11
AR GRAC 2024 07 02 02 47 30.000000 2   2.078951420736E-11  3.778771739960E-11
AR GRAC 2024 07 02 02 47 40.000000 2   1.942653676812E-11  3.469235662634E-11
AR GRAC 2024 07 02 02 47 50.000000 2   2.181835961901E-11  3.046699351139E-11
AR GRAC 2024 07 02 02 48  0.000000 2   2.005330103361E-11  3.311163149222E-11
AR GRAC 2024 07 02 02 48 10.000000 2   1.767311123835E-11  4.869626923920E-11
AR GRAC 2024 07 02 02 48 20.000000 2   1.625856914378E-11  2.785090040536E-11
AR GRAC 2024 07 02 02 48 30.000000 2   1.995653642339E-11  2.915553215521E-11
AR GRAC 2024 07 02 02 48 40.000000 2   1.959024956144E-11  3.008016405404E-11
AR GRAC 2024 07 02 02 48 50.000000 2   2.328979370469E-11  3.105479068344E-11
AR GRAC 2024 07 02 02 49  0.000000 2   1.630427390320E-11  3.046941865481E-11
AR GRAC 2024 07 02 02 49 10.000000 2   1.881506755952E-11  3.422404373787E-11
AR GRAC 2024 07 02 02 49 20.000000 2   2.274601687557E-11  2.590866930718E-11
AR GRAC 2024 07 02 02 49 30.000000 2   2.564231986468E-11  3.978329124465E-11
AR GRAC 2024 07 02 02 49 40.000000 2   2.230036121043E-11  3.214791280404E-11
AR GRAC 2024 07 02 02 49 50.000000 2   1.980822103564E-11  2.209253266439E-11
AR GRAC 2024 07 02 02 50  0.000000 2   1.980135673485E-11  3.851715127401E-11
AR GRAC 2024 07 02 02 50 10.000000 2   2.408657821806E-11  2.574176809211E-11
AR GRAC 2024 07 02 02 50 20.000000 2   2.370955341779E-11  2.971638213278E-11
AR GRAC 2024 07 02 02 50 30.000000 2   2.174191902904E-11  4.817099497068E-11
AR GRAC 2024 07 02 02 50 40.000000 2   1.857686227069E-11  2.508560893733E-11
AR GRAC 2024 07 02 02 50 50.000000 2   2.385637000446E-11  3.079021759778E-11
AR GRAC 2024 07 02 02 51  0.000000 2   1.800813838326E-11  3.015482655244E-11
AR GRAC 2024 07 02 02 51 10.000000 2   2.204777679871E-11  3.872943632466E-11
AR GRAC 2024 07 02 02 51 20.000000 2   1.967456579599E-11  2.870404088029E-11
AR GRAC 2024 07 02 02 51 30.000000 2   2.135733256914E-11  2.811864283081E-11
AR GRAC 2024 07 02 02 51 40.000000 2   2.237303051156E-11  2.487324582412E-11
AR GRAC 2024 07 02 02 51 50.000000 2   2.199848463114E-11  2.917785110745E-11
AR GRAC 2024 07 02 02 52  0.000000 2   2.638186717696E-11  3.719245050826E-11
AR GRAC 2024 07 02 02 52 10.000000 2   2.081772428053E-11  3.432704814843E-11
AR GRAC 2024 07 02 02 52 20.000000 2   2.154946880661E-11  3.337164225514E-11
AR GRAC 2024 07 02 02 52 30.000000 2   2.387882079569E-11  1.755623771360E-11
AR GRAC 2024 07 02 02 52 40.000000 2   2.469748017209E-11  1.829083065563E-11
AR GRAC 2024 07 02 02 52 50.000000 2   2.547299177147E-11  2.935542087190E-11
AR GRAC 2024 07 02 02 53  0.000000 2   2.222576463151E-11  3.735001544158E-11
AR GRAC 2024 07 02 02 53 10.000000 2   2.407016252981E-11  4.261460281874E-11
AR GRAC 2024 07 02 02 53 20.000000 2   2.308686922192E-11  4.329919062185E-11
AR GRAC 2024 07 02 02 53 30.000000 2   2.412118074724E-11  1.830377516221E-11
AR GRAC 2024 07 02 02 53 40.000000 2   2.470617113670E-11  3.752836236215E-11
AR GRAC 2024 07 02 02 53 50.000000 2   2.739110500916E-11  2.381294293696E-11
AR GRAC 2024 07 02 02 54  0.000000 2   2.372217700053E-11  2.620752399818E-11
AR GRAC 2024 07 02 02 54 10.000000 2   2.614001896883E-11  2.923210284944E-11
AR GRAC 2024 07 02 02 54 20.000000 2   2.564383774772E-11  2.492668224607E-11
AR GRAC 2024 07 02 02 54 30.000000 2   2.360342130081E-11  1.907125846135E-11
AR GRAC 2024 07 02 02 54 40.000000 2   2.615165722863E-11  2.255583220201E-11
AR GRAC 2024 07 02 02 54 50.000000 2   2.605573569403E-11  3.540040482974E-11
AR GRAC 2024 07 02 02 55  0.000000 2   2.606957184847E-11  3.197497822072E-11
AR GRAC 2024 07 02 02 55 10.000000 2   2.635374730942E-11  3.625954744790E-11
AR GRAC 2024 07 02 02 55 20.000000 2   2.361000804585E-11  1.525411914838E-11
AR GRAC 2024 07 02 02 55 30.000000 2   2.288312248022E-11  4.464868405551E-11
AR GRAC 2024 07 02 02 55 40.000000 2   2.356575698470E-11  2.215325145549E-11
AR GRAC 2024 07 02 02 55 50.000000 2   2.911680271889E-11  3.208781504394E-11
AR GRAC 2024 07 02 02 56  0.000000 2   2.601637134891E-11  1.316237657062E-11
AR GRAC 2024 07 02 02 56 10.000000 2   2.981221866594E-11  3.008693988393E-11
AR GRAC 2024 07 02 02 56 20.000000 2   2.571111899774E-11  2.887149720687E-11
AR GRAC 2024 07 02 02 56 30.000000 2   2.541533129785E-11  2.504605550735E-11
AR GRAC 2024 07 02 02 56 40.000000 2   2.441537770570E-11  3.133061171612E-11
AR GRAC 2024 07 02 02 56 50.000000 2   2.782480669483E-11  1.950516831384E-11
AR GRAC 2024 07 02 02 57  0.000000 2   2.386293593282E-11  3.401972106798E-11
AR GRAC 2024 07 02 02 57 10.000000 2   2.298365837927E-11  2.173427236796E-11
AR GRAC 2024 07 02 02 57 20.000000 2   2.552322415916E-11  3.275881996223E-11
AR GRAC 2024 07 02 02 57 30.000000 2   2.796195740229E-11  2.692337151833E-11
AR GRAC 2024 07 02 02 57 40.000000 2   3.070291937357E-11  3.014791888356E-11
AR GRAC 2024 07 02 02 57 50.000000 2   2.684540784115E-11  1.862246468143E-11
AR GRAC 2024 07 02 02 58  0.000000 2   2.388045317048E-11  2.241700922112E-11
AR GRAC 2024 07 02 02 58 10.000000 2   2.620767665384E-11  2.743155182172E-11
AR GRAC 2024 07 02 02 58 20.000000 2   2.677206199786E-11  2.840609344967E-11
AR GRAC 2024 07 02 02 58 30.000000 2   3.007716298242E-11  1.538063253148E-11
AR GRAC 2024 07 02 02 58 40.000000 2   3.133679080114E-11  3.016517244325E-11
AR GRAC 2024 07 02 02 58 50.000000 2   3.121748692880E-11  2.643970632710E-11
AR GRAC 2024 07 02 02 59  0.000000 2   2.358350841003E-11  1.707424132635E-11
AR GRAC 2024 07 02 02 59 10.000000 2   2.974223645147E-11  2.574877464023E-11
AR GRAC 2024 07 02 02 59 20.000000 2   2.772255862371E-11  2.760330852780E-11
AR GRAC 2024 07 02 02 59 30.000000 2   2.755020170331E-11  3.110783852733E-11
AR GRAC 2024 07 02 02 59 40.000000 2   2.871205877220E-11  2.212236643873E-11
AR GRAC 2024 07 02 02 59 50.000000 2   2.641416599336E-11  2.642689365950E-11
AR GRAC 2024 07 02 03 00  0.000000 2   2.955721084552E-11  2.647141880696E-11
AR GRAC 2024 07 02 03 00 10.000000 2   2.989439945589E-11  2.018594492947E-11
AR GRAC 2024 07 02 03 00 20.000000 2   2.894814943311E-11  1.819046649421E-11
AR GRAC 2024 07 02 03 00 30.000000 2   2.578957880583E-11  3.137498594263E-11
AR GRAC 2024 07 02 03 00 40.000000 2   3.002946849517E-11  1.140950615236E-11
AR GRAC 2024 07 02 03 00 50.000000 2   2.912206933936E-11  3.008402207905E-11
AR GRAC 2024 07 02 03 01  0.000000 2   2.870717726033E-11  2.007854299491E-11
AR GRAC 2024 07 02 03 01 10.000000 2   2.943736227001E-11  2.152305590697E-11
AR GRAC 2024 07 02 03 01 20.000000 2   3.302780271497E-11  2.125756862204E-11
AR GRAC 2024 07 02 03 01 30.000000 2   2.937362506006E-11  1.749208243529E-11
AR GRAC 2024 07 02 03 01 40.000000 2   2.411046536033E-11  2.089659174864E-11
AR GRAC 2024 07 02 03 01 50.000000 2   3.355734093380E-11  2.439110025065E-11
AR GRAC 2024 07 02 03 02  0.000000 2   3.126502876039E-11  3.028560735530E-11
AR GRAC 2024 07 02 03 02 10.000000 2   3.300813788965E-11  1.818011539922E-11
AR GRAC 2024 07 02 03 02 20.000000 2   3.077284260744E-11  1.377461773117E-11
AR GRAC 2024 07 02 03 02 30.000000 2   2.824597673812E-11  2.990912031930E-11
AR GRAC 2024 07 02 03 02 40.000000 2   2.623806553970E-11  1.235362159790E-11
AR GRAC 2024 07 02 03 02 50.000000 2   3.102584508752E-11  2.261812091786E-11
AR GRAC 2024 07 02 03 03  0.000000 2   3.203077386660E-11  2.005261928728E-11
AR GRAC 2024 07 02 03 03 10.000000 2   2.855189001894E-11  2.224711560805E-11
AR GRAC 2024 07 02 03 03 20.000000 2   3.097633261007E-11  2.903161044898E-11
AR GRAC 2024 07 02 03 03 30.000000 2   2.676041506444E-11  2.182610342460E-11
AR GRAC 2024 07 02 03 03 40.000000 2   3.089464448158E-11  1.599059426538E-11
AR GRAC 2024 07 02 03 03 50.000000 2   2.833147431935E-11  2.267508750209E-11
AR GRAC 2024 07 02 03 04  0.000000 2   3.111652949195E-11  2.291957422462E-11
AR GRAC 2024 07 02 03 04 10.000000 2   2.992786574119E-11  1.069406282278E-11
AR GRAC 2024 07 02 03 04 20.000000 2   2.695443521161E-11  1.886854734956E-11
AR GRAC 2024 07 02 03 04 30.000000 2   2.647507039988E-11  2.423303224752E-11
AR GRAC 2024 07 02 03 04 40.000000 2   2.805271119566E-11  2.224751459445E-11
AR GRAC 2024 07 02 03 04 50.000000 2   3.343750623608E-11  2.188199621500E-11
AR GRAC 2024 07 02 03 05  0.000000 2   2.922201022826E-11  2.530647566501E-11
AR GRAC 2024 07 02 03 05 10.000000 2   3.141321924804E-11  1.641095419280E-11
AR GRAC 2024 07 02 03 05 20.000000 2   2.471412137439E-11  2.857542848178E-11
AR GRAC 2024 07 02 03 05 30.000000 2   2.847556392072E-11  1.889990594584E-11
AR GRAC 2024 07 02 03 05 40.000000 2   3.006834017882E-11  2.591437828214E-11
AR GRAC 2024 07 02 03 05 50.000000 2   2.688502198644E-11  2.871884847988E-11
AR GRAC 2024 07 02 03 06  0.000000 2   3.203072182489E-11  2.711332026950E-11
AR GRAC 2024 07 02 03 06 10.000000 2   2.761833990672E-11  2.244778841975E-11
AR GRAC 2024 07 02 03 06 20.000000 2   3.008172530516E-11  5.432257074722E-12
AR GRAC 2024 07 02 03 06 30.000000 2   3.360765485350E-11  1.328672241674E-11
AR GRAC 2024 07 02 03 06 40.000000 2   3.146454971570E-11  1.951118606958E-11
AR GRAC 2024 07 02 03 06 50.000000 2   2.830585245361E-11  1.485564796178E-11
AR GRAC 2024 07 02 03 07  0.000000 2   3.183581870347E-11  2.831010946502E-11
AR GRAC 2024 07 02 03 07 10.000000 2   3.018819222378E-11  1.978456981577E-11
AR GRAC 2024 07 02 03 07 20.000000 2   3.355470068467E-11  1.529902766972E-11
AR GRAC 2024 07 02 03 07 30.000000 2   2.898391769646E-11  1.391348408014E-11
AR GRAC 2024 07 02 03 07 40.000000 2   2.821047215273E-11  1.580793829170E-11
AR GRAC 2024 07 02 03 07 50.000000 2   2.895353054533E-11  1.274239134347E-11
AR GRAC 2024 07 02 03 08  0.000000 2   2.979207852638E-11  1.440684290616E-11
AR GRAC 2024 07 02 03 08 10.000000 2   2.833510856504E-11  2.540129391548E-11
AR GRAC 2024 07 02 03 08 20.000000 2   2.682357981565E-11  1.356574314687E-11
AR GRAC 2024 07 02 03 08 30.000000 2   2.984817254470E-11  1.215018970852E-11
AR GRAC 2024 07 02 03 08 40.000000 2   2.992560713122E-11  1.970463549272E-11
AR GRAC 2024 07 02 03 08 50.000000 2   2.700119988708E-11  1.182907938269E-11
AR GRAC 2024 07 02 03 09  0.000000 2   2.256255599020E-11  1.998352351651E-11
AR GRAC 2024 07 02 03 09 10.000000 2   2.776640375957E-11  8.247963943775E-12
AR GRAC 2024 07 02 03 09 20.000000 2   2.909852567234E-11  2.779240379502E-11
AR GRAC 2024 07 02 03 09 30.000000 2   3.057601741241E-11  1.798684118315E-11
AR GRAC 2024 07 02 03 09 40.000000 2   2.691610302696E-11  1.768127658175E-11
AR GRAC 2024 07 02 03 09 50.000000 2   2.861374505392E-11  1.838571309087E-11
AR GRAC 2024 07 02 03 10  0.000000 2   2.645010599434E-11  8.060146300393E-12
AR GRAC 2024 07 02 03 10 10.000000 2   2.661199906273E-11  1.181457709443E-11
AR GRAC 2024 07 02 03 10 20.000000 2   2.740364359044E-11  1.000900751169E-11
AR GRAC 2024 07 02 03 10 30.000000 2   2.394909791315E-11  1.907343727403E-11
AR GRAC 2024 07 02 03 10 40.000000 2   2.708339802426E-11  9.677864412638E-12
AR GRAC 2024 07 02 03 10 50.000000 2   2.372293507469E-11  1.903228963318E-11
AR GRAC 2024 07 02 03 11  0.000000 2   2.320929039235E-11  1.204671258581E-11
AR GRAC 2024 07 02 03 11 10.000000 2   2.703257930003E-11  1.923113578106E-11
AR GRAC 2024 07 02 03 11 20.000000 2   2.839031960911E-11  8.435556073105E-12
AR GRAC 2024 07 02 03 11 30.000000 2   2.764776428632E-11  2.245997658690E-11
AR GRAC 2024 07 02 03 11 40.000000 2   2.694919634671E-11 -2.845605045002E-12
AR GRAC 2024 07 02 03 11 50.000000 2   2.329492675146E-11  2.298881050800E-11
AR GRAC 2024 07 02 03 12  0.000000 2   2.111011018768E-11  1.189322598738E-11
AR GRAC 2024 07 02 03 12 10.000000 2   2.299772351722E-11  1.895763927784E-11
AR GRAC 2024 07 02 03 12 20.000000 2   2.490442400915E-11  3.732051126470E-12
AR GRAC 2024 07 02 03 12 30.000000 2   2.289075699824E-11  1.779646048583E-11
AR GRAC 2024 07 02 03 12 40.000000 2   2.055645584309E-11  1.309086953422E-11
AR GRAC 2024 07 02 03 12 50.000000 2   2.282688794930E-11  1.406527758846E-11
AR GRAC 2024 07 02 03 13  0.000000 2   2.045221977887E-11  1.146968284238E-11
AR GRAC 2024 07 02 03 13 10.000000 2   2.326597595137E-11  2.148408707880E-11
AR GRAC 2024 07 02 03 13 20.000000 2   1.787614500870E-11  1.115848993066E-11
AR GRAC 2024 07 02 03 13 30.000000 2   2.394063940148E-11  9.102891183888E-12
AR GRAC 2024 07 02 03 13 40.000000 2   2.140613554469E-11  2.477289640784E-12
AR GRAC 2024 07 02 03 13 50.000000 2   1.940303993864E-11  1.327168843573E-11
AR GRAC 2024 07 02 03 14  0.000000 2   2.100732261756E-11  1.748608376151E-11
AR GRAC 2024 07 02 03 14 10.000000 2   2.396326019560E-11  1.495048009004E-11
AR GRAC 2024 07 02 03 14 20.000000 2   2.257288453378E-11  1.686487234587E-11
AR GRAC 2024 07 02 03 14 30.000000 2   2.096611426139E-11 -6.630734589869E-12
AR GRAC 2024 07 02 03 14 40.000000 2   1.911593106030E-11  9.483655180609E-12
AR GRAC 2024 07 02 03 14 50.000000 2   2.078012935336E-11  7.280429514464E-13
AR GRAC 2024 07 02 03 15  0.000000 2   1.852002232128E-11  2.151243072568E-11
AR GRAC 2024 07 02 03 15 10.000000 2   2.009754515586E-11 -2.403183988614E-12
AR GRAC 2024 07 02 03 15 20.000000 2   1.648756131623E-11  1.949119858569E-11
AR GRAC 2024 07 02 03 15 30.000000 2   1.756227108185E-11  7.995583362064E-12
AR GRAC 2024 07 02 03 15 40.000000 2   2.119876670037E-11  1.387996488578E-11
AR GRAC 2024 07 02 03 15 50.000000 2   1.824734113809E-11  2.204343044904E-12
AR GRAC 2024 07 02 03 16  0.000000 2   1.975520441677E-11  4.998720621457E-12
AR GRAC 2024 07 02 03 16 10.000000 2   1.761839979464E-11  1.445309844028E-11
AR GRAC 2024 07 02 03 16 20.000000 2   1.638919729097E-11 -1.642526934777E-12
AR GRAC 2024 07 02 03 16 30.000000 2   1.807730354297E-11  7.591845554988E-12
AR GRAC 2024 07 02 03 16 40.000000 2   2.187395750641E-11  9.816217283465E-12
AR GRAC 2024 07 02 03 16 50.000000 2   1.501304462692E-11 -6.459411998339E-12
AR GRAC 2024 07 02 03 17  0.000000 2   1.626781348518E-11  1.816495565077E-11
AR GRAC 2024 07 02 03 17 10.000000 2   1.676280642071E-11  3.879324812772E-12
AR GRAC 2024 07 02 03 17 20.000000 2   1.934991403219E-11 -1.036310794122E-12
AR GRAC 2024 07 02 03 17 30.000000 2   1.091560002109E-11  1.500805209276E-11
AR GRAC 2024 07 02 03 17 40.000000 2   1.614081784895E-11 -1.575833512074E-13
AR GRAC 2024 07 02 03 17 50.000000 2   1.323663487846E-11  5.826776994927E-12
AR GRAC 2024 07 02 03 18  0.000000 2   8.327247745521E-12  8.561135307616E-12
AR GRAC 2024 07 02 03 18 10.000000 2   1.656921128079E-11  1.678549486905E-11
AR GRAC 2024 07 02 03 18 20.000000 2   1.150529324589E-11 -1.477014864582E-11
AR GRAC 2024 07 02 03 18 30.000000 2   9.578910581398E-12  6.964204820464E-12
AR GRAC 2024 07 02 03 18 40.000000 2   1.202732705097E-11  8.448558692919E-12
AR GRAC 2024 07 02 03 18 50.000000 2   1.321136516158E-11 -3.647090008468E-12
AR GRAC 2024 07 02 03 19  0.000000 2   1.086511349641E-11  1.465726151562E-11
AR GRAC 2024 07 02 03 19 10.000000 2   1.316849060351E-11 -3.418391221130E-12
AR GRAC 2024 07 02 03 19 20.000000 2   8.369141317466E-12  3.115956060881E-12
AR GRAC 2024 07 02 03 19 30.000000 2   1.330642800806E-11  7.410301539057E-12
AR GRAC 2024 07 02 03 19 40.000000 2   1.245214868717E-11  2.804646489010E-12
AR GRAC 2024 07 02 03 19 50.000000 2   1.210264440749E-11  7.198989668278E-12
AR GRAC 2024 07 02 03 20  0.000000 2   1.178795255852E-11  1.123332937086E-11
AR GRAC 2024 07 02 03 20 10.000000 2   1.495345167135E-11  8.227668546468E-12
AR GRAC 2024 07 02 03 20 20.000000 2   5.984860610569E-12  7.520065841739E-13
AR GRAC 2024 07 02 03 20 30.000000 2   9.572480828834E-12 -4.063656529329E-12
AR GRAC 2024 07 02 03 20 40.000000 2   1.185580800200E-11  1.860067828929E-11
AR GRAC 2024 07 02 03 20 50.000000 2   4.302904386966E-12 -4.804988438384E-12
AR GRAC 2024 07 02 03 21  0.000000 2   9.621423449624E-12  7.129343122803E-12
AR GRAC 2024 07 02 03 21 10.000000 2   9.059952441048E-12 -1.565632692935E-11
AR GRAC 2024 07 02 03 21 20.000000 2   6.170939193667E-12  2.502800224014E-11
AR GRAC 2024 07 02 03 21 30.000000 2   6.423279443057E-12  4.362328640678E-12
AR GRAC 2024 07 02 03 21 40.000000 2   7.125894492532E-12  2.520665447203E-11
AR GRAC 2024 07 02 03 21 50.000000 2   7.628018876271E-12 -1.425902191460E-11
AR GRAC 2024 07 02 03 22  0.000000 2   2.417227659354E-12  4.885301798513E-12
AR GRAC 2024 07 02 03 22 10.000000 2   5.911248920909E-12  2.538962269594E-11
AR GRAC 2024 07 02 03 22 20.000000 2   9.567001704736E-12 -1.268605880067E-11
AR GRAC 2024 07 02 03 22 30.000000 2   5.788931400214E-12  1.084825805575E-11
AR GRAC 2024 07 02 03 22 40.000000 2   7.998262642472E-12  8.325763581167E-13
AR GRAC 2024 07 02 03 22 50.000000 2   5.124848895949E-12 -6.693108740852E-12
AR GRAC 2024 07 02 03 23  0.000000 2   7.420628347909E-12  9.612033391448E-13
AR GRAC 2024 07 02 03 23 10.000000 2   2.678934981834E-12  8.315515810653E-12
AR GRAC 2024 07 02 03 23 20.000000 2   8.591283066905E-12  4.699826465504E-12
AR GRAC 2024 07 02 03 23 30.000000 2   3.554542944706E-12  6.724133836539E-12
AR GRAC 2024 07 02 03 23 40.000000 2   1.733974292276E-12  9.728440275580E-12
AR GRAC 2024 07 02 03 23 50.000000 2   4.974058491480E-12 -1.039725337076E-11
AR GRAC 2024 07 02 03 24  0.000000 2   6.961530744226E-12 -4.552948729836E-12
AR GRAC 2024 07 02 03 24 10.000000 2   1.519500345860E-12  2.055135402135E-11
AR GRAC 2024 07 02 03 24 20.000000 2   6.381226276553E-12 -1.198434494004E-11
AR GRAC 2024 07 02 03 24 30.000000 2   1.642181507965E-12  4.019953640799E-12
AR GRAC 2024 07 02 03 24 40.000000 2   5.241393256916E-12 -2.275748166303E-12
AR GRAC 2024 07 02 03 24 50.000000 2   1.808504518017E-12  2.398548373805E-12
AR GRAC 2024 07 02 03 25  0.000000 2  -5.300502875158E-13 -2.871577487514E-13
AR GRAC 2024 07 02 03 25 10.000000 2   2.905134249484E-12  1.927136185007E-12
AR GRAC 2024 07 02 03 25 20.000000 2   2.093451930904E-12 -3.858571448467E-12
AR GRAC 2024 07 02 03 25 30.000000 2  -1.217272376647E-12  4.575718276500E-12
AR GRAC 2024 07 02 03 25 40.000000 2  -6.562519624942E-13 -7.359993690892E-12
AR GRAC 2024 07 02 03 25 50.000000 2  -2.327672559907E-12  4.634294250433E-12
AR GRAC 2024 07 02 03 26  0.000000 2  -1.546817036437E-12  5.158578859216E-12
AR GRAC 2024 07 02 03 26 10.000000 2  -6.547960416069E-14 -4.067135950941E-12
AR GRAC 2024 07 02 03 26 20.000000 2   4.205136239221E-12 -1.585285375194E-11
AR GRAC 2024 07 02 03 26 30.000000 2  -2.839444391417E-12  3.671426444113E-12
AR GRAC 2024 07 02 03 26 40.000000 2  -1.673137431553E-12  1.299570607377E-11
AR GRAC 2024 07 02 03 26 50.000000 2  -3.078381083030E-12 -9.200015749222E-12
AR GRAC 2024 07 02 03 27  0.000000 2  -3.006189698215E-12 -2.815740045639E-12
AR GRAC 2024 07 02 03 27 10.000000 2  -2.287030157269E-12  3.068534358899E-12
AR GRAC 2024 07 02 03 27 20.000000 2  -2.643078627056E-13 -1.177192241256E-12
AR GRAC 2024 07 02 03 27 30.000000 2  -1.904047015541E-12 -2.432919967918E-12
AR GRAC 2024 07 02 03 27 40.000000 2   8.258745250178E-13 -7.358650147560E-12
AR GRAC 2024 07 02 03 27 50.000000 2  -4.732310029953E-12 -2.438101160036E-14
AR GRAC 2024 07 02 03 28  0.000000 2  -1.900485194564E-12 -6.400114813121E-12
AR GRAC 2024 07 02 03 28 10.000000 2  -5.078198278552E-12 -1.745848908150E-12
AR GRAC 2024 07 02 03 28 20.000000 2  -3.083596746001E-12 -1.655158475555E-11
AR GRAC 2024 07 02 03 28 30.000000 2  -3.075021357338E-12  2.812677608183E-12
AR GRAC 2024 07 02 03 28 40.000000 2  -1.216898435318E-12  3.106938751413E-12
AR GRAC 2024 07 02 03 28 50.000000 2  -6.518591656041E-12  6.351199080545E-12
AR GRAC 2024 07 02 03 29  0.000000 2  -5.854428487134E-12 -1.091454617658E-11
AR GRAC 2024 07 02 03 29 10.000000 2  -8.151438508561E-13  1.268971212831E-11
AR GRAC 2024 07 02 03 29 20.000000 2  -6.951354856316E-12 -1.248603390819E-11
AR GRAC 2024 07 02 03 29 30.000000 2  -1.035522969456E-11  7.988219460908E-12
AR GRAC 2024 07 02 03 29 40.000000 2  -6.769820381364E-12 -1.863752728537E-11
AR GRAC 2024 07 02 03 29 50.000000 2  -6.934749649523E-12  2.926721798940E-12
AR GRAC 2024 07 02 03 30  0.000000 2  -3.764493924918E-12 -1.162903020407E-11
AR GRAC 2024 07 02 03 30 10.000000 2  -3.370766122821E-12 -8.534783990655E-12
AR GRAC 2024 07 02 03 30 20.000000 2  -4.226665024920E-12 -2.068053714388E-11
AR GRAC 2024 07 02 03 30 30.000000 2  -6.984918719810E-12  2.593707583778E-12
AR GRAC 2024 07 02 03 30 40.000000 2  -3.984240888599E-12  5.527949625828E-12
AR GRAC 2024 07 02 03 30 50.000000 2  -6.022990266252E-12 -3.047810051213E-12
AR GRAC 2024 07 02 03 31  0.000000 2  -7.620670587627E-12 -1.804357011026E-11
AR GRAC 2024 07 02 03 31 10.000000 2  -8.525004487059E-12 -3.059331867700E-12
AR GRAC 2024 07 02 03 31 20.000000 2  -1.092226396132E-11 -3.485096109271E-12
AR GRAC 2024 07 02 03 31 30.000000 2  -9.415600243923E-12 -7.180861374273E-12
AR GRAC 2024 07 02 03 31 40.000000 2  -4.139731960007E-12 -8.146628337202E-12
AR GRAC 2024 07 02 03 31 50.000000 2  -8.995880429463E-12 -2.155239701984E-11
AR GRAC 2024 07 02 03 32  0.000000 2  -4.998505082066E-12 -1.036816466016E-11
AR GRAC 2024 07 02 03 32 10.000000 2  -9.135222092671E-12  3.786061741895E-12
AR GRAC 2024 07 02 03 32 20.000000 2  -9.454215188498E-12 -4.439710318133E-12
AR GRAC 2024 07 02 03 32 30.000000 2  -1.443623953018E-11 -1.379548558722E-11
AR GRAC 2024 07 02 03 32 40.000000 2  -8.385866653859E-12 -4.491260661987E-12
AR GRAC 2024 07 02 03 32 50.000000 2  -6.174241239804E-12 -3.847038573118E-12
AR GRAC 2024 07 02 03 33  0.000000 2  -9.909959138021E-12 -1.185281820609E-11
AR GRAC 2024 07 02 03 33 10.000000 2  -6.741573879004E-12 -9.918601530379E-12
AR GRAC 2024 07 02 03 33 20.000000 2  -1.392146033868E-11 -1.976437936924E-11
AR GRAC 2024 07 02 03 33 30.000000 2  -9.144483781309E-12 -1.155016533805E-11
AR GRAC 2024 07 02 03 33 40.000000 2  -8.991620815968E-12 -1.605594997234E-11
AR GRAC 2024 07 02 03 33 50.000000 2  -1.084090196085E-11 -3.431736665671E-12
AR GRAC 2024 07 02 03 34  0.000000 2  -1.213238971093E-11 -1.381752438162E-11
AR GRAC 2024 07 02 03 34 10.000000 2  -1.067129631188E-11 -8.793316769173E-12
AR GRAC 2024 07 02 03 34 20.000000 2  -7.324094455918E-12 -2.089910536296E-11
AR GRAC 2024 07 02 03 34 30.000000 2  -1.282271511194E-11 -1.457489857970E-11
AR GRAC 2024 07 02 03 34 40.000000 2  -9.129799347085E-12 -2.710694516073E-12
AR GRAC 2024 07 02 03 34 50.000000 2  -1.005375036695E-11 -6.316489865876E-12
AR GRAC 2024 07 02 03 35  0.000000 2  -1.259268210541E-11 -2.566228826661E-11
AR GRAC 2024 07 02 03 35 10.000000 2  -1.359264090173E-11 -2.775808576050E-11
AR GRAC 2024 07 02 03 35 20.000000 2  -1.417394326908E-11 -9.833887176791E-12
AR GRAC 2024 07 02 03 35 30.000000 2  -6.476225805629E-12 -1.045968867075E-11
AR GRAC 2024 07 02 03 35 40.000000 2  -1.048432868300E-11 -2.315549314791E-11
AR GRAC 2024 07 02 03 35 50.000000 2  -1.357135324259E-11 -6.441296714760E-12
AR GRAC 2024 07 02 03 36  0.000000 2  -1.205665515341E-11 -1.755710681006E-11
AR GRAC 2024 07 02 03 36 10.000000 2  -1.177573663580E-11 -7.602913958127E-12
AR GRAC 2024 07 02 03 36 20.000000 2  -1.236491811718E-11 -2.419872635606E-11
AR GRAC 2024 07 02 03 36 30.000000 2  -1.230112539607E-11 -2.785453465104E-11
AR GRAC 2024 07 02 03 36 40.000000 2  -1.566924541507E-11 -1.017034720330E-11
AR GRAC 2024 07 02 03 36 50.000000 2  -1.561563725549E-11 -1.339616351875E-11
AR GRAC 2024 07 02 03 37  0.000000 2  -1.304069352503E-11 -2.091979367513E-12
AR GRAC 2024 07 02 03 37 10.000000 2  -1.382118291343E-11 -2.186779403390E-11
AR GRAC 2024 07 02 03 37 20.000000 2  -1.131783469027E-11 -3.075361493243E-11
AR GRAC 2024 07 02 03 37 30.000000 2  -1.260184231272E-11 -1.796943843724E-11
AR GRAC 2024 07 02 03 37 40.000000 2  -1.206578153362E-11 -2.747525817970E-11
AR GRAC 2024 07 02 03 37 50.000000 2  -1.188106991262E-11 -7.081081814658E-12
AR GRAC 2024 07 02 03 38  0.000000 2  -9.549897331262E-12 -2.468690529778E-11
AR GRAC 2024 07 02 03 38 10.000000 2  -1.203746911177E-11 -1.232733966988E-12
AR GRAC 2024 07 02 03 38 20.000000 2  -1.233087763841E-11 -2.532856216431E-11
AR GRAC 2024 07 02 03 38 30.000000 2  -1.444751263069E-11 -1.584439177083E-11
AR GRAC 2024 07 02 03 38 40.000000 2  -1.654535189410E-11 -2.825022507591E-11
AR GRAC 2024 07 02 03 38 50.000000 2  -1.341425494988E-11 -1.636605781452E-11
AR GRAC 2024 07 02 03 39  0.000000 2  -9.299476987079E-12 -2.780189273244E-11
AR GRAC 2024 07 02 03 39 10.000000 2  -1.676038648146E-11 -2.577728829001E-12
AR GRAC 2024 07 02 03 39 20.000000 2  -1.237535594834E-11 -4.035356424015E-11
AR GRAC 2024 07 02 03 39 30.000000 2  -1.675833603831E-11 -8.239403950783E-12
AR GRAC 2024 07 02 03 39 40.000000 2  -1.071657172724E-11 -2.716524574731E-11
AR GRAC 2024 07 02 03 39 50.000000 2  -1.512627870182E-11 -1.416108636604E-11
AR GRAC 2024 07 02 03 40  0.000000 2  -1.355888318288E-11 -1.860693370215E-11
AR GRAC 2024 07 02 03 40 10.000000 2  -1.298812880163E-11 -1.249277677834E-11
AR GRAC 2024 07 02 03 40 20.000000 2  -1.690052958692E-11 -1.610862311596E-11
AR GRAC 2024 07 02 03 40 30.000000 2  -1.192320200905E-11 -2.949447283629E-11
AR GRAC 2024 07 02 03 40 40.000000 2  -1.373478761280E-11 -2.605032162206E-11
AR GRAC 2024 07 02 03 40 50.000000 2  -1.526002588181E-11 -7.566172514906E-12
AR GRAC 2024 07 02 03 41  0.000000 2  -1.392695420793E-11 -2.579202823538E-11
AR GRAC 2024 07 02 03 41 10.000000 2  -1.560511615761E-11 -2.627788091292E-11
AR GRAC 2024 07 02 03 41 20.000000 2  -1.268185903514E-11 -2.508373717069E-11
AR GRAC 2024 07 02 03 41 30.000000 2  -1.789027953558E-11 -1.883959308002E-11
AR GRAC 2024 07 02 03 41 40.000000 2  -1.485784065225E-11 -2.096545506647E-11
AR GRAC 2024 07 02 03 41 50.000000 2  -1.135362203558E-11 -1.186131314695E-11
AR GRAC 2024 07 02 03 42  0.000000 2  -1.522422639344E-11 -2.117717806671E-11
AR GRAC 2024 07 02 03 42 10.000000 2  -1.573724657533E-11 -2.831304114770E-11
AR GRAC 2024 07 02 03 42 20.000000 2  -1.527328263862E-11 -1.872890731391E-11
AR GRAC 2024 07 02 03 42 30.000000 2  -1.640364059863E-11 -2.494477367720E-11
AR GRAC 2024 07 02 03 42 40.000000 2  -1.787460457425E-11 -2.680063983240E-11
AR GRAC 2024 07 02 03 42 50.000000 2  -1.834322797822E-11 -2.197650915414E-11
AR GRAC 2024 07 02 03 43  0.000000 2  -1.245450530901E-11 -8.202383217082E-12
AR GRAC 2024 07 02 03 43 10.000000 2  -1.848152707262E-11 -1.880825703515E-11
AR GRAC 2024 07 02 03 43 20.000000 2  -9.101617029494E-12 -2.247412846101E-11
AR GRAC 2024 07 02 03 43 30.000000 2  -1.518626717434E-11 -3.471000570299E-11
AR GRAC 2024 07 02 03 43 40.000000 2  -1.451741591524E-11 -1.711588336339E-11
AR GRAC 2024 07 02 03 43 50.000000 2  -1.295208384988E-11 -3.081176286335E-11
AR GRAC 2024 07 02 03 44  0.000000 2  -1.307475655521E-11 -1.838764210338E-11
AR GRAC 2024 07 02 03 44 10.000000 2  -1.525748798137E-11 -3.101352508139E-11
AR GRAC 2024 07 02 03 44 20.000000 2  -1.287859662663E-11 -3.188940778109E-11
AR GRAC 2024 07 02 03 44 30.000000 2  -1.342255560172E-11 -1.346529658608E-11
AR GRAC 2024 07 02 03 44 40.000000 2  -1.006666798531E-11 -1.546118268136E-11
AR GRAC 2024 07 02 03 44 50.000000 2  -1.273612465491E-11 -1.683706993272E-11
AR GRAC 2024 07 02 03 45  0.000000 2  -1.319358077650E-11 -3.325295941381E-11
AR GRAC 2024 07 02 03 45 10.000000 2  -1.392985379822E-11 -2.441885235682E-11
AR GRAC 2024 07 02 03 45 20.000000 2  -1.104058858226E-11 -1.684474434938E-11
AR GRAC 2024 07 02 03 45 30.000000 2  -1.940651805921E-11 -3.381063831687E-11
AR GRAC 2024 07 02 03 45 40.000000 2  -1.246496308949E-11 -1.307653724886E-11
AR GRAC 2024 07 02 03 45 50.000000 2  -1.244576837423E-11 -2.430243506435E-11
AR GRAC 2024 07 02 03 46  0.000000 2  -1.878620176088E-11 -2.840833297768E-11
AR GRAC 2024 07 02 03 46 10.000000 2  -1.586468456605E-11 -4.944232957077E-12
AR GRAC 2024 07 02 03 46 20.000000 2  -1.677100298914E-11 -2.787013848871E-11
AR GRAC 2024 07 02 03 46 30.000000 2  -1.415157400986E-11 -2.496603965230E-11
AR GRAC 2024 07 02 03 46 40.000000 2  -1.461407904413E-11 -1.868194487997E-11
AR GRAC 2024 07 02 03 46 50.000000 2  -1.370515072957E-11 -1.410785377409E-11
AR GRAC 2024 07 02 03 47  0.000000 2  -1.006704095086E-11 -2.059375760199E-11
AR GRAC 2024 07 02 03 47 10.000000 2  -1.551253396570E-11 -3.849966873082E-11
AR GRAC 2024 07 02 03 47 20.000000 2  -1.358506883375E-11 -2.723558184536E-11
AR GRAC 2024 07 02 03 47 30.000000 2  -1.650284596477E-11 -2.771149455738E-11
AR GRAC 2024 07 02 03 47 40.000000 2  -1.184514292207E-11 -6.117408662965E-12
AR GRAC 2024 07 02 03 47 50.000000 2  -1.075607485024E-11 -2.542332490363E-11
AR GRAC 2024 07 02 03 48  0.000000 2  -2.076063279621E-11 -2.188924562441E-11
AR GRAC 2024 07 02 03 48 10.000000 2  -1.462389237483E-11 -1.896516277355E-11
AR GRAC 2024 07 02 03 48 20.000000 2  -1.145592475049E-11 -2.029108478463E-11
AR GRAC 2024 07 02 03 48 30.000000 2  -1.763663694254E-11 -2.103700547096E-11
AR GRAC 2024 07 02 03 48 40.000000 2  -1.274550950892E-11 -5.442930394589E-12
AR GRAC 2024 07 02 03 48 50.000000 2  -1.340764218399E-11 -2.193885351165E-11
AR GRAC 2024 07 02 03 49  0.000000 2  -1.543794432568E-11 -1.640478031195E-11
AR GRAC 2024 07 02 03 49 10.000000 2  -1.121887478750E-11 -1.799071135122E-11
AR GRAC 2024 07 02 03 49 20.000000 2  -1.220135277535E-11 -2.177663951941E-11
AR GRAC 2024 07 02 03 49 30.000000 2  -1.469160383627E-11 -2.468257022381E-11
AR GRAC 2024 07 02 03 49 40.000000 2  -1.672653508755E-11 -1.377850611384E-11
AR GRAC 2024 07 02 03 49 50.000000 2  -1.420190180734E-11 -1.525443833750E-11
