 2.00 C RINEX VERSION / TYPE
 10.00 INTERVAL
 1 AR # / TYPES OF DATA
 END OF HEADER
AR GRAC 2024 06 24 01 50  0.000000 2   3.505359544298E-11  3.009937091236E-11
AR GRAC 2024 06 24 01 50 10.000000 2   3.253349672994E-11  4.241636208935E-11
AR GRAC 2024 06 24 01 50 20.000000 2   2.918703126409E-11  2.722335377958E-11
AR GRAC 2024 06 24 01 50 30.000000 2   2.869506542102E-11  4.258034203009E-11
AR GRAC 2024 06 24 01 50 40.000000 2   3.579566851264E-11  3.281732871563E-11
AR GRAC 2024 06 24 01 50 50.000000 2   3.195407827228E-11  3.532431638864E-11
AR GRAC 2024 06 24 01 51  0.000000 2   3.377580853892E-11  3.172129919848E-11
AR GRAC 2024 06 24 01 51 10.000000 2   2.982557256725E-11  3.526827788147E-11
AR GRAC 2024 06 24 01 51 20.000000 2   2.578408320186E-11  3.228526126997E-11
AR GRAC 2024 06 24 01 51 30.000000 2   3.002297369048E-11  3.406223914038E-11
AR GRAC 2024 06 24 01 51 40.000000 2   3.268408113599E-11  3.891921854238E-11
AR GRAC 2024 06 24 01 51 50.000000 2   3.131154710512E-11  3.520619212827E-11
AR GRAC 2024 06 24 01 52  0.000000 2   3.005731774586E-11  2.754316566489E-11
AR GRAC 2024 06 24 01 52 10.000000 2   2.486003070068E-11  3.395013783991E-11
AR GRAC 2024 06 24 01 52 20.000000 2   2.757943699805E-11  2.689710953963E-11
AR GRAC 2024 06 24 01 52 30.000000 2   3.066039436228E-11  3.324407762961E-11
AR GRAC 2024 06 24 01 52 40.000000 2   3.245484436754E-11  3.244104637701E-11
AR GRAC 2024 06 24 01 52 50.000000 2   2.778954497074E-11  3.509801130286E-11
AR GRAC 2024 06 24 01 53  0.000000 2   2.244876333435E-11  2.533497543700E-11
AR GRAC 2024 06 24 01 53 10.000000 2   2.630951359550E-11  3.499193990120E-11
AR GRAC 2024 06 24 01 53 20.000000 2   3.049209842954E-11  2.254889851228E-11
AR GRAC 2024 06 24 01 53 30.000000 2   2.262014880960E-11  2.606585780551E-11
AR GRAC 2024 06 24 01 53 40.000000 2   2.923051037329E-11  2.959281431014E-11
AR GRAC 2024 06 24 01 53 50.000000 2   2.698316396710E-11  3.449977109549E-11
AR GRAC 2024 06 24 01 54  0.000000 2   2.287245046140E-11  3.452672522886E-11
AR GRAC 2024 06 24 01 54 10.000000 2   2.271235977069E-11  2.551367797587E-11
AR GRAC 2024 06 24 01 54 20.000000 2   2.488247108356E-11  3.005062865213E-11
AR GRAC 2024 06 24 01 54 30.000000 2   2.553758246537E-11  3.035757756287E-11
AR GRAC 2024 06 24 01 54 40.000000 2   2.744983407243E-11  2.778452468100E-11
AR GRAC 2024 06 24 01 54 50.000000 2   2.073020401172E-11  3.416146879265E-11
AR GRAC 2024 06 24 01 55  0.000000 2   2.259233945756E-11  2.365841723917E-11
AR GRAC 2024 06 24 01 55 10.000000 2   2.443830034171E-11  2.340535924794E-11
AR GRAC 2024 06 24 01 55 20.000000 2   2.036348867307E-11  2.730229931025E-11
AR GRAC 2024 06 24 01 55 30.000000 2   2.417087190121E-11  3.334924003617E-11
AR GRAC 2024 06 24 01 55 40.000000 2   2.058020420748E-11  3.666617703901E-11
AR GRAC 2024 06 24 01 55 50.000000 2   2.579912672385E-11  2.796311446285E-11
AR GRAC 2024 06 24 01 56  0.000000 2   2.002372399834E-11  3.128004799624E-11
AR GRAC 2024 06 24 01 56 10.000000 2   2.315847166812E-11  2.010698031685E-11
AR GRAC 2024 06 24 01 56 20.000000 2   1.785348431593E-11  2.119391294408E-11
AR GRAC 2024 06 24 01 56 30.000000 2   2.177033900375E-11  3.128084249959E-11
AR GRAC 2024 06 24 01 56 40.000000 2   2.004215543527E-11  2.873777084356E-11
AR GRAC 2024 06 24 01 56 50.000000 2   2.122792046311E-11  2.536469645431E-11
AR GRAC 2024 06 24 01 57  0.000000 2   1.919100989234E-11  4.332162059639E-11
AR GRAC 2024 06 24 01 57 10.000000 2   2.192640860543E-11  1.985854362896E-11
AR GRAC 2024 06 24 01 57 20.000000 2   1.803224757013E-11  3.445546625791E-11
AR GRAC 2024 06 24 01 57 30.000000 2   2.027193517218E-11  1.298238599956E-11
AR GRAC 2024 06 24 01 57 40.000000 2   2.021165006194E-11  2.720930425415E-11
AR GRAC 2024 06 24 01 57 50.000000 2   1.773582843090E-11  2.474622069759E-11
AR GRAC 2024 06 24 01 58  0.000000 2   1.264786192445E-11  2.529313390676E-11
AR GRAC 2024 06 24 01 58 10.000000 2   1.564572776891E-11  3.643004647946E-11
AR GRAC 2024 06 24 01 58 20.000000 2   1.489262012322E-11  1.223695970942E-11
AR GRAC 2024 06 24 01 58 30.000000 2   1.792172660275E-11  4.172387088608E-11
AR GRAC 2024 06 24 01 58 40.000000 2   1.823239996479E-11  2.182077782353E-11
AR GRAC 2024 06 24 01 58 50.000000 2   1.432602040469E-11  3.053768349304E-11
AR GRAC 2024 06 24 01 59  0.000000 2   1.383557504675E-11  1.762458928800E-11
AR GRAC 2024 06 24 01 59 10.000000 2   1.852178653505E-11  2.172149266011E-11
AR GRAC 2024 06 24 01 59 20.000000 2   1.543742217391E-11  2.397839392321E-11
AR GRAC 2024 06 24 01 59 30.000000 2   8.478264097722E-12  3.165529643967E-11
AR GRAC 2024 06 24 01 59 40.000000 2   1.609520329515E-11  2.783219141267E-11
AR GRAC 2024 06 24 01 59 50.000000 2   8.322818996487E-12  3.065908985023E-11
AR GRAC 2024 06 24 02 00  0.000000 2   8.686468211394E-12  2.920598485279E-11
AR GRAC 2024 06 24 02 00 10.000000 2   1.458666867848E-11  1.899287845053E-11
AR GRAC 2024 06 24 02 00 20.000000 2   9.466814485104E-12  3.384977020904E-11
AR GRAC 2024 06 24 02 00 30.000000 2   1.171833290126E-11  1.183666099164E-11
AR GRAC 2024 06 24 02 00 40.000000 2   1.044656808974E-11  2.552355028718E-11
AR GRAC 2024 06 24 02 00 50.000000 2   9.044672129310E-12  2.654043824990E-11
AR GRAC 2024 06 24 02 01  0.000000 2   1.159692914615E-11  2.994732239969E-11
AR GRAC 2024 06 24 02 01 10.000000 2   7.760737365248E-12  2.837420576274E-11
AR GRAC 2024 06 24 02 01 20.000000 2   8.912977127185E-12  2.414108843385E-11
AR GRAC 2024 06 24 02 01 30.000000 2   8.220432147488E-12  2.175796695592E-11
AR GRAC 2024 06 24 02 01 40.000000 2   6.448965059885E-12  2.190484772735E-11
AR GRAC 2024 06 24 02 01 50.000000 2   6.015489321942E-12  2.220172309886E-11
AR GRAC 2024 06 24 02 02  0.000000 2   3.533546935955E-12  2.832859814783E-11
AR GRAC 2024 06 24 02 02 10.000000 2   2.462109943008E-12  2.862547351934E-11
AR GRAC 2024 06 24 02 02 20.000000 2   4.959801666593E-12  2.492234717211E-11
AR GRAC 2024 06 24 02 02 30.000000 2   8.844165851063E-12  1.802921700822E-11
AR GRAC 2024 06 24 02 02 40.000000 2   1.795622569904E-12  3.375608473299E-11
AR GRAC 2024 06 24 02 02 50.000000 2   2.071899645123E-13  2.176295255119E-11
AR GRAC 2024 06 24 02 03  0.000000 2   3.449855635537E-12  2.877981707117E-11
AR GRAC 2024 06 24 02 03 10.000000 2   3.789686446598E-12  1.710668065535E-11
AR GRAC 2024 06 24 02 03 20.000000 2   4.952064366209E-12  4.766354325114E-11
AR GRAC 2024 06 24 02 03 30.000000 2   1.278853000060E-12  8.230405072751E-12
AR GRAC 2024 06 24 02 03 40.000000 2   3.000731173958E-12  2.415726299554E-11
AR GRAC 2024 06 24 02 03 50.000000 2   2.678787964019E-12  2.542412114170E-11
AR GRAC 2024 06 24 02 04  0.000000 2   2.794672045864E-12  2.409097747680E-11
AR GRAC 2024 06 24 02 04 10.000000 2  -4.027915154192E-12  1.623783052462E-11
AR GRAC 2024 06 24 02 04 20.000000 2   4.905440637026E-12  3.013468641289E-11
AR GRAC 2024 06 24 02 04 30.000000 2  -1.151581000697E-12  2.388153563793E-11
AR GRAC 2024 06 24 02 04 40.000000 2   4.146479166967E-13  3.317838365158E-11
AR GRAC 2024 06 24 02 04 50.000000 2  -2.069614011418E-12  1.647523090176E-11
AR GRAC 2024 06 24 02 05  0.000000 2  -2.294400780478E-12  1.357207835700E-11
AR GRAC 2024 06 24 02 05 10.000000 2  -3.340964115604E-13  1.371892096452E-11
AR GRAC 2024 06 24 02 05 20.000000 2  -4.815985284179E-12  1.937576488142E-11
AR GRAC 2024 06 24 02 05 30.000000 2  -3.624900943647E-12  3.195260375732E-11
AR GRAC 2024 06 24 02 05 40.000000 2  -2.292003826315E-12  1.512944630688E-11
AR GRAC 2024 06 24 02 05 50.000000 2  -3.221117600080E-12  2.141628194230E-11
AR GRAC 2024 06 24 02 06  0.000000 2  -3.497264110253E-12  1.745311881129E-11
AR GRAC 2024 06 24 02 06 10.000000 2   2.213398870654E-13  3.146995511405E-11
AR GRAC 2024 06 24 02 06 20.000000 2  -6.026627981381E-12  3.075678600695E-11
AR GRAC 2024 06 24 02 06 30.000000 2  -3.588027227761E-12  8.103617603339E-12
AR GRAC 2024 06 24 02 06 40.000000 2  -5.130368786049E-12  2.302044666003E-11
AR GRAC 2024 06 24 02 06 50.000000 2  -4.848594616080E-12  2.166727561259E-11
AR GRAC 2024 06 24 02 07  0.000000 2  -4.029482043172E-12  1.619410161524E-11
AR GRAC 2024 06 24 02 07 10.000000 2  -7.161371322340E-12  3.137092668970E-11
AR GRAC 2024 06 24 02 07 20.000000 2   5.450307631431E-13  1.340774973685E-11
AR GRAC 2024 06 24 02 07 30.000000 2  -7.310850709541E-12  2.777456736824E-11
AR GRAC 2024 06 24 02 07 40.000000 2  -5.471508229132E-12  1.100138990323E-11
AR GRAC 2024 06 24 02 07 50.000000 2  -6.514341583524E-12  6.748207027896E-12
AR GRAC 2024 06 24 02 08  0.000000 2  -9.495040170782E-12  3.464502296158E-11
AR GRAC 2024 06 24 02 08 10.000000 2  -2.791341159950E-12  3.561837023242E-12
AR GRAC 2024 06 24 02 08 20.000000 2  -1.087716462039E-11  2.855865197104E-11
AR GRAC 2024 06 24 02 08 30.000000 2  -1.108582496634E-11  3.149546248804E-11
AR GRAC 2024 06 24 02 08 40.000000 2  -3.216226547240E-12  1.551227375718E-11
AR GRAC 2024 06 24 02 08 50.000000 2  -1.368877147051E-11  1.863908159760E-11
AR GRAC 2024 06 24 02 09  0.000000 2  -1.131064079202E-11  1.205887169634E-12
AR GRAC 2024 06 24 02 09 10.000000 2  -8.945254259540E-12  4.091268990258E-11
AR GRAC 2024 06 24 02 09 20.000000 2  -5.263772490799E-12  1.580949607338E-11
AR GRAC 2024 06 24 02 09 30.000000 2  -7.987036379498E-12  2.295629832061E-11
AR GRAC 2024 06 24 02 09 40.000000 2  -1.284728053108E-11  2.663309850437E-11
AR GRAC 2024 06 24 02 09 50.000000 2  -9.333462822059E-12  1.901989676867E-11
AR GRAC 2024 06 24 02 10  0.000000 2  -1.412874418155E-11  1.855669264084E-11
AR GRAC 2024 06 24 02 10 10.000000 2  -1.289676004879E-11  1.309348896666E-11
AR GRAC 2024 06 24 02 10 20.000000 2  -1.365331892683E-11  1.963028177510E-11
AR GRAC 2024 06 24 02 10 30.000000 2  -9.948361578971E-12  8.847073247609E-12
AR GRAC 2024 06 24 02 10 40.000000 2  -1.390105305171E-11  9.663863459464E-12
AR GRAC 2024 06 24 02 10 50.000000 2  -1.312423780764E-11  1.149065304712E-11
AR GRAC 2024 06 24 02 11  0.000000 2  -1.479781575053E-11  2.712743744915E-11
AR GRAC 2024 06 24 02 11 10.000000 2  -1.237878549665E-11  1.778422548115E-11
AR GRAC 2024 06 24 02 11 20.000000 2  -1.583911127256E-11  1.481100832257E-11
AR GRAC 2024 06 24 02 11 30.000000 2  -1.559102846826E-11  1.968778959305E-11
AR GRAC 2024 06 24 02 11 40.000000 2  -1.427087267802E-11  1.260457016539E-11
AR GRAC 2024 06 24 02 11 50.000000 2  -1.668489305051E-11  2.163134775468E-11
AR GRAC 2024 06 24 02 12  0.000000 2  -9.420749770561E-12  2.167812630793E-11
AR GRAC 2024 06 24 02 12 10.000000 2  -1.602720560434E-11  3.204903573431E-12
AR GRAC 2024 06 24 02 12 20.000000 2  -1.160715620840E-11  2.637167567654E-11
AR GRAC 2024 06 24 02 12 30.000000 2  -1.563869346521E-11 -5.251550930230E-12
AR GRAC 2024 06 24 02 12 40.000000 2  -1.373561507589E-11  1.715521821821E-11
AR GRAC 2024 06 24 02 12 50.000000 2  -1.911145720845E-11  1.219198700331E-11
AR GRAC 2024 06 24 02 13  0.000000 2  -1.613773698006E-11 -5.121245875289E-12
AR GRAC 2024 06 24 02 13 10.000000 2  -2.031182860796E-11  3.743551996171E-11
AR GRAC 2024 06 24 02 13 20.000000 2  -1.428181791580E-11  9.362286119974E-12
AR GRAC 2024 06 24 02 13 30.000000 2  -1.457700626872E-11  8.939044816858E-12
AR GRAC 2024 06 24 02 13 40.000000 2  -1.800021590115E-11  1.705580641997E-11
AR GRAC 2024 06 24 02 13 50.000000 2  -1.643096943227E-11  1.389256591711E-11
AR GRAC 2024 06 24 02 14  0.000000 2  -2.019599938674E-11  8.393234024462E-13
AR GRAC 2024 06 24 02 14 10.000000 2  -1.816653251441E-11  8.066078187319E-12
AR GRAC 2024 06 24 02 14 20.000000 2  -1.657048456782E-11  2.839283322342E-11
AR GRAC 2024 06 24 02 14 30.000000 2  -1.886363808212E-11 -1.904165166473E-13
AR GRAC 2024 06 24 02 14 40.000000 2  -1.545176833706E-11  1.077633555308E-11
AR GRAC 2024 06 24 02 14 50.000000 2  -1.907011180913E-11 -3.366916771427E-12
AR GRAC 2024 06 24 02 15  0.000000 2  -2.181834400650E-11  2.022983343342E-11
AR GRAC 2024 06 24 02 15 10.000000 2  -2.041545231479E-11  1.006580018989E-12
AR GRAC 2024 06 24 02 15 20.000000 2  -2.353267580801E-11  1.050332217034E-11
AR GRAC 2024 06 24 02 15 30.000000 2  -1.717547458424E-11  1.333006448279E-11
AR GRAC 2024 06 24 02 15 40.000000 2  -2.293076145632E-11 -5.433193391718E-12
AR GRAC 2024 06 24 02 15 50.000000 2  -1.613824004987E-11  6.253547592955E-12
AR GRAC 2024 06 24 02 16  0.000000 2  -2.233848002409E-11  9.420281395223E-12
AR GRAC 2024 06 24 02 16 10.000000 2  -2.830423742606E-11  1.917017976652E-12
AR GRAC 2024 06 24 02 16 20.000000 2  -1.841074515063E-11  1.111375488166E-11
AR GRAC 2024 06 24 02 16 30.000000 2  -2.012013992914E-11  6.800487256653E-12
AR GRAC 2024 06 24 02 16 40.000000 2  -2.230361555167E-11  1.207721769814E-11
AR GRAC 2024 06 24 02 16 50.000000 2  -2.143348519501E-11  3.053948370232E-12
AR GRAC 2024 06 24 02 17  0.000000 2  -2.587019140576E-11  3.370674182476E-12
AR GRAC 2024 06 24 02 17 10.000000 2  -2.097963469616E-11  5.167401662814E-12
AR GRAC 2024 06 24 02 17 20.000000 2  -1.961065858314E-11  7.741271274182E-13
AR GRAC 2024 06 24 02 17 30.000000 2  -2.283691812044E-11  6.710848456798E-12
AR GRAC 2024 06 24 02 17 40.000000 2  -2.297113020633E-11  1.637756943951E-11
AR GRAC 2024 06 24 02 17 50.000000 2  -2.470434794233E-11 -6.065711301295E-12
AR GRAC 2024 06 24 02 18  0.000000 2  -2.640621575567E-11  8.611006005466E-12
AR GRAC 2024 06 24 02 18 10.000000 2  -1.927271363333E-11  4.607723490951E-12
AR GRAC 2024 06 24 02 18 20.000000 2  -2.305752810905E-11 -8.575563002766E-12
AR GRAC 2024 06 24 02 18 30.000000 2  -1.999718446388E-11  1.904115060070E-11
AR GRAC 2024 06 24 02 18 40.000000 2  -2.080811044303E-11  1.207861068109E-12
AR GRAC 2024 06 24 02 18 50.000000 2  -2.414056628208E-11  4.364574240218E-12
AR GRAC 2024 06 24 02 19  0.000000 2  -1.457674085603E-11  2.871281988212E-12
AR GRAC 2024 06 24 02 19 10.000000 2  -2.387881906096E-11  7.637984862641E-12
AR GRAC 2024 06 24 02 19 20.000000 2  -2.595427692209E-11  1.044691134815E-12
AR GRAC 2024 06 24 02 19 30.000000 2  -1.922897778506E-11  2.651395812972E-12
AR GRAC 2024 06 24 02 19 40.000000 2  -2.174502244934E-11  1.727809735563E-11
AR GRAC 2024 06 24 02 19 50.000000 2  -2.376908912749E-11  2.234796982886E-12
AR GRAC 2024 06 24 02 20  0.000000 2  -2.522416650552E-11 -2.088506451114E-12
AR GRAC 2024 06 24 02 20 10.000000 2  -1.978757782628E-11 -8.918070275310E-13
AR GRAC 2024 06 24 02 20 20.000000 2  -2.261091487654E-11  1.059488694694E-11
AR GRAC 2024 06 24 02 20 30.000000 2  -1.966250946783E-11 -7.198419377935E-12
AR GRAC 2024 06 24 02 20 40.000000 2  -2.208458936559E-11  1.198827322135E-11
AR GRAC 2024 06 24 02 20 50.000000 2  -1.905866263419E-11  1.994962138194E-12
AR GRAC 2024 06 24 02 21  0.000000 2  -2.459528934684E-11  1.034164854447E-11
AR GRAC 2024 06 24 02 21 10.000000 2  -2.469973357788E-11 -1.353166190210E-11
AR GRAC 2024 06 24 02 21 20.000000 2  -1.776046844315E-11 -5.854977527114E-12
AR GRAC 2024 06 24 02 21 30.000000 2  -2.583340832918E-11  1.917058092132E-13
AR GRAC 2024 06 24 02 21 40.000000 2  -1.946380209783E-11  1.449838773343E-11
AR GRAC 2024 06 24 02 21 50.000000 2  -2.475671577462E-11 -6.874932047263E-12
AR GRAC 2024 06 24 02 22  0.000000 2  -1.910976411834E-11 -2.048253493897E-12
AR GRAC 2024 06 24 02 22 10.000000 2  -1.723942689991E-11 -6.211575091092E-12
AR GRAC 2024 06 24 02 22 20.000000 2  -1.656467671363E-11  5.215097884786E-12
AR GRAC 2024 06 24 02 22 30.000000 2  -2.158935356877E-11  4.041771691637E-12
AR GRAC 2024 06 24 02 22 40.000000 2  -2.227848114322E-11 -1.841554686521E-12
AR GRAC 2024 06 24 02 22 50.000000 2  -2.349575048410E-11  8.725116115715E-12
AR GRAC 2024 06 24 02 23  0.000000 2  -2.305153290472E-11 -9.568216011169E-12
AR GRAC 2024 06 24 02 23 10.000000 2  -2.196833340240E-11 -8.891548955448E-12
AR GRAC 2024 06 24 02 23 20.000000 2  -1.930515469706E-11 -4.884880694389E-12
AR GRAC 2024 06 24 02 23 30.000000 2  -2.721339473211E-11  1.419177882850E-11
AR GRAC 2024 06 24 02 23 40.000000 2  -2.070443469449E-11 -6.801555846314E-12
AR GRAC 2024 06 24 02 23 50.000000 2  -2.288414943652E-11 -4.864896246265E-12
AR GRAC 2024 06 24 02 24  0.000000 2  -1.686131442802E-11 -1.377823896642E-11
AR GRAC 2024 06 24 02 24 10.000000 2  -1.998503619538E-11  1.584179429347E-13
AR GRAC 2024 06 24 02 24 20.000000 2  -2.102299584417E-11 -7.234924898764E-12
AR GRAC 2024 06 24 02 24 30.000000 2  -2.161588442962E-11 -2.198271729578E-12
AR GRAC 2024 06 24 02 24 40.000000 2  -2.079418581769E-11 -1.645161958053E-11
AR GRAC 2024 06 24 02 24 50.000000 2  -2.422922626422E-11 -5.784967990752E-12
AR GRAC 2024 06 24 02 25  0.000000 2  -2.666840880072E-11 -1.806832287954E-11
AR GRAC 2024 06 24 02 25 10.000000 2  -1.655519124566E-11  5.748330630939E-12
AR GRAC 2024 06 24 02 25 20.000000 2  -2.334032099538E-11 -1.041502821486E-11
AR GRAC 2024 06 24 02 25 30.000000 2  -2.067532776928E-11 -1.079838128637E-11
AR GRAC 2024 06 24 02 25 40.000000 2  -1.999616271176E-11 -4.441739077238E-12
AR GRAC 2024 06 24 02 25 50.000000 2  -1.829099892381E-11 -7.365098114720E-12
AR GRAC 2024 06 24 02 26  0.000000 2  -2.024485266927E-11 -9.284579398708E-13
AR GRAC 2024 06 24 02 26 10.000000 2  -2.031791575263E-11 -3.531821536618E-12
AR GRAC 2024 06 24 02 26 20.000000 2  -2.315982822187E-11 -2.363518755710E-11
AR GRAC 2024 06 24 02 26 30.000000 2  -1.883584260787E-11  2.751450109417E-12
AR GRAC 2024 06 24 02 26 40.000000 2  -1.756304823797E-11 -2.257191482335E-11
AR GRAC 2024 06 24 02 26 50.000000 2  -1.999962001564E-11 -8.552886046967E-13
AR GRAC 2024 06 24 02 27  0.000000 2  -2.418291955575E-11 -1.138865911299E-11
AR GRAC 2024 06 24 02 27 10.000000 2  -1.805332619509E-11 -7.072029593880E-12
AR GRAC 2024 06 24 02 27 20.000000 2  -2.532313247983E-11 -1.861540088743E-11
AR GRAC 2024 06 24 02 27 30.000000 2  -1.925334371100E-11 -9.598780971454E-12
AR GRAC 2024 06 24 02 27 40.000000 2  -2.354814954142E-11 -6.262156158204E-12
AR GRAC 2024 06 24 02 27 50.000000 2  -1.757964607219E-11 -1.339553901830E-11
AR GRAC 2024 06 24 02 28  0.000000 2  -2.109256172500E-11 -1.136891709247E-11
AR GRAC 2024 06 24 02 28 10.000000 2  -1.855387198046E-11 -1.711229768997E-11
AR GRAC 2024 06 24 02 28 20.000000 2  -2.097715924576E-11 -2.137568420879E-11
AR GRAC 2024 06 24 02 28 30.000000 2  -2.145229306694E-11 -4.339068167269E-12
AR GRAC 2024 06 24 02 28 40.000000 2  -1.777739587483E-11 -2.990245551171E-11
AR GRAC 2024 06 24 02 28 50.000000 2  -2.110704840075E-11 -1.073584363770E-11
AR GRAC 2024 06 24 02 29  0.000000 2  -1.757367515398E-11 -1.079923390296E-11
AR GRAC 2024 06 24 02 29 10.000000 2  -2.118813631491E-11 -8.962624913067E-12
AR GRAC 2024 06 24 02 29 20.000000 2  -1.767355185811E-11 -1.791601936252E-11
AR GRAC 2024 06 24 02 29 30.000000 2  -1.828161233508E-11 -1.439941482023E-11
AR GRAC 2024 06 24 02 29 40.000000 2  -1.040536146829E-11 -2.632280851622E-11
AR GRAC 2024 06 24 02 29 50.000000 2  -2.012606400981E-11  9.203790507506E-12
AR GRAC 2024 06 24 02 30  0.000000 2  -1.951800526756E-11 -1.959961012932E-11
AR GRAC 2024 06 24 02 30 10.000000 2  -1.734170099188E-11 -3.106300633382E-11
AR GRAC 2024 06 24 02 30 20.000000 2  -1.415105099073E-11 -9.356413213646E-12
AR GRAC 2024 06 24 02 30 30.000000 2  -1.357368210886E-11 -2.693982190105E-11
AR GRAC 2024 06 24 02 30 40.000000 2  -2.254625132425E-11 -1.326322732198E-11
AR GRAC 2024 06 24 02 30 50.000000 2  -1.116373660182E-11 -3.167663700787E-11
AR GRAC 2024 06 24 02 31  0.000000 2  -1.784054674825E-11 -1.200004592222E-11
AR GRAC 2024 06 24 02 31 10.000000 2  -1.511877949223E-11 -1.852345880848E-11
AR GRAC 2024 06 24 02 31 20.000000 2  -1.818483037763E-11 -1.711687215578E-11
AR GRAC 2024 06 24 02 31 30.000000 2  -1.265972656567E-11 -1.440028651878E-11
AR GRAC 2024 06 24 02 31 40.000000 2  -1.671724390861E-11 -2.963369827302E-11
AR GRAC 2024 06 24 02 31 50.000000 2  -1.460284150545E-11 -1.243711991034E-11
AR GRAC 2024 06 24 02 32  0.000000 2  -9.308177492673E-12 -2.728053893897E-11
AR GRAC 2024 06 24 02 32 10.000000 2  -1.876276738144E-11 -1.306396223838E-11
AR GRAC 2024 06 24 02 32 20.000000 2  -1.660012925730E-11 -3.747381745189E-12
AR GRAC 2024 06 24 02 32 30.000000 2  -1.034781548642E-11 -2.268081035484E-11
AR GRAC 2024 06 24 02 32 40.000000 2  -1.167115969841E-11 -1.122423595040E-11
AR GRAC 2024 06 24 02 32 50.000000 2  -1.344064096132E-11 -1.824766553138E-11
AR GRAC 2024 06 24 02 33  0.000000 2  -1.174758294115E-11 -1.166109396544E-11
AR GRAC 2024 06 24 02 33 10.000000 2  -9.806490688935E-12 -2.337452627288E-11
AR GRAC 2024 06 24 02 33 20.000000 2  -1.647614510103E-11 -2.325795979419E-11
AR GRAC 2024 06 24 02 33 30.000000 2  -1.511351460648E-11 -1.122139273863E-11
AR GRAC 2024 06 24 02 33 40.000000 2  -1.584814050826E-11 -2.910482618801E-11
AR GRAC 2024 06 24 02 33 50.000000 2  -1.441884979470E-11 -2.369826904158E-11
AR GRAC 2024 06 24 02 34  0.000000 2  -1.000666390027E-11 -2.852170756518E-11
AR GRAC 2024 06 24 02 34 10.000000 2  -1.033070677614E-11 -1.579514644079E-11
AR GRAC 2024 06 24 02 34 20.000000 2  -1.212576653670E-11 -1.991858934736E-11
AR GRAC 2024 06 24 02 34 30.000000 2  -1.375642915552E-11 -3.799203313060E-11
AR GRAC 2024 06 24 02 34 40.000000 2  -1.748442189642E-11 -1.161548114637E-11
AR GRAC 2024 06 24 02 34 50.000000 2  -1.088906655816E-11 -2.743892786594E-11
AR GRAC 2024 06 24 02 35  0.000000 2  -1.126656927475E-11 -7.272376711248E-12
AR GRAC 2024 06 24 02 35 10.000000 2  -7.838587418041E-12 -7.575828853135E-12
AR GRAC 2024 06 24 02 35 20.000000 2  -1.038324894814E-11 -2.437927984489E-11
AR GRAC 2024 06 24 02 35 30.000000 2  -1.221498856924E-11 -1.022273758700E-11
AR GRAC 2024 06 24 02 35 40.000000 2  -1.185910831342E-11 -2.161619321039E-11
AR GRAC 2024 06 24 02 35 50.000000 2  -4.214529333163E-12 -3.198964704243E-11
AR GRAC 2024 06 24 02 36  0.000000 2  -8.360242186034E-12 -2.270310849040E-11
AR GRAC 2024 06 24 02 36 10.000000 2  -1.109704429042E-11 -2.766657389297E-11
AR GRAC 2024 06 24 02 36 20.000000 2  -1.243413792068E-11 -2.372002941287E-11
AR GRAC 2024 06 24 02 36 30.000000 2  -9.922946145324E-12 -2.433349702291E-11
AR GRAC 2024 06 24 02 36 40.000000 2  -4.522132234647E-12 -4.197695663288E-11
AR GRAC 2024 06 24 02 36 50.000000 2  -1.028281019361E-11 -2.505042701051E-11
AR GRAC 2024 06 24 02 37  0.000000 2  -8.377406407467E-12 -5.683896062147E-12
AR GRAC 2024 06 24 02 37 10.000000 2  -9.911365131399E-12 -3.901737266609E-11
AR GRAC 2024 06 24 02 37 20.000000 2  -9.515117860293E-12 -3.251083777189E-11
AR GRAC 2024 06 24 02 37 30.000000 2  -7.830481922599E-12 -3.320431082865E-11
AR GRAC 2024 06 24 02 37 40.000000 2  -1.018963038946E-11 -1.467779023323E-11
AR GRAC 2024 06 24 02 37 50.000000 2  -8.230440634582E-12 -3.329126557761E-11
AR GRAC 2024 06 24 02 38  0.000000 2  -9.869693604059E-12 -1.898474606687E-11
AR GRAC 2024 06 24 02 38 10.000000 2  -6.509547241518E-12 -2.087822623120E-11
AR GRAC 2024 06 24 02 38 20.000000 2  -3.810138836380E-12 -3.967170689179E-11
AR GRAC 2024 06 24 02 38 30.000000 2  -7.248722889291E-12 -1.801519176892E-11
AR GRAC 2024 06 24 02 38 40.000000 2  -1.684726360154E-12 -2.097867886353E-11
AR GRAC 2024 06 24 02 38 50.000000 2  -1.212486881730E-11 -2.952216596186E-11
AR GRAC 2024 06 24 02 39  0.000000 2  -4.955303962301E-12 -2.753565778169E-11
AR GRAC 2024 06 24 02 39 10.000000 2  -9.850646340293E-12 -1.653914158406E-11
AR GRAC 2024 06 24 02 39 20.000000 2  -2.488312941112E-12 -1.920263600907E-11
AR GRAC 2024 06 24 02 39 30.000000 2  -3.856785116968E-12 -2.026612905270E-11
AR GRAC 2024 06 24 02 39 40.000000 2  -6.263015713687E-12 -4.120962945886E-11
AR GRAC 2024 06 24 02 39 50.000000 2  -3.337754335073E-12 -1.560312122562E-11
AR GRAC 2024 06 24 02 40  0.000000 2  -8.166568983559E-12 -2.435662088685E-11
AR GRAC 2024 06 24 02 40 10.000000 2  -1.991724927347E-12 -2.531011858431E-11
AR GRAC 2024 06 24 02 40 20.000000 2  -2.812304208955E-12 -5.070362185666E-11
AR GRAC 2024 06 24 02 40 30.000000 2  -8.291421368933E-12 -1.652713035871E-11
AR GRAC 2024 06 24 02 40 40.000000 2  -7.014247689618E-12 -2.277063433642E-11
AR GRAC 2024 06 24 02 40 50.000000 2  -2.504627364883E-12 -2.061414060284E-11
AR GRAC 2024 06 24 02 41  0.000000 2  -5.527946156381E-12 -2.058764270174E-11
AR GRAC 2024 06 24 02 41 10.000000 2  -9.791445432228E-12 -3.434115838918E-11
AR GRAC 2024 06 24 02 41 20.000000 2  -7.771165655424E-12 -2.659466744048E-11
AR GRAC 2024 06 24 02 41 30.000000 2  -8.920525451130E-13 -1.616818137706E-11
AR GRAC 2024 06 24 02 41 40.000000 2  -3.115351726590E-12 -2.553169828334E-11
AR GRAC 2024 06 24 02 41 50.000000 2  -5.044186856401E-12 -2.819521179032E-11
AR GRAC 2024 06 24 02 42  0.000000 2  -5.506595613519E-12 -1.210872895008E-11
AR GRAC 2024 06 24 02 42 10.000000 2  -4.552648188993E-12 -1.567225169086E-11
AR GRAC 2024 06 24 02 42 20.000000 2  -2.024764036990E-12 -2.115577157902E-11
AR GRAC 2024 06 24 02 42 30.000000 2  -6.046798261758E-13 -2.078929563221E-11
AR GRAC 2024 06 24 02 42 40.000000 2   3.473259277843E-13 -2.679281796425E-11
AR GRAC 2024 06 24 02 42 50.000000 2  -4.192664878472E-12 -2.577634980461E-11
AR GRAC 2024 06 24 02 43  0.000000 2   2.906550000681E-12 -2.176987930202E-11
AR GRAC 2024 06 24 02 43 10.000000 2  -3.757955318456E-12 -2.798340205390E-11
AR GRAC 2024 06 24 02 43 20.000000 2   2.275684523635E-13 -6.066936016069E-12
AR GRAC 2024 06 24 02 43 30.000000 2   7.063367360623E-13 -2.570046953032E-11
AR GRAC 2024 06 24 02 43 40.000000 2   2.511049961712E-12 -2.913400423687E-11
AR GRAC 2024 06 24 02 43 50.000000 2  -3.357208825175E-12 -1.639753957616E-11
AR GRAC 2024 06 24 02 44  0.000000 2  -1.516807404504E-12 -2.949107971717E-11
AR GRAC 2024 06 24 02 44 10.000000 2  -7.787723916262E-13 -3.028461856291E-11
AR GRAC 2024 06 24 02 44 20.000000 2  -4.336939227884E-12 -2.022815769054E-11
AR GRAC 2024 06 24 02 44 30.000000 2  -1.426041142810E-12 -1.380169936671E-11
AR GRAC 2024 06 24 02 44 40.000000 2   7.803150757924E-14 -3.258525047012E-11
AR GRAC 2024 06 24 02 44 50.000000 2  -1.860072425947E-12 -1.466879222256E-11
AR GRAC 2024 06 24 02 45  0.000000 2   2.371647366342E-12 -9.732342536040E-12
AR GRAC 2024 06 24 02 45 10.000000 2   2.527584044842E-12 -2.297589202227E-11
AR GRAC 2024 06 24 02 45 20.000000 2   1.991899483897E-12 -1.629943922887E-11
AR GRAC 2024 06 24 02 45 30.000000 2   6.894278984509E-13 -2.111299329810E-11
AR GRAC 2024 06 24 02 45 40.000000 2  -2.606703915220E-12 -1.282654971818E-11
AR GRAC 2024 06 24 02 45 50.000000 2   2.807445682179E-12 -2.204010411677E-11
AR GRAC 2024 06 24 02 46  0.000000 2  -1.406011591876E-12 -3.110366131320E-11
AR GRAC 2024 06 24 02 46 10.000000 2  -2.007024754724E-12 -2.042722588302E-11
AR GRAC 2024 06 24 02 46 20.000000 2   7.748295928478E-12 -1.036078341177E-11
AR GRAC 2024 06 24 02 46 30.000000 2  -4.520006331027E-12 -2.182434614972E-11
AR GRAC 2024 06 24 02 46 40.000000 2  -3.333146204789E-13 -1.189790800604E-11
AR GRAC 2024 06 24 02 46 50.000000 2   3.457715667607E-12 -1.567147280002E-11
AR GRAC 2024 06 24 02 47  0.000000 2   9.237642118257E-13 -2.122504255686E-11
AR GRAC 2024 06 24 02 47 10.000000 2  -7.733320819651E-13 -2.068861054694E-11
AR GRAC 2024 06 24 02 47 20.000000 2  -4.670031288762E-12 -2.711218055618E-11
AR GRAC 2024 06 24 02 47 30.000000 2   1.142327465259E-11 -1.546575714717E-11
AR GRAC 2024 06 24 02 47 40.000000 2   4.457702002664E-12 -2.017933042886E-11
AR GRAC 2024 06 24 02 47 50.000000 2   8.231414681814E-13  1.270942715220E-13
AR GRAC 2024 06 24 02 48  0.000000 2   1.112999869677E-13 -2.936647799934E-11
AR GRAC 2024 06 24 02 48 10.000000 2   4.271456018751E-12 -6.000062859751E-12
AR GRAC 2024 06 24 02 48 20.000000 2   9.392119894314E-12 -2.504364250699E-11
AR GRAC 2024 06 24 02 48 30.000000 2   6.086274713379E-12 -1.464722614031E-11
AR GRAC 2024 06 24 02 48 40.000000 2   5.535800550599E-12 -2.637080831480E-11
AR GRAC 2024 06 24 02 48 50.000000 2   8.236643138371E-12 -6.394393695097E-12
AR GRAC 2024 06 24 02 49  0.000000 2  -7.648808886609E-13 -1.735798310643E-11
AR GRAC 2024 06 24 02 49 10.000000 2   3.091581461320E-12 -1.677156850899E-11
AR GRAC 2024 06 24 02 49 20.000000 2   3.558254385583E-12 -1.742516027303E-11
AR GRAC 2024 06 24 02 49 30.000000 2   2.619374335489E-12 -5.188751771995E-12
AR GRAC 2024 06 24 02 49 40.000000 2   4.674224982765E-12 -1.201234424431E-11
AR GRAC 2024 06 24 02 49 50.000000 2   1.038386824442E-11 -1.507594223071E-11
AR GRAC 2024 06 24 02 50  0.000000 2   6.012888971452E-12 -1.433953910474E-11
AR GRAC 2024 06 24 02 50 10.000000 2   5.811908246334E-12 -1.086313504428E-11
AR GRAC 2024 06 24 02 50 20.000000 2   1.050741871983E-11 -1.841674035497E-11
AR GRAC 2024 06 24 02 50 30.000000 2   2.693855338451E-12  3.929661283875E-12
AR GRAC 2024 06 24 02 50 40.000000 2   3.589490900693E-12 -1.143394233460E-11
AR GRAC 2024 06 24 02 50 50.000000 2   6.409529591106E-12 -1.417754802446E-11
AR GRAC 2024 06 24 02 51  0.000000 2   8.324392390680E-12 -2.409115094915E-11
AR GRAC 2024 06 24 02 51 10.000000 2   6.496238009329E-12 -2.039476400262E-11
AR GRAC 2024 06 24 02 51 20.000000 2   3.466399476487E-12 -1.025837401136E-11
AR GRAC 2024 06 24 02 51 30.000000 2   8.484454458446E-12 -3.931983211247E-12
AR GRAC 2024 06 24 02 51 40.000000 2   4.554603222351E-12 -1.488559622786E-11
AR GRAC 2024 06 24 02 51 50.000000 2   9.163201447615E-12 -8.449211816308E-12
AR GRAC 2024 06 24 02 52  0.000000 2   4.250014836588E-12 -3.502830404206E-12
AR GRAC 2024 06 24 02 52 10.000000 2   8.765184758563E-12 -1.615644770747E-11
AR GRAC 2024 06 24 02 52 20.000000 2   1.075389256810E-11 -1.283006773739E-11
AR GRAC 2024 06 24 02 52 30.000000 2   6.336499033810E-12 -2.963689189894E-12
AR GRAC 2024 06 24 02 52 40.000000 2   8.780491091154E-12  1.383268673216E-11
AR GRAC 2024 06 24 02 52 50.000000 2   5.155510133387E-12 -1.795093587664E-11
AR GRAC 2024 06 24 02 53  0.000000 2   9.874290621270E-12 -1.052456385930E-11
AR GRAC 2024 06 24 02 53 10.000000 2   1.258576663027E-11  6.141808416016E-12
AR GRAC 2024 06 24 02 53 20.000000 2   9.509067144808E-12 -1.073182428341E-11
AR GRAC 2024 06 24 02 53 30.000000 2   4.955469194712E-12 -1.205545299005E-11
AR GRAC 2024 06 24 02 53 40.000000 2   8.089435371561E-12 -9.439086665064E-12
AR GRAC 2024 06 24 02 53 50.000000 2   1.024567757024E-11  2.637278199644E-12
AR GRAC 2024 06 24 02 54  0.000000 2   1.128912501674E-11 -9.426358131559E-12
AR GRAC 2024 06 24 02 54 10.000000 2   8.224877376395E-12 -1.232999726625E-11
AR GRAC 2024 06 24 02 54 20.000000 2   1.231790017209E-11  5.763641517179E-13
AR GRAC 2024 06 24 02 54 30.000000 2   8.180751215336E-12 -1.347279709671E-12
AR GRAC 2024 06 24 02 54 40.000000 2   1.305364323578E-11  1.345907760242E-11
AR GRAC 2024 06 24 02 54 50.000000 2   5.577536262708E-12 -9.054564389932E-12
AR GRAC 2024 06 24 02 55  0.000000 2   9.704926966225E-12  1.077178624076E-11
AR GRAC 2024 06 24 02 55 10.000000 2   1.149917661092E-11 -6.271857599244E-12
AR GRAC 2024 06 24 02 55 20.000000 2   8.047363990460E-12 -7.035508026859E-12
AR GRAC 2024 06 24 02 55 30.000000 2   1.133242111262E-11  2.320840134656E-12
AR GRAC 2024 06 24 02 55 40.000000 2   6.634529297472E-12  3.977186201903E-12
AR GRAC 2024 06 24 02 55 50.000000 2   1.366510724021E-11  1.120353202572E-11
AR GRAC 2024 06 24 02 56  0.000000 2   1.049384711072E-11 -7.300124914289E-12
AR GRAC 2024 06 24 02 56 10.000000 2   8.322628176904E-12 -7.937816528213E-13
AR GRAC 2024 06 24 02 56 20.000000 2   1.043320638217E-11 -9.097439815364E-12
AR GRAC 2024 06 24 02 56 30.000000 2   9.235783145212E-12  2.588889866373E-11
AR GRAC 2024 06 24 02 56 40.000000 2   1.224427417096E-11  4.535235902103E-12
AR GRAC 2024 06 24 02 56 50.000000 2   1.237207211680E-11  9.441570789082E-12
AR GRAC 2024 06 24 02 57  0.000000 2   9.152414937041E-12  1.727906446397E-12
AR GRAC 2024 06 24 02 57 10.000000 2   1.495249410399E-11 -1.453576408544E-11
AR GRAC 2024 06 24 02 57 20.000000 2   1.026717079411E-11  3.970569966566E-12
AR GRAC 2024 06 24 02 57 30.000000 2   1.720092644708E-11  2.566896998776E-12
AR GRAC 2024 06 24 02 57 40.000000 2   1.248993790337E-11  1.239322620222E-11
AR GRAC 2024 06 24 02 57 50.000000 2   1.462803489449E-11  1.489955207823E-11
AR GRAC 2024 06 24 02 58  0.000000 2   1.457239537372E-11  1.941587515764E-11
AR GRAC 2024 06 24 02 58 10.000000 2   1.092526850238E-11 -1.395780106078E-11
AR GRAC 2024 06 24 02 58 20.000000 2   1.154930578257E-11  7.538518420613E-12
AR GRAC 2024 06 24 02 58 30.000000 2   1.677069247363E-11  2.330483896140E-11
AR GRAC 2024 06 24 02 58 40.000000 2   1.651805775493E-11  7.631155256316E-12
AR GRAC 2024 06 24 02 58 50.000000 2   1.424727003041E-11  1.132747194654E-11
AR GRAC 2024 06 24 02 59  0.000000 2   1.254955514507E-11  5.923786201151E-12
AR GRAC 2024 06 24 02 59 10.000000 2   1.281588724034E-11  1.576009982240E-11
AR GRAC 2024 06 24 02 59 20.000000 2   2.116054727275E-11  6.409616049453E-15
AR GRAC 2024 06 24 02 59 30.000000 2   1.450048935092E-11  9.352719987366E-12
AR GRAC 2024 06 24 02 59 40.000000 2   1.709082354806E-11  9.179028197248E-12
AR GRAC 2024 06 24 02 59 50.000000 2   1.409046924278E-11  8.475334149771E-12
AR GRAC 2024 06 24 03 00  0.000000 2   1.710610819661E-11  4.851638622100E-12
AR GRAC 2024 06 24 03 00 10.000000 2   1.293801090568E-11  2.274794068391E-11
AR GRAC 2024 06 24 03 00 20.000000 2   2.091202384868E-11  7.444244005950E-12
AR GRAC 2024 06 24 03 00 30.000000 2   1.501853676145E-11  1.245054146587E-11
AR GRAC 2024 06 24 03 00 40.000000 2   1.862237967998E-11  8.296838042987E-12
AR GRAC 2024 06 24 03 00 50.000000 2   1.568088194015E-11  1.564313782676E-11
AR GRAC 2024 06 24 03 01  0.000000 2   1.428510695151E-11  1.943943096772E-11
AR GRAC 2024 06 24 03 01 10.000000 2   1.958320658413E-11  6.885726364092E-12
AR GRAC 2024 06 24 03 01 20.000000 2   1.831248867823E-11  1.348201585094E-11
AR GRAC 2024 06 24 03 01 30.000000 2   1.509814148704E-11  9.308303260125E-12
AR GRAC 2024 06 24 03 01 40.000000 2   1.856056107419E-11  1.874459268358E-11
AR GRAC 2024 06 24 03 01 50.000000 2   2.099170663683E-11  2.563087936336E-11
AR GRAC 2024 06 24 03 02  0.000000 2   1.997390274011E-11  1.517716508026E-11
AR GRAC 2024 06 24 03 02 10.000000 2   2.247664381005E-11  1.474344778207E-11
AR GRAC 2024 06 24 03 02 20.000000 2   1.819438349981E-11  1.889972900404E-11
AR GRAC 2024 06 24 03 02 30.000000 2   1.722658821146E-11  2.099601048577E-11
AR GRAC 2024 06 24 03 02 40.000000 2   1.500204648008E-11  1.029228785532E-11
AR GRAC 2024 06 24 03 02 50.000000 2   1.685333816948E-11  2.028856423142E-11
AR GRAC 2024 06 24 03 03  0.000000 2   2.073116678325E-11  1.097484169515E-11
AR GRAC 2024 06 24 03 03 10.000000 2   1.805128269083E-11  2.434111245897E-11
AR GRAC 2024 06 24 03 03 20.000000 2   2.182663598471E-11  2.254738409868E-11
AR GRAC 2024 06 24 03 03 30.000000 2   1.683672298802E-11  1.347365535115E-11
AR GRAC 2024 06 24 03 03 40.000000 2   2.281864454334E-11  2.112992246450E-11
AR GRAC 2024 06 24 03 03 50.000000 2   1.949108409394E-11  2.336618919185E-11
AR GRAC 2024 06 24 03 04  0.000000 2   2.184256421567E-11  1.913245430141E-11
AR GRAC 2024 06 24 03 04 10.000000 2   2.183359743002E-11  2.648871920419E-11
AR GRAC 2024 06 24 03 04 20.000000 2   2.281291301698E-11  1.903498018929E-11
AR GRAC 2024 06 24 03 04 30.000000 2   1.872072809272E-11  1.509124075705E-11
AR GRAC 2024 06 24 03 04 40.000000 2   1.786439919604E-11  7.367498104649E-12
AR GRAC 2024 06 24 03 04 50.000000 2   2.361040356280E-11  2.677375682270E-11
AR GRAC 2024 06 24 03 05  0.000000 2   1.849876675453E-11  2.599001222570E-11
AR GRAC 2024 06 24 03 05 10.000000 2   2.528273770896E-11  3.954626209834E-11
AR GRAC 2024 06 24 03 05 20.000000 2   1.877285479845E-11  1.779251745937E-11
AR GRAC 2024 06 24 03 05 30.000000 2   1.752666588251E-11  1.564876700444E-11
AR GRAC 2024 06 24 03 05 40.000000 2   2.102794501024E-11  3.115501606699E-11
AR GRAC 2024 06 24 03 05 50.000000 2   1.557914387773E-11  1.886126324568E-11
AR GRAC 2024 06 24 03 06  0.000000 2   2.120639427949E-11  1.502750875126E-11
AR GRAC 2024 06 24 03 06 10.000000 2   2.197731406584E-11  2.191375379768E-11
AR GRAC 2024 06 24 03 06 20.000000 2   1.977640447237E-11  3.328999229057E-11
AR GRAC 2024 06 24 03 06 30.000000 2   2.297975525145E-11  1.387623523030E-11
AR GRAC 2024 06 24 03 06 40.000000 2   2.378091647215E-11  1.201247521593E-11
AR GRAC 2024 06 24 03 06 50.000000 2   2.431797818669E-11  3.372871079654E-11
AR GRAC 2024 06 24 03 07  0.000000 2   2.426235774788E-11  1.747494857152E-11
AR GRAC 2024 06 24 03 07 10.000000 2   2.267233449593E-11  2.234118098854E-11
AR GRAC 2024 06 24 03 07 20.000000 2   2.499123477606E-11  3.697741418618E-11
AR GRAC 2024 06 24 03 07 30.000000 2   2.043361313486E-11  3.014364452492E-11
AR GRAC 2024 06 24 03 07 40.000000 2   2.394475416556E-11  2.884987561347E-11
AR GRAC 2024 06 24 03 07 50.000000 2   2.991110484296E-11  1.207609966886E-11
AR GRAC 2024 06 24 03 08  0.000000 2   1.968860491308E-11  3.617232555153E-11
AR GRAC 2024 06 24 03 08 10.000000 2   2.529619222424E-11  3.130854950295E-11
AR GRAC 2024 06 24 03 08 20.000000 2   1.953457881565E-11  1.287477242873E-11
AR GRAC 2024 06 24 03 08 30.000000 2   2.997325651566E-11  2.172099305975E-11
AR GRAC 2024 06 24 03 08 40.000000 2   2.301004525807E-11  3.475721446766E-11
AR GRAC 2024 06 24 03 08 50.000000 2   2.809731787512E-11  4.691342800345E-11
AR GRAC 2024 06 24 03 09  0.000000 2   2.571640470017E-11  2.064964692294E-11
AR GRAC 2024 06 24 03 09 10.000000 2   2.312290463269E-11  1.862585953527E-11
AR GRAC 2024 06 24 03 09 20.000000 2   2.605379627318E-11  3.782207186331E-11
AR GRAC 2024 06 24 03 09 30.000000 2   2.391353955133E-11  2.528828535464E-11
AR GRAC 2024 06 24 03 09 40.000000 2   2.254050071593E-11  3.335449624831E-11
AR GRAC 2024 06 24 03 09 50.000000 2   3.100637455122E-11  1.685070138979E-11
AR GRAC 2024 06 24 03 10  0.000000 2   2.516904913652E-11  2.550690735015E-11
AR GRAC 2024 06 24 03 10 10.000000 2   2.848622206175E-11  3.467311160410E-11
AR GRAC 2024 06 24 03 10 20.000000 2   2.761435004273E-11  2.968931350766E-11
AR GRAC 2024 06 24 03 10 30.000000 2   2.451843936213E-11  2.771551564640E-11
AR GRAC 2024 06 24 03 10 40.000000 2   2.983389577049E-11  2.264171662658E-11
AR GRAC 2024 06 24 03 10 50.000000 2   2.555162158246E-11  3.518791161228E-11
AR GRAC 2024 06 24 03 11  0.000000 2   2.887705005672E-11  3.370411241765E-11
AR GRAC 2024 06 24 03 11 10.000000 2   2.903406681742E-11  3.355030142593E-11
AR GRAC 2024 06 24 03 11 20.000000 2   2.721163745723E-11  3.298649894901E-11
AR GRAC 2024 06 24 03 11 30.000000 2   2.376553988326E-11  1.824268860973E-11
AR GRAC 2024 06 24 03 11 40.000000 2   2.732996641497E-11  3.125887743094E-11
AR GRAC 2024 06 24 03 11 50.000000 2   2.305141667824E-11  3.188506750296E-11
AR GRAC 2024 06 24 03 12  0.000000 2   2.532517077991E-11  4.171125250751E-11
AR GRAC 2024 06 24 03 12 10.000000 2   2.288165837361E-11  3.016743799211E-11
AR GRAC 2024 06 24 03 12 20.000000 2   3.064077117032E-11  3.171362131238E-11
AR GRAC 2024 06 24 03 12 30.000000 2   2.735096177320E-11  4.469980288691E-11
AR GRAC 2024 06 24 03 12 40.000000 2   2.652767935873E-11  3.393598249635E-11
AR GRAC 2024 06 24 03 12 50.000000 2   2.591275978514E-11  2.669216063456E-11
AR GRAC 2024 06 24 03 13  0.000000 2   2.907396025320E-11  3.029833675616E-11
AR GRAC 2024 06 24 03 13 10.000000 2   3.002447596101E-11  4.374451495481E-11
AR GRAC 2024 06 24 03 13 20.000000 2   2.372380590587E-11  3.710068363638E-11
AR GRAC 2024 06 24 03 13 30.000000 2   3.283331939663E-11  1.309685693229E-11
AR GRAC 2024 06 24 03 13 40.000000 2   3.116201047204E-11  3.697302880523E-11
AR GRAC 2024 06 24 03 13 50.000000 2   2.756668331105E-11  1.997919538144E-11
AR GRAC 2024 06 24 03 14  0.000000 2   2.590314247819E-11  3.064536124864E-11
AR GRAC 2024 06 24 03 14 10.000000 2   3.089462019545E-11  3.389152847255E-11
AR GRAC 2024 06 24 03 14 20.000000 2   3.143139915007E-11  3.809768819862E-11
AR GRAC 2024 06 24 03 14 30.000000 2   2.970562337778E-11  4.822385199499E-11
AR GRAC 2024 06 24 03 14 40.000000 2   2.336852586438E-11  4.031001227256E-11
AR GRAC 2024 06 24 03 14 50.000000 2   3.472406043259E-11  2.122617186184E-11
AR GRAC 2024 06 24 03 15  0.000000 2   2.355104999907E-11  4.337232656360E-11
AR GRAC 2024 06 24 03 15 10.000000 2   2.670798304738E-11  2.534848372870E-11
AR GRAC 2024 06 24 03 15 20.000000 2   2.680057738236E-11  4.383463730884E-11
AR GRAC 2024 06 24 03 15 30.000000 2   2.701907100833E-11  3.618078753265E-11
AR GRAC 2024 06 24 03 15 40.000000 2   2.802074024200E-11  3.169694021143E-11
AR GRAC 2024 06 24 03 15 50.000000 2   3.150394181639E-11  3.928308719980E-11
AR GRAC 2024 06 24 03 16  0.000000 2   3.136051140995E-11  3.880923360455E-11
AR GRAC 2024 06 24 03 16 10.000000 2   2.986131134031E-11  3.075538088093E-11
AR GRAC 2024 06 24 03 16 20.000000 2   2.843463658975E-11  4.017152235858E-11
AR GRAC 2024 06 24 03 16 30.000000 2   2.612360675003E-11  3.044766522242E-11
AR GRAC 2024 06 24 03 16 40.000000 2   3.345061033722E-11  5.347380524490E-11
AR GRAC 2024 06 24 03 16 50.000000 2   2.552291711311E-11  3.074994425756E-11
AR GRAC 2024 06 24 03 17  0.000000 2   2.977664989579E-11  2.620608244297E-11
AR GRAC 2024 06 24 03 17 10.000000 2   2.956891675954E-11  2.847221763913E-11
AR GRAC 2024 06 24 03 17 20.000000 2   2.945488297712E-11  4.045835194644E-11
AR GRAC 2024 06 24 03 17 30.000000 2   2.455525886791E-11  4.226448357958E-11
AR GRAC 2024 06 24 03 17 40.000000 2   2.938172621869E-11  3.947061427700E-11
AR GRAC 2024 06 24 03 17 50.000000 2   2.833226535326E-11  3.177674443022E-11
AR GRAC 2024 06 24 03 18  0.000000 2   2.626729563027E-11  3.796286895952E-11
AR GRAC 2024 06 24 03 18 10.000000 2   3.115951593968E-11  2.980899901917E-11
AR GRAC 2024 06 24 03 18 20.000000 2   2.891462243249E-11  4.039512474519E-11
AR GRAC 2024 06 24 03 18 30.000000 2   2.109443696108E-11  4.062124595028E-11
AR GRAC 2024 06 24 03 18 40.000000 2   2.904317931984E-11  2.941736437778E-11
AR GRAC 2024 06 24 03 18 50.000000 2   2.340561425229E-11  4.181348670085E-11
AR GRAC 2024 06 24 03 19  0.000000 2   3.006996388000E-11  2.146960040306E-11
AR GRAC 2024 06 24 03 19 10.000000 2   2.935590312503E-11  3.497571676725E-11
AR GRAC 2024 06 24 03 19 20.000000 2   2.160245073102E-11  4.386183083405E-11
AR GRAC 2024 06 24 03 19 30.000000 2   2.580394752039E-11  2.640794354025E-11
AR GRAC 2024 06 24 03 19 40.000000 2   2.682201856452E-11  4.807405515339E-11
AR GRAC 2024 06 24 03 19 50.000000 2   2.706361350302E-11  3.157016315036E-11
AR GRAC 2024 06 24 03 20  0.000000 2   2.411763150301E-11  4.143627108100E-11
AR GRAC 2024 06 24 03 20 10.000000 2   2.838299213714E-11  3.241237833684E-11
AR GRAC 2024 06 24 03 20 20.000000 2   2.560117222383E-11  2.571848116417E-11
AR GRAC 2024 06 24 03 20 30.000000 2   2.417479064154E-11  3.420458360992E-11
AR GRAC 2024 06 24 03 20 40.000000 2   2.406771656971E-11  4.386068591655E-11
AR GRAC 2024 06 24 03 20 50.000000 2   2.423424655396E-11  3.960678660042E-11
AR GRAC 2024 06 24 03 21  0.000000 2   2.629498008222E-11  3.274288479238E-11
AR GRAC 2024 06 24 03 21 10.000000 2   1.944077711313E-11  3.248897678665E-11
AR GRAC 2024 06 24 03 21 20.000000 2   2.603465186490E-11  4.943507408983E-11
AR GRAC 2024 06 24 03 21 30.000000 2   2.381351713043E-11  3.834116704682E-11
AR GRAC 2024 06 24 03 21 40.000000 2   2.447453177623E-11  3.278725554945E-11
AR GRAC 2024 06 24 03 21 50.000000 2   1.846954533757E-11  4.258334657115E-11
AR GRAC 2024 06 24 03 22  0.000000 2   2.159575816785E-11  2.381943600693E-11
AR GRAC 2024 06 24 03 22 10.000000 2   2.749589098072E-11  3.450552343853E-11
AR GRAC 2024 06 24 03 22 20.000000 2   2.295371184791E-11  2.819160703493E-11
AR GRAC 2024 06 24 03 22 30.000000 2   1.905513594136E-11  2.194769019304E-11
AR GRAC 2024 06 24 03 22 40.000000 2   2.518336407464E-11  4.712377363325E-11
AR GRAC 2024 06 24 03 22 50.000000 2   2.582932479012E-11  3.747984908542E-11
AR GRAC 2024 06 24 03 23  0.000000 2   2.246932154226E-11  4.332592964951E-11
AR GRAC 2024 06 24 03 23 10.000000 2   2.345710084506E-11  2.828200347527E-11
AR GRAC 2024 06 24 03 23 20.000000 2   2.585438287073E-11  3.159808178999E-11
AR GRAC 2024 06 24 03 23 30.000000 2   1.866824403396E-11  3.473415305377E-11
AR GRAC 2024 06 24 03 23 40.000000 2   1.744768912681E-11  2.944022456375E-11
AR GRAC 2024 06 24 03 23 50.000000 2   1.858987096204E-11  4.042629425660E-11
AR GRAC 2024 06 24 03 24  0.000000 2   2.554293408730E-11  3.110236720949E-11
AR GRAC 2024 06 24 03 24 10.000000 2   2.249166998480E-11  3.572843063071E-11
AR GRAC 2024 06 24 03 24 20.000000 2   2.134498827688E-11  3.297449466255E-11
AR GRAC 2024 06 24 03 24 30.000000 2   1.602824123426E-11  4.414055926327E-11
AR GRAC 2024 06 24 03 24 40.000000 2   2.280975928970E-11  3.441662232984E-11
AR GRAC 2024 06 24 03 24 50.000000 2   2.306847594891E-11  4.111267923324E-11
AR GRAC 2024 06 24 03 25  0.000000 2   1.341698974144E-11  2.230873819009E-11
AR GRAC 2024 06 24 03 25 10.000000 2   1.685833937726E-11  2.901479577433E-11
AR GRAC 2024 06 24 03 25 20.000000 2   2.172308860571E-11  3.412085197718E-11
AR GRAC 2024 06 24 03 25 30.000000 2   1.863731738383E-11  3.337690540617E-11
AR GRAC 2024 06 24 03 25 40.000000 2   1.797352197630E-11  4.715295862101E-11
AR GRAC 2024 06 24 03 25 50.000000 2   1.834851888483E-11  2.958900485739E-11
AR GRAC 2024 06 24 03 26  0.000000 2   1.356148353338E-11  3.808505247282E-11
AR GRAC 2024 06 24 03 26 10.000000 2   2.271538512844E-11  4.460110059057E-11
AR GRAC 2024 06 24 03 26 20.000000 2   1.834972104819E-11  3.443714410856E-11
AR GRAC 2024 06 24 03 26 30.000000 2   1.472976254857E-11  4.396319072675E-11
AR GRAC 2024 06 24 03 26 40.000000 2   9.893105432091E-12  3.156923333858E-11
AR GRAC 2024 06 24 03 26 50.000000 2   1.456709232406E-11  3.757527275439E-11
AR GRAC 2024 06 24 03 27  0.000000 2   1.713572686524E-11  3.306131063363E-11
AR GRAC 2024 06 24 03 27 10.000000 2   1.333050510255E-11  3.771735007652E-11
AR GRAC 2024 06 24 03 27 20.000000 2   1.523796019920E-11  3.518338398401E-11
AR GRAC 2024 06 24 03 27 30.000000 2   1.321409301425E-11  2.358942034764E-11
AR GRAC 2024 06 24 03 27 40.000000 2   1.660632742428E-11  2.895545088422E-11
AR GRAC 2024 06 24 03 27 50.000000 2   1.333439608731E-11  3.087147898428E-11
AR GRAC 2024 06 24 03 28  0.000000 2   9.034631549831E-12  4.389750715705E-11
AR GRAC 2024 06 24 03 28 10.000000 2   1.416730708442E-11  3.065353873510E-11
AR GRAC 2024 06 24 03 28 20.000000 2   1.255167150771E-11  3.478956359104E-11
AR GRAC 2024 06 24 03 28 30.000000 2   6.273221525577E-12  3.000558482236E-11
AR GRAC 2024 06 24 03 28 40.000000 2   7.997318952901E-12  3.594160732923E-11
AR GRAC 2024 06 24 03 28 50.000000 2   1.539839089570E-11  3.264763112631E-11
AR GRAC 2024 06 24 03 29  0.000000 2   5.444588356551E-12  3.098364967369E-11
AR GRAC 2024 06 24 03 29 10.000000 2   1.411135704815E-11  3.283966501511E-11
AR GRAC 2024 06 24 03 29 20.000000 2   6.898480484768E-12  2.600568198285E-11
AR GRAC 2024 06 24 03 29 30.000000 2   9.936824800494E-12  2.515169669759E-11
AR GRAC 2024 06 24 03 29 40.000000 2   9.777725504256E-12  4.525771077346E-11
AR GRAC 2024 06 24 03 29 50.000000 2   6.431574890720E-12  3.662371794722E-11
AR GRAC 2024 06 24 03 30  0.000000 2   8.597188065618E-12  3.675973067607E-11
AR GRAC 2024 06 24 03 30 10.000000 2   1.065565344294E-11  3.224573733029E-11
AR GRAC 2024 06 24 03 30 20.000000 2   8.617295245428E-12  2.688174335908E-11
AR GRAC 2024 06 24 03 30 30.000000 2   5.350620554262E-12  2.989774400275E-11
AR GRAC 2024 06 24 03 30 40.000000 2   9.227891020758E-12  2.557374971512E-11
AR GRAC 2024 06 24 03 30 50.000000 2   7.080914413843E-12  2.987975145086E-11
AR GRAC 2024 06 24 03 31  0.000000 2   7.036264366295E-12  2.312574957919E-11
AR GRAC 2024 06 24 03 31 10.000000 2   3.480268156997E-12  4.278174689509E-11
AR GRAC 2024 06 24 03 31 20.000000 2   4.424452991481E-12  3.496774397815E-11
AR GRAC 2024 06 24 03 31 30.000000 2   6.980798751555E-12  3.612373941642E-11
AR GRAC 2024 06 24 03 31 40.000000 2   2.337723114046E-12  3.347972940548E-11
AR GRAC 2024 06 24 03 31 50.000000 2   7.509059346544E-12  2.597572330842E-11
AR GRAC 2024 06 24 03 32  0.000000 2   4.014512246936E-12  2.181171042392E-11
AR GRAC 2024 06 24 03 32 10.000000 2   6.949077598073E-12  3.288769950816E-11
AR GRAC 2024 06 24 03 32 20.000000 2   8.478908764334E-13  2.587368513884E-11
AR GRAC 2024 06 24 03 32 30.000000 2   5.008397125847E-13  2.236967035218E-11
AR GRAC 2024 06 24 03 32 40.000000 2   1.697419440248E-12  3.160565559268E-11
AR GRAC 2024 06 24 03 32 50.000000 2   4.942892883192E-12  3.244163271354E-11
AR GRAC 2024 06 24 03 33  0.000000 2   3.130551807368E-12  1.523761498923E-11
AR GRAC 2024 06 24 03 33 10.000000 2   2.037809157529E-12  3.111359087038E-11
AR GRAC 2024 06 24 03 33 20.000000 2  -8.560381136585E-13  3.297957046344E-11
AR GRAC 2024 06 24 03 33 30.000000 2  -2.735035288526E-12  2.896554350540E-11
AR GRAC 2024 06 24 03 33 40.000000 2   6.963284115979E-13  2.365151650918E-11
AR GRAC 2024 06 24 03 33 50.000000 2  -2.086328939471E-12  3.230748654715E-11
AR GRAC 2024 06 24 03 34  0.000000 2   6.922804885769E-13  2.634345866448E-11
AR GRAC 2024 06 24 03 34 10.000000 2   7.113538274053E-13  3.277942500768E-11
AR GRAC 2024 06 24 03 34 20.000000 2  -1.621868980263E-12  3.543539420225E-11
AR GRAC 2024 06 24 03 34 30.000000 2  -2.107854472563E-12  2.956135683463E-11
AR GRAC 2024 06 24 03 34 40.000000 2  -6.051157838693E-12  2.480731939314E-11
AR GRAC 2024 06 24 03 34 50.000000 2  -4.879540348168E-12  2.505328410007E-11
AR GRAC 2024 06 24 03 35  0.000000 2   1.520454985873E-12  3.003924539668E-11
AR GRAC 2024 06 24 03 35 10.000000 2  -3.411430860023E-12  2.817520175502E-11
AR GRAC 2024 06 24 03 35 20.000000 2  -9.327505781642E-12  2.444115916600E-11
AR GRAC 2024 06 24 03 35 30.000000 2  -5.375172529298E-12  2.960711190103E-11
AR GRAC 2024 06 24 03 35 40.000000 2  -2.279944028710E-12  2.385306535624E-11
AR GRAC 2024 06 24 03 35 50.000000 2  -5.349844699187E-12  1.769901759874E-11
AR GRAC 2024 06 24 03 36  0.000000 2  -9.188032279450E-12  1.727496617976E-11
AR GRAC 2024 06 24 03 36 10.000000 2  -1.753091812343E-12  2.309091633179E-11
AR GRAC 2024 06 24 03 36 20.000000 2  -1.341921192222E-11  2.990686517879E-11
AR GRAC 2024 06 24 03 36 30.000000 2   2.499305016418E-13  2.703281001826E-11
AR GRAC 2024 06 24 03 36 40.000000 2  -1.156230926974E-11  2.752875358225E-11
AR GRAC 2024 06 24 03 36 50.000000 2  -1.315568747690E-11  2.300469363614E-11
AR GRAC 2024 06 24 03 37  0.000000 2  -7.146630075922E-12  2.498063388090E-11
AR GRAC 2024 06 24 03 37 10.000000 2  -8.782071424240E-12  2.471657253866E-11
AR GRAC 2024 06 24 03 37 20.000000 2  -9.365410356954E-12  2.475251080492E-11
AR GRAC 2024 06 24 03 37 30.000000 2  -6.648507265561E-12  2.538445365366E-12
AR GRAC 2024 06 24 03 37 40.000000 2  -1.099208311178E-11  3.326438083318E-11
AR GRAC 2024 06 24 03 37 50.000000 2  -1.067931507115E-11  3.658031169640E-11
AR GRAC 2024 06 24 03 38  0.000000 2  -1.145735069319E-11  2.518624198089E-11
AR GRAC 2024 06 24 03 38 10.000000 2  -1.020259137591E-11  2.670216998901E-11
AR GRAC 2024 06 24 03 38 20.000000 2  -1.361459122523E-11  1.993809804757E-11
AR GRAC 2024 06 24 03 38 30.000000 2  -1.810807753744E-11  2.298402267120E-11
AR GRAC 2024 06 24 03 38 40.000000 2  -1.391712179527E-11  3.697994688245E-11
AR GRAC 2024 06 24 03 38 50.000000 2  -8.766836215313E-12  2.783587076116E-11
AR GRAC 2024 06 24 03 39  0.000000 2  -1.310436655022E-11  2.149179098576E-11
AR GRAC 2024 06 24 03 39 10.000000 2  -1.335689111398E-11  2.045771017867E-11
AR GRAC 2024 06 24 03 39 20.000000 2  -1.694374501815E-11  1.612362673931E-11
AR GRAC 2024 06 24 03 39 30.000000 2  -1.675484750940E-11  2.378954325200E-11
AR GRAC 2024 06 24 03 39 40.000000 2  -1.067964119916E-11  2.863545511822E-11
AR GRAC 2024 06 24 03 39 50.000000 2  -1.228766047245E-11  2.834136918206E-11
AR GRAC 2024 06 24 03 40  0.000000 2  -1.537018602671E-11  1.792727945260E-11
AR GRAC 2024 06 24 03 40 10.000000 2  -1.377881749670E-11  1.063318877392E-11
AR GRAC 2024 06 24 03 40 20.000000 2  -2.137998111884E-11  1.819909847822E-11
AR GRAC 2024 06 24 03 40 30.000000 2  -1.377846534784E-11  2.856500279369E-11
AR GRAC 2024 06 24 03 40 40.000000 2  -2.031043389028E-11  2.210090617460E-11
AR GRAC 2024 06 24 03 40 50.000000 2  -2.050661376818E-11  2.467680747242E-11
AR GRAC 2024 06 24 03 41  0.000000 2  -1.790065491669E-11  3.932271175344E-11
AR GRAC 2024 06 24 03 41 10.000000 2  -1.874160722448E-11  1.299861000087E-11
AR GRAC 2024 06 24 03 41 20.000000 2  -1.566823407129E-11  2.645450698779E-11
AR GRAC 2024 06 24 03 41 30.000000 2  -2.526565935634E-11  7.204026329470E-13
AR GRAC 2024 06 24 03 41 40.000000 2  -1.805494122264E-11  3.169629836375E-11
AR GRAC 2024 06 24 03 41 50.000000 2  -2.141387588084E-11  3.385219188301E-11
AR GRAC 2024 06 24 03 42  0.000000 2  -1.691678915006E-11  8.078079871687E-12
AR GRAC 2024 06 24 03 42 10.000000 2  -1.700450717734E-11  3.349397148522E-11
AR GRAC 2024 06 24 03 42 20.000000 2  -2.141691164692E-11  1.691985787589E-11
AR GRAC 2024 06 24 03 42 30.000000 2  -1.994875792333E-11  1.710574563940E-11
AR GRAC 2024 06 24 03 42 40.000000 2  -2.611425485577E-11  1.901162734186E-11
AR GRAC 2024 06 24 03 42 50.000000 2  -2.438694385321E-11  2.060751222444E-11
AR GRAC 2024 06 24 03 43  0.000000 2  -1.947480024467E-11  2.413339493523E-11
AR GRAC 2024 06 24 03 43 10.000000 2  -1.960766618514E-11  1.735927200597E-11
AR GRAC 2024 06 24 03 43 20.000000 2  -1.670225416306E-11  2.204515042736E-11
AR GRAC 2024 06 24 03 43 30.000000 2  -2.062186012231E-11  1.761102548514E-11
AR GRAC 2024 06 24 03 43 40.000000 2  -2.296028818460E-11  2.279690151930E-11
AR GRAC 2024 06 24 03 43 50.000000 2  -2.401693253995E-11  9.912776328946E-12
AR GRAC 2024 06 24 03 44  0.000000 2  -2.087392932115E-11  2.821864616975E-11
AR GRAC 2024 06 24 03 44 10.000000 2  -2.395343125239E-11  1.464451476751E-11
AR GRAC 2024 06 24 03 44 20.000000 2  -2.464779942646E-11  1.974038467412E-11
AR GRAC 2024 06 24 03 44 30.000000 2  -2.380587220407E-11  2.000625012877E-11
AR GRAC 2024 06 24 03 44 40.000000 2  -2.549116126516E-11  1.741211688722E-11
AR GRAC 2024 06 24 03 44 50.000000 2  -2.246146151019E-11  3.017797817195E-11
AR GRAC 2024 06 24 03 45  0.000000 2  -2.595012919826E-11  2.055384161481E-11
AR GRAC 2024 06 24 03 45 10.000000 2  -2.658460084015E-11  1.118970020808E-11
AR GRAC 2024 06 24 03 45 20.000000 2  -2.691779611708E-11  4.495558005718E-12
AR GRAC 2024 06 24 03 45 30.000000 2  -3.071668960852E-11  3.101141565764E-11
AR GRAC 2024 06 24 03 45 40.000000 2  -2.101593898907E-11  1.239727071001E-11
AR GRAC 2024 06 24 03 45 50.000000 2  -2.532983892078E-11  2.163312411152E-11
AR GRAC 2024 06 24 03 46  0.000000 2  -2.536722221169E-11  1.697897725195E-11
AR GRAC 2024 06 24 03 46 10.000000 2  -3.189400132886E-11  7.214825091528E-12
AR GRAC 2024 06 24 03 46 20.000000 2  -3.046099136816E-11  2.775067502181E-11
AR GRAC 2024 06 24 03 46 30.000000 2  -2.531115247950E-11  1.294652059169E-11
AR GRAC 2024 06 24 03 46 40.000000 2  -3.002348022974E-11  1.512365536624E-12
AR GRAC 2024 06 24 03 46 50.000000 2  -2.917508595823E-11  2.932820999946E-11
AR GRAC 2024 06 24 03 47  0.000000 2  -2.889170500064E-11  1.004405066063E-11
AR GRAC 2024 06 24 03 47 10.000000 2  -2.355637560014E-11  2.430989264057E-11
AR GRAC 2024 06 24 03 47 20.000000 2  -3.218090377510E-11 -5.934269135116E-12
AR GRAC 2024 06 24 03 47 30.000000 2  -3.081878155453E-11  2.527156782450E-11
AR GRAC 2024 06 24 03 47 40.000000 2  -2.258320960791E-11  2.488740116768E-11
AR GRAC 2024 06 24 03 47 50.000000 2  -2.140565676101E-11 -4.936763671470E-12
AR GRAC 2024 06 24 03 48  0.000000 2  -3.252085059580E-11 -3.860933274480E-12
AR GRAC 2024 06 24 03 48 10.000000 2  -3.158939082537E-11  3.207489829293E-11
AR GRAC 2024 06 24 03 48 20.000000 2  -2.567723637881E-11  2.505072711767E-11
AR GRAC 2024 06 24 03 48 30.000000 2  -3.146726282321E-11  3.176555156068E-12
AR GRAC 2024 06 24 03 48 40.000000 2  -2.975689139539E-11  3.082380704844E-12
AR GRAC 2024 06 24 03 48 50.000000 2  -2.399298121292E-11  1.844820476937E-11
AR GRAC 2024 06 24 03 49  0.000000 2  -2.988310293661E-11  1.394402562166E-11
AR GRAC 2024 06 24 03 49 10.000000 2  -2.552302640069E-11  2.269984721026E-11
AR GRAC 2024 06 24 03 49 20.000000 2  -2.997431122753E-11  1.447566372326E-11
AR GRAC 2024 06 24 03 49 30.000000 2  -2.756813180516E-11 -3.318516251724E-12
AR GRAC 2024 06 24 03 49 40.000000 2  -2.966597800746E-11  1.270729788755E-11
AR GRAC 2024 06 24 03 49 50.000000 2  -2.779231358940E-11  1.431311232730E-11
