 2.00 C RINEX VERSION / TYPE
 10.00 INTERVAL
 1 AR # / TYPES OF DATA
 END OF HEADER
AR GRAC 2024 06 03 01 50  0.000000 2   3.693922945303E-11  3.324528846660E-11
AR GRAC 2024 06 03 01 50 10.000000 2   3.926711733548E-11  1.960109158317E-11
AR GRAC 2024 06 03 01 50 20.000000 2   3.868567619025E-11  3.038689785906E-11
AR GRAC 2024 06 03 01 50 30.000000 2   3.836411743841E-11  2.284269821906E-11
AR GRAC 2024 06 03 01 50 40.000000 2   4.116186211323E-11  3.228850173342E-11
AR GRAC 2024 06 03 01 50 50.000000 2   4.190920180336E-11  2.589429885791E-11
AR GRAC 2024 06 03 01 51  0.000000 2   3.952837709931E-11  2.788009753618E-11
AR GRAC 2024 06 03 01 51 10.000000 2   3.951216437370E-11  2.776589722031E-11
AR GRAC 2024 06 03 01 51 20.000000 2   3.701614709195E-11  2.635169339682E-11
AR GRAC 2024 06 03 01 51 30.000000 2   4.292467076228E-11  3.440748727601E-11
AR GRAC 2024 06 03 01 51 40.000000 2   3.856693783777E-11  2.019328107505E-11
AR GRAC 2024 06 03 01 51 50.000000 2   3.865873940412E-11  3.745907403707E-11
AR GRAC 2024 06 03 01 52  0.000000 2   4.128895836342E-11  1.952486436418E-11
AR GRAC 2024 06 03 01 52 10.000000 2   3.967178668907E-11  1.861065641873E-11
AR GRAC 2024 06 03 01 52 20.000000 2   3.616303437259E-11  3.141644583371E-11
AR GRAC 2024 06 03 01 52 30.000000 2   4.284953294964E-11  3.052223404576E-11
AR GRAC 2024 06 03 01 52 40.000000 2   4.113822477114E-11  2.234802100320E-11
AR GRAC 2024 06 03 01 52 50.000000 2   4.240316431314E-11  2.732380467718E-11
AR GRAC 2024 06 03 01 53  0.000000 2   3.894411876315E-11  5.486958803980E-11
AR GRAC 2024 06 03 01 53 10.000000 2   4.275606257931E-11  3.065537407254E-11
AR GRAC 2024 06 03 01 53 20.000000 2   4.218773941300E-11  3.545115589976E-11
AR GRAC 2024 06 03 01 53 30.000000 2   4.199355793655E-11  2.342693747326E-11
AR GRAC 2024 06 03 01 53 40.000000 2   3.967429509921E-11  3.365271603051E-11
AR GRAC 2024 06 03 01 53 50.000000 2   3.932331196776E-11  3.143849416909E-11
AR GRAC 2024 06 03 01 54  0.000000 2   4.327892211275E-11  3.694427055945E-11
AR GRAC 2024 06 03 01 54 10.000000 2   3.909780138533E-11  2.447004578132E-11
AR GRAC 2024 06 03 01 54 20.000000 2   4.079640444909E-11  3.497582085066E-11
AR GRAC 2024 06 03 01 54 30.000000 2   4.308508758100E-11  2.858159542374E-11
AR GRAC 2024 06 03 01 54 40.000000 2   4.368402514721E-11  3.085736527408E-11
AR GRAC 2024 06 03 01 54 50.000000 2   3.996284900221E-11  2.736313779728E-11
AR GRAC 2024 06 03 01 55  0.000000 2   4.418357346658E-11  3.875890580707E-11
AR GRAC 2024 06 03 01 55 10.000000 2   4.313206042328E-11  3.404467679990E-11
AR GRAC 2024 06 03 01 55 20.000000 2   3.943107299009E-11  3.206044457693E-11
AR GRAC 2024 06 03 01 55 30.000000 2   4.123089716868E-11  2.791621274423E-11
AR GRAC 2024 06 03 01 55 40.000000 2   3.983390353679E-11  2.842197484310E-11
AR GRAC 2024 06 03 01 55 50.000000 2   3.952175045563E-11  2.562773951387E-11
AR GRAC 2024 06 03 01 56  0.000000 2   4.361940322828E-11  2.956350095284E-11
AR GRAC 2024 06 03 01 56 10.000000 2   3.933343928342E-11  4.658926369694E-11
AR GRAC 2024 06 03 01 56 20.000000 2   3.659428662872E-11  3.052502348111E-11
AR GRAC 2024 06 03 01 56 30.000000 2   4.126196606613E-11  3.041078153188E-11
AR GRAC 2024 06 03 01 56 40.000000 2   4.374498333015E-11  2.469653995196E-11
AR GRAC 2024 06 03 01 56 50.000000 2   4.243691509309E-11  3.328229705724E-11
AR GRAC 2024 06 03 01 57  0.000000 2   3.915343743666E-11  4.062804953575E-11
AR GRAC 2024 06 03 01 57 10.000000 2   4.082839968889E-11  3.404380596872E-11
AR GRAC 2024 06 03 01 57 20.000000 2   3.887881683262E-11  4.396956063135E-11
AR GRAC 2024 06 03 01 57 30.000000 2   4.193041747147E-11  9.605312205341E-12
AR GRAC 2024 06 03 01 57 40.000000 2   3.990461433512E-11  3.532106204740E-11
AR GRAC 2024 06 03 01 57 50.000000 2   4.302955214364E-11  2.853681353721E-11
AR GRAC 2024 06 03 01 58  0.000000 2   3.908036741440E-11  4.082256060967E-11
AR GRAC 2024 06 03 01 58 10.000000 2   3.755476485345E-11  2.500830792451E-11
AR GRAC 2024 06 03 01 58 20.000000 2   3.863026565298E-11  2.329405245083E-11
AR GRAC 2024 06 03 01 58 30.000000 2   3.866914427553E-11  4.421979796221E-11
AR GRAC 2024 06 03 01 58 40.000000 2   4.089142219277E-11  2.585553993129E-11
AR GRAC 2024 06 03 01 58 50.000000 2   3.743828511094E-11  4.139128623182E-11
AR GRAC 2024 06 03 01 59  0.000000 2   4.047063725809E-11  1.794702580993E-11
AR GRAC 2024 06 03 01 59 10.000000 2   4.150011584381E-11  3.344276244821E-11
AR GRAC 2024 06 03 01 59 20.000000 2   3.986422303370E-11  3.842850343494E-11
AR GRAC 2024 06 03 01 59 30.000000 2   3.943678023033E-11  3.163423689667E-11
AR GRAC 2024 06 03 01 59 40.000000 2   3.759485778243E-11  3.262997511078E-11
AR GRAC 2024 06 03 01 59 50.000000 2   3.911198101503E-11  3.133571180314E-11
AR GRAC 2024 06 03 02 00  0.000000 2   3.736990231151E-11  3.690144370627E-11
AR GRAC 2024 06 03 02 00 10.000000 2   4.022236363421E-11  4.287717750295E-11
AR GRAC 2024 06 03 02 00 20.000000 2   3.498172931882E-11  1.712290899347E-11
AR GRAC 2024 06 03 02 00 30.000000 2   3.799632136703E-11  3.337864012964E-11
AR GRAC 2024 06 03 02 00 40.000000 2   3.684496110989E-11  1.746436675831E-11
AR GRAC 2024 06 03 02 00 50.000000 2   3.962713837624E-11  4.349009694038E-11
AR GRAC 2024 06 03 02 01  0.000000 2   3.771164630573E-11  3.475582321943E-11
AR GRAC 2024 06 03 02 01 10.000000 2   3.879889812208E-11  3.004154910946E-11
AR GRAC 2024 06 03 02 01 20.000000 2   3.996420208652E-11  3.465727357876E-11
AR GRAC 2024 06 03 02 01 30.000000 2   3.809486406881E-11  3.243299379063E-11
AR GRAC 2024 06 03 02 01 40.000000 2   3.568498274653E-11  2.761871807644E-11
AR GRAC 2024 06 03 02 01 50.000000 2   3.772450407613E-11  2.796443458741E-11
AR GRAC 2024 06 03 02 02  0.000000 2   3.747538043775E-11  4.489015756337E-11
AR GRAC 2024 06 03 02 02 10.000000 2   3.864678715937E-11  4.091587485489E-11
AR GRAC 2024 06 03 02 02 20.000000 2   3.584894534003E-11  2.721159061969E-11
AR GRAC 2024 06 03 02 02 30.000000 2   3.849055796312E-11  2.726730993774E-11
AR GRAC 2024 06 03 02 02 40.000000 2   3.205806800577E-11  4.672302128528E-11
AR GRAC 2024 06 03 02 02 50.000000 2   3.239941995248E-11  2.889873410017E-11
AR GRAC 2024 06 03 02 03  0.000000 2   3.929409575498E-11  2.379444731526E-11
AR GRAC 2024 06 03 02 03 10.000000 2   3.832449635421E-11  4.327015828975E-11
AR GRAC 2024 06 03 02 03 20.000000 2   3.758034161638E-11  2.772586674138E-11
AR GRAC 2024 06 03 02 03 30.000000 2   3.408508197911E-11  2.756157628514E-11
AR GRAC 2024 06 03 02 03 40.000000 2   3.471896728446E-11  4.340728471108E-11
AR GRAC 2024 06 03 02 03 50.000000 2   3.696231862249E-11  1.881298936079E-11
AR GRAC 2024 06 03 02 04  0.000000 2   3.684105104318E-11  3.596869330158E-11
AR GRAC 2024 06 03 02 04 10.000000 2   3.228584066761E-11  3.553440180992E-11
AR GRAC 2024 06 03 02 04 20.000000 2   3.774603546391E-11  3.212010171727E-11
AR GRAC 2024 06 03 02 04 30.000000 2   3.664793815639E-11  4.512580240035E-11
AR GRAC 2024 06 03 02 04 40.000000 2   3.521207977975E-11  2.401150112075E-11
AR GRAC 2024 06 03 02 04 50.000000 2   3.204917581323E-11  3.594720007771E-11
AR GRAC 2024 06 03 02 05  0.000000 2   3.265544432085E-11  4.075290105376E-11
AR GRAC 2024 06 03 02 05 10.000000 2   3.539543658171E-11  1.704859517448E-11
AR GRAC 2024 06 03 02 05 20.000000 2   3.343532395395E-11  3.193429201631E-11
AR GRAC 2024 06 03 02 05 30.000000 2   3.413128113472E-11  3.444998453173E-11
AR GRAC 2024 06 03 02 05 40.000000 2   3.579692098299E-11  3.094567657680E-11
AR GRAC 2024 06 03 02 05 50.000000 2   3.260014827533E-11  1.864136796315E-11
AR GRAC 2024 06 03 02 06  0.000000 2   3.397473274935E-11  4.672705972153E-11
AR GRAC 2024 06 03 02 06 10.000000 2   3.327242648066E-11  1.961274892492E-11
AR GRAC 2024 06 03 02 06 20.000000 2   3.307859194890E-11  3.278843516141E-11
AR GRAC 2024 06 03 02 06 30.000000 2   3.235695045234E-11  2.867412557395E-11
AR GRAC 2024 06 03 02 06 40.000000 2   3.462385586572E-11  3.636980994148E-11
AR GRAC 2024 06 03 02 06 50.000000 2   3.097979164868E-11  2.942549329199E-11
AR GRAC 2024 06 03 02 07  0.000000 2   3.357565961370E-11  3.769117656871E-11
AR GRAC 2024 06 03 02 07 10.000000 2   3.154391331472E-11  3.818685992418E-11
AR GRAC 2024 06 03 02 07 20.000000 2   3.814468879648E-11  4.285253749070E-11
AR GRAC 2024 06 03 02 07 30.000000 2   3.183421234954E-11  9.578217559369E-12
AR GRAC 2024 06 03 02 07 40.000000 2   3.571839005123E-11  4.028389774535E-11
AR GRAC 2024 06 03 02 07 50.000000 2   3.047426547220E-11  3.858957250968E-11
AR GRAC 2024 06 03 02 08  0.000000 2   3.413088561777E-11  2.250525113490E-11
AR GRAC 2024 06 03 02 08 10.000000 2   3.235812659486E-11  3.163092704428E-11
AR GRAC 2024 06 03 02 08 20.000000 2   2.940399659868E-11  4.880659765227E-11
AR GRAC 2024 06 03 02 08 30.000000 2   2.987208744254E-11  2.497227251375E-11
AR GRAC 2024 06 03 02 08 40.000000 2   3.237071721784E-11  3.617794605559E-11
AR GRAC 2024 06 03 02 08 50.000000 2   2.894657950836E-11  3.195361336639E-11
AR GRAC 2024 06 03 02 09  0.000000 2   2.863701810407E-11  4.108928128299E-11
AR GRAC 2024 06 03 02 09 10.000000 2   2.732285231399E-11  2.225494961927E-11
AR GRAC 2024 06 03 02 09 20.000000 2   3.088340000401E-11  2.534061502302E-11
AR GRAC 2024 06 03 02 09 30.000000 2   3.257260086653E-11  3.426628078507E-11
AR GRAC 2024 06 03 02 09 40.000000 2   3.325820868705E-11  4.984194307278E-11
AR GRAC 2024 06 03 02 09 50.000000 2   2.913755348111E-11  3.159760647575E-11
AR GRAC 2024 06 03 02 10  0.000000 2   2.807808326122E-11  2.415326966210E-11
AR GRAC 2024 06 03 02 10 10.000000 2   2.912256893972E-11  3.009893029260E-11
AR GRAC 2024 06 03 02 10 20.000000 2   2.676316633587E-11  2.894458978053E-11
AR GRAC 2024 06 03 02 10 30.000000 2   2.878865548728E-11  3.100024750791E-11
AR GRAC 2024 06 03 02 10 40.000000 2   2.563827969371E-11  3.158590403118E-11
AR GRAC 2024 06 03 02 10 50.000000 2   2.758316838825E-11  2.371155875813E-11
AR GRAC 2024 06 03 02 11  0.000000 2   2.783212375845E-11  1.829721270330E-11
AR GRAC 2024 06 03 02 11 10.000000 2   3.127009068349E-11  3.018286662271E-11
AR GRAC 2024 06 03 02 11 20.000000 2   2.773579803328E-11  2.894851719448E-11
AR GRAC 2024 06 03 02 11 30.000000 2   2.703986166919E-11  3.803416956383E-11
AR GRAC 2024 06 03 02 11 40.000000 2   2.887961224329E-11  3.153981936732E-11
AR GRAC 2024 06 03 02 11 50.000000 2   2.423760324388E-11  2.259546716399E-11
AR GRAC 2024 06 03 02 12  0.000000 2   2.350035964438E-11  2.858111317061E-11
AR GRAC 2024 06 03 02 12 10.000000 2   2.481794283971E-11  2.578675988019E-11
AR GRAC 2024 06 03 02 12 20.000000 2   2.750142301389E-11  3.703240492037E-11
AR GRAC 2024 06 03 02 12 30.000000 2   2.804276082180E-11  2.301804753746E-11
AR GRAC 2024 06 03 02 12 40.000000 2   2.811220180254E-11  3.908369114458E-11
AR GRAC 2024 06 03 02 12 50.000000 2   2.594914561005E-11  2.307933184842E-11
AR GRAC 2024 06 03 02 13  0.000000 2   2.709856297689E-11  3.045497187770E-11
AR GRAC 2024 06 03 02 13 10.000000 2   2.098402875073E-11  2.124060996533E-11
AR GRAC 2024 06 03 02 13 20.000000 2   2.465809847974E-11  3.398624784379E-11
AR GRAC 2024 06 03 02 13 30.000000 2   2.441797805619E-11  2.274188302953E-11
AR GRAC 2024 06 03 02 13 40.000000 2   2.498315790356E-11  2.336751799004E-11
AR GRAC 2024 06 03 02 13 50.000000 2   2.522093991986E-11  2.608315299857E-11
AR GRAC 2024 06 03 02 14  0.000000 2   2.487519912275E-11  3.306878382237E-11
AR GRAC 2024 06 03 02 14 10.000000 2   2.258227632668E-11  2.600441736944E-11
AR GRAC 2024 06 03 02 14 20.000000 2   2.364773307728E-11  1.747004624297E-11
AR GRAC 2024 06 03 02 14 30.000000 2   2.087635619930E-11  2.944567853436E-11
AR GRAC 2024 06 03 02 14 40.000000 2   1.980081203168E-11  2.215130509575E-11
AR GRAC 2024 06 03 02 14 50.000000 2   2.443730461044E-11  1.485692818770E-11
AR GRAC 2024 06 03 02 15  0.000000 2   2.057230080732E-11  3.083255872838E-11
AR GRAC 2024 06 03 02 15 10.000000 2   2.111526578585E-11  2.148818102621E-11
AR GRAC 2024 06 03 02 15 20.000000 2   2.014021588392E-11  2.654380361344E-11
AR GRAC 2024 06 03 02 15 30.000000 2   1.832156475146E-11  2.329942662416E-11
AR GRAC 2024 06 03 02 15 40.000000 2   2.516773421612E-11  2.638504519037E-11
AR GRAC 2024 06 03 02 15 50.000000 2   2.486622539821E-11  1.960066484119E-11
AR GRAC 2024 06 03 02 16  0.000000 2   1.666466617478E-11  1.854628429998E-11
AR GRAC 2024 06 03 02 16 10.000000 2   1.735968313543E-11  4.665190109221E-11
AR GRAC 2024 06 03 02 16 20.000000 2   1.712379543717E-11  6.237517446994E-12
AR GRAC 2024 06 03 02 16 30.000000 2   2.194455901716E-11  1.556313238005E-11
AR GRAC 2024 06 03 02 16 40.000000 2   1.930289608709E-11  1.881874517329E-11
AR GRAC 2024 06 03 02 16 50.000000 2   1.949968311821E-11  1.052435655985E-11
AR GRAC 2024 06 03 02 17  0.000000 2   1.581235836712E-11  2.549996672152E-11
AR GRAC 2024 06 03 02 17 10.000000 2   1.913475281001E-11  1.672557752019E-11
AR GRAC 2024 06 03 02 17 20.000000 2   2.028888515526E-11  1.843118713207E-11
AR GRAC 2024 06 03 02 17 30.000000 2   1.623986362054E-11  1.320679503258E-11
AR GRAC 2024 06 03 02 17 40.000000 2   1.859856019193E-11  7.312400684967E-12
AR GRAC 2024 06 03 02 17 50.000000 2   1.751314371301E-11  2.244800526019E-11
AR GRAC 2024 06 03 02 18  0.000000 2   1.312421178679E-11  1.411360871922E-11
AR GRAC 2024 06 03 02 18 10.000000 2   1.805477295447E-11  1.826921079695E-11
AR GRAC 2024 06 03 02 18 20.000000 2   2.019832565092E-11  8.874811475990E-12
AR GRAC 2024 06 03 02 18 30.000000 2   1.385878044269E-11  2.184041142383E-11
AR GRAC 2024 06 03 02 18 40.000000 2   2.234305969406E-11  4.806013226277E-12
AR GRAC 2024 06 03 02 18 50.000000 2   1.426018938350E-11  9.431607404797E-12
AR GRAC 2024 06 03 02 19  0.000000 2   2.015707739611E-11  2.313720742775E-11
AR GRAC 2024 06 03 02 19 10.000000 2   1.513549181820E-11  8.052804083281E-12
AR GRAC 2024 06 03 02 19 20.000000 2   1.540713737147E-11  2.019839503986E-11
AR GRAC 2024 06 03 02 19 30.000000 2   1.964928393605E-11  1.072398680274E-11
AR GRAC 2024 06 03 02 19 40.000000 2   1.570302048115E-11  2.087958105024E-11
AR GRAC 2024 06 03 02 19 50.000000 2   2.004598570471E-11  1.628517286301E-11
AR GRAC 2024 06 03 02 20  0.000000 2   1.357004439373E-11  1.089076225036E-11
AR GRAC 2024 06 03 02 20 10.000000 2   1.257099806196E-11  9.886350418875E-12
AR GRAC 2024 06 03 02 20 20.000000 2   1.355875654807E-11  2.331937160732E-12
AR GRAC 2024 06 03 02 20 30.000000 2   1.593344726991E-11  1.335752081860E-11
AR GRAC 2024 06 03 02 20 40.000000 2   1.186696487604E-11  1.572310510956E-11
AR GRAC 2024 06 03 02 20 50.000000 2   1.231260059187E-11  1.581869010781E-11
AR GRAC 2024 06 03 02 21  0.000000 2   1.190996086475E-11  1.000427258396E-11
AR GRAC 2024 06 03 02 21 10.000000 2   1.595437844337E-11  5.749851983428E-12
AR GRAC 2024 06 03 02 21 20.000000 2   1.284153946374E-11 -1.345456732138E-11
AR GRAC 2024 06 03 02 21 30.000000 2   1.025407016242E-11  2.355101010043E-11
AR GRAC 2024 06 03 02 21 40.000000 2   1.518553685576E-11 -2.403410153187E-12
AR GRAC 2024 06 03 02 21 50.000000 2   1.402681529955E-11 -1.783586435012E-14
AR GRAC 2024 06 03 02 22  0.000000 2   1.366777871437E-11  4.397739550993E-12
AR GRAC 2024 06 03 02 22 10.000000 2   1.231103066712E-11 -2.346687731289E-12
AR GRAC 2024 06 03 02 22 20.000000 2   1.397565917161E-11  6.708884316142E-12
AR GRAC 2024 06 03 02 22 30.000000 2   1.447538443278E-11 -1.435542223288E-12
AR GRAC 2024 06 03 02 22 40.000000 2   1.236731030085E-11  1.091002635456E-11
AR GRAC 2024 06 03 02 22 50.000000 2   1.060820008225E-11  2.815596497271E-12
AR GRAC 2024 06 03 02 23  0.000000 2   1.117748602009E-11  1.244116094867E-11
AR GRAC 2024 06 03 02 23 10.000000 2   1.288704906677E-11 -1.943269330174E-12
AR GRAC 2024 06 03 02 23 20.000000 2   1.216243338681E-11 -3.707703848804E-12
AR GRAC 2024 06 03 02 23 30.000000 2   7.023206669010E-12  6.767858409112E-12
AR GRAC 2024 06 03 02 23 40.000000 2   1.021594007306E-11  4.603420509369E-12
AR GRAC 2024 06 03 02 23 50.000000 2   9.163137262846E-12 -2.981014740611E-12
AR GRAC 2024 06 03 02 24  0.000000 2   8.955966177004E-12  3.545430550707E-13
AR GRAC 2024 06 03 02 24 10.000000 2   6.824461568772E-12 -1.519990036614E-11
AR GRAC 2024 06 03 02 24 20.000000 2   1.027306278240E-11 -2.394338633610E-12
AR GRAC 2024 06 03 02 24 30.000000 2   1.081462436964E-11  1.012173539970E-13
AR GRAC 2024 06 03 02 24 40.000000 2   1.310864698040E-11  3.946773463603E-12
AR GRAC 2024 06 03 02 24 50.000000 2   6.952427782786E-12  2.072327986297E-12
AR GRAC 2024 06 03 02 25  0.000000 2   6.920583897618E-12  9.278832042992E-13
AR GRAC 2024 06 03 02 25 10.000000 2   9.564814218432E-12  9.834329531277E-13
AR GRAC 2024 06 03 02 25 20.000000 2   7.993984814381E-12 -8.161015266350E-12
AR GRAC 2024 06 03 02 25 30.000000 2   4.122474930868E-12 -5.695464499328E-12
AR GRAC 2024 06 03 02 25 40.000000 2   7.402498752862E-12  7.300814683711E-13
AR GRAC 2024 06 03 02 25 50.000000 2   6.393389290205E-12  4.895629474727E-12
AR GRAC 2024 06 03 02 26  0.000000 2   1.066744262368E-11 -6.608822863963E-12
AR GRAC 2024 06 03 02 26 10.000000 2   7.805522721227E-12  2.867203273849E-13
AR GRAC 2024 06 03 02 26 20.000000 2   5.761269065985E-12 -5.807737103736E-12
AR GRAC 2024 06 03 02 26 30.000000 2   8.078428551106E-12 -5.452192516908E-12
AR GRAC 2024 06 03 02 26 40.000000 2   8.131798186206E-12 -1.004665187848E-11
AR GRAC 2024 06 03 02 26 50.000000 2   1.053040467325E-11 -3.111353270293E-14
AR GRAC 2024 06 03 02 27  0.000000 2   4.524064716599E-12 -7.075573633941E-12
AR GRAC 2024 06 03 02 27 10.000000 2   8.700511665294E-12 -2.303003621140E-11
AR GRAC 2024 06 03 02 27 20.000000 2   5.720873861442E-12 -6.284498962894E-12
AR GRAC 2024 06 03 02 27 30.000000 2   4.110482787478E-12 -2.618963856546E-12
AR GRAC 2024 06 03 02 27 40.000000 2   7.468822435519E-12 -1.573429754542E-12
AR GRAC 2024 06 03 02 27 50.000000 2   6.955270994563E-12 -1.017789671987E-11
AR GRAC 2024 06 03 02 28  0.000000 2   7.735473719905E-12 -9.102367297398E-12
AR GRAC 2024 06 03 02 28 10.000000 2   4.306750268912E-12 -9.936837810920E-12
AR GRAC 2024 06 03 02 28 20.000000 2   5.388208542539E-12 -2.190130542201E-11
AR GRAC 2024 06 03 02 28 30.000000 2   2.460523755229E-12 -9.185777138931E-12
AR GRAC 2024 06 03 02 28 40.000000 2   6.666182796738E-12 -1.345025132937E-11
AR GRAC 2024 06 03 02 28 50.000000 2   5.736380554594E-12 -3.134725552051E-12
AR GRAC 2024 06 03 02 29  0.000000 2   6.338230721520E-12 -7.329203216555E-12
AR GRAC 2024 06 03 02 29 10.000000 2   4.362500378302E-12 -1.780368040494E-11
AR GRAC 2024 06 03 02 29 20.000000 2   5.401657419968E-12 -8.688158699421E-12
AR GRAC 2024 06 03 02 29 30.000000 2   2.152857834494E-13 -1.002263549932E-11
AR GRAC 2024 06 03 02 29 40.000000 2   5.617712024730E-12 -1.998711786355E-11
AR GRAC 2024 06 03 02 29 50.000000 2   4.286123105740E-12 -1.114159719345E-11
AR GRAC 2024 06 03 02 30  0.000000 2   2.657269152981E-12 -3.376081966072E-12
AR GRAC 2024 06 03 02 30 10.000000 2   4.902177622168E-12 -1.546056858925E-11
AR GRAC 2024 06 03 02 30 20.000000 2   3.753168349024E-12 -1.689504786073E-11
AR GRAC 2024 06 03 02 30 30.000000 2   2.217025391396E-12 -1.616953793082E-11
AR GRAC 2024 06 03 02 30 40.000000 2   1.950124957351E-12 -1.789401959940E-11
AR GRAC 2024 06 03 02 30 50.000000 2   9.780820250938E-12 -5.528515145681E-12
AR GRAC 2024 06 03 02 31  0.000000 2   2.199008553375E-12 -1.766300126993E-11
AR GRAC 2024 06 03 02 31 10.000000 2   4.519845435424E-12 -3.257493884010E-12
AR GRAC 2024 06 03 02 31 20.000000 2   1.216318712416E-12 -1.634198679157E-11
AR GRAC 2024 06 03 02 31 30.000000 2   2.167849667140E-12 -1.544648263463E-11
AR GRAC 2024 06 03 02 31 40.000000 2   2.013053352484E-12 -3.367097572982E-11
AR GRAC 2024 06 03 02 31 50.000000 2   5.284112557236E-12 -6.645470632116E-12
AR GRAC 2024 06 03 02 32  0.000000 2   1.876406365356E-12 -1.435996894311E-11
AR GRAC 2024 06 03 02 32 10.000000 2   6.901966411593E-12 -1.575446717528E-11
AR GRAC 2024 06 03 02 32 20.000000 2   2.483651522292E-12 -3.371896858950E-11
AR GRAC 2024 06 03 02 32 30.000000 2   5.896917502912E-12 -1.379346810382E-11
AR GRAC 2024 06 03 02 32 40.000000 2   6.588890891224E-12 -2.496796866480E-11
AR GRAC 2024 06 03 02 32 50.000000 2   2.734153615319E-12 -1.100247584013E-11
AR GRAC 2024 06 03 02 33  0.000000 2  -4.588192889857E-13 -1.663697651866E-11
AR GRAC 2024 06 03 02 33 10.000000 2   1.954566933651E-12 -2.250148158078E-11
AR GRAC 2024 06 03 02 33 20.000000 2   6.385361423639E-12 -2.229599144199E-11
AR GRAC 2024 06 03 02 33 30.000000 2   3.056791365169E-12 -1.116050307726E-11
AR GRAC 2024 06 03 02 33 40.000000 2   5.480605986402E-12 -1.731501053648E-11
AR GRAC 2024 06 03 02 33 50.000000 2   2.545807748638E-12 -1.352951691652E-11
AR GRAC 2024 06 03 02 34  0.000000 2   4.040256844362E-12 -2.274403408664E-11
AR GRAC 2024 06 03 02 34 10.000000 2   5.296434298085E-12 -1.092854712975E-11
AR GRAC 2024 06 03 02 34 20.000000 2  -1.360786700336E-12 -3.469305745463E-11
AR GRAC 2024 06 03 02 34 30.000000 2  -2.245250860233E-12 -1.781757207053E-11
AR GRAC 2024 06 03 02 34 40.000000 2   3.857422194165E-12 -2.617208880173E-11
AR GRAC 2024 06 03 02 34 50.000000 2   2.852379790697E-12 -1.085660901456E-11
AR GRAC 2024 06 03 02 35  0.000000 2  -9.154484895829E-13 -2.776112499603E-11
AR GRAC 2024 06 03 02 35 10.000000 2   3.350838486890E-12 -1.781564652747E-11
AR GRAC 2024 06 03 02 35 20.000000 2   1.929009903201E-12 -2.685016792237E-11
AR GRAC 2024 06 03 02 35 30.000000 2   1.965742835435E-13 -1.233468795853E-11
AR GRAC 2024 06 03 02 35 40.000000 2   3.674419709471E-12 -2.017921420239E-11
AR GRAC 2024 06 03 02 35 50.000000 2   4.695643613523E-12 -8.483740619736E-12
AR GRAC 2024 06 03 02 36  0.000000 2   1.899624554880E-12 -3.422826952426E-11
AR GRAC 2024 06 03 02 36 10.000000 2   2.723363418458E-12 -2.921279190771E-11
AR GRAC 2024 06 03 02 36 20.000000 2   1.673765184611E-12 -1.841732148733E-11
AR GRAC 2024 06 03 02 36 30.000000 2   1.479100370828E-12 -1.480185418679E-11
AR GRAC 2024 06 03 02 36 40.000000 2   2.917769975283E-12 -3.354638442032E-11
AR GRAC 2024 06 03 02 36 50.000000 2   2.728787681927E-12 -1.205091408607E-11
AR GRAC 2024 06 03 02 37  0.000000 2   1.206220019700E-12 -3.565544734463E-11
AR GRAC 2024 06 03 02 37 10.000000 2   1.322947177154E-12 -1.629998219732E-11
AR GRAC 2024 06 03 02 37 20.000000 2   2.033392985240E-12 -1.915451998402E-11
AR GRAC 2024 06 03 02 37 30.000000 2  -7.759262525033E-13 -2.795905694464E-11
AR GRAC 2024 06 03 02 37 40.000000 2   4.232530992354E-12 -2.223359517328E-11
AR GRAC 2024 06 03 02 37 50.000000 2   5.672334563861E-12 -1.985813249950E-11
AR GRAC 2024 06 03 02 38  0.000000 2   1.382031208225E-12 -2.821267698627E-11
AR GRAC 2024 06 03 02 38 10.000000 2   2.378706173006E-12 -2.422721745443E-11
AR GRAC 2024 06 03 02 38 20.000000 2   3.121997235386E-12 -2.623175808514E-11
AR GRAC 2024 06 03 02 38 30.000000 2  -3.376371177002E-13 -1.903630031386E-11
AR GRAC 2024 06 03 02 38 40.000000 2   5.012498662665E-12 -3.636085182945E-11
AR GRAC 2024 06 03 02 38 50.000000 2   6.647171962165E-13 -2.024539563772E-11
AR GRAC 2024 06 03 02 39  0.000000 2   2.892729675588E-12 -2.114994464286E-11
AR GRAC 2024 06 03 02 39 10.000000 2  -9.700807865332E-13 -1.590448779620E-11
AR GRAC 2024 06 03 02 39 20.000000 2   6.665051757032E-12 -3.764904360493E-11
AR GRAC 2024 06 03 02 39 30.000000 2  -2.584072279072E-13 -3.763359415765E-11
AR GRAC 2024 06 03 02 39 40.000000 2   5.974923247137E-12 -8.568145325183E-12
AR GRAC 2024 06 03 02 39 50.000000 2   1.894568703309E-12 -3.262269968052E-11
AR GRAC 2024 06 03 02 40  0.000000 2  -1.761696664200E-13 -3.210725435521E-11
AR GRAC 2024 06 03 02 40 10.000000 2   2.334204877996E-12 -2.424181341776E-11
AR GRAC 2024 06 03 02 40 20.000000 2   5.108882934757E-12 -2.259637095492E-11
AR GRAC 2024 06 03 02 40 30.000000 2  -1.381587037700E-13 -2.845092564319E-11
AR GRAC 2024 06 03 02 40 40.000000 2   5.049711950672E-12 -3.887548616355E-11
AR GRAC 2024 06 03 02 40 50.000000 2  -1.698442005527E-13 -2.452004918552E-11
AR GRAC 2024 06 03 02 41  0.000000 2   2.077399884060E-12 -3.116460908781E-11
AR GRAC 2024 06 03 02 41 10.000000 2  -4.354492840527E-13 -1.937917361305E-11
AR GRAC 2024 06 03 02 41 20.000000 2   1.447850953712E-12 -1.120374105990E-11
AR GRAC 2024 06 03 02 41 30.000000 2   3.579883134722E-12 -4.348830323631E-11
AR GRAC 2024 06 03 02 41 40.000000 2   2.991278448897E-12 -2.119287211000E-11
AR GRAC 2024 06 03 02 41 50.000000 2   7.172237521773E-13 -3.409744361860E-11
AR GRAC 2024 06 03 02 42  0.000000 2   3.533572739967E-12 -2.830200830639E-11
AR GRAC 2024 06 03 02 42 10.000000 2  -2.334980082550E-12 -1.879657887671E-11
AR GRAC 2024 06 03 02 42 20.000000 2   6.996186182467E-12 -2.322115069675E-11
AR GRAC 2024 06 03 02 42 30.000000 2  -2.527076638226E-12 -4.138572817780E-11
AR GRAC 2024 06 03 02 42 40.000000 2   5.171226728079E-12 -8.380300793587E-12
AR GRAC 2024 06 03 02 42 50.000000 2   2.763248180618E-12 -3.922487334940E-11
AR GRAC 2024 06 03 02 43  0.000000 2   4.076568509842E-12 -3.143945520589E-11
AR GRAC 2024 06 03 02 43 10.000000 2   3.545364305954E-12 -3.021403266468E-11
AR GRAC 2024 06 03 02 43 20.000000 2   2.570250219255E-12 -2.637861283572E-11
AR GRAC 2024 06 03 02 43 30.000000 2   3.352902807827E-12 -2.175318952746E-11
AR GRAC 2024 06 03 02 43 40.000000 2   5.481126403445E-12 -2.076777291804E-11
AR GRAC 2024 06 03 02 43 50.000000 2  -3.492736698821E-13 -3.588234917529E-11
AR GRAC 2024 06 03 02 44  0.000000 2  -8.298316461069E-13 -2.988694361439E-11
AR GRAC 2024 06 03 02 44 10.000000 2   2.368226057967E-12 -1.774152352807E-11
AR GRAC 2024 06 03 02 44 20.000000 2   3.352629588879E-13 -3.075610946479E-11
AR GRAC 2024 06 03 02 44 30.000000 2   3.717428274930E-12 -1.494069798436E-11
AR GRAC 2024 06 03 02 44 40.000000 2   2.188515644749E-12 -3.108528712215E-11
AR GRAC 2024 06 03 02 44 50.000000 2   4.387378915033E-12 -3.440987772496E-11
AR GRAC 2024 06 03 02 45  0.000000 2   5.024264424641E-12 -1.857447008702E-11
AR GRAC 2024 06 03 02 45 10.000000 2   4.430584805287E-12 -3.674906212670E-11
AR GRAC 2024 06 03 02 45 20.000000 2   2.542478997247E-14 -2.150365302489E-11
AR GRAC 2024 06 03 02 45 30.000000 2   2.823026751600E-12 -1.687824879859E-11
AR GRAC 2024 06 03 02 45 40.000000 2   2.597122170100E-12 -2.005284653606E-11
AR GRAC 2024 06 03 02 45 50.000000 2   3.337224810732E-12 -2.857744076101E-11
AR GRAC 2024 06 03 02 46  0.000000 2   1.482899523661E-12 -1.682203681908E-11
AR GRAC 2024 06 03 02 46 10.000000 2   2.850725731862E-12 -4.997664088124E-11
AR GRAC 2024 06 03 02 46 20.000000 2   5.395428895327E-12  5.328759135337E-12
AR GRAC 2024 06 03 02 46 30.000000 2   2.361141447291E-12 -3.585584607002E-11
AR GRAC 2024 06 03 02 46 40.000000 2   2.372577828647E-12 -6.840445744560E-12
AR GRAC 2024 06 03 02 46 50.000000 2   1.876816627458E-12 -3.486505528727E-11
AR GRAC 2024 06 03 02 47  0.000000 2   4.321471999691E-12 -3.353965369324E-11
AR GRAC 2024 06 03 02 47 10.000000 2   2.517469089094E-12 -2.239426526163E-11
AR GRAC 2024 06 03 02 47 20.000000 2   4.610931428339E-12 -1.987887285337E-11
AR GRAC 2024 06 03 02 47 30.000000 2   7.485284961306E-12 -2.072347501936E-11
AR GRAC 2024 06 03 02 47 40.000000 2   3.420964466566E-12 -2.677809363139E-11
AR GRAC 2024 06 03 02 47 50.000000 2   9.433759329269E-12 -2.583269709255E-11
AR GRAC 2024 06 03 02 48  0.000000 2  -1.178233292182E-12 -2.753731791205E-11
AR GRAC 2024 06 03 02 48 10.000000 2   5.114568924630E-12 -3.054193009611E-11
AR GRAC 2024 06 03 02 48 20.000000 2   3.131007389121E-12 -1.476544689467E-12
AR GRAC 2024 06 03 02 48 30.000000 2   5.938756864748E-12 -3.238116025317E-11
AR GRAC 2024 06 03 02 48 40.000000 2  -1.737885443193E-12 -1.867578140746E-11
AR GRAC 2024 06 03 02 48 50.000000 2   8.207296821328E-12 -1.339039556320E-11
AR GRAC 2024 06 03 02 49  0.000000 2   2.277014080759E-12 -1.659501876194E-11
AR GRAC 2024 06 03 02 49 10.000000 2   2.411196025828E-12 -2.423963460507E-11
AR GRAC 2024 06 03 02 49 20.000000 2   3.408798200308E-12 -2.532426351953E-11
AR GRAC 2024 06 03 02 49 30.000000 2   6.687572370878E-12 -1.670888254146E-11
AR GRAC 2024 06 03 02 49 40.000000 2   5.162161496874E-12 -5.273509493670E-12
AR GRAC 2024 06 03 02 49 50.000000 2   8.080786907672E-12 -2.500813792161E-11
AR GRAC 2024 06 03 02 50  0.000000 2   5.735165814480E-12 -2.099276308343E-11
AR GRAC 2024 06 03 02 50 10.000000 2   4.869717042805E-12 -3.130738723822E-11
AR GRAC 2024 06 03 02 50 20.000000 2   7.314348779430E-12 -1.713201802644E-11
AR GRAC 2024 06 03 02 50 30.000000 2   5.053219995221E-12 -1.347665208595E-11
AR GRAC 2024 06 03 02 50 40.000000 2   6.314075564479E-12 -2.064128382107E-11
AR GRAC 2024 06 03 02 50 50.000000 2   6.068144684651E-12 -2.570591656204E-11
AR GRAC 2024 06 03 02 51  0.000000 2   5.207680640884E-12 -1.978054699203E-11
AR GRAC 2024 06 03 02 51 10.000000 2   5.806778235334E-12 -6.485185652383E-12
AR GRAC 2024 06 03 02 51 20.000000 2   4.808226299752E-12 -1.720982210907E-11
AR GRAC 2024 06 03 02 51 30.000000 2   7.825268211192E-12 -7.674461760532E-12
AR GRAC 2024 06 03 02 51 40.000000 2   3.919675348185E-12 -3.999101830937E-12
AR GRAC 2024 06 03 02 51 50.000000 2   8.345329635673E-12 -3.050374189351E-11
AR GRAC 2024 06 03 02 52  0.000000 2   5.611176454035E-12 -2.437838299285E-11
AR GRAC 2024 06 03 02 52 10.000000 2   6.571562304741E-12 -2.764302849123E-11
AR GRAC 2024 06 03 02 52 20.000000 2   8.422988868884E-12 -9.317671634257E-12
AR GRAC 2024 06 03 02 52 30.000000 2   6.499206988558E-12 -2.252231214028E-11
AR GRAC 2024 06 03 02 52 40.000000 2   4.493852338860E-12  1.891303606782E-11
AR GRAC 2024 06 03 02 52 50.000000 2   7.662146091214E-12 -4.116160884360E-11
AR GRAC 2024 06 03 02 53  0.000000 2   5.723051373085E-12 -3.746257210696E-12
AR GRAC 2024 06 03 02 53 10.000000 2   7.409598976049E-12 -1.857091043445E-11
AR GRAC 2024 06 03 02 53 20.000000 2   7.312468339182E-12 -1.336555865983E-11
AR GRAC 2024 06 03 02 53 30.000000 2   5.710044850143E-12 -7.030213217130E-12
AR GRAC 2024 06 03 02 53 40.000000 2   9.799557866563E-12 -2.244486888014E-11
AR GRAC 2024 06 03 02 53 50.000000 2   6.194227422651E-12  1.175047732727E-11
AR GRAC 2024 06 03 02 54  0.000000 2   7.200581277067E-12 -1.685417430619E-11
AR GRAC 2024 06 03 02 54 10.000000 2   7.399678092490E-12 -2.728835820504E-12
AR GRAC 2024 06 03 02 54 20.000000 2   7.918434137555E-12 -1.749349276547E-11
AR GRAC 2024 06 03 02 54 30.000000 2   8.733227682689E-12 -2.691815173539E-11
AR GRAC 2024 06 03 02 54 40.000000 2   9.667116933343E-12 -3.252815985316E-12
AR GRAC 2024 06 03 02 54 50.000000 2   5.368627851304E-12  4.232524487141E-12
AR GRAC 2024 06 03 02 55  0.000000 2   6.752713405805E-12 -1.465214234664E-11
AR GRAC 2024 06 03 02 55 10.000000 2   7.860438862306E-12 -7.516806621588E-12
AR GRAC 2024 06 03 02 55 20.000000 2   8.352927724498E-12 -1.814146922963E-11
AR GRAC 2024 06 03 02 55 30.000000 2   6.858770062318E-12 -1.342613867306E-11
AR GRAC 2024 06 03 02 55 40.000000 2   7.984176687847E-12  1.265919313820E-11
AR GRAC 2024 06 03 02 55 50.000000 2   1.079058543907E-11 -1.646547828638E-11
AR GRAC 2024 06 03 02 56  0.000000 2   5.289853624579E-12 -1.921014389228E-11
AR GRAC 2024 06 03 02 56 10.000000 2   7.442295911486E-12 -4.034818919946E-12
AR GRAC 2024 06 03 02 56 20.000000 2   8.774947782286E-12  1.861050896723E-11
AR GRAC 2024 06 03 02 56 30.000000 2   1.165928725094E-11 -3.307416493459E-11
AR GRAC 2024 06 03 02 56 40.000000 2   8.352003984247E-12  2.087115896776E-11
AR GRAC 2024 06 03 02 56 50.000000 2   1.187439903350E-11 -3.483517944589E-12
AR GRAC 2024 06 03 02 57  0.000000 2   7.044599278916E-12 -1.801819630998E-11
AR GRAC 2024 06 03 02 57 10.000000 2   1.088493444684E-11 -7.428742408548E-13
AR GRAC 2024 06 03 02 57 20.000000 2   7.169826364561E-12 -1.916755296150E-11
AR GRAC 2024 06 03 02 57 30.000000 2   8.776343367323E-12 -1.042235633734E-12
AR GRAC 2024 06 03 02 57 40.000000 2   9.211269767773E-12 -2.256919694535E-12
AR GRAC 2024 06 03 02 57 50.000000 2   1.359176660110E-11 -4.001602001147E-12
AR GRAC 2024 06 03 02 58  0.000000 2   8.043726275331E-12 -2.486287434614E-12
AR GRAC 2024 06 03 02 58 10.000000 2   8.327244276074E-12 -4.440973630504E-12
AR GRAC 2024 06 03 02 58 20.000000 2   6.358660559896E-12  7.084338757984E-12
AR GRAC 2024 06 03 02 58 30.000000 2   1.003458167254E-11 -4.220351065148E-12
AR GRAC 2024 06 03 02 58 40.000000 2   1.152404300458E-11 -4.765039057775E-12
AR GRAC 2024 06 03 02 58 50.000000 2   8.334551798717E-12 -1.523973308659E-11
AR GRAC 2024 06 03 02 59  0.000000 2   8.948126094255E-12  8.645575574895E-12
AR GRAC 2024 06 03 02 59 10.000000 2   1.163448590941E-11  1.220883528823E-12
AR GRAC 2024 06 03 02 59 20.000000 2   1.256988697157E-11 -5.423812007160E-12
AR GRAC 2024 06 03 02 59 30.000000 2   1.229162431560E-11 -1.718508473546E-12
AR GRAC 2024 06 03 02 59 40.000000 2   1.125993309009E-11 -5.723202294028E-12
AR GRAC 2024 06 03 02 59 50.000000 2   7.706159495247E-12  8.362095738068E-12
AR GRAC 2024 06 03 03 00  0.000000 2   1.474926604461E-11  3.207397672109E-12
AR GRAC 2024 06 03 03 00 10.000000 2   9.511912958671E-12 -1.111730325853E-11
AR GRAC 2024 06 03 03 00 20.000000 2   1.256883052497E-11 -1.102004555317E-12
AR GRAC 2024 06 03 03 00 30.000000 2   1.015463321069E-11  3.693292633528E-12
AR GRAC 2024 06 03 03 00 40.000000 2   1.520140437139E-11  1.642858765694E-11
AR GRAC 2024 06 03 03 00 50.000000 2   1.291708059958E-11 -6.716116811994E-12
AR GRAC 2024 06 03 03 01  0.000000 2   1.324976846989E-11  4.329176774009E-12
AR GRAC 2024 06 03 03 01 10.000000 2   1.470139635029E-11 -5.885532512739E-12
AR GRAC 2024 06 03 03 01 20.000000 2   1.528511865689E-11 -7.640243472606E-12
AR GRAC 2024 06 03 03 01 30.000000 2   1.332092856160E-11  8.375047183540E-12
AR GRAC 2024 06 03 03 01 40.000000 2   9.860812687223E-12  1.975033678270E-11
AR GRAC 2024 06 03 03 01 50.000000 2   1.223539932566E-11 -1.061437396310E-11
AR GRAC 2024 06 03 03 02  0.000000 2   1.786653464064E-11  2.627091079399E-11
AR GRAC 2024 06 03 03 02 10.000000 2   1.475881916679E-11 -1.934380607083E-11
AR GRAC 2024 06 03 03 02 20.000000 2   1.146209342717E-11  1.853147670039E-11
AR GRAC 2024 06 03 03 02 30.000000 2   1.329074784256E-11  1.736676080721E-11
AR GRAC 2024 06 03 03 02 40.000000 2   1.132641810203E-11  3.312042480552E-12
AR GRAC 2024 06 03 03 02 50.000000 2   8.538233488287E-12  5.327321916937E-12
AR GRAC 2024 06 03 03 03  0.000000 2   1.790485468223E-11  1.574260166670E-11
AR GRAC 2024 06 03 03 03 10.000000 2   1.487823059199E-11 -1.372122792991E-12
AR GRAC 2024 06 03 03 03 20.000000 2   1.554979929541E-11  1.742315493269E-11
AR GRAC 2024 06 03 03 03 30.000000 2   1.094815991337E-11  3.218430079735E-12
AR GRAC 2024 06 03 03 03 40.000000 2   1.346026935745E-11  4.837047646103E-13
AR GRAC 2024 06 03 03 03 50.000000 2   1.281708419953E-11  1.487897652308E-11
AR GRAC 2024 06 03 03 04  0.000000 2   1.196076831328E-11  9.864250041791E-12
AR GRAC 2024 06 03 03 04 10.000000 2   1.508517616378E-11  1.532951716954E-11
AR GRAC 2024 06 03 03 04 20.000000 2   1.489596987425E-11 -3.555211030085E-12
AR GRAC 2024 06 03 03 04 30.000000 2   1.059294492400E-11 -3.479945064749E-12
AR GRAC 2024 06 03 03 04 40.000000 2   1.009858602991E-11  2.373532273503E-11
AR GRAC 2024 06 03 03 04 50.000000 2   1.490940357285E-11 -1.124940852276E-11
AR GRAC 2024 06 03 03 05  0.000000 2   1.319422782836E-11  1.556585242646E-11
AR GRAC 2024 06 03 03 05 10.000000 2   1.492592681396E-11  1.861116078958E-12
AR GRAC 2024 06 03 03 05 20.000000 2   1.144079362497E-11  2.158637851801E-11
AR GRAC 2024 06 03 03 05 30.000000 2   1.477659140880E-11  1.073163693327E-11
AR GRAC 2024 06 03 03 05 40.000000 2   1.430027797567E-11  4.386897529268E-12
AR GRAC 2024 06 03 03 05 50.000000 2   1.113292270871E-11  1.865215620844E-11
AR GRAC 2024 06 03 03 06  0.000000 2   1.228525701308E-11  1.591741322082E-11
AR GRAC 2024 06 03 03 06 10.000000 2   1.397686133497E-11  2.604266975681E-11
AR GRAC 2024 06 03 03 06 20.000000 2   1.301820370253E-11  1.393792633392E-11
AR GRAC 2024 06 03 03 06 30.000000 2   1.572022893803E-11  1.632317718492E-11
AR GRAC 2024 06 03 03 06 40.000000 2   1.866413794349E-11  1.684843063676E-11
AR GRAC 2024 06 03 03 06 50.000000 2   2.290993436627E-11  7.336803148524E-13
AR GRAC 2024 06 03 03 07  0.000000 2   1.623912809778E-11  1.813893132918E-11
AR GRAC 2024 06 03 03 07 10.000000 2   2.512628299867E-11  2.589417916199E-11
AR GRAC 2024 06 03 03 07 20.000000 2   1.790468120988E-11  1.370942769030E-11
AR GRAC 2024 06 03 03 07 30.000000 2   1.900220432394E-11  1.592467303857E-11
AR GRAC 2024 06 03 03 07 40.000000 2   2.238703840363E-11  1.030992045209E-11
AR GRAC 2024 06 03 03 07 50.000000 2   2.022877698682E-11 -1.232483472918E-11
AR GRAC 2024 06 03 03 08  0.000000 2   2.101525203857E-11  5.172040573598E-11
AR GRAC 2024 06 03 03 08 10.000000 2   1.970502407078E-11  6.315648958671E-12
AR GRAC 2024 06 03 03 08 20.000000 2   2.021724281043E-11  1.906088828441E-11
AR GRAC 2024 06 03 03 08 30.000000 2   1.890136311355E-11  5.976128012591E-12
AR GRAC 2024 06 03 03 08 40.000000 2   2.073894528332E-11  2.876136308283E-11
AR GRAC 2024 06 03 03 08 50.000000 2   2.491343416289E-11  1.296660175065E-11
AR GRAC 2024 06 03 03 09  0.000000 2   2.320376703280E-11  2.690183666110E-11
AR GRAC 2024 06 03 03 09 10.000000 2   2.072965410438E-11  8.787071764660E-12
AR GRAC 2024 06 03 03 09 20.000000 2   2.488322915772E-11  2.333230483820E-11
AR GRAC 2024 06 03 03 09 30.000000 2   2.326034850841E-11  2.893753639488E-11
AR GRAC 2024 06 03 03 09 40.000000 2   2.367022550187E-11  9.052767216411E-12
AR GRAC 2024 06 03 03 09 50.000000 2   2.699370241221E-11  3.882799637367E-11
AR GRAC 2024 06 03 03 10  0.000000 2   2.560179845901E-11  1.084322475559E-11
AR GRAC 2024 06 03 03 10 10.000000 2   2.317221935166E-11  2.746845112478E-11
AR GRAC 2024 06 03 03 10 20.000000 2   2.319237336901E-11  1.929367776654E-11
AR GRAC 2024 06 03 03 10 30.000000 2   2.504477528142E-11  2.358890340004E-11
AR GRAC 2024 06 03 03 10 40.000000 2   2.477979800519E-11  1.445412713130E-11
AR GRAC 2024 06 03 03 10 50.000000 2   2.343253022175E-11  2.124934776748E-11
AR GRAC 2024 06 03 03 11  0.000000 2   2.625216884156E-11  3.817457114308E-11
AR GRAC 2024 06 03 03 11 10.000000 2   2.642410769360E-11  8.729787726036E-12
AR GRAC 2024 06 03 03 11 20.000000 2   2.502052731668E-11  3.426500749804E-11
AR GRAC 2024 06 03 03 11 30.000000 2   2.433163739934E-11  2.747022574690E-11
AR GRAC 2024 06 03 03 11 40.000000 2   2.710515666082E-11  2.342544214162E-11
AR GRAC 2024 06 03 03 11 50.000000 2   2.145012813204E-11  4.216065691010E-11
AR GRAC 2024 06 03 03 12  0.000000 2   2.609416849264E-11  2.314587063679E-11
AR GRAC 2024 06 03 03 12 10.000000 2   2.603664506218E-11  1.801108220900E-11
AR GRAC 2024 06 03 03 12 20.000000 2   2.742974597458E-11  2.655629535719E-11
AR GRAC 2024 06 03 03 12 30.000000 2   2.662083053995E-11  3.181150481923E-11
AR GRAC 2024 06 03 03 12 40.000000 2   2.517708437566E-11  7.636715045056E-12
AR GRAC 2024 06 03 03 12 50.000000 2   2.216976428826E-11  2.734192212916E-11
AR GRAC 2024 06 03 03 13  0.000000 2   2.934470375027E-11  2.144712706043E-11
AR GRAC 2024 06 03 03 13 10.000000 2   2.754223411838E-11  3.708233373145E-11
AR GRAC 2024 06 03 03 13 20.000000 2   2.449290943674E-11  2.542753681223E-11
AR GRAC 2024 06 03 03 13 30.000000 2   3.013382945949E-11  4.028274241952E-11
AR GRAC 2024 06 03 03 13 40.000000 2   3.277434920679E-11  5.787943908875E-12
AR GRAC 2024 06 03 03 13 50.000000 2   2.563364277786E-11  2.779314452195E-11
AR GRAC 2024 06 03 03 14  0.000000 2   2.631201159731E-11  4.097834224726E-11
AR GRAC 2024 06 03 03 14 10.000000 2   2.467871219880E-11  2.463354173421E-11
AR GRAC 2024 06 03 03 14 20.000000 2   2.905904510075E-11  3.490873909384E-11
AR GRAC 2024 06 03 03 14 30.000000 2   2.490634781749E-11  2.245393454503E-11
AR GRAC 2024 06 03 03 14 40.000000 2   2.694924144953E-11  1.750912782816E-11
AR GRAC 2024 06 03 03 14 50.000000 2   3.220722993857E-11  3.267432158172E-11
AR GRAC 2024 06 03 03 15  0.000000 2   2.565406047317E-11  2.243951378877E-11
AR GRAC 2024 06 03 03 15 10.000000 2   2.798698772732E-11  2.227470465022E-11
AR GRAC 2024 06 03 03 15 20.000000 2   3.295743192244E-11  2.651989391977E-11
AR GRAC 2024 06 03 03 15 30.000000 2   2.833442334926E-11  3.725508443408E-11
AR GRAC 2024 06 03 03 15 40.000000 2   2.684505916173E-11  4.729026892303E-11
AR GRAC 2024 06 03 03 15 50.000000 2   2.559362444199E-11  1.036545762417E-11
AR GRAC 2024 06 03 03 16  0.000000 2   2.992954842296E-11  3.777064078170E-11
AR GRAC 2024 06 03 03 16 10.000000 2   3.063477596599E-11  2.392582486299E-11
AR GRAC 2024 06 03 03 16 20.000000 2   2.826123189636E-11  2.652100934697E-11
AR GRAC 2024 06 03 03 16 30.000000 2   3.053361383176E-11  2.622618788806E-11
AR GRAC 2024 06 03 03 16 40.000000 2   3.807693049751E-11  3.580136881398E-11
AR GRAC 2024 06 03 03 16 50.000000 2   2.762135832557E-11  3.229654738091E-11
AR GRAC 2024 06 03 03 17  0.000000 2   3.180842741979E-11  1.506172790655E-11
AR GRAC 2024 06 03 03 17 10.000000 2   3.294201023074E-11  3.563690315067E-11
AR GRAC 2024 06 03 03 17 20.000000 2   2.815306147930E-11  2.631207751680E-11
AR GRAC 2024 06 03 03 17 30.000000 2   2.904743112708E-11  4.014725010770E-11
AR GRAC 2024 06 03 03 17 40.000000 2   3.260381895021E-11  1.679242508934E-11
AR GRAC 2024 06 03 03 17 50.000000 2   3.370100032374E-11  2.905759834138E-11
AR GRAC 2024 06 03 03 18  0.000000 2   2.981977165195E-11  2.315276789733E-11
AR GRAC 2024 06 03 03 18 10.000000 2   3.349657010099E-11  5.073793468702E-11
AR GRAC 2024 06 03 03 18 20.000000 2   3.520833624648E-11  2.227310523517E-11
AR GRAC 2024 06 03 03 18 30.000000 2   3.111232105280E-11  3.492826861073E-11
AR GRAC 2024 06 03 03 18 40.000000 2   3.388814576177E-11  2.949343894110E-11
AR GRAC 2024 06 03 03 18 50.000000 2   2.988399458448E-11  2.223860158523E-11
AR GRAC 2024 06 03 03 19  0.000000 2   3.385474539597E-11  3.281376212416E-11
AR GRAC 2024 06 03 03 19 10.000000 2   3.067348805508E-11  3.023892594656E-11
AR GRAC 2024 06 03 03 19 20.000000 2   3.280925184312E-11  2.844408909797E-11
AR GRAC 2024 06 03 03 19 30.000000 2   3.384445501631E-11  3.371924614526E-11
AR GRAC 2024 06 03 03 19 40.000000 2   3.467087034137E-11  3.922440844351E-11
AR GRAC 2024 06 03 03 19 50.000000 2   3.298799081120E-11  3.375956458829E-11
AR GRAC 2024 06 03 03 20  0.000000 2   3.395929371042E-11  2.115471860187E-11
AR GRAC 2024 06 03 03 20 10.000000 2   3.533240713893E-11  3.059987332965E-11
AR GRAC 2024 06 03 03 20 20.000000 2   3.182603139362E-11  3.821502836399E-11
AR GRAC 2024 06 03 03 20 30.000000 2   3.103102497182E-11  3.527017913840E-11
AR GRAC 2024 06 03 03 20 40.000000 2   3.142942503476E-11  4.056533234320E-11
AR GRAC 2024 06 03 03 20 50.000000 2   3.293518582859E-11  3.151048172390E-11
AR GRAC 2024 06 03 03 21  0.000000 2   3.178141777527E-11  2.476563051856E-11
AR GRAC 2024 06 03 03 21 10.000000 2   3.001679807491E-11  2.197077762778E-11
AR GRAC 2024 06 03 03 21 20.000000 2   3.316252134011E-11  4.599592581811E-11
AR GRAC 2024 06 03 03 21 30.000000 2   3.684424293438E-11  2.995106940240E-11
AR GRAC 2024 06 03 03 21 40.000000 2   3.273309401308E-11  2.401621262971E-11
AR GRAC 2024 06 03 03 21 50.000000 2   3.575084672747E-11  3.972135814712E-11
AR GRAC 2024 06 03 03 22  0.000000 2   3.249328237032E-11  2.463649943774E-11
AR GRAC 2024 06 03 03 22 10.000000 2   3.592707728539E-11  4.761163685529E-11
AR GRAC 2024 06 03 03 22 20.000000 2   3.634220355209E-11  4.011677795512E-11
AR GRAC 2024 06 03 03 22 30.000000 2   3.257200412166E-11  2.714191371656E-11
AR GRAC 2024 06 03 03 22 40.000000 2   3.665895711991E-11  3.669705164744E-11
AR GRAC 2024 06 03 03 22 50.000000 2   3.519619318215E-11  4.024218805410E-11
AR GRAC 2024 06 03 03 23  0.000000 2   3.667394513074E-11  4.135732034616E-11
AR GRAC 2024 06 03 03 23 10.000000 2   3.870207973544E-11  3.706245726987E-11
AR GRAC 2024 06 03 03 23 20.000000 2   3.683085433859E-11  2.371758865694E-11
AR GRAC 2024 06 03 03 23 30.000000 2   3.303443629754E-11  3.302271650574E-11
AR GRAC 2024 06 03 03 23 40.000000 2   3.265142670128E-11  2.657784756166E-11
AR GRAC 2024 06 03 03 23 50.000000 2   3.774812060153E-11  4.201297643114E-11
AR GRAC 2024 06 03 03 24  0.000000 2   3.619279181910E-11  3.456810185321E-11
AR GRAC 2024 06 03 03 24 10.000000 2   3.429619435669E-11  4.126323241427E-11
AR GRAC 2024 06 03 03 24 20.000000 2   3.669303055842E-11  3.308835497262E-11
AR GRAC 2024 06 03 03 24 30.000000 2   3.238002227457E-11  3.709347759506E-11
AR GRAC 2024 06 03 03 24 40.000000 2   3.260530734295E-11  3.149859886808E-11
AR GRAC 2024 06 03 03 24 50.000000 2   3.744762486213E-11  3.754372160381E-11
AR GRAC 2024 06 03 03 25  0.000000 2   3.249227623070E-11  3.558884090205E-11
AR GRAC 2024 06 03 03 25 10.000000 2   3.305358417527E-11  3.755395994176E-11
AR GRAC 2024 06 03 03 25 20.000000 2   3.729651656958E-11  3.551907726274E-11
AR GRAC 2024 06 03 03 25 30.000000 2   3.646367929822E-11  3.050419639106E-11
AR GRAC 2024 06 03 03 25 40.000000 2   3.332052342375E-11  4.530930838853E-11
AR GRAC 2024 06 03 03 25 50.000000 2   3.304908083313E-11  4.146442564301E-11
AR GRAC 2024 06 03 03 26  0.000000 2   3.446551724573E-11  3.919953597831E-11
AR GRAC 2024 06 03 03 26 10.000000 2   4.009556575646E-11  2.916464639235E-11
AR GRAC 2024 06 03 03 26 20.000000 2   3.326899519762E-11  3.506975612688E-11
AR GRAC 2024 06 03 03 26 30.000000 2   3.334122214427E-11  3.308486817843E-11
AR GRAC 2024 06 03 03 26 40.000000 2   3.079061658418E-11  3.376997639859E-11
AR GRAC 2024 06 03 03 26 50.000000 2   3.856877664465E-11  4.776508008564E-11
AR GRAC 2024 06 03 03 27  0.000000 2   3.334320319848E-11  3.514018590001E-11
AR GRAC 2024 06 03 03 27 10.000000 2   3.386220817636E-11  3.467529388623E-11
AR GRAC 2024 06 03 03 27 20.000000 2   3.451248661857E-11  3.463039577323E-11
AR GRAC 2024 06 03 03 27 30.000000 2   3.480590468619E-11  3.669549733520E-11
AR GRAC 2024 06 03 03 27 40.000000 2   3.483138777405E-11  4.548059845400E-11
AR GRAC 2024 06 03 03 27 50.000000 2   3.539647741579E-11  3.868569700693E-11
AR GRAC 2024 06 03 03 28  0.000000 2   3.338274448539E-11  4.126079339306E-11
AR GRAC 2024 06 03 03 28 10.000000 2   3.448699312236E-11  3.824589256407E-11
AR GRAC 2024 06 03 03 28 20.000000 2   3.216954480578E-11  3.490098834935E-11
AR GRAC 2024 06 03 03 28 30.000000 2   3.579255988817E-11  4.256608260311E-11
AR GRAC 2024 06 03 03 28 40.000000 2   3.226289721492E-11  3.848117310912E-11
AR GRAC 2024 06 03 03 28 50.000000 2   3.774688894786E-11  3.294627071160E-11
AR GRAC 2024 06 03 03 29  0.000000 2   3.165564338437E-11  3.582135976732E-11
AR GRAC 2024 06 03 03 29 10.000000 2   3.884115598596E-11  4.043644932783E-11
AR GRAC 2024 06 03 03 29 20.000000 2   3.299959611125E-11  4.884153845253E-11
AR GRAC 2024 06 03 03 29 30.000000 2   3.371395870810E-11  2.744662483400E-11
AR GRAC 2024 06 03 03 29 40.000000 2   3.250208782668E-11  4.634171171802E-11
AR GRAC 2024 06 03 03 29 50.000000 2   3.472676660121E-11  4.116679566679E-11
AR GRAC 2024 06 03 03 30  0.000000 2   3.483275126670E-11  4.074188209024E-11
AR GRAC 2024 06 03 03 30 10.000000 2   3.490131447736E-11  2.677696432640E-11
AR GRAC 2024 06 03 03 30 20.000000 2   3.110731811029E-11  4.157204441801E-11
AR GRAC 2024 06 03 03 30 30.000000 2   3.297429343463E-11  5.526712421045E-11
AR GRAC 2024 06 03 03 30 40.000000 2   3.282720970055E-11  2.721220471180E-11
AR GRAC 2024 06 03 03 30 50.000000 2   3.604213108521E-11  5.298728122938E-11
AR GRAC 2024 06 03 03 31  0.000000 2   3.237795448419E-11  3.159236067196E-11
AR GRAC 2024 06 03 03 31 10.000000 2   3.419111868630E-11  3.339743412378E-11
AR GRAC 2024 06 03 03 31 20.000000 2   3.389320074598E-11  5.055251009467E-11
AR GRAC 2024 06 03 03 31 30.000000 2   3.594661374118E-11  3.233758399945E-11
AR GRAC 2024 06 03 03 31 40.000000 2   3.284405386550E-11  4.732265274088E-11
AR GRAC 2024 06 03 03 31 50.000000 2   3.319746214037E-11  3.774772508458E-11
AR GRAC 2024 06 03 03 32  0.000000 2   3.156119462999E-11  3.957279295919E-11
AR GRAC 2024 06 03 03 32 10.000000 2   3.744543911055E-11  5.211786210935E-11
AR GRAC 2024 06 03 03 32 20.000000 2   2.807915358560E-11  3.677292845228E-11
AR GRAC 2024 06 03 03 32 30.000000 2   3.391457947810E-11  4.030799305443E-11
AR GRAC 2024 06 03 03 32 40.000000 2   2.906403069602E-11  3.588305694247E-11
AR GRAC 2024 06 03 03 32 50.000000 2   3.355918321013E-11  2.674812107917E-11
AR GRAC 2024 06 03 03 33  0.000000 2   3.428060613153E-11  4.650318324861E-11
AR GRAC 2024 06 03 03 33 10.000000 2   3.187090522050E-11  4.104824466444E-11
AR GRAC 2024 06 03 03 33 20.000000 2   3.036644199983E-11  3.480330607042E-11
AR GRAC 2024 06 03 03 33 30.000000 2   2.721224981461E-11  4.429836358844E-11
AR GRAC 2024 06 03 03 33 40.000000 2   2.914877367255E-11  4.154342148066E-11
AR GRAC 2024 06 03 03 33 50.000000 2   3.499419851116E-11  4.422847851848E-11
AR GRAC 2024 06 03 03 34  0.000000 2   2.900505183256E-11  2.900353048008E-11
AR GRAC 2024 06 03 03 34 10.000000 2   3.367671419507E-11  4.020858646037E-11
AR GRAC 2024 06 03 03 34 20.000000 2   3.297670816971E-11  3.351363977999E-11
AR GRAC 2024 06 03 03 34 30.000000 2   2.853889347065E-11  5.519869283876E-11
AR GRAC 2024 06 03 03 34 40.000000 2   3.062323311598E-11  4.614374160550E-11
AR GRAC 2024 06 03 03 34 50.000000 2   2.968651366397E-11  3.671878773259E-11
AR GRAC 2024 06 03 03 35  0.000000 2   2.967790943553E-11  5.143383635664E-11
AR GRAC 2024 06 03 03 35 10.000000 2   2.876328342172E-11  3.011888308202E-11
AR GRAC 2024 06 03 03 35 20.000000 2   2.752610465950E-11  3.932392952932E-11
AR GRAC 2024 06 03 03 35 30.000000 2   2.952545499757E-11  3.451897101492E-11
AR GRAC 2024 06 03 03 35 40.000000 2   2.962665529571E-11  3.661401390409E-11
AR GRAC 2024 06 03 03 35 50.000000 2   2.713071087235E-11  3.478905705179E-11
AR GRAC 2024 06 03 03 36  0.000000 2   2.877651589239E-11  4.169409956178E-11
AR GRAC 2024 06 03 03 36 10.000000 2   2.895306910888E-11  4.650914028903E-11
AR GRAC 2024 06 03 03 36 20.000000 2   2.821746655779E-11  3.778417856370E-11
AR GRAC 2024 06 03 03 36 30.000000 2   2.866284987135E-11  3.367921219688E-11
AR GRAC 2024 06 03 03 36 40.000000 2   2.460893988587E-11  4.396424890807E-11
AR GRAC 2024 06 03 03 36 50.000000 2   2.046286924628E-11  4.070928316668E-11
AR GRAC 2024 06 03 03 37  0.000000 2   3.021478206522E-11  5.467431715700E-11
AR GRAC 2024 06 03 03 37 10.000000 2   2.444536933988E-11  3.648934973621E-11
AR GRAC 2024 06 03 03 37 20.000000 2   2.499654649935E-11  4.008437679004E-11
AR GRAC 2024 06 03 03 37 30.000000 2   2.745851462871E-11  3.198940765059E-11
AR GRAC 2024 06 03 03 37 40.000000 2   2.473330915076E-11  6.128443585940E-11
AR GRAC 2024 06 03 03 37 50.000000 2   2.751031347170E-11  3.121946451357E-11
AR GRAC 2024 06 03 03 38  0.000000 2   2.902222559498E-11  3.795449024513E-11
AR GRAC 2024 06 03 03 38 10.000000 2   2.573094341762E-11  3.241951845867E-11
AR GRAC 2024 06 03 03 38 20.000000 2   2.918994559953E-11  3.491454000915E-11
AR GRAC 2024 06 03 03 38 30.000000 2   2.318430343540E-11  4.595956254461E-11
AR GRAC 2024 06 03 03 38 40.000000 2   2.165073502425E-11  5.852458795363E-11
AR GRAC 2024 06 03 03 38 50.000000 2   2.653338312952E-11  3.862960298862E-11
AR GRAC 2024 06 03 03 39  0.000000 2   2.664666751140E-11  1.228462036956E-11
AR GRAC 2024 06 03 03 39 10.000000 2   2.868162651826E-11  4.817964083248E-11
AR GRAC 2024 06 03 03 39 20.000000 2   2.092402119624E-11  3.155465472249E-11
AR GRAC 2024 06 03 03 39 30.000000 2   2.383545097406E-11  2.505966961719E-11
AR GRAC 2024 06 03 03 39 40.000000 2   2.238020185841E-11  5.575468906005E-11
AR GRAC 2024 06 03 03 39 50.000000 2   2.743839357111E-11  3.538969811645E-11
AR GRAC 2024 06 03 03 40  0.000000 2   2.194478626594E-11  3.652471033955E-11
AR GRAC 2024 06 03 03 40 10.000000 2   1.876120959976E-11  4.100971992549E-11
AR GRAC 2024 06 03 03 40 20.000000 2   2.468556088708E-11  4.426472730024E-11
AR GRAC 2024 06 03 03 40 30.000000 2   2.232029665261E-11  3.018973612767E-11
AR GRAC 2024 06 03 03 40 40.000000 2   2.455451814098E-11  4.046474266772E-11
AR GRAC 2024 06 03 03 40 50.000000 2   2.072632170058E-11  2.310974848985E-11
AR GRAC 2024 06 03 03 41  0.000000 2   2.289208406170E-11  4.517475629684E-11
AR GRAC 2024 06 03 03 41 10.000000 2   2.142264317329E-11  5.425975641016E-11
AR GRAC 2024 06 03 03 41 20.000000 2   2.301699976448E-11  1.470476171384E-11
AR GRAC 2024 06 03 03 41 30.000000 2   1.765294681266E-11  4.030975900293E-11
AR GRAC 2024 06 03 03 41 40.000000 2   2.370651765171E-11  3.504476223104E-11
AR GRAC 2024 06 03 03 41 50.000000 2   1.723294250355E-11  5.038975833815E-11
AR GRAC 2024 06 03 03 42  0.000000 2   2.173270764738E-11  3.156475428256E-11
AR GRAC 2024 06 03 03 42 10.000000 2   2.090530006049E-11  3.346975127605E-11
AR GRAC 2024 06 03 03 42 20.000000 2   1.565154950089E-11  4.740474332521E-11
AR GRAC 2024 06 03 03 42 30.000000 2   2.188693150329E-11  3.718973740074E-11
AR GRAC 2024 06 03 03 42 40.000000 2   1.822000016138E-11  3.386473046429E-11
AR GRAC 2024 06 03 03 42 50.000000 2   1.538463627326E-11  4.320972399330E-11
AR GRAC 2024 06 03 03 43  0.000000 2   1.908165292441E-11  3.489471558926E-11
AR GRAC 2024 06 03 03 43 10.000000 2   1.941100058467E-11  4.014970300670E-11
AR GRAC 2024 06 03 03 43 20.000000 2   1.999101405248E-11  4.510469081564E-11
AR GRAC 2024 06 03 03 43 30.000000 2   1.724306288031E-11  3.820967847679E-11
AR GRAC 2024 06 03 03 43 40.000000 2   1.830790727353E-11  3.691466229916E-11
AR GRAC 2024 06 03 03 43 50.000000 2   1.732970017487E-11  3.738964346467E-11
AR GRAC 2024 06 03 03 44  0.000000 2   1.440656708512E-11  3.709462598200E-11
AR GRAC 2024 06 03 03 44 10.000000 2   1.581091507719E-11  5.487960780259E-11
AR GRAC 2024 06 03 03 44 20.000000 2   1.876158603475E-11  1.675459077033E-11
AR GRAC 2024 06 03 03 44 30.000000 2   1.677250699439E-11  4.265956685123E-11
AR GRAC 2024 06 03 03 44 40.000000 2   1.536124352719E-11  2.021454705015E-11
AR GRAC 2024 06 03 03 44 50.000000 2   1.607332149323E-11  4.296952377247E-11
AR GRAC 2024 06 03 03 45  0.000000 2   1.238308847823E-11  3.138449916618E-11
AR GRAC 2024 06 03 03 45 10.000000 2   1.858832879287E-11  4.707947573457E-11
AR GRAC 2024 06 03 03 45 20.000000 2   1.455968332009E-11  3.321444508320E-11
AR GRAC 2024 06 03 03 45 30.000000 2   1.022271156614E-11  1.875941936513E-11
AR GRAC 2024 06 03 03 45 40.000000 2   1.831178784995E-11  4.863438818337E-11
AR GRAC 2024 06 03 03 45 50.000000 2   1.634043594878E-11  3.660935790628E-11
AR GRAC 2024 06 03 03 46  0.000000 2   1.303153678717E-11  3.255432728944E-11
AR GRAC 2024 06 03 03 46 10.000000 2   1.459268643422E-11  2.397929424469E-11
AR GRAC 2024 06 03 03 46 20.000000 2   1.251643406974E-11  4.168426021023E-11
AR GRAC 2024 06 03 03 46 30.000000 2   1.501677775184E-11  3.026922462679E-11
AR GRAC 2024 06 03 03 46 40.000000 2   1.065076239010E-11  4.253418797728E-11
AR GRAC 2024 06 03 03 46 50.000000 2   1.551916060938E-11  3.375915172410E-11
AR GRAC 2024 06 03 03 47  0.000000 2   1.023950368939E-11  2.717411018427E-11
AR GRAC 2024 06 03 03 47 10.000000 2   1.542460603687E-11  3.404907258919E-11
AR GRAC 2024 06 03 03 47 20.000000 2   1.171782549464E-11  3.703403209099E-11
AR GRAC 2024 06 03 03 47 30.000000 2   1.026445334978E-11  1.480898736972E-11
AR GRAC 2024 06 03 03 47 40.000000 2   1.408130556602E-11  4.616394419510E-11
AR GRAC 2024 06 03 03 47 50.000000 2   1.770336308105E-11  4.414889981375E-11
AR GRAC 2024 06 03 03 48  0.000000 2   1.043786758415E-11  2.554385349074E-11
AR GRAC 2024 06 03 03 48 10.000000 2   7.550304131909E-12  4.536880593431E-11
AR GRAC 2024 06 03 03 48 20.000000 2   1.640595471974E-11  3.478375573684E-11
AR GRAC 2024 06 03 03 48 30.000000 2   9.725758393087E-12  3.686870947428E-11
AR GRAC 2024 06 03 03 48 40.000000 2   1.549524224209E-11  1.338365616249E-11
AR GRAC 2024 06 03 03 48 50.000000 2   1.183086961731E-11  3.698860662205E-11
AR GRAC 2024 06 03 03 49  0.000000 2   9.561238085987E-12  2.576354928008E-11
AR GRAC 2024 06 03 03 49 10.000000 2   1.223836830488E-11  4.238849549143E-11
AR GRAC 2024 06 03 03 49 20.000000 2   8.828397214666E-12  3.202344292519E-11
AR GRAC 2024 06 03 03 49 30.000000 2   1.110846137298E-11  2.964838444197E-11
AR GRAC 2024 06 03 03 49 40.000000 2   8.333217796364E-12  1.888332545885E-11
AR GRAC 2024 06 03 03 49 50.000000 2   1.153281376648E-11  3.220826730321E-11
