 2.00 C RINEX VERSION / TYPE
 10.00 INTERVAL
 1 AR # / TYPES OF DATA
 END OF HEADER
AR GRAC 2024 06 10 01 50  0.000000 2   2.619092095979E-11  3.354287680946E-11
AR GRAC 2024 06 10 01 50 10.000000 2   3.130738029933E-11  3.230123460374E-11
AR GRAC 2024 06 10 01 50 20.000000 2   2.908225049669E-11  3.105959239802E-11
AR GRAC 2024 06 10 01 50 30.000000 2   2.967170606438E-11  2.958128186847E-11
AR GRAC 2024 06 10 01 50 40.000000 2   3.456522915113E-11  2.939796323043E-11
AR GRAC 2024 06 10 01 50 50.000000 2   3.483552335481E-11  2.921464112293E-11
AR GRAC 2024 06 10 01 51  0.000000 2   2.969620382931E-11  3.622632402389E-11
AR GRAC 2024 06 10 01 51 10.000000 2   3.066082457370E-11  3.414799693013E-11
AR GRAC 2024 06 10 01 51 20.000000 2   2.761125876549E-11  3.206966983638E-11
AR GRAC 2024 06 10 01 51 30.000000 2   3.571182585760E-11  2.680134413013E-11
AR GRAC 2024 06 10 01 51 40.000000 2   3.129247208578E-11  3.070301304864E-11
AR GRAC 2024 06 10 01 51 50.000000 2   3.034719003869E-11  3.095467632219E-11
AR GRAC 2024 06 10 01 52  0.000000 2   3.107978110983E-11  3.120633959575E-11
AR GRAC 2024 06 10 01 52 10.000000 2   3.021974337436E-11  3.480800023214E-11
AR GRAC 2024 06 10 01 52 20.000000 2   2.860016390382E-11  3.157965902667E-11
AR GRAC 2024 06 10 01 52 30.000000 2   3.522079849994E-11  2.835130914758E-11
AR GRAC 2024 06 10 01 52 40.000000 2   3.232587114654E-11  3.212796001462E-11
AR GRAC 2024 06 10 01 52 50.000000 2   3.478859561534E-11  3.590461261638E-11
AR GRAC 2024 06 10 01 53  0.000000 2   3.097332806901E-11  3.331625600400E-11
AR GRAC 2024 06 10 01 53 10.000000 2   3.317395663727E-11  3.538790094293E-11
AR GRAC 2024 06 10 01 53 20.000000 2   3.232750872550E-11  3.604954182390E-11
AR GRAC 2024 06 10 01 53 30.000000 2   3.241639942586E-11  1.860117962438E-11
AR GRAC 2024 06 10 01 53 40.000000 2   3.071431303736E-11  2.232281373638E-11
AR GRAC 2024 06 10 01 53 50.000000 2   3.001675297210E-11  2.604444611365E-11
AR GRAC 2024 06 10 01 54  0.000000 2   3.417640823122E-11  2.976607502148E-11
AR GRAC 2024 06 10 01 54 10.000000 2   2.869178332421E-11  2.159770279286E-11
AR GRAC 2024 06 10 01 54 20.000000 2   3.243691426569E-11  2.835432756643E-11
AR GRAC 2024 06 10 01 54 30.000000 2   3.409947324506E-11  3.511094887054E-11
AR GRAC 2024 06 10 01 54 40.000000 2   3.385391272870E-11  3.226757055996E-11
AR GRAC 2024 06 10 01 54 50.000000 2   3.047032764991E-11  2.942418531049E-11
AR GRAC 2024 06 10 01 55  0.000000 2   3.506037127288E-11  3.138913087786E-11
AR GRAC 2024 06 10 01 55 10.000000 2   3.396571218728E-11  3.335407644522E-11
AR GRAC 2024 06 10 01 55 20.000000 2   3.147669278003E-11  3.531901854315E-11
AR GRAC 2024 06 10 01 55 30.000000 2   3.379931057257E-11  3.278062196688E-11
AR GRAC 2024 06 10 01 55 40.000000 2   3.011380034224E-11  3.314222507544E-11
AR GRAC 2024 06 10 01 55 50.000000 2   3.359712161255E-11  2.889382656746E-11
AR GRAC 2024 06 10 01 56  0.000000 2   3.526366698647E-11  2.043042297839E-11
AR GRAC 2024 06 10 01 56 10.000000 2   2.923934011578E-11  1.196701765460E-11
AR GRAC 2024 06 10 01 56 20.000000 2   2.722617443995E-11  2.094860916679E-11
AR GRAC 2024 06 10 01 56 30.000000 2   3.290914415977E-11  2.993020067898E-11
AR GRAC 2024 06 10 01 56 40.000000 2   3.546545002120E-11  2.944178581488E-11
AR GRAC 2024 06 10 01 56 50.000000 2   3.377543036920E-11  2.895336574660E-11
AR GRAC 2024 06 10 01 57  0.000000 2   3.118276470371E-11  3.105828094707E-11
AR GRAC 2024 06 10 01 57 10.000000 2   3.257977568283E-11  3.316319441282E-11
AR GRAC 2024 06 10 01 57 20.000000 2   3.216388266836E-11  3.526810440913E-11
AR GRAC 2024 06 10 01 57 30.000000 2   3.257079328467E-11  3.207967572139E-11
AR GRAC 2024 06 10 01 57 40.000000 2   3.314945540289E-11  3.421124841751E-11
AR GRAC 2024 06 10 01 57 50.000000 2   3.402599729752E-11  3.634281417475E-11
AR GRAC 2024 06 10 01 58  0.000000 2   3.255604466568E-11  2.893437746343E-11
AR GRAC 2024 06 10 01 58 10.000000 2   2.872073238958E-11  2.152593901739E-11
AR GRAC 2024 06 10 01 58 20.000000 2   2.859673435551E-11  2.009750005305E-11
AR GRAC 2024 06 10 01 58 30.000000 2   3.069252491050E-11  1.866905414982E-11
AR GRAC 2024 06 10 01 58 40.000000 2   3.213010413283E-11  2.635060919465E-11
AR GRAC 2024 06 10 01 58 50.000000 2   3.037152127017E-11  3.403215903530E-11
AR GRAC 2024 06 10 01 59  0.000000 2   3.170202642067E-11  3.215870972295E-11
AR GRAC 2024 06 10 01 59 10.000000 2   3.340526119611E-11  3.028525347171E-11
AR GRAC 2024 06 10 01 59 20.000000 2   2.949826841125E-11  2.440679429394E-11
AR GRAC 2024 06 10 01 59 30.000000 2   3.187987027142E-11  2.974333626615E-11
AR GRAC 2024 06 10 01 59 40.000000 2   2.779871992320E-11  3.507987303419E-11
AR GRAC 2024 06 10 01 59 50.000000 2   3.226674483159E-11  3.460140507450E-11
AR GRAC 2024 06 10 02 00  0.000000 2   2.989528416486E-11  3.412294058425E-11
AR GRAC 2024 06 10 02 00 10.000000 2   3.107060095320E-11  3.300446721477E-11
AR GRAC 2024 06 10 02 00 20.000000 2   2.490768355456E-11  2.569099620542E-11
AR GRAC 2024 06 10 02 00 30.000000 2   3.097192988188E-11  1.837751999190E-11
AR GRAC 2024 06 10 02 00 40.000000 2   2.775353037665E-11  1.995903962937E-11
AR GRAC 2024 06 10 02 00 50.000000 2   3.040406121313E-11  2.154055926684E-11
AR GRAC 2024 06 10 02 01  0.000000 2   2.882626255751E-11  2.312207543487E-11
AR GRAC 2024 06 10 02 01 10.000000 2   2.992931943946E-11  2.688858857791E-11
AR GRAC 2024 06 10 02 01 20.000000 2   3.093926503883E-11  3.065509998623E-11
AR GRAC 2024 06 10 02 01 30.000000 2   2.981631261334E-11  2.927660544549E-11
AR GRAC 2024 06 10 02 01 40.000000 2   2.695525400109E-11  2.789810917003E-11
AR GRAC 2024 06 10 02 01 50.000000 2   3.175238197373E-11  2.853960991145E-11
AR GRAC 2024 06 10 02 02  0.000000 2   2.941006813084E-11  3.639111234577E-11
AR GRAC 2024 06 10 02 02 10.000000 2   3.028216219447E-11  3.584260666045E-11
AR GRAC 2024 06 10 02 02 20.000000 2   2.725029750461E-11  2.947410371323E-11
AR GRAC 2024 06 10 02 02 30.000000 2   3.005895532482E-11  2.310559209240E-11
AR GRAC 2024 06 10 02 02 40.000000 2   2.239126419001E-11  2.871208132360E-11
AR GRAC 2024 06 10 02 02 50.000000 2   2.374526270055E-11  3.431856535063E-11
AR GRAC 2024 06 10 02 03  0.000000 2   2.979443081141E-11  3.629004735606E-11
AR GRAC 2024 06 10 02 03 10.000000 2   3.132090420355E-11  3.484652844055E-11
AR GRAC 2024 06 10 02 03 20.000000 2   2.987898817253E-11  3.340300952503E-11
AR GRAC 2024 06 10 02 03 30.000000 2   2.605021580393E-11  1.646448082038E-11
AR GRAC 2024 06 10 02 03 40.000000 2   2.644781789407E-11  3.235595125162E-11
AR GRAC 2024 06 10 02 03 50.000000 2   2.840188154107E-11  3.106742293979E-11
AR GRAC 2024 06 10 02 04  0.000000 2   2.922783196024E-11  3.148889135551E-11
AR GRAC 2024 06 10 02 04 10.000000 2   2.245489905128E-11  2.817535267596E-11
AR GRAC 2024 06 10 02 04 20.000000 2   2.782440597371E-11  2.486181573114E-11
AR GRAC 2024 06 10 02 04 30.000000 2   2.851964844841E-11  2.377993982283E-11
AR GRAC 2024 06 10 02 04 40.000000 2   2.639876511834E-11  2.269806391453E-11
AR GRAC 2024 06 10 02 04 50.000000 2   2.297667611728E-11  2.161618280205E-11
AR GRAC 2024 06 10 02 05  0.000000 2   2.376275912153E-11  3.324763381274E-11
AR GRAC 2024 06 10 02 05 10.000000 2   2.806378567033E-11  3.110908058934E-11
AR GRAC 2024 06 10 02 05 20.000000 2   2.513120093972E-11  3.778052870551E-11
AR GRAC 2024 06 10 02 05 30.000000 2   2.627627455898E-11  3.478196550222E-11
AR GRAC 2024 06 10 02 05 40.000000 2   2.994733280803E-11  2.634340662278E-11
AR GRAC 2024 06 10 02 05 50.000000 2   2.445239843940E-11  3.436484430352E-11
AR GRAC 2024 06 10 02 06  0.000000 2   2.479364630270E-11  2.813627976439E-11
AR GRAC 2024 06 10 02 06 10.000000 2   2.475228182142E-11  2.158104250860E-11
AR GRAC 2024 06 10 02 06 20.000000 2   2.431548712378E-11  1.502580351809E-11
AR GRAC 2024 06 10 02 06 30.000000 2   2.408025168155E-11  8.470562792851E-12
AR GRAC 2024 06 10 02 06 40.000000 2   2.478531442585E-11  2.232198800800E-11
AR GRAC 2024 06 10 02 06 50.000000 2   2.288823297558E-11  3.617340801898E-11
AR GRAC 2024 06 10 02 07  0.000000 2   2.544109888036E-11  2.129482354341E-11
AR GRAC 2024 06 10 02 07 10.000000 2   2.204562053743E-11  2.134624074723E-11
AR GRAC 2024 06 10 02 07 20.000000 2   2.863437265077E-11  3.413765103932E-11
AR GRAC 2024 06 10 02 07 30.000000 2   2.129606907486E-11  3.397906261915E-11
AR GRAC 2024 06 10 02 07 40.000000 2   2.803338637614E-11  2.735047084645E-11
AR GRAC 2024 06 10 02 07 50.000000 2   2.126623530052E-11  2.488187260397E-11
AR GRAC 2024 06 10 02 08  0.000000 2   2.588484808441E-11  3.376327342708E-11
AR GRAC 2024 06 10 02 08 10.000000 2   2.262066055303E-11  2.905467359759E-11
AR GRAC 2024 06 10 02 08 20.000000 2   2.039743027260E-11  2.434606856394E-11
AR GRAC 2024 06 10 02 08 30.000000 2   1.993692190505E-11  3.239746318440E-11
AR GRAC 2024 06 10 02 08 40.000000 2   2.011769396904E-11  2.367885228172E-11
AR GRAC 2024 06 10 02 08 50.000000 2   2.093159326422E-11  3.019024266693E-11
AR GRAC 2024 06 10 02 09  0.000000 2   1.915168024169E-11  3.069162285430E-11
AR GRAC 2024 06 10 02 09 10.000000 2   1.715583751449E-11  5.353007967446E-12
AR GRAC 2024 06 10 02 09 20.000000 2   2.019532284459E-11  2.105438566546E-11
AR GRAC 2024 06 10 02 09 30.000000 2   2.418632655266E-11  3.675576162876E-11
AR GRAC 2024 06 10 02 09 40.000000 2   2.410628294203E-11  3.177713647773E-11
AR GRAC 2024 06 10 02 09 50.000000 2   1.951530083366E-11  2.679850959197E-11
AR GRAC 2024 06 10 02 10  0.000000 2   1.996035801921E-11  1.063987873501E-11
AR GRAC 2024 06 10 02 10 10.000000 2   2.116173208888E-11  3.421124494807E-11
AR GRAC 2024 06 10 02 10 20.000000 2   1.811554552200E-11  2.569760723659E-11
AR GRAC 2024 06 10 02 10 30.000000 2   2.096127091344E-11  1.718396952510E-11
AR GRAC 2024 06 10 02 10 40.000000 2   1.583011846606E-11  3.528532674379E-11
AR GRAC 2024 06 10 02 10 50.000000 2   2.066228958764E-11  1.928668162676E-11
AR GRAC 2024 06 10 02 11  0.000000 2   1.802237178938E-11  7.168033527849E-12
AR GRAC 2024 06 10 02 11 10.000000 2   2.315754532578E-11 -3.255616913209E-12
AR GRAC 2024 06 10 02 11 20.000000 2   1.984881876915E-11 -1.367926692059E-11
AR GRAC 2024 06 10 02 11 30.000000 2   1.854097257670E-11  1.053207434459E-11
AR GRAC 2024 06 10 02 11 40.000000 2   2.040769116196E-11  3.474341647713E-11
AR GRAC 2024 06 10 02 11 50.000000 2   1.459983869911E-11  1.577475476633E-11
AR GRAC 2024 06 10 02 12  0.000000 2   1.430617343340E-11  1.563608964528E-11
AR GRAC 2024 06 10 02 12 10.000000 2   1.453410048563E-11  1.549742452422E-11
AR GRAC 2024 06 10 02 12 20.000000 2   1.977230011663E-11  2.536875397252E-11
AR GRAC 2024 06 10 02 12 30.000000 2   1.976439671647E-11  3.524008168609E-11
AR GRAC 2024 06 10 02 12 40.000000 2   1.731788150383E-11  1.768140842073E-11
AR GRAC 2024 06 10 02 12 50.000000 2   1.756363630923E-11  2.996273021361E-11
AR GRAC 2024 06 10 02 13  0.000000 2   1.664641341437E-11  3.455405059305E-11
AR GRAC 2024 06 10 02 13 10.000000 2   9.941835549254E-12  3.294536865539E-11
AR GRAC 2024 06 10 02 13 20.000000 2   1.564581797453E-11  3.096668060865E-11
AR GRAC 2024 06 10 02 13 30.000000 2   1.466539910344E-11  2.097799364775E-11
AR GRAC 2024 06 10 02 13 40.000000 2   1.597736005998E-11  1.430930374191E-11
AR GRAC 2024 06 10 02 13 50.000000 2   1.485105441401E-11  1.132060851311E-11
AR GRAC 2024 06 10 02 14  0.000000 2   1.605598293208E-11  3.543191434696E-11
AR GRAC 2024 06 10 02 14 10.000000 2   1.379948932900E-11  2.459321288284E-11
AR GRAC 2024 06 10 02 14 20.000000 2   1.568568712418E-11  1.656451191490E-11
AR GRAC 2024 06 10 02 14 30.000000 2   1.173294100765E-11  3.262580483554E-11
AR GRAC 2024 06 10 02 14 40.000000 2   1.006182377000E-11  2.147709961264E-11
AR GRAC 2024 06 10 02 14 50.000000 2   1.667627841373E-11  1.935338868331E-11
AR GRAC 2024 06 10 02 15  0.000000 2   1.049001250447E-11  1.722967601925E-11
AR GRAC 2024 06 10 02 15 10.000000 2   1.281943648457E-11  2.150096073406E-11
AR GRAC 2024 06 10 02 15 20.000000 2   1.260089081689E-11  2.296224321796E-11
AR GRAC 2024 06 10 02 15 30.000000 2   9.493189220833E-12  1.289352132006E-11
AR GRAC 2024 06 10 02 15 40.000000 2   1.742852216713E-11  2.628479725542E-11
AR GRAC 2024 06 10 02 15 50.000000 2   1.484810538410E-11  2.170607096841E-11
AR GRAC 2024 06 10 02 16  0.000000 2   6.567565935534E-12  2.595734044375E-11
AR GRAC 2024 06 10 02 16 10.000000 2   9.518867465086E-12  7.178610136882E-12
AR GRAC 2024 06 10 02 16 20.000000 2   7.452136130404E-12  2.217987425668E-11
AR GRAC 2024 06 10 02 16 30.000000 2   1.360555505064E-11  1.643113943517E-11
AR GRAC 2024 06 10 02 16 40.000000 2   1.170750909413E-11  2.580239841232E-11
AR GRAC 2024 06 10 02 16 50.000000 2   9.040362208834E-12  1.441365429788E-11
AR GRAC 2024 06 10 02 17  0.000000 2   6.570909615033E-12  1.781490927000E-11
AR GRAC 2024 06 10 02 17 10.000000 2   1.086342821255E-11  2.238616063355E-11
AR GRAC 2024 06 10 02 17 20.000000 2   1.014064179850E-11  1.570741106627E-11
AR GRAC 2024 06 10 02 17 30.000000 2   5.830183558153E-12  2.580865729462E-11
AR GRAC 2024 06 10 02 17 40.000000 2   6.290398757436E-12  2.049990038833E-11
AR GRAC 2024 06 10 02 17 50.000000 2   8.590683719945E-12  5.111144580489E-12
AR GRAC 2024 06 10 02 18  0.000000 2   3.661035450492E-12  2.602237869631E-11
AR GRAC 2024 06 10 02 18 10.000000 2   8.599660046571E-12  3.943614098473E-12
AR GRAC 2024 06 10 02 18 20.000000 2   9.362567145177E-12  7.048474217480E-13
AR GRAC 2024 06 10 02 18 30.000000 2   7.200852761291E-12  1.067607720978E-11
AR GRAC 2024 06 10 02 18 40.000000 2   1.495144633101E-11  1.145730559038E-11
AR GRAC 2024 06 10 02 18 50.000000 2   6.717568341863E-12  2.079852956527E-11
AR GRAC 2024 06 10 02 19  0.000000 2   1.063944245205E-11  2.059975280633E-11
AR GRAC 2024 06 10 02 19 10.000000 2   5.460230791815E-12  1.254096999859E-11
AR GRAC 2024 06 10 02 19 20.000000 2   4.836274176273E-12  1.183218800715E-11
AR GRAC 2024 06 10 02 19 30.000000 2   9.529444074119E-12  2.057340062200E-11
AR GRAC 2024 06 10 02 19 40.000000 2   6.480146714366E-12  3.564612147122E-12
AR GRAC 2024 06 10 02 19 50.000000 2   8.840947071653E-12  6.185821820048E-12
AR GRAC 2024 06 10 02 20  0.000000 2   4.457285235349E-12  2.361702500231E-11
AR GRAC 2024 06 10 02 20 10.000000 2   1.714651424317E-12  1.864822879449E-11
AR GRAC 2024 06 10 02 20 20.000000 2   4.230230749025E-12 -8.440570291313E-12
AR GRAC 2024 06 10 02 20 30.000000 2   7.663606728381E-12  8.150626007453E-12
AR GRAC 2024 06 10 02 20 40.000000 2   6.279112429661E-13  1.547182000572E-11
AR GRAC 2024 06 10 02 20 50.000000 2   3.062987580585E-12  1.840301348810E-11
AR GRAC 2024 06 10 02 21  0.000000 2   4.484425417811E-12 -8.535797936526E-12
AR GRAC 2024 06 10 02 21 10.000000 2   4.721081164893E-12  1.640538919989E-11
AR GRAC 2024 06 10 02 21 20.000000 2   1.282574632437E-12  5.086572656132E-12
AR GRAC 2024 06 10 02 21 30.000000 2   2.334531222850E-12  8.987754117340E-12
AR GRAC 2024 06 10 02 21 40.000000 2   4.765017373731E-12  3.538932384986E-12
AR GRAC 2024 06 10 02 21 50.000000 2   6.624834361646E-12  2.173010903161E-11
AR GRAC 2024 06 10 02 22  0.000000 2   7.288209966094E-12 -1.958721162695E-12
AR GRAC 2024 06 10 02 22 10.000000 2   4.932414069195E-13  1.532450056609E-12
AR GRAC 2024 06 10 02 22 20.000000 2   2.101561329473E-12  1.926361847815E-11
AR GRAC 2024 06 10 02 22 30.000000 2   5.905662677635E-12  4.004781749278E-12
AR GRAC 2024 06 10 02 22 40.000000 2   4.028226103375E-12  4.465943240217E-12
AR GRAC 2024 06 10 02 22 50.000000 2   3.506038558435E-12 -4.622897117196E-12
AR GRAC 2024 06 10 02 23  0.000000 2   5.952307331920E-13  2.718262464077E-12
AR GRAC 2024 06 10 02 23 10.000000 2   4.565987778843E-12  1.373941412031E-11
AR GRAC 2024 06 10 02 23 20.000000 2   4.237599854351E-12 -1.239943564491E-11
AR GRAC 2024 06 10 02 23 30.000000 2  -1.825169139089E-12  1.905171333194E-11
AR GRAC 2024 06 10 02 23 40.000000 2  -2.765041017330E-12 -1.670713914437E-11
AR GRAC 2024 06 10 02 23 50.000000 2   1.197891503872E-12  6.314001405050E-12
AR GRAC 2024 06 10 02 24  0.000000 2  -9.614033744457E-13  6.485144452700E-12
AR GRAC 2024 06 10 02 24 10.000000 2  -2.269405800434E-12 -7.637179192006E-13
AR GRAC 2024 06 10 02 24 20.000000 2   2.010737062963E-12  2.067417417817E-12
AR GRAC 2024 06 10 02 24 30.000000 2   6.781467206361E-13  1.104854662620E-11
AR GRAC 2024 06 10 02 24 40.000000 2   2.839176376640E-12  8.949676937042E-12
AR GRAC 2024 06 10 02 24 50.000000 2  -1.745926428605E-12  1.390802186960E-12
AR GRAC 2024 06 10 02 25  0.000000 2  -1.475924417405E-12 -8.408070246990E-12
AR GRAC 2024 06 10 02 25 10.000000 2  -1.352749075950E-12 -8.026949764595E-12
AR GRAC 2024 06 10 02 25 20.000000 2  -2.166993364264E-12 -5.135831863956E-12
AR GRAC 2024 06 10 02 25 30.000000 2  -6.594628055440E-12 -9.654717997298E-12
AR GRAC 2024 06 10 02 25 40.000000 2  -3.635930315507E-12  7.716397833202E-12
AR GRAC 2024 06 10 02 25 50.000000 2  -2.715464571951E-12 -7.852492094063E-12
AR GRAC 2024 06 10 02 26  0.000000 2   7.854955292978E-13  1.558614565536E-12
AR GRAC 2024 06 10 02 26 10.000000 2  -4.363926212579E-13  6.797200064086E-13
AR GRAC 2024 06 10 02 26 20.000000 2  -5.246853732738E-12 -1.249917617324E-11
AR GRAC 2024 06 10 02 26 30.000000 2  -3.734125367857E-13 -1.472807986680E-11
AR GRAC 2024 06 10 02 26 40.000000 2   9.593213268037E-14  6.213016646300E-12
AR GRAC 2024 06 10 02 26 50.000000 2   1.509832840349E-12 -3.795888516706E-12
AR GRAC 2024 06 10 02 27  0.000000 2  -4.526851983544E-12 -1.153479742277E-11
AR GRAC 2024 06 10 02 27 10.000000 2  -1.413067145933E-12 -8.713709441499E-12
AR GRAC 2024 06 10 02 27 20.000000 2  -3.970844052875E-12 -1.098262106258E-11
AR GRAC 2024 06 10 02 27 30.000000 2  -3.419332959137E-12 -2.261539479992E-12
AR GRAC 2024 06 10 02 27 40.000000 2  -1.462388370121E-12 -6.790458820238E-12
AR GRAC 2024 06 10 02 27 50.000000 2  -2.043850115194E-12 -9.279380215610E-12
AR GRAC 2024 06 10 02 28  0.000000 2  -2.335277370785E-12  2.681692324799E-12
AR GRAC 2024 06 10 02 28 10.000000 2  -6.407774484629E-12 -1.035723243281E-11
AR GRAC 2024 06 10 02 28 20.000000 2  -3.464234758430E-12 -7.046162264768E-12
AR GRAC 2024 06 10 02 28 30.000000 2  -7.844063940055E-12 -9.065099365602E-12
AR GRAC 2024 06 10 02 28 40.000000 2  -2.111401548391E-12 -5.584032368444E-12
AR GRAC 2024 06 10 02 28 50.000000 2  -4.337556355760E-12 -1.201297134684E-11
AR GRAC 2024 06 10 02 29  0.000000 2  -1.845760957270E-12 -1.720191350474E-11
AR GRAC 2024 06 10 02 29 10.000000 2  -5.247419252591E-12 -1.086085735236E-11
AR GRAC 2024 06 10 02 29 20.000000 2  -3.896288673644E-12 -8.309803366247E-12
AR GRAC 2024 06 10 02 29 30.000000 2  -8.983323633582E-12 -1.346875302261E-11
AR GRAC 2024 06 10 02 29 40.000000 2  -3.964415167673E-12 -1.053770612436E-11
AR GRAC 2024 06 10 02 29 50.000000 2  -4.203083627669E-12 -1.472665912827E-11
AR GRAC 2024 06 10 02 30  0.000000 2  -8.089103172015E-12 -8.465620565667E-12
AR GRAC 2024 06 10 02 30 10.000000 2  -5.448926466284E-12 -2.278457630900E-11
AR GRAC 2024 06 10 02 30 20.000000 2  -3.732572844556E-12 -1.621354092651E-11
AR GRAC 2024 06 10 02 30 30.000000 2  -7.573687337004E-12 -1.109250538645E-11
AR GRAC 2024 06 10 02 30 40.000000 2  -9.566503839098E-12 -2.110147820367E-11
AR GRAC 2024 06 10 02 30 50.000000 2  -1.035561285161E-12 -1.389044695238E-11
AR GRAC 2024 06 10 02 31  0.000000 2  -9.417735688522E-12 -1.925942044734E-11
AR GRAC 2024 06 10 02 31 10.000000 2  -6.600407286700E-12 -9.758399817372E-12
AR GRAC 2024 06 10 02 31 20.000000 2  -1.013688438745E-11 -1.594737709942E-11
AR GRAC 2024 06 10 02 31 30.000000 2  -6.962813572237E-12 -1.961635714975E-11
AR GRAC 2024 06 10 02 31 40.000000 2  -8.004826836105E-12 -1.847534278343E-11
AR GRAC 2024 06 10 02 31 50.000000 2  -5.908272569105E-12 -2.379433282351E-11
AR GRAC 2024 06 10 02 32  0.000000 2  -6.870067015274E-12 -1.276332078221E-11
AR GRAC 2024 06 10 02 32 10.000000 2  -5.589477990696E-13  2.776843967441E-13
AR GRAC 2024 06 10 02 32 20.000000 2  -6.731284366707E-12 -1.540131043531E-11
AR GRAC 2024 06 10 02 32 30.000000 2  -2.035638151099E-12 -1.555030756939E-11
AR GRAC 2024 06 10 02 32 40.000000 2  -4.440327446009E-12 -1.981930765338E-11
AR GRAC 2024 06 10 02 32 50.000000 2  -7.076907636294E-12 -2.928831482896E-11
AR GRAC 2024 06 10 02 33  0.000000 2  -1.031086414166E-11 -1.669732060949E-11
AR GRAC 2024 06 10 02 33 10.000000 2  -8.516068926434E-12 -1.114633038646E-11
AR GRAC 2024 06 10 02 33 20.000000 2  -2.166586354768E-12 -1.834534434086E-11
AR GRAC 2024 06 10 02 33 30.000000 2  -7.094249666884E-12 -1.171435604769E-11
AR GRAC 2024 06 10 02 33 40.000000 2  -4.152405416041E-12 -2.010337209202E-11
AR GRAC 2024 06 10 02 33 50.000000 2  -7.091552171878E-12 -2.346239695583E-11
AR GRAC 2024 06 10 02 34  0.000000 2  -3.897335145581E-12 -1.665141809160E-11
AR GRAC 2024 06 10 02 34 10.000000 2  -3.274008668341E-12 -9.690442025201E-12
AR GRAC 2024 06 10 02 34 20.000000 2  -1.234201543049E-11 -3.219946531630E-11
AR GRAC 2024 06 10 02 34 30.000000 2  -1.193240038028E-11 -1.565850227259E-11
AR GRAC 2024 06 10 02 34 40.000000 2  -6.982487938539E-12 -1.804753742285E-11
AR GRAC 2024 06 10 02 34 50.000000 2  -5.852202403234E-12 -3.053657327001E-11
AR GRAC 2024 06 10 02 35  0.000000 2  -1.249790982510E-11 -1.280561247319E-11
AR GRAC 2024 06 10 02 35 10.000000 2  -5.902854594009E-12 -3.329465869673E-11
AR GRAC 2024 06 10 02 35 20.000000 2  -8.980364195332E-12 -2.052369732497E-11
AR GRAC 2024 06 10 02 35 30.000000 2  -9.308099430116E-12 -6.202746215961E-12
AR GRAC 2024 06 10 02 35 40.000000 2  -6.356030285426E-12 -3.224179950800E-11
AR GRAC 2024 06 10 02 35 50.000000 2  -6.515213715752E-12 -2.189085024362E-11
AR GRAC 2024 06 10 02 36  0.000000 2  -8.689983628518E-12 -1.516990352779E-11
AR GRAC 2024 06 10 02 36 10.000000 2  -4.854623213840E-12 -1.475896141412E-11
AR GRAC 2024 06 10 02 36 20.000000 2  -9.446232858423E-12 -1.480802459819E-11
AR GRAC 2024 06 10 02 36 30.000000 2  -1.049571800998E-11 -3.233708786854E-11
AR GRAC 2024 06 10 02 36 40.000000 2  -7.135513534207E-12 -2.646614871704E-11
AR GRAC 2024 06 10 02 36 50.000000 2  -6.909673787997E-12 -2.299522378069E-11
AR GRAC 2024 06 10 02 37  0.000000 2  -1.075892586827E-11 -3.590429342726E-11
AR GRAC 2024 06 10 02 37 10.000000 2  -9.447838345000E-12 -1.089336953974E-11
AR GRAC 2024 06 10 02 37 20.000000 2  -6.100204109211E-12 -2.391244320610E-11
AR GRAC 2024 06 10 02 37 30.000000 2  -1.346368155852E-11 -1.456152559642E-11
AR GRAC 2024 06 10 02 37 40.000000 2  -4.740909921586E-12 -2.326060871694E-11
AR GRAC 2024 06 10 02 37 50.000000 2  -4.554186021355E-12 -1.594969815943E-11
AR GRAC 2024 06 10 02 38  0.000000 2  -1.010320299644E-11 -2.799878558168E-11
AR GRAC 2024 06 10 02 38 10.000000 2  -8.743469490091E-12 -1.753787393088E-11
AR GRAC 2024 06 10 02 38 20.000000 2  -6.579450526067E-12 -2.324697032097E-11
AR GRAC 2024 06 10 02 38 30.000000 2  -1.268446285507E-11 -3.871606507611E-11
AR GRAC 2024 06 10 02 38 40.000000 2  -5.568745117812E-12 -3.287516092687E-11
AR GRAC 2024 06 10 02 38 50.000000 2  -9.227952603441E-12 -1.831426676979E-11
AR GRAC 2024 06 10 02 39  0.000000 2  -9.324417106493E-12 -1.194336816945E-11
AR GRAC 2024 06 10 02 39 10.000000 2  -1.081123905677E-11 -3.241247895081E-11
AR GRAC 2024 06 10 02 39 20.000000 2  -3.972908373812E-12 -2.275158707266E-11
AR GRAC 2024 06 10 02 39 30.000000 2  -1.138974158044E-11 -2.624070058466E-11
AR GRAC 2024 06 10 02 39 40.000000 2  -4.649620532343E-12 -2.178981127476E-11
AR GRAC 2024 06 10 02 39 50.000000 2  -8.754207428407E-12 -1.186893291982E-11
AR GRAC 2024 06 10 02 40  0.000000 2  -1.028938392822E-11 -3.833805495290E-11
AR GRAC 2024 06 10 02 40 10.000000 2  -8.051815290899E-12 -2.476717615718E-11
AR GRAC 2024 06 10 02 40 20.000000 2  -4.932308901584E-12 -2.417630332041E-11
AR GRAC 2024 06 10 02 40 30.000000 2  -1.133813268966E-11 -2.085543196473E-11
AR GRAC 2024 06 10 02 40 40.000000 2  -6.505302373172E-12 -1.875456213940E-11
AR GRAC 2024 06 10 02 40 50.000000 2  -1.163220908484E-11 -1.798369786421E-11
AR GRAC 2024 06 10 02 41  0.000000 2  -7.688042910625E-12 -4.035283565629E-11
AR GRAC 2024 06 10 02 41 10.000000 2  -1.204695371237E-11 -2.183197719829E-11
AR GRAC 2024 06 10 02 41 20.000000 2  -9.431610874244E-12 -1.504111765693E-11
AR GRAC 2024 06 10 02 41 30.000000 2  -7.580558576692E-12 -2.355026243461E-11
AR GRAC 2024 06 10 02 41 40.000000 2  -8.039862178788E-12 -1.420941142527E-11
AR GRAC 2024 06 10 02 41 50.000000 2  -1.031119720857E-11 -1.830856126428E-11
AR GRAC 2024 06 10 02 42  0.000000 2  -8.609839403928E-12 -2.515771445333E-11
AR GRAC 2024 06 10 02 42 10.000000 2  -1.427977961571E-11 -1.883686956416E-11
AR GRAC 2024 06 10 02 42 20.000000 2  -3.233455170282E-12 -2.508603394458E-11
AR GRAC 2024 06 10 02 42 30.000000 2  -1.347339861207E-11 -2.470519448738E-11
AR GRAC 2024 06 10 02 42 40.000000 2  -5.035251295776E-12 -2.301435431118E-11
AR GRAC 2024 06 10 02 42 50.000000 2  -6.985873251403E-12 -2.504351934163E-11
AR GRAC 2024 06 10 02 43  0.000000 2  -6.943107113550E-12 -1.945269639814E-11
AR GRAC 2024 06 10 02 43 10.000000 2  -6.109546896171E-12 -1.056186388348E-11
AR GRAC 2024 06 10 02 43 20.000000 2  -8.219686216393E-12 -2.912103544417E-11
AR GRAC 2024 06 10 02 43 30.000000 2  -9.820711084629E-12 -2.552021614866E-11
AR GRAC 2024 06 10 02 43 40.000000 2  -7.912219490702E-12 -2.158939867158E-11
AR GRAC 2024 06 10 02 43 50.000000 2  -1.201907410403E-11 -2.283858518970E-11
AR GRAC 2024 06 10 02 44  0.000000 2  -1.287373246200E-11 -1.478776823216E-11
AR GRAC 2024 06 10 02 44 10.000000 2  -1.085272930551E-11 -2.825696100717E-11
AR GRAC 2024 06 10 02 44 20.000000 2  -1.177326205276E-11 -4.776149094277E-12
AR GRAC 2024 06 10 02 44 30.000000 2  -8.296528394847E-12 -2.061534103148E-11
AR GRAC 2024 06 10 02 44 40.000000 2  -7.740307526871E-12 -2.046453805027E-11
AR GRAC 2024 06 10 02 44 50.000000 2  -8.489962205482E-12 -1.700374042957E-11
AR GRAC 2024 06 10 02 45  0.000000 2  -5.825001071769E-12 -2.138293882237E-11
AR GRAC 2024 06 10 02 45 10.000000 2  -7.871338997267E-12 -3.292214764694E-11
AR GRAC 2024 06 10 02 45 20.000000 2  -1.263875983037E-11 -1.910135417893E-11
AR GRAC 2024 06 10 02 45 30.000000 2  -9.829692615426E-12 -1.290056603209E-11
AR GRAC 2024 06 10 02 45 40.000000 2  -8.881217809786E-12 -3.448977908826E-11
AR GRAC 2024 06 10 02 45 50.000000 2  -1.009620512193E-11 -8.448995843235E-12
AR GRAC 2024 06 10 02 46  0.000000 2  -8.233493747900E-12 -2.280821191636E-11
AR GRAC 2024 06 10 02 46 10.000000 2  -9.176592645488E-12 -8.407437072921E-12
AR GRAC 2024 06 10 02 46 20.000000 2  -7.315198793933E-12 -2.066665588663E-11
AR GRAC 2024 06 10 02 46 30.000000 2  -6.991416993951E-12 -3.257588643280E-11
AR GRAC 2024 06 10 02 46 40.000000 2  -1.102820439136E-11 -1.835511430348E-11
AR GRAC 2024 06 10 02 46 50.000000 2  -9.893709983222E-12 -2.672435016338E-11
AR GRAC 2024 06 10 02 47  0.000000 2  -7.897342502172E-12  1.496416272145E-12
AR GRAC 2024 06 10 02 47 10.000000 2  -1.255738481948E-11 -3.640282172923E-11
AR GRAC 2024 06 10 02 47 20.000000 2  -8.582328424322E-12 -1.917206150781E-11
AR GRAC 2024 06 10 02 47 30.000000 2  -5.819728813444E-12 -7.711306419800E-12
AR GRAC 2024 06 10 02 47 40.000000 2  -1.107338092748E-11 -1.705054847312E-11
AR GRAC 2024 06 10 02 47 50.000000 2  -3.647592210915E-12 -2.382979751026E-11
AR GRAC 2024 06 10 02 48  0.000000 2  -1.552536051108E-11 -2.752904675052E-11
AR GRAC 2024 06 10 02 48 10.000000 2  -8.966013695377E-12 -7.083038040638E-13
AR GRAC 2024 06 10 02 48 20.000000 2  -9.057064126461E-12 -2.027756608458E-11
AR GRAC 2024 06 10 02 48 30.000000 2  -5.163023654442E-12 -1.487682199652E-11
AR GRAC 2024 06 10 02 48 40.000000 2  -1.340636716224E-11 -2.678607856355E-11
AR GRAC 2024 06 10 02 48 50.000000 2  -3.694703831075E-12 -3.353498847971E-13
AR GRAC 2024 06 10 02 49  0.000000 2  -1.057621698553E-11 -2.616461908245E-11
AR GRAC 2024 06 10 02 49 10.000000 2  -9.199365227919E-12 -2.227388759546E-11
AR GRAC 2024 06 10 02 49 20.000000 2  -1.066531325061E-11 -2.523161150500E-12
AR GRAC 2024 06 10 02 49 30.000000 2  -6.202394067095E-12 -1.682243407075E-11
AR GRAC 2024 06 10 02 49 40.000000 2  -8.487371395971E-12 -1.509171433656E-11
AR GRAC 2024 06 10 02 49 50.000000 2  -5.273489978030E-12 -9.280995243166E-12
AR GRAC 2024 06 10 02 50  0.000000 2  -9.262034715574E-12 -3.948028362566E-11
AR GRAC 2024 06 10 02 50 10.000000 2  -8.509235850662E-12 -1.399566552061E-12
AR GRAC 2024 06 10 02 50 20.000000 2  -6.382185144954E-12  6.231143639263E-12
AR GRAC 2024 06 10 02 50 30.000000 2  -7.834866436185E-12 -1.773814775619E-11
AR GRAC 2024 06 10 02 50 40.000000 2  -7.544808527937E-12 -4.292744285039E-11
AR GRAC 2024 06 10 02 50 50.000000 2  -7.917391568746E-12 -1.567409803295E-13
AR GRAC 2024 06 10 02 51  0.000000 2  -7.014716064957E-12 -1.934604212939E-11
AR GRAC 2024 06 10 02 51 10.000000 2  -7.686301248255E-12 -1.566534228725E-11
AR GRAC 2024 06 10 02 51 20.000000 2  -9.274766718526E-12 -1.029464968133E-11
AR GRAC 2024 06 10 02 51 30.000000 2  -4.679122107137E-12  4.176041023402E-12
AR GRAC 2024 06 10 02 51 40.000000 2  -9.028499302344E-12 -2.667326776118E-11
AR GRAC 2024 06 10 02 51 50.000000 2  -5.144829007264E-12 -1.826258415327E-11
AR GRAC 2024 06 10 02 52  0.000000 2  -7.732421473949E-12 -5.291901031962E-12
AR GRAC 2024 06 10 02 52 10.000000 2  -4.306940221133E-12 -6.831219184072E-12
AR GRAC 2024 06 10 02 52 20.000000 2  -6.328367083835E-12 -1.724053885765E-11
AR GRAC 2024 06 10 02 52 30.000000 2  -5.883762227432E-12  5.930134421711E-12
AR GRAC 2024 06 10 02 52 40.000000 2  -9.231062962634E-12 -5.069191594265E-12
AR GRAC 2024 06 10 02 52 50.000000 2  -5.876438224917E-12 -9.088524204059E-12
AR GRAC 2024 06 10 02 53  0.000000 2  -6.766346163922E-12 -1.626785685327E-11
AR GRAC 2024 06 10 02 53 10.000000 2  -7.641816866799E-12 -1.406719185582E-11
AR GRAC 2024 06 10 02 53 20.000000 2  -6.584044507513E-12 -5.865304444387E-13
AR GRAC 2024 06 10 02 53 30.000000 2  -8.286165156801E-12 -7.655872463763E-12
AR GRAC 2024 06 10 02 53 40.000000 2  -3.895122505787E-12 -1.635521926224E-11
AR GRAC 2024 06 10 02 53 50.000000 2  -9.064491345023E-12 -5.284560983254E-12
AR GRAC 2024 06 10 02 54  0.000000 2  -6.983922121173E-12  1.671608858278E-11
AR GRAC 2024 06 10 02 54 10.000000 2  -8.453728168878E-12 -7.863262992125E-12
AR GRAC 2024 06 10 02 54 20.000000 2  -5.904392426370E-12  9.467381739681E-12
AR GRAC 2024 06 10 02 54 30.000000 2  -6.336453063638E-12 -1.694197560020E-11
AR GRAC 2024 06 10 02 54 40.000000 2  -2.730296023989E-12 -9.191336927672E-12
AR GRAC 2024 06 10 02 54 50.000000 2  -8.548400702579E-12 -1.480699243772E-12
AR GRAC 2024 06 10 02 55  0.000000 2  -7.746871720504E-12 -1.338006441753E-11
AR GRAC 2024 06 10 02 55 10.000000 2  -4.497382501134E-12  2.021056759449E-11
AR GRAC 2024 06 10 02 55 20.000000 2  -5.863978139869E-12 -1.732880505756E-11
AR GRAC 2024 06 10 02 55 30.000000 2  -7.892700382151E-12 -4.088178580386E-12
AR GRAC 2024 06 10 02 55 40.000000 2  -6.629531125457E-12 -4.027553464347E-12
AR GRAC 2024 06 10 02 55 50.000000 2  -2.656322427644E-12 -3.956932871640E-12
AR GRAC 2024 06 10 02 56  0.000000 2  -1.167712974925E-11  6.236856192089E-13
AR GRAC 2024 06 10 02 56 10.000000 2  -6.350696878099E-12  1.872429988836E-11
AR GRAC 2024 06 10 02 56 20.000000 2  -6.877445661579E-12 -2.385508630909E-11
AR GRAC 2024 06 10 02 56 30.000000 2  -2.175512374414E-12 -3.344477255904E-12
AR GRAC 2024 06 10 02 56 40.000000 2  -4.341029272159E-12 -2.173871326006E-12
AR GRAC 2024 06 10 02 56 50.000000 2  -3.254757574567E-12  1.877673364015E-11
AR GRAC 2024 06 10 02 57  0.000000 2  -9.081442195469E-12 -2.132266412047E-11
AR GRAC 2024 06 10 02 57 10.000000 2  -4.010328093912E-12 -3.232062837852E-12
AR GRAC 2024 06 10 02 57 20.000000 2  -7.954801747867E-12  1.781853310734E-11
AR GRAC 2024 06 10 02 57 30.000000 2  -4.339087682909E-12  2.519126400535E-12
AR GRAC 2024 06 10 02 57 40.000000 2  -7.527121287376E-12  1.055971542846E-11
AR GRAC 2024 06 10 02 57 50.000000 2  -2.623309122013E-12  4.370305332901E-12
AR GRAC 2024 06 10 02 58  0.000000 2  -6.362895453582E-12 -1.156910938577E-11
AR GRAC 2024 06 10 02 58 10.000000 2  -7.176180222973E-12 -2.918528916804E-12
AR GRAC 2024 06 10 02 58 20.000000 2  -8.991393567193E-12  1.258205345467E-11
AR GRAC 2024 06 10 02 58 30.000000 2  -4.975928089707E-12  1.234262865524E-11
AR GRAC 2024 06 10 02 58 40.000000 2  -3.646674975877E-12  1.437320488323E-11
AR GRAC 2024 06 10 02 58 50.000000 2  -7.094172038008E-12 -1.323622288163E-11
AR GRAC 2024 06 10 02 59  0.000000 2  -4.975433693516E-12 -6.785655370933E-12
AR GRAC 2024 06 10 02 59 10.000000 2  -3.717679809834E-12  2.384491215590E-11
AR GRAC 2024 06 10 02 59 20.000000 2  -1.248436900733E-12  8.655476509134E-12
AR GRAC 2024 06 10 02 59 30.000000 2  -2.487847818380E-12  5.326036053160E-12
AR GRAC 2024 06 10 02 59 40.000000 2  -2.043113725078E-12  1.367659544643E-11
AR GRAC 2024 06 10 02 59 50.000000 2  -6.889595664805E-12 -5.702849650846E-12
AR GRAC 2024 06 10 03 00  0.000000 2  -1.733252864150E-12  2.519770329890E-11
AR GRAC 2024 06 10 03 00 10.000000 2  -5.232720073217E-12 -2.621745485640E-12
AR GRAC 2024 06 10 03 00 20.000000 2  -3.222729591870E-12  2.673880040993E-11
AR GRAC 2024 06 10 03 00 30.000000 2  -4.302065214484E-12 -7.460655357394E-12
AR GRAC 2024 06 10 03 00 40.000000 2  -1.877779182147E-12  2.369886622014E-12
AR GRAC 2024 06 10 03 00 50.000000 2  -3.021900871897E-12  9.190425330485E-12
AR GRAC 2024 06 10 03 01  0.000000 2  -1.844039027379E-12  1.918096410869E-11
AR GRAC 2024 06 10 03 01 10.000000 2   5.480061391651E-13  1.544149703936E-11
AR GRAC 2024 06 10 03 01 20.000000 2  -1.219250530616E-13  1.477202735134E-11
AR GRAC 2024 06 10 03 01 30.000000 2  -2.901704050651E-12  2.725574757209E-13
AR GRAC 2024 06 10 03 01 40.000000 2  -5.627202696867E-12  1.570308119647E-11
AR GRAC 2024 06 10 03 01 50.000000 2  -2.665862322559E-12  1.540360547447E-11
AR GRAC 2024 06 10 03 02  0.000000 2   2.183346602472E-12  7.094124333112E-12
AR GRAC 2024 06 10 03 02 10.000000 2  -7.801389200444E-13  9.764641352439E-12
AR GRAC 2024 06 10 03 02 20.000000 2  -4.276311076079E-12  1.805515632836E-11
AR GRAC 2024 06 10 03 02 30.000000 2  -1.974092330576E-12  7.005667747306E-12
AR GRAC 2024 06 10 03 02 40.000000 2  -3.119370647203E-12  2.123617948158E-11
AR GRAC 2024 06 10 03 02 50.000000 2  -9.552861106321E-12  1.823668299705E-11
AR GRAC 2024 06 10 03 03  0.000000 2   9.970433766798E-13  6.097190894533E-12
AR GRAC 2024 06 10 03 03 10.000000 2  -9.975147877844E-13  1.866768892245E-11
AR GRAC 2024 06 10 03 03 20.000000 2   6.565470823255E-13  2.641818708238E-11
AR GRAC 2024 06 10 03 03 30.000000 2  -3.963704364729E-12 -1.241316728226E-12
AR GRAC 2024 06 10 03 03 40.000000 2  -3.350356884285E-12  2.282917604957E-11
AR GRAC 2024 06 10 03 03 50.000000 2  -1.621067863278E-12  3.351966620935E-11
AR GRAC 2024 06 10 03 04  0.000000 2  -5.205144041481E-12  5.970154925983E-12
AR GRAC 2024 06 10 03 04 10.000000 2  -1.433340886302E-13  9.740639718425E-12
AR GRAC 2024 06 10 03 04 20.000000 2  -2.636762878351E-13  2.834112111660E-11
AR GRAC 2024 06 10 03 04 30.000000 2  -4.403925141228E-12  2.476159902121E-11
AR GRAC 2024 06 10 03 04 40.000000 2  -6.772006132943E-12 -1.557922952970E-12
AR GRAC 2024 06 10 03 04 50.000000 2  -3.028384617729E-12  5.492552593300E-12
AR GRAC 2024 06 10 03 05  0.000000 2  -2.122456507422E-12  1.254302130910E-11
AR GRAC 2024 06 10 03 05 10.000000 2  -2.112254381820E-12  1.881849190366E-11
AR GRAC 2024 06 10 03 05 20.000000 2  -4.369842595414E-12  2.509395642669E-11
AR GRAC 2024 06 10 03 05 30.000000 2  -2.003930008043E-12 -1.375579554777E-12
AR GRAC 2024 06 10 03 05 40.000000 2  -2.191254989958E-12  1.207487842353E-11
AR GRAC 2024 06 10 03 05 50.000000 2  -4.666933072633E-12  2.783533820105E-11
AR GRAC 2024 06 10 03 06  0.000000 2  -4.278779153905E-12  1.360579270776E-11
AR GRAC 2024 06 10 03 06 10.000000 2  -1.234784518557E-12  2.986624489387E-11
AR GRAC 2024 06 10 03 06 20.000000 2  -4.711925294387E-12  2.399669525588E-11
AR GRAC 2024 06 10 03 06 30.000000 2  -2.051794281352E-12  1.185714113699E-11
AR GRAC 2024 06 10 03 06 40.000000 2   3.013171960206E-12  2.667758548791E-11
AR GRAC 2024 06 10 03 06 50.000000 2   8.325690831201E-12  3.470802464878E-11
AR GRAC 2024 06 10 03 07  0.000000 2   1.413829773741E-12  1.194846652175E-11
AR GRAC 2024 06 10 03 07 10.000000 2   1.040221207782E-11  1.948890007708E-11
AR GRAC 2024 06 10 03 07 20.000000 2   1.925775944961E-12  2.386933359300E-11
AR GRAC 2024 06 10 03 07 30.000000 2   1.738373551011E-12  2.780976490757E-11
AR GRAC 2024 06 10 03 07 40.000000 2   7.204477465994E-12  3.260018990869E-11
AR GRAC 2024 06 10 03 07 50.000000 2   5.838289053595E-12  1.405061657300E-11
AR GRAC 2024 06 10 03 08  0.000000 2   6.625971472884E-12  2.430104034667E-11
AR GRAC 2024 06 10 03 08 10.000000 2   3.910985250932E-12  2.481145844335E-11
AR GRAC 2024 06 10 03 08 20.000000 2   4.861152713004E-12  3.108187318634E-11
AR GRAC 2024 06 10 03 08 30.000000 2   4.295288083545E-12  1.003229010282E-11
AR GRAC 2024 06 10 03 08 40.000000 2   6.473691808312E-12  3.792269970271E-11
AR GRAC 2024 06 10 03 08 50.000000 2   8.629684640493E-12  1.870311024110E-11
AR GRAC 2024 06 10 03 09  0.000000 2   9.078184384781E-12  2.880351686330E-11
AR GRAC 2024 06 10 03 09 10.000000 2   3.450492062212E-12  3.357391795134E-11
AR GRAC 2024 06 10 03 09 20.000000 2   1.004451903597E-11  2.301431961671E-11
AR GRAC 2024 06 10 03 09 30.000000 2   7.977043504914E-12  1.735471835684E-11
AR GRAC 2024 06 10 03 09 40.000000 2   7.708935052808E-12  2.145511372731E-11
AR GRAC 2024 06 10 03 09 50.000000 2   1.100981025098E-11  2.555550562833E-11
AR GRAC 2024 06 10 03 10  0.000000 2   1.222285814229E-11  1.995589284098E-11
AR GRAC 2024 06 10 03 10 10.000000 2   8.655548500158E-12  1.874628230425E-11
AR GRAC 2024 06 10 03 10 20.000000 2   8.005915375087E-12  2.915666666437E-11
AR GRAC 2024 06 10 03 10 30.000000 2   7.893888667732E-12  2.734704650231E-11
AR GRAC 2024 06 10 03 10 40.000000 2   9.173641013493E-12  2.388742675885E-11
AR GRAC 2024 06 10 03 10 50.000000 2   8.661990395786E-12  2.117780083244E-11
AR GRAC 2024 06 10 03 11  0.000000 2   1.245676999051E-11  2.975817509077E-11
AR GRAC 2024 06 10 03 11 10.000000 2   1.032975181087E-11  3.279854859928E-11
AR GRAC 2024 06 10 03 11 20.000000 2   9.433867749487E-12  2.353891387363E-11
AR GRAC 2024 06 10 03 11 30.000000 2   6.725786594330E-12  3.010927965286E-11
AR GRAC 2024 06 10 03 11 40.000000 2   1.042181358574E-11  3.089964048519E-11
AR GRAC 2024 06 10 03 11 50.000000 2   7.546572741712E-12  3.413000090879E-11
AR GRAC 2024 06 10 03 12  0.000000 2   1.349008925400E-11  3.471035958658E-11
AR GRAC 2024 06 10 03 12 10.000000 2   9.931549506403E-12  3.341071169727E-11
AR GRAC 2024 06 10 03 12 20.000000 2   1.396617110155E-11  1.776106345330E-11
AR GRAC 2024 06 10 03 12 30.000000 2   1.258336837506E-11  3.245141308450E-11
AR GRAC 2024 06 10 03 12 40.000000 2   1.027956279126E-11  3.682176091813E-11
AR GRAC 2024 06 10 03 12 50.000000 2   5.816783252982E-12  3.367210330008E-11
AR GRAC 2024 06 10 03 13  0.000000 2   1.567371579747E-11  3.710244264599E-11
AR GRAC 2024 06 10 03 13 10.000000 2   1.256488576379E-11  2.620278126420E-11
AR GRAC 2024 06 10 03 13 20.000000 2   1.000232795895E-11  3.463311581964E-11
AR GRAC 2024 06 10 03 13 30.000000 2   1.623873084611E-11  2.880344920908E-11
AR GRAC 2024 06 10 03 13 40.000000 2   1.723646572693E-11  3.684377802848E-11
AR GRAC 2024 06 10 03 13 50.000000 2   1.159845917226E-11  2.499410400869E-11
AR GRAC 2024 06 10 03 14  0.000000 2   1.223931199446E-11  3.508442841804E-11
AR GRAC 2024 06 10 03 14 10.000000 2   1.060683138543E-11  3.618474964107E-11
AR GRAC 2024 06 10 03 14 20.000000 2   1.427195341075E-11  3.006506849035E-11
AR GRAC 2024 06 10 03 14 30.000000 2   1.058467029302E-11  3.929538638925E-11
AR GRAC 2024 06 10 03 14 40.000000 2   1.256863970539E-11  3.580570215322E-11
AR GRAC 2024 06 10 03 14 50.000000 2   1.686859506245E-11  3.231601097831E-11
AR GRAC 2024 06 10 03 15  0.000000 2   1.079149009736E-11  3.747632065787E-11
AR GRAC 2024 06 10 03 15 10.000000 2   1.328769993342E-11  3.768662465431E-11
AR GRAC 2024 06 10 03 15 20.000000 2   1.824849299448E-11  3.109692711667E-11
AR GRAC 2024 06 10 03 15 30.000000 2   1.391720072519E-11  3.836722606287E-11
AR GRAC 2024 06 10 03 15 40.000000 2   1.057595851173E-11  3.793252170703E-11
AR GRAC 2024 06 10 03 15 50.000000 2   1.100131877957E-11  3.749781735118E-11
AR GRAC 2024 06 10 03 16  0.000000 2   1.625642502556E-11  3.937810841292E-11
AR GRAC 2024 06 10 03 16 10.000000 2   1.669834062690E-11  2.778839831852E-11
AR GRAC 2024 06 10 03 16 20.000000 2   1.466470521405E-11  3.883868227028E-11
AR GRAC 2024 06 10 03 16 30.000000 2   1.741781198439E-11  3.133896614438E-11
AR GRAC 2024 06 10 03 16 40.000000 2   2.501342882821E-11  3.791924760299E-11
AR GRAC 2024 06 10 03 16 50.000000 2   1.312315707491E-11  3.278952803720E-11
AR GRAC 2024 06 10 03 17  0.000000 2   1.854831566117E-11  2.765980500197E-11
AR GRAC 2024 06 10 03 17 10.000000 2   1.955813982990E-11  3.293507480628E-11
AR GRAC 2024 06 10 03 17 20.000000 2   1.282910062905E-11  3.821034461060E-11
AR GRAC 2024 06 10 03 17 30.000000 2   1.533225456318E-11  3.497061321078E-11
AR GRAC 2024 06 10 03 17 40.000000 2   1.851482682447E-11  3.173087834152E-11
AR GRAC 2024 06 10 03 17 50.000000 2   1.870517803149E-11  3.708114024170E-11
AR GRAC 2024 06 10 03 18  0.000000 2   1.667446389297E-11  3.474639673207E-11
AR GRAC 2024 06 10 03 18 10.000000 2   2.069686436124E-11  3.241165322243E-11
AR GRAC 2024 06 10 03 18 20.000000 2   2.100845712671E-11  3.423190897411E-11
AR GRAC 2024 06 10 03 18 30.000000 2   1.924778218754E-11  3.605215778690E-11
AR GRAC 2024 06 10 03 18 40.000000 2   1.879422312223E-11  3.833240669326E-11
AR GRAC 2024 06 10 03 18 50.000000 2   1.585244956137E-11  3.687265423546E-11
AR GRAC 2024 06 10 03 19  0.000000 2   2.142779356729E-11  3.541289483877E-11
AR GRAC 2024 06 10 03 19 10.000000 2   1.565467894205E-11  3.627313727161E-11
AR GRAC 2024 06 10 03 19 20.000000 2   2.012146525787E-11  3.515337326787E-11
AR GRAC 2024 06 10 03 19 30.000000 2   1.963188986376E-11  4.150360610744E-11
AR GRAC 2024 06 10 03 19 40.000000 2   2.129214513036E-11  3.853383931385E-11
AR GRAC 2024 06 10 03 19 50.000000 2   2.004990791449E-11  3.776906912223E-11
AR GRAC 2024 06 10 03 20  0.000000 2   2.121766130847E-11  3.700429199172E-11
AR GRAC 2024 06 10 03 20 10.000000 2   2.099497832531E-11  2.524451654662E-11
AR GRAC 2024 06 10 03 20 20.000000 2   1.701281823752E-11  2.879974037029E-11
AR GRAC 2024 06 10 03 20 30.000000 2   1.489476597616E-11  3.235495898979E-11
AR GRAC 2024 06 10 03 20 40.000000 2   1.813003566720E-11  3.985517471605E-11
AR GRAC 2024 06 10 03 20 50.000000 2   2.134644024043E-11  3.797538672412E-11
AR GRAC 2024 06 10 03 21  0.000000 2   1.602618905638E-11  3.319559557791E-11
AR GRAC 2024 06 10 03 21 10.000000 2   1.727568088583E-11  4.234580394669E-11
AR GRAC 2024 06 10 03 21 20.000000 2   1.882014509513E-11  3.587600702626E-11
AR GRAC 2024 06 10 03 21 30.000000 2   2.554460809545E-11  2.940621010583E-11
AR GRAC 2024 06 10 03 21 40.000000 2   1.760015397312E-11  4.140640608163E-11
AR GRAC 2024 06 10 03 21 50.000000 2   2.150741043594E-11  3.521660393857E-11
AR GRAC 2024 06 10 03 22  0.000000 2   1.979371874739E-11  4.202679870779E-11
AR GRAC 2024 06 10 03 22 10.000000 2   2.432241907879E-11  3.588698782586E-11
AR GRAC 2024 06 10 03 22 20.000000 2   2.243012199588E-11  3.524384603604E-11
AR GRAC 2024 06 10 03 22 30.000000 2   2.026484015316E-11  3.460070077677E-11
AR GRAC 2024 06 10 03 22 40.000000 2   2.265013003544E-11  3.395754857860E-11
AR GRAC 2024 06 10 03 22 50.000000 2   2.217477590438E-11  3.841772733271E-11
AR GRAC 2024 06 10 03 23  0.000000 2   2.700133866496E-11  3.764290268382E-11
AR GRAC 2024 06 10 03 23 10.000000 2   2.582445889077E-11  3.686807803494E-11
AR GRAC 2024 06 10 03 23 20.000000 2   2.269451813974E-11  3.569575190987E-11
AR GRAC 2024 06 10 03 23 30.000000 2   1.863101686816E-11  3.452342231536E-11
AR GRAC 2024 06 10 03 23 40.000000 2   1.953989921255E-11  3.335108578195E-11
AR GRAC 2024 06 10 03 23 50.000000 2   2.400821728921E-11  3.217875271799E-11
AR GRAC 2024 06 10 03 24  0.000000 2   2.292428399886E-11  3.739391088442E-11
AR GRAC 2024 06 10 03 24 10.000000 2   2.088562829627E-11  4.260906905085E-11
AR GRAC 2024 06 10 03 24 20.000000 2   2.305969998284E-11  4.049256069338E-11
AR GRAC 2024 06 10 03 24 30.000000 2   2.014391257965E-11  3.837604539703E-11
AR GRAC 2024 06 10 03 24 40.000000 2   1.563879581390E-11  3.625953010067E-11
AR GRAC 2024 06 10 03 24 50.000000 2   2.651453362423E-11  3.399967807294E-11
AR GRAC 2024 06 10 03 25  0.000000 2   1.851802912400E-11  3.173982257576E-11
AR GRAC 2024 06 10 03 25 10.000000 2   2.012646473093E-11  4.151996454982E-11
AR GRAC 2024 06 10 03 25 20.000000 2   2.404734571193E-11  3.725010577771E-11
AR GRAC 2024 06 10 03 25 30.000000 2   2.345106053792E-11  3.884024005196E-11
AR GRAC 2024 06 10 03 25 40.000000 2   2.222006953434E-11  3.743037477189E-11
AR GRAC 2024 06 10 03 25 50.000000 2   2.046758248997E-11  3.940050716245E-11
AR GRAC 2024 06 10 03 26  0.000000 2   2.194881429385E-11  3.950063540148E-11
AR GRAC 2024 06 10 03 26 10.000000 2   2.936282467170E-11  3.780075905069E-11
AR GRAC 2024 06 10 03 26 20.000000 2   1.867378300602E-11  4.224088440141E-11
AR GRAC 2024 06 10 03 26 30.000000 2   2.026507607555E-11  3.342100207693E-11
AR GRAC 2024 06 10 03 26 40.000000 2   1.828663609427E-11  3.475362012062E-11
AR GRAC 2024 06 10 03 26 50.000000 2   2.695133873021E-11  3.608623469487E-11
AR GRAC 2024 06 10 03 27  0.000000 2   2.119491561425E-11  3.741884926911E-11
AR GRAC 2024 06 10 03 27 10.000000 2   1.960841385096E-11  3.875145690446E-11
AR GRAC 2024 06 10 03 27 20.000000 2   2.379139593667E-11  3.749156540778E-11
AR GRAC 2024 06 10 03 27 30.000000 2   2.196988424519E-11  3.944166868108E-11
AR GRAC 2024 06 10 03 27 40.000000 2   2.272119645208E-11  4.139176848494E-11
AR GRAC 2024 06 10 03 27 50.000000 2   2.156260413277E-11  4.334186828880E-11
AR GRAC 2024 06 10 03 28  0.000000 2   2.062085398269E-11  4.317196600212E-11
AR GRAC 2024 06 10 03 28 10.000000 2   2.142495555968E-11  3.420205785254E-11
AR GRAC 2024 06 10 03 28 20.000000 2   1.891031081724E-11  3.515715149560E-11
AR GRAC 2024 06 10 03 28 30.000000 2   2.413466475282E-11  3.611223473032E-11
AR GRAC 2024 06 10 03 28 40.000000 2   1.987739833842E-11  3.688232011467E-11
AR GRAC 2024 06 10 03 28 50.000000 2   2.615099456427E-11  3.765240202958E-11
AR GRAC 2024 06 10 03 29  0.000000 2   1.911792599230E-11  3.842248047503E-11
AR GRAC 2024 06 10 03 29 10.000000 2   2.654809878877E-11  4.271255918398E-11
AR GRAC 2024 06 10 03 29 20.000000 2   2.360987620686E-11  4.173263470908E-11
AR GRAC 2024 06 10 03 29 30.000000 2   2.388520284335E-11  4.234270573056E-11
AR GRAC 2024 06 10 03 29 40.000000 2   1.961297790842E-11  4.156777352882E-11
AR GRAC 2024 06 10 03 29 50.000000 2   2.230162235439E-11  4.079284132708E-11
AR GRAC 2024 06 10 03 30  0.000000 2   2.031062124042E-11  3.781290211502E-11
AR GRAC 2024 06 10 03 30 10.000000 2   2.178051489166E-11  3.627796327232E-11
AR GRAC 2024 06 10 03 30 20.000000 2   1.783951632250E-11  3.474302096018E-11
AR GRAC 2024 06 10 03 30 30.000000 2   1.983597314181E-11  3.493307726421E-11
AR GRAC 2024 06 10 03 30 40.000000 2   2.174177157754E-11  3.500312886762E-11
AR GRAC 2024 06 10 03 30 50.000000 2   2.255057598988E-11  3.598317824260E-11
AR GRAC 2024 06 10 03 31  0.000000 2   2.017614200711E-11  3.510822535469E-11
AR GRAC 2024 06 10 03 31 10.000000 2   2.347344887910E-11  3.423326899732E-11
AR GRAC 2024 06 10 03 31 20.000000 2   2.191532892659E-11  3.755831062824E-11
AR GRAC 2024 06 10 03 31 30.000000 2   2.560331287260E-11  4.088335225916E-11
AR GRAC 2024 06 10 03 31 40.000000 2   2.138483314040E-11  3.839838863540E-11
AR GRAC 2024 06 10 03 31 50.000000 2   2.110452611281E-11  3.591341807274E-11
AR GRAC 2024 06 10 03 32  0.000000 2   1.948650442396E-11  4.194345218367E-11
AR GRAC 2024 06 10 03 32 10.000000 2   2.683946988269E-11  3.552347652147E-11
AR GRAC 2024 06 10 03 32 20.000000 2   1.698917048709E-11  3.930350489512E-11
AR GRAC 2024 06 10 03 32 30.000000 2   2.279433933272E-11  4.308352632987E-11
AR GRAC 2024 06 10 03 32 40.000000 2   1.749866224143E-11  4.153354743464E-11
AR GRAC 2024 06 10 03 32 50.000000 2   2.220856137880E-11  3.998356160051E-11
AR GRAC 2024 06 10 03 33  0.000000 2   2.153436977348E-11  3.852691082828E-11
AR GRAC 2024 06 10 03 33 10.000000 2   1.848794554948E-11  3.707025658661E-11
AR GRAC 2024 06 10 03 33 20.000000 2   1.990398297569E-11  3.561359887549E-11
AR GRAC 2024 06 10 03 33 30.000000 2   1.515388509121E-11  4.207360501662E-11
AR GRAC 2024 06 10 03 33 40.000000 2   1.736542680486E-11  3.659360661712E-11
AR GRAC 2024 06 10 03 33 50.000000 2   2.195541144723E-11  3.643360960148E-11
AR GRAC 2024 06 10 03 34  0.000000 2   1.680275710236E-11  3.627360564695E-11
AR GRAC 2024 06 10 03 34 10.000000 2   2.125194291380E-11  3.611360169242E-11
AR GRAC 2024 06 10 03 34 20.000000 2   1.937397638152E-11  3.541859514011E-11
AR GRAC 2024 06 10 03 34 30.000000 2   1.953957308454E-11  3.472358511836E-11
AR GRAC 2024 06 10 03 34 40.000000 2   1.798125016939E-11  3.581856686252E-11
AR GRAC 2024 06 10 03 34 50.000000 2   1.553591456871E-11  3.691355207613E-11
AR GRAC 2024 06 10 03 35  0.000000 2   1.800463424184E-11  4.327353406164E-11
AR GRAC 2024 06 10 03 35 10.000000 2   1.686387661459E-11  3.373351598057E-11
AR GRAC 2024 06 10 03 35 20.000000 2   1.677132911715E-11  3.178349250454E-11
AR GRAC 2024 06 10 03 35 30.000000 2   1.516656245037E-11  2.983346555907E-11
AR GRAC 2024 06 10 03 35 40.000000 2   1.659426762668E-11  3.154676866957E-11
AR GRAC 2024 06 10 03 35 50.000000 2   1.579021462195E-11  3.326007178006E-11
AR GRAC 2024 06 10 03 36  0.000000 2   1.597256528429E-11  3.497336795166E-11
AR GRAC 2024 06 10 03 36 10.000000 2   1.949299749393E-11  4.401333117410E-11
AR GRAC 2024 06 10 03 36 20.000000 2   1.713091300759E-11  3.756329275406E-11
AR GRAC 2024 06 10 03 36 30.000000 2   1.932842427776E-11  3.111325086458E-11
AR GRAC 2024 06 10 03 36 40.000000 2   1.188633740046E-11  3.435320430900E-11
AR GRAC 2024 06 10 03 36 50.000000 2   8.508222772152E-12  4.328315483804E-11
AR GRAC 2024 06 10 03 37  0.000000 2   1.710257629961E-11  3.795310593580E-11
AR GRAC 2024 06 10 03 37 10.000000 2   1.189706579779E-11  3.792971492445E-11
AR GRAC 2024 06 10 03 37 20.000000 2   1.109274738037E-11  3.790632391310E-11
AR GRAC 2024 06 10 03 37 30.000000 2   1.480929094633E-11  3.788293290174E-11
AR GRAC 2024 06 10 03 37 40.000000 2   1.276799846406E-11  3.729287365029E-11
AR GRAC 2024 06 10 03 37 50.000000 2   1.451237654354E-11  3.245280780217E-11
AR GRAC 2024 06 10 03 38  0.000000 2   1.822303592747E-11  2.761274195406E-11
AR GRAC 2024 06 10 03 38 10.000000 2   1.218271490633E-11  3.752267246915E-11
AR GRAC 2024 06 10 03 38 20.000000 2   1.544870308068E-11  3.893260019927E-11
AR GRAC 2024 06 10 03 38 30.000000 2   9.695599358095E-12  4.034252445995E-11
AR GRAC 2024 06 10 03 38 40.000000 2   7.575621553679E-12  3.915744464789E-11
AR GRAC 2024 06 10 03 38 50.000000 2   1.469638126472E-11  3.797236483583E-11
AR GRAC 2024 06 10 03 39  0.000000 2   1.242906645660E-11  3.924227956476E-11
AR GRAC 2024 06 10 03 39 10.000000 2   1.483707948169E-11  3.608219278917E-11
AR GRAC 2024 06 10 03 39 20.000000 2   8.510300103515E-12  3.292210601358E-11
AR GRAC 2024 06 10 03 39 30.000000 2   1.181357355690E-11  3.204201140528E-11
AR GRAC 2024 06 10 03 39 40.000000 2   9.426672983870E-12  3.670691875457E-11
AR GRAC 2024 06 10 03 39 50.000000 2   1.609880111164E-11  4.137181916497E-11
AR GRAC 2024 06 10 03 40  0.000000 2   9.968597128318E-12  3.997172037806E-11
AR GRAC 2024 06 10 03 40 10.000000 2   8.131298585845E-12  3.825162062099E-11
AR GRAC 2024 06 10 03 40 20.000000 2   1.167457103213E-11  3.697151265691E-11
AR GRAC 2024 06 10 03 40 30.000000 2   1.213077902018E-11  3.879640358972E-11
AR GRAC 2024 06 10 03 40 40.000000 2   1.286743281370E-11  4.062129452254E-11
AR GRAC 2024 06 10 03 40 50.000000 2   9.257818470165E-12  4.294117839088E-11
AR GRAC 2024 06 10 03 41  0.000000 2   1.069503426793E-11  4.258106367505E-11
AR GRAC 2024 06 10 03 41 10.000000 2   1.040026398336E-11  3.961094646732E-11
AR GRAC 2024 06 10 03 41 20.000000 2   8.768054858554E-12  4.124082325641E-11
AR GRAC 2024 06 10 03 41 30.000000 2   5.017118664963E-12  3.115070007498E-11
AR GRAC 2024 06 10 03 41 40.000000 2   1.127540248669E-11  4.270057224476E-11
AR GRAC 2024 06 10 03 41 50.000000 2   4.954942706137E-12  3.348044064211E-11
AR GRAC 2024 06 10 03 42  0.000000 2   1.120230123941E-11  3.301030976344E-11
AR GRAC 2024 06 10 03 42 10.000000 2   9.305120909908E-12  3.254017541532E-11
AR GRAC 2024 06 10 03 42 20.000000 2   2.760976993907E-12  3.665003370235E-11
AR GRAC 2024 06 10 03 42 30.000000 2   1.013999387928E-11  3.578989882236E-11
AR GRAC 2024 06 10 03 42 40.000000 2   7.298615704865E-12  2.990975175865E-11
AR GRAC 2024 06 10 03 42 50.000000 2   2.586732694362E-12  3.999960779266E-11
AR GRAC 2024 06 10 03 43  0.000000 2   4.570245657615E-12  4.018945939932E-11
AR GRAC 2024 06 10 03 43 10.000000 2   7.361776986625E-12  2.167930591990E-11
AR GRAC 2024 06 10 03 43 20.000000 2   6.938920792121E-12  2.492915249230E-11
AR GRAC 2024 06 10 03 43 30.000000 2   6.392733564731E-12  2.817899386054E-11
AR GRAC 2024 06 10 03 43 40.000000 2   4.318189469193E-12  3.116883487420E-11
AR GRAC 2024 06 10 03 43 50.000000 2   4.434354793081E-12  3.415867241841E-11
AR GRAC 2024 06 10 03 44  0.000000 2   2.575277014208E-12  3.231850551066E-11
AR GRAC 2024 06 10 03 44 10.000000 2   1.660103044615E-12  3.682833552010E-11
AR GRAC 2024 06 10 03 44 20.000000 2   5.640397003626E-12  2.680316732451E-11
AR GRAC 2024 06 10 03 44 30.000000 2   3.469713882528E-12  1.677799392474E-11
AR GRAC 2024 06 10 03 44 40.000000 2   1.765484568435E-12  4.328781777474E-11
AR GRAC 2024 06 10 03 44 50.000000 2   3.219547675334E-12  3.082763905260E-11
AR GRAC 2024 06 10 03 45  0.000000 2  -1.717503743393E-12  3.258745703838E-11
AR GRAC 2024 06 10 03 45 10.000000 2   6.974544206062E-12  3.434727502416E-11
AR GRAC 2024 06 10 03 45 20.000000 2   9.882012742823E-13  3.696708564260E-11
AR GRAC 2024 06 10 03 45 30.000000 2  -9.351647060896E-13  3.889689959014E-11
AR GRAC 2024 06 10 03 45 40.000000 2   5.802484794731E-12  2.789670230929E-11
AR GRAC 2024 06 10 03 45 50.000000 2   1.209505477544E-12  2.872650901875E-11
AR GRAC 2024 06 10 03 46  0.000000 2   1.305531095556E-12  2.848631226737E-11
AR GRAC 2024 06 10 03 46 10.000000 2   2.589502776703E-13  4.267610917430E-11
AR GRAC 2024 06 10 03 46 20.000000 2   8.442500171180E-13  2.974590712634E-11
AR GRAC 2024 06 10 03 46 30.000000 2   3.327952930593E-12  2.899570340775E-11
AR GRAC 2024 06 10 03 46 40.000000 2  -4.204010837366E-12  2.870549457856E-11
AR GRAC 2024 06 10 03 46 50.000000 2   1.455966206973E-12  2.841528227993E-11
AR GRAC 2024 06 10 03 47  0.000000 2  -1.542619764566E-12  2.806506763098E-11
AR GRAC 2024 06 10 03 47 10.000000 2   3.179976464443E-12  3.976485113411E-11
AR GRAC 2024 06 10 03 47 20.000000 2  -1.025019912698E-12  2.528463202700E-11
AR GRAC 2024 06 10 03 47 30.000000 2  -2.561217297276E-12  1.915440896172E-11
AR GRAC 2024 06 10 03 47 40.000000 2   1.876596968098E-12  2.670418400297E-11
AR GRAC 2024 06 10 03 47 50.000000 2   6.504705628296E-12  3.769395559572E-11
AR GRAC 2024 06 10 03 48  0.000000 2  -3.819607824473E-12  3.560372482947E-11
AR GRAC 2024 06 10 03 48 10.000000 2  -4.597665997919E-12  2.624349175473E-11
AR GRAC 2024 06 10 03 48 20.000000 2   3.446473141600E-12  2.870325505056E-11
AR GRAC 2024 06 10 03 48 30.000000 2  -2.384821506940E-12  3.469301582126E-11
AR GRAC 2024 06 10 03 48 40.000000 2   5.090969312782E-12  2.327277606740E-11
AR GRAC 2024 06 10 03 48 50.000000 2  -1.995493614099E-13  1.944253438801E-11
AR GRAC 2024 06 10 03 49  0.000000 2  -3.694057646580E-12  1.878228648999E-11
AR GRAC 2024 06 10 03 49 10.000000 2  -1.646175925608E-12  2.107203474211E-11
AR GRAC 2024 06 10 03 49 20.000000 2  -5.945265980911E-12  4.337178186042E-11
AR GRAC 2024 06 10 03 49 30.000000 2  -1.265206906256E-12  1.864152755771E-11
AR GRAC 2024 06 10 03 49 40.000000 2  -3.241803093329E-12  3.281127106125E-11
AR GRAC 2024 06 10 03 49 50.000000 2   2.320331155947E-13  2.957101230550E-11
