 2.00 C RINEX VERSION / TYPE
 10.00 INTERVAL
 1 AR # / TYPES OF DATA
 END OF HEADER
AR GRAC 2024 06 07 01 50  0.000000 2   2.167291866806E-11  5.472364922321E-11
AR GRAC 2024 06 07 01 50 10.000000 2   1.857911220704E-11  5.745012104930E-11
AR GRAC 2024 06 07 01 50 20.000000 2   1.511575933866E-11  2.633158795173E-11
AR GRAC 2024 06 07 01 50 30.000000 2   1.502083353533E-11  1.161605620720E-11
AR GRAC 2024 06 07 01 50 40.000000 2   2.199553733595E-11  3.571951762149E-11
AR GRAC 2024 06 07 01 50 50.000000 2   1.772210503348E-11  5.023298096929E-11
AR GRAC 2024 06 07 01 51  0.000000 2   2.010416312592E-11  2.042044484896E-11
AR GRAC 2024 06 07 01 51 10.000000 2   1.727036916255E-11  3.927290437300E-11
AR GRAC 2024 06 07 01 51 20.000000 2   1.204622512851E-11  2.775736585026E-11
AR GRAC 2024 06 07 01 51 30.000000 2   1.552462498833E-11  3.696981956680E-11
AR GRAC 2024 06 07 01 51 40.000000 2   1.802445692700E-11  1.844627749159E-11
AR GRAC 2024 06 07 01 51 50.000000 2   1.748914207900E-11  4.865773409191E-11
AR GRAC 2024 06 07 01 52  0.000000 2   1.587141355841E-11  3.712318646931E-11
AR GRAC 2024 06 07 01 52 10.000000 2   9.719556756660E-12  3.761763817112E-11
AR GRAC 2024 06 07 01 52 20.000000 2   1.423001213391E-11  3.420708508117E-11
AR GRAC 2024 06 07 01 52 30.000000 2   1.603151465746E-11  2.007353658295E-11
AR GRAC 2024 06 07 01 52 40.000000 2   1.744158636963E-11  2.565798268295E-11
AR GRAC 2024 06 07 01 52 50.000000 2   1.429369730216E-11  1.956442820250E-11
AR GRAC 2024 06 07 01 53  0.000000 2   8.451030673873E-12  3.293587277908E-11
AR GRAC 2024 06 07 01 53 10.000000 2   1.106096811365E-11  4.139931453206E-11
AR GRAC 2024 06 07 01 53 20.000000 2   1.524066289837E-11  2.450375666263E-11
AR GRAC 2024 06 07 01 53 30.000000 2   6.707836109482E-12  8.704194483233E-12
AR GRAC 2024 06 07 01 53 40.000000 2   1.469826690914E-11  4.589163424273E-11
AR GRAC 2024 06 07 01 53 50.000000 2   1.386415635074E-11  4.740807052483E-11
AR GRAC 2024 06 07 01 54  0.000000 2   7.130884858292E-12  2.134650442520E-11
AR GRAC 2024 06 07 01 54 10.000000 2   7.087028446734E-12  3.140793874978E-11
AR GRAC 2024 06 07 01 54 20.000000 2   1.027315645746E-11  2.797337188276E-11
AR GRAC 2024 06 07 01 54 30.000000 2   9.104887850608E-12  3.802180098544E-11
AR GRAC 2024 06 07 01 54 40.000000 2   1.117966136333E-11  2.023023241982E-11
AR GRAC 2024 06 07 01 54 50.000000 2   5.348087857987E-12  3.254166033861E-11
AR GRAC 2024 06 07 01 55  0.000000 2   7.478848269848E-12  2.650908659252E-11
AR GRAC 2024 06 07 01 55 10.000000 2   9.586399382644E-12  2.140050983646E-11
AR GRAC 2024 06 07 01 55 20.000000 2   3.516957992195E-12  3.737693488048E-11
AR GRAC 2024 06 07 01 55 30.000000 2   8.989058629394E-12  3.750635912958E-11
AR GRAC 2024 06 07 01 55 40.000000 2   5.083489185154E-12  3.678077634128E-11
AR GRAC 2024 06 07 01 55 50.000000 2   1.132226604139E-11  1.990819488429E-11
AR GRAC 2024 06 07 01 56  0.000000 2   2.512267954433E-12  3.231461279118E-11
AR GRAC 2024 06 07 01 56 10.000000 2   8.111039617731E-12  2.914402746912E-11
AR GRAC 2024 06 07 01 56 20.000000 2   2.775177006600E-12  3.965844666554E-11
AR GRAC 2024 06 07 01 56 30.000000 2   5.682029499687E-12  3.496485739829E-11
AR GRAC 2024 06 07 01 56 40.000000 2   3.243127771543E-12  2.874326991698E-11
AR GRAC 2024 06 07 01 56 50.000000 2   6.152701612083E-12  2.217267862370E-11
AR GRAC 2024 06 07 01 57  0.000000 2   4.212896958372E-12  3.039908602620E-11
AR GRAC 2024 06 07 01 57 10.000000 2   5.479582065870E-12  3.458649339150E-11
AR GRAC 2024 06 07 01 57 20.000000 2   1.714068231969E-12  3.955489755181E-11
AR GRAC 2024 06 07 01 57 30.000000 2   5.332568154409E-12  1.283830333709E-11
AR GRAC 2024 06 07 01 57 40.000000 2   6.072543076024E-12  1.997070737947E-11
AR GRAC 2024 06 07 01 57 50.000000 2   4.130794827289E-13  2.348810729247E-11
AR GRAC 2024 06 07 01 58  0.000000 2  -3.515306969126E-12  2.335850783630E-11
AR GRAC 2024 06 07 01 58 10.000000 2  -1.097376922947E-13  3.120690858505E-11
AR GRAC 2024 06 07 01 58 20.000000 2  -1.920655474941E-12  3.419529936988E-11
AR GRAC 2024 06 07 01 58 30.000000 2   1.807776042577E-12  1.713469817421E-11
AR GRAC 2024 06 07 01 58 40.000000 2   1.704714169305E-12  2.591509125349E-11
AR GRAC 2024 06 07 01 58 50.000000 2  -1.439740362520E-12  2.625048269034E-11
AR GRAC 2024 06 07 01 59  0.000000 2  -2.904417808688E-12  2.705887597321E-11
AR GRAC 2024 06 07 01 59 10.000000 2   2.995571889500E-12  2.552226312236E-11
AR GRAC 2024 06 07 01 59 20.000000 2  -2.088031570563E-12  2.866465398377E-11
AR GRAC 2024 06 07 01 59 30.000000 2  -7.983705710424E-12  2.317303814114E-11
AR GRAC 2024 06 07 01 59 40.000000 2  -5.869649926694E-13  2.173142395201E-11
AR GRAC 2024 06 07 01 59 50.000000 2  -7.250932493319E-12  2.898880614721E-11
AR GRAC 2024 06 07 02 00  0.000000 2  -8.093050535285E-12  2.189418785159E-11
AR GRAC 2024 06 07 02 00 10.000000 2  -1.349531380743E-12  2.954657005172E-11
AR GRAC 2024 06 07 02 00 20.000000 2  -7.334126361780E-12  2.995494824409E-11
AR GRAC 2024 06 07 02 00 30.000000 2  -5.439787075651E-12  1.322532534875E-11
AR GRAC 2024 06 07 02 00 40.000000 2  -6.711552320848E-12  3.040069931903E-11
AR GRAC 2024 06 07 02 00 50.000000 2  -9.266031518462E-12  2.284707492639E-11
AR GRAC 2024 06 07 02 01  0.000000 2  -4.769200225713E-12  2.224044906574E-11
AR GRAC 2024 06 07 02 01 10.000000 2  -1.110439084434E-11  2.469582004172E-11
AR GRAC 2024 06 07 02 01 20.000000 2  -7.352153608142E-12  2.124219029842E-11
AR GRAC 2024 06 07 02 01 30.000000 2  -1.050755489562E-11  1.999655822871E-11
AR GRAC 2024 06 07 02 01 40.000000 2  -1.168371389221E-11  2.085292528931E-11
AR GRAC 2024 06 07 02 01 50.000000 2  -1.094284558800E-11  2.342729135685E-11
AR GRAC 2024 06 07 02 02  0.000000 2  -1.391743838230E-11  2.512165475643E-11
AR GRAC 2024 06 07 02 02 10.000000 2  -1.481720822427E-11  2.664601699010E-11
AR GRAC 2024 06 07 02 02 20.000000 2  -1.228846191470E-11  2.595437927078E-11
AR GRAC 2024 06 07 02 02 30.000000 2  -8.622477731812E-12  1.813273836637E-11
AR GRAC 2024 06 07 02 02 40.000000 2  -1.387591864327E-11  2.734209733624E-11
AR GRAC 2024 06 07 02 02 50.000000 2  -1.738723054423E-11  1.485945394508E-11
AR GRAC 2024 06 07 02 03  0.000000 2  -1.562512792763E-11  2.617481058287E-11
AR GRAC 2024 06 07 02 03 10.000000 2  -1.540691532687E-11  2.998716552849E-11
AR GRAC 2024 06 07 02 03 20.000000 2  -1.234211170764E-11  1.634751535529E-11
AR GRAC 2024 06 07 02 03 30.000000 2  -1.590867888812E-11  1.266586575205E-11
AR GRAC 2024 06 07 02 03 40.000000 2  -1.457651187253E-11  2.106721568029E-11
AR GRAC 2024 06 07 02 03 50.000000 2  -1.542083301331E-11  1.255556335983E-11
AR GRAC 2024 06 07 02 04  0.000000 2  -1.609216579435E-11  2.607690972878E-11
AR GRAC 2024 06 07 02 04 10.000000 2  -2.274874386088E-11  3.392254359358E-12
AR GRAC 2024 06 07 02 04 20.000000 2  -1.420634269944E-11  2.293959813771E-11
AR GRAC 2024 06 07 02 04 30.000000 2  -1.877101425685E-11  9.514940051136E-12
AR GRAC 2024 06 07 02 04 40.000000 2  -1.892802407866E-11  3.893927888465E-11
AR GRAC 2024 06 07 02 04 50.000000 2  -2.026928277998E-11 -1.215380010175E-12
AR GRAC 2024 06 07 02 05  0.000000 2  -2.165870434390E-11  1.666095733599E-11
AR GRAC 2024 06 07 02 05 10.000000 2  -1.773895960677E-11 -8.676706055033E-12
AR GRAC 2024 06 07 02 05 20.000000 2  -2.434056428635E-11  1.620662805346E-11
AR GRAC 2024 06 07 02 05 30.000000 2  -2.200454402024E-11  1.081196070174E-11
AR GRAC 2024 06 07 02 05 40.000000 2  -2.145895440508E-11  4.872291806124E-12
AR GRAC 2024 06 07 02 05 50.000000 2  -2.061153851762E-11  1.192662201638E-11
AR GRAC 2024 06 07 02 06  0.000000 2  -2.196863350956E-11  2.339504458215E-13
AR GRAC 2024 06 07 02 06 10.000000 2  -1.863651073741E-11  8.942278341417E-12
AR GRAC 2024 06 07 02 06 20.000000 2  -2.519310107751E-11  2.068260319954E-11
AR GRAC 2024 06 07 02 06 30.000000 2  -2.264846643563E-11  8.936928454217E-12
AR GRAC 2024 06 07 02 06 40.000000 2  -2.483436546685E-11  2.903251640832E-12
AR GRAC 2024 06 07 02 06 50.000000 2  -2.220493754146E-11  1.028457180530E-11
AR GRAC 2024 06 07 02 07  0.000000 2  -2.254486528019E-11  1.401388987493E-11
AR GRAC 2024 06 07 02 07 10.000000 2  -2.701431613128E-11 -4.197906941766E-13
AR GRAC 2024 06 07 02 07 20.000000 2  -1.975985174096E-11  2.085352550363E-11
AR GRAC 2024 06 07 02 07 30.000000 2  -2.588431205486E-11  1.763284136758E-11
AR GRAC 2024 06 07 02 07 40.000000 2  -2.402873733320E-11  7.788154669786E-12
AR GRAC 2024 06 07 02 07 50.000000 2  -2.604455193178E-11  1.313346740389E-11
AR GRAC 2024 06 07 02 08  0.000000 2  -2.941172999593E-11  1.368977934485E-11
AR GRAC 2024 06 07 02 08 10.000000 2  -2.240976848533E-11  2.370873408621E-13
AR GRAC 2024 06 07 02 08 20.000000 2  -3.110067758882E-11  8.630395877118E-12
AR GRAC 2024 06 07 02 08 30.000000 2  -3.126204850545E-11 -8.340299804954E-12
AR GRAC 2024 06 07 02 08 40.000000 2  -2.279437229247E-11  2.367800747138E-11
AR GRAC 2024 06 07 02 08 50.000000 2  -3.397150269424E-11 -8.480687506418E-12
AR GRAC 2024 06 07 02 09  0.000000 2  -3.016827412883E-11  9.483613547245E-12
AR GRAC 2024 06 07 02 09 10.000000 2  -2.865781049965E-11  1.499791263404E-11
AR GRAC 2024 06 07 02 09 20.000000 2  -2.504583172802E-11 -4.583787776430E-12
AR GRAC 2024 06 07 02 09 30.000000 2  -2.837617293916E-11  1.466250905413E-11
AR GRAC 2024 06 07 02 09 40.000000 2  -3.248941740641E-11 -1.261119333962E-11
AR GRAC 2024 06 07 02 09 50.000000 2  -3.072945717331E-11 -3.739003464481E-13
AR GRAC 2024 06 07 02 10  0.000000 2  -3.316779489948E-11 -1.007960642035E-11
AR GRAC 2024 06 07 02 10 10.000000 2  -3.267885267944E-11  1.564868547244E-11
AR GRAC 2024 06 07 02 10 20.000000 2  -3.302319181997E-11 -9.413025914284E-12
AR GRAC 2024 06 07 02 10 30.000000 2  -2.991767250604E-11  1.620026161830E-11
AR GRAC 2024 06 07 02 10 40.000000 2  -3.394079114982E-11  1.053754999925E-11
AR GRAC 2024 06 07 02 10 50.000000 2  -3.271681883743E-11  5.552835535133E-12
AR GRAC 2024 06 07 02 11  0.000000 2  -3.447867685802E-11  9.671201556608E-13
AR GRAC 2024 06 07 02 11 10.000000 2  -3.267108458771E-11 -1.173859794090E-11
AR GRAC 2024 06 07 02 11 20.000000 2  -3.674453449842E-11  6.141683949606E-12
AR GRAC 2024 06 07 02 11 30.000000 2  -3.527021383287E-11 -4.800035802860E-12
AR GRAC 2024 06 07 02 11 40.000000 2  -3.420968022749E-11 -1.548075903579E-11
AR GRAC 2024 06 07 02 11 50.000000 2  -3.695242029034E-11  3.301518780585E-12
AR GRAC 2024 06 07 02 12  0.000000 2  -3.021375510892E-11 -1.828120467506E-11
AR GRAC 2024 06 07 02 12 10.000000 2  -3.706281462290E-11 -3.679318676987E-13
AR GRAC 2024 06 07 02 12 20.000000 2  -3.259633535313E-11 -2.743660984170E-12
AR GRAC 2024 06 07 02 12 30.000000 2  -3.665343029091E-11 -6.863389197254E-12
AR GRAC 2024 06 07 02 12 40.000000 2  -3.518077842934E-11  2.575881131658E-12
AR GRAC 2024 06 07 02 12 50.000000 2  -4.087352678539E-11 -9.930851280204E-12
AR GRAC 2024 06 07 02 13  0.000000 2  -3.763139105883E-11 -8.830584700970E-12
AR GRAC 2024 06 07 02 13 10.000000 2  -4.106541495741E-11 -1.100732179016E-11
AR GRAC 2024 06 07 02 13 20.000000 2  -3.404947504504E-11 -4.905776983645E-14
AR GRAC 2024 06 07 02 13 30.000000 2  -3.507876281117E-11 -7.076794879268E-12
AR GRAC 2024 06 07 02 13 40.000000 2  -3.849289637037E-11 -1.767534144222E-12
AR GRAC 2024 06 07 02 13 50.000000 2  -3.728536923653E-11 -1.460227598560E-11
AR GRAC 2024 06 07 02 14  0.000000 2  -4.078926779671E-11 -2.274501940958E-11
AR GRAC 2024 06 07 02 14 10.000000 2  -3.856080732501E-11 -7.362762309560E-12
AR GRAC 2024 06 07 02 14 20.000000 2  -3.586506092113E-11 -1.107350669494E-11
AR GRAC 2024 06 07 02 14 30.000000 2  -4.003095424587E-11 -8.013254990114E-12
AR GRAC 2024 06 07 02 14 40.000000 2  -3.517958840904E-11 -4.989002266864E-12
AR GRAC 2024 06 07 02 14 50.000000 2  -3.986429589209E-11 -9.066753424436E-12
AR GRAC 2024 06 07 02 15  0.000000 2  -4.264861380721E-11 -1.878450346660E-11
AR GRAC 2024 06 07 02 15 10.000000 2  -4.057115754463E-11 -1.275525778749E-11
AR GRAC 2024 06 07 02 15 20.000000 2  -4.430731476157E-11 -1.800101040450E-11
AR GRAC 2024 06 07 02 15 30.000000 2  -3.684303903628E-11 -1.804176773257E-11
AR GRAC 2024 06 07 02 15 40.000000 2  -4.373972711802E-11 -1.067952497269E-11
AR GRAC 2024 06 07 02 15 50.000000 2  -3.628228967267E-11 -2.388328250447E-11
AR GRAC 2024 06 07 02 16  0.000000 2  -4.407964965258E-11 -1.325204269237E-11
AR GRAC 2024 06 07 02 16 10.000000 2  -4.814761783711E-11 -1.756980498591E-11
AR GRAC 2024 06 07 02 16 20.000000 2  -3.909745791009E-11 -8.648567972891E-12
AR GRAC 2024 06 07 02 16 30.000000 2  -4.115167234753E-11 -2.222433348464E-11
AR GRAC 2024 06 07 02 16 40.000000 2  -4.375527370981E-11  6.162900918760E-12
AR GRAC 2024 06 07 02 16 50.000000 2  -4.213959736710E-11 -7.372864471722E-12
AR GRAC 2024 06 07 02 17  0.000000 2  -4.633255584752E-11 -1.529763815622E-11
AR GRAC 2024 06 07 02 17 10.000000 2  -4.077632675958E-11 -1.896440643412E-11
AR GRAC 2024 06 07 02 17 20.000000 2  -4.059210606533E-11 -1.393117825960E-11
AR GRAC 2024 06 07 02 17 30.000000 2  -4.488712526673E-11 -1.103995020402E-11
AR GRAC 2024 06 07 02 17 40.000000 2  -4.374847359379E-11 -2.446725764702E-12
AR GRAC 2024 06 07 02 17 50.000000 2  -4.487605773096E-11 -1.863050512474E-11
AR GRAC 2024 06 07 02 18  0.000000 2  -4.518756202554E-11 -1.164428189288E-11
AR GRAC 2024 06 07 02 18 10.000000 2  -4.128888897448E-11 -1.098506268588E-11
AR GRAC 2024 06 07 02 18 20.000000 2  -4.562328986824E-11 -1.900584203907E-11
AR GRAC 2024 06 07 02 18 30.000000 2  -3.989595459553E-11 -2.060662578074E-11
AR GRAC 2024 06 07 02 18 40.000000 2  -4.297385364227E-11 -2.774140986372E-11
AR GRAC 2024 06 07 02 18 50.000000 2  -4.513887180702E-11 -2.541719439086E-11
AR GRAC 2024 06 07 02 19  0.000000 2  -3.550268759533E-11 -1.122598021486E-11
AR GRAC 2024 06 07 02 19 10.000000 2  -4.480442059029E-11 -1.026677007299E-11
AR GRAC 2024 06 07 02 19 20.000000 2  -4.657329730207E-11 -2.064555991443E-11
AR GRAC 2024 06 07 02 19 30.000000 2  -4.067820733034E-11 -1.889135028965E-11
AR GRAC 2024 06 07 02 19 40.000000 2  -4.340942535985E-11 -3.688614344521E-11
AR GRAC 2024 06 07 02 19 50.000000 2  -4.658673793956E-11 -1.549394119948E-11
AR GRAC 2024 06 07 02 20  0.000000 2  -4.496577069024E-11 -2.576173475932E-11
AR GRAC 2024 06 07 02 20 10.000000 2  -4.070103282183E-11 -1.606353071393E-11
AR GRAC 2024 06 07 02 20 20.000000 2  -4.432100519924E-11 -2.722233029273E-11
AR GRAC 2024 06 07 02 20 30.000000 2  -3.987286889551E-11 -2.761712906973E-11
AR GRAC 2024 06 07 02 20 40.000000 2  -4.497677924542E-11 -1.440893151322E-11
AR GRAC 2024 06 07 02 20 50.000000 2  -3.924766067698E-11 -2.176373491147E-11
AR GRAC 2024 06 07 02 21  0.000000 2  -4.654760951683E-11 -2.123954137567E-11
AR GRAC 2024 06 07 02 21 10.000000 2  -4.618352228425E-11 -3.663034459089E-11
AR GRAC 2024 06 07 02 21 20.000000 2  -3.787360702834E-11 -1.929615495166E-11
AR GRAC 2024 06 07 02 21 30.000000 2  -4.710752621317E-11 -2.402196150331E-11
AR GRAC 2024 06 07 02 21 40.000000 2  -4.273946127564E-11 -3.026877706813E-11
AR GRAC 2024 06 07 02 21 50.000000 2  -4.571583736568E-11 -3.071158605206E-11
AR GRAC 2024 06 07 02 22  0.000000 2  -3.887613148068E-11 -1.496939898427E-11
AR GRAC 2024 06 07 02 22 10.000000 2  -3.955576838299E-11 -1.796221157924E-11
AR GRAC 2024 06 07 02 22 20.000000 2  -3.880455679006E-11 -3.354902813890E-11
AR GRAC 2024 06 07 02 22 30.000000 2  -4.372436787636E-11 -3.624584660189E-11
AR GRAC 2024 06 07 02 22 40.000000 2  -4.300070022278E-11 -1.911566911705E-11
AR GRAC 2024 06 07 02 22 50.000000 2  -4.544705931031E-11 -3.524849162551E-11
AR GRAC 2024 06 07 02 23  0.000000 2  -4.378667220473E-11 -2.269631184382E-11
AR GRAC 2024 06 07 02 23 10.000000 2  -4.243834103579E-11 -2.052913741779E-11
AR GRAC 2024 06 07 02 23 20.000000 2  -4.106497086820E-11 -2.660996076265E-11
AR GRAC 2024 06 07 02 23 30.000000 2  -4.791320465380E-11 -2.488178760252E-11
AR GRAC 2024 06 07 02 23 40.000000 2  -4.068633971399E-11 -2.367261768554E-11
AR GRAC 2024 06 07 02 23 50.000000 2  -4.411601639553E-11 -3.097344256076E-11
AR GRAC 2024 06 07 02 24  0.000000 2  -3.821054236908E-11 -2.861427587930E-11
AR GRAC 2024 06 07 02 24 10.000000 2  -3.994412786645E-11 -3.691510638837E-11
AR GRAC 2024 06 07 02 24 20.000000 2  -4.188407606853E-11 -2.021694443799E-11
AR GRAC 2024 06 07 02 24 30.000000 2  -4.150395999103E-11 -3.339677492886E-11
AR GRAC 2024 06 07 02 24 40.000000 2  -4.152986288197E-11 -2.193861758926E-11
AR GRAC 2024 06 07 02 24 50.000000 2  -4.439179926430E-11 -2.226845617626E-11
AR GRAC 2024 06 07 02 25  0.000000 2  -4.847216725223E-11 -2.610829781535E-11
AR GRAC 2024 06 07 02 25 10.000000 2  -3.728420697180E-11 -2.933713688646E-11
AR GRAC 2024 06 07 02 25 20.000000 2  -4.407743961488E-11 -2.040798086078E-11
AR GRAC 2024 06 07 02 25 30.000000 2  -4.091523994609E-11 -3.841582607578E-11
AR GRAC 2024 06 07 02 25 40.000000 2  -4.035991679752E-11 -3.047267299605E-11
AR GRAC 2024 06 07 02 25 50.000000 2  -3.890936878248E-11 -2.159752064690E-11
AR GRAC 2024 06 07 02 26  0.000000 2  -4.041322831938E-11 -3.845737270303E-11
AR GRAC 2024 06 07 02 26 10.000000 2  -3.953665519973E-11 -9.832218372807E-12
AR GRAC 2024 06 07 02 26 20.000000 2  -4.364066399920E-11 -2.132807125355E-11
AR GRAC 2024 06 07 02 26 30.000000 2  -3.943487897340E-11 -3.708392273816E-11
AR GRAC 2024 06 07 02 26 40.000000 2  -3.767727796422E-11 -4.188378116554E-11
AR GRAC 2024 06 07 02 26 50.000000 2  -3.922084879093E-11 -2.478963388730E-11
AR GRAC 2024 06 07 02 27  0.000000 2  -4.374860543277E-11 -2.130949583456E-11
AR GRAC 2024 06 07 02 27 10.000000 2  -3.709097265436E-11 -3.459234981795E-11
AR GRAC 2024 06 07 02 27 20.000000 2  -4.631189876037E-11 -3.361621050968E-11
AR GRAC 2024 06 07 02 27 30.000000 2  -3.991948091531E-11 -2.762107730037E-11
AR GRAC 2024 06 07 02 27 40.000000 2  -4.271336062622E-11 -2.283994347818E-11
AR GRAC 2024 06 07 02 27 50.000000 2  -3.782405638697E-11 -1.912780697721E-11
AR GRAC 2024 06 07 02 28  0.000000 2  -4.226192659718E-11 -3.051467412085E-11
AR GRAC 2024 06 07 02 28 10.000000 2  -3.837615988878E-11 -2.754554223605E-11
AR GRAC 2024 06 07 02 28 20.000000 2  -4.053419405681E-11 -3.042641139039E-11
AR GRAC 2024 06 07 02 28 30.000000 2  -3.998676736949E-11 -4.078028539856E-11
AR GRAC 2024 06 07 02 28 40.000000 2  -3.891531888400E-11 -3.441216062106E-11
AR GRAC 2024 06 07 02 28 50.000000 2  -4.046531859592E-11 -2.139303144355E-11
AR GRAC 2024 06 07 02 29  0.000000 2  -3.856973768146E-11 -2.869590676191E-11
AR GRAC 2024 06 07 02 29 10.000000 2  -4.180607249271E-11 -3.293878364508E-11
AR GRAC 2024 06 07 02 29 20.000000 2  -3.749806368192E-11 -1.866466182998E-11
AR GRAC 2024 06 07 02 29 30.000000 2  -3.717796556724E-11 -3.388454100639E-11
AR GRAC 2024 06 07 02 29 40.000000 2  -3.091611341932E-11 -2.723842505714E-11
AR GRAC 2024 06 07 02 29 50.000000 2  -3.861659950144E-11 -2.290330772259E-11
AR GRAC 2024 06 07 02 30  0.000000 2  -3.996180469867E-11 -2.119319129912E-11
AR GRAC 2024 06 07 02 30 10.000000 2  -3.614922250428E-11 -2.869007809103E-11
AR GRAC 2024 06 07 02 30 20.000000 2  -3.348330293584E-11 -2.754996578092E-11
AR GRAC 2024 06 07 02 30 30.000000 2  -3.336668788489E-11 -4.319185287205E-11
AR GRAC 2024 06 07 02 30 40.000000 2  -4.351104199163E-11 -2.592674512580E-11
AR GRAC 2024 06 07 02 30 50.000000 2  -3.043365212618E-11 -3.019063471443E-11
AR GRAC 2024 06 07 02 31  0.000000 2  -3.918549165705E-11 -2.731653098165E-11
AR GRAC 2024 06 07 02 31 10.000000 2  -3.468393627859E-11 -2.230942340586E-11
AR GRAC 2024 06 07 02 31 20.000000 2  -3.780067231451E-11 -2.420432257400E-11
AR GRAC 2024 06 07 02 31 30.000000 2  -3.071987456083E-11 -2.879022020785E-11
AR GRAC 2024 06 07 02 31 40.000000 2  -3.571835882621E-11 -3.265211712122E-11
AR GRAC 2024 06 07 02 31 50.000000 2  -3.433377193662E-11 -1.871401818232E-11
AR GRAC 2024 06 07 02 32  0.000000 2  -2.830905475315E-11 -3.026492598202E-11
AR GRAC 2024 06 07 02 32 10.000000 2  -3.809035378777E-11 -2.360882669916E-11
AR GRAC 2024 06 07 02 32 20.000000 2  -3.601976009127E-11 -1.045373336506E-11
AR GRAC 2024 06 07 02 32 30.000000 2  -2.930177628313E-11 -4.214264007207E-11
AR GRAC 2024 06 07 02 32 40.000000 2  -2.983819441527E-11 -3.208854709724E-11
AR GRAC 2024 06 07 02 32 50.000000 2  -3.249833388508E-11 -2.762645667787E-11
AR GRAC 2024 06 07 02 33  0.000000 2  -2.957984204799E-11 -4.457136743019E-11
AR GRAC 2024 06 07 02 33 10.000000 2  -2.858619244095E-11 -9.184281807295E-12
AR GRAC 2024 06 07 02 33 20.000000 2  -3.627799102790E-11 -3.015119751093E-11
AR GRAC 2024 06 07 02 33 30.000000 2  -3.359807224101E-11 -2.060011189409E-11
AR GRAC 2024 06 07 02 33 40.000000 2  -3.382719798717E-11 -3.172203125179E-11
AR GRAC 2024 06 07 02 33 50.000000 2  -3.426747427482E-11 -1.921294894014E-11
AR GRAC 2024 06 07 02 34  0.000000 2  -2.800177797968E-11 -2.178886758519E-11
AR GRAC 2024 06 07 02 34 10.000000 2  -2.986178318509E-11 -2.174278639078E-11
AR GRAC 2024 06 07 02 34 20.000000 2  -3.118782315736E-11 -2.701371244751E-11
AR GRAC 2024 06 07 02 34 30.000000 2  -3.216358776537E-11 -1.760663836947E-11
AR GRAC 2024 06 07 02 34 40.000000 2  -3.665320477686E-11 -3.808556595097E-11
AR GRAC 2024 06 07 02 34 50.000000 2  -2.958138248244E-11 -2.033048902839E-11
AR GRAC 2024 06 07 02 35  0.000000 2  -3.082973459856E-11 -1.213041906506E-11
AR GRAC 2024 06 07 02 35 10.000000 2  -2.694427493621E-11 -2.210735067232E-11
AR GRAC 2024 06 07 02 35 20.000000 2  -2.856393073458E-11 -2.570128485035E-11
AR GRAC 2024 06 07 02 35 30.000000 2  -2.949692226584E-11 -2.807021455553E-11
AR GRAC 2024 06 07 02 35 40.000000 2  -3.113652391473E-11 -2.467615174695E-11
AR GRAC 2024 06 07 02 35 50.000000 2  -2.312305728835E-11 -9.722088585573E-12
AR GRAC 2024 06 07 02 36  0.000000 2  -2.744540532340E-11 -2.009802220482E-11
AR GRAC 2024 06 07 02 36 10.000000 2  -3.005453177995E-11 -3.604797016443E-11
AR GRAC 2024 06 07 02 36 20.000000 2  -3.057968114839E-11 -1.348790436978E-11
AR GRAC 2024 06 07 02 36 30.000000 2  -2.858519497495E-11 -1.737484635334E-11
AR GRAC 2024 06 07 02 36 40.000000 2  -2.366325538294E-11 -2.580979180378E-11
AR GRAC 2024 06 07 02 36 50.000000 2  -2.830195973413E-11 -2.063873724700E-11
AR GRAC 2024 06 07 02 37  0.000000 2  -2.651975340717E-11 -2.525668563180E-11
AR GRAC 2024 06 07 02 37 10.000000 2  -2.796187760501E-11 -2.246263071382E-11
AR GRAC 2024 06 07 02 37 20.000000 2  -2.655963469989E-11 -2.478658250871E-11
AR GRAC 2024 06 07 02 37 30.000000 2  -2.504777982248E-11 -1.936153494475E-11
AR GRAC 2024 06 07 02 37 40.000000 2  -2.935716600372E-11 -2.035648906384E-11
AR GRAC 2024 06 07 02 37 50.000000 2  -2.574506753616E-11 -3.025244291188E-11
AR GRAC 2024 06 07 02 38  0.000000 2  -2.717685625153E-11 -8.327396931740E-12
AR GRAC 2024 06 07 02 38 10.000000 2  -2.493633771694E-11 -5.756354594377E-12
AR GRAC 2024 06 07 02 38 20.000000 2  -2.213677852136E-11 -3.116630911681E-11
AR GRAC 2024 06 07 02 38 30.000000 2  -2.680184719994E-11 -1.922270719337E-12
AR GRAC 2024 06 07 02 38 40.000000 2  -1.874504197696E-11 -3.550023122689E-11
AR GRAC 2024 06 07 02 38 50.000000 2  -3.091677261424E-11 -1.276319848420E-11
AR GRAC 2024 06 07 02 39  0.000000 2  -2.244624798531E-11 -2.232716268813E-11
AR GRAC 2024 06 07 02 39 10.000000 2  -2.718353146747E-11 -2.154612946392E-11
AR GRAC 2024 06 07 02 39 20.000000 2  -1.969035004490E-11 -2.694094296610E-12
AR GRAC 2024 06 07 02 39 30.000000 2  -2.103904724049E-11 -9.517063352671E-12
AR GRAC 2024 06 07 02 39 40.000000 2  -2.442007013270E-11 -1.102503505157E-11
AR GRAC 2024 06 07 02 39 50.000000 2  -2.080110909908E-11 -2.135400710424E-11
AR GRAC 2024 06 07 02 40  0.000000 2  -2.411497390664E-11 -1.454997927697E-11
AR GRAC 2024 06 07 02 40 10.000000 2  -1.881418805472E-11 -1.815395576921E-11
AR GRAC 2024 06 07 02 40 20.000000 2  -1.969137006230E-11 -6.596931334535E-12
AR GRAC 2024 06 07 02 40 30.000000 2  -2.586830229190E-11 -7.101909338392E-12
AR GRAC 2024 06 07 02 40 40.000000 2  -2.513945128457E-11 -1.794189102844E-11
AR GRAC 2024 06 07 02 40 50.000000 2  -1.865791895983E-11  1.285212995056E-11
AR GRAC 2024 06 07 02 41  0.000000 2  -2.200186560719E-11 -3.084885125126E-11
AR GRAC 2024 06 07 02 41 10.000000 2  -2.730390219474E-11 -2.056083601987E-11
AR GRAC 2024 06 07 02 41 20.000000 2  -2.378007686599E-11 -3.564821831822E-12
AR GRAC 2024 06 07 02 41 30.000000 2  -1.746620729992E-11 -8.934809489491E-12
AR GRAC 2024 06 07 02 41 40.000000 2  -1.882882044724E-11  1.124820288995E-11
AR GRAC 2024 06 07 02 41 50.000000 2  -2.255263510664E-11 -2.106078679509E-11
AR GRAC 2024 06 07 02 42  0.000000 2  -2.285711030170E-11 -5.324778812321E-12
AR GRAC 2024 06 07 02 42 10.000000 2  -2.081876164517E-11 -2.077477079254E-11
AR GRAC 2024 06 07 02 42 20.000000 2  -1.847075617456E-11 -1.530776547187E-11
AR GRAC 2024 06 07 02 42 30.000000 2  -1.483001221825E-11 -3.523761360827E-12
AR GRAC 2024 06 07 02 42 40.000000 2  -1.640079565213E-11  9.574240705801E-12
AR GRAC 2024 06 07 02 42 50.000000 2  -2.044999412865E-11 -5.473756864438E-12
AR GRAC 2024 06 07 02 43  0.000000 2  -1.291537449905E-11 -1.692975794276E-11
AR GRAC 2024 06 07 02 43 10.000000 2  -2.097440970905E-11 -8.914757820833E-12
AR GRAC 2024 06 07 02 43 20.000000 2  -1.562635264241E-11  4.551238726169E-12
AR GRAC 2024 06 07 02 43 30.000000 2  -1.673428236260E-11 -1.251676713665E-11
AR GRAC 2024 06 07 02 43 40.000000 2  -1.370248879640E-11 -1.221771707242E-12
AR GRAC 2024 06 07 02 43 50.000000 2  -1.878995917193E-11  3.462194723622E-13
AR GRAC 2024 06 07 02 44  0.000000 2  -1.742764786650E-11 -1.152579073849E-11
AR GRAC 2024 06 07 02 44 10.000000 2  -1.736474852798E-11 -1.094679989017E-11
AR GRAC 2024 06 07 02 44 20.000000 2  -2.095672940738E-11 -5.298112209368E-13
AR GRAC 2024 06 07 02 44 30.000000 2  -1.736582752598E-11  2.245017539926E-11
AR GRAC 2024 06 07 02 44 40.000000 2  -1.565130490488E-11 -5.010840700703E-12
AR GRAC 2024 06 07 02 44 50.000000 2  -1.776907440632E-11  5.835143999933E-12
AR GRAC 2024 06 07 02 45  0.000000 2  -1.330812890443E-11  1.160126140119E-12
AR GRAC 2024 06 07 02 45 10.000000 2  -1.393657324961E-11 -1.347989515149E-11
AR GRAC 2024 06 07 02 45 20.000000 2  -1.369728375861E-11  1.376108602069E-11
AR GRAC 2024 06 07 02 45 30.000000 2  -1.429103797107E-11 -1.455936933514E-12
AR GRAC 2024 06 07 02 45 40.000000 2  -2.042676965075E-11  7.144039700091E-12
AR GRAC 2024 06 07 02 45 50.000000 2  -1.352453912751E-11 -1.769598530210E-11
AR GRAC 2024 06 07 02 46  0.000000 2  -1.724609170750E-11  2.355598702208E-11
AR GRAC 2024 06 07 02 46 10.000000 2  -1.741683706979E-11  1.351959343088E-12
AR GRAC 2024 06 07 02 46 20.000000 2  -6.993933644034E-12  1.549292985570E-11
AR GRAC 2024 06 07 02 46 30.000000 2  -1.978497747579E-11 -1.145910189654E-11
AR GRAC 2024 06 07 02 46 40.000000 2  -1.619767688033E-11 -1.406513360641E-11
AR GRAC 2024 06 07 02 46 50.000000 2  -1.138063775163E-11  1.677883179618E-11
AR GRAC 2024 06 07 02 47  0.000000 2  -1.487945530676E-11 -2.352052201008E-13
AR GRAC 2024 06 07 02 47 10.000000 2  -1.609958000248E-11  1.210175796379E-11
AR GRAC 2024 06 07 02 47 20.000000 2  -2.178146031595E-11 -2.311280507261E-12
AR GRAC 2024 06 07 02 47 30.000000 2  -4.395163920312E-12  2.017679426314E-12
AR GRAC 2024 06 07 02 47 40.000000 2  -1.194265780019E-11  1.462963604426E-11
AR GRAC 2024 06 07 02 47 50.000000 2  -1.534531703096E-11 -3.140590137127E-14
AR GRAC 2024 06 07 02 48  0.000000 2  -1.536781292499E-11  1.000550120187E-12
AR GRAC 2024 06 07 02 48 10.000000 2  -1.306674646956E-11  2.894503213502E-12
AR GRAC 2024 06 07 02 48 20.000000 2  -5.017331168589E-12  9.986456106503E-12
AR GRAC 2024 06 07 02 48 30.000000 2  -8.768483335253E-12  7.068407057581E-12
AR GRAC 2024 06 07 02 48 40.000000 2  -9.520184120204E-12  9.247356352882E-12
AR GRAC 2024 06 07 02 48 50.000000 2  -7.339185682798E-12  8.252305089274E-12
AR GRAC 2024 06 07 02 49  0.000000 2  -1.629124092573E-11  1.048625075661E-11
AR GRAC 2024 06 07 02 49 10.000000 2  -1.182372429132E-11  2.034619521474E-11
AR GRAC 2024 06 07 02 49 20.000000 2  -1.191280754598E-11  8.733140946515E-12
AR GRAC 2024 06 07 02 49 30.000000 2  -1.112081520621E-11  6.884081846237E-12
AR GRAC 2024 06 07 02 49 40.000000 2  -1.140954778572E-11  6.856020959289E-12
AR GRAC 2024 06 07 02 49 50.000000 2  -4.647662463220E-12  7.273962248505E-12
AR GRAC 2024 06 07 02 50  0.000000 2  -9.925718233439E-12  2.530889733898E-11
AR GRAC 2024 06 07 02 50 10.000000 2  -1.051045622064E-11  1.078351953088E-13
AR GRAC 2024 06 07 02 50 20.000000 2  -5.529503504381E-12  2.124276969606E-11
AR GRAC 2024 06 07 02 50 30.000000 2  -1.239460877683E-11 -7.260297831685E-12
AR GRAC 2024 06 07 02 50 40.000000 2  -1.302201575737E-11  2.434463568235E-11
AR GRAC 2024 06 07 02 50 50.000000 2  -6.870664627512E-12  1.595556499423E-11
AR GRAC 2024 06 07 02 51  0.000000 2  -6.588001845442E-12  1.253549347657E-11
AR GRAC 2024 06 07 02 51 10.000000 2  -7.909880216095E-12  2.609941950060E-11
AR GRAC 2024 06 07 02 51 20.000000 2  -1.317222459579E-11  4.562347027948E-12
AR GRAC 2024 06 07 02 51 30.000000 2  -6.004508088658E-12  1.622727126283E-11
AR GRAC 2024 06 07 02 51 40.000000 2  -9.332212953794E-12  1.171219371487E-11
AR GRAC 2024 06 07 02 51 50.000000 2  -4.981012997896E-12  2.124411584148E-11
AR GRAC 2024 06 07 02 52  0.000000 2  -1.085467739997E-11  8.644035140448E-12
AR GRAC 2024 06 07 02 52 10.000000 2  -6.590066166379E-12  2.984954514465E-12
AR GRAC 2024 06 07 02 52 20.000000 2  -6.708886918227E-12  3.205086890334E-11
AR GRAC 2024 06 07 02 52 30.000000 2  -8.505931202440E-12  2.372278588847E-11
AR GRAC 2024 06 07 02 52 40.000000 2  -7.037620920053E-12  1.883970063288E-11
AR GRAC 2024 06 07 02 52 50.000000 2  -9.810987092185E-12  1.542861151338E-11
AR GRAC 2024 06 07 02 53  0.000000 2  -4.477889413435E-12  9.077523455137E-12
AR GRAC 2024 06 07 02 53 10.000000 2  -1.992312781765E-12  2.702743237548E-11
AR GRAC 2024 06 07 02 53 20.000000 2  -5.740046458980E-12  1.570334140499E-11
AR GRAC 2024 06 07 02 53 30.000000 2  -9.707030318440E-12  1.374324699183E-11
AR GRAC 2024 06 07 02 53 40.000000 2  -7.485938084695E-12  2.974315238546E-11
AR GRAC 2024 06 07 02 53 50.000000 2  -5.542490511684E-12  2.080405639426E-11
AR GRAC 2024 06 07 02 54  0.000000 2  -4.575905192955E-12  1.664695811754E-11
AR GRAC 2024 06 07 02 54 10.000000 2  -6.241903695303E-12  2.352185980714E-11
AR GRAC 2024 06 07 02 54 20.000000 2  -1.867247459084E-12  2.640275845178E-11
AR GRAC 2024 06 07 02 54 30.000000 2  -7.011508127569E-12 -3.339343775458E-12
AR GRAC 2024 06 07 02 54 40.000000 2  -2.412491213744E-12  3.038755358453E-11
AR GRAC 2024 06 07 02 54 50.000000 2  -9.555090225988E-12  1.118344652995E-11
AR GRAC 2024 06 07 02 55  0.000000 2  -5.341199704745E-12  2.293134085396E-11
AR GRAC 2024 06 07 02 55 10.000000 2  -2.736863903910E-12  2.513223136547E-11
AR GRAC 2024 06 07 02 55 20.000000 2  -6.786298085981E-12  1.936412141745E-11
AR GRAC 2024 06 07 02 55 30.000000 2  -3.426850383320E-12  1.517600975443E-11
AR GRAC 2024 06 07 02 55 40.000000 2  -7.843828017662E-12  2.173989634147E-11
AR GRAC 2024 06 07 02 55 50.000000 2  -6.758623608688E-13  2.472278284871E-11
AR GRAC 2024 06 07 02 56  0.000000 2  -5.135770281273E-12  3.062466599757E-11
AR GRAC 2024 06 07 02 56 10.000000 2  -6.844034887432E-12  2.715454944235E-11
AR GRAC 2024 06 07 02 56 20.000000 2  -4.075876355175E-12  2.360443090987E-11
AR GRAC 2024 06 07 02 56 30.000000 2  -5.937538221507E-12  1.635331280114E-11
AR GRAC 2024 06 07 02 56 40.000000 2  -1.610066138573E-12  3.820018953937E-11
AR GRAC 2024 06 07 02 56 50.000000 2  -2.026237034061E-12  5.844066983812E-12
AR GRAC 2024 06 07 02 57  0.000000 2  -6.659646358681E-12  1.845294403391E-11
AR GRAC 2024 06 07 02 57 10.000000 2   3.519262789173E-13  1.870081520194E-11
AR GRAC 2024 06 07 02 57 20.000000 2  -4.185622334840E-12  3.978568863250E-11
AR GRAC 2024 06 07 02 57 30.000000 2   3.099835492459E-12  1.937155991172E-11
AR GRAC 2024 06 07 02 57 40.000000 2  -3.613865283414E-12  2.158443042355E-11
AR GRAC 2024 06 07 02 57 50.000000 2  -2.267718212648E-13  2.796329834354E-11
AR GRAC 2024 06 07 02 58  0.000000 2   1.028389613050E-12  2.068916392373E-11
AR GRAC 2024 06 07 02 58 10.000000 2  -4.381986527108E-12  2.638202850624E-11
AR GRAC 2024 06 07 02 58 20.000000 2  -3.367307734731E-12  1.640289293281E-11
AR GRAC 2024 06 07 02 58 30.000000 2   2.765346545502E-12  2.693675490995E-11
AR GRAC 2024 06 07 02 58 40.000000 2   2.313077030261E-12  3.392761419030E-11
AR GRAC 2024 06 07 02 58 50.000000 2  -1.710935971892E-12  4.422747584831E-11
AR GRAC 2024 06 07 02 59  0.000000 2  -9.688304845878E-13  1.201533143813E-11
AR GRAC 2024 06 07 02 59 10.000000 2  -2.965672629349E-12  1.912918955183E-11
AR GRAC 2024 06 07 02 59 20.000000 2   4.792637207235E-12  3.271704435148E-11
AR GRAC 2024 06 07 02 59 30.000000 2   1.994236617205E-13  3.332489492691E-11
AR GRAC 2024 06 07 02 59 40.000000 2   2.874703079747E-12  1.280474771354E-11
AR GRAC 2024 06 07 02 59 50.000000 2  -2.906160826311E-13  2.599059856223E-11
AR GRAC 2024 06 07 03 00  0.000000 2   1.603219076593E-12  3.620744676303E-11
AR GRAC 2024 06 07 03 00 10.000000 2  -1.262362393437E-12  1.837929461401E-11
AR GRAC 2024 06 07 03 00 20.000000 2   4.966224046582E-12  3.275013940596E-11
AR GRAC 2024 06 07 03 00 30.000000 2  -3.765607346339E-13  8.642984765383E-12
AR GRAC 2024 06 07 03 00 40.000000 2   1.657872407065E-12  2.415282730761E-11
AR GRAC 2024 06 07 03 00 50.000000 2   7.943828429259E-13  2.600166956745E-11
AR GRAC 2024 06 07 03 01  0.000000 2  -4.362779397731E-13  5.169250791304E-11
AR GRAC 2024 06 07 03 01 10.000000 2   3.681846928033E-12  2.091234650725E-11
AR GRAC 2024 06 07 03 01 20.000000 2   2.769904748276E-12  3.388718472497E-11
AR GRAC 2024 06 07 03 01 30.000000 2   1.098720940618E-12  1.740502013348E-11
AR GRAC 2024 06 07 03 01 40.000000 2   3.926420820421E-12  3.868985340438E-11
AR GRAC 2024 06 07 03 01 50.000000 2   6.282771178312E-12  2.293668553699E-11
AR GRAC 2024 06 07 03 02  0.000000 2   5.288882613114E-12  3.633551445836E-11
AR GRAC 2024 06 07 03 02 10.000000 2   6.137429106601E-12  2.605134684364E-11
AR GRAC 2024 06 07 03 02 20.000000 2   4.583184092660E-12  4.256017413495E-11
AR GRAC 2024 06 07 03 02 30.000000 2   1.613056259744E-12  1.391700036463E-11
AR GRAC 2024 06 07 03 02 40.000000 2   1.011921774673E-12  3.584182603489E-11
AR GRAC 2024 06 07 03 02 50.000000 2   2.416138903533E-12  2.544165052243E-11
AR GRAC 2024 06 07 03 03  0.000000 2   4.446312675682E-12  1.070647043244E-11
AR GRAC 2024 06 07 03 03 10.000000 2   2.468382052576E-12  3.859729549860E-11
AR GRAC 2024 06 07 03 03 20.000000 2   7.300410276301E-12  3.508611109981E-11
AR GRAC 2024 06 07 03 03 30.000000 2   1.741092079538E-12  2.313992920888E-11
AR GRAC 2024 06 07 03 03 40.000000 2   8.321804183253E-12  1.874274520308E-11
AR GRAC 2024 06 07 03 03 50.000000 2   4.060677141760E-12  4.562656155671E-11
AR GRAC 2024 06 07 03 04  0.000000 2   6.140018615070E-12  2.566437513896E-11
AR GRAC 2024 06 07 03 04 10.000000 2   7.200222622988E-12  4.024418298609E-11
AR GRAC 2024 06 07 03 04 20.000000 2   7.551214861734E-12  3.323499461749E-11
AR GRAC 2024 06 07 03 04 30.000000 2   4.669897715054E-12  3.843280554916E-11
AR GRAC 2024 06 07 03 04 40.000000 2   3.076418677098E-12  1.370761230218E-11
AR GRAC 2024 06 07 03 04 50.000000 2   7.283219166654E-12  5.008541498208E-11
AR GRAC 2024 06 07 03 05  0.000000 2   3.607475429490E-12  2.780822100368E-11
AR GRAC 2024 06 07 03 05 10.000000 2   1.078077384309E-11  2.748602560831E-11
AR GRAC 2024 06 07 03 05 20.000000 2   3.512720930104E-12  4.096382261176E-11
AR GRAC 2024 06 07 03 05 30.000000 2   1.540752660005E-12  3.534462653110E-11
AR GRAC 2024 06 07 03 05 40.000000 2   5.937727740046E-12  1.616142462912E-11
AR GRAC 2024 06 07 03 05 50.000000 2   1.791942896151E-12  3.495722114555E-11
AR GRAC 2024 06 07 03 06  0.000000 2   6.796092334727E-12  3.058401795708E-11
AR GRAC 2024 06 07 03 06 10.000000 2   6.852693325982E-12  4.556281046897E-11
AR GRAC 2024 06 07 03 06 20.000000 2   3.946080441575E-12  2.866760301368E-11
AR GRAC 2024 06 07 03 06 30.000000 2   7.841307464451E-12  3.442539656118E-11
AR GRAC 2024 06 07 03 06 40.000000 2   9.007426748919E-12  3.466018444476E-11
AR GRAC 2024 06 07 03 06 50.000000 2   9.089221562897E-12  3.189797384562E-11
AR GRAC 2024 06 07 03 07  0.000000 2   8.953247865318E-12  3.338376103335E-11
AR GRAC 2024 06 07 03 07 10.000000 2   7.329296891623E-12  4.169154257938E-11
AR GRAC 2024 06 07 03 07 20.000000 2   1.060793033275E-11  2.303632805345E-11
AR GRAC 2024 06 07 03 07 30.000000 2   5.387890220782E-12  2.977211185917E-11
AR GRAC 2024 06 07 03 07 40.000000 2   7.941652543919E-12  3.234788825690E-11
AR GRAC 2024 06 07 03 07 50.000000 2   1.591520144839E-11  3.161767028748E-11
AR GRAC 2024 06 07 03 08  0.000000 2   3.428956988141E-12  4.322944779922E-11
AR GRAC 2024 06 07 03 08 10.000000 2   1.033650508936E-11  3.314122240528E-11
AR GRAC 2024 06 07 03 08 20.000000 2   2.287447141425E-12  3.939299927924E-11
AR GRAC 2024 06 07 03 08 30.000000 2   1.445682202422E-11  3.101776821501E-11
AR GRAC 2024 06 07 03 08 40.000000 2   7.488188021043E-12  3.058554104429E-11
AR GRAC 2024 06 07 03 08 50.000000 2   1.134397957514E-11  2.438431401242E-11
AR GRAC 2024 06 07 03 09  0.000000 2   1.002633739922E-11  4.045708212885E-11
AR GRAC 2024 06 07 03 09 10.000000 2   6.647353240768E-12  3.764285064212E-11
AR GRAC 2024 06 07 03 09 20.000000 2   1.029978359546E-11  3.165561562879E-11
AR GRAC 2024 06 07 03 09 30.000000 2   8.391017915221E-12  3.365737896721E-11
AR GRAC 2024 06 07 03 09 40.000000 2   6.321832380501E-12  3.866314213230E-11
AR GRAC 2024 06 07 03 09 50.000000 2   1.444487324892E-11  3.546590104930E-11
AR GRAC 2024 06 07 03 10  0.000000 2   8.403481036034E-12  3.219266173082E-11
AR GRAC 2024 06 07 03 10 10.000000 2   1.216660799885E-11  3.574042103938E-11
AR GRAC 2024 06 07 03 10 20.000000 2   1.223767007869E-11  3.737418013960E-11
AR GRAC 2024 06 07 03 10 30.000000 2   9.285139497550E-12  3.363893538721E-11
AR GRAC 2024 06 07 03 10 40.000000 2   1.322574254975E-11  3.382769064864E-11
AR GRAC 2024 06 07 03 10 50.000000 2   9.445881576919E-12  3.062044021118E-11
AR GRAC 2024 06 07 03 11  0.000000 2   1.277519496440E-11  3.354818853274E-11
AR GRAC 2024 06 07 03 11 10.000000 2   1.212048343635E-11  3.461594205723E-11
AR GRAC 2024 06 07 03 11 20.000000 2   1.117892323849E-11  3.536469034282E-11
AR GRAC 2024 06 07 03 11 30.000000 2   7.692022366279E-12  4.093643479752E-11
AR GRAC 2024 06 07 03 11 40.000000 2   9.434946747489E-12  3.561618361347E-11
AR GRAC 2024 06 07 03 11 50.000000 2   8.336067079673E-12  2.263592438490E-11
AR GRAC 2024 06 07 03 12  0.000000 2   8.966417885947E-12  3.809066950744E-11
AR GRAC 2024 06 07 03 12 10.000000 2   7.738675152080E-12  3.146840774071E-11
AR GRAC 2024 06 07 03 12 20.000000 2   1.508699935815E-11  3.611414639559E-11
AR GRAC 2024 06 07 03 12 30.000000 2   1.044010190798E-11  3.401188358731E-11
AR GRAC 2024 06 07 03 12 40.000000 2   9.603492480414E-12  3.576262203042E-11
AR GRAC 2024 06 07 03 12 50.000000 2   1.022985862686E-11  3.908635567984E-11
AR GRAC 2024 06 07 03 13  0.000000 2   1.320920543085E-11  2.758108845480E-11
AR GRAC 2024 06 07 03 13 10.000000 2   1.442685033937E-11  3.245782115302E-11
AR GRAC 2024 06 07 03 13 20.000000 2   7.059195242243E-12  4.085955185307E-11
AR GRAC 2024 06 07 03 13 30.000000 2   1.621135170549E-11  4.199628145241E-11
AR GRAC 2024 06 07 03 13 40.000000 2   1.434661070498E-11  3.151800695433E-11
AR GRAC 2024 06 07 03 13 50.000000 2   1.206270500154E-11  3.527173692008E-11
AR GRAC 2024 06 07 03 14  0.000000 2   9.654557535377E-12  4.669445732852E-11
AR GRAC 2024 06 07 03 14 10.000000 2   1.483664233137E-11  4.133618100588E-11
AR GRAC 2024 06 07 03 14 20.000000 2   1.491247056395E-11  2.904890043787E-11
AR GRAC 2024 06 07 03 14 30.000000 2   1.346411870884E-11  3.659861996796E-11
AR GRAC 2024 06 07 03 14 40.000000 2   6.168043940186E-12  3.347534055509E-11
AR GRAC 2024 06 07 03 14 50.000000 2   1.783398949351E-11  3.346205604271E-11
AR GRAC 2024 06 07 03 15  0.000000 2   7.432143442343E-12  3.277177140770E-11
AR GRAC 2024 06 07 03 15 10.000000 2   8.626307133885E-12  4.768048803006E-11
AR GRAC 2024 06 07 03 15 20.000000 2   9.035674986002E-12  2.441219969229E-11
AR GRAC 2024 06 07 03 15 30.000000 2   1.169126254141E-11  5.374991077223E-11
AR GRAC 2024 06 07 03 15 40.000000 2   1.042566293713E-11  2.987061986648E-11
AR GRAC 2024 06 07 03 15 50.000000 2   1.514812580927E-11  4.430832784008E-11
AR GRAC 2024 06 07 03 16  0.000000 2   1.442096528997E-11  3.230503364815E-11
AR GRAC 2024 06 07 03 16 10.000000 2   1.221813969443E-11  4.882873966272E-11
AR GRAC 2024 06 07 03 16 20.000000 2   1.192523597232E-11  3.008844215446E-11
AR GRAC 2024 06 07 03 16 30.000000 2   8.810870436027E-12  4.544614684576E-11
AR GRAC 2024 06 07 03 16 40.000000 2   1.624225580421E-11  3.660484415580E-11
AR GRAC 2024 06 07 03 16 50.000000 2   8.634808146279E-12  3.092654604631E-11
AR GRAC 2024 06 07 03 17  0.000000 2   1.295762282194E-11  4.539124284775E-11
AR GRAC 2024 06 07 03 17 10.000000 2   1.164366086187E-11  3.888993987955E-11
AR GRAC 2024 06 07 03 17 20.000000 2   1.115940759938E-11  3.578363647061E-11
AR GRAC 2024 06 07 03 17 30.000000 2   8.700301763753E-12  2.663532762404E-11
AR GRAC 2024 06 07 03 17 40.000000 2   1.270237907913E-11  4.187702268288E-11
AR GRAC 2024 06 07 03 17 50.000000 2   1.036220154821E-11  3.870671144712E-11
AR GRAC 2024 06 07 03 18  0.000000 2   9.200401725196E-12  3.958039798690E-11
AR GRAC 2024 06 07 03 18 10.000000 2   1.426163961232E-11  3.839608492262E-11
AR GRAC 2024 06 07 03 18 20.000000 2   1.175801730285E-11  3.820277427735E-11
AR GRAC 2024 06 07 03 18 30.000000 2   4.294795422077E-12  3.434245596234E-11
AR GRAC 2024 06 07 03 18 40.000000 2   1.004799975862E-11  4.210813989158E-11
AR GRAC 2024 06 07 03 18 50.000000 2   6.396212986343E-12  3.197381942543E-11
AR GRAC 2024 06 07 03 19  0.000000 2   1.249397113545E-11  3.715449822805E-11
AR GRAC 2024 06 07 03 19 10.000000 2   1.214439746683E-11  3.572017681641E-11
AR GRAC 2024 06 07 03 19 20.000000 2   3.837579993365E-12  3.255585731554E-11
AR GRAC 2024 06 07 03 19 30.000000 2   8.386609982869E-12  3.549253252411E-11
AR GRAC 2024 06 07 03 19 40.000000 2   7.591253146921E-12  3.751820729092E-11
AR GRAC 2024 06 07 03 19 50.000000 2   1.008044949596E-11  3.411687946042E-11
AR GRAC 2024 06 07 03 20  0.000000 2   6.807820800148E-12  3.288054897799E-11
AR GRAC 2024 06 07 03 20 10.000000 2   1.098620673601E-11  4.267221645482E-11
AR GRAC 2024 06 07 03 20 20.000000 2   7.481675001753E-12  3.911588761230E-11
AR GRAC 2024 06 07 03 20 30.000000 2   6.721603308668E-12  4.643055384612E-11
AR GRAC 2024 06 07 03 20 40.000000 2   5.392718389896E-12  2.662321925417E-11
AR GRAC 2024 06 07 03 20 50.000000 2   7.069558913969E-12  2.424688227975E-11
AR GRAC 2024 06 07 03 21  0.000000 2   9.480581250609E-12  4.743054560219E-11
AR GRAC 2024 06 07 03 21 10.000000 2   1.920125733759E-12  2.377620322846E-11
AR GRAC 2024 06 07 03 21 20.000000 2   8.539555347575E-12  5.260186383693E-11
AR GRAC 2024 06 07 03 21 30.000000 2   6.947717574868E-12  2.000152127257E-11
AR GRAC 2024 06 07 03 21 40.000000 2   6.315647223948E-12  3.182218030751E-11
AR GRAC 2024 06 07 03 21 50.000000 2  -1.834594623570E-13  5.681483408737E-11
AR GRAC 2024 06 07 03 22  0.000000 2   4.068023261999E-12  3.494648667668E-11
AR GRAC 2024 06 07 03 22 10.000000 2   9.741364832838E-12  2.991013686726E-11
AR GRAC 2024 06 07 03 22 20.000000 2   4.971263851961E-12  2.500378896986E-11
AR GRAC 2024 06 07 03 22 30.000000 2   8.878240482200E-13  3.616643790005E-11
AR GRAC 2024 06 07 03 22 40.000000 2   5.917922835802E-12  3.169508752676E-11
AR GRAC 2024 06 07 03 22 50.000000 2   7.728350945313E-12  2.899573289805E-11
AR GRAC 2024 06 07 03 23  0.000000 2   4.378926041215E-12  4.332737640889E-11
AR GRAC 2024 06 07 03 23 10.000000 2   5.914940846147E-12  4.892601601636E-11
AR GRAC 2024 06 07 03 23 20.000000 2   7.562665771399E-12  2.789165946815E-11
AR GRAC 2024 06 07 03 23 30.000000 2  -1.309953556218E-12  4.803230035932E-11
AR GRAC 2024 06 07 03 23 40.000000 2  -1.273701630278E-12  4.099093980914E-11
AR GRAC 2024 06 07 03 23 50.000000 2   8.072227782041E-13  3.322657426974E-11
AR GRAC 2024 06 07 03 24  0.000000 2   7.317206736357E-12  3.262420888994E-11
AR GRAC 2024 06 07 03 24 10.000000 2   3.766109819836E-12  3.597784570264E-11
AR GRAC 2024 06 07 03 24 20.000000 2   4.610057561388E-12  3.467747616837E-11
AR GRAC 2024 06 07 03 24 30.000000 2  -2.943175000589E-12  5.080310824801E-11
AR GRAC 2024 06 07 03 24 40.000000 2   4.881432497800E-12  3.794773870136E-11
AR GRAC 2024 06 07 03 24 50.000000 2   5.546655149069E-12  5.199936661815E-11
AR GRAC 2024 06 07 03 25  0.000000 2  -5.986785286266E-12  2.262499215755E-11
AR GRAC 2024 06 07 03 25 10.000000 2  -6.955301135383E-13  3.796962050329E-11
AR GRAC 2024 06 07 03 25 20.000000 2   3.028323468726E-12  3.453724112257E-11
AR GRAC 2024 06 07 03 25 30.000000 2  -4.621371102638E-13  3.340886595149E-11
AR GRAC 2024 06 07 03 25 40.000000 2   1.255032048338E-13  2.984348532187E-11
AR GRAC 2024 06 07 03 25 50.000000 2   8.486533416112E-13  3.989310617958E-11
AR GRAC 2024 06 07 03 26  0.000000 2  -5.366158906117E-12  4.875272408000E-11
AR GRAC 2024 06 07 03 26 10.000000 2   5.035267775649E-12  4.242733595006E-11
AR GRAC 2024 06 07 03 26 20.000000 2  -3.287951725120E-12  2.799195424064E-11
AR GRAC 2024 06 07 03 26 30.000000 2  -4.422103742213E-12  2.724856451586E-11
AR GRAC 2024 06 07 03 26 40.000000 2  -8.666248274558E-12  4.256017760440E-11
AR GRAC 2024 06 07 03 26 50.000000 2  -4.699161199051E-12  2.326678780196E-11
AR GRAC 2024 06 07 03 27  0.000000 2  -9.849348983973E-13  2.993139763818E-11
AR GRAC 2024 06 07 03 27 10.000000 2  -5.614748683352E-12  4.237800735329E-11
AR GRAC 2024 06 07 03 27 20.000000 2  -3.851548420475E-12  3.550860994128E-11
AR GRAC 2024 06 07 03 27 30.000000 2  -5.606636682698E-12  5.167521618943E-11
AR GRAC 2024 06 07 03 27 40.000000 2  -1.266413514854E-12  3.434381598555E-11
AR GRAC 2024 06 07 03 27 50.000000 2  -6.459944992127E-12  2.737441870404E-11
AR GRAC 2024 06 07 03 28  0.000000 2  -1.032953410307E-11  2.790301843747E-11
AR GRAC 2024 06 07 03 28 10.000000 2  -4.765843535787E-12  4.894461919092E-11
AR GRAC 2024 06 07 03 28 20.000000 2  -6.052860036104E-12  2.764221490592E-11
AR GRAC 2024 06 07 03 28 30.000000 2  -1.313245345802E-11  2.900780830817E-11
AR GRAC 2024 06 07 03 28 40.000000 2  -1.189788545464E-11  4.556840321746E-11
AR GRAC 2024 06 07 03 28 50.000000 2  -3.473994312705E-12  2.168399661218E-11
AR GRAC 2024 06 07 03 29  0.000000 2  -1.315407244934E-11  3.364458711630E-11
AR GRAC 2024 06 07 03 29 10.000000 2  -5.242663941862E-12  4.171917672435E-11
AR GRAC 2024 06 07 03 29 20.000000 2  -1.317491601927E-11  1.983476577427E-11
AR GRAC 2024 06 07 03 29 30.000000 2  -9.273907163043E-12  4.963835245619E-11
AR GRAC 2024 06 07 03 29 40.000000 2  -1.079315716662E-11  2.171893741243E-11
AR GRAC 2024 06 07 03 29 50.000000 2  -1.199976142757E-11  4.362952360504E-11
AR GRAC 2024 06 07 03 30  0.000000 2  -1.158767266168E-11  3.496810133119E-11
AR GRAC 2024 06 07 03 30 10.000000 2  -9.030544541322E-12  3.058868436323E-11
AR GRAC 2024 06 07 03 30 20.000000 2  -1.067817449046E-11  2.890826467095E-11
AR GRAC 2024 06 07 03 30 30.000000 2  -1.532423493655E-11  4.237184214606E-11
AR GRAC 2024 06 07 03 30 40.000000 2  -9.291794764166E-12  2.874741764081E-11
AR GRAC 2024 06 07 03 30 50.000000 2  -1.467296076307E-11  2.787499051027E-11
AR GRAC 2024 06 07 03 31  0.000000 2  -1.225678586403E-11  3.201356540972E-11
AR GRAC 2024 06 07 03 31 10.000000 2  -1.649932447612E-11  3.803213646791E-11
AR GRAC 2024 06 07 03 31 20.000000 2  -1.582630901331E-11  2.711070777595E-11
AR GRAC 2024 06 07 03 31 30.000000 2  -1.434537991868E-11  3.370727655327E-11
AR GRAC 2024 06 07 03 31 40.000000 2  -1.862990664514E-11  5.029584387861E-11
AR GRAC 2024 06 07 03 31 50.000000 2  -1.238090185929E-11  3.081040977904E-11
AR GRAC 2024 06 07 03 32  0.000000 2  -1.566435002542E-11  2.433097473498E-11
AR GRAC 2024 06 07 03 32 10.000000 2  -1.379737036428E-11  3.964653605415E-11
AR GRAC 2024 06 07 03 32 20.000000 2  -1.880466789228E-11  2.201609901331E-11
AR GRAC 2024 06 07 03 32 30.000000 2  -1.962265246125E-11  4.225865837815E-11
AR GRAC 2024 06 07 03 32 40.000000 2  -1.802540755547E-11  1.760421843022E-11
AR GRAC 2024 06 07 03 32 50.000000 2  -1.658300927132E-11  3.608777512931E-11
AR GRAC 2024 06 07 03 33  0.000000 2  -1.641608030067E-11  2.983932892442E-11
AR GRAC 2024 06 07 03 33 10.000000 2  -1.784939904215E-11  2.648488373058E-11
AR GRAC 2024 06 07 03 33 20.000000 2  -2.104357139932E-11  3.326043607199E-11
AR GRAC 2024 06 07 03 33 30.000000 2  -2.271602177195E-11  1.454698687897E-11
AR GRAC 2024 06 07 03 33 40.000000 2  -1.914836171568E-11  2.979653676571E-11
AR GRAC 2024 06 07 03 33 50.000000 2  -2.354168943119E-11  3.081108632119E-11
AR GRAC 2024 06 07 03 34  0.000000 2  -2.061265741427E-11  2.921863098693E-11
AR GRAC 2024 06 07 03 34 10.000000 2  -1.887720361970E-11  3.071617959982E-11
AR GRAC 2024 06 07 03 34 20.000000 2  -2.317666544793E-11  3.621672059473E-11
AR GRAC 2024 06 07 03 34 30.000000 2  -2.280348306016E-11  2.208626337374E-11
AR GRAC 2024 06 07 03 34 40.000000 2  -2.680459326720E-11  1.017180350366E-11
AR GRAC 2024 06 07 03 34 50.000000 2  -2.615932123695E-11  3.233434353600E-11
AR GRAC 2024 06 07 03 35  0.000000 2  -1.985176259489E-11  1.453888138353E-11
AR GRAC 2024 06 07 03 35 10.000000 2  -2.357140350961E-11  4.615341789305E-11
AR GRAC 2024 06 07 03 35 20.000000 2  -2.880422809992E-11  2.854995233281E-11
AR GRAC 2024 06 07 03 35 30.000000 2  -2.564836017183E-11  5.573485249710E-12
AR GRAC 2024 06 07 03 35 40.000000 2  -2.271774955653E-11  1.642901786836E-11
AR GRAC 2024 06 07 03 35 50.000000 2  -2.531303985864E-11  1.836154665813E-11
AR GRAC 2024 06 07 03 36  0.000000 2  -2.997430428864E-11  2.720407753232E-11
AR GRAC 2024 06 07 03 36 10.000000 2  -2.180917599293E-11  3.370860535146E-11
AR GRAC 2024 06 07 03 36 20.000000 2  -3.529063846708E-11  1.778313087064E-11
AR GRAC 2024 06 07 03 36 30.000000 2  -2.048732711257E-11  2.860665523907E-11
AR GRAC 2024 06 07 03 36 40.000000 2  -3.187996741594E-11  3.475217683069E-11
AR GRAC 2024 06 07 03 36 50.000000 2  -3.321571490078E-11  1.949570019311E-11
AR GRAC 2024 06 07 03 37  0.000000 2  -2.826567799263E-11  2.031921852996E-11
AR GRAC 2024 06 07 03 37 10.000000 2  -2.853383848644E-11  1.525373750921E-11
AR GRAC 2024 06 07 03 37 20.000000 2  -3.116697525063E-11  1.841525369695E-11
AR GRAC 2024 06 07 03 37 30.000000 2  -2.816933838967E-11  2.922576763931E-11
AR GRAC 2024 06 07 03 37 40.000000 2  -3.383798796719E-11  2.171228474790E-11
AR GRAC 2024 06 07 03 37 50.000000 2  -3.172403659213E-11  2.720579490856E-11
AR GRAC 2024 06 07 03 38  0.000000 2  -3.189240538326E-11  1.221330762219E-11
AR GRAC 2024 06 07 03 38 10.000000 2  -3.159624645255E-11  1.876481782459E-11
AR GRAC 2024 06 07 03 38 20.000000 2  -3.503606085808E-11  1.478432654078E-11
AR GRAC 2024 06 07 03 38 30.000000 2  -3.944823981361E-11  2.268583237930E-11
AR GRAC 2024 06 07 03 38 40.000000 2  -3.488223598858E-11  1.944133916354E-11
AR GRAC 2024 06 07 03 38 50.000000 2  -3.020892563876E-11  2.064584093964E-11
AR GRAC 2024 06 07 03 39  0.000000 2  -3.472823417727E-11  9.610342903421E-12
AR GRAC 2024 06 07 03 39 10.000000 2  -3.463690445571E-11  1.703484402149E-11
AR GRAC 2024 06 07 03 39 20.000000 2  -3.800625439365E-11  1.581534382622E-11
AR GRAC 2024 06 07 03 39 30.000000 2  -3.782054183721E-11  1.011284285479E-11
AR GRAC 2024 06 07 03 39 40.000000 2  -3.232627360239E-11  1.737333714391E-11
AR GRAC 2024 06 07 03 39 50.000000 2  -3.395815226237E-11  5.023833345857E-12
AR GRAC 2024 06 07 03 40  0.000000 2  -3.563610864732E-11  2.112332531112E-11
AR GRAC 2024 06 07 03 40 10.000000 2  -3.453886135429E-11  1.058981808494E-11
AR GRAC 2024 06 07 03 40 20.000000 2  -4.235417225273E-11  1.078430834217E-11
AR GRAC 2024 06 07 03 40 30.000000 2  -3.397067696587E-11  8.757796571279E-12
AR GRAC 2024 06 07 03 40 40.000000 2  -4.207751855279E-11 -4.302714434745E-12
AR GRAC 2024 06 07 03 40 50.000000 2  -4.099025285864E-11  1.601977231425E-11
AR GRAC 2024 06 07 03 41  0.000000 2  -3.983602683832E-11  5.377255064831E-12
AR GRAC 2024 06 07 03 41 10.000000 2  -4.026222411024E-11  4.120738472668E-12
AR GRAC 2024 06 07 03 41 20.000000 2  -3.577506346719E-11  1.139621990526E-11
AR GRAC 2024 06 07 03 41 30.000000 2  -4.668746639291E-11  2.010169981859E-11
AR GRAC 2024 06 07 03 41 40.000000 2  -3.917097549100E-11  2.329517828636E-11
AR GRAC 2024 06 07 03 41 50.000000 2  -4.241365245128E-11  6.745654815982E-12
AR GRAC 2024 06 07 03 42  0.000000 2  -3.870727002808E-11  6.252130757556E-12
AR GRAC 2024 06 07 03 42 10.000000 2  -3.949318996832E-11 -5.614396534487E-12
AR GRAC 2024 06 07 03 42 20.000000 2  -4.343284759623E-11  1.245707790393E-11
AR GRAC 2024 06 07 03 42 30.000000 2  -4.198643516196E-11  1.545254896262E-11
AR GRAC 2024 06 07 03 42 40.000000 2  -4.774458259305E-11  2.669018651924E-12
AR GRAC 2024 06 07 03 42 50.000000 2  -4.638174913585E-11  3.687487381415E-12
AR GRAC 2024 06 07 03 43  0.000000 2  -4.174923948219E-11  3.033952646406E-12
AR GRAC 2024 06 07 03 43 10.000000 2  -4.112265736267E-11  2.987241704000E-11
AR GRAC 2024 06 07 03 43 20.000000 2  -3.891491295871E-11 -5.141186955326E-13
AR GRAC 2024 06 07 03 43 30.000000 2  -4.222707253310E-11 -9.756551035828E-13
AR GRAC 2024 06 07 03 43 40.000000 2  -4.593390945384E-11  1.416580481389E-11
AR GRAC 2024 06 07 03 43 50.000000 2  -4.620231280894E-11  1.703626476002E-11
AR GRAC 2024 06 07 03 44  0.000000 2  -4.335435135894E-11  5.729722252212E-12
AR GRAC 2024 06 07 03 44 10.000000 2  -4.588328675337E-11  1.159217860591E-11
AR GRAC 2024 06 07 03 44 20.000000 2  -4.506612444333E-11 -6.437366698725E-12
AR GRAC 2024 06 07 03 44 30.000000 2  -4.634487585364E-11  1.596908716373E-11
AR GRAC 2024 06 07 03 44 40.000000 2  -4.743529180562E-11 -1.005846274327E-11
AR GRAC 2024 06 07 03 44 50.000000 2  -4.349696991479E-11  1.095898892467E-11
AR GRAC 2024 06 07 03 45  0.000000 2  -4.673787051823E-11  1.189043741939E-11
AR GRAC 2024 06 07 03 45 10.000000 2  -4.997594699185E-11  1.264885657153E-12
AR GRAC 2024 06 07 03 45 20.000000 2  -4.905464576210E-11  5.809331748291E-12
AR GRAC 2024 06 07 03 45 30.000000 2  -5.260102423077E-11 -5.787222697590E-12
AR GRAC 2024 06 07 03 45 40.000000 2  -4.290079749780E-11  2.451219782706E-12
AR GRAC 2024 06 07 03 45 50.000000 2  -4.727725849696E-11 -5.284338071287E-12
AR GRAC 2024 06 07 03 46  0.000000 2  -4.713771734055E-11  5.963100672968E-12
AR GRAC 2024 06 07 03 46 10.000000 2  -5.330023228334E-11 -4.729460746644E-12
AR GRAC 2024 06 07 03 46 20.000000 2  -5.183349235938E-11 -6.006023369615E-12
AR GRAC 2024 06 07 03 46 30.000000 2  -4.739695788625E-11  1.004541068383E-11
AR GRAC 2024 06 07 03 46 40.000000 2  -5.156960622421E-11 -8.121153055596E-12
AR GRAC 2024 06 07 03 46 50.000000 2  -5.268917593892E-11 -2.362721129856E-12
AR GRAC 2024 06 07 03 47  0.000000 2  -5.075138226340E-11 -4.723290335240E-12
AR GRAC 2024 06 07 03 47 10.000000 2  -4.473614534373E-11 -7.661858994479E-12
AR GRAC 2024 06 07 03 47 20.000000 2  -5.416307333195E-11 -3.054314884777E-13
AR GRAC 2024 06 07 03 47 30.000000 2  -5.198173488874E-11 -7.287005200640E-12
AR GRAC 2024 06 07 03 47 40.000000 2  -4.398278963258E-11 -4.427579396865E-12
AR GRAC 2024 06 07 03 47 50.000000 2  -4.398567621244E-11  1.465784438270E-11
AR GRAC 2024 06 07 03 48  0.000000 2  -5.503229122406E-11 -9.020733812704E-12
AR GRAC 2024 06 07 03 48 10.000000 2  -5.335097641446E-11 -9.791313593244E-12
AR GRAC 2024 06 07 03 48 20.000000 2  -4.700562508675E-11 -6.332892977384E-12
AR GRAC 2024 06 07 03 48 30.000000 2  -5.323054150241E-11  3.942523824768E-12
AR GRAC 2024 06 07 03 48 40.000000 2  -5.089607554853E-11 -1.296205937723E-11
AR GRAC 2024 06 07 03 48 50.000000 2  -4.611710666125E-11 -5.681644391076E-12
AR GRAC 2024 06 07 03 49  0.000000 2  -5.097380850749E-11 -4.932231272708E-12
AR GRAC 2024 06 07 03 49 10.000000 2  -4.907915393537E-11 -1.395382073777E-11
AR GRAC 2024 06 07 03 49 20.000000 2  -5.250497953080E-11  1.209259081758E-11
AR GRAC 2024 06 07 03 49 30.000000 2  -4.998100197606E-11 -1.640799995872E-11
AR GRAC 2024 06 07 03 49 40.000000 2  -5.064936317578E-11 -5.584591383084E-12
AR GRAC 2024 06 07 03 49 50.000000 2  -4.980833454016E-11 -4.235185986634E-12
