 2.00 C RINEX VERSION / TYPE
 10.00 INTERVAL
 1 AR # / TYPES OF DATA
 END OF HEADER
AR GRAC 2024 06 29 01 50  0.000000 2   1.748305493432E-12 -9.313348703355E-12
AR GRAC 2024 06 29 01 50 10.000000 2  -3.395303135867E-12 -5.548129664024E-12
AR GRAC 2024 06 29 01 50 20.000000 2   4.515520173488E-13 -8.632912960882E-12
AR GRAC 2024 06 29 01 50 30.000000 2  -3.173045810476E-12 -4.817696588888E-12
AR GRAC 2024 06 29 01 50 40.000000 2  -1.416126872884E-12 -6.972482053530E-12
AR GRAC 2024 06 29 01 50 50.000000 2  -2.679862896263E-13 -3.101726861465E-11
AR GRAC 2024 06 29 01 51  0.000000 2  -3.765050337473E-12  5.879433224998E-13
AR GRAC 2024 06 29 01 51 10.000000 2  -3.113224955609E-12 -5.816846136708E-12
AR GRAC 2024 06 29 01 51 20.000000 2  -2.377743184637E-12 -2.146163628758E-11
AR GRAC 2024 06 29 01 51 30.000000 2  -2.098412155843E-12 -1.367642717826E-11
AR GRAC 2024 06 29 01 51 40.000000 2  -1.422313655741E-12 -2.689122188815E-11
AR GRAC 2024 06 29 01 51 50.000000 2  -2.223665912862E-12  5.263983693382E-12
AR GRAC 2024 06 29 01 52  0.000000 2  -6.034438573832E-12 -1.060081276233E-11
AR GRAC 2024 06 29 01 52 10.000000 2  -7.384035331966E-13 -1.255560846264E-11
AR GRAC 2024 06 29 01 52 20.000000 2   3.073891510254E-13 -1.781040766258E-11
AR GRAC 2024 06 29 01 52 30.000000 2  -3.401810300466E-12 -1.299520734077E-11
AR GRAC 2024 06 29 01 52 40.000000 2  -2.228121983791E-12 -1.861000589742E-11
AR GRAC 2024 06 29 01 52 50.000000 2  -3.771506110889E-12 -2.564809909594E-12
AR GRAC 2024 06 29 01 53  0.000000 2  -1.302914482033E-13 -1.181961299668E-11
AR GRAC 2024 06 29 01 53 10.000000 2  -2.621774759098E-12 -1.379441786492E-11
AR GRAC 2024 06 29 01 53 20.000000 2  -3.695426777084E-12 -1.521922518566E-11
AR GRAC 2024 06 29 01 53 30.000000 2  -3.444291943669E-12 -2.078402901173E-11
AR GRAC 2024 06 29 01 53 40.000000 2  -8.778836490218E-13 -1.858883880157E-11
AR GRAC 2024 06 29 01 53 50.000000 2  -6.167357423370E-12 -1.082364926852E-11
AR GRAC 2024 06 29 01 54  0.000000 2  -5.240451302069E-12 -1.457846170172E-11
AR GRAC 2024 06 29 01 54 10.000000 2  -2.294083326082E-12 -1.560327214656E-11
AR GRAC 2024 06 29 01 54 20.000000 2  -4.265468620673E-12 -2.538086928128E-12
AR GRAC 2024 06 29 01 54 30.000000 2  -1.408641432665E-12 -2.388290260003E-11
AR GRAC 2024 06 29 01 54 40.000000 2  -3.160017169809E-12 -1.650771880302E-11
AR GRAC 2024 06 29 01 54 50.000000 2  -4.591441810087E-12 -1.634253496419E-11
AR GRAC 2024 06 29 01 55  0.000000 2  -3.706955315624E-12 -2.514735295001E-11
AR GRAC 2024 06 29 01 55 10.000000 2  -4.431903628810E-12 -1.078217376493E-11
AR GRAC 2024 06 29 01 55 20.000000 2   1.697493816517E-12 -2.187699500722E-11
AR GRAC 2024 06 29 01 55 30.000000 2  -2.163764610194E-12 -1.972181966348E-11
AR GRAC 2024 06 29 01 55 40.000000 2  -2.001699587334E-12 -1.412664256406E-11
AR GRAC 2024 06 29 01 55 50.000000 2  -6.473359608766E-12 -9.146797766901E-14
AR GRAC 2024 06 29 01 56  0.000000 2  -2.606206916944E-12 -2.368629251071E-11
AR GRAC 2024 06 29 01 56 10.000000 2  -2.489358545688E-12 -1.732112196728E-11
AR GRAC 2024 06 29 01 56 20.000000 2  -1.982570574724E-12 -1.683595103608E-11
AR GRAC 2024 06 29 01 56 30.000000 2  -4.171372015166E-12 -1.737078363095E-11
AR GRAC 2024 06 29 01 56 40.000000 2  -1.062916248074E-12 -1.625561317498E-11
AR GRAC 2024 06 29 01 56 50.000000 2  -2.516263456279E-12 -1.578044639405E-11
AR GRAC 2024 06 29 01 57  0.000000 2  -3.415359358175E-12 -1.107528131705E-11
AR GRAC 2024 06 29 01 57 10.000000 2  -4.714043825432E-12 -2.021011483166E-11
AR GRAC 2024 06 29 01 57 20.000000 2  -3.946647262471E-12 -1.809495435434E-11
AR GRAC 2024 06 29 01 57 30.000000 2  -2.246855913129E-12 -2.311979080405E-11
AR GRAC 2024 06 29 01 57 40.000000 2  -4.584102628741E-12 -3.097462911161E-11
AR GRAC 2024 06 29 01 57 50.000000 2  -2.017783726563E-12 -3.659470729916E-12
AR GRAC 2024 06 29 01 58  0.000000 2  -2.681174943522E-12 -1.717431405424E-11
AR GRAC 2024 06 29 01 58 10.000000 2  -4.625837039807E-12 -1.186915669915E-11
AR GRAC 2024 06 29 01 58 20.000000 2  -4.941282842966E-13 -2.209399850572E-11
AR GRAC 2024 06 29 01 58 30.000000 2  -2.492484734232E-12 -1.995884707506E-11
AR GRAC 2024 06 29 01 58 40.000000 2  -2.228744532679E-12 -2.272369445389E-11
AR GRAC 2024 06 29 01 58 50.000000 2  -6.237064250486E-12 -2.625854221561E-11
AR GRAC 2024 06 29 01 59  0.000000 2   1.969231933551E-13 -4.713392003086E-12
AR GRAC 2024 06 29 01 59 10.000000 2  -2.974038550152E-12 -1.451824337834E-11
AR GRAC 2024 06 29 01 59 20.000000 2  -3.532214451485E-12 -1.707309467414E-11
AR GRAC 2024 06 29 01 59 30.000000 2  -3.557236536583E-12 -3.268794956934E-11
AR GRAC 2024 06 29 01 59 40.000000 2  -4.137551575228E-13  1.307196104833E-12
AR GRAC 2024 06 29 01 59 50.000000 2  -4.947387985399E-12 -2.087765724190E-11
AR GRAC 2024 06 29 02 00  0.000000 2  -5.678300711576E-12 -2.839251576903E-11
AR GRAC 2024 06 29 02 00 10.000000 2  -5.027065135693E-12 -2.377737590153E-11
AR GRAC 2024 06 29 02 00 20.000000 2  -3.777179524017E-12 -1.203223631840E-11
AR GRAC 2024 06 29 02 00 30.000000 2  -7.441579904371E-13 -2.373709735715E-11
AR GRAC 2024 06 29 02 00 40.000000 2  -1.842676835770E-12 -9.441960234502E-12
AR GRAC 2024 06 29 02 00 50.000000 2   4.640636291041E-13 -1.618682271554E-11
AR GRAC 2024 06 29 02 01  0.000000 2  -7.431367262008E-13 -1.717168941762E-11
AR GRAC 2024 06 29 02 01 10.000000 2  -3.426304379106E-12 -2.244655503136E-11
AR GRAC 2024 06 29 02 01 20.000000 2  -1.566828264354E-12 -8.881423374518E-12
AR GRAC 2024 06 29 02 01 30.000000 2  -8.242669784567E-13 -1.800629263748E-11
AR GRAC 2024 06 29 02 01 40.000000 2   1.504923139231E-12  4.038838274240E-12
AR GRAC 2024 06 29 02 01 50.000000 2  -3.040022443848E-12 -2.406603388794E-11
AR GRAC 2024 06 29 02 02  0.000000 2  -5.353665427643E-12 -2.789090833288E-11
AR GRAC 2024 06 29 02 02 10.000000 2  -2.724609383595E-12 -2.171578021570E-11
AR GRAC 2024 06 29 02 02 20.000000 2  -2.314071460494E-12 -7.140656121951E-12
AR GRAC 2024 06 29 02 02 30.000000 2  -2.156889250537E-12 -2.137553155312E-11
AR GRAC 2024 06 29 02 02 40.000000 2  -7.777014709304E-13  3.719590607743E-12
AR GRAC 2024 06 29 02 02 50.000000 2  -3.305088841499E-12 -2.749529076640E-11
AR GRAC 2024 06 29 02 03  0.000000 2  -1.350122813028E-12 -1.408017018950E-11
AR GRAC 2024 06 29 02 03 10.000000 2   2.017654164403E-13 -2.716505145828E-11
AR GRAC 2024 06 29 02 03 20.000000 2  -4.815298550523E-13 -5.779934690586E-12
AR GRAC 2024 06 29 02 03 30.000000 2  -4.475034492274E-12 -2.638481967632E-11
AR GRAC 2024 06 29 02 03 40.000000 2  -7.607514336365E-13 -2.458970353725E-11
AR GRAC 2024 06 29 02 03 50.000000 2  -3.886837466466E-12 -1.698459081712E-11
AR GRAC 2024 06 29 02 04  0.000000 2  -2.565819464447E-13 -2.228947755534E-11
AR GRAC 2024 06 29 02 04 10.000000 2   6.380762346443E-13 -1.587436952721E-11
AR GRAC 2024 06 29 02 04 20.000000 2   8.909811365261E-13 -2.431926014734E-11
AR GRAC 2024 06 29 02 04 30.000000 2  -2.287283860578E-12 -1.084153274968E-12
AR GRAC 2024 06 29 02 04 40.000000 2   9.618264301334E-13 -2.281904352974E-11
AR GRAC 2024 06 29 02 04 50.000000 2   4.407647207286E-13  1.786059256222E-12
AR GRAC 2024 06 29 02 05  0.000000 2  -2.455677371518E-12 -2.455883586772E-11
AR GRAC 2024 06 29 02 05 10.000000 2   1.300177630489E-12 -1.854373425647E-11
AR GRAC 2024 06 29 02 05 20.000000 2   1.354986869234E-12 -2.291863226977E-11
AR GRAC 2024 06 29 02 05 30.000000 2  -1.727746092896E-12 -3.363532976447E-12
AR GRAC 2024 06 29 02 05 40.000000 2   2.325241778636E-12 -1.265843419668E-11
AR GRAC 2024 06 29 02 05 50.000000 2  -2.174902619112E-12 -1.987333561604E-11
AR GRAC 2024 06 29 02 06  0.000000 2   4.856273261127E-13 -4.448239953464E-12
AR GRAC 2024 06 29 02 06 10.000000 2   3.234725584177E-13 -1.577314494294E-11
AR GRAC 2024 06 29 02 06 20.000000 2  -1.467039787177E-13 -1.501805103887E-11
AR GRAC 2024 06 29 02 06 30.000000 2   1.003924482608E-12 -1.012295889474E-11
AR GRAC 2024 06 29 02 06 40.000000 2  -2.965799264162E-12 -1.093786693163E-11
AR GRAC 2024 06 29 02 06 50.000000 2  -1.255675684958E-12 -2.410277533116E-11
AR GRAC 2024 06 29 02 07  0.000000 2   1.520327104227E-13 -1.576768923761E-11
AR GRAC 2024 06 29 02 07 10.000000 2   1.644842682197E-12 -1.510260146109E-11
AR GRAC 2024 06 29 02 07 20.000000 2   3.416468496997E-12 -1.066751548207E-11
AR GRAC 2024 06 29 02 07 30.000000 2  -1.509925810685E-13 -8.962431491399E-12
AR GRAC 2024 06 29 02 07 40.000000 2  -1.378384060537E-12 -1.900734777904E-11
AR GRAC 2024 06 29 02 07 50.000000 2   2.146699918520E-12 -1.051226466986E-11
AR GRAC 2024 06 29 02 08  0.000000 2   3.338104315534E-12 -8.427184297610E-12
AR GRAC 2024 06 29 02 08 10.000000 2   2.629770533280E-12 -5.352105043877E-12
AR GRAC 2024 06 29 02 08 20.000000 2   1.429319553339E-12 -8.577026242018E-12
AR GRAC 2024 06 29 02 08 30.000000 2  -3.006726378291E-12 -1.535194887881E-11
AR GRAC 2024 06 29 02 08 40.000000 2   4.060907426301E-12 -9.056873306879E-12
AR GRAC 2024 06 29 02 08 50.000000 2   2.051807725459E-12 -1.300179928998E-11
AR GRAC 2024 06 29 02 09  0.000000 2  -2.886353265771E-13 -2.596725785786E-12
AR GRAC 2024 06 29 02 09 10.000000 2  -2.954296421213E-13 -1.519165349073E-11
AR GRAC 2024 06 29 02 09 20.000000 2   3.560126585894E-12 -3.556583196354E-12
AR GRAC 2024 06 29 02 09 30.000000 2   2.203424481718E-13  1.278485997624E-12
AR GRAC 2024 06 29 02 09 40.000000 2   3.352356803613E-12 -7.976445892677E-12
AR GRAC 2024 06 29 02 09 50.000000 2   3.664099405831E-12 -8.313786941869E-13
AR GRAC 2024 06 29 02 10  0.000000 2  -7.517554829507E-13  2.903686189062E-12
AR GRAC 2024 06 29 02 10 10.000000 2   5.677611158994E-13  3.858750558666E-12
AR GRAC 2024 06 29 02 10 20.000000 2   3.209765569653E-12 -6.426186839603E-12
AR GRAC 2024 06 29 02 10 30.000000 2   2.850309831909E-12  2.578875047538E-12
AR GRAC 2024 06 29 02 10 40.000000 2   2.660954356165E-12 -1.436606562877E-11
AR GRAC 2024 06 29 02 10 50.000000 2   3.013014534051E-12 -1.481006181407E-12
AR GRAC 2024 06 29 02 11  0.000000 2   2.592651137182E-12 -3.615947818947E-12
AR GRAC 2024 06 29 02 11 10.000000 2  -7.691812139478E-13  6.391088287934E-13
AR GRAC 2024 06 29 02 11 20.000000 2   2.904313725280E-12  3.614163655852E-12
AR GRAC 2024 06 29 02 11 30.000000 2   3.702424651586E-12  5.379218338125E-12
AR GRAC 2024 06 29 02 11 40.000000 2  -4.023209445713E-13  3.734270271477E-12
AR GRAC 2024 06 29 02 11 50.000000 2   4.089333038859E-12 -3.030677922164E-12
AR GRAC 2024 06 29 02 12  0.000000 2   3.431324235165E-12 -5.056279288491E-13
AR GRAC 2024 06 29 02 12 10.000000 2   5.256311011448E-12  7.794212324164E-13
AR GRAC 2024 06 29 02 12 20.000000 2   6.399168955146E-12  3.154467789410E-12
AR GRAC 2024 06 29 02 12 30.000000 2   2.801747549241E-13  3.799514088770E-12
AR GRAC 2024 06 29 02 12 40.000000 2   4.119239237904E-12 -6.454408405313E-13
AR GRAC 2024 06 29 02 12 50.000000 2   2.263196791433E-12  9.139603136810E-12
AR GRAC 2024 06 29 02 13  0.000000 2   2.213248898389E-12  6.144645556261E-12
AR GRAC 2024 06 29 02 13 10.000000 2   2.744278979408E-12  1.569968634263E-11
AR GRAC 2024 06 29 02 13 20.000000 2  -5.151759010710E-13 -1.892527107250E-11
AR GRAC 2024 06 29 02 13 30.000000 2   6.043283928836E-12  1.893976468714E-11
AR GRAC 2024 06 29 02 13 40.000000 2   5.857892296235E-12 -1.865197883297E-12
AR GRAC 2024 06 29 02 13 50.000000 2   7.864578671461E-13  8.519837613186E-12
AR GRAC 2024 06 29 02 14  0.000000 2   1.872631390232E-12  2.430487408556E-11
AR GRAC 2024 06 29 02 14 10.000000 2   4.298530715402E-12  8.939905239702E-12
AR GRAC 2024 06 29 02 14 20.000000 2   4.607699204823E-12  5.804938127407E-12
AR GRAC 2024 06 29 02 14 30.000000 2   3.781609574094E-12  1.031996710310E-11
AR GRAC 2024 06 29 02 14 40.000000 2   3.786663690941E-12  1.627500044454E-11
AR GRAC 2024 06 29 02 14 50.000000 2   2.152370295883E-12  9.030026726364E-12
AR GRAC 2024 06 29 02 15  0.000000 2   7.053285473041E-12  8.555052499748E-12
AR GRAC 2024 06 29 02 15 10.000000 2   3.847715982636E-12  1.431007916330E-11
AR GRAC 2024 06 29 02 15 20.000000 2   5.613084649858E-12  1.918510315890E-11
AR GRAC 2024 06 29 02 15 30.000000 2   6.305973972165E-12  5.170126046034E-12
AR GRAC 2024 06 29 02 15 40.000000 2   3.647811490804E-13  8.505147974791E-12
AR GRAC 2024 06 29 02 15 50.000000 2   6.179771538245E-12  5.770168197416E-12
AR GRAC 2024 06 29 02 16  0.000000 2   1.731040874878E-12  1.271518740992E-11
AR GRAC 2024 06 29 02 16 10.000000 2   6.649087964244E-12 -9.689795840706E-12
AR GRAC 2024 06 29 02 16 20.000000 2   5.905636223102E-12  3.525521888315E-11
AR GRAC 2024 06 29 02 16 30.000000 2   5.980218924229E-12  3.410236719750E-12
AR GRAC 2024 06 29 02 16 40.000000 2   4.725605757400E-12  2.252525249657E-11
AR GRAC 2024 06 29 02 16 50.000000 2   3.177398448517E-12 -7.719736308531E-12
AR GRAC 2024 06 29 02 17  0.000000 2   4.188555318557E-12  4.732527564277E-11
AR GRAC 2024 06 29 02 17 10.000000 2   1.061907506372E-11 -9.709714803019E-12
AR GRAC 2024 06 29 02 17 20.000000 2   6.965993537209E-13  2.074529437124E-11
AR GRAC 2024 06 29 02 17 30.000000 2   8.975313547932E-12  1.432030362347E-11
AR GRAC 2024 06 29 02 17 40.000000 2   6.559817359447E-12  1.915530754848E-11
AR GRAC 2024 06 29 02 17 50.000000 2   7.299855164788E-12  1.566031505862E-11
AR GRAC 2024 06 29 02 18  0.000000 2   5.617352503290E-12 -4.014682683517E-12
AR GRAC 2024 06 29 02 18 10.000000 2   8.136662350833E-12  2.569031966326E-11
AR GRAC 2024 06 29 02 18 20.000000 2   7.256878258033E-12  2.774532166516E-11
AR GRAC 2024 06 29 02 18 30.000000 2   5.276079052818E-12  6.520321175346E-12
AR GRAC 2024 06 29 02 18 40.000000 2   5.680382379747E-12  1.464531967921E-11
AR GRAC 2024 06 29 02 18 50.000000 2   5.704676314666E-12  9.630316509524E-12
AR GRAC 2024 06 29 02 19  0.000000 2   7.247074901989E-12  3.413531263208E-11
AR GRAC 2024 06 29 02 19 10.000000 2   8.799497588918E-12  1.249030739947E-11
AR GRAC 2024 06 29 02 19 20.000000 2   7.247244037528E-12  1.227530143505E-11
AR GRAC 2024 06 29 02 19 30.000000 2   4.052978005292E-12  2.458029266239E-11
AR GRAC 2024 06 29 02 19 40.000000 2   1.066505564418E-11  1.492528496627E-11
AR GRAC 2024 06 29 02 19 50.000000 2   5.958135460699E-12  1.737027535698E-11
AR GRAC 2024 06 29 02 20  0.000000 2   7.801784392136E-12  2.548526494006E-11
AR GRAC 2024 06 29 02 20 10.000000 2   4.798859226662E-12  9.560250160967E-12
AR GRAC 2024 06 29 02 20 20.000000 2   5.737327279931E-12  2.019523784313E-11
AR GRAC 2024 06 29 02 20 30.000000 2   8.914311996899E-12  2.172022110780E-11
AR GRAC 2024 06 29 02 20 40.000000 2   7.644646200788E-12  2.906520336909E-11
AR GRAC 2024 06 29 02 20 50.000000 2   1.011665751172E-11  2.032018650566E-11
AR GRAC 2024 06 29 02 21  0.000000 2   7.112791258757E-12  3.255165668264E-12
AR GRAC 2024 06 29 02 21 10.000000 2   8.083871246012E-12  4.887014404265E-11
AR GRAC 2024 06 29 02 21 20.000000 2   8.958955972915E-12  3.548512178542E-11
AR GRAC 2024 06 29 02 21 30.000000 2   4.644836598677E-12  1.787010123211E-11
AR GRAC 2024 06 29 02 21 40.000000 2   1.165619944316E-11  2.421507612482E-11
AR GRAC 2024 06 29 02 21 50.000000 2   4.903315600768E-12  1.766005224002E-11
AR GRAC 2024 06 29 02 22  0.000000 2   1.000189427808E-11  2.358502282362E-11
AR GRAC 2024 06 29 02 22 10.000000 2   9.382684733328E-12  2.485999253676E-11
AR GRAC 2024 06 29 02 22 20.000000 2   7.009037447658E-12  9.014962387699E-12
AR GRAC 2024 06 29 02 22 30.000000 2   9.893367375335E-12  3.862993258608E-11
AR GRAC 2024 06 29 02 22 40.000000 2   9.695906404150E-12  3.828489955615E-11
AR GRAC 2024 06 29 02 22 50.000000 2   6.845501596131E-12  1.286986749810E-11
AR GRAC 2024 06 29 02 23  0.000000 2   9.983563455107E-12  2.886483239928E-11
AR GRAC 2024 06 29 02 23 10.000000 2   9.595426016251E-12  2.080979659425E-11
AR GRAC 2024 06 29 02 23 20.000000 2   7.347176686490E-12  2.649476124605E-11
AR GRAC 2024 06 29 02 23 30.000000 2   7.511630206736E-12  2.541972361769E-11
AR GRAC 2024 06 29 02 23 40.000000 2   8.968745017490E-12  3.667468065349E-11
AR GRAC 2024 06 29 02 23 50.000000 2   1.062296778320E-11  2.979963845129E-11
AR GRAC 2024 06 29 02 24  0.000000 2   1.130423792767E-11  3.212459812052E-11
AR GRAC 2024 06 29 02 24 10.000000 2   1.116803264450E-11  2.368955552556E-11
AR GRAC 2024 06 29 02 24 20.000000 2   8.467646722687E-12  2.860450591669E-11
AR GRAC 2024 06 29 02 24 30.000000 2   8.869161481628E-12  2.352946310014E-11
AR GRAC 2024 06 29 02 24 40.000000 2   8.237846169101E-12  2.861441465718E-11
AR GRAC 2024 06 29 02 24 50.000000 2   9.666357991822E-12  4.072936432564E-11
AR GRAC 2024 06 29 02 25  0.000000 2   1.111894690903E-11  3.937431630741E-11
AR GRAC 2024 06 29 02 25 10.000000 2   1.069846988777E-11  2.880926400217E-11
AR GRAC 2024 06 29 02 25 20.000000 2   1.259718284546E-11  4.247420817838E-11
AR GRAC 2024 06 29 02 25 30.000000 2   7.725961363725E-12  2.739915586081E-11
AR GRAC 2024 06 29 02 25 40.000000 2   1.179451848687E-11  2.787410233185E-11
AR GRAC 2024 06 29 02 25 50.000000 2   9.567651358677E-12  2.318904443466E-11
AR GRAC 2024 06 29 02 26  0.000000 2   7.201213150093E-12  3.954398614114E-11
AR GRAC 2024 06 29 02 26 10.000000 2   1.001676085827E-11  3.299892650799E-11
AR GRAC 2024 06 29 02 26 20.000000 2   1.105340645402E-11  4.573386808149E-11
AR GRAC 2024 06 29 02 26 30.000000 2   1.328352358665E-11  3.770880482867E-11
AR GRAC 2024 06 29 02 26 40.000000 2   1.165839213363E-11  1.277374213349E-11
AR GRAC 2024 06 29 02 26 50.000000 2   1.054841283765E-11  4.313867665862E-11
AR GRAC 2024 06 29 02 27  0.000000 2   9.529935868224E-12  3.600361328515E-11
AR GRAC 2024 06 29 02 27 10.000000 2   9.425909705540E-12  4.206854656297E-11
AR GRAC 2024 06 29 02 27 20.000000 2   1.146300849381E-11  3.543347906754E-11
AR GRAC 2024 06 29 02 27 30.000000 2   9.607624591734E-12  2.059841013036E-11
AR GRAC 2024 06 29 02 27 40.000000 2   1.285237107712E-11  4.231333686211E-11
AR GRAC 2024 06 29 02 27 50.000000 2   1.540992854154E-11  5.391826221612E-11
AR GRAC 2024 06 29 02 28  0.000000 2   1.136296352150E-11  2.422319116124E-11
AR GRAC 2024 06 29 02 28 10.000000 2   8.965854100818E-12  3.928811789788E-11
AR GRAC 2024 06 29 02 28 20.000000 2   1.543542203775E-11  5.280304318789E-11
AR GRAC 2024 06 29 02 28 30.000000 2   1.516721297168E-11  2.342796616428E-11
AR GRAC 2024 06 29 02 28 40.000000 2   1.395531953885E-11  5.887289267203E-11
AR GRAC 2024 06 29 02 28 50.000000 2   1.342408476046E-11  3.651780267067E-11
AR GRAC 2024 06 29 02 29  0.000000 2   1.234351943574E-11  2.723272649052E-11
AR GRAC 2024 06 29 02 29 10.000000 2   1.349324298128E-11  3.517764204930E-11
AR GRAC 2024 06 29 02 29 20.000000 2   1.612166476705E-11  1.171255887417E-11
AR GRAC 2024 06 29 02 29 30.000000 2   1.467049225157E-11  4.745747544943E-11
AR GRAC 2024 06 29 02 29 40.000000 2   1.406237105928E-11  3.889238930910E-11
AR GRAC 2024 06 29 02 29 50.000000 2   1.249567029710E-11  3.217729901972E-11
AR GRAC 2024 06 29 02 30  0.000000 2   1.243568008985E-11  3.412221200039E-11
AR GRAC 2024 06 29 02 30 10.000000 2   1.450601704728E-11  3.990712274526E-11
AR GRAC 2024 06 29 02 30 20.000000 2   1.353523109565E-11  3.895203257165E-11
AR GRAC 2024 06 29 02 30 30.000000 2   1.167168705435E-11  4.077693391280E-11
AR GRAC 2024 06 29 02 30 40.000000 2   1.380196130996E-11  4.463184336001E-11
AR GRAC 2024 06 29 02 30 50.000000 2   1.393089029550E-11  2.975674567862E-11
AR GRAC 2024 06 29 02 31  0.000000 2   1.527383428068E-11  3.397165188046E-11
AR GRAC 2024 06 29 02 31 10.000000 2   1.408117025758E-11  4.410655521370E-11
AR GRAC 2024 06 29 02 31 20.000000 2   1.400602377133E-11  3.644145749049E-11
AR GRAC 2024 06 29 02 31 30.000000 2   1.135298278998E-11  4.048635385279E-11
AR GRAC 2024 06 29 02 31 40.000000 2   1.688156038571E-11  4.545125387168E-11
AR GRAC 2024 06 29 02 31 50.000000 2   1.418317893687E-11  3.674615126070E-11
AR GRAC 2024 06 29 02 32  0.000000 2   1.579956825093E-11  3.744104332126E-11
AR GRAC 2024 06 29 02 32 10.000000 2   1.520074517647E-11  4.263593991749E-11
AR GRAC 2024 06 29 02 32 20.000000 2   1.442187688716E-11  4.226083372139E-11
AR GRAC 2024 06 29 02 32 30.000000 2   1.550025212349E-11  2.927572420597E-11
AR GRAC 2024 06 29 02 32 40.000000 2   1.520520168108E-11  5.465061736487E-11
AR GRAC 2024 06 29 02 32 50.000000 2   1.338707963927E-11  3.537550460897E-11
AR GRAC 2024 06 29 02 33  0.000000 2   1.398937996694E-11  3.363039360882E-11
AR GRAC 2024 06 29 02 33 10.000000 2   1.652747556868E-11  3.634527748209E-11
AR GRAC 2024 06 29 02 33 20.000000 2   1.670102250939E-11  5.605016450971E-11
AR GRAC 2024 06 29 02 33 30.000000 2   1.525706123939E-11  3.640504911417E-11
AR GRAC 2024 06 29 02 33 40.000000 2   1.632336106561E-11  3.376993476523E-11
AR GRAC 2024 06 29 02 33 50.000000 2   1.669080151867E-11  4.449481408320E-11
AR GRAC 2024 06 29 02 34  0.000000 2   1.638188716624E-11  3.756969735313E-11
AR GRAC 2024 06 29 02 34 10.000000 2   1.770533719636E-11  4.628457339617E-11
AR GRAC 2024 06 29 02 34 20.000000 2   1.975674832067E-11  5.026945526510E-11
AR GRAC 2024 06 29 02 34 30.000000 2   1.580089357966E-11  3.162432815618E-11
AR GRAC 2024 06 29 02 34 40.000000 2   1.764638608848E-11  1.605920431358E-11
AR GRAC 2024 06 29 02 34 50.000000 2   1.850004351100E-11  4.769407785377E-11
AR GRAC 2024 06 29 02 35  0.000000 2   1.395447039171E-11  5.074895018109E-11
AR GRAC 2024 06 29 02 35 10.000000 2   1.578806183011E-11  5.617382253797E-11
AR GRAC 2024 06 29 02 35 20.000000 2   1.597449256208E-11  3.294869238557E-11
AR GRAC 2024 06 29 02 35 30.000000 2   1.725546441844E-11  3.113356100704E-11
AR GRAC 2024 06 29 02 35 40.000000 2   1.973290975066E-11  4.345842782860E-11
AR GRAC 2024 06 29 02 35 50.000000 2   1.817229179635E-11  5.330329580500E-11
AR GRAC 2024 06 29 02 36  0.000000 2   1.705988128542E-11  3.389815858568E-11
AR GRAC 2024 06 29 02 36 10.000000 2   1.925953320436E-11  3.872302131724E-11
AR GRAC 2024 06 29 02 36 20.000000 2   1.926192365331E-11  5.688788329294E-11
AR GRAC 2024 06 29 02 36 30.000000 2   1.672494261140E-11  2.432274867625E-11
AR GRAC 2024 06 29 02 36 40.000000 2   2.069357359080E-11  4.839760536779E-11
AR GRAC 2024 06 29 02 36 50.000000 2   1.747044349465E-11  5.174246447970E-11
AR GRAC 2024 06 29 02 37  0.000000 2   1.659361884010E-11  3.632732309411E-11
AR GRAC 2024 06 29 02 37 10.000000 2   1.835486797275E-11  3.951217825149E-11
AR GRAC 2024 06 29 02 37 20.000000 2   1.573994927451E-11  3.397703299268E-11
AR GRAC 2024 06 29 02 37 30.000000 2   2.023422748798E-11  3.791188543656E-11
AR GRAC 2024 06 29 02 37 40.000000 2   1.812986392957E-11  3.602673714909E-11
AR GRAC 2024 06 29 02 37 50.000000 2   1.837872909416E-11  3.943158646824E-11
AR GRAC 2024 06 29 02 38  0.000000 2   1.850992970009E-11  3.445643770306E-11
AR GRAC 2024 06 29 02 38 10.000000 2   1.869743769534E-11  3.452128513604E-11
AR GRAC 2024 06 29 02 38 20.000000 2   1.744521888059E-11  4.795613212094E-11
AR GRAC 2024 06 29 02 38 30.000000 2   1.963673147698E-11  4.612097856405E-11
AR GRAC 2024 06 29 02 38 40.000000 2   1.897827554831E-11  4.282582274917E-11
AR GRAC 2024 06 29 02 38 50.000000 2   2.405140149542E-11  4.002066733566E-11
AR GRAC 2024 06 29 02 39  0.000000 2   1.783063280358E-11  4.770550968147E-11
AR GRAC 2024 06 29 02 39 10.000000 2   1.921938302951E-11  2.810034843703E-11
AR GRAC 2024 06 29 02 39 20.000000 2   1.891843279256E-11  4.223518756952E-11
AR GRAC 2024 06 29 02 39 30.000000 2   1.994639522995E-11  3.984002711066E-11
AR GRAC 2024 06 29 02 39 40.000000 2   1.922508853502E-11  3.412486265786E-11
AR GRAC 2024 06 29 02 39 50.000000 2   1.764481963318E-11  3.889969943383E-11
AR GRAC 2024 06 29 02 40  0.000000 2   2.232867710172E-11  4.523453486782E-11
AR GRAC 2024 06 29 02 40 10.000000 2   1.778029980193E-11  4.171936754394E-11
AR GRAC 2024 06 29 02 40 20.000000 2   1.837958778228E-11  3.356419656098E-11
AR GRAC 2024 06 29 02 40 30.000000 2   2.220459059676E-11  3.156902517176E-11
AR GRAC 2024 06 29 02 40 40.000000 2   2.349452923878E-11  3.563385697625E-11
AR GRAC 2024 06 29 02 40 50.000000 2   2.012712739530E-11  4.993868513159E-11
AR GRAC 2024 06 29 02 41  0.000000 2   1.848169360608E-11  3.691351044277E-11
AR GRAC 2024 06 29 02 41 10.000000 2   2.006371110919E-11  3.889833594117E-11
AR GRAC 2024 06 29 02 41 20.000000 2   2.042189160834E-11  4.772315875812E-11
AR GRAC 2024 06 29 02 41 30.000000 2   1.892289450134E-11  3.297798145674E-11
AR GRAC 2024 06 29 02 41 40.000000 2   2.130087599361E-11  4.793280355964E-11
AR GRAC 2024 06 29 02 41 50.000000 2   2.038471648425E-11  2.998762349549E-11
AR GRAC 2024 06 29 02 42  0.000000 2   2.103117853480E-11  4.768244132869E-11
AR GRAC 2024 06 29 02 42 10.000000 2   2.154897441042E-11  3.407725837623E-11
AR GRAC 2024 06 29 02 42 20.000000 2   1.530296549201E-11  3.166207573901E-11
AR GRAC 2024 06 29 02 42 30.000000 2   2.162723646004E-11  2.893689107775E-11
AR GRAC 2024 06 29 02 42 40.000000 2   1.867046968418E-11  3.423170427674E-11
AR GRAC 2024 06 29 02 42 50.000000 2   2.276904706444E-11  4.287651483859E-11
AR GRAC 2024 06 29 02 43  0.000000 2   1.909067001704E-11  3.289132508022E-11
AR GRAC 2024 06 29 02 43 10.000000 2   2.158670811547E-11  3.857613881109E-11
AR GRAC 2024 06 29 02 43 20.000000 2   2.238113340491E-11  3.912094606595E-11
AR GRAC 2024 06 29 02 43 30.000000 2   1.953776376795E-11  4.038575029952E-11
AR GRAC 2024 06 29 02 43 40.000000 2   2.089742962008E-11  3.448055729827E-11
AR GRAC 2024 06 29 02 43 50.000000 2   2.251033560940E-11  1.873536221997E-11
AR GRAC 2024 06 29 02 44  0.000000 2   1.991106932109E-11  4.146016516215E-11
AR GRAC 2024 06 29 02 44 10.000000 2   2.001609121505E-11  3.868496495363E-11
AR GRAC 2024 06 29 02 44 20.000000 2   2.043644767302E-11  3.369976867007E-11
AR GRAC 2024 06 29 02 44 30.000000 2   2.070409121924E-11  3.423456657048E-11
AR GRAC 2024 06 29 02 44 40.000000 2   2.149323080625E-11  3.280936633487E-11
AR GRAC 2024 06 29 02 44 50.000000 2   2.083491018601E-11  3.858416364189E-11
AR GRAC 2024 06 29 02 45  0.000000 2   2.239607804766E-11  4.116895713224E-11
AR GRAC 2024 06 29 02 45 10.000000 2   2.109975735798E-11  3.712375198917E-11
AR GRAC 2024 06 29 02 45 20.000000 2   2.039647964414E-11  3.522854577498E-11
AR GRAC 2024 06 29 02 45 30.000000 2   2.087500484971E-11  3.980333770914E-11
AR GRAC 2024 06 29 02 45 40.000000 2   2.061642696838E-11  2.200812622422E-11
AR GRAC 2024 06 29 02 45 50.000000 2   2.258634251850E-11  3.918291732741E-11
AR GRAC 2024 06 29 02 46  0.000000 2   2.259450959663E-11  3.653770341838E-11
AR GRAC 2024 06 29 02 46 10.000000 2   2.192051401506E-11  4.174249140787E-11
AR GRAC 2024 06 29 02 46 20.000000 2   2.289235294384E-11  1.814727708382E-11
AR GRAC 2024 06 29 02 46 30.000000 2   2.176202100468E-11  4.101206180218E-11
AR GRAC 2024 06 29 02 46 40.000000 2   2.256652330279E-11  3.370684287241E-11
AR GRAC 2024 06 29 02 46 50.000000 2   2.073416438542E-11  4.533162387133E-11
AR GRAC 2024 06 29 02 47  0.000000 2   2.806480048356E-11  3.864640205076E-11
AR GRAC 2024 06 29 02 47 10.000000 2   2.484204335296E-11  3.020118183317E-11
AR GRAC 2024 06 29 02 47 20.000000 2   2.163955646617E-11  4.347595894405E-11
AR GRAC 2024 06 29 02 47 30.000000 2   2.069063670396E-11  2.714073757404E-11
AR GRAC 2024 06 29 02 47 40.000000 2   2.161908499443E-11  3.279550936375E-11
AR GRAC 2024 06 29 02 47 50.000000 2   2.589589306878E-11  3.945028678731E-11
AR GRAC 2024 06 29 02 48  0.000000 2   2.458992037768E-11  3.160505537836E-11
AR GRAC 2024 06 29 02 48 10.000000 2   2.336708777861E-11  3.805982959348E-11
AR GRAC 2024 06 29 02 48 20.000000 2   2.233414148067E-11  2.734459707276E-11
AR GRAC 2024 06 29 02 48 30.000000 2   2.349902217258E-11  2.854936599628E-11
AR GRAC 2024 06 29 02 48 40.000000 2   2.412031685495E-11  3.710413573610E-11
AR GRAC 2024 06 29 02 48 50.000000 2   2.559169542948E-11  3.333890108426E-11
AR GRAC 2024 06 29 02 49  0.000000 2   2.315636397909E-11  3.357366468171E-11
AR GRAC 2024 06 29 02 49 10.000000 2   2.542758885393E-11  3.532842768328E-11
AR GRAC 2024 06 29 02 49 20.000000 2   2.300537711719E-11  3.447319166239E-11
AR GRAC 2024 06 29 02 49 30.000000 2   2.474885400783E-11  2.956795225328E-11
AR GRAC 2024 06 29 02 49 40.000000 2   2.231764946459E-11  2.806271014177E-11
AR GRAC 2024 06 29 02 49 50.000000 2   2.509693668162E-11  3.626747166474E-11
AR GRAC 2024 06 29 02 50  0.000000 2   2.497375396759E-11  2.610222801791E-11
AR GRAC 2024 06 29 02 50 10.000000 2   2.407976422425E-11  2.768698117994E-11
AR GRAC 2024 06 29 02 50 20.000000 2   2.357192392666E-11  3.891173494530E-11
AR GRAC 2024 06 29 02 50 30.000000 2   1.883330297270E-11  3.276649090944E-11
AR GRAC 2024 06 29 02 50 40.000000 2   2.333938597943E-11  2.702124288212E-11
AR GRAC 2024 06 29 02 50 50.000000 2   2.382976801996E-11  2.656599246142E-11
AR GRAC 2024 06 29 02 51  0.000000 2   2.272404486803E-11  3.135074144733E-11
AR GRAC 2024 06 29 02 51 10.000000 2   2.328514811523E-11  3.385548785761E-11
AR GRAC 2024 06 29 02 51 20.000000 2   2.322384125286E-11  2.781023675236E-11
AR GRAC 2024 06 29 02 51 30.000000 2   2.267332502304E-11  2.906497958977E-11
AR GRAC 2024 06 29 02 51 40.000000 2   2.375420520007E-11  2.693972475654E-11
AR GRAC 2024 06 29 02 51 50.000000 2   2.346870267567E-11  3.322446831544E-11
AR GRAC 2024 06 29 02 52  0.000000 2   2.390146761067E-11  3.267921003247E-11
AR GRAC 2024 06 29 02 52 10.000000 2   2.137783179645E-11  2.780395011448E-11
AR GRAC 2024 06 29 02 52 20.000000 2   2.491369090196E-11  3.651869084909E-11
AR GRAC 2024 06 29 02 52 30.000000 2   2.160306135368E-11  3.026342718093E-11
AR GRAC 2024 06 29 02 52 40.000000 2   2.530561177272E-11  2.881816313360E-11
AR GRAC 2024 06 29 02 52 50.000000 2   2.234236233523E-11  2.771289968340E-11
AR GRAC 2024 06 29 02 53  0.000000 2   1.957804231234E-11  2.842763177635E-11
AR GRAC 2024 06 29 02 53 10.000000 2   2.722436165392E-11  2.102236440482E-11
AR GRAC 2024 06 29 02 53 20.000000 2   2.251820258037E-11  3.169709633655E-11
AR GRAC 2024 06 29 02 53 30.000000 2   2.166884900678E-11  2.246182580212E-11
AR GRAC 2024 06 29 02 53 40.000000 2   2.607663737719E-11  3.371655385442E-11
AR GRAC 2024 06 29 02 53 50.000000 2   2.237131487004E-11  3.867128145485E-11
AR GRAC 2024 06 29 02 54  0.000000 2   2.340006660662E-11  1.919600936540E-11
AR GRAC 2024 06 29 02 54 10.000000 2   2.540938813522E-11  4.033073180976E-11
AR GRAC 2024 06 29 02 54 20.000000 2   2.230409260062E-11  2.653545785880E-11
AR GRAC 2024 06 29 02 54 30.000000 2   2.266452477084E-11  2.923017730638E-11
AR GRAC 2024 06 29 02 54 40.000000 2   2.195958692663E-11  2.806489936280E-11
AR GRAC 2024 06 29 02 54 50.000000 2   2.413755480213E-11  2.889961880914E-11
AR GRAC 2024 06 29 02 55  0.000000 2   2.263997322949E-11  1.825433901259E-11
AR GRAC 2024 06 29 02 55 10.000000 2   2.702860157910E-11  3.126905331885E-11
AR GRAC 2024 06 29 02 55 20.000000 2   1.857668185945E-11  3.171377049860E-11
AR GRAC 2024 06 29 02 55 30.000000 2   2.108171449910E-11  2.586848617259E-11
AR GRAC 2024 06 29 02 55 40.000000 2   2.322250378106E-11  3.419319688502E-11
AR GRAC 2024 06 29 02 55 50.000000 2   2.342737462357E-11  1.963791108894E-11
AR GRAC 2024 06 29 02 56  0.000000 2   2.456319349309E-11  1.952262136673E-11
AR GRAC 2024 06 29 02 56 10.000000 2   2.840829481376E-11  2.719733119272E-11
AR GRAC 2024 06 29 02 56 20.000000 2   2.088027147018E-11  3.392203878905E-11
AR GRAC 2024 06 29 02 56 30.000000 2   2.460591105868E-11  2.437674714861E-11
AR GRAC 2024 06 29 02 56 40.000000 2   2.177333834064E-11  3.587145164241E-11
AR GRAC 2024 06 29 02 56 50.000000 2   2.588723332919E-11  2.258615863782E-11
AR GRAC 2024 06 29 02 57  0.000000 2   2.301823141815E-11  1.581085956603E-11
AR GRAC 2024 06 29 02 57 10.000000 2   2.105194664426E-11  2.529556251962E-11
AR GRAC 2024 06 29 02 57 20.000000 2   2.062541457071E-11  2.271026075529E-11
AR GRAC 2024 06 29 02 57 30.000000 2   2.267962206925E-11  3.227495701252E-11
AR GRAC 2024 06 29 02 57 40.000000 2   2.660355442885E-11  2.085965948584E-11
AR GRAC 2024 06 29 02 57 50.000000 2   2.172244155385E-11  2.715435515332E-11
AR GRAC 2024 06 29 02 58  0.000000 2   2.021004023856E-11  2.951905039850E-11
AR GRAC 2024 06 29 02 58 10.000000 2   2.209985666690E-11  1.629374413170E-11
AR GRAC 2024 06 29 02 58 20.000000 2   2.223305567428E-11  2.652843743289E-11
AR GRAC 2024 06 29 02 58 30.000000 2   2.220069614256E-11  7.053128046886E-12
AR GRAC 2024 06 29 02 58 40.000000 2   2.360094411569E-11  1.905781955858E-11
AR GRAC 2024 06 29 02 58 50.000000 2   2.249771202667E-11  1.628250832775E-11
AR GRAC 2024 06 29 02 59  0.000000 2   1.713226956135E-11  3.484719110491E-11
AR GRAC 2024 06 29 02 59 10.000000 2   2.522168932040E-11  2.273188234869E-11
AR GRAC 2024 06 29 02 59 20.000000 2   2.257188186361E-11  2.231656699714E-11
AR GRAC 2024 06 29 02 59 30.000000 2   2.250110688051E-11  2.360125116174E-11
AR GRAC 2024 06 29 02 59 40.000000 2   2.203815255286E-11  1.278593116799E-11
AR GRAC 2024 06 29 02 59 50.000000 2   2.159611205144E-11  2.427061329691E-11
AR GRAC 2024 06 29 03 00  0.000000 2   2.168169983829E-11  3.707529075414E-11
AR GRAC 2024 06 29 03 00 10.000000 2   2.163829358748E-11  2.341996908906E-11
AR GRAC 2024 06 29 03 00 20.000000 2   1.990734486979E-11  2.081464861581E-11
AR GRAC 2024 06 29 03 00 30.000000 2   1.776387890950E-11  1.763932402921E-11
AR GRAC 2024 06 29 03 00 40.000000 2   2.332441011166E-11  2.654399963720E-11
AR GRAC 2024 06 29 03 00 50.000000 2   2.195115270109E-11  8.298672513063E-12
AR GRAC 2024 06 29 03 01  0.000000 2   1.729853760235E-11  2.658334490035E-11
AR GRAC 2024 06 29 03 01 10.000000 2   2.078294654428E-11  5.528015545320E-12
AR GRAC 2024 06 29 03 01 20.000000 2   1.804827294560E-11  1.817268557858E-11
AR GRAC 2024 06 29 03 01 30.000000 2   1.954930661796E-11  1.836735451233E-11
AR GRAC 2024 06 29 03 01 40.000000 2   1.806455506015E-11  1.273202029917E-11
AR GRAC 2024 06 29 03 01 50.000000 2   2.098940986295E-11  2.542668853245E-11
AR GRAC 2024 06 29 03 02  0.000000 2   2.107566551834E-11  2.590135050884E-11
AR GRAC 2024 06 29 03 02 10.000000 2   2.008401431275E-11  1.157601358520E-11
AR GRAC 2024 06 29 03 02 20.000000 2   1.903073358622E-11  1.876067703965E-11
AR GRAC 2024 06 29 03 02 30.000000 2   1.859599453591E-11  1.085533486017E-11
AR GRAC 2024 06 29 03 02 40.000000 2   1.738159616238E-11  7.879995267412E-12
AR GRAC 2024 06 29 03 02 50.000000 2   1.933698340340E-11  3.302465245714E-11
AR GRAC 2024 06 29 03 03  0.000000 2   2.061912793283E-11  5.999309989763E-12
AR GRAC 2024 06 29 03 03 10.000000 2   1.919506394110E-11  3.508396351215E-11
AR GRAC 2024 06 29 03 03 20.000000 2   1.796538265375E-11  4.988619760338E-12
AR GRAC 2024 06 29 03 03 30.000000 2   1.694971593635E-11  2.410327319680E-11
AR GRAC 2024 06 29 03 03 40.000000 2   1.813604474932E-11  1.347792363826E-11
AR GRAC 2024 06 29 03 03 50.000000 2   1.961030296482E-11  1.543257535652E-11
AR GRAC 2024 06 29 03 04  0.000000 2   1.703463065050E-11  2.137722464324E-11
AR GRAC 2024 06 29 03 04 10.000000 2   1.634129463690E-11  1.788187306562E-11
AR GRAC 2024 06 29 03 04 20.000000 2   1.515091697935E-11  1.289651718750E-11
AR GRAC 2024 06 29 03 04 30.000000 2   1.819896663924E-11  2.731116374721E-11
AR GRAC 2024 06 29 03 04 40.000000 2   1.756195536218E-11  2.045806883275E-12
AR GRAC 2024 06 29 03 04 50.000000 2   1.905525390256E-11  2.009045013684E-11
AR GRAC 2024 06 29 03 05  0.000000 2   1.676358878100E-11  1.326509041499E-11
AR GRAC 2024 06 29 03 05 10.000000 2   1.646190822546E-11  2.647972986713E-11
AR GRAC 2024 06 29 03 05 20.000000 2   1.556085815757E-11  6.994370360669E-12
AR GRAC 2024 06 29 03 05 30.000000 2   1.664994704609E-11  1.718900716208E-11
AR GRAC 2024 06 29 03 05 40.000000 2   1.759879048047E-11  1.327364173437E-11
AR GRAC 2024 06 29 03 05 50.000000 2   1.524566757560E-11  1.473828004084E-11
AR GRAC 2024 06 29 03 06  0.000000 2   1.998355127208E-11  1.082291114368E-11
AR GRAC 2024 06 29 03 06 10.000000 2   1.622893139319E-11  6.207544027415E-12
AR GRAC 2024 06 29 03 06 20.000000 2   1.640882742182E-11  1.482217647231E-11
AR GRAC 2024 06 29 03 06 30.000000 2   1.736853022516E-11  1.301680378069E-11
AR GRAC 2024 06 29 03 06 40.000000 2   1.575331705361E-11  1.480143438370E-11
AR GRAC 2024 06 29 03 06 50.000000 2   1.268105325608E-11 -1.003939986699E-12
AR GRAC 2024 06 29 03 07  0.000000 2   1.770581598004E-11  1.388068739810E-11
AR GRAC 2024 06 29 03 07 10.000000 2   1.775835208051E-11  2.122531317372E-11
AR GRAC 2024 06 29 03 07 20.000000 2   1.802977558918E-11  1.754993372849E-11
AR GRAC 2024 06 29 03 07 30.000000 2   1.573630115104E-11  1.388455756618E-11
AR GRAC 2024 06 29 03 07 40.000000 2   1.399799286900E-11  1.982917649523E-11
AR GRAC 2024 06 29 03 07 50.000000 2   1.265315456578E-11  5.273795723043E-12
AR GRAC 2024 06 29 03 08  0.000000 2   1.398628175081E-11  1.654841368104E-11
AR GRAC 2024 06 29 03 08 10.000000 2   1.299802973587E-11  5.993031158141E-12
AR GRAC 2024 06 29 03 08 20.000000 2   1.478215119755E-11  3.207764609492E-11
AR GRAC 2024 06 29 03 08 30.000000 2   1.363638455626E-11 -4.987738954493E-12
AR GRAC 2024 06 29 03 08 40.000000 2   1.459189193087E-11  3.116874380121E-12
AR GRAC 2024 06 29 03 08 50.000000 2   1.304218712195E-11  5.351485747596E-12
AR GRAC 2024 06 29 03 09  0.000000 2   1.037792681652E-11  1.518609543671E-11
AR GRAC 2024 06 29 03 09 10.000000 2   1.246615050771E-11 -2.029294917869E-12
AR GRAC 2024 06 29 03 09 20.000000 2   1.189026481441E-11  4.425531469066E-11
AR GRAC 2024 06 29 03 09 30.000000 2   1.076526021104E-11  6.289919540076E-12
AR GRAC 2024 06 29 03 09 40.000000 2   8.222366364163E-12  1.272452455903E-11
AR GRAC 2024 06 29 03 09 50.000000 2   1.327313779720E-11  6.099129014336E-12
AR GRAC 2024 06 29 03 10  0.000000 2   1.075528902050E-11  1.248373106277E-11
AR GRAC 2024 06 29 03 10 10.000000 2   1.031430409831E-11  8.398332376758E-12
AR GRAC 2024 06 29 03 10 20.000000 2   1.002205089751E-11  1.728293376468E-11
AR GRAC 2024 06 29 03 10 30.000000 2   9.709535259139E-12  1.077531943880E-12
AR GRAC 2024 06 29 03 10 40.000000 2   1.363087333978E-11  2.032213113068E-11
AR GRAC 2024 06 29 03 10 50.000000 2   8.692678521438E-12  1.622672482493E-11
AR GRAC 2024 06 29 03 11  0.000000 2   7.951425975983E-12  1.121321243323E-12
AR GRAC 2024 06 29 03 11 10.000000 2   9.406986474503E-12  1.329591471644E-11
AR GRAC 2024 06 29 03 11 20.000000 2   1.040800171742E-11 -4.829492708525E-12
AR GRAC 2024 06 29 03 11 30.000000 2   7.519395696376E-12  1.166509857459E-11
AR GRAC 2024 06 29 03 11 40.000000 2   1.102559970406E-11  1.612968786313E-11
AR GRAC 2024 06 29 03 11 50.000000 2   7.898538594009E-12 -2.075723273820E-12
AR GRAC 2024 06 29 03 12  0.000000 2   5.683461947598E-12  5.458864263397E-12
AR GRAC 2024 06 29 03 12 10.000000 2   6.580460135130E-12  3.963450661421E-12
AR GRAC 2024 06 29 03 12 20.000000 2   8.078154464797E-12  7.618034675305E-12
AR GRAC 2024 06 29 03 12 30.000000 2   6.475379260573E-12  1.939261945472E-11
AR GRAC 2024 06 29 03 12 40.000000 2   5.016110356942E-12  3.887200891034E-12
AR GRAC 2024 06 29 03 12 50.000000 2   7.743849832209E-12  4.621782123682E-12
AR GRAC 2024 06 29 03 13  0.000000 2   5.949845650888E-12  9.856359652061E-12
AR GRAC 2024 06 29 03 13 10.000000 2   9.011268294057E-12  6.710939963461E-12
AR GRAC 2024 06 29 03 13 20.000000 2   5.414906804196E-12  1.585517199303E-12
AR GRAC 2024 06 29 03 13 30.000000 2   6.938316674671E-12  3.020091988992E-12
AR GRAC 2024 06 29 03 13 40.000000 2   4.600500969759E-12  6.184667361575E-12
AR GRAC 2024 06 29 03 13 50.000000 2   6.502759702237E-12  5.309240026785E-12
AR GRAC 2024 06 29 03 14  0.000000 2   5.363810090531E-12  6.433812250323E-12
AR GRAC 2024 06 29 03 14 10.000000 2   5.789523374600E-12  1.776838225165E-11
AR GRAC 2024 06 29 03 14 20.000000 2   4.647754403564E-12 -8.757048038099E-12
AR GRAC 2024 06 29 03 14 30.000000 2   5.001258088222E-12  8.027519621256E-12
AR GRAC 2024 06 29 03 14 40.000000 2   3.914494162843E-12 -3.679128670556E-13
AR GRAC 2024 06 29 03 14 50.000000 2   7.131490710466E-12  1.997665227682E-11
AR GRAC 2024 06 29 03 15  0.000000 2   8.169484511621E-13 -4.858783514416E-12
AR GRAC 2024 06 29 03 15 10.000000 2   5.150209252125E-12 -4.154220804159E-12
AR GRAC 2024 06 29 03 15 20.000000 2   2.022934120563E-12  4.003413269296E-13
AR GRAC 2024 06 29 03 15 30.000000 2   2.915171793197E-12  5.844901385804E-12
AR GRAC 2024 06 29 03 15 40.000000 2   4.103254194754E-13  2.494600663192E-13
AR GRAC 2024 06 29 03 15 50.000000 2   3.645955065634E-12 -8.075981723643E-12
AR GRAC 2024 06 29 03 16  0.000000 2   4.084504436064E-12  7.268573763708E-12
AR GRAC 2024 06 29 03 16 10.000000 2   2.160374960522E-12 -2.452686838350E-11
AR GRAC 2024 06 29 03 16 20.000000 2   1.339671863027E-12  1.351768263297E-11
AR GRAC 2024 06 29 03 16 30.000000 2   1.876671994888E-12  1.397223482746E-11
AR GRAC 2024 06 29 03 16 40.000000 2   7.401403539261E-15 -1.323321313640E-11
AR GRAC 2024 06 29 03 16 50.000000 2   8.888705472620E-14 -1.168866305828E-11
AR GRAC 2024 06 29 03 17  0.000000 2   1.391010570617E-12  5.915886704122E-12
AR GRAC 2024 06 29 03 17 10.000000 2   2.626510771028E-12  2.304043240919E-11
AR GRAC 2024 06 29 03 17 20.000000 2   4.400383703251E-12 -9.285020668992E-12
AR GRAC 2024 06 29 03 17 30.000000 2  -2.125876081074E-12  8.595242031138E-13
AR GRAC 2024 06 29 03 17 40.000000 2   1.564119385226E-12  7.954067959837E-12
AR GRAC 2024 06 29 03 17 50.000000 2   1.284321363452E-13 -4.431389716980E-12
AR GRAC 2024 06 29 03 18  0.000000 2  -1.336333496117E-12 -4.496848639984E-12
AR GRAC 2024 06 29 03 18 10.000000 2  -2.793959074515E-12 -1.045230915708E-11
AR GRAC 2024 06 29 03 18 20.000000 2  -1.091029068305E-12 -3.967770122876E-12
AR GRAC 2024 06 29 03 18 30.000000 2  -2.513570731763E-12 -4.413232800038E-12
AR GRAC 2024 06 29 03 18 40.000000 2  -1.875820245661E-12 -1.826869558408E-11
AR GRAC 2024 06 29 03 18 50.000000 2  -1.485530231812E-12 -4.904162579505E-12
AR GRAC 2024 06 29 03 19  0.000000 2  -1.409825273017E-12 -2.929629195486E-12
AR GRAC 2024 06 29 03 19 10.000000 2  -1.839652562230E-12  2.282490342564E-11
AR GRAC 2024 06 29 03 19 20.000000 2  -2.197154269504E-13 -2.480056611465E-11
AR GRAC 2024 06 29 03 19 30.000000 2  -1.778706630769E-12 -2.096036885724E-12
AR GRAC 2024 06 29 03 19 40.000000 2  -2.965228540139E-12 -1.412150864993E-11
AR GRAC 2024 06 29 03 19 50.000000 2  -3.233811655956E-12 -7.698207441518E-14
AR GRAC 2024 06 29 03 20  0.000000 2  -4.795759709492E-12 -6.202456083459E-12
AR GRAC 2024 06 29 03 20 10.000000 2  -2.172697568734E-12 -1.350793175231E-11
AR GRAC 2024 06 29 03 20 20.000000 2  -3.038758914636E-12  4.576591276090E-12
AR GRAC 2024 06 29 03 20 30.000000 2  -4.064606290433E-12 -1.078888714479E-11
AR GRAC 2024 06 29 03 20 40.000000 2  -4.008240354209E-12 -3.444366970459E-12
AR GRAC 2024 06 29 03 20 50.000000 2  -4.828674352725E-12 -2.559847949932E-12
AR GRAC 2024 06 29 03 21  0.000000 2  -1.408525531453E-12 -1.036533012200E-11
AR GRAC 2024 06 29 03 21 10.000000 2  -8.180610594315E-13 -4.090812757984E-12
AR GRAC 2024 06 29 03 21 20.000000 2  -5.291568832416E-12 -1.089629775297E-11
AR GRAC 2024 06 29 03 21 30.000000 2  -6.179609775281E-12 -9.371783731005E-12
AR GRAC 2024 06 29 03 21 40.000000 2  -2.448648922515E-12 -1.003727136129E-11
AR GRAC 2024 06 29 03 21 50.000000 2  -5.068388850976E-12 -1.831276102982E-11
AR GRAC 2024 06 29 03 22  0.000000 2  -6.554193385938E-12 -1.388248999264E-12
AR GRAC 2024 06 29 03 22 10.000000 2  -4.630531635214E-12 -1.000374175858E-11
AR GRAC 2024 06 29 03 22 20.000000 2  -3.388247148128E-12 -6.089232850587E-12
AR GRAC 2024 06 29 03 22 30.000000 2  -8.586109254138E-12 -2.283472542997E-11
AR GRAC 2024 06 29 03 22 40.000000 2  -4.622188916337E-12 -2.070222031997E-12
AR GRAC 2024 06 29 03 22 50.000000 2  -4.908781714441E-12 -1.317571832887E-11
AR GRAC 2024 06 29 03 23  0.000000 2  -3.950761159194E-12 -4.261215078710E-12
AR GRAC 2024 06 29 03 23 10.000000 2  -6.414261483068E-12 -2.198671106290E-11
AR GRAC 2024 06 29 03 23 20.000000 2  -6.349105269310E-12 -6.712213684174E-12
AR GRAC 2024 06 29 03 23 30.000000 2  -4.166086312735E-12 -1.326771678634E-11
AR GRAC 2024 06 29 03 23 40.000000 2  -9.198372966090E-12 -1.383321842491E-11
AR GRAC 2024 06 29 03 23 50.000000 2  -6.382846941960E-12 -2.058872169974E-11
AR GRAC 2024 06 29 03 24  0.000000 2  -6.208678970249E-12  3.895773027091E-12
AR GRAC 2024 06 29 03 24 10.000000 2  -4.346285050610E-12 -2.250973192564E-11
AR GRAC 2024 06 29 03 24 20.000000 2  -5.782397997922E-12 -3.715241655988E-12
AR GRAC 2024 06 29 03 24 30.000000 2  -6.967713298695E-12 -5.120750611737E-12
AR GRAC 2024 06 29 03 24 40.000000 2  -3.866822660681E-12 -1.564626032902E-11
AR GRAC 2024 06 29 03 24 50.000000 2  -5.813553631551E-12 -1.898177101611E-11
AR GRAC 2024 06 29 03 25  0.000000 2  -8.203439663679E-12 -1.267728630405E-11
AR GRAC 2024 06 29 03 25 10.000000 2  -6.065808445810E-12 -2.374279765849E-11
AR GRAC 2024 06 29 03 25 20.000000 2  -8.486412093889E-12 -1.485831596648E-11
AR GRAC 2024 06 29 03 25 30.000000 2  -8.508969570609E-12 -5.163831601901E-12
AR GRAC 2024 06 29 03 25 40.000000 2  -7.105211818209E-12 -2.072935226249E-11
AR GRAC 2024 06 29 03 25 50.000000 2  -9.445902393601E-12 -4.874870038890E-12
AR GRAC 2024 06 29 03 26  0.000000 2  -6.453971471837E-12 -9.340391307622E-12
AR GRAC 2024 06 29 03 26 10.000000 2  -9.950780650858E-12 -1.411591329936E-11
AR GRAC 2024 06 29 03 26 20.000000 2  -3.986804376216E-12 -2.419143531329E-11
AR GRAC 2024 06 29 03 26 30.000000 2  -9.534492119434E-12 -1.402695928160E-11
AR GRAC 2024 06 29 03 26 40.000000 2  -6.061437376331E-12 -1.637248669972E-11
AR GRAC 2024 06 29 03 26 50.000000 2  -8.575128454535E-12 -1.442801347146E-11
AR GRAC 2024 06 29 03 27  0.000000 2  -8.442555682331E-12 -2.047354126511E-11
AR GRAC 2024 06 29 03 27 10.000000 2  -5.547911956227E-12 -1.551907040376E-11
AR GRAC 2024 06 29 03 27 20.000000 2  -8.585116124948E-12 -6.424601736027E-12
AR GRAC 2024 06 29 03 27 30.000000 2  -5.567029909975E-12 -2.246013271201E-11
AR GRAC 2024 06 29 03 27 40.000000 2  -9.593873438740E-12 -1.589566672733E-11
AR GRAC 2024 06 29 03 27 50.000000 2  -7.772805836470E-12 -1.843120274458E-11
AR GRAC 2024 06 29 03 28  0.000000 2  -7.181189237010E-12 -2.751673888746E-11
AR GRAC 2024 06 29 03 28 10.000000 2  -6.542352163491E-12 -1.105227628168E-11
AR GRAC 2024 06 29 03 28 20.000000 2  -8.453022136423E-12 -1.539781496751E-11
AR GRAC 2024 06 29 03 28 30.000000 2  -7.945209594407E-12 -1.494335558072E-11
AR GRAC 2024 06 29 03 28 40.000000 2  -9.509277046349E-12 -2.423889561287E-11
AR GRAC 2024 06 29 03 28 50.000000 2  -7.827472177369E-12 -1.532443963392E-11
AR GRAC 2024 06 29 03 29  0.000000 2  -6.289620733957E-12 -2.519998272554E-11
AR GRAC 2024 06 29 03 29 10.000000 2  -7.995766375390E-12 -1.225552818951E-11
AR GRAC 2024 06 29 03 29 20.000000 2  -8.110110673309E-12 -2.348107298877E-11
AR GRAC 2024 06 29 03 29 30.000000 2  -1.157752886616E-11 -2.201662116508E-11
AR GRAC 2024 06 29 03 29 40.000000 2  -9.948057135001E-12 -5.492169653093E-12
AR GRAC 2024 06 29 03 29 50.000000 2  -1.066337643185E-11 -2.040772238698E-11
AR GRAC 2024 06 29 03 30  0.000000 2  -5.597806506524E-12 -2.029327227093E-11
AR GRAC 2024 06 29 03 30 10.000000 2  -8.001934184709E-12 -5.268824872923E-12
AR GRAC 2024 06 29 03 30 20.000000 2  -8.036737941808E-12 -3.353438013387E-11
AR GRAC 2024 06 29 03 30 30.000000 2  -9.354634254721E-12 -6.439934089469E-12
AR GRAC 2024 06 29 03 30 40.000000 2  -1.065130796063E-11 -2.042549115955E-11
AR GRAC 2024 06 29 03 30 50.000000 2  -5.639813702857E-12 -1.204104871366E-11
AR GRAC 2024 06 29 03 31  0.000000 2  -1.185646979901E-11 -3.276660887064E-11
AR GRAC 2024 06 29 03 31 10.000000 2  -9.051160862472E-12 -1.862169056108E-12
AR GRAC 2024 06 29 03 31 20.000000 2  -1.184057105835E-11 -2.836773177473E-11
AR GRAC 2024 06 29 03 31 30.000000 2  -8.711788235249E-12 -2.657329391254E-11
AR GRAC 2024 06 29 03 31 40.000000 2  -7.926924741608E-12 -2.480885635814E-11
AR GRAC 2024 06 29 03 31 50.000000 2  -9.341805974616E-12 -1.267442401032E-11
AR GRAC 2024 06 29 03 32  0.000000 2  -9.465168232525E-12 -2.011999074292E-11
AR GRAC 2024 06 29 03 32 10.000000 2  -9.886260213254E-12 -1.403555917323E-11
AR GRAC 2024 06 29 03 32 20.000000 2  -5.843750396778E-12 -3.147112778712E-11
AR GRAC 2024 06 29 03 32 30.000000 2  -1.120031237895E-11 -2.527669913654E-11
AR GRAC 2024 06 29 03 32 40.000000 2  -5.846120029046E-12 -1.893226894700E-11
AR GRAC 2024 06 29 03 32 50.000000 2  -1.275300091225E-11 -2.313784407126E-11
AR GRAC 2024 06 29 03 33  0.000000 2  -1.034884417744E-11 -2.249341858607E-11
AR GRAC 2024 06 29 03 33 10.000000 2  -5.285340307776E-12 -2.742899657404E-11
AR GRAC 2024 06 29 03 33 20.000000 2  -1.230860899315E-11 -1.243457160155E-11
AR GRAC 2024 06 29 03 33 30.000000 2  -3.854976667744E-12 -8.610151654154E-12
AR GRAC 2024 06 29 03 33 40.000000 2  -7.759400760809E-12 -1.594573258157E-11
AR GRAC 2024 06 29 03 33 50.000000 2  -7.631443220413E-12 -3.111131144373E-11
AR GRAC 2024 06 29 03 34  0.000000 2  -7.769193274831E-12 -2.244689503716E-11
AR GRAC 2024 06 29 03 34 10.000000 2  -9.575304091292E-12 -2.852247951712E-11
AR GRAC 2024 06 29 03 34 20.000000 2  -7.136973304012E-12  1.001936814765E-12
AR GRAC 2024 06 29 03 34 30.000000 2  -1.041924532763E-11 -2.078364737257E-11
AR GRAC 2024 06 29 03 34 40.000000 2  -1.109182450748E-11 -2.119923681043E-11
AR GRAC 2024 06 29 03 34 50.000000 2  -1.024834817703E-11 -1.028482507492E-11
AR GRAC 2024 06 29 03 35  0.000000 2  -8.375251013548E-12 -2.621041404749E-11
AR GRAC 2024 06 29 03 35 10.000000 2  -8.771407211672E-12 -1.771600748046E-11
AR GRAC 2024 06 29 03 35 20.000000 2  -9.624789680529E-12 -1.502159854838E-11
AR GRAC 2024 06 29 03 35 30.000000 2  -7.259070948507E-12 -2.556719246039E-11
AR GRAC 2024 06 29 03 35 40.000000 2  -7.976788500563E-12 -2.182278836804E-11
AR GRAC 2024 06 29 03 35 50.000000 2  -7.159676931184E-12 -2.013838575066E-11
AR GRAC 2024 06 29 03 36  0.000000 2  -7.878202430700E-12 -8.443983359752E-12
AR GRAC 2024 06 29 03 36 10.000000 2  -8.712519421195E-12 -1.064958191077E-11
AR GRAC 2024 06 29 03 36 20.000000 2  -4.655414508753E-12 -1.532518209557E-11
AR GRAC 2024 06 29 03 36 30.000000 2  -1.025785619641E-11 -2.655078414071E-11
AR GRAC 2024 06 29 03 36 40.000000 2  -8.690053017457E-12 -1.761638751541E-11
AR GRAC 2024 06 29 03 36 50.000000 2  -8.633387407753E-12 -1.500199096893E-11
AR GRAC 2024 06 29 03 37  0.000000 2  -8.363267543776E-12 -3.042759794125E-11
AR GRAC 2024 06 29 03 37 10.000000 2  -1.104632704751E-11 -1.000320312694E-11
AR GRAC 2024 06 29 03 37 20.000000 2  -7.978903995842E-12 -2.717881128489E-11
AR GRAC 2024 06 29 03 37 30.000000 2  -6.679707134638E-12 -9.314420762463E-12
AR GRAC 2024 06 29 03 37 40.000000 2  -7.473347461706E-12 -3.091003147881E-11
AR GRAC 2024 06 29 03 37 50.000000 2  -6.876024055691E-12 -9.755643341769E-12
AR GRAC 2024 06 29 03 38  0.000000 2  -6.826907095192E-12 -1.986125673648E-11
AR GRAC 2024 06 29 03 38 10.000000 2  -7.954146022393E-12 -1.439687084825E-11
AR GRAC 2024 06 29 03 38 20.000000 2  -9.413561943838E-12 -2.910248778076E-11
AR GRAC 2024 06 29 03 38 30.000000 2  -4.758258023707E-12 -1.651810459247E-11
AR GRAC 2024 06 29 03 38 40.000000 2  -8.836311023164E-12 -1.954372080837E-11
AR GRAC 2024 06 29 03 38 50.000000 2  -8.591944863912E-12 -3.285934024877E-11
AR GRAC 2024 06 29 03 39  0.000000 2  -8.025219377927E-12 -1.864496057546E-11
AR GRAC 2024 06 29 03 39 10.000000 2  -1.065797450295E-11 -9.990585615738E-12
AR GRAC 2024 06 29 03 39 20.000000 2  -5.881641094302E-12 -1.211620907771E-11
AR GRAC 2024 06 29 03 39 30.000000 2  -8.432282649906E-12 -6.311833000705E-12
AR GRAC 2024 06 29 03 39 40.000000 2  -3.152094254014E-12 -1.745745908943E-11
AR GRAC 2024 06 29 03 39 50.000000 2  -7.950087636821E-12 -2.177308680573E-11
AR GRAC 2024 06 29 03 40  0.000000 2  -4.579094048385E-12 -1.419871512032E-11
AR GRAC 2024 06 29 03 40 10.000000 2  -9.915162441088E-12 -1.923434501949E-11
AR GRAC 2024 06 29 03 40 20.000000 2  -3.251597992596E-12 -2.430997764202E-11
AR GRAC 2024 06 29 03 40 30.000000 2  -5.618147440323E-12 -6.725608785174E-12
AR GRAC 2024 06 29 03 40 40.000000 2  -7.045466206973E-12 -8.731243159033E-12
AR GRAC 2024 06 29 03 40 50.000000 2  -7.264496296178E-12 -1.809687816268E-11
AR GRAC 2024 06 29 03 41  0.000000 2  -6.226020567157E-12 -1.576251455748E-11
AR GRAC 2024 06 29 03 41 10.000000 2  -8.674576681966E-12 -1.316815233243E-11
AR GRAC 2024 06 29 03 41 20.000000 2  -1.340240093385E-12 -1.805379110098E-11
AR GRAC 2024 06 29 03 41 30.000000 2  -9.825197079538E-12 -3.759430700773E-12
AR GRAC 2024 06 29 03 41 40.000000 2  -8.996387836080E-12 -1.031507258081E-11
AR GRAC 2024 06 29 03 41 50.000000 2  -4.572909325512E-12 -1.380071577850E-11
AR GRAC 2024 06 29 03 42  0.000000 2  -7.060431232719E-12 -1.146635911220E-11
AR GRAC 2024 06 29 03 42 10.000000 2  -7.414249769688E-12 -1.336200507879E-11
AR GRAC 2024 06 29 03 42 20.000000 2  -5.604162967021E-12 -3.049764954466E-11
AR GRAC 2024 06 29 03 42 30.000000 2  -7.595130253890E-12 -4.863298565944E-12
AR GRAC 2024 06 29 03 42 40.000000 2  -6.542398567344E-12 -1.211894820607E-11
AR GRAC 2024 06 29 03 42 50.000000 2  -5.778433287418E-12 -4.804598992963E-12
AR GRAC 2024 06 29 03 43  0.000000 2  -6.252858040373E-12 -2.712025048979E-11
AR GRAC 2024 06 29 03 43 10.000000 2  -6.396306661410E-12  1.696409505925E-11
AR GRAC 2024 06 29 03 43 20.000000 2  -3.520645797464E-12 -2.402155904746E-11
AR GRAC 2024 06 29 03 43 30.000000 2  -5.690375688011E-12 -1.445721407173E-11
AR GRAC 2024 06 29 03 43 40.000000 2  -8.955171673652E-12 -5.522870789171E-12
AR GRAC 2024 06 29 03 43 50.000000 2  -5.639749518088E-12 -3.418528914806E-12
AR GRAC 2024 06 29 03 44  0.000000 2  -4.920681483805E-12 -8.341880788562E-13
AR GRAC 2024 06 29 03 44 10.000000 2  -8.220511077406E-12 -1.706984900651E-11
AR GRAC 2024 06 29 03 44 20.000000 2  -2.464825218929E-12 -5.205510501816E-12
AR GRAC 2024 06 29 03 44 30.000000 2  -6.344638356359E-12 -9.771175188411E-12
AR GRAC 2024 06 29 03 44 40.000000 2  -2.912822110249E-12  4.693161224228E-12
AR GRAC 2024 06 29 03 44 50.000000 2  -3.581983668011E-12 -1.479250402725E-11
AR GRAC 2024 06 29 03 45  0.000000 2  -5.938632832020E-12 -1.794817246215E-11
AR GRAC 2024 06 29 03 45 10.000000 2  -2.861496629925E-12 -1.205384143194E-11
AR GRAC 2024 06 29 03 45 20.000000 2  -5.285339006733E-12 -1.452951127467E-11
AR GRAC 2024 06 29 03 45 30.000000 2  -5.770088400137E-12  1.174817946918E-12
AR GRAC 2024 06 29 03 45 40.000000 2  -4.152365517401E-12 -1.522085409100E-11
AR GRAC 2024 06 29 03 45 50.000000 2  -4.815343870174E-12  5.613472360555E-12
AR GRAC 2024 06 29 03 46  0.000000 2  -7.021904759041E-12 -1.985220147993E-11
AR GRAC 2024 06 29 03 46 10.000000 2  -4.169975996449E-12 -1.367879008847E-12
AR GRAC 2024 06 29 03 46 20.000000 2  -5.917594973065E-12 -1.281355577198E-11
AR GRAC 2024 06 29 03 46 30.000000 2  -3.040641523289E-12  1.520765067695E-12
AR GRAC 2024 06 29 03 46 40.000000 2  -4.065696997818E-12 -9.724915317477E-12
AR GRAC 2024 06 29 03 46 50.000000 2  -2.539046663891E-12 -2.050595804270E-12
AR GRAC 2024 06 29 03 47  0.000000 2  -2.528958487936E-13 -1.141627938017E-11
AR GRAC 2024 06 29 03 47 10.000000 2  -5.526099109560E-12 -1.129196302435E-11
AR GRAC 2024 06 29 03 47 20.000000 2  -2.044276857169E-12 -3.507647948139E-12
AR GRAC 2024 06 29 03 47 30.000000 2  -4.369395470438E-12  2.006664799603E-12
AR GRAC 2024 06 29 03 47 40.000000 2  -1.189135703968E-12  1.273097859772E-11
AR GRAC 2024 06 29 03 47 50.000000 2  -2.278581403420E-12 -1.213471163830E-11
AR GRAC 2024 06 29 03 48  0.000000 2  -4.903826043151E-12 -1.150401822414E-12
AR GRAC 2024 06 29 03 48 10.000000 2  -1.874566691110E-12  8.743906640407E-12
AR GRAC 2024 06 29 03 48 20.000000 2  -4.273780548208E-12  8.982135781682E-13
AR GRAC 2024 06 29 03 48 30.000000 2  -5.537367439579E-12 -5.107479977146E-12
AR GRAC 2024 06 29 03 48 40.000000 2  -1.073149923959E-12  8.516823531146E-12
AR GRAC 2024 06 29 03 48 50.000000 2  -2.852386729590E-12  3.911269095061E-13
AR GRAC 2024 06 29 03 49  0.000000 2  -4.962661791924E-12  8.045428906422E-12
AR GRAC 2024 06 29 03 49 10.000000 2  -1.585395768659E-12  6.569729569389E-12
AR GRAC 2024 06 29 03 49 20.000000 2   3.750870870411E-13 -5.359707361090E-13
AR GRAC 2024 06 29 03 49 30.000000 2   9.268178672445E-13  8.888326706591E-12
AR GRAC 2024 06 29 03 49 40.000000 2  -3.802564600003E-12  5.292624411651E-12
AR GRAC 2024 06 29 03 49 50.000000 2  -2.953224470525E-12  7.916919723960E-12
