 2.00 C RINEX VERSION / TYPE
 10.00 INTERVAL
 1 AR # / TYPES OF DATA
 END OF HEADER
AR GRAC 2024 06 17 01 50  0.000000 2   3.238683279894E-11  4.287445051765E-11
AR GRAC 2024 06 17 01 50 10.000000 2   3.498127135182E-11  1.957256752505E-11
AR GRAC 2024 06 17 01 50 20.000000 2   3.323020678070E-11  2.537068471975E-11
AR GRAC 2024 06 17 01 50 30.000000 2   3.409508786412E-11  4.121879920715E-11
AR GRAC 2024 06 17 01 50 40.000000 2   3.769435805157E-11  3.087690866876E-11
AR GRAC 2024 06 17 01 50 50.000000 2   3.720597094303E-11  3.824501826344E-11
AR GRAC 2024 06 17 01 51  0.000000 2   3.430061443210E-11  2.598312710822E-11
AR GRAC 2024 06 17 01 51 10.000000 2   3.300108103454E-11  2.854123187790E-11
AR GRAC 2024 06 17 01 51 20.000000 2   2.790355273230E-11  3.648933238898E-11
AR GRAC 2024 06 17 01 51 30.000000 2   3.326026953854E-11  4.395743491425E-11
AR GRAC 2024 06 17 01 51 40.000000 2   3.260226463797E-11  2.486553324355E-11
AR GRAC 2024 06 17 01 51 50.000000 2   3.226419478808E-11  3.524363093033E-11
AR GRAC 2024 06 17 01 52  0.000000 2   3.216706415121E-11  3.382172666933E-11
AR GRAC 2024 06 17 01 52 10.000000 2   2.639848582786E-11  2.536981735801E-11
AR GRAC 2024 06 17 01 52 20.000000 2   2.963514503240E-11  2.846790858602E-11
AR GRAC 2024 06 17 01 52 30.000000 2   3.465947667758E-11  3.035599202561E-11
AR GRAC 2024 06 17 01 52 40.000000 2   3.496174183493E-11  3.819407984329E-11
AR GRAC 2024 06 17 01 52 50.000000 2   3.256316397082E-11  2.717216208981E-11
AR GRAC 2024 06 17 01 53  0.000000 2   2.570601717600E-11  3.008024385132E-11
AR GRAC 2024 06 17 01 53 10.000000 2   2.954143873968E-11  3.037832138619E-11
AR GRAC 2024 06 17 01 53 20.000000 2   3.402009229880E-11  3.170639792383E-11
AR GRAC 2024 06 17 01 53 30.000000 2   2.898714601685E-11  2.649447675140E-11
AR GRAC 2024 06 17 01 53 40.000000 2   3.173289409020E-11  3.688254909817E-11
AR GRAC 2024 06 17 01 53 50.000000 2   3.025476397189E-11  2.134061850845E-11
AR GRAC 2024 06 17 01 54  0.000000 2   2.909226505532E-11  3.266868373042E-11
AR GRAC 2024 06 17 01 54 10.000000 2   2.382486569141E-11  3.183675198470E-11
AR GRAC 2024 06 17 01 54 20.000000 2   2.929926093409E-11  2.435481677443E-11
AR GRAC 2024 06 17 01 54 30.000000 2   2.864551477966E-11  3.316287869315E-11
AR GRAC 2024 06 17 01 54 40.000000 2   3.182246480216E-11  2.181093847198E-11
AR GRAC 2024 06 17 01 54 50.000000 2   2.385678807282E-11  4.963899430388E-11
AR GRAC 2024 06 17 01 55  0.000000 2   2.929852888078E-11  2.114705285883E-11
AR GRAC 2024 06 17 01 55 10.000000 2   2.827497784519E-11  3.386510169512E-11
AR GRAC 2024 06 17 01 55 20.000000 2   2.569590200341E-11  3.204315632277E-11
AR GRAC 2024 06 17 01 55 30.000000 2   2.699376312754E-11  2.935120549385E-11
AR GRAC 2024 06 17 01 55 40.000000 2   2.775050328419E-11  3.657925004563E-11
AR GRAC 2024 06 17 01 55 50.000000 2   3.107371304711E-11  2.309729664474E-11
AR GRAC 2024 06 17 01 56  0.000000 2   2.449870688259E-11  3.501533785144E-11
AR GRAC 2024 06 17 01 56 10.000000 2   2.665232444465E-11  2.754337730115E-11
AR GRAC 2024 06 17 01 56 20.000000 2   2.261275021398E-11  3.862141856326E-11
AR GRAC 2024 06 17 01 56 30.000000 2   2.815290361946E-11  2.791945320768E-11
AR GRAC 2024 06 17 01 56 40.000000 2   2.525820178012E-11  5.035748554261E-11
AR GRAC 2024 06 17 01 56 50.000000 2   2.781224035797E-11  1.719551931401E-11
AR GRAC 2024 06 17 01 57  0.000000 2   2.393746138807E-11  2.609354919636E-11
AR GRAC 2024 06 17 01 57 10.000000 2   2.614299922377E-11  2.637157506258E-11
AR GRAC 2024 06 17 01 57 20.000000 2   2.155193905284E-11  4.221960281381E-11
AR GRAC 2024 06 17 01 57 30.000000 2   2.711125247912E-11  1.742762358037E-11
AR GRAC 2024 06 17 01 57 40.000000 2   2.611332157454E-11  4.792564262113E-11
AR GRAC 2024 06 17 01 57 50.000000 2   2.331240409048E-11  2.914366317719E-11
AR GRAC 2024 06 17 01 58  0.000000 2   2.155202231957E-11  2.070167995361E-11
AR GRAC 2024 06 17 01 58 10.000000 2   1.857771922409E-11  2.614969352166E-11
AR GRAC 2024 06 17 01 58 20.000000 2   2.321759971780E-11  3.247770455350E-11
AR GRAC 2024 06 17 01 58 30.000000 2   2.326753893722E-11  5.161571864365E-11
AR GRAC 2024 06 17 01 58 40.000000 2   2.188842510020E-11  3.913372403908E-11
AR GRAC 2024 06 17 01 58 50.000000 2   1.973965435553E-11  2.103173017687E-11
AR GRAC 2024 06 17 01 59  0.000000 2   1.840818643351E-11  2.856973164989E-11
AR GRAC 2024 06 17 01 59 10.000000 2   2.287519479394E-11  3.990773683737E-11
AR GRAC 2024 06 17 01 59 20.000000 2   1.775080429867E-11  2.696573520033E-11
AR GRAC 2024 06 17 01 59 30.000000 2   1.773305634278E-11  2.815373108256E-11
AR GRAC 2024 06 17 01 59 40.000000 2   1.962036609571E-11  3.520172695004E-11
AR GRAC 2024 06 17 01 59 50.000000 2   1.641962087129E-11  3.823972041794E-11
AR GRAC 2024 06 17 02 00  0.000000 2   1.575324939940E-11  3.466770967520E-11
AR GRAC 2024 06 17 02 00 10.000000 2   2.114672846554E-11  3.018569769142E-11
AR GRAC 2024 06 17 02 00 20.000000 2   1.420004565322E-11  3.123368577662E-11
AR GRAC 2024 06 17 02 00 30.000000 2   1.426037673363E-11  2.471167021012E-11
AR GRAC 2024 06 17 02 00 40.000000 2   1.512083860900E-11  3.037965018438E-11
AR GRAC 2024 06 17 02 00 50.000000 2   1.428410514870E-11  4.156763128149E-11
AR GRAC 2024 06 17 02 01  0.000000 2   1.499931429061E-11  4.207561035696E-11
AR GRAC 2024 06 17 02 01 10.000000 2   1.319795488175E-11  2.358358473786E-11
AR GRAC 2024 06 17 02 01 20.000000 2   1.875064339907E-11  2.259155709727E-11
AR GRAC 2024 06 17 02 01 30.000000 2   1.150781553383E-11  3.831952810618E-11
AR GRAC 2024 06 17 02 01 40.000000 2   1.224645645309E-11  4.580750015415E-11
AR GRAC 2024 06 17 02 01 50.000000 2   1.557580280032E-11  1.450546627257E-11
AR GRAC 2024 06 17 02 02  0.000000 2   9.402725993646E-12  3.068343149004E-11
AR GRAC 2024 06 17 02 02 10.000000 2   1.013460409344E-11  3.682138968730E-11
AR GRAC 2024 06 17 02 02 20.000000 2   9.553730202783E-12  3.084935432107E-11
AR GRAC 2024 06 17 02 02 30.000000 2   1.263679352131E-11  3.720731361900E-11
AR GRAC 2024 06 17 02 02 40.000000 2   8.537590773239E-12  1.258526789727E-11
AR GRAC 2024 06 17 02 02 50.000000 2   5.999995639216E-12  3.418322222504E-11
AR GRAC 2024 06 17 02 03  0.000000 2   9.116031714218E-12  3.770117551483E-11
AR GRAC 2024 06 17 02 03 10.000000 2   9.127407163412E-12  2.110912313003E-11
AR GRAC 2024 06 17 02 03 20.000000 2   1.121457267328E-11  2.383706947107E-11
AR GRAC 2024 06 17 02 03 30.000000 2   8.029637718621E-12  3.481501545388E-11
AR GRAC 2024 06 17 02 03 40.000000 2   8.612255873730E-12  3.336295822942E-11
AR GRAC 2024 06 17 02 03 50.000000 2   8.282833620366E-12  3.444090151961E-11
AR GRAC 2024 06 17 02 04  0.000000 2   7.577750926746E-12  1.619883914505E-11
AR GRAC 2024 06 17 02 04 10.000000 2   2.217839627228E-12  3.921677566021E-11
AR GRAC 2024 06 17 02 04 20.000000 2   9.035529269230E-12  2.093471056230E-11
AR GRAC 2024 06 17 02 04 30.000000 2   3.115723391095E-12  4.267264319679E-11
AR GRAC 2024 06 17 02 04 40.000000 2   4.866683445126E-12  1.510057356935E-11
AR GRAC 2024 06 17 02 04 50.000000 2   4.739234178708E-12  4.514849952231E-11
AR GRAC 2024 06 17 02 05  0.000000 2   1.427528749506E-13  3.356642741537E-11
AR GRAC 2024 06 17 02 05 10.000000 2   6.549927267230E-12  1.933435182788E-11
AR GRAC 2024 06 17 02 05 20.000000 2   1.634749518913E-12  1.925227165189E-11
AR GRAC 2024 06 17 02 05 30.000000 2   3.254683631979E-12  3.093019243505E-11
AR GRAC 2024 06 17 02 05 40.000000 2   4.811750824174E-12  2.486810930791E-11
AR GRAC 2024 06 17 02 05 50.000000 2   3.266798290213E-12  2.035602415795E-11
AR GRAC 2024 06 17 02 06  0.000000 2  -7.856987629951E-13  3.750393745561E-11
AR GRAC 2024 06 17 02 06 10.000000 2   5.576354048659E-12  2.451184914765E-11
AR GRAC 2024 06 17 02 06 20.000000 2  -6.907843979991E-13  2.737975991762E-11
AR GRAC 2024 06 17 02 06 30.000000 2   5.673896140250E-13  2.653766442706E-11
AR GRAC 2024 06 17 02 06 40.000000 2   2.953427162122E-13  2.793557052350E-11
AR GRAC 2024 06 17 02 06 50.000000 2  -1.174143356326E-12  2.954347183559E-11
AR GRAC 2024 06 17 02 07  0.000000 2   3.784915089677E-12  2.304137089459E-11
AR GRAC 2024 06 17 02 07 10.000000 2  -4.185312253019E-12  2.108926921984E-11
AR GRAC 2024 06 17 02 07 20.000000 2   3.568763340400E-12  3.324716543740E-11
AR GRAC 2024 06 17 02 07 30.000000 2  -4.101333422185E-12  1.940505742204E-11
AR GRAC 2024 06 17 02 07 40.000000 2   2.431487303167E-12  3.756294927881E-11
AR GRAC 2024 06 17 02 07 50.000000 2  -3.199708510301E-12  3.997083913854E-11
AR GRAC 2024 06 17 02 08  0.000000 2  -3.273582143207E-12  1.913872532677E-11
AR GRAC 2024 06 17 02 08 10.000000 2  -1.577810365000E-12  1.737661056711E-11
AR GRAC 2024 06 17 02 08 20.000000 2  -9.078227752868E-12  1.912449365538E-11
AR GRAC 2024 06 17 02 08 30.000000 2  -9.011358499678E-12  3.656237465566E-11
AR GRAC 2024 06 17 02 08 40.000000 2   4.081124815262E-13  1.011025204528E-11
AR GRAC 2024 06 17 02 08 50.000000 2  -8.273695097094E-12  2.217812739014E-11
AR GRAC 2024 06 17 02 09  0.000000 2  -8.791288010068E-12  3.564600351003E-11
AR GRAC 2024 06 17 02 09 10.000000 2  -8.436806808731E-12  3.234387757622E-11
AR GRAC 2024 06 17 02 09 20.000000 2  -2.781193894977E-12  4.125174160596E-11
AR GRAC 2024 06 17 02 09 30.000000 2  -7.575941610161E-12  8.619611968630E-12
AR GRAC 2024 06 17 02 09 40.000000 2  -6.751107485548E-12  9.087479900527E-12
AR GRAC 2024 06 17 02 09 50.000000 2  -8.410312377083E-12  3.266534265300E-11
AR GRAC 2024 06 17 02 10  0.000000 2  -1.098600030391E-11  3.005320298177E-11
AR GRAC 2024 06 17 02 10 10.000000 2  -8.046298002884E-12  3.016106114861E-11
AR GRAC 2024 06 17 02 10 20.000000 2  -1.140527689653E-11  5.738919756082E-12
AR GRAC 2024 06 17 02 10 30.000000 2  -8.184498218045E-12  1.370677356338E-11
AR GRAC 2024 06 17 02 10 40.000000 2  -1.308233382735E-11  2.043462794810E-11
AR GRAC 2024 06 17 02 10 50.000000 2  -1.082782735001E-11  1.356247666257E-11
AR GRAC 2024 06 17 02 11  0.000000 2  -1.324304207961E-11  4.616032209248E-11
AR GRAC 2024 06 17 02 11 10.000000 2  -8.244661897638E-12  1.173817206629E-11
AR GRAC 2024 06 17 02 11 20.000000 2  -1.476623684438E-11  2.408601443293E-11
AR GRAC 2024 06 17 02 11 30.000000 2  -1.408261788433E-11  2.336385598878E-11
AR GRAC 2024 06 17 02 11 40.000000 2  -9.234691136784E-12  1.809169654365E-11
AR GRAC 2024 06 17 02 11 50.000000 2  -1.725335846414E-11  2.326953386922E-11
AR GRAC 2024 06 17 02 12  0.000000 2  -1.160608675138E-11  1.630737038461E-11
AR GRAC 2024 06 17 02 12 10.000000 2  -1.455277391649E-11  3.196520131921E-11
AR GRAC 2024 06 17 02 12 20.000000 2  -1.355545536930E-11  1.049303265804E-11
AR GRAC 2024 06 17 02 12 30.000000 2  -1.463134127744E-11  1.673086322262E-11
AR GRAC 2024 06 17 02 12 40.000000 2  -1.443437556981E-11  3.128869038860E-11
AR GRAC 2024 06 17 02 12 50.000000 2  -1.903238504297E-11  4.386513288018E-12
AR GRAC 2024 06 17 02 13  0.000000 2  -1.708691174662E-11  2.020433646777E-11
AR GRAC 2024 06 17 02 13 10.000000 2  -2.104069869724E-11  3.022215463999E-11
AR GRAC 2024 06 17 02 13 20.000000 2  -1.598280362225E-11  2.186997458131E-11
AR GRAC 2024 06 17 02 13 30.000000 2  -1.591828925618E-11  2.087789576638E-12
AR GRAC 2024 06 17 02 13 40.000000 2  -1.807997848657E-11  2.509560441399E-11
AR GRAC 2024 06 17 02 13 50.000000 2  -1.955525325004E-11  2.062341616926E-11
AR GRAC 2024 06 17 02 14  0.000000 2  -1.862024076593E-11  1.439122519070E-11
AR GRAC 2024 06 17 02 14 10.000000 2  -1.863127707669E-11  1.305903215426E-11
AR GRAC 2024 06 17 02 14 20.000000 2  -1.696400832307E-11  1.354683726307E-11
AR GRAC 2024 06 17 02 14 30.000000 2  -2.050016580102E-11  1.473464232571E-11
AR GRAC 2024 06 17 02 14 40.000000 2  -1.803031855763E-11  2.805244231352E-11
AR GRAC 2024 06 17 02 14 50.000000 2  -1.824981658849E-11  2.238024002232E-11
AR GRAC 2024 06 17 02 15  0.000000 2  -2.471728204057E-11  1.178803582524E-11
AR GRAC 2024 06 17 02 15 10.000000 2  -2.077140369428E-11  1.345583106743E-11
AR GRAC 2024 06 17 02 15 20.000000 2  -2.593598599776E-11  1.796362190942E-11
AR GRAC 2024 06 17 02 15 30.000000 2  -2.148012150094E-11  2.519141319157E-11
AR GRAC 2024 06 17 02 15 40.000000 2  -2.327453334228E-11  1.904919971762E-11
AR GRAC 2024 06 17 02 15 50.000000 2  -1.795700393936E-11  1.682698598515E-11
AR GRAC 2024 06 17 02 16  0.000000 2  -2.720381211962E-11  1.426476992084E-11
AR GRAC 2024 06 17 02 16 10.000000 2  -2.889227919411E-11 -5.627448160239E-12
AR GRAC 2024 06 17 02 16 20.000000 2  -2.355624549588E-11 -1.091966968236E-11
AR GRAC 2024 06 17 02 16 30.000000 2  -2.131613115186E-11  3.686810925996E-11
AR GRAC 2024 06 17 02 16 40.000000 2  -2.728845968636E-11  1.493588239199E-11
AR GRAC 2024 06 17 02 16 50.000000 2  -2.519848912863E-11  1.233365579806E-11
AR GRAC 2024 06 17 02 17  0.000000 2  -2.845089962233E-11  1.651142417236E-11
AR GRAC 2024 06 17 02 17 10.000000 2  -2.249116344555E-11  5.099194504143E-12
AR GRAC 2024 06 17 02 17 20.000000 2  -2.589365180605E-11  1.945696034844E-11
AR GRAC 2024 06 17 02 17 30.000000 2  -2.685909654410E-11  4.704724890919E-12
AR GRAC 2024 06 17 02 17 40.000000 2  -2.513728288023E-11  1.428248665170E-11
AR GRAC 2024 06 17 02 17 50.000000 2  -3.089194178241E-11  1.481024677896E-11
AR GRAC 2024 06 17 02 18  0.000000 2  -2.982539909491E-11 -5.801996036392E-12
AR GRAC 2024 06 17 02 18 10.000000 2  -2.954197303451E-11  6.965760433741E-12
AR GRAC 2024 06 17 02 18 20.000000 2  -2.839310384029E-11  2.383513308599E-12
AR GRAC 2024 06 17 02 18 30.000000 2  -2.590225256505E-11  1.420126516383E-11
AR GRAC 2024 06 17 02 18 40.000000 2  -2.469234886004E-11  1.614901441738E-11
AR GRAC 2024 06 17 02 18 50.000000 2  -2.954017933043E-11  1.716760956484E-12
AR GRAC 2024 06 17 02 19  0.000000 2  -2.146067351605E-11  8.614504075355E-12
AR GRAC 2024 06 17 02 19 10.000000 2  -3.020750663496E-11  3.032248714271E-12
AR GRAC 2024 06 17 02 19 20.000000 2  -3.373846341193E-11  1.285998824790E-11
AR GRAC 2024 06 17 02 19 30.000000 2  -2.461672185539E-11  8.127727657570E-12
AR GRAC 2024 06 17 02 19 40.000000 2  -3.016563734914E-11 -3.994536906110E-12
AR GRAC 2024 06 17 02 19 50.000000 2  -3.031335252257E-11 -2.716802043751E-12
AR GRAC 2024 06 17 02 20  0.000000 2  -3.154446148734E-11  8.480926030896E-12
AR GRAC 2024 06 17 02 20 10.000000 2  -2.863752290860E-11  5.728659300402E-12
AR GRAC 2024 06 17 02 20 20.000000 2  -3.183559318942E-11  4.416386093636E-12
AR GRAC 2024 06 17 02 20 30.000000 2  -2.849587579790E-11 -1.815887717971E-12
AR GRAC 2024 06 17 02 20 40.000000 2  -3.255477137865E-11  4.051831786755E-12
AR GRAC 2024 06 17 02 20 50.000000 2  -2.719439257115E-11 -5.750445692537E-12
AR GRAC 2024 06 17 02 21  0.000000 2  -3.458887343211E-11  1.512727443309E-11
AR GRAC 2024 06 17 02 21 10.000000 2  -3.304118784131E-11 -3.295010531784E-12
AR GRAC 2024 06 17 02 21 20.000000 2  -2.606115150072E-11  4.752705607541E-12
AR GRAC 2024 06 17 02 21 30.000000 2  -3.185391186933E-11 -2.939582605110E-12
AR GRAC 2024 06 17 02 21 40.000000 2  -3.279579385840E-11 -2.540187331312E-11
AR GRAC 2024 06 17 02 21 50.000000 2  -3.212366483929E-11  1.550583446364E-11
AR GRAC 2024 06 17 02 22  0.000000 2  -3.117774441397E-11  1.145354210780E-11
AR GRAC 2024 06 17 02 22 10.000000 2  -2.892280859257E-11 -7.948753634468E-12
AR GRAC 2024 06 17 02 22 20.000000 2  -2.774203956835E-11 -9.261052862086E-12
AR GRAC 2024 06 17 02 22 30.000000 2  -3.126716593971E-11 -9.133550036081E-13
AR GRAC 2024 06 17 02 22 40.000000 2  -3.239689419510E-11 -1.424565847230E-11
AR GRAC 2024 06 17 02 22 50.000000 2  -3.630333186844E-11  1.972037984299E-12
AR GRAC 2024 06 17 02 23  0.000000 2  -3.220201189036E-11  3.629730847485E-12
AR GRAC 2024 06 17 02 23 10.000000 2  -3.494000921922E-11  1.457419905246E-12
AR GRAC 2024 06 17 02 23 20.000000 2  -3.058683861745E-11 -1.944887827177E-12
AR GRAC 2024 06 17 02 23 30.000000 2  -3.569068651732E-11 -4.097201310865E-12
AR GRAC 2024 06 17 02 23 40.000000 2  -3.083856781050E-11  1.032048144861E-11
AR GRAC 2024 06 17 02 23 50.000000 2  -3.706022641548E-11 -1.567183535722E-11
AR GRAC 2024 06 17 02 24  0.000000 2  -2.785817930506E-11 -2.894157353009E-12
AR GRAC 2024 06 17 02 24 10.000000 2  -3.285567998224E-11  8.223520822637E-12
AR GRAC 2024 06 17 02 24 20.000000 2  -3.165624012924E-11 -1.488880199685E-11
AR GRAC 2024 06 17 02 24 30.000000 2  -3.094719966401E-11 -8.181129385054E-12
AR GRAC 2024 06 17 02 24 40.000000 2  -3.304861592723E-11 -1.873459937532E-12
AR GRAC 2024 06 17 02 24 50.000000 2  -3.380676294462E-11 -1.385578891205E-11
AR GRAC 2024 06 17 02 25  0.000000 2  -3.748456059438E-11  9.651878254968E-12
AR GRAC 2024 06 17 02 25 10.000000 2  -3.085915203926E-11 -2.970457213536E-12
AR GRAC 2024 06 17 02 25 20.000000 2  -3.355033958985E-11 -5.492794587225E-12
AR GRAC 2024 06 17 02 25 30.000000 2  -3.540143178604E-11 -1.123513521800E-11
AR GRAC 2024 06 17 02 25 40.000000 2  -3.366135495342E-11 -2.267473969003E-12
AR GRAC 2024 06 17 02 25 50.000000 2  -3.536660200809E-11 -6.959818572155E-12
AR GRAC 2024 06 17 02 26  0.000000 2  -3.406203791245E-11 -1.422164469522E-12
AR GRAC 2024 06 17 02 26 10.000000 2  -3.430193976084E-11 -4.414511724921E-12
AR GRAC 2024 06 17 02 26 20.000000 2  -3.698608433411E-11 -2.230686468874E-11
AR GRAC 2024 06 17 02 26 30.000000 2  -3.385189351057E-11 -3.359215032875E-12
AR GRAC 2024 06 17 02 26 40.000000 2  -3.000507134421E-11 -2.961569791488E-12
AR GRAC 2024 06 17 02 26 50.000000 2  -3.274428297950E-11 -4.323926633409E-12
AR GRAC 2024 06 17 02 27  0.000000 2  -3.749857369062E-11 -1.075628648650E-11
AR GRAC 2024 06 17 02 27 10.000000 2  -2.953261940553E-11 -5.848645786427E-12
AR GRAC 2024 06 17 02 27 20.000000 2  -3.990407657084E-11 -4.791009602934E-12
AR GRAC 2024 06 17 02 27 30.000000 2  -3.550771135452E-11 -1.343337507204E-11
AR GRAC 2024 06 17 02 27 40.000000 2  -3.662097014523E-11 -2.021574574407E-11
AR GRAC 2024 06 17 02 27 50.000000 2  -3.208778728836E-11 -1.257811216293E-11
AR GRAC 2024 06 17 02 28  0.000000 2  -3.694443362345E-11 -1.626048601322E-11
AR GRAC 2024 06 17 02 28 10.000000 2  -3.222060812602E-11 -8.262859146901E-12
AR GRAC 2024 06 17 02 28 20.000000 2  -3.580342619602E-11 -4.495234479790E-12
AR GRAC 2024 06 17 02 28 30.000000 2  -3.719162477989E-11 -2.576125077147E-13
AR GRAC 2024 06 17 02 28 40.000000 2  -3.441918972058E-11 -1.333999230524E-11
AR GRAC 2024 06 17 02 28 50.000000 2  -3.355731664767E-11 -9.772375617056E-12
AR GRAC 2024 06 17 02 29  0.000000 2  -3.289265040896E-11 -1.496475859897E-11
AR GRAC 2024 06 17 02 29 10.000000 2  -3.829691425095E-11 -1.826714474129E-11
AR GRAC 2024 06 17 02 29 20.000000 2  -3.296438816358E-11 -5.369535111682E-12
AR GRAC 2024 06 17 02 29 30.000000 2  -3.606230591924E-11 -1.330192640064E-11
AR GRAC 2024 06 17 02 29 40.000000 2  -3.134053433440E-11 -9.694321734255E-12
AR GRAC 2024 06 17 02 29 50.000000 2  -3.345797597309E-11 -2.070671585586E-11
AR GRAC 2024 06 17 02 30  0.000000 2  -3.347652710595E-11 -1.046911429076E-11
AR GRAC 2024 06 17 02 30 10.000000 2  -3.518300928373E-11 -2.090151315914E-11
AR GRAC 2024 06 17 02 30 20.000000 2  -3.155503636165E-11 -1.213391453286E-11
AR GRAC 2024 06 17 02 30 30.000000 2  -3.094963521577E-11 -6.936319574269E-12
AR GRAC 2024 06 17 02 30 40.000000 2  -3.871581874537E-11 -1.721872644467E-11
AR GRAC 2024 06 17 02 30 50.000000 2  -2.677517235705E-11 -1.006113768687E-11
AR GRAC 2024 06 17 02 31  0.000000 2  -3.498050807349E-11 -1.927354803533E-11
AR GRAC 2024 06 17 02 31 10.000000 2  -3.165015818873E-11 -2.688595526767E-11
AR GRAC 2024 06 17 02 31 20.000000 2  -3.504846760038E-11 -6.008371751520E-12
AR GRAC 2024 06 17 02 31 30.000000 2  -2.845254587491E-11 -1.809078754855E-11
AR GRAC 2024 06 17 02 31 40.000000 2  -3.134404194527E-11 -2.310320858234E-11
AR GRAC 2024 06 17 02 31 50.000000 2  -3.002656803752E-11 -2.443563407173E-11
AR GRAC 2024 06 17 02 32  0.000000 2  -2.747786893853E-11 -1.111805265908E-11
AR GRAC 2024 06 17 02 32 10.000000 2  -3.312284821422E-11 -2.625048269034E-11
AR GRAC 2024 06 17 02 32 20.000000 2  -3.397590195298E-11 -1.076290879337E-11
AR GRAC 2024 06 17 02 32 30.000000 2  -2.862881980092E-11 -2.277533717177E-11
AR GRAC 2024 06 17 02 32 40.000000 2  -2.541008549406E-11 -1.897776900905E-11
AR GRAC 2024 06 17 02 32 50.000000 2  -3.174839557918E-11 -2.346020773480E-11
AR GRAC 2024 06 17 02 33  0.000000 2  -3.048955532492E-11 -1.305264230034E-11
AR GRAC 2024 06 17 02 33 10.000000 2  -2.969153048427E-11 -2.636507678844E-11
AR GRAC 2024 06 17 02 33 20.000000 2  -3.291072275813E-11 -1.961751941448E-11
AR GRAC 2024 06 17 02 33 30.000000 2  -3.236744205992E-11 -2.211996384671E-11
AR GRAC 2024 06 17 02 33 40.000000 2  -2.982931610052E-11 -5.212409497080E-12
AR GRAC 2024 06 17 02 33 50.000000 2  -3.229737310928E-11 -2.955485856049E-11
AR GRAC 2024 06 17 02 34  0.000000 2  -2.904444566798E-11 -3.050730501553E-11
AR GRAC 2024 06 17 02 34 10.000000 2  -2.932805387434E-11 -2.664975531919E-11
AR GRAC 2024 06 17 02 34 20.000000 2  -3.129800585366E-11 -2.807221122225E-11
AR GRAC 2024 06 17 02 34 30.000000 2  -3.301370635200E-11 -1.992466434897E-11
AR GRAC 2024 06 17 02 34 40.000000 2  -3.448007851459E-11 -2.243712160510E-11
AR GRAC 2024 06 17 02 34 50.000000 2  -2.942518451121E-11 -3.612958543453E-11
AR GRAC 2024 06 17 02 35  0.000000 2  -3.190941261222E-11 -1.170204731726E-11
AR GRAC 2024 06 17 02 35 10.000000 2  -2.647507213460E-11 -2.633451616496E-11
AR GRAC 2024 06 17 02 35 20.000000 2  -2.750076728841E-11 -2.775697727220E-11
AR GRAC 2024 06 17 02 35 30.000000 2  -2.930362896780E-11 -3.066944614938E-11
AR GRAC 2024 06 17 02 35 40.000000 2  -2.879971087999E-11 -1.668191973447E-11
AR GRAC 2024 06 17 02 35 50.000000 2  -2.428674449051E-11 -3.051438962620E-11
AR GRAC 2024 06 17 02 36  0.000000 2  -2.612552361947E-11 -1.083686699405E-11
AR GRAC 2024 06 17 02 36 10.000000 2  -3.058264752553E-11 -3.253934274805E-11
AR GRAC 2024 06 17 02 36 20.000000 2  -3.074285270799E-11 -2.294182899210E-11
AR GRAC 2024 06 17 02 36 30.000000 2  -2.932783182974E-11 -2.586430548901E-11
AR GRAC 2024 06 17 02 36 40.000000 2  -2.472267182640E-11 -1.967678797676E-11
AR GRAC 2024 06 17 02 36 50.000000 2  -2.702699002100E-11 -2.908927959622E-11
AR GRAC 2024 06 17 02 37  0.000000 2  -2.808898426354E-11 -3.110176352572E-11
AR GRAC 2024 06 17 02 37 10.000000 2  -2.881620636552E-11 -1.992425668895E-11
AR GRAC 2024 06 17 02 37 20.000000 2  -2.548530136925E-11 -2.752674650719E-11
AR GRAC 2024 06 17 02 37 30.000000 2  -2.641795462943E-11 -1.033924508509E-11
AR GRAC 2024 06 17 02 37 40.000000 2  -2.699281076435E-11 -3.561173925193E-11
AR GRAC 2024 06 17 02 37 50.000000 2  -2.292266550186E-11 -2.311423795420E-11
AR GRAC 2024 06 17 02 38  0.000000 2  -2.901222491414E-11 -2.128673973201E-11
AR GRAC 2024 06 17 02 38 10.000000 2  -2.504737563191E-11 -5.016924722878E-11
AR GRAC 2024 06 17 02 38 20.000000 2  -2.396475899669E-11 -1.099175004488E-11
AR GRAC 2024 06 17 02 38 30.000000 2  -2.775070451211E-11 -4.684426110901E-11
AR GRAC 2024 06 17 02 38 40.000000 2  -1.919483842705E-11 -1.781676368939E-11
AR GRAC 2024 06 17 02 38 50.000000 2  -3.055881242497E-11 -3.077927843154E-11
AR GRAC 2024 06 17 02 39  0.000000 2  -2.246216580792E-11 -2.635179227606E-11
AR GRAC 2024 06 17 02 39 10.000000 2  -2.946620378252E-11 -2.147430670785E-11
AR GRAC 2024 06 17 02 39 20.000000 2  -1.883164978123E-11 -3.134683485007E-11
AR GRAC 2024 06 17 02 39 30.000000 2  -2.556542477716E-11 -1.913934982722E-11
AR GRAC 2024 06 17 02 39 40.000000 2  -2.427645064140E-11 -2.282187112901E-11
AR GRAC 2024 06 17 02 39 50.000000 2  -2.502312072827E-11 -2.830439181645E-11
AR GRAC 2024 06 17 02 40  0.000000 2  -2.468278706425E-11 -3.659691993896E-11
AR GRAC 2024 06 17 02 40 10.000000 2  -1.899450909060E-11 -2.716945245174E-11
AR GRAC 2024 06 17 02 40 20.000000 2  -2.153676022243E-11 -3.947198123910E-11
AR GRAC 2024 06 17 02 40 30.000000 2  -2.553859901333E-11 -3.699451509021E-11
AR GRAC 2024 06 17 02 40 40.000000 2  -2.339559622422E-11 -3.145705571028E-11
AR GRAC 2024 06 17 02 40 50.000000 2  -2.018993305875E-11 -1.737958908732E-11
AR GRAC 2024 06 17 02 41  0.000000 2  -2.159027123749E-11 -3.152213212676E-11
AR GRAC 2024 06 17 02 41 10.000000 2  -2.633235123006E-11 -3.108467996893E-11
AR GRAC 2024 06 17 02 41 20.000000 2  -2.333199779214E-11 -3.450721652865E-11
AR GRAC 2024 06 17 02 41 30.000000 2  -1.959763948345E-11 -2.629976791901E-11
AR GRAC 2024 06 17 02 41 40.000000 2  -1.926999358692E-11 -2.745230778811E-11
AR GRAC 2024 06 17 02 41 50.000000 2  -2.478468472122E-11 -3.280486299273E-11
AR GRAC 2024 06 17 02 42  0.000000 2  -2.537651339063E-11 -1.008741788017E-11
AR GRAC 2024 06 17 02 42 10.000000 2  -2.236929912136E-11 -3.279997107253E-11
AR GRAC 2024 06 17 02 42 20.000000 2  -1.604070869188E-11 -2.087252766458E-11
AR GRAC 2024 06 17 02 42 30.000000 2  -1.942073932226E-11 -3.781508786660E-11
AR GRAC 2024 06 17 02 42 40.000000 2  -1.759002839219E-11 -3.186765434871E-11
AR GRAC 2024 06 17 02 42 50.000000 2  -1.995842380254E-11 -1.607021633820E-11
AR GRAC 2024 06 17 02 43  0.000000 2  -1.405750949673E-11 -3.717277874404E-11
AR GRAC 2024 06 17 02 43 10.000000 2  -2.107160973486E-11 -2.849534497251E-11
AR GRAC 2024 06 17 02 43 20.000000 2  -1.762139219263E-11 -2.312791624881E-11
AR GRAC 2024 06 17 02 43 30.000000 2  -1.769529488216E-11 -2.239049223807E-11
AR GRAC 2024 06 17 02 43 40.000000 2  -1.374581091312E-11 -2.252306847972E-11
AR GRAC 2024 06 17 02 43 50.000000 2  -1.947841193894E-11 -3.146564259149E-11
AR GRAC 2024 06 17 02 44  0.000000 2  -1.945107443169E-11 -2.531822147767E-11
AR GRAC 2024 06 17 02 44 10.000000 2  -1.927319762118E-11 -1.227080329708E-11
AR GRAC 2024 06 17 02 44 20.000000 2  -2.161610994367E-11 -2.769338751374E-11
AR GRAC 2024 06 17 02 44 30.000000 2  -1.697827468894E-11 -2.083597010205E-11
AR GRAC 2024 06 17 02 44 40.000000 2  -1.762566828600E-11 -3.500856202154E-11
AR GRAC 2024 06 17 02 44 50.000000 2  -1.756435275002E-11 -2.084115172107E-11
AR GRAC 2024 06 17 02 45  0.000000 2  -1.345585361884E-11 -3.422373842654E-11
AR GRAC 2024 06 17 02 45 10.000000 2  -1.288892950702E-11 -1.827633357154E-11
AR GRAC 2024 06 17 02 45 20.000000 2  -1.336280305159E-11 -3.520893646081E-11
AR GRAC 2024 06 17 02 45 30.000000 2  -1.543656868996E-11 -2.661153068739E-11
AR GRAC 2024 06 17 02 45 40.000000 2  -1.958739073715E-11 -2.439412734312E-11
AR GRAC 2024 06 17 02 45 50.000000 2  -1.264398395012E-11 -1.583673123196E-11
AR GRAC 2024 06 17 02 46  0.000000 2  -1.534607683984E-11 -8.299336044792E-12
AR GRAC 2024 06 17 02 46 10.000000 2  -1.711112154745E-11 -1.894194870400E-11
AR GRAC 2024 06 17 02 46 20.000000 2  -7.509511242010E-12 -3.469454931682E-11
AR GRAC 2024 06 17 02 46 30.000000 2  -1.859848039465E-11 -1.796716594948E-11
AR GRAC 2024 06 17 02 46 40.000000 2  -1.821523661072E-11 -2.197977563845E-11
AR GRAC 2024 06 17 02 46 50.000000 2  -1.278383562203E-11 -3.509239079880E-11
AR GRAC 2024 06 17 02 47  0.000000 2  -1.345481972365E-11 -1.907500893350E-11
AR GRAC 2024 06 17 02 47 10.000000 2  -1.516316239236E-11 -1.283763113175E-11
AR GRAC 2024 06 17 02 47 20.000000 2  -2.048365643770E-11 -3.698025566323E-11
AR GRAC 2024 06 17 02 47 30.000000 2  -4.731056692242E-12 -1.536287590198E-11
AR GRAC 2024 06 17 02 47 40.000000 2  -1.217854463109E-11 -2.679550678564E-11
AR GRAC 2024 06 17 02 47 50.000000 2  -1.591416755320E-11 -3.185813071682E-11
AR GRAC 2024 06 17 02 48  0.000000 2  -1.473607867675E-11 -1.540762200984E-12
AR GRAC 2024 06 17 02 48 10.000000 2  -1.212259112537E-11 -1.386339740922E-11
AR GRAC 2024 06 17 02 48 20.000000 2  -1.038110309520E-11 -2.818602989896E-11
AR GRAC 2024 06 17 02 48 30.000000 2  -8.066802434370E-12 -7.308670162132E-12
AR GRAC 2024 06 17 02 48 40.000000 2  -1.163969094720E-11 -1.940131041933E-11
AR GRAC 2024 06 17 02 48 50.000000 2  -5.888695347317E-12 -1.077394770621E-11
AR GRAC 2024 06 17 02 49  0.000000 2  -1.464278351349E-11 -1.987659342673E-11
AR GRAC 2024 06 17 02 49 10.000000 2  -1.135311289424E-11 -1.810924153689E-11
AR GRAC 2024 06 17 02 49 20.000000 2  -1.140993202697E-11 -2.475188283502E-11
AR GRAC 2024 06 17 02 49 30.000000 2  -1.181583823839E-11 -1.038453784769E-11
AR GRAC 2024 06 17 02 49 40.000000 2  -1.068195098347E-11 -1.490719006569E-11
AR GRAC 2024 06 17 02 49 50.000000 2  -7.739212048996E-12 -8.969842230089E-12
AR GRAC 2024 06 17 02 50  0.000000 2  -1.001753107549E-11 -2.288250318394E-11
AR GRAC 2024 06 17 02 50 10.000000 2  -9.341694084952E-12 -2.221515506273E-11
AR GRAC 2024 06 17 02 50 20.000000 2  -3.492473237693E-12  1.282180524947E-12
AR GRAC 2024 06 17 02 50 30.000000 2  -1.094868379986E-11 -2.714048083496E-11
AR GRAC 2024 06 17 02 50 40.000000 2  -1.189304297405E-11 -2.311315201731E-11
AR GRAC 2024 06 17 02 50 50.000000 2  -9.661456530641E-12 -4.165815695872E-12
AR GRAC 2024 06 17 02 51  0.000000 2  -3.726974024537E-12 -4.058486186009E-12
AR GRAC 2024 06 17 02 51 10.000000 2  -7.424605201478E-12 -4.521156452691E-12
AR GRAC 2024 06 17 02 51 20.000000 2  -1.014397593702E-11 -2.486382801037E-11
AR GRAC 2024 06 17 02 51 30.000000 2  -5.919715238834E-12 -1.275650505367E-11
AR GRAC 2024 06 17 02 51 40.000000 2  -7.820096133149E-12 -1.195918537811E-11
AR GRAC 2024 06 17 02 51 50.000000 2  -4.303141176720E-12 -5.731863768343E-12
AR GRAC 2024 06 17 02 52  0.000000 2  -1.017262489522E-11 -7.094546738279E-12
AR GRAC 2024 06 17 02 52 10.000000 2  -6.364291038619E-12 -1.153723297453E-11
AR GRAC 2024 06 17 02 52 20.000000 2  -3.547121580835E-12 -1.067991875492E-11
AR GRAC 2024 06 17 02 52 30.000000 2  -6.418115604950E-12 -1.396260797953E-11
AR GRAC 2024 06 17 02 52 40.000000 2  -7.632235121680E-12  6.024703305685E-12
AR GRAC 2024 06 17 02 52 50.000000 2  -8.976574691899E-12 -1.284799176771E-11
AR GRAC 2024 06 17 02 53  0.000000 2  -3.026216863905E-12 -7.920686675988E-12
AR GRAC 2024 06 17 02 53 10.000000 2  -6.633438915347E-13  4.846615296594E-12
AR GRAC 2024 06 17 02 53 20.000000 2  -5.868694853001E-12 -2.076608676682E-11
AR GRAC 2024 06 17 02 53 30.000000 2  -8.115851740653E-12 -1.026878582167E-11
AR GRAC 2024 06 17 02 53 40.000000 2  -4.977152370800E-12 -1.331149166589E-11
AR GRAC 2024 06 17 02 53 50.000000 2  -6.056294354906E-12 -4.854196471865E-12
AR GRAC 2024 06 17 02 54  0.000000 2  -1.367528919965E-12 -1.216906458414E-12
AR GRAC 2024 06 17 02 54 10.000000 2  -4.151859411827E-12 -1.496175552158E-13
AR GRAC 2024 06 17 02 54 20.000000 2  -3.922701573289E-12  6.176703029256E-13
AR GRAC 2024 06 17 02 54 30.000000 2  -4.943315288358E-12 -1.311504377322E-11
AR GRAC 2024 06 17 02 54 40.000000 2  -1.409245333275E-12 -5.657757248811E-12
AR GRAC 2024 06 17 02 54 50.000000 2  -4.891060646772E-12 -8.680479078593E-12
AR GRAC 2024 06 17 02 55  0.000000 2  -4.289931257451E-12 -7.793201847739E-12
AR GRAC 2024 06 17 02 55 10.000000 2  -4.525325968986E-13  5.314076435836E-12
AR GRAC 2024 06 17 02 55 20.000000 2  -2.237125849153E-12 -3.258650510887E-12
AR GRAC 2024 06 17 02 55 30.000000 2  -6.566630377479E-13  2.408621262509E-12
AR GRAC 2024 06 17 02 55 40.000000 2  -8.806358420266E-12 -1.159410761842E-11
AR GRAC 2024 06 17 02 55 50.000000 2   1.718553901617E-12 -2.076840869419E-12
AR GRAC 2024 06 17 02 56  0.000000 2  -3.613674680672E-12  3.160425046667E-12
AR GRAC 2024 06 17 02 56 10.000000 2  -5.136875300127E-12  1.466768893843E-11
AR GRAC 2024 06 17 02 56 20.000000 2  -1.560859514554E-12 -4.815048533502E-12
AR GRAC 2024 06 17 02 56 30.000000 2  -1.050593206181E-12 -6.477790959886E-12
AR GRAC 2024 06 17 02 56 40.000000 2  -4.907115295702E-13 -6.150533641419E-12
AR GRAC 2024 06 17 02 56 50.000000 2  -2.665762142279E-12  6.806722286506E-12
AR GRAC 2024 06 17 02 57  0.000000 2  -4.942905026256E-12  1.993976815259E-12
AR GRAC 2024 06 17 02 57 10.000000 2   1.879323519721E-12 -7.368774861127E-12
AR GRAC 2024 06 17 02 57 20.000000 2  -2.797598741208E-12 -6.331526448966E-12
AR GRAC 2024 06 17 02 57 30.000000 2   2.860976429722E-12 -7.442795295007E-13
AR GRAC 2024 06 17 02 57 40.000000 2  -2.972479467428E-12  1.612965728863E-12
AR GRAC 2024 06 17 02 57 50.000000 2   1.840524260777E-12  1.402071818021E-13
AR GRAC 2024 06 17 02 58  0.000000 2   2.112929839773E-12  5.087448257807E-12
AR GRAC 2024 06 17 02 58 10.000000 2  -1.416698355849E-12  1.200468457280E-11
AR GRAC 2024 06 17 02 58 20.000000 2  -2.874662584796E-13  8.219202770644E-13
AR GRAC 2024 06 17 02 58 30.000000 2   5.623094004314E-12  5.439151299497E-12
AR GRAC 2024 06 17 02 58 40.000000 2   2.434759859005E-12  1.279638287693E-11
AR GRAC 2024 06 17 02 58 50.000000 2  -2.246284538585E-12  9.043612213266E-12
AR GRAC 2024 06 17 02 59  0.000000 2   1.941001829750E-12  5.870840272260E-12
AR GRAC 2024 06 17 02 59 10.000000 2   8.324520001275E-13  1.887806404255E-11
AR GRAC 2024 06 17 02 59 20.000000 2   5.858525470304E-12 -3.514712392655E-12
AR GRAC 2024 06 17 02 59 30.000000 2   3.014299530466E-12  4.282507942016E-12
AR GRAC 2024 06 17 02 59 40.000000 2   6.349372850406E-12  1.046972751551E-11
AR GRAC 2024 06 17 02 59 50.000000 2   1.956211234666E-12  1.365694016209E-11
AR GRAC 2024 06 17 03 00  0.000000 2   6.480851012097E-12  1.084415456737E-11
AR GRAC 2024 06 17 03 00 10.000000 2   2.709087511613E-12  2.030136822539E-11
AR GRAC 2024 06 17 03 00 20.000000 2   6.079845828177E-12 -1.211420937522E-12
AR GRAC 2024 06 17 03 00 30.000000 2   9.316952591376E-13  8.705784357299E-12
AR GRAC 2024 06 17 03 00 40.000000 2   5.293284473934E-12  1.923299020046E-11
AR GRAC 2024 06 17 03 00 50.000000 2   1.801327750156E-12  3.290194072053E-12
AR GRAC 2024 06 17 03 01  0.000000 2   5.937648810128E-12  5.467396500813E-12
AR GRAC 2024 06 17 03 01 10.000000 2   6.673028015575E-12  1.648459320436E-11
AR GRAC 2024 06 17 03 01 20.000000 2   7.181688837371E-12  1.012178795640E-11
AR GRAC 2024 06 17 03 01 30.000000 2   3.739044230483E-12  2.125898589111E-11
AR GRAC 2024 06 17 03 01 40.000000 2   5.585577139700E-12  8.986175518977E-12
AR GRAC 2024 06 17 03 01 50.000000 2   7.903428779488E-12  2.933688448420E-13
AR GRAC 2024 06 17 03 02  0.000000 2   8.067855411520E-12  1.578055568163E-11
AR GRAC 2024 06 17 03 02 10.000000 2   7.139778785553E-12  1.395774121282E-11
AR GRAC 2024 06 17 03 02 20.000000 2   7.094324693674E-12  1.960492532205E-11
AR GRAC 2024 06 17 03 02 30.000000 2   5.744570184124E-12  1.539210772727E-11
AR GRAC 2024 06 17 03 02 40.000000 2   2.436733757480E-12  1.342928459408E-11
AR GRAC 2024 06 17 03 02 50.000000 2   4.016647691535E-12  1.668646297526E-11
AR GRAC 2024 06 17 03 03  0.000000 2   7.761596053368E-12  6.523639701356E-12
AR GRAC 2024 06 17 03 03 10.000000 2   6.000993972577E-12  2.863081299820E-11
AR GRAC 2024 06 17 03 03 20.000000 2   9.177865065157E-12  5.077982739160E-12
AR GRAC 2024 06 17 03 03 30.000000 2   4.778740771150E-12  2.949514937844E-11
AR GRAC 2024 06 17 03 03 40.000000 2   1.159181171190E-11  1.073231521015E-11
AR GRAC 2024 06 17 03 03 50.000000 2   6.703767315569E-12  2.569948073794E-11
AR GRAC 2024 06 17 03 04  0.000000 2   6.302426028976E-12  1.837664395654E-11
AR GRAC 2024 06 17 03 04 10.000000 2   6.044031594654E-12  1.365380378204E-11
AR GRAC 2024 06 17 03 04 20.000000 2   9.758254100600E-12  2.052096166605E-11
AR GRAC 2024 06 17 03 04 30.000000 2   6.491866939851E-12  1.900811799627E-11
AR GRAC 2024 06 17 03 04 40.000000 2   4.745837403619E-12  1.569527147138E-11
AR GRAC 2024 06 17 03 04 50.000000 2   1.000497341225E-11  2.554242234387E-11
AR GRAC 2024 06 17 03 05  0.000000 2   5.690393468927E-12  1.694957195431E-11
AR GRAC 2024 06 17 03 05 10.000000 2   1.017602321851E-11  2.243671741453E-11
AR GRAC 2024 06 17 03 05 20.000000 2   7.362378068310E-12  1.678386422899E-11
AR GRAC 2024 06 17 03 05 30.000000 2   8.046546068341E-12  1.531100593533E-11
AR GRAC 2024 06 17 03 05 40.000000 2   8.775477740308E-12  2.275814779684E-11
AR GRAC 2024 06 17 03 05 50.000000 2   4.539047956942E-12  1.440528425711E-11
AR GRAC 2024 06 17 03 06  0.000000 2   8.467380442634E-12  2.995242248671E-11
AR GRAC 2024 06 17 03 06 10.000000 2   7.021284595399E-12  1.582955468094E-11
AR GRAC 2024 06 17 03 06 20.000000 2   7.636201566907E-12  1.977668896702E-11
AR GRAC 2024 06 17 03 06 30.000000 2   1.075440604625E-11  2.337381850570E-11
AR GRAC 2024 06 17 03 06 40.000000 2   1.231417832287E-11  2.724094387563E-11
AR GRAC 2024 06 17 03 06 50.000000 2   1.304730455620E-11  2.859807182731E-11
AR GRAC 2024 06 17 03 07  0.000000 2   1.166761392363E-11  2.282519312446E-11
AR GRAC 2024 06 17 03 07 10.000000 2   1.318303886194E-11  2.353231498553E-11
AR GRAC 2024 06 17 03 07 20.000000 2   1.427887322270E-11  3.375943274930E-11
AR GRAC 2024 06 17 03 07 30.000000 2   1.118550738144E-11  1.957654871543E-11
AR GRAC 2024 06 17 03 07 40.000000 2   1.251059932733E-11  3.415366600645E-11
AR GRAC 2024 06 17 03 07 50.000000 2   2.140471654088E-11  1.971077641383E-11
AR GRAC 2024 06 17 03 08  0.000000 2   9.844656340130E-12  2.088788864096E-11
AR GRAC 2024 06 17 03 08 10.000000 2   1.458747879435E-11  3.651499588808E-11
AR GRAC 2024 06 17 03 08 20.000000 2   7.749549266189E-12  3.038210308337E-11
AR GRAC 2024 06 17 03 08 30.000000 2   1.563997542586E-11  3.227920708504E-11
AR GRAC 2024 06 17 03 08 40.000000 2   1.434693509828E-11  2.113630971634E-11
AR GRAC 2024 06 17 03 08 50.000000 2   1.450665455816E-11  2.841340877857E-11
AR GRAC 2024 06 17 03 09  0.000000 2   1.569368593413E-11  9.380506788004E-12
AR GRAC 2024 06 17 03 09 10.000000 2   9.867987503520E-12  4.017760082964E-11
AR GRAC 2024 06 17 03 09 20.000000 2   1.638454302788E-11  1.342469278104E-11
AR GRAC 2024 06 17 03 09 30.000000 2   1.352067156152E-11  4.332178366040E-11
AR GRAC 2024 06 17 03 09 40.000000 2   1.278626163281E-11  2.080887372136E-11
AR GRAC 2024 06 17 03 09 50.000000 2   2.018789302394E-11  2.045596157740E-11
AR GRAC 2024 06 17 03 10  0.000000 2   1.527084882158E-11  4.425304567235E-11
AR GRAC 2024 06 17 03 10 10.000000 2   1.787844525203E-11  3.901012846086E-11
AR GRAC 2024 06 17 03 10 20.000000 2   1.755203274389E-11  3.465720765927E-11
AR GRAC 2024 06 17 03 10 30.000000 2   1.606594197956E-11  2.286428685272E-11
AR GRAC 2024 06 17 03 10 40.000000 2   1.759047074668E-11  2.576136179377E-11
AR GRAC 2024 06 17 03 10 50.000000 2   1.686684299174E-11  2.817843527958E-11
AR GRAC 2024 06 17 03 11  0.000000 2   2.128423132186E-11  3.146550381361E-11
AR GRAC 2024 06 17 03 11 10.000000 2   2.028828147149E-11  3.118257735357E-11
AR GRAC 2024 06 17 03 11 20.000000 2   1.595510529251E-11  4.797964109349E-11
AR GRAC 2024 06 17 03 11 30.000000 2   1.529452953175E-11  3.723670677358E-11
AR GRAC 2024 06 17 03 11 40.000000 2   1.478732414295E-11  1.262377095218E-11
AR GRAC 2024 06 17 03 11 50.000000 2   1.566415400167E-11  4.954082977182E-11
AR GRAC 2024 06 17 03 12  0.000000 2   1.810202682195E-11  2.210789017132E-11
AR GRAC 2024 06 17 03 12 10.000000 2   1.593129100863E-11  4.631494493479E-11
AR GRAC 2024 06 17 03 12 20.000000 2   1.832304100113E-11  2.887200201140E-11
AR GRAC 2024 06 17 03 12 30.000000 2   2.146691678584E-11  2.908905408217E-11
AR GRAC 2024 06 17 03 12 40.000000 2   1.651490402765E-11  2.917610250619E-11
AR GRAC 2024 06 17 03 12 50.000000 2   1.703225581406E-11  3.425314892835E-11
AR GRAC 2024 06 17 03 13  0.000000 2   2.194960706248E-11  2.782019579983E-11
AR GRAC 2024 06 17 03 13 10.000000 2   2.186545909610E-11  4.075724133190E-11
AR GRAC 2024 06 17 03 13 20.000000 2   1.599428228749E-11  5.097428035228E-11
AR GRAC 2024 06 17 03 13 30.000000 2   2.126329494423E-11  2.746132141129E-11
AR GRAC 2024 06 17 03 13 40.000000 2   2.552088922136E-11  4.536835837565E-11
AR GRAC 2024 06 17 03 13 50.000000 2   2.086132135093E-11  3.301539250322E-11
AR GRAC 2024 06 17 03 14  0.000000 2   1.561594950572E-11  4.083242771680E-11
AR GRAC 2024 06 17 03 14 10.000000 2   1.971436902615E-11  2.199945607628E-11
AR GRAC 2024 06 17 03 14 20.000000 2   2.233980361810E-11  3.817648627780E-11
AR GRAC 2024 06 17 03 14 30.000000 2   1.920404980871E-11  2.659351037992E-11
AR GRAC 2024 06 17 03 14 40.000000 2   1.507690847169E-11  4.118053467672E-11
AR GRAC 2024 06 17 03 14 50.000000 2   2.604079278601E-11  4.232755812517E-11
AR GRAC 2024 06 17 03 15  0.000000 2   1.683407580000E-11  4.778457837751E-11
AR GRAC 2024 06 17 03 15 10.000000 2   1.843823704828E-11  3.406159382324E-11
AR GRAC 2024 06 17 03 15 20.000000 2   1.762705433006E-11  4.216860888251E-11
AR GRAC 2024 06 17 03 15 30.000000 2   1.982852250448E-11  4.988561994046E-11
AR GRAC 2024 06 17 03 15 40.000000 2   1.773353165702E-11  1.633263316259E-11
AR GRAC 2024 06 17 03 15 50.000000 2   2.526689101001E-11  3.895964106881E-11
AR GRAC 2024 06 17 03 16  0.000000 2   2.273487995086E-11  3.345664717491E-11
AR GRAC 2024 06 17 03 16 10.000000 2   2.156859413294E-11  4.359365299300E-11
AR GRAC 2024 06 17 03 16 20.000000 2   1.874275387670E-11  3.797065439848E-11
AR GRAC 2024 06 17 03 16 30.000000 2   2.068407424505E-11  2.641765799172E-11
AR GRAC 2024 06 17 03 16 40.000000 2   2.632193941976E-11  3.917465657421E-11
AR GRAC 2024 06 17 03 16 50.000000 2   1.853339530455E-11  2.336165115524E-11
AR GRAC 2024 06 17 03 17  0.000000 2   2.294121836943E-11  3.687864597035E-11
AR GRAC 2024 06 17 03 17 10.000000 2   2.329176088112E-11  4.565563552217E-11
AR GRAC 2024 06 17 03 17 20.000000 2   1.862265376629E-11  2.418262638748E-11
AR GRAC 2024 06 17 03 17 30.000000 2   1.995957218948E-11  4.435961667437E-11
AR GRAC 2024 06 17 03 17 40.000000 2   2.351067777961E-11  2.835660178890E-11
AR GRAC 2024 06 17 03 17 50.000000 2   2.127401206586E-11  4.925358038088E-11
AR GRAC 2024 06 17 03 18  0.000000 2   2.047685979112E-11  2.586056369047E-11
AR GRAC 2024 06 17 03 18 10.000000 2   2.231610903014E-11  4.373754136644E-11
AR GRAC 2024 06 17 03 18 20.000000 2   2.595705594910E-11  2.188451850293E-11
AR GRAC 2024 06 17 03 18 30.000000 2   1.538801551459E-11  4.269149617153E-11
AR GRAC 2024 06 17 03 18 40.000000 2   2.199523202462E-11  4.828846697502E-11
AR GRAC 2024 06 17 03 18 50.000000 2   1.972626402502E-11  3.445543503289E-11
AR GRAC 2024 06 17 03 19  0.000000 2   2.289574606296E-11  3.500240375320E-11
AR GRAC 2024 06 17 03 19 10.000000 2   2.132824819534E-11  2.161936948908E-11
AR GRAC 2024 06 17 03 19 20.000000 2   1.719876324691E-11  4.760633207090E-11
AR GRAC 2024 06 17 03 19 30.000000 2   2.169033529176E-11  4.258329799889E-11
AR GRAC 2024 06 17 03 19 40.000000 2   2.195832404794E-11  4.785025500831E-11
AR GRAC 2024 06 17 03 19 50.000000 2   1.944465768955E-11  3.324721054021E-11
AR GRAC 2024 06 17 03 20  0.000000 2   2.113886669874E-11  2.409416763327E-11
AR GRAC 2024 06 17 03 20 10.000000 2   1.948363345661E-11  4.813112061686E-11
AR GRAC 2024 06 17 03 20 20.000000 2   2.087393105588E-11  4.124807093109E-11
AR GRAC 2024 06 17 03 20 30.000000 2   1.691057710529E-11  3.917501739670E-11
AR GRAC 2024 06 17 03 20 40.000000 2   1.912631511503E-11  4.116196619663E-11
AR GRAC 2024 06 17 03 20 50.000000 2   2.160761153336E-11  3.916890770062E-11
AR GRAC 2024 06 17 03 21  0.000000 2   2.264204448932E-11  4.114585061554E-11
AR GRAC 2024 06 17 03 21 10.000000 2   1.390505505877E-11  4.560278890620E-11
AR GRAC 2024 06 17 03 21 20.000000 2   2.318261034528E-11  3.133972942271E-11
AR GRAC 2024 06 17 03 21 30.000000 2   2.016684735873E-11  4.136666356680E-11
AR GRAC 2024 06 17 03 21 40.000000 2   2.083934587394E-11  4.139360035293E-11
AR GRAC 2024 06 17 03 21 50.000000 2   1.558803086610E-11  4.599053082810E-11
AR GRAC 2024 06 17 03 22  0.000000 2   1.874281632674E-11  4.492745758755E-11
AR GRAC 2024 06 17 03 22 10.000000 2   2.336222014454E-11  1.663438484178E-11
AR GRAC 2024 06 17 03 22 20.000000 2   1.984910673325E-11  4.504131095873E-11
AR GRAC 2024 06 17 03 22 30.000000 2   1.581137651363E-11  3.489823707792E-11
AR GRAC 2024 06 17 03 22 40.000000 2   1.972696138386E-11  4.146515075742E-11
AR GRAC 2024 06 17 03 22 50.000000 2   2.191616853275E-11  3.512207191747E-11
AR GRAC 2024 06 17 03 23  0.000000 2   2.085927784667E-11  3.679898746833E-11
AR GRAC 2024 06 17 03 23 10.000000 2   2.029487168598E-11  3.863590350428E-11
AR GRAC 2024 06 17 03 23 20.000000 2   2.114820124577E-11  4.901281464020E-11
AR GRAC 2024 06 17 03 23 30.000000 2   1.355031885308E-11  3.343972321268E-11
AR GRAC 2024 06 17 03 23 40.000000 2   1.446457363607E-11  3.431663286868E-11
AR GRAC 2024 06 17 03 23 50.000000 2   1.863310894468E-11  3.599353801120E-11
AR GRAC 2024 06 17 03 24  0.000000 2   2.132014183254E-11  4.514043999704E-11
AR GRAC 2024 06 17 03 24 10.000000 2   2.033690577052E-11  4.392734093139E-11
AR GRAC 2024 06 17 03 24 20.000000 2   2.060876816423E-11  4.237423953390E-11
AR GRAC 2024 06 17 03 24 30.000000 2   1.283173480665E-11  3.926113947839E-11
AR GRAC 2024 06 17 03 24 40.000000 2   1.760205349532E-11  3.685803398601E-11
AR GRAC 2024 06 17 03 24 50.000000 2   2.121967011826E-11  3.990492658534E-11
AR GRAC 2024 06 17 03 25  0.000000 2   9.855459330577E-12  4.498181688239E-11
AR GRAC 2024 06 17 03 25 10.000000 2   1.522801502951E-11  4.642870463090E-11
AR GRAC 2024 06 17 03 25 20.000000 2   2.037996507664E-11  3.580558766147E-11
AR GRAC 2024 06 17 03 25 30.000000 2   1.441091170007E-11  3.676247153916E-11
AR GRAC 2024 06 17 03 25 40.000000 2   1.482073491710E-11  4.523935392964E-11
AR GRAC 2024 06 17 03 25 50.000000 2   1.982776269560E-11  4.827623023562E-11
AR GRAC 2024 06 17 03 26  0.000000 2   1.160384635601E-11  3.378311172475E-11
AR GRAC 2024 06 17 03 26 10.000000 2   2.244816312003E-11  2.965998627258E-11
AR GRAC 2024 06 17 03 26 20.000000 2   1.250642211320E-11  4.395685898606E-11
AR GRAC 2024 06 17 03 26 30.000000 2   1.324762001487E-11  3.740373288874E-11
AR GRAC 2024 06 17 03 26 40.000000 2   8.446604526924E-12  4.539060100006E-11
AR GRAC 2024 06 17 03 26 50.000000 2   1.668860709347E-11  4.532746400443E-11
AR GRAC 2024 06 17 03 27  0.000000 2   1.397285672583E-11  4.785433160848E-11
AR GRAC 2024 06 17 03 27 10.000000 2   1.325135921132E-11  3.469119436161E-11
AR GRAC 2024 06 17 03 27 20.000000 2   1.138102199288E-11  3.288805339174E-11
AR GRAC 2024 06 17 03 27 30.000000 2   1.424663685634E-11  5.055491095196E-11
AR GRAC 2024 06 17 03 27 40.000000 2   1.526714171751E-11  4.055176680562E-11
AR GRAC 2024 06 17 03 27 50.000000 2   1.348343138530E-11  3.317862304342E-11
AR GRAC 2024 06 17 03 28  0.000000 2   9.905575491798E-12  3.778547266742E-11
AR GRAC 2024 06 17 03 28 10.000000 2   1.422695294906E-11  3.946231882934E-11
AR GRAC 2024 06 17 03 28 20.000000 2   1.119001679512E-11  4.135916956138E-11
AR GRAC 2024 06 17 03 28 30.000000 2   6.673887571057E-12  4.150601043418E-11
AR GRAC 2024 06 17 03 28 40.000000 2   7.121464442456E-12  4.021285388012E-11
AR GRAC 2024 06 17 03 28 50.000000 2   1.723415680999E-11  3.896969552608E-11
AR GRAC 2024 06 17 03 29  0.000000 2   5.411584808740E-12  4.570653577840E-11
AR GRAC 2024 06 17 03 29 10.000000 2   1.593954829238E-11  4.259337327284E-11
AR GRAC 2024 06 17 03 29 20.000000 2   6.535059819679E-12  3.583020338760E-11
AR GRAC 2024 06 17 03 29 30.000000 2   1.063564340764E-11  4.320703517191E-11
AR GRAC 2024 06 17 03 29 40.000000 2   8.164778748931E-12  3.807386697585E-11
AR GRAC 2024 06 17 03 29 50.000000 2   8.628777380115E-12  4.907069542370E-11
AR GRAC 2024 06 17 03 30  0.000000 2   7.871943548399E-12  3.929752356857E-11
AR GRAC 2024 06 17 03 30 10.000000 2   1.075087501662E-11  4.326434349666E-11
AR GRAC 2024 06 17 03 30 20.000000 2   9.389209895683E-12  3.646116741862E-11
AR GRAC 2024 06 17 03 30 30.000000 2   3.947374545288E-12  4.207798692812E-11
AR GRAC 2024 06 17 03 30 40.000000 2   8.966869781413E-12  4.176479995177E-11
AR GRAC 2024 06 17 03 30 50.000000 2   9.949568946510E-12  3.967161668617E-11
AR GRAC 2024 06 17 03 31  0.000000 2   7.639509684576E-12  2.962843165255E-11
AR GRAC 2024 06 17 03 31 10.000000 2   5.462905735415E-12  4.515524065773E-11
AR GRAC 2024 06 17 03 31 20.000000 2   6.587993171825E-12  3.395204950518E-11
AR GRAC 2024 06 17 03 31 30.000000 2   6.257462863840E-12  4.092885752538E-11
AR GRAC 2024 06 17 03 31 40.000000 2   1.743093408328E-12  5.141565645461E-11
AR GRAC 2024 06 17 03 31 50.000000 2   7.724945683130E-12  4.753246060640E-11
AR GRAC 2024 06 17 03 32  0.000000 2   4.435369172634E-12  4.280925960942E-11
AR GRAC 2024 06 17 03 32 10.000000 2   6.801162497766E-12  3.707605750192E-11
AR GRAC 2024 06 17 03 32 20.000000 2   2.797120824891E-12  3.439285314877E-11
AR GRAC 2024 06 17 03 32 30.000000 2   3.625644272656E-12  3.519964528187E-11
AR GRAC 2024 06 17 03 32 40.000000 2   6.530063490807E-13  4.464643585389E-11
AR GRAC 2024 06 17 03 32 50.000000 2   2.777701679779E-12  3.145322544085E-11
AR GRAC 2024 06 17 03 33  0.000000 2   3.500902042222E-12  4.109001333630E-11
AR GRAC 2024 06 17 03 33 10.000000 2   1.864033233323E-12  3.488679831132E-11
AR GRAC 2024 06 17 03 33 20.000000 2   8.956872786861E-13  3.456358116383E-11
AR GRAC 2024 06 17 03 33 30.000000 2  -1.015344384091E-12  3.964036043858E-11
AR GRAC 2024 06 17 03 33 40.000000 2   2.648291308471E-12  4.649713600258E-11
AR GRAC 2024 06 17 03 33 50.000000 2   1.804202945897E-12  3.565391384908E-11
AR GRAC 2024 06 17 03 34  0.000000 2  -6.038398947528E-13  3.762068781499E-11
AR GRAC 2024 06 17 03 34 10.000000 2   3.224487300432E-12  3.702746095846E-11
AR GRAC 2024 06 17 03 34 20.000000 2  -2.940790840011E-12  4.284423163470E-11
AR GRAC 2024 06 17 03 34 30.000000 2  -1.399130377527E-12  3.130099651694E-11
AR GRAC 2024 06 17 03 34 40.000000 2  -3.929789653412E-12  4.340776349476E-11
AR GRAC 2024 06 17 03 34 50.000000 2  -4.059568219777E-12  3.187452385367E-11
AR GRAC 2024 06 17 03 35  0.000000 2  -5.890890531456E-13  3.421128658143E-11
AR GRAC 2024 06 17 03 35 10.000000 2  -3.105912011955E-12  3.363804373935E-11
AR GRAC 2024 06 17 03 35 20.000000 2  -6.599771076865E-12  4.247480145381E-11
AR GRAC 2024 06 17 03 35 30.000000 2  -1.953368239729E-12  3.935155673540E-11
AR GRAC 2024 06 17 03 35 40.000000 2  -7.688545438332E-13  3.822830593747E-11
AR GRAC 2024 06 17 03 35 50.000000 2  -3.241470243262E-12  4.252505986235E-11
AR GRAC 2024 06 17 03 36  0.000000 2  -8.666397460777E-12  2.114180532031E-11
AR GRAC 2024 06 17 03 36 10.000000 2  -8.641048488724E-13  3.448855090404E-11
AR GRAC 2024 06 17 03 36 20.000000 2  -1.171652705412E-11  4.144529511252E-11
AR GRAC 2024 06 17 03 36 30.000000 2  -2.316727322135E-12  1.839203615794E-11
AR GRAC 2024 06 17 03 36 40.000000 2  -9.258196639883E-12  2.035877542939E-11
AR GRAC 2024 06 17 03 36 50.000000 2  -1.177235479238E-11  2.782551446201E-11
AR GRAC 2024 06 17 03 37  0.000000 2  -6.122779366846E-12  4.046224813536E-11
AR GRAC 2024 06 17 03 37 10.000000 2  -4.826804754499E-12  4.849897913828E-11
AR GRAC 2024 06 17 03 37 20.000000 2  -9.606995754474E-12  3.235570839033E-11
AR GRAC 2024 06 17 03 37 30.000000 2  -6.662234132426E-12  3.234243775574E-11
AR GRAC 2024 06 17 03 37 40.000000 2  -1.437939784604E-11  3.710916296473E-11
AR GRAC 2024 06 17 03 37 50.000000 2  -6.365667108016E-12  2.929588863165E-11
AR GRAC 2024 06 17 03 38  0.000000 2  -1.130406619004E-11  4.837261147195E-11
AR GRAC 2024 06 17 03 38 10.000000 2  -1.028923560936E-11  3.257933506307E-11
AR GRAC 2024 06 17 03 38 20.000000 2  -9.493170138875E-12  2.848604685468E-11
AR GRAC 2024 06 17 03 38 30.000000 2  -1.702230717493E-11  2.450276787025E-11
AR GRAC 2024 06 17 03 38 40.000000 2  -1.410105452543E-11  4.034947723164E-11
AR GRAC 2024 06 17 03 38 50.000000 2  -7.069926675346E-12  3.674618942462E-11
AR GRAC 2024 06 17 03 39  0.000000 2  -1.320959661100E-11  1.568289768883E-11
AR GRAC 2024 06 17 03 39 10.000000 2  -1.110760528694E-11  3.326960582029E-11
AR GRAC 2024 06 17 03 39 20.000000 2  -1.445594945831E-11  4.050631011165E-11
AR GRAC 2024 06 17 03 39 30.000000 2  -1.435150869672E-11  2.651301400647E-11
AR GRAC 2024 06 17 03 39 40.000000 2  -1.288482341655E-11  4.744971429660E-11
AR GRAC 2024 06 17 03 39 50.000000 2  -1.151069690952E-11  1.975641004959E-11
AR GRAC 2024 06 17 03 40  0.000000 2  -1.290906877921E-11  4.930311020557E-11
AR GRAC 2024 06 17 03 40 10.000000 2  -1.669497873280E-11  2.293980110035E-11
AR GRAC 2024 06 17 03 40 20.000000 2  -1.815137450067E-11  2.466649280664E-11
AR GRAC 2024 06 17 03 40 30.000000 2  -1.423505584242E-11  5.147318335452E-11
AR GRAC 2024 06 17 03 40 40.000000 2  -1.905115475098E-11  2.685987023077E-11
AR GRAC 2024 06 17 03 40 50.000000 2  -2.120160123853E-11  3.207655668858E-11
AR GRAC 2024 06 17 03 41  0.000000 2  -1.670205987403E-11  3.702324211097E-11
AR GRAC 2024 06 17 03 41 10.000000 2  -2.002390094014E-11  4.205992151785E-11
AR GRAC 2024 06 17 03 41 20.000000 2  -1.421574663540E-11  1.524660085683E-11
AR GRAC 2024 06 17 03 41 30.000000 2  -2.270877409727E-11  2.942327631539E-11
AR GRAC 2024 06 17 03 41 40.000000 2  -1.884649727946E-11  2.900995069166E-11
AR GRAC 2024 06 17 03 41 50.000000 2  -1.998324769548E-11  3.020662539543E-11
AR GRAC 2024 06 17 03 42  0.000000 2  -1.784751860190E-11  4.096329525582E-11
AR GRAC 2024 06 17 03 42 10.000000 2  -1.696117725436E-11  2.901996178084E-11
AR GRAC 2024 06 17 03 42 20.000000 2  -2.402259814682E-11  2.371662762013E-11
AR GRAC 2024 06 17 03 42 30.000000 2  -1.974918492631E-11  3.929329431274E-11
AR GRAC 2024 06 17 03 42 40.000000 2  -2.448521073395E-11  2.760995425344E-11
AR GRAC 2024 06 17 03 42 50.000000 2  -2.389364747724E-11  1.367661192631E-11
AR GRAC 2024 06 17 03 43  0.000000 2  -2.115184416507E-11  3.249327196198E-11
AR GRAC 2024 06 17 03 43 10.000000 2  -2.065469670298E-11  2.014992513122E-11
AR GRAC 2024 06 17 03 43 20.000000 2  -1.822381655303E-11  3.663657571762E-11
AR GRAC 2024 06 17 03 43 30.000000 2  -2.058160065987E-11  3.407323034832E-11
AR GRAC 2024 06 17 03 43 40.000000 2  -2.268316263987E-11  3.694987718572E-11
AR GRAC 2024 06 17 03 43 50.000000 2  -2.651446597002E-11  1.544652426799E-11
AR GRAC 2024 06 17 03 44  0.000000 2  -2.360726371331E-11  2.821316791302E-11
AR GRAC 2024 06 17 03 44 10.000000 2  -2.629560631739E-11  1.818980903401E-11
AR GRAC 2024 06 17 03 44 20.000000 2  -2.480429577012E-11  4.052645025121E-11
AR GRAC 2024 06 17 03 44 30.000000 2  -2.533645515612E-11  2.449308811325E-11
AR GRAC 2024 06 17 03 44 40.000000 2  -2.708174830224E-11  3.279972474179E-11
AR GRAC 2024 06 17 03 44 50.000000 2  -2.676663751755E-11  3.596635836378E-11
AR GRAC 2024 06 17 03 45  0.000000 2  -2.496623047188E-11  6.292989566947E-12
AR GRAC 2024 06 17 03 45 10.000000 2  -2.941849541749E-11  3.579961674327E-11
AR GRAC 2024 06 17 03 45 20.000000 2  -2.816335879785E-11  2.027624596002E-11
AR GRAC 2024 06 17 03 45 30.000000 2  -3.061927447701E-11  2.544287176776E-11
AR GRAC 2024 06 17 03 45 40.000000 2  -2.530960857561E-11  2.975949348061E-11
AR GRAC 2024 06 17 03 45 50.000000 2  -2.809980026441E-11  2.749611476005E-11
AR GRAC 2024 06 17 03 46  0.000000 2  -2.901682540080E-11  9.312732009159E-12
AR GRAC 2024 06 17 03 46 10.000000 2  -2.849340034750E-11  1.751934881888E-11
AR GRAC 2024 06 17 03 46 20.000000 2  -3.197026324231E-11  3.490596353628E-11
AR GRAC 2024 06 17 03 46 30.000000 2  -2.769052522000E-11  2.576257610021E-11
AR GRAC 2024 06 17 03 46 40.000000 2  -3.518541014103E-11  1.901918379732E-11
AR GRAC 2024 06 17 03 46 50.000000 2  -3.137772333628E-11  1.639579097490E-11
AR GRAC 2024 06 17 03 47  0.000000 2  -3.373103185655E-11  2.310239846648E-11
AR GRAC 2024 06 17 03 47 10.000000 2  -2.462875910159E-11  2.794899901792E-11
AR GRAC 2024 06 17 03 47 20.000000 2  -3.560127193047E-11  2.687560243797E-11
AR GRAC 2024 06 17 03 47 30.000000 2  -3.335503748203E-11  2.745220196998E-11
AR GRAC 2024 06 17 03 47 40.000000 2  -2.536401817743E-11  2.195879762745E-11
AR GRAC 2024 06 17 03 47 50.000000 2  -2.546566429951E-11  2.281539367155E-11
AR GRAC 2024 06 17 03 48  0.000000 2  -3.488579564115E-11  1.714198748226E-11
AR GRAC 2024 06 17 03 48 10.000000 2  -3.372221946130E-11  3.861857361676E-11
AR GRAC 2024 06 17 03 48 20.000000 2  -2.713420634015E-11  8.205163978814E-12
AR GRAC 2024 06 17 03 48 30.000000 2  -3.401440587525E-11  8.681752365625E-12
AR GRAC 2024 06 17 03 48 40.000000 2  -3.297993475537E-11  2.790833363020E-11
AR GRAC 2024 06 17 03 48 50.000000 2  -2.848507887898E-11  1.428491439720E-11
AR GRAC 2024 06 17 03 49  0.000000 2  -3.372402704316E-11  1.811149494269E-11
AR GRAC 2024 06 17 03 49 10.000000 2  -3.085015923276E-11  2.572807245027E-11
AR GRAC 2024 06 17 03 49 20.000000 2  -3.319031854909E-11  1.801464880047E-11
AR GRAC 2024 06 17 03 49 30.000000 2  -3.093819644917E-11  1.800122204076E-11
AR GRAC 2024 06 17 03 49 40.000000 2  -3.293541828153E-11  3.283779151375E-11
AR GRAC 2024 06 17 03 49 50.000000 2  -3.120225952613E-11  1.682436308326E-11
