 2.00 C RINEX VERSION / TYPE
 10.00 INTERVAL
 1 AR # / TYPES OF DATA
 END OF HEADER
AR GRAC 2024 06 06 01 50  0.000000 2   1.261630036553E-11  3.372396112367E-11
AR GRAC 2024 06 06 01 50 10.000000 2   1.904048099743E-11  2.858114266091E-11
AR GRAC 2024 06 06 01 50 20.000000 2   1.672244981377E-11  8.218324458464E-12
AR GRAC 2024 06 06 01 50 30.000000 2   1.874244509592E-11  2.158550074793E-11
AR GRAC 2024 06 06 01 50 40.000000 2   1.752181386094E-11  1.544267838605E-11
AR GRAC 2024 06 06 01 50 50.000000 2   1.958378771649E-11  2.125985498758E-11
AR GRAC 2024 06 06 01 51  0.000000 2   1.619736289538E-11  1.069703006729E-11
AR GRAC 2024 06 06 01 51 10.000000 2   1.776122825203E-11  4.348420235001E-11
AR GRAC 2024 06 06 01 51 20.000000 2   2.209994340308E-11  1.754137460286E-11
AR GRAC 2024 06 06 01 51 30.000000 2   2.305479418485E-11  1.673854457818E-11
AR GRAC 2024 06 06 01 51 40.000000 2   1.430935231417E-11  2.304571290745E-11
AR GRAC 2024 06 06 01 51 50.000000 2   2.176101486506E-11  2.671287843703E-11
AR GRAC 2024 06 06 01 52  0.000000 2   2.075406686786E-11  1.908004483575E-11
AR GRAC 2024 06 06 01 52 10.000000 2   1.868819855810E-11  2.154721019665E-11
AR GRAC 2024 06 06 01 52 20.000000 2   1.949105286891E-11  3.510437079912E-11
AR GRAC 2024 06 06 01 52 30.000000 2   2.601823270720E-11  1.360153482899E-11
AR GRAC 2024 06 06 01 52 40.000000 2   1.823388662281E-11  2.804869184136E-11
AR GRAC 2024 06 06 01 52 50.000000 2   2.351659839084E-11  1.519585325627E-11
AR GRAC 2024 06 06 01 53  0.000000 2   2.054493207504E-11  3.143300897346E-11
AR GRAC 2024 06 06 01 53 10.000000 2   2.108642253862E-11  1.910016589335E-11
AR GRAC 2024 06 06 01 53 20.000000 2   2.388235616213E-11  1.334732064456E-11
AR GRAC 2024 06 06 01 53 30.000000 2   2.170035505455E-11  3.550447089107E-11
AR GRAC 2024 06 06 01 53 40.000000 2   2.132058592175E-11  1.691162487827E-11
AR GRAC 2024 06 06 01 53 50.000000 2   2.074626928583E-11  3.216877111911E-11
AR GRAC 2024 06 06 01 54  0.000000 2   2.441387716989E-11  2.027592330145E-11
AR GRAC 2024 06 06 01 54 10.000000 2   2.475447624661E-11  3.720307048538E-11
AR GRAC 2024 06 06 01 54 20.000000 2   2.276987973171E-11  2.367021682825E-11
AR GRAC 2024 06 06 01 54 30.000000 2   2.117643040089E-11  1.687735888545E-11
AR GRAC 2024 06 06 01 54 40.000000 2   2.484320388296E-11  2.719450185873E-11
AR GRAC 2024 06 06 01 54 50.000000 2   1.899637565306E-11  2.540164432963E-11
AR GRAC 2024 06 06 01 55  0.000000 2   2.473255454605E-11  2.459878481464E-11
AR GRAC 2024 06 06 01 55 10.000000 2   2.358121857504E-11  2.441592240887E-11
AR GRAC 2024 06 06 01 55 20.000000 2   1.729340282086E-11  2.301306020747E-11
AR GRAC 2024 06 06 01 55 30.000000 2   2.296056227091E-11  3.142019630586E-11
AR GRAC 2024 06 06 01 55 40.000000 2   2.338099158727E-11  3.033732987046E-11
AR GRAC 2024 06 06 01 55 50.000000 2   2.105551843989E-11  8.224462777484E-12
AR GRAC 2024 06 06 01 56  0.000000 2   2.853828978688E-11  3.390159680761E-11
AR GRAC 2024 06 06 01 56 10.000000 2   2.312681643413E-11  2.889872542655E-11
AR GRAC 2024 06 06 01 56 20.000000 2   1.985683839578E-11  2.535852821131E-12
AR GRAC 2024 06 06 01 56 30.000000 2   2.302944987487E-11  5.717298162677E-11
AR GRAC 2024 06 06 01 56 40.000000 2   2.644275250152E-11  4.446010573589E-11
AR GRAC 2024 06 06 01 56 50.000000 2   2.129711511312E-11  3.414723018236E-11
AR GRAC 2024 06 06 01 57  0.000000 2   2.659249036252E-11  6.254353372009E-12
AR GRAC 2024 06 06 01 57 10.000000 2   2.179677445480E-11  2.900147309803E-11
AR GRAC 2024 06 06 01 57 20.000000 2   2.480069274946E-11  3.953859462058E-11
AR GRAC 2024 06 06 01 57 30.000000 2   2.210470348429E-11 -2.064286892464E-12
AR GRAC 2024 06 06 01 57 40.000000 2   2.252056874319E-11  2.764282899803E-11
AR GRAC 2024 06 06 01 57 50.000000 2   2.466569309911E-11  3.021994807173E-11
AR GRAC 2024 06 06 01 58  0.000000 2   2.397116186104E-11  3.974705981014E-11
AR GRAC 2024 06 06 01 58 10.000000 2   2.570311151417E-11  1.639417247790E-11
AR GRAC 2024 06 06 01 58 20.000000 2   2.069117099879E-11  4.796128424966E-11
AR GRAC 2024 06 06 01 58 30.000000 2   2.556999924297E-11  1.600839426297E-11
AR GRAC 2024 06 06 01 58 40.000000 2   2.314315232510E-11  3.697550252091E-11
AR GRAC 2024 06 06 01 58 50.000000 2   2.298705843728E-11  3.522260955124E-11
AR GRAC 2024 06 06 01 59  0.000000 2   2.334634395529E-11  3.019715553998E-12
AR GRAC 2024 06 06 01 59 10.000000 2   2.507205380808E-11  3.615682059310E-11
AR GRAC 2024 06 06 01 59 20.000000 2   2.412402395902E-11  4.295392166953E-11
AR GRAC 2024 06 06 01 59 30.000000 2   2.672949535321E-11  4.491023872233E-12
AR GRAC 2024 06 06 01 59 40.000000 2   2.180776913219E-11  4.006812590052E-11
AR GRAC 2024 06 06 01 59 50.000000 2   2.772020633868E-11  2.724522170372E-11
AR GRAC 2024 06 06 02 00  0.000000 2   2.682242275509E-11  2.987231989549E-11
AR GRAC 2024 06 06 02 00 10.000000 2   2.494933946939E-11  2.505941461284E-11
AR GRAC 2024 06 06 02 00 20.000000 2   2.216501635011E-11  2.424650931421E-11
AR GRAC 2024 06 06 02 00 30.000000 2   2.562930076500E-11  4.221360067058E-11
AR GRAC 2024 06 06 02 00 40.000000 2   2.518202833757E-11  3.192069178426E-11
AR GRAC 2024 06 06 02 00 50.000000 2   3.062900627571E-11  4.446778362199E-11
AR GRAC 2024 06 06 02 01  0.000000 2   2.712179092423E-11  1.137487153080E-11
AR GRAC 2024 06 06 02 01 10.000000 2   2.524642474244E-11  3.483196023280E-11
AR GRAC 2024 06 06 02 01 20.000000 2   2.352252073679E-11  2.943904495178E-11
AR GRAC 2024 06 06 02 01 30.000000 2   2.814961805320E-11  3.129612888286E-11
AR GRAC 2024 06 06 02 01 40.000000 2   2.699901066605E-11  2.210321162210E-11
AR GRAC 2024 06 06 02 01 50.000000 2   2.372028094777E-11  4.153029309339E-11
AR GRAC 2024 06 06 02 02  0.000000 2   2.917481187192E-11  2.605737327299E-11
AR GRAC 2024 06 06 02 02 10.000000 2   2.979180097062E-11  1.884445030575E-11
AR GRAC 2024 06 06 02 02 20.000000 2   2.672316187780E-11  1.888152828533E-11
AR GRAC 2024 06 06 02 02 30.000000 2   2.720954017654E-11  5.020860116556E-11
AR GRAC 2024 06 06 02 02 40.000000 2   2.430637462136E-11  2.357567786826E-11
AR GRAC 2024 06 06 02 02 50.000000 2   2.393415500512E-11  3.732275252744E-11
AR GRAC 2024 06 06 02 03  0.000000 2   2.812363189553E-11  2.774982153786E-11
AR GRAC 2024 06 06 02 03 10.000000 2   3.244179230810E-11  3.160689071580E-11
AR GRAC 2024 06 06 02 03 20.000000 2   2.703455861952E-11  3.984396146350E-11
AR GRAC 2024 06 06 02 03 30.000000 2   2.209612180726E-11  2.710102801895E-11
AR GRAC 2024 06 06 02 03 40.000000 2   2.588878937615E-11  3.203809093022E-11
AR GRAC 2024 06 06 02 03 50.000000 2   2.726554919341E-11  4.159516134306E-11
AR GRAC 2024 06 06 02 04  0.000000 2   2.859078598871E-11  1.730222042029E-11
AR GRAC 2024 06 06 02 04 10.000000 2   2.682877704718E-11  4.014928320362E-11
AR GRAC 2024 06 06 02 04 20.000000 2   2.850814549704E-11  2.497634044030E-11
AR GRAC 2024 06 06 02 04 30.000000 2   2.907743663905E-11  3.540339896246E-11
AR GRAC 2024 06 06 02 04 40.000000 2   2.580277658204E-11  2.456045783417E-11
AR GRAC 2024 06 06 02 04 50.000000 2   2.447221765511E-11  4.256751201526E-11
AR GRAC 2024 06 06 02 05  0.000000 2   2.804776549903E-11  2.449456609765E-11
AR GRAC 2024 06 06 02 05 10.000000 2   2.321248922244E-11  2.990161937499E-11
AR GRAC 2024 06 06 02 05 20.000000 2   2.561498062270E-11  2.544867094834E-11
AR GRAC 2024 06 06 02 05 30.000000 2   2.529279910513E-11  3.998572306596E-11
AR GRAC 2024 06 06 02 05 40.000000 2   2.602693234544E-11  2.057276918266E-11
AR GRAC 2024 06 06 02 05 50.000000 2   2.836016838037E-11  3.379981711182E-11
AR GRAC 2024 06 06 02 06  0.000000 2   2.789284254956E-11  2.807686201589E-11
AR GRAC 2024 06 06 02 06 10.000000 2   2.133085201528E-11  2.614390474942E-11
AR GRAC 2024 06 06 02 06 20.000000 2   3.019292454942E-11  3.520094632448E-11
AR GRAC 2024 06 06 02 06 30.000000 2   2.667412644930E-11  2.994798853351E-11
AR GRAC 2024 06 06 02 06 40.000000 2   2.771845947214E-11  4.847502954597E-11
AR GRAC 2024 06 06 02 06 50.000000 2   2.695061535052E-11  2.894206922732E-11
AR GRAC 2024 06 06 02 07  0.000000 2   2.903801331333E-11  1.981910469073E-11
AR GRAC 2024 06 06 02 07 10.000000 2   2.669611753880E-11  3.626614286656E-11
AR GRAC 2024 06 06 02 07 20.000000 2   3.214956773023E-11  4.783317492096E-11
AR GRAC 2024 06 06 02 07 30.000000 2   2.607732259297E-11  3.250020738643E-11
AR GRAC 2024 06 06 02 07 40.000000 2   2.950916594413E-11  3.397724115950E-11
AR GRAC 2024 06 06 02 07 50.000000 2   2.193361464675E-11  3.571426834825E-11
AR GRAC 2024 06 06 02 08  0.000000 2   2.563682946488E-11  3.322129724093E-11
AR GRAC 2024 06 06 02 08 10.000000 2   2.719967306941E-11  3.959832461931E-11
AR GRAC 2024 06 06 02 08 20.000000 2   2.623598560625E-11  3.193535019763E-11
AR GRAC 2024 06 06 02 08 30.000000 2   2.476220790915E-11  2.837237389475E-11
AR GRAC 2024 06 06 02 08 40.000000 2   2.834190000744E-11  2.872939733334E-11
AR GRAC 2024 06 06 02 08 50.000000 2   2.658925683796E-11  3.682641691594E-11
AR GRAC 2024 06 06 02 09  0.000000 2   2.439404928056E-11  3.542343501861E-11
AR GRAC 2024 06 06 02 09 10.000000 2   2.635839289888E-11  3.291045561071E-11
AR GRAC 2024 06 06 02 09 20.000000 2   2.665347630104E-11  4.694747368639E-11
AR GRAC 2024 06 06 02 09 30.000000 2   2.749148825254E-11  1.732448906555E-11
AR GRAC 2024 06 06 02 09 40.000000 2   3.051259939157E-11  2.478150323837E-11
AR GRAC 2024 06 06 02 09 50.000000 2   2.604181800758E-11  2.390851579215E-11
AR GRAC 2024 06 06 02 10  0.000000 2   2.317098769800E-11  3.074552418214E-11
AR GRAC 2024 06 06 02 10 10.000000 2   2.767024283312E-11  5.640253541994E-11
AR GRAC 2024 06 06 02 10 20.000000 2   2.358636723432E-11  3.379954649496E-11
AR GRAC 2024 06 06 02 10 30.000000 2   2.549148739317E-11  4.029655081839E-11
AR GRAC 2024 06 06 02 10 40.000000 2   2.397205003946E-11  4.189355459761E-11
AR GRAC 2024 06 06 02 10 50.000000 2   2.690386281812E-11  3.938056131192E-11
AR GRAC 2024 06 06 02 11  0.000000 2   2.686797832829E-11 -8.724365088870E-13
AR GRAC 2024 06 06 02 11 10.000000 2   3.074876464559E-11  2.687456507333E-11
AR GRAC 2024 06 06 02 11 20.000000 2   2.790869445268E-11  3.436156567616E-11
AR GRAC 2024 06 06 02 11 30.000000 2   2.597568167506E-11  3.949856414165E-11
AR GRAC 2024 06 06 02 11 40.000000 2   2.319223285641E-11  3.655556066184E-11
AR GRAC 2024 06 06 02 11 50.000000 2   2.921960243207E-11  3.210255672403E-11
AR GRAC 2024 06 06 02 12  0.000000 2   2.064157005044E-11  4.421955163147E-11
AR GRAC 2024 06 06 02 12 10.000000 2   2.532872002414E-11  3.680654392380E-11
AR GRAC 2024 06 06 02 12 20.000000 2   2.447123927107E-11  2.317353427206E-11
AR GRAC 2024 06 06 02 12 30.000000 2   2.840325023790E-11  2.269052307158E-11
AR GRAC 2024 06 06 02 12 40.000000 2   2.462276216253E-11  3.616751342861E-11
AR GRAC 2024 06 06 02 12 50.000000 2   2.579735210173E-11  3.965449843490E-11
AR GRAC 2024 06 06 02 13  0.000000 2   2.553186655152E-11  4.171148149101E-11
AR GRAC 2024 06 06 02 13 10.000000 2   2.531015154406E-11  3.261847042468E-11
AR GRAC 2024 06 06 02 13 20.000000 2   2.563030516989E-11  4.067544912001E-11
AR GRAC 2024 06 06 02 13 30.000000 2   2.381282324104E-11  1.765243159979E-11
AR GRAC 2024 06 06 02 13 40.000000 2   2.585263947363E-11  2.993941206064E-11
AR GRAC 2024 06 06 02 13 50.000000 2   2.518403541263E-11  5.738639424768E-11
AR GRAC 2024 06 06 02 14  0.000000 2   2.147551060594E-11  2.438336685340E-11
AR GRAC 2024 06 06 02 14 10.000000 2   2.486006539515E-11  1.897034265785E-11
AR GRAC 2024 06 06 02 14 20.000000 2   2.510138971679E-11  4.228731600997E-11
AR GRAC 2024 06 06 02 14 30.000000 2   2.121373736397E-11  3.717429142291E-11
AR GRAC 2024 06 06 02 14 40.000000 2   2.006939059385E-11  4.299125985763E-11
AR GRAC 2024 06 06 02 14 50.000000 2   2.784249740484E-11  4.074823117817E-11
AR GRAC 2024 06 06 02 15  0.000000 2   2.199997475860E-11  4.094519862052E-11
AR GRAC 2024 06 06 02 15 10.000000 2   2.217103931001E-11  4.010216464456E-11
AR GRAC 2024 06 06 02 15 20.000000 2   2.621376553325E-11  3.224913044941E-11
AR GRAC 2024 06 06 02 15 30.000000 2   1.974615436440E-11  1.567609410336E-11
AR GRAC 2024 06 06 02 15 40.000000 2   2.771579667160E-11  3.807305859471E-11
AR GRAC 2024 06 06 02 15 50.000000 2   2.684612254722E-11  4.327001604243E-11
AR GRAC 2024 06 06 02 16  0.000000 2   2.014371829062E-11  2.362697884561E-11
AR GRAC 2024 06 06 02 16 10.000000 2   2.334856093189E-11  3.321393507449E-11
AR GRAC 2024 06 06 02 16 20.000000 2   1.979830535626E-11  3.409089330275E-11
AR GRAC 2024 06 06 02 16 30.000000 2   1.982344496887E-11  2.344784956476E-11
AR GRAC 2024 06 06 02 16 40.000000 2   1.933632941264E-11  3.148480434700E-11
AR GRAC 2024 06 06 02 16 50.000000 2   2.041490414217E-11  4.669175809879E-11
AR GRAC 2024 06 06 02 17  0.000000 2   1.968062691982E-11  3.474870738374E-11
AR GRAC 2024 06 06 02 17 10.000000 2   2.049096135825E-11  3.399565698392E-11
AR GRAC 2024 06 06 02 17 20.000000 2   2.200788856710E-11  3.933260661615E-11
AR GRAC 2024 06 06 02 17 30.000000 2   1.753050309083E-11  2.654955075232E-11
AR GRAC 2024 06 06 02 17 40.000000 2   2.045541340479E-11  5.538649747172E-11
AR GRAC 2024 06 06 02 17 50.000000 2   2.153869270438E-11  9.943441903193E-12
AR GRAC 2024 06 06 02 18  0.000000 2   1.969051657835E-11  2.986038499797E-11
AR GRAC 2024 06 06 02 18 10.000000 2   1.929041648641E-11  4.538732584214E-11
AR GRAC 2024 06 06 02 18 20.000000 2   2.327527406920E-11  2.011426442072E-11
AR GRAC 2024 06 06 02 18 30.000000 2   2.087177305987E-11  3.688120642220E-11
AR GRAC 2024 06 06 02 18 40.000000 2   2.330594051081E-11  4.715813850531E-11
AR GRAC 2024 06 06 02 18 50.000000 2   1.494994926465E-11  3.664507586265E-11
AR GRAC 2024 06 06 02 19  0.000000 2   2.107031216170E-11  3.760200831260E-11
AR GRAC 2024 06 06 02 19 10.000000 2   1.743653832431E-11  3.179894195182E-11
AR GRAC 2024 06 06 02 19 20.000000 2   1.834662977096E-11  3.265587106283E-11
AR GRAC 2024 06 06 02 19 30.000000 2   1.742152776207E-11  3.978280205263E-11
AR GRAC 2024 06 06 02 19 40.000000 2   1.426497375084E-11  2.428973168433E-11
AR GRAC 2024 06 06 02 19 50.000000 2   2.415290883961E-11  3.539665782704E-11
AR GRAC 2024 06 06 02 20  0.000000 2   1.705750471426E-11  3.085358704635E-11
AR GRAC 2024 06 06 02 20 10.000000 2   1.813370113790E-11  3.132050868659E-11
AR GRAC 2024 06 06 02 20 20.000000 2   1.916515557365E-11  3.303743043026E-11
AR GRAC 2024 06 06 02 20 30.000000 2   1.508801590611E-11  3.557434902213E-11
AR GRAC 2024 06 06 02 20 40.000000 2   1.549976466619E-11  3.299126943856E-11
AR GRAC 2024 06 06 02 20 50.000000 2   1.043657087835E-11  2.514818735200E-11
AR GRAC 2024 06 06 02 21  0.000000 2   1.629454383922E-11  4.770510722563E-11
AR GRAC 2024 06 06 02 21 10.000000 2   1.924306373968E-11  2.422202195762E-11
AR GRAC 2024 06 06 02 21 20.000000 2   1.049225897137E-11  2.636893654817E-11
AR GRAC 2024 06 06 02 21 30.000000 2   1.247551627975E-11  2.427584869236E-11
AR GRAC 2024 06 06 02 21 40.000000 2   1.964534958321E-11  2.431275840376E-11
AR GRAC 2024 06 06 02 21 50.000000 2   1.356983102274E-11  5.467966704420E-11
AR GRAC 2024 06 06 02 22  0.000000 2   1.421080180614E-11  2.910657825872E-11
AR GRAC 2024 06 06 02 22 10.000000 2   1.188690118559E-11  3.011348462256E-11
AR GRAC 2024 06 06 02 22 20.000000 2   1.514061445662E-11  3.080038654679E-11
AR GRAC 2024 06 06 02 22 30.000000 2   1.564441978741E-11  2.492729286874E-11
AR GRAC 2024 06 06 02 22 40.000000 2   1.012276026890E-11  4.212419649208E-11
AR GRAC 2024 06 06 02 22 50.000000 2   1.582473561912E-11  2.041109642414E-11
AR GRAC 2024 06 06 02 23  0.000000 2   1.501383045666E-11  3.808799803329E-11
AR GRAC 2024 06 06 02 23 10.000000 2   1.567687646364E-11  2.683489541688E-11
AR GRAC 2024 06 06 02 23 20.000000 2   1.163224638140E-11  1.882179134771E-11
AR GRAC 2024 06 06 02 23 30.000000 2   1.029978966699E-11  3.814868559937E-11
AR GRAC 2024 06 06 02 23 40.000000 2   1.404052915599E-11  2.592558112635E-11
AR GRAC 2024 06 06 02 23 50.000000 2   1.207385753876E-11  2.179247234058E-11
AR GRAC 2024 06 06 02 24  0.000000 2   1.034095205299E-11  3.712936555433E-11
AR GRAC 2024 06 06 02 24 10.000000 2   1.481163282302E-11  2.554625261331E-11
AR GRAC 2024 06 06 02 24 20.000000 2   6.853357291392E-12  2.638314219872E-11
AR GRAC 2024 06 06 02 24 30.000000 2   7.555143143045E-12  4.108002826797E-11
AR GRAC 2024 06 06 02 24 40.000000 2   1.082739106706E-11  2.634691423364E-11
AR GRAC 2024 06 06 02 24 50.000000 2   9.082673849137E-12  3.424379876882E-11
AR GRAC 2024 06 06 02 25  0.000000 2   1.060003647357E-11  1.925068091047E-11
AR GRAC 2024 06 06 02 25 10.000000 2   8.802167328348E-12  3.550756216830E-11
AR GRAC 2024 06 06 02 25 20.000000 2   8.699450014527E-12  2.149444337796E-11
AR GRAC 2024 06 06 02 25 30.000000 2   7.904008177129E-12  2.546131881720E-11
AR GRAC 2024 06 06 02 25 40.000000 2   6.285191117561E-12  2.416819695761E-11
AR GRAC 2024 06 06 02 25 50.000000 2   6.755931317853E-12  4.299507277983E-11
AR GRAC 2024 06 06 02 26  0.000000 2   1.137292170161E-11  1.561194749866E-11
AR GRAC 2024 06 06 02 26 10.000000 2   9.799135461397E-12  3.020881808591E-11
AR GRAC 2024 06 06 02 26 20.000000 2   5.285584470105E-12  2.927568951150E-11
AR GRAC 2024 06 06 02 26 30.000000 2   7.595675824423E-12  7.812558759646E-12
AR GRAC 2024 06 06 02 26 40.000000 2   3.493353609857E-12  2.085942529817E-11
AR GRAC 2024 06 06 02 26 50.000000 2   1.044251143889E-11  2.796629247626E-11
AR GRAC 2024 06 06 02 27  0.000000 2   9.275523925323E-12  3.314315835667E-11
AR GRAC 2024 06 06 02 27 10.000000 2   1.587077474649E-12  2.453002384550E-11
AR GRAC 2024 06 06 02 27 20.000000 2   8.180054723861E-12  2.559688572212E-11
AR GRAC 2024 06 06 02 27 30.000000 2   5.387002150782E-14  3.966374798048E-11
AR GRAC 2024 06 06 02 27 40.000000 2   7.384776817831E-12  2.147060654267E-11
AR GRAC 2024 06 06 02 27 50.000000 2   4.650808384243E-12  2.293746616255E-11
AR GRAC 2024 06 06 02 28  0.000000 2   4.552244865785E-12  2.162432212460E-11
AR GRAC 2024 06 06 02 28 10.000000 2   4.047128084050E-12  2.418117615866E-11
AR GRAC 2024 06 06 02 28 20.000000 2   5.847383341417E-12  3.245803278928E-11
AR GRAC 2024 06 06 02 28 30.000000 2   5.179194746685E-12  1.191488227525E-11
AR GRAC 2024 06 06 02 28 40.000000 2   4.377675522430E-13  3.181173380273E-11
AR GRAC 2024 06 06 02 28 50.000000 2   2.719170158136E-12  1.771858354482E-11
AR GRAC 2024 06 06 02 29  0.000000 2   4.245902240907E-12  1.827543151534E-11
AR GRAC 2024 06 06 02 29 10.000000 2   3.950900208122E-13  2.527227906113E-11
AR GRAC 2024 06 06 02 29 20.000000 2   2.577404435711E-12  1.421912414201E-11
AR GRAC 2024 06 06 02 29 30.000000 2  -5.628580500988E-12  2.189596767788E-11
AR GRAC 2024 06 06 02 29 40.000000 2   3.244113094478E-12  1.429280999110E-11
AR GRAC 2024 06 06 02 29 50.000000 2   1.163191938602E-12  1.997965161371E-11
AR GRAC 2024 06 06 02 30  0.000000 2  -3.071648621220E-12  2.143649147079E-11
AR GRAC 2024 06 06 02 30 10.000000 2  -7.928318375081E-13  2.330332801725E-11
AR GRAC 2024 06 06 02 30 20.000000 2  -2.534794422970E-12  1.671016623683E-11
AR GRAC 2024 06 06 02 30 30.000000 2  -4.235276192255E-12  2.540700115572E-11
AR GRAC 2024 06 06 02 30 40.000000 2  -1.313922386691E-12  2.993835431300E-12
AR GRAC 2024 06 06 02 30 50.000000 2   4.797693058806E-12  2.542066730726E-11
AR GRAC 2024 06 06 02 31  0.000000 2  -5.273002087053E-12  1.397499195359E-12
AR GRAC 2024 06 06 02 31 10.000000 2  -2.847732466504E-12  2.192432693726E-11
AR GRAC 2024 06 06 02 31 20.000000 2  -1.939147193514E-12  1.171115635024E-11
AR GRAC 2024 06 06 02 31 30.000000 2  -6.321060862235E-12  1.220798288848E-11
AR GRAC 2024 06 06 02 31 40.000000 2  -2.175287727724E-12  5.994808816023E-12
AR GRAC 2024 06 06 02 31 50.000000 2  -4.180240355256E-12  1.655163159309E-11
AR GRAC 2024 06 06 02 32  0.000000 2  -5.786025738391E-12  2.704845375456E-11
AR GRAC 2024 06 06 02 32 10.000000 2  -6.825916784928E-13  1.682527381308E-11
AR GRAC 2024 06 06 02 32 20.000000 2  -7.186936375886E-12  2.242094747709E-12
AR GRAC 2024 06 06 02 32 30.000000 2  -4.696869195658E-12  9.838913538063E-12
AR GRAC 2024 06 06 02 32 40.000000 2  -1.830749961351E-12  1.050572996653E-11
AR GRAC 2024 06 06 02 32 50.000000 2  -4.513898803349E-12  7.972545366941E-12
AR GRAC 2024 06 06 02 33  0.000000 2  -6.134233745958E-12  6.599358212678E-12
AR GRAC 2024 06 06 02 33 10.000000 2  -3.928269601966E-12  1.838617105787E-11
AR GRAC 2024 06 06 02 33 20.000000 2  -7.515903047497E-13  1.010298181919E-11
AR GRAC 2024 06 06 02 33 30.000000 2  -6.282713932437E-12  8.809792305386E-12
AR GRAC 2024 06 06 02 33 40.000000 2  -6.524667958696E-12  1.797659937575E-11
AR GRAC 2024 06 06 02 33 50.000000 2  -3.619607651800E-12  2.354340680744E-11
AR GRAC 2024 06 06 02 34  0.000000 2  -1.170665907962E-11  7.510210335571E-12
AR GRAC 2024 06 06 02 34 10.000000 2  -4.497725109021E-12  1.024701590940E-11
AR GRAC 2024 06 06 02 34 20.000000 2  -1.298867177008E-11 -2.176182628197E-12
AR GRAC 2024 06 06 02 34 30.000000 2  -1.130811590200E-11  5.710618176252E-12
AR GRAC 2024 06 06 02 34 40.000000 2  -4.666576153278E-12  7.417419109479E-12
AR GRAC 2024 06 06 02 34 50.000000 2  -8.388265776427E-12  2.154216692182E-12
AR GRAC 2024 06 06 02 35  0.000000 2  -1.125962517667E-11  1.294101284466E-11
AR GRAC 2024 06 06 02 35 10.000000 2  -7.136128927360E-12 -1.180219030145E-11
AR GRAC 2024 06 06 02 35 20.000000 2  -1.456188121474E-11  1.188460180962E-11
AR GRAC 2024 06 06 02 35 30.000000 2  -1.045014595691E-11  5.171396297299E-12
AR GRAC 2024 06 06 02 35 40.000000 2  -6.014085063288E-12  1.798818559384E-11
AR GRAC 2024 06 06 02 35 50.000000 2  -7.706426642662E-12  2.026497372687E-11
AR GRAC 2024 06 06 02 36  0.000000 2  -1.523159029460E-11 -1.084823723907E-11
AR GRAC 2024 06 06 02 36 10.000000 2  -1.284436185883E-11 -4.291449574173E-12
AR GRAC 2024 06 06 02 36 20.000000 2  -8.561320923028E-12  9.255333478786E-12
AR GRAC 2024 06 06 02 36 30.000000 2  -1.569628628462E-11  2.184211839173E-11
AR GRAC 2024 06 06 02 36 40.000000 2  -1.718914593996E-11 -1.370109754817E-11
AR GRAC 2024 06 06 02 36 50.000000 2  -1.776688171584E-11  1.351568162944E-11
AR GRAC 2024 06 06 02 37  0.000000 2  -9.440961901142E-12 -6.337536832129E-12
AR GRAC 2024 06 06 02 37 10.000000 2  -1.612320693622E-11 -1.920760425711E-12
AR GRAC 2024 06 06 02 37 20.000000 2  -1.553147194189E-11 -9.339839015035E-13
AR GRAC 2024 06 06 02 37 30.000000 2  -2.057201457795E-11  1.351279244749E-11
AR GRAC 2024 06 06 02 37 40.000000 2  -1.159258106176E-11 -4.400434443913E-12
AR GRAC 2024 06 06 02 37 50.000000 2  -1.445673615541E-11 -2.193661701941E-12
AR GRAC 2024 06 06 02 38  0.000000 2  -1.398648384610E-11 -1.166890694314E-12
AR GRAC 2024 06 06 02 38 10.000000 2  -1.898720763949E-11  1.400987745953E-11
AR GRAC 2024 06 06 02 38 20.000000 2  -1.417319473590E-11 -1.000335404788E-11
AR GRAC 2024 06 06 02 38 30.000000 2  -1.568390035900E-11  4.313413341783E-12
AR GRAC 2024 06 06 02 38 40.000000 2  -1.822224836301E-11 -9.209823875755E-12
AR GRAC 2024 06 06 02 38 50.000000 2  -1.250416263587E-11  4.126942711180E-12
AR GRAC 2024 06 06 02 39  0.000000 2  -1.851536111930E-11 -9.046294963122E-12
AR GRAC 2024 06 06 02 39 10.000000 2  -1.954699423157E-11 -5.395352675915E-13
AR GRAC 2024 06 06 02 39 20.000000 2  -1.703236510164E-11 -1.506277394481E-11
AR GRAC 2024 06 06 02 39 30.000000 2  -1.965362941836E-11  2.236398392863E-11
AR GRAC 2024 06 06 02 39 40.000000 2  -1.744190902819E-11 -1.783925958343E-11
AR GRAC 2024 06 06 02 39 50.000000 2  -1.624683373946E-11 -5.250480090849E-14
AR GRAC 2024 06 06 02 40  0.000000 2  -1.843919808509E-11 -1.383575112118E-11
AR GRAC 2024 06 06 02 40 10.000000 2  -1.721422830669E-11 -9.899925931117E-14
AR GRAC 2024 06 06 02 40 20.000000 2  -1.668575000391E-11 -3.122247469248E-12
AR GRAC 2024 06 06 02 40 30.000000 2  -1.949319872185E-11 -3.125498991563E-12
AR GRAC 2024 06 06 02 40 40.000000 2  -1.546900281479E-11 -1.080874972859E-11
AR GRAC 2024 06 06 02 40 50.000000 2  -2.137427387860E-11 -6.362002070992E-12
AR GRAC 2024 06 06 02 41  0.000000 2  -2.322549444433E-11 -2.255259130488E-12
AR GRAC 2024 06 06 02 41 10.000000 2  -1.959377105010E-11 -6.678514512248E-12
AR GRAC 2024 06 06 02 41 20.000000 2  -1.895014180298E-11 -1.693177195672E-11
AR GRAC 2024 06 06 02 41 30.000000 2  -2.107898577908E-11 -1.349503234854E-11
AR GRAC 2024 06 06 02 41 40.000000 2  -2.234175691673E-11 -5.618294458137E-12
AR GRAC 2024 06 06 02 41 50.000000 2  -2.198337345494E-11 -3.011155907950E-11
AR GRAC 2024 06 06 02 42  0.000000 2  -1.700626618695E-11  6.645182234338E-12
AR GRAC 2024 06 06 02 42 10.000000 2  -2.655007810826E-11 -1.609808293612E-11
AR GRAC 2024 06 06 02 42 20.000000 2  -1.914429378913E-11 -5.921348047305E-12
AR GRAC 2024 06 06 02 42 30.000000 2  -2.765675188865E-11 -1.214461864407E-11
AR GRAC 2024 06 06 02 42 40.000000 2  -2.087425197972E-11 -4.578856282848E-13
AR GRAC 2024 06 06 02 42 50.000000 2  -2.176282071220E-11 -1.460115535423E-11
AR GRAC 2024 06 06 02 43  0.000000 2  -2.356271081028E-11 -1.291442994211E-11
AR GRAC 2024 06 06 02 43 10.000000 2  -2.318597223938E-11 -1.673770497201E-11
AR GRAC 2024 06 06 02 43 20.000000 2  -2.434490456449E-11 -1.908097811698E-11
AR GRAC 2024 06 06 02 43 30.000000 2  -2.409293944905E-11 -2.204425357533E-11
AR GRAC 2024 06 06 02 43 40.000000 2  -2.344513819197E-11 -1.318753266311E-11
AR GRAC 2024 06 06 02 43 50.000000 2  -2.717127391139E-11 -1.525081276543E-11
AR GRAC 2024 06 06 02 44  0.000000 2  -2.448951631762E-11 -1.514409257719E-11
AR GRAC 2024 06 06 02 44 10.000000 2  -1.932601995103E-11 -2.818737430965E-11
AR GRAC 2024 06 06 02 44 20.000000 2  -2.695981458911E-11 -1.320065584620E-11
AR GRAC 2024 06 06 02 44 30.000000 2  -2.645871369222E-11 -1.676394266459E-11
AR GRAC 2024 06 06 02 44 40.000000 2  -2.604815842189E-11 -3.647227485304E-12
AR GRAC 2024 06 06 02 44 50.000000 2  -2.455860168005E-11 -3.289052016853E-11
AR GRAC 2024 06 06 02 45  0.000000 2  -2.458897495339E-11 -1.587380227264E-11
AR GRAC 2024 06 06 02 45 10.000000 2  -2.411575453221E-11 -9.187096396135E-12
AR GRAC 2024 06 06 02 45 20.000000 2  -2.718245246947E-11 -2.294038570216E-11
AR GRAC 2024 06 06 02 45 30.000000 2  -2.562614530299E-11 -1.000368017590E-11
AR GRAC 2024 06 06 02 45 40.000000 2  -2.655459359346E-11 -1.584697650880E-11
AR GRAC 2024 06 06 02 45 50.000000 2  -3.131714332305E-11 -1.742027355700E-11
AR GRAC 2024 06 06 02 46  0.000000 2  -2.805257588723E-11 -1.962356839524E-11
AR GRAC 2024 06 06 02 46 10.000000 2  -2.648347340040E-11 -2.430686901755E-11
AR GRAC 2024 06 06 02 46 20.000000 2  -2.812437782662E-11 -2.024017065061E-11
AR GRAC 2024 06 06 02 46 30.000000 2  -2.283287621474E-11 -1.961347403934E-11
AR GRAC 2024 06 06 02 46 40.000000 2  -3.020897768047E-11 -1.989677519965E-11
AR GRAC 2024 06 06 02 46 50.000000 2  -3.099652132188E-11 -2.042008055703E-11
AR GRAC 2024 06 06 02 47  0.000000 2  -2.583043848259E-11 -1.731338683530E-11
AR GRAC 2024 06 06 02 47 10.000000 2  -3.076533125479E-11 -1.568669499852E-11
AR GRAC 2024 06 06 02 47 20.000000 2  -2.683714361851E-11 -2.594000188261E-11
AR GRAC 2024 06 06 02 47 30.000000 2  -2.486874595142E-11 -2.485331385138E-11
AR GRAC 2024 06 06 02 47 40.000000 2  -2.786279887368E-11 -2.279662569826E-11
AR GRAC 2024 06 06 02 47 50.000000 2  -2.507604367208E-11 -1.776993829861E-11
AR GRAC 2024 06 06 02 48  0.000000 2  -3.765557657354E-11 -2.555325395726E-11
AR GRAC 2024 06 06 02 48 10.000000 2  -2.935714171759E-11 -2.550656907907E-11
AR GRAC 2024 06 06 02 48 20.000000 2  -2.954680250467E-11 -1.446988796144E-11
AR GRAC 2024 06 06 02 48 30.000000 2  -2.844717170158E-11 -2.391320648443E-11
AR GRAC 2024 06 06 02 48 40.000000 2  -3.071024337609E-11 -2.379652724871E-11
AR GRAC 2024 06 06 02 48 50.000000 2  -2.956877451221E-11 -2.519985088656E-11
AR GRAC 2024 06 06 02 49  0.000000 2  -2.760278811076E-11 -1.282317221157E-11
AR GRAC 2024 06 06 02 49 10.000000 2  -2.980877003567E-11 -4.166649664183E-11
AR GRAC 2024 06 06 02 49 20.000000 2  -3.055613748137E-11 -9.229824370072E-12
AR GRAC 2024 06 06 02 49 30.000000 2  -2.988685340877E-11 -4.998315303317E-11
AR GRAC 2024 06 06 02 49 40.000000 2  -2.578032232137E-11 -1.229648154133E-11
AR GRAC 2024 06 06 02 49 50.000000 2  -2.774240039083E-11 -2.782981484151E-11
AR GRAC 2024 06 06 02 50  0.000000 2  -2.992050010531E-11 -2.503314396052E-11
AR GRAC 2024 06 06 02 50 10.000000 2  -3.007429721924E-11 -2.849648295111E-11
AR GRAC 2024 06 06 02 50 20.000000 2  -3.338494758420E-11 -1.636981349085E-11
AR GRAC 2024 06 06 02 50 30.000000 2  -2.993397196782E-11 -3.349315269574E-11
AR GRAC 2024 06 06 02 50 40.000000 2  -3.015106914139E-11 -1.286648825677E-11
AR GRAC 2024 06 06 02 50 50.000000 2  -2.674559185234E-11 -2.175982311003E-11
AR GRAC 2024 06 06 02 51  0.000000 2  -3.216920133053E-11 -2.938316603918E-11
AR GRAC 2024 06 06 02 51 10.000000 2  -2.720464652162E-11 -2.992650918743E-11
AR GRAC 2024 06 06 02 51 20.000000 2  -2.918045319267E-11 -2.470985048519E-11
AR GRAC 2024 06 06 02 51 30.000000 2  -3.132013051688E-11 -2.900319914789E-11
AR GRAC 2024 06 06 02 51 40.000000 2  -3.294881034677E-11 -3.098654666189E-11
AR GRAC 2024 06 06 02 51 50.000000 2  -3.255899716503E-11 -4.252989627140E-11
AR GRAC 2024 06 06 02 52  0.000000 2  -3.036206355778E-11 -1.911324050419E-11
AR GRAC 2024 06 06 02 52 10.000000 2  -3.026532149897E-11 -2.858659663152E-11
AR GRAC 2024 06 06 02 52 20.000000 2  -2.956825756462E-11 -2.192994570660E-11
AR GRAC 2024 06 06 02 52 30.000000 2  -3.015365040993E-11 -2.307329848017E-11
AR GRAC 2024 06 06 02 52 40.000000 2  -3.356982400393E-11 -2.571665276563E-11
AR GRAC 2024 06 06 02 52 50.000000 2  -2.890164843561E-11 -3.738001227993E-11
AR GRAC 2024 06 06 02 53  0.000000 2  -3.426906328152E-11 -2.748336627723E-11
AR GRAC 2024 06 06 02 53 10.000000 2  -2.687375842692E-11 -1.822672568430E-11
AR GRAC 2024 06 06 02 53 20.000000 2  -3.306530743652E-11 -4.349008653204E-11
AR GRAC 2024 06 06 02 53 30.000000 2  -3.190851402546E-11 -1.958344771069E-11
AR GRAC 2024 06 06 02 53 40.000000 2  -3.140803242485E-11 -2.412681165964E-11
AR GRAC 2024 06 06 02 53 50.000000 2  -3.139491791537E-11 -3.569017650862E-11
AR GRAC 2024 06 06 02 54  0.000000 2  -2.974571283731E-11 -3.074354312793E-11
AR GRAC 2024 06 06 02 54 10.000000 2  -3.112880092582E-11 -4.404690848170E-11
AR GRAC 2024 06 06 02 54 20.000000 2  -3.227898504043E-11 -1.569028067194E-11
AR GRAC 2024 06 06 02 54 30.000000 2  -2.487086578351E-11 -3.464364906058E-11
AR GRAC 2024 06 06 02 54 40.000000 2  -2.927827424948E-11 -2.736702704731E-11
AR GRAC 2024 06 06 02 54 50.000000 2  -3.235970866267E-11 -2.091039494334E-11
AR GRAC 2024 06 06 02 55  0.000000 2  -3.107322385509E-11 -2.438377277869E-11
AR GRAC 2024 06 06 02 55 10.000000 2  -3.284337732334E-11 -3.555714750414E-11
AR GRAC 2024 06 06 02 55 20.000000 2  -2.953980463016E-11 -3.296052666912E-11
AR GRAC 2024 06 06 02 55 30.000000 2  -3.208817933587E-11 -2.613390753803E-11
AR GRAC 2024 06 06 02 55 40.000000 2  -2.858696439290E-11 -2.056728919120E-11
AR GRAC 2024 06 06 02 55 50.000000 2  -3.097021250564E-11 -3.399067138865E-11
AR GRAC 2024 06 06 02 56  0.000000 2  -2.912088972740E-11 -3.328405606684E-11
AR GRAC 2024 06 06 02 56 10.000000 2  -3.059240361036E-11 -3.379744054066E-11
AR GRAC 2024 06 06 02 56 20.000000 2  -3.244846752404E-11 -2.590082141818E-11
AR GRAC 2024 06 06 02 56 30.000000 2  -2.752046680821E-11 -1.710421040912E-11
AR GRAC 2024 06 06 02 56 40.000000 2  -2.792930990647E-11 -2.727760552157E-11
AR GRAC 2024 06 06 02 56 50.000000 2  -2.606570514985E-11 -2.412099339710E-11
AR GRAC 2024 06 06 02 57  0.000000 2  -3.229171097185E-11 -3.596438771791E-11
AR GRAC 2024 06 06 02 57 10.000000 2  -3.112069282829E-11 -8.347776463136E-12
AR GRAC 2024 06 06 02 57 20.000000 2  -3.276503027227E-11 -2.774117394133E-11
AR GRAC 2024 06 06 02 57 30.000000 2  -3.167620332700E-11 -3.490457228805E-11
AR GRAC 2024 06 06 02 57 40.000000 2  -2.902668556903E-11 -2.603796692147E-11
AR GRAC 2024 06 06 02 57 50.000000 2  -2.319334654888E-11 -2.258136559685E-11
AR GRAC 2024 06 06 02 58  0.000000 2  -2.953797623162E-11 -4.194476710406E-11
AR GRAC 2024 06 06 02 58 10.000000 2  -2.529159000286E-11 -2.793817434343E-11
AR GRAC 2024 06 06 02 58 20.000000 2  -3.108576243638E-11 -3.387157568313E-11
AR GRAC 2024 06 06 02 58 30.000000 2  -3.195810283074E-11 -1.443497491677E-11
AR GRAC 2024 06 06 02 58 40.000000 2  -2.850659465425E-11 -3.155838437796E-11
AR GRAC 2024 06 06 02 58 50.000000 2  -2.823826936171E-11 -2.346179153734E-11
AR GRAC 2024 06 06 02 59  0.000000 2  -2.778159473305E-11 -2.100519931603E-11
AR GRAC 2024 06 06 02 59 10.000000 2  -2.421420182419E-11 -2.675861095203E-11
AR GRAC 2024 06 06 02 59 20.000000 2  -2.762340703399E-11 -2.539202528795E-11
AR GRAC 2024 06 06 02 59 30.000000 2  -2.830242117058E-11 -2.913544058791E-11
AR GRAC 2024 06 06 02 59 40.000000 2  -2.989284861310E-11 -3.142885604546E-11
AR GRAC 2024 06 06 02 59 50.000000 2  -3.265562473209E-11 -2.259226833390E-11
AR GRAC 2024 06 06 03 00  0.000000 2  -2.251260983188E-11 -1.745568793676E-11
AR GRAC 2024 06 06 03 00 10.000000 2  -3.089400957279E-11 -4.031910916247E-11
AR GRAC 2024 06 06 03 00 20.000000 2  -2.711546265299E-11 -4.137252693215E-11
AR GRAC 2024 06 06 03 00 30.000000 2  -2.540996753286E-11  8.704050501185E-12
AR GRAC 2024 06 06 03 00 40.000000 2  -1.862129200836E-11 -2.423937613127E-11
AR GRAC 2024 06 06 03 00 50.000000 2  -2.494973325162E-11 -2.695279763265E-11
AR GRAC 2024 06 06 03 01  0.000000 2  -2.757137400333E-11 -3.647622828784E-11
AR GRAC 2024 06 06 03 01 10.000000 2  -2.620633744732E-11 -1.874965287196E-11
AR GRAC 2024 06 06 03 01 20.000000 2  -2.430458785618E-11 -1.960308478044E-11
AR GRAC 2024 06 06 03 01 30.000000 2  -2.274493267340E-11 -3.655651475976E-11
AR GRAC 2024 06 06 03 01 40.000000 2  -3.033871764924E-11 -2.651994596148E-11
AR GRAC 2024 06 06 03 01 50.000000 2  -2.716868223451E-11 -2.863378154375E-12
AR GRAC 2024 06 06 03 02  0.000000 2  -2.579074974418E-11 -1.816681527433E-11
AR GRAC 2024 06 06 03 02 10.000000 2  -2.281842596819E-11 -3.045024996040E-11
AR GRAC 2024 06 06 03 02 20.000000 2  -2.742844666670E-11 -2.967369058804E-11
AR GRAC 2024 06 06 03 02 30.000000 2  -2.442374427702E-11 -5.547127861216E-12
AR GRAC 2024 06 06 03 02 40.000000 2  -2.238921027742E-11 -1.699056867421E-11
AR GRAC 2024 06 06 03 02 50.000000 2  -2.793452968941E-11 -2.872401275167E-11
AR GRAC 2024 06 06 03 03  0.000000 2  -2.206324012377E-11 -6.874536747151E-13
AR GRAC 2024 06 06 03 03 10.000000 2  -1.867157990720E-11 -1.761089711561E-11
AR GRAC 2024 06 06 03 03 20.000000 2  -2.197712845042E-11 -3.232434805933E-11
AR GRAC 2024 06 06 03 03 30.000000 2  -2.507537059937E-11  4.492206086282E-12
AR GRAC 2024 06 06 03 03 40.000000 2  -2.391779656274E-11 -3.147124227887E-11
AR GRAC 2024 06 06 03 03 50.000000 2  -2.382939331969E-11 -2.986469752053E-11
AR GRAC 2024 06 06 03 04  0.000000 2  -2.294433046335E-11 -2.283814456994E-11
AR GRAC 2024 06 06 03 04 10.000000 2  -2.350759517600E-11  3.068400351511E-12
AR GRAC 2024 06 06 03 04 20.000000 2  -2.332503461211E-11 -3.340505996818E-11
AR GRAC 2024 06 06 03 04 30.000000 2  -2.106093424659E-11 -1.782851123677E-11
AR GRAC 2024 06 06 03 04 40.000000 2  -2.439184271230E-11 -1.561197178479E-11
AR GRAC 2024 06 06 03 04 50.000000 2  -2.072314195245E-11 -2.216542921429E-11
AR GRAC 2024 06 06 03 05  0.000000 2  -2.057660812571E-11 -7.268889917061E-12
AR GRAC 2024 06 06 03 05 10.000000 2  -2.465742540703E-11 -2.209235398787E-11
AR GRAC 2024 06 06 03 05 20.000000 2  -2.275913485450E-11 -2.793581511951E-11
AR GRAC 2024 06 06 03 05 30.000000 2  -2.158143802555E-11 -1.029281044077E-12
AR GRAC 2024 06 06 03 05 40.000000 2  -2.095319057149E-11 -5.712746681957E-12
AR GRAC 2024 06 06 03 05 50.000000 2  -2.345745993282E-11 -2.886621497389E-11
AR GRAC 2024 06 06 03 06  0.000000 2  -2.303614070331E-11 -1.591968397385E-11
AR GRAC 2024 06 06 03 06 10.000000 2  -1.838156363232E-11  9.086844991735E-12
AR GRAC 2024 06 06 03 06 20.000000 2  -2.165367711526E-11 -3.087662764356E-11
AR GRAC 2024 06 06 03 06 30.000000 2  -2.380493718812E-11 -1.050100544714E-12
AR GRAC 2024 06 06 03 06 40.000000 2  -1.457277527817E-11 -2.903577768845E-12
AR GRAC 2024 06 06 03 06 50.000000 2  -1.301217727318E-11 -9.357050724523E-12
AR GRAC 2024 06 06 03 07  0.000000 2  -1.928248186123E-11 -1.708053316840E-11
AR GRAC 2024 06 06 03 07 10.000000 2  -1.256452320658E-11 -3.178401292159E-11
AR GRAC 2024 06 06 03 07 20.000000 2  -1.969230681298E-11  8.925083979164E-13
AR GRAC 2024 06 06 03 07 30.000000 2  -1.624331572025E-11 -1.756097177397E-11
AR GRAC 2024 06 06 03 07 40.000000 2  -9.412930504493E-12 -1.253445871402E-11
AR GRAC 2024 06 06 03 07 50.000000 2  -1.273232214105E-11 -7.942222217622E-15
AR GRAC 2024 06 06 03 08  0.000000 2  -1.484946714203E-11 -2.661143007343E-11
AR GRAC 2024 06 06 03 08 10.000000 2  -1.529375237563E-11 -1.076491673579E-11
AR GRAC 2024 06 06 03 08 20.000000 2  -1.195995559533E-11 -1.143840838019E-11
AR GRAC 2024 06 06 03 08 30.000000 2  -1.420413092701E-11  9.308103766925E-12
AR GRAC 2024 06 06 03 08 40.000000 2  -1.140210929146E-11 -1.512538878867E-11
AR GRAC 2024 06 06 03 08 50.000000 2  -9.599521698378E-12  3.085111333068E-11
AR GRAC 2024 06 06 03 09  0.000000 2  -7.892026442080E-12 -4.249238114151E-11
AR GRAC 2024 06 06 03 09 10.000000 2  -1.463168822213E-11  1.454124798003E-12
AR GRAC 2024 06 06 03 09 20.000000 2  -8.212118485229E-12 -1.978937153035E-11
AR GRAC 2024 06 06 03 09 30.000000 2  -1.100408306143E-11  1.222712642940E-11
AR GRAC 2024 06 06 03 09 40.000000 2  -4.762291689470E-12 -3.688637589816E-11
AR GRAC 2024 06 06 03 09 50.000000 2  -9.871678995077E-12  1.877012434370E-11
AR GRAC 2024 06 06 03 10  0.000000 2  -7.035490245944E-12 -4.943379906808E-12
AR GRAC 2024 06 06 03 10 10.000000 2  -9.447225987613E-12  5.163114727424E-12
AR GRAC 2024 06 06 03 10 20.000000 2  -9.913931654781E-12  1.759608084240E-12
AR GRAC 2024 06 06 03 10 30.000000 2  -8.915876717475E-12 -1.149389958210E-11
AR GRAC 2024 06 06 03 10 40.000000 2  -9.061569203328E-12  1.037259080711E-11
AR GRAC 2024 06 06 03 10 50.000000 2  -8.639934254151E-12  5.969080698470E-12
AR GRAC 2024 06 06 03 11  0.000000 2  -8.563078197910E-12  2.155684620609E-13
AR GRAC 2024 06 06 03 11 10.000000 2  -2.962897722308E-12  8.432053666407E-12
AR GRAC 2024 06 06 03 11 20.000000 2  -3.653675452464E-12 -1.321460952816E-12
AR GRAC 2024 06 06 03 11 30.000000 2  -5.102960588810E-12 -1.522497752870E-11
AR GRAC 2024 06 06 03 11 40.000000 2  -4.915086566915E-12  1.941504032196E-12
AR GRAC 2024 06 06 03 11 50.000000 2  -9.990205711297E-12  7.377984508061E-12
AR GRAC 2024 06 06 03 12  0.000000 2  -5.673827727093E-12  2.094463925212E-12
AR GRAC 2024 06 06 03 12 10.000000 2  -4.621562681162E-12  3.409407088248E-13
AR GRAC 2024 06 06 03 12 20.000000 2  -5.509893756528E-12  7.457416628665E-12
AR GRAC 2024 06 06 03 12 30.000000 2  -6.899091974794E-12  3.389213280684E-14
AR GRAC 2024 06 06 03 12 40.000000 2  -3.533553224327E-12 -3.579634201903E-12
AR GRAC 2024 06 06 03 12 50.000000 2  -1.451564346153E-12  9.226837176246E-12
AR GRAC 2024 06 06 03 13  0.000000 2  -2.123417761069E-12 -6.226692772504E-12
AR GRAC 2024 06 06 03 13 10.000000 2  -5.302092098702E-12  1.646977866587E-11
AR GRAC 2024 06 06 03 13 20.000000 2  -4.838384467382E-12  1.006245651039E-12
AR GRAC 2024 06 06 03 13 30.000000 2  -2.068740144467E-12 -9.267289192982E-12
AR GRAC 2024 06 06 03 13 40.000000 2  -4.159378570734E-12  1.410917563338E-11
AR GRAC 2024 06 06 03 13 50.000000 2  -5.942175571039E-12  2.295638288838E-12
AR GRAC 2024 06 06 03 14  0.000000 2  -3.492058259311E-13 -8.237901680253E-12
AR GRAC 2024 06 06 03 14 10.000000 2  -4.880278906688E-12  1.243856146554E-11
AR GRAC 2024 06 06 03 14 20.000000 2  -1.228050430443E-12 -2.734978910013E-12
AR GRAC 2024 06 06 03 14 30.000000 2  -6.506111621674E-12  1.176147807619E-11
AR GRAC 2024 06 06 03 14 40.000000 2   2.749749213049E-12  6.777934550423E-12
AR GRAC 2024 06 06 03 14 50.000000 2  -3.440089359208E-12  1.538438994253E-11
AR GRAC 2024 06 06 03 15  0.000000 2  -1.973362228833E-12  6.310843340962E-12
AR GRAC 2024 06 06 03 15 10.000000 2   1.061855139407E-12  3.457293912962E-12
AR GRAC 2024 06 06 03 15 20.000000 2   7.339255071737E-12  2.415374497633E-11
AR GRAC 2024 06 06 03 15 30.000000 2   2.166652409786E-13  5.900195262920E-12
AR GRAC 2024 06 06 03 15 40.000000 2   1.398366557097E-12  1.244664094013E-11
AR GRAC 2024 06 06 03 15 50.000000 2  -6.403301933827E-12  9.113088755841E-12
AR GRAC 2024 06 06 03 16  0.000000 2   9.701213356944E-13 -5.730466448584E-12
AR GRAC 2024 06 06 03 16 10.000000 2  -4.259424844083E-12  1.604597704707E-11
AR GRAC 2024 06 06 03 16 20.000000 2   1.018812380922E-13  1.348241830679E-11
AR GRAC 2024 06 06 03 16 30.000000 2   5.207415661873E-12  1.312885737625E-11
AR GRAC 2024 06 06 03 16 40.000000 2   2.941099620790E-12  5.245297252099E-12
AR GRAC 2024 06 06 03 16 50.000000 2   3.155624416287E-12  6.851735758623E-12
AR GRAC 2024 06 06 03 17  0.000000 2   2.533759226736E-12  1.674816882402E-11
AR GRAC 2024 06 06 03 17 10.000000 2   3.401448610621E-12  8.444605258118E-12
AR GRAC 2024 06 06 03 17 20.000000 2   5.378797667682E-12  1.477103855896E-11
AR GRAC 2024 06 06 03 17 30.000000 2   3.569617908553E-12  1.630747099857E-11
AR GRAC 2024 06 06 03 17 40.000000 2   7.992965555918E-13  1.823390223532E-11
AR GRAC 2024 06 06 03 17 50.000000 2   7.632134507718E-12  3.370330056707E-12
AR GRAC 2024 06 06 03 18  0.000000 2   2.341993786403E-12  2.465675753849E-11
AR GRAC 2024 06 06 03 18 10.000000 2   4.257188351842E-12  1.334318332907E-11
AR GRAC 2024 06 06 03 18 20.000000 2   3.589952770819E-12  1.249960811939E-11
AR GRAC 2024 06 06 03 18 30.000000 2   5.719410188509E-12  1.271603222025E-11
AR GRAC 2024 06 06 03 18 40.000000 2   7.520623013235E-12  1.480245266638E-11
AR GRAC 2024 06 06 03 18 50.000000 2   3.810297563578E-12  2.822887409937E-11
AR GRAC 2024 06 06 03 19  0.000000 2   6.744535485659E-12 -3.470593495751E-14
AR GRAC 2024 06 06 03 19 10.000000 2   4.980475667299E-12  3.111711192536E-12
AR GRAC 2024 06 06 03 19 20.000000 2   9.286294823385E-12  1.011812595514E-11
AR GRAC 2024 06 06 03 19 30.000000 2   3.495246843691E-12  3.909454010520E-11
AR GRAC 2024 06 06 03 19 40.000000 2   1.015652666136E-11  2.429095466439E-11
AR GRAC 2024 06 06 03 19 50.000000 2   4.231936415883E-12  2.644736860069E-11
AR GRAC 2024 06 06 03 20  0.000000 2   8.527856372453E-12  2.589377844087E-11
AR GRAC 2024 06 06 03 20 10.000000 2   7.244530062650E-12  3.137018769750E-11
AR GRAC 2024 06 06 03 20 20.000000 2   7.966549295246E-12  1.126592742706E-12
AR GRAC 2024 06 06 03 20 30.000000 2   1.433513897864E-11  2.225299979008E-11
AR GRAC 2024 06 06 03 20 40.000000 2   8.266234918786E-12  1.352940502686E-11
AR GRAC 2024 06 06 03 20 50.000000 2   8.543060356359E-12  1.103580681699E-11
AR GRAC 2024 06 06 03 21  0.000000 2   4.418959555913E-12  3.825221042697E-11
AR GRAC 2024 06 06 03 21 10.000000 2   1.220864208340E-11  2.442861017637E-11
AR GRAC 2024 06 06 03 21 20.000000 2   9.319585901613E-12  1.895500943705E-11
AR GRAC 2024 06 06 03 21 30.000000 2   1.159727262140E-11  1.764140569738E-11
AR GRAC 2024 06 06 03 21 40.000000 2   8.833864195701E-12  2.129780206361E-11
AR GRAC 2024 06 06 03 21 50.000000 2   1.389057705664E-11  2.615419859853E-11
AR GRAC 2024 06 06 03 22  0.000000 2   9.327425984362E-12  3.041059071229E-11
AR GRAC 2024 06 06 03 22 10.000000 2   1.130714619157E-11  2.004698317071E-11
AR GRAC 2024 06 06 03 22 20.000000 2   1.049472401343E-11  2.234337194429E-11
AR GRAC 2024 06 06 03 22 30.000000 2   1.128432503689E-11  1.749976205612E-11
AR GRAC 2024 06 06 03 22 40.000000 2   1.451639329575E-11  3.109614996055E-11
AR GRAC 2024 06 06 03 22 50.000000 2   1.127865769529E-11  2.354253424153E-11
AR GRAC 2024 06 06 03 23  0.000000 2   1.487043474468E-11  2.122892139855E-11
AR GRAC 2024 06 06 03 23 10.000000 2   1.545803762770E-11  2.243530534962E-11
AR GRAC 2024 06 06 03 23 20.000000 2   1.336785369899E-11  2.470168514179E-11
AR GRAC 2024 06 06 03 23 30.000000 2   1.378244827294E-11  2.897806473945E-11
AR GRAC 2024 06 06 03 23 40.000000 2   1.212062308159E-11  2.556444465840E-11
AR GRAC 2024 06 06 03 23 50.000000 2   1.477634854752E-11  1.675082295094E-11
AR GRAC 2024 06 06 03 24  0.000000 2   1.470729961428E-11  2.890719781601E-11
AR GRAC 2024 06 06 03 24 10.000000 2   1.458400240850E-11 -4.676427647898E-12
AR GRAC 2024 06 06 03 24 20.000000 2   1.615664373122E-11  3.590994862579E-11
AR GRAC 2024 06 06 03 24 30.000000 2   1.374649873098E-11  4.793631810940E-11
AR GRAC 2024 06 06 03 24 40.000000 2   1.577078224957E-11  2.080268943216E-11
AR GRAC 2024 06 06 03 24 50.000000 2   1.368557610987E-11  1.719905814990E-11
AR GRAC 2024 06 06 03 25  0.000000 2   1.920315989556E-11  3.833542511211E-11
AR GRAC 2024 06 06 03 25 10.000000 2   1.469570645729E-11  2.478179120247E-11
AR GRAC 2024 06 06 03 25 20.000000 2   1.527162771242E-11  3.060815489953E-11
AR GRAC 2024 06 06 03 25 30.000000 2   1.712434881396E-11  1.830451935858E-11
AR GRAC 2024 06 06 03 25 40.000000 2   1.244437539127E-11  2.415087921315E-11
AR GRAC 2024 06 06 03 25 50.000000 2   1.716072596525E-11  2.923724110038E-11
AR GRAC 2024 06 06 03 26  0.000000 2   1.603479501955E-11  3.658359726266E-11
AR GRAC 2024 06 06 03 26 10.000000 2   2.085715627986E-11  8.779957663685E-12
AR GRAC 2024 06 06 03 26 20.000000 2   1.650287892452E-11  3.646631607790E-11
AR GRAC 2024 06 06 03 26 30.000000 2   1.771545930784E-11  2.325266888759E-11
AR GRAC 2024 06 06 03 26 40.000000 2   1.630672159803E-11  1.699902198171E-11
AR GRAC 2024 06 06 03 26 50.000000 2   2.007220084588E-11  3.862537373278E-11
AR GRAC 2024 06 06 03 27  0.000000 2   2.008987941282E-11  2.583172391268E-11
AR GRAC 2024 06 06 03 27 10.000000 2   1.636950471007E-11  3.425807554303E-11
AR GRAC 2024 06 06 03 27 20.000000 2   1.808640390233E-11  4.803442019141E-11
AR GRAC 2024 06 06 03 27 30.000000 2   1.869255444875E-11  2.964076553646E-11
AR GRAC 2024 06 06 03 27 40.000000 2   1.800784521500E-11  2.485711116107E-11
AR GRAC 2024 06 06 03 27 50.000000 2   2.050220757055E-11  2.799345304172E-11
AR GRAC 2024 06 06 03 28  0.000000 2   1.725023943133E-11  2.968979576079E-11
AR GRAC 2024 06 06 03 28 10.000000 2   1.869122218112E-11  3.009613391836E-11
AR GRAC 2024 06 06 03 28 20.000000 2   1.787931087904E-11  2.921247618803E-11
AR GRAC 2024 06 06 03 28 30.000000 2   2.449364322477E-11  4.539881318100E-11
AR GRAC 2024 06 06 03 28 40.000000 2   2.190257870904E-11  3.124514882935E-11
AR GRAC 2024 06 06 03 28 50.000000 2   1.689573654595E-11  3.655148406168E-11
AR GRAC 2024 06 06 03 29  0.000000 2   2.231300734457E-11  3.626781513999E-11
AR GRAC 2024 06 06 03 29 10.000000 2   1.865111710908E-11  2.624414748020E-11
AR GRAC 2024 06 06 03 29 20.000000 2   1.962552169388E-11  4.062047920250E-11
AR GRAC 2024 06 06 03 29 30.000000 2   2.154261491416E-11  3.966680456324E-11
AR GRAC 2024 06 06 03 29 40.000000 2   2.309282452762E-11  3.655313551842E-11
AR GRAC 2024 06 06 03 29 50.000000 2   2.319085201652E-11  4.304945983025E-11
AR GRAC 2024 06 06 03 30  0.000000 2   2.165556622913E-11  2.738578461225E-11
AR GRAC 2024 06 06 03 30 10.000000 2   1.773364961821E-11  3.392210817799E-11
AR GRAC 2024 06 06 03 30 20.000000 2   2.036461971278E-11  3.401843043371E-11
AR GRAC 2024 06 06 03 30 30.000000 2   1.993286265212E-11  3.481474830647E-11
AR GRAC 2024 06 06 03 30 40.000000 2   2.129480272672E-11  2.606106996872E-11
AR GRAC 2024 06 06 03 30 50.000000 2   1.675441382853E-11  2.914738589377E-11
AR GRAC 2024 06 06 03 31  0.000000 2   2.232137565061E-11  3.947370555424E-11
AR GRAC 2024 06 06 03 31 10.000000 2   1.891654367869E-11  3.950001783992E-11
AR GRAC 2024 06 06 03 31 20.000000 2   2.249594954762E-11  3.004633000736E-11
AR GRAC 2024 06 06 03 31 30.000000 2   2.940496804382E-11  4.217264037987E-11
AR GRAC 2024 06 06 03 31 40.000000 2   2.425383158200E-11  4.583895069077E-11
AR GRAC 2024 06 06 03 31 50.000000 2   1.907528475453E-11  3.232526052388E-11
AR GRAC 2024 06 06 03 32  0.000000 2   2.268250171023E-11  3.823156721761E-11
AR GRAC 2024 06 06 03 32 10.000000 2   2.555952845207E-11  4.122787528038E-11
AR GRAC 2024 06 06 03 32 20.000000 2   1.767058201152E-11  2.734417726968E-11
AR GRAC 2024 06 06 03 32 30.000000 2   2.429296000472E-11  3.822047886515E-11
AR GRAC 2024 06 06 03 32 40.000000 2   1.933685676858E-11  2.686678310382E-11
AR GRAC 2024 06 06 03 32 50.000000 2   2.256433581649E-11  3.571308526684E-11
AR GRAC 2024 06 06 03 33  0.000000 2   2.790183709078E-11  4.272938253225E-11
AR GRAC 2024 06 06 03 33 10.000000 2   2.620085745586E-11  3.048567995267E-11
AR GRAC 2024 06 06 03 33 20.000000 2   1.871971154477E-11  3.751197616420E-11
AR GRAC 2024 06 06 03 33 30.000000 2   1.930214668655E-11  2.784827056457E-11
AR GRAC 2024 06 06 03 33 40.000000 2   1.936880690556E-11  4.683456400478E-11
AR GRAC 2024 06 06 03 33 50.000000 2   2.414205294010E-11  3.423085773169E-11
AR GRAC 2024 06 06 03 34  0.000000 2   1.885266075197E-11  4.328714470203E-11
AR GRAC 2024 06 06 03 34 10.000000 2   2.925028275147E-11  2.753343386619E-11
AR GRAC 2024 06 06 03 34 20.000000 2   2.390269232544E-11  4.263972161467E-11
AR GRAC 2024 06 06 03 34 30.000000 2   1.821359035814E-11  3.470600543065E-11
AR GRAC 2024 06 06 03 34 40.000000 2   2.167040505374E-11  3.330229148002E-11
AR GRAC 2024 06 06 03 34 50.000000 2   2.301201069976E-11  4.077857496121E-11
AR GRAC 2024 06 06 03 35  0.000000 2   2.492235237628E-11  4.201485687139E-11
AR GRAC 2024 06 06 03 35 10.000000 2   1.919856634780E-11  4.607113648913E-11
AR GRAC 2024 06 06 03 35 20.000000 2   2.490299633173E-11  3.179741886461E-11
AR GRAC 2024 06 06 03 35 30.000000 2   1.896395367129E-11  4.265369307754E-11
AR GRAC 2024 06 06 03 35 40.000000 2   2.305214005793E-11  4.112997095684E-11
AR GRAC 2024 06 06 03 35 50.000000 2   1.940233217146E-11  4.104624279355E-11
AR GRAC 2024 06 06 03 36  0.000000 2   2.465781918926E-11  4.286251908958E-11
AR GRAC 2024 06 06 03 36 10.000000 2   2.045416787333E-11  3.383878593999E-11
AR GRAC 2024 06 06 03 36 20.000000 2   2.596139969668E-11  3.133505954711E-11
AR GRAC 2024 06 06 03 36 30.000000 2   2.232257781398E-11  5.133132460755E-11
AR GRAC 2024 06 06 03 36 40.000000 2   2.294570783379E-11  4.014759705240E-11
AR GRAC 2024 06 06 03 36 50.000000 2   1.707668728645E-11  4.007386089633E-11
AR GRAC 2024 06 06 03 37  0.000000 2   2.502507923108E-11  3.744012391782E-11
AR GRAC 2024 06 06 03 37 10.000000 2   2.435898184550E-11  4.521638619082E-11
AR GRAC 2024 06 06 03 37 20.000000 2   2.172924513932E-11  4.066265033020E-11
AR GRAC 2024 06 06 03 37 30.000000 2   2.110453305171E-11  3.716891031069E-11
AR GRAC 2024 06 06 03 37 40.000000 2   2.571541764251E-11  3.225517075656E-11
AR GRAC 2024 06 06 03 37 50.000000 2   2.603743956553E-11  4.279142665209E-11
AR GRAC 2024 06 06 03 38  0.000000 2   2.353318928616E-11  2.754768461954E-11
AR GRAC 2024 06 06 03 38 10.000000 2   2.903637920382E-11  5.307393413645E-11
AR GRAC 2024 06 06 03 38 20.000000 2   2.296534490354E-11  3.679018895086E-11
AR GRAC 2024 06 06 03 38 30.000000 2   2.238121320219E-11  3.488644095828E-11
AR GRAC 2024 06 06 03 38 40.000000 2   2.461323159175E-11  3.298268949625E-11
AR GRAC 2024 06 06 03 38 50.000000 2   2.191200693114E-11  3.431894005090E-11
AR GRAC 2024 06 06 03 39  0.000000 2   2.653002643960E-11  4.129518949014E-11
AR GRAC 2024 06 06 03 39 10.000000 2   2.704979469581E-11  3.743143295321E-11
AR GRAC 2024 06 06 03 39 20.000000 2   2.307997196138E-11  3.989767891066E-11
AR GRAC 2024 06 06 03 39 30.000000 2   2.249869388016E-11  3.931392017487E-11
AR GRAC 2024 06 06 03 39 40.000000 2   2.615760039126E-11  3.610016452438E-11
AR GRAC 2024 06 06 03 39 50.000000 2   2.380002098179E-11  4.219640262204E-11
AR GRAC 2024 06 06 03 40  0.000000 2   2.319608741197E-11  4.114264484656E-11
AR GRAC 2024 06 06 03 40 10.000000 2   1.757529712043E-11  3.471888054829E-11
AR GRAC 2024 06 06 03 40 20.000000 2   2.347815344916E-11  4.322511445998E-11
AR GRAC 2024 06 06 03 40 30.000000 2   2.138992628853E-11  3.772135034885E-11
AR GRAC 2024 06 06 03 40 40.000000 2   2.484050638796E-11  3.512758486868E-11
AR GRAC 2024 06 06 03 40 50.000000 2   2.199834064909E-11  3.880381432841E-11
AR GRAC 2024 06 06 03 41  0.000000 2   2.483011886378E-11  3.217004440614E-11
AR GRAC 2024 06 06 03 41 10.000000 2   2.372967967956E-11  4.141627318877E-11
AR GRAC 2024 06 06 03 41 20.000000 2   2.145009517229E-11  3.719249908052E-11
AR GRAC 2024 06 06 03 41 30.000000 2   2.228582249297E-11  4.435872849595E-11
AR GRAC 2024 06 06 03 41 40.000000 2   2.236356065610E-11  4.568494887947E-11
AR GRAC 2024 06 06 03 41 50.000000 2   2.111864329246E-11  3.721117164401E-11
AR GRAC 2024 06 06 03 42  0.000000 2   2.069601608146E-11  3.724739613964E-11
AR GRAC 2024 06 06 03 42 10.000000 2   2.349646345545E-11  4.716361329260E-11
AR GRAC 2024 06 06 03 42 20.000000 2   2.112588229353E-11  4.617983426214E-11
AR GRAC 2024 06 06 03 42 30.000000 2   2.347713169704E-11  2.382605224227E-11
AR GRAC 2024 06 06 03 42 40.000000 2   2.224017324470E-11  4.201226866396E-11
AR GRAC 2024 06 06 03 42 50.000000 2   1.854282526137E-11  3.492848371645E-11
AR GRAC 2024 06 06 03 43  0.000000 2   2.099542935341E-11  4.001469294801E-11
AR GRAC 2024 06 06 03 43 10.000000 2   2.065281626273E-11  3.228090711405E-11
AR GRAC 2024 06 06 03 43 20.000000 2   2.077164308611E-11  4.069711928567E-11
AR GRAC 2024 06 06 03 43 30.000000 2   1.528548121410E-11  3.846332627400E-11
AR GRAC 2024 06 06 03 43 40.000000 2   2.261574955087E-11  2.917953378923E-11
AR GRAC 2024 06 06 03 43 50.000000 2   2.337058498114E-11  3.553573754700E-11
AR GRAC 2024 06 06 03 44  0.000000 2   1.633916960064E-11  3.266194259499E-11
AR GRAC 2024 06 06 03 44 10.000000 2   2.179248621836E-11  4.322814675661E-11
AR GRAC 2024 06 06 03 44 20.000000 2   2.425410219886E-11  4.291434568815E-11
AR GRAC 2024 06 06 03 44 30.000000 2   2.024796996736E-11  5.005054704021E-11
AR GRAC 2024 06 06 03 44 40.000000 2   2.562882024659E-11  3.304674589533E-11
AR GRAC 2024 06 06 03 44 50.000000 2   1.983422974472E-11  3.870294362773E-11
AR GRAC 2024 06 06 03 45  0.000000 2   1.560965939840E-11  4.428914179844E-11
AR GRAC 2024 06 06 03 45 10.000000 2   2.657096244418E-11  2.997533471438E-11
AR GRAC 2024 06 06 03 45 20.000000 2   1.685515962913E-11  4.130152470028E-11
AR GRAC 2024 06 06 03 45 30.000000 2   1.321375214108E-11  3.718771818262E-11
AR GRAC 2024 06 06 03 45 40.000000 2   2.046227076669E-11  5.415390358365E-11
AR GRAC 2024 06 06 03 45 50.000000 2   2.194259531019E-11  4.346009663259E-11
AR GRAC 2024 06 06 03 46  0.000000 2   1.962733794936E-11  3.778628451800E-11
AR GRAC 2024 06 06 03 46 10.000000 2   2.461081859140E-11  2.979247057389E-11
AR GRAC 2024 06 06 03 46 20.000000 2   1.694139620256E-11  3.573865509088E-11
AR GRAC 2024 06 06 03 46 30.000000 2   1.453156952408E-11  4.632483632805E-11
AR GRAC 2024 06 06 03 46 40.000000 2   2.123524620035E-11  3.382101890215E-11
AR GRAC 2024 06 06 03 46 50.000000 2   2.273008864462E-11  4.318719687424E-11
AR GRAC 2024 06 06 03 47  0.000000 2   9.497707308126E-12  3.458338129758E-11
AR GRAC 2024 06 06 03 47 10.000000 2   1.864298646015E-11  3.917955543331E-11
AR GRAC 2024 06 06 03 47 20.000000 2   1.388378214479E-11  4.594573332906E-11
AR GRAC 2024 06 06 03 47 30.000000 2   2.346219746263E-11  5.563190533242E-11
AR GRAC 2024 06 06 03 47 40.000000 2   1.734858090519E-11  3.378807997279E-11
AR GRAC 2024 06 06 03 47 50.000000 2   2.089944883821E-11  3.728425207461E-11
AR GRAC 2024 06 06 03 48  0.000000 2   1.686835220116E-11  3.882041910153E-11
AR GRAC 2024 06 06 03 48 10.000000 2   1.772890341478E-11  4.088658925316E-11
AR GRAC 2024 06 06 03 48 20.000000 2   1.803510812914E-11  4.001275699661E-11
AR GRAC 2024 06 06 03 48 30.000000 2   1.932558106599E-11  3.584892105390E-11
AR GRAC 2024 06 06 03 48 40.000000 2   1.401637746840E-11  3.194508893523E-11
AR GRAC 2024 06 06 03 48 50.000000 2   1.862158517663E-11  4.066124867363E-11
AR GRAC 2024 06 06 03 49  0.000000 2   1.572944552386E-11  3.397741116240E-11
AR GRAC 2024 06 06 03 49 10.000000 2   1.720474457345E-11  3.153357089336E-11
AR GRAC 2024 06 06 03 49 20.000000 2   1.790918455202E-11  3.350972971328E-11
AR GRAC 2024 06 06 03 49 30.000000 2   1.550005263029E-11  5.844589395787E-11
AR GRAC 2024 06 06 03 49 40.000000 2   1.450347741211E-11  4.499204481201E-11
AR GRAC 2024 06 06 03 49 50.000000 2   1.680318557906E-11  3.747819762867E-11
