 2.00 C RINEX VERSION / TYPE
 10.00 INTERVAL
 1 AR # / TYPES OF DATA
 END OF HEADER
AR GRAC 2024 06 16 01 50  0.000000 2   8.680612652301E-12 -8.251473289367E-12
AR GRAC 2024 06 16 01 50 10.000000 2   7.371328374084E-12  1.880471825347E-13
AR GRAC 2024 06 16 01 50 20.000000 2   8.647120346150E-12 -1.133243412305E-11
AR GRAC 2024 06 16 01 50 30.000000 2   7.605164761837E-12 -1.629178427364E-13
AR GRAC 2024 06 16 01 50 40.000000 2   1.030707116878E-11  3.066596889617E-12
AR GRAC 2024 06 16 01 50 50.000000 2   6.944131901443E-12  1.186610879000E-11
AR GRAC 2024 06 16 01 51  0.000000 2   7.281923328217E-12 -5.524381299638E-12
AR GRAC 2024 06 16 01 51 10.000000 2   7.670356537426E-12  1.548512706950E-11
AR GRAC 2024 06 16 01 51 20.000000 2   9.003410864072E-12 -4.153672306280E-13
AR GRAC 2024 06 16 01 51 30.000000 2   1.011849111443E-11  6.064137039741E-12
AR GRAC 2024 06 16 01 51 40.000000 2   8.024038031240E-12 -1.900636245611E-11
AR GRAC 2024 06 16 01 51 50.000000 2   1.016577707430E-11  9.763137347185E-12
AR GRAC 2024 06 16 01 52  0.000000 2   7.776306508445E-12  2.074263504015E-11
AR GRAC 2024 06 16 01 52 10.000000 2   1.106925402033E-11  1.320213122852E-11
AR GRAC 2024 06 16 01 52 20.000000 2   9.708397280539E-12  3.301623731355E-12
AR GRAC 2024 06 16 01 52 30.000000 2   9.741203503555E-12  1.061114954584E-12
AR GRAC 2024 06 16 01 52 40.000000 2   7.920917394211E-12  9.506046123875E-13
AR GRAC 2024 06 16 01 52 50.000000 2   8.669612770740E-12  2.131009084472E-11
AR GRAC 2024 06 16 01 53  0.000000 2   1.076565312591E-11  1.416957610273E-11
AR GRAC 2024 06 16 01 53 10.000000 2   8.943394635974E-12 -5.640939972074E-12
AR GRAC 2024 06 16 01 53 20.000000 2   1.002146716306E-11  2.426853856763E-11
AR GRAC 2024 06 16 01 53 30.000000 2   9.872560234603E-12  2.848018912718E-12
AR GRAC 2024 06 16 01 53 40.000000 2   1.240431628940E-11  2.211749706993E-11
AR GRAC 2024 06 16 01 53 50.000000 2   1.026632598378E-11  2.936970111556E-12
AR GRAC 2024 06 16 01 54  0.000000 2   1.057735583149E-11 -4.013556847982E-12
AR GRAC 2024 06 16 01 54 10.000000 2   1.029043517065E-11  2.568591346563E-11
AR GRAC 2024 06 16 01 54 20.000000 2   1.000651731614E-11 -6.546188829719E-13
AR GRAC 2024 06 16 01 54 30.000000 2   1.151784917441E-11  2.270484668332E-11
AR GRAC 2024 06 16 01 54 40.000000 2   1.169700360876E-11 -6.056885678771E-13
AR GRAC 2024 06 16 01 54 50.000000 2   8.666296846815E-12  6.723773447737E-12
AR GRAC 2024 06 16 01 55  0.000000 2   1.070906037459E-11  3.178323229602E-11
AR GRAC 2024 06 16 01 55 10.000000 2   1.165865320951E-11  1.560269101419E-11
AR GRAC 2024 06 16 01 55 20.000000 2   1.273711171257E-11  1.542214793371E-11
AR GRAC 2024 06 16 01 55 30.000000 2   1.043948608115E-11  6.141600249199E-12
AR GRAC 2024 06 16 01 55 40.000000 2   1.184485669270E-11  2.908105180277E-11
AR GRAC 2024 06 16 01 55 50.000000 2   1.140750254675E-11  2.238050196557E-11
AR GRAC 2024 06 16 01 56  0.000000 2   1.180044343491E-11  8.929947926950E-12
AR GRAC 2024 06 16 01 56 10.000000 2   1.290265550652E-11  2.963939163547E-11
AR GRAC 2024 06 16 01 56 20.000000 2   1.105559914449E-11  6.598837361954E-12
AR GRAC 2024 06 16 01 56 30.000000 2   1.121432374046E-11  1.144827722205E-11
AR GRAC 2024 06 16 01 56 40.000000 2   1.347166735804E-11  2.400771595412E-11
AR GRAC 2024 06 16 01 56 50.000000 2   1.016884753485E-11  9.587152252633E-12
AR GRAC 2024 06 16 01 57  0.000000 2   1.179802436302E-11  1.557658863005E-11
AR GRAC 2024 06 16 01 57 10.000000 2   1.259581414864E-11  4.719602139658E-11
AR GRAC 2024 06 16 01 57 20.000000 2   1.384143234057E-11 -1.884548723671E-12
AR GRAC 2024 06 16 01 57 30.000000 2   1.247744876171E-11  1.830488018106E-11
AR GRAC 2024 06 16 01 57 40.000000 2   9.656552467374E-12  3.731430789355E-11
AR GRAC 2024 06 16 01 57 50.000000 2   1.355489158417E-11  1.093372961614E-11
AR GRAC 2024 06 16 01 58  0.000000 2   1.416679013683E-11  2.238315262304E-11
AR GRAC 2024 06 16 01 58 10.000000 2   1.305059879608E-11  3.658257030636E-11
AR GRAC 2024 06 16 01 58 20.000000 2   1.224289159635E-11  2.646199058487E-11
AR GRAC 2024 06 16 01 58 30.000000 2   1.390984636501E-11  2.572140590795E-11
AR GRAC 2024 06 16 01 58 40.000000 2   1.253715794375E-11  2.357082064253E-11
AR GRAC 2024 06 16 01 58 50.000000 2   1.237005723548E-11  1.588023115784E-11
AR GRAC 2024 06 16 01 59  0.000000 2   1.232079542557E-11  1.514964195759E-11
AR GRAC 2024 06 16 01 59 10.000000 2   1.526127141327E-11  3.676904961059E-11
AR GRAC 2024 06 16 01 59 20.000000 2   1.410152897230E-11  2.687845432336E-11
AR GRAC 2024 06 16 01 59 30.000000 2   1.401689788544E-11  6.447858306308E-12
AR GRAC 2024 06 16 01 59 40.000000 2   1.331064598820E-11  5.043725853637E-11
AR GRAC 2024 06 16 01 59 50.000000 2   1.415102843932E-11  3.335665771376E-11
AR GRAC 2024 06 16 02 00  0.000000 2   1.310699465629E-11 -1.863944979266E-12
AR GRAC 2024 06 16 02 00 10.000000 2   1.515432397625E-11  5.142545070336E-11
AR GRAC 2024 06 16 02 00 20.000000 2   1.406473288529E-11  1.980484352904E-11
AR GRAC 2024 06 16 02 00 30.000000 2   1.472543094405E-11  7.634233523124E-12
AR GRAC 2024 06 16 02 00 40.000000 2   1.531925628018E-11  3.854362315425E-11
AR GRAC 2024 06 16 02 00 50.000000 2   1.559907585047E-11  2.925300973677E-11
AR GRAC 2024 06 16 02 01  0.000000 2   1.423940999834E-11  1.853239263438E-11
AR GRAC 2024 06 16 02 01 10.000000 2   1.370359815206E-11  2.620177685930E-11
AR GRAC 2024 06 16 02 01 20.000000 2   1.395608194982E-11  2.448115668519E-11
AR GRAC 2024 06 16 02 01 30.000000 2   1.422529889022E-11  2.182053322752E-11
AR GRAC 2024 06 16 02 01 40.000000 2   1.412990037475E-11  1.282990987755E-11
AR GRAC 2024 06 16 02 01 50.000000 2   1.430928465995E-11  2.155928560676E-11
AR GRAC 2024 06 16 02 02  0.000000 2   1.489377718378E-11  4.773865330820E-11
AR GRAC 2024 06 16 02 02 10.000000 2   1.554425338446E-11  2.977802726623E-11
AR GRAC 2024 06 16 02 02 20.000000 2   1.401437819959E-11  3.991739577769E-11
AR GRAC 2024 06 16 02 02 30.000000 2   1.511416686251E-11  7.156760427340E-12
AR GRAC 2024 06 16 02 02 40.000000 2   1.191561693065E-11  4.336612319245E-11
AR GRAC 2024 06 16 02 02 50.000000 2   1.440676831305E-11  2.025548478946E-11
AR GRAC 2024 06 16 02 03  0.000000 2   1.501784807623E-11  4.436484166148E-11
AR GRAC 2024 06 16 02 03 10.000000 2   1.800069988900E-11  3.229419856532E-11
AR GRAC 2024 06 16 02 03 20.000000 2   1.384345763022E-11  1.649355478583E-11
AR GRAC 2024 06 16 02 03 30.000000 2   1.370546384716E-11  4.119291019400E-11
AR GRAC 2024 06 16 02 03 40.000000 2   1.568604968138E-11  3.375226140245E-11
AR GRAC 2024 06 16 02 03 50.000000 2   1.524907283779E-11  2.778160687611E-11
AR GRAC 2024 06 16 02 04  0.000000 2   1.460730321423E-11  4.363095648663E-11
AR GRAC 2024 06 16 02 04 10.000000 2   1.678807440286E-11  2.103030076472E-11
AR GRAC 2024 06 16 02 04 20.000000 2   1.523597567554E-11  3.593964362225E-11
AR GRAC 2024 06 16 02 04 30.000000 2   1.439953364879E-11  5.020898280472E-11
AR GRAC 2024 06 16 02 04 40.000000 2   1.405677917815E-11  3.597832448632E-11
AR GRAC 2024 06 16 02 04 50.000000 2   1.510893667123E-11  2.187765940631E-11
AR GRAC 2024 06 16 02 05  0.000000 2   1.607772422141E-11  3.925699348928E-11
AR GRAC 2024 06 16 02 05 10.000000 2   1.494696380555E-11  4.089632452131E-11
AR GRAC 2024 06 16 02 05 20.000000 2   1.621507789151E-11  3.433565584632E-11
AR GRAC 2024 06 16 02 05 30.000000 2   1.638011948302E-11  3.863498063139E-11
AR GRAC 2024 06 16 02 05 40.000000 2   1.617577773116E-11  4.031430744789E-11
AR GRAC 2024 06 16 02 05 50.000000 2   1.440231701261E-11  5.491363266885E-11
AR GRAC 2024 06 16 02 06  0.000000 2   1.822986032962E-11  1.127295479186E-11
AR GRAC 2024 06 16 02 06 10.000000 2   1.465087599850E-11  4.761227523353E-11
AR GRAC 2024 06 16 02 06 20.000000 2   1.512030084472E-11  4.294159125506E-11
AR GRAC 2024 06 16 02 06 30.000000 2   1.777225415445E-11  2.921090799801E-11
AR GRAC 2024 06 16 02 06 40.000000 2   1.619184474000E-11  4.214021839810E-11
AR GRAC 2024 06 16 02 06 50.000000 2   1.611429219228E-11  3.741953275016E-11
AR GRAC 2024 06 16 02 07  0.000000 2   1.686207076745E-11  3.235884130093E-11
AR GRAC 2024 06 16 02 07 10.000000 2   1.526621017101E-11  4.066814940362E-11
AR GRAC 2024 06 16 02 07 20.000000 2   1.691403961335E-11  3.121745223433E-11
AR GRAC 2024 06 16 02 07 30.000000 2   1.707150219799E-11  4.094675293276E-11
AR GRAC 2024 06 16 02 07 40.000000 2   1.540253341537E-11  5.684605564049E-11
AR GRAC 2024 06 16 02 07 50.000000 2   1.751424352769E-11  4.473535430982E-11
AR GRAC 2024 06 16 02 08  0.000000 2   1.667569034247E-11  3.190464906155E-11
AR GRAC 2024 06 16 02 08 10.000000 2   1.624697945624E-11  5.223394633491E-11
AR GRAC 2024 06 16 02 08 20.000000 2   1.820800454855E-11  2.156323730684E-11
AR GRAC 2024 06 16 02 08 30.000000 2   1.580820196967E-11  3.376253096543E-11
AR GRAC 2024 06 16 02 08 40.000000 2   1.544788255647E-11  4.663181646380E-11
AR GRAC 2024 06 16 02 08 50.000000 2   1.666800204803E-11  4.083110238806E-11
AR GRAC 2024 06 16 02 09  0.000000 2   1.702284146976E-11  3.920038946226E-11
AR GRAC 2024 06 16 02 09 10.000000 2   1.595737951499E-11  3.936967071794E-11
AR GRAC 2024 06 16 02 09 20.000000 2   1.692011981913E-11  4.225894981169E-11
AR GRAC 2024 06 16 02 09 30.000000 2   1.482782473194E-11  4.576822601465E-11
AR GRAC 2024 06 16 02 09 40.000000 2   1.614264451277E-11  4.055750180143E-11
AR GRAC 2024 06 16 02 09 50.000000 2   1.706008424807E-11  3.792677630288E-11
AR GRAC 2024 06 16 02 10  0.000000 2   1.519677092499E-11  3.076604596086E-11
AR GRAC 2024 06 16 02 10 10.000000 2   1.695604073815E-11  3.512531585037E-11
AR GRAC 2024 06 16 02 10 20.000000 2   1.733932789016E-11  3.983458354839E-11
AR GRAC 2024 06 16 02 10 30.000000 2   1.905078005071E-11  4.155384716875E-11
AR GRAC 2024 06 16 02 10 40.000000 2   1.686865404305E-11  3.889311095406E-11
AR GRAC 2024 06 16 02 10 50.000000 2   1.499101710822E-11  3.570237161465E-11
AR GRAC 2024 06 16 02 11  0.000000 2   1.671895087652E-11  3.739163145777E-11
AR GRAC 2024 06 16 02 11 10.000000 2   1.880375369301E-11  5.282088655356E-11
AR GRAC 2024 06 16 02 11 20.000000 2   1.733554966243E-11  4.703014366836E-11
AR GRAC 2024 06 16 02 11 30.000000 2   1.753068003263E-11  2.408939540899E-11
AR GRAC 2024 06 16 02 11 40.000000 2   1.652762128546E-11  3.550864810520E-11
AR GRAC 2024 06 16 02 11 50.000000 2   1.882179655188E-11  4.638789352640E-11
AR GRAC 2024 06 16 02 12  0.000000 2   1.700472748722E-11  4.389713939568E-11
AR GRAC 2024 06 16 02 12 10.000000 2   1.673181385109E-11  4.666638256379E-11
AR GRAC 2024 06 16 02 12 20.000000 2   1.611573548221E-11  3.693562816709E-11
AR GRAC 2024 06 16 02 12 30.000000 2   1.810569576211E-11  3.405486656560E-11
AR GRAC 2024 06 16 02 12 40.000000 2   1.650675776621E-11  4.438410403096E-11
AR GRAC 2024 06 16 02 12 50.000000 2   1.646407836453E-11  3.829334072059E-11
AR GRAC 2024 06 16 02 13  0.000000 2   1.970730349743E-11  3.792257480262E-11
AR GRAC 2024 06 16 02 13 10.000000 2   1.721423524559E-11  5.010180464948E-11
AR GRAC 2024 06 16 02 13 20.000000 2   1.644899320918E-11  3.831103490004E-11
AR GRAC 2024 06 16 02 13 30.000000 2   1.786816875016E-11  3.635026307736E-11
AR GRAC 2024 06 16 02 13 40.000000 2   1.756628696670E-11  3.591948960491E-11
AR GRAC 2024 06 16 02 13 50.000000 2   1.780836936249E-11  4.869871172986E-11
AR GRAC 2024 06 16 02 14  0.000000 2   1.589267432933E-11  2.093793194380E-11
AR GRAC 2024 06 16 02 14 10.000000 2   1.747620277659E-11  3.348715055251E-11
AR GRAC 2024 06 16 02 14 20.000000 2   1.755029975514E-11  4.386636887066E-11
AR GRAC 2024 06 16 02 14 30.000000 2   1.816224080853E-11  4.162558492338E-11
AR GRAC 2024 06 16 02 14 40.000000 2   1.798378806983E-11  5.243479608841E-11
AR GRAC 2024 06 16 02 14 50.000000 2   1.832897549015E-11  2.631400826403E-11
AR GRAC 2024 06 16 02 15  0.000000 2   1.565740939680E-11  3.221321473457E-11
AR GRAC 2024 06 16 02 15 10.000000 2   1.647692746132E-11  4.177242232672E-11
AR GRAC 2024 06 16 02 15 20.000000 2   1.769608244662E-11  2.374162672014E-11
AR GRAC 2024 06 16 02 15 30.000000 2   1.614923125781E-11  4.864082747691E-11
AR GRAC 2024 06 16 02 15 40.000000 2   1.664797640022E-11  2.433002931068E-11
AR GRAC 2024 06 16 02 15 50.000000 2   1.873266125552E-11  5.382922926844E-11
AR GRAC 2024 06 16 02 16  0.000000 2   1.837106508584E-11  3.369842599410E-11
AR GRAC 2024 06 16 02 16 10.000000 2   1.815154450358E-11  2.582761782222E-11
AR GRAC 2024 06 16 02 16 20.000000 2   1.831527811358E-11  4.837680950276E-11
AR GRAC 2024 06 16 02 16 30.000000 2   1.757478711173E-11  3.710599882911E-11
AR GRAC 2024 06 16 02 16 40.000000 2   1.766686102966E-11  4.749518486835E-11
AR GRAC 2024 06 16 02 16 50.000000 2   1.635424261293E-11  3.412437346584E-11
AR GRAC 2024 06 16 02 17  0.000000 2   1.633380583566E-11  2.967355527961E-11
AR GRAC 2024 06 16 02 17 10.000000 2   1.895077324232E-11  4.516273813260E-11
AR GRAC 2024 06 16 02 17 20.000000 2   1.720605602440E-11  4.059191871519E-11
AR GRAC 2024 06 16 02 17 30.000000 2   1.751950494400E-11  3.524109476460E-11
AR GRAC 2024 06 16 02 17 40.000000 2   1.594786976089E-11  4.165027003844E-11
AR GRAC 2024 06 16 02 17 50.000000 2   1.898334441031E-11  3.878944387914E-11
AR GRAC 2024 06 16 02 18  0.000000 2   2.020578149242E-11  3.124861480686E-11
AR GRAC 2024 06 16 02 18 10.000000 2   1.839574152729E-11  3.982778343237E-11
AR GRAC 2024 06 16 02 18 20.000000 2   1.935550331122E-11  4.061694730551E-11
AR GRAC 2024 06 16 02 18 30.000000 2   1.822528586382E-11  3.965611172774E-11
AR GRAC 2024 06 16 02 18 40.000000 2   1.821524875378E-11  3.782527763230E-11
AR GRAC 2024 06 16 02 18 50.000000 2   1.467812503486E-11  3.838443798920E-11
AR GRAC 2024 06 16 02 19  0.000000 2   1.780426500675E-11  3.262359479783E-11
AR GRAC 2024 06 16 02 19 10.000000 2   1.773490208856E-11  3.435275328090E-11
AR GRAC 2024 06 16 02 19 20.000000 2   1.760818227337E-11  3.807190673832E-11
AR GRAC 2024 06 16 02 19 30.000000 2   1.637558318113E-11  3.674105811258E-11
AR GRAC 2024 06 16 02 19 40.000000 2   1.706188142159E-11  4.633020703193E-11
AR GRAC 2024 06 16 02 19 50.000000 2   1.934444791851E-11  4.613935622455E-11
AR GRAC 2024 06 16 02 20  0.000000 2   1.590838051568E-11  2.943850371806E-11
AR GRAC 2024 06 16 02 20 10.000000 2   1.612689669306E-11  3.436764414722E-11
AR GRAC 2024 06 16 02 20 20.000000 2   1.832435939098E-11  2.994678810486E-11
AR GRAC 2024 06 16 02 20 30.000000 2   1.631821414105E-11  3.796592554228E-11
AR GRAC 2024 06 16 02 20 40.000000 2   1.964552305556E-11  4.217506552329E-11
AR GRAC 2024 06 16 02 20 50.000000 2   1.642315450301E-11  2.937419751881E-11
AR GRAC 2024 06 16 02 21  0.000000 2   1.741021563029E-11  4.327333283372E-11
AR GRAC 2024 06 16 02 21 10.000000 2   1.635284789525E-11  3.749246399454E-11
AR GRAC 2024 06 16 02 21 20.000000 2   1.608702060452E-11  4.535159400798E-11
AR GRAC 2024 06 16 02 21 30.000000 2   1.710520093623E-11  4.224071786796E-11
AR GRAC 2024 06 16 02 21 40.000000 2   1.807071679794E-11  3.006984591880E-11
AR GRAC 2024 06 16 02 21 50.000000 2   1.723553418043E-11  4.704896888752E-11
AR GRAC 2024 06 16 02 22  0.000000 2   1.719754894047E-11  3.066808959562E-11
AR GRAC 2024 06 16 02 22 10.000000 2   1.792669311607E-11  4.434720646262E-11
AR GRAC 2024 06 16 02 22 20.000000 2   1.799265944569E-11  3.949632287892E-11
AR GRAC 2024 06 16 02 22 30.000000 2   1.699892310247E-11  4.443543796806E-11
AR GRAC 2024 06 16 02 22 40.000000 2   1.670270692589E-11  4.180454940550E-11
AR GRAC 2024 06 16 02 22 50.000000 2   1.872450111629E-11  3.865366013378E-11
AR GRAC 2024 06 16 02 23  0.000000 2   1.858866359450E-11  4.918276896859E-11
AR GRAC 2024 06 16 02 23 10.000000 2   1.919382881799E-11  2.536187405922E-11
AR GRAC 2024 06 16 02 23 20.000000 2   1.654147478714E-11  4.027097752490E-11
AR GRAC 2024 06 16 02 23 30.000000 2   1.680567317253E-11  3.868007997232E-11
AR GRAC 2024 06 16 02 23 40.000000 2   1.806632100865E-11  4.573917980477E-11
AR GRAC 2024 06 16 02 23 50.000000 2   1.673227008336E-11  2.315827737909E-11
AR GRAC 2024 06 16 02 24  0.000000 2   1.675632896325E-11  5.334737165907E-11
AR GRAC 2024 06 16 02 24 10.000000 2   1.831009302511E-11  3.537646564578E-11
AR GRAC 2024 06 16 02 24 20.000000 2   1.633212488861E-11  3.874555884464E-11
AR GRAC 2024 06 16 02 24 30.000000 2   1.698351181911E-11  3.499464953927E-11
AR GRAC 2024 06 16 02 24 40.000000 2   1.741355497298E-11  3.140373378008E-11
AR GRAC 2024 06 16 02 24 50.000000 2   1.584419227763E-11  4.374281839525E-11
AR GRAC 2024 06 16 02 25  0.000000 2   1.889858408655E-11  5.072190237265E-11
AR GRAC 2024 06 16 02 25 10.000000 2   1.556875982300E-11  3.562098185861E-11
AR GRAC 2024 06 16 02 25 20.000000 2   1.650869718706E-11  3.327006378728E-11
AR GRAC 2024 06 16 02 25 30.000000 2   1.827298902468E-11  4.285913984825E-11
AR GRAC 2024 06 16 02 25 40.000000 2   1.696105755844E-11  3.868821235598E-11
AR GRAC 2024 06 16 02 25 50.000000 2   1.436071834365E-11  3.344728660704E-11
AR GRAC 2024 06 16 02 26  0.000000 2   1.652223843851E-11  3.561635708582E-11
AR GRAC 2024 06 16 02 26 10.000000 2   1.627001484927E-11  3.184542560208E-11
AR GRAC 2024 06 16 02 26 20.000000 2   1.793383323789E-11  4.257449254252E-11
AR GRAC 2024 06 16 02 26 30.000000 2   1.510962362172E-11  3.048355665114E-11
AR GRAC 2024 06 16 02 26 40.000000 2   1.859890887135E-11  2.637261936611E-11
AR GRAC 2024 06 16 02 26 50.000000 2   1.742579171238E-11  5.668167671335E-11
AR GRAC 2024 06 16 02 27  0.000000 2   1.558954527969E-11  3.724073480149E-11
AR GRAC 2024 06 16 02 27 10.000000 2   1.597762547267E-11  2.504979036699E-11
AR GRAC 2024 06 16 02 27 20.000000 2   1.609420409443E-11  5.117884241401E-11
AR GRAC 2024 06 16 02 27 30.000000 2   1.626333095972E-11  3.099789869232E-11
AR GRAC 2024 06 16 02 27 40.000000 2   1.656677746376E-11  4.399694497614E-11
AR GRAC 2024 06 16 02 27 50.000000 2   1.870375208879E-11  2.893599249099E-11
AR GRAC 2024 06 16 02 28  0.000000 2   1.646626064666E-11  5.226503951850E-11
AR GRAC 2024 06 16 02 28 10.000000 2   1.651511913336E-11  3.749408075682E-11
AR GRAC 2024 06 16 02 28 20.000000 2   1.538712386673E-11  3.626312444771E-11
AR GRAC 2024 06 16 02 28 30.000000 2   1.515313395595E-11  3.449216259832E-11
AR GRAC 2024 06 16 02 28 40.000000 2   1.652971683141E-11  3.647120105921E-11
AR GRAC 2024 06 16 02 28 50.000000 2   1.773192877252E-11  3.046023502873E-11
AR GRAC 2024 06 16 02 29  0.000000 2   1.749110578597E-11  4.596926658773E-11
AR GRAC 2024 06 16 02 29 10.000000 2   1.733227103506E-11  3.402829754084E-11
AR GRAC 2024 06 16 02 29 20.000000 2   1.633602801643E-11  3.752732846696E-11
AR GRAC 2024 06 16 02 29 30.000000 2   1.641394312135E-11  3.306635174005E-11
AR GRAC 2024 06 16 02 29 40.000000 2   1.526853296574E-11  4.219537566574E-11
AR GRAC 2024 06 16 02 29 50.000000 2   1.713022779182E-11  2.704439970580E-11
AR GRAC 2024 06 16 02 30  0.000000 2   1.445854026783E-11  3.799341743993E-11
AR GRAC 2024 06 16 02 30 10.000000 2   1.640976070305E-11  3.318243596562E-11
AR GRAC 2024 06 16 02 30 20.000000 2   1.555071175996E-11  2.875145260761E-11
AR GRAC 2024 06 16 02 30 30.000000 2   1.550730203970E-11  3.672046694492E-11
AR GRAC 2024 06 16 02 30 40.000000 2   1.819141885739E-11  4.291948046964E-11
AR GRAC 2024 06 16 02 30 50.000000 2   1.596975503226E-11  2.884848956941E-11
AR GRAC 2024 06 16 02 31  0.000000 2   1.627615403565E-11  3.045749763508E-11
AR GRAC 2024 06 16 02 31 10.000000 2   1.610905332738E-11  3.783650476263E-11
AR GRAC 2024 06 16 02 31 20.000000 2   1.639975134859E-11  3.204550513836E-11
AR GRAC 2024 06 16 02 31 30.000000 2   1.417352780281E-11  2.913450730668E-11
AR GRAC 2024 06 16 02 31 40.000000 2   1.682036628037E-11  3.626350608688E-11
AR GRAC 2024 06 16 02 31 50.000000 2   1.499470339561E-11  2.730250227290E-11
AR GRAC 2024 06 16 02 32  0.000000 2   1.571241227405E-11  2.528149911640E-11
AR GRAC 2024 06 16 02 32 10.000000 2   1.740764823954E-11  4.963049415885E-11
AR GRAC 2024 06 16 02 32 20.000000 2   1.261652414486E-11  3.697948197656E-11
AR GRAC 2024 06 16 02 32 30.000000 2   1.552953772521E-11  3.135847137514E-11
AR GRAC 2024 06 16 02 32 40.000000 2   1.598213922316E-11  3.948746191140E-11
AR GRAC 2024 06 16 02 32 50.000000 2   1.438456038311E-11  3.926644426278E-11
AR GRAC 2024 06 16 02 33  0.000000 2   1.750780596887E-11  1.511542627175E-11
AR GRAC 2024 06 16 02 33 10.000000 2   1.709385410997E-11  4.644440387835E-11
AR GRAC 2024 06 16 02 33 20.000000 2   1.690295993451E-11  2.101338374139E-11
AR GRAC 2024 06 16 02 33 30.000000 2   1.439587685170E-11  2.881236221830E-11
AR GRAC 2024 06 16 02 33 40.000000 2   1.547761571685E-11  3.318133615093E-11
AR GRAC 2024 06 16 02 33 50.000000 2   1.543341496268E-11  2.807030823060E-11
AR GRAC 2024 06 16 02 34  0.000000 2   1.255614189011E-11  4.810927697885E-11
AR GRAC 2024 06 16 02 34 10.000000 2   1.472299192284E-11  2.569824561482E-11
AR GRAC 2024 06 16 02 34 20.000000 2   1.462723171752E-11  1.827721134162E-11
AR GRAC 2024 06 16 02 34 30.000000 2   1.480251338171E-11  4.163617367547E-11
AR GRAC 2024 06 16 02 34 40.000000 2   1.491833566403E-11  3.512513543913E-11
AR GRAC 2024 06 16 02 34 50.000000 2   1.314469366687E-11  2.506409489678E-11
AR GRAC 2024 06 16 02 35  0.000000 2   1.359906978693E-11  2.826305335601E-11
AR GRAC 2024 06 16 02 35 10.000000 2   1.554299224049E-11  4.037200782014E-11
AR GRAC 2024 06 16 02 35 20.000000 2   1.324335432984E-11  2.957096026379E-11
AR GRAC 2024 06 16 02 35 30.000000 2   1.320936068860E-11  1.411991096961E-11
AR GRAC 2024 06 16 02 35 40.000000 2   1.476636868336E-11  4.384886204134E-11
AR GRAC 2024 06 16 02 35 50.000000 2   1.445504653474E-11  2.896780731954E-11
AR GRAC 2024 06 16 02 36  0.000000 2   1.170974775477E-11  1.169675207385E-11
AR GRAC 2024 06 16 02 36 10.000000 2   1.293460911295E-11  3.189569441897E-11
AR GRAC 2024 06 16 02 36 20.000000 2   1.339346689111E-11  4.369463818543E-11
AR GRAC 2024 06 16 02 36 30.000000 2   1.174632439926E-11  1.765357478256E-11
AR GRAC 2024 06 16 02 36 40.000000 2   1.497618869195E-11  3.618251184778E-11
AR GRAC 2024 06 16 02 36 50.000000 2   1.214486410744E-11  2.223144585090E-11
AR GRAC 2024 06 16 02 37  0.000000 2   1.509274996647E-11  2.981037638961E-11
AR GRAC 2024 06 16 02 37 10.000000 2   1.314088508148E-11  1.382930835819E-11
AR GRAC 2024 06 16 02 37 20.000000 2   1.070331150099E-11  2.710823752972E-11
AR GRAC 2024 06 16 02 37 30.000000 2   1.362869192501E-11  4.210716497699E-11
AR GRAC 2024 06 16 02 37 40.000000 2   1.329407590955E-11  2.289608606876E-11
AR GRAC 2024 06 16 02 37 50.000000 2   1.005157675843E-11  3.202500764576E-11
AR GRAC 2024 06 16 02 38  0.000000 2   1.068225716216E-11  2.294392800750E-11
AR GRAC 2024 06 16 02 38 10.000000 2   1.113741650988E-11  2.840284778205E-11
AR GRAC 2024 06 16 02 38 20.000000 2   1.152936340149E-11  1.785176000080E-11
AR GRAC 2024 06 16 02 38 30.000000 2   1.247213790578E-11  2.894067450965E-11
AR GRAC 2024 06 16 02 38 40.000000 2   1.088079799871E-11  3.976958692919E-11
AR GRAC 2024 06 16 02 38 50.000000 2   1.169541286733E-11  2.798495376405E-12
AR GRAC 2024 06 16 02 39  0.000000 2   1.168265918033E-11  3.566740305883E-11
AR GRAC 2024 06 16 02 39 10.000000 2   1.059873890041E-11  2.347630596866E-11
AR GRAC 2024 06 16 02 39 20.000000 2   1.279447034430E-11  2.658520972809E-11
AR GRAC 2024 06 16 02 39 30.000000 2   1.444886484764E-11  2.549411029507E-11
AR GRAC 2024 06 16 02 39 40.000000 2   1.301658000136E-11  1.102300976191E-11
AR GRAC 2024 06 16 02 39 50.000000 2   1.006886674731E-11  2.299190698940E-11
AR GRAC 2024 06 16 02 40  0.000000 2   1.149686682661E-11  2.915079982957E-11
AR GRAC 2024 06 16 02 40 10.000000 2   1.130760068913E-11  2.914969654544E-11
AR GRAC 2024 06 16 02 40 20.000000 2   1.179263717926E-11  2.754858320630E-11
AR GRAC 2024 06 16 02 40 30.000000 2   1.084706630072E-11  3.713747365186E-11
AR GRAC 2024 06 16 02 40 40.000000 2   1.223001300926E-11  1.901635793278E-11
AR GRAC 2024 06 16 02 40 50.000000 2   1.049543351533E-11  1.626524262499E-11
AR GRAC 2024 06 16 02 41  0.000000 2   1.007413510251E-11  3.423412595072E-11
AR GRAC 2024 06 16 02 41 10.000000 2   1.087084589013E-11  2.623300361659E-11
AR GRAC 2024 06 16 02 41 20.000000 2   1.145053062784E-11  1.285188275246E-11
AR GRAC 2024 06 16 02 41 30.000000 2   8.833350717552E-12  3.559075950621E-11
AR GRAC 2024 06 16 02 41 40.000000 2   8.655395844492E-12  3.364963169217E-11
AR GRAC 2024 06 16 02 41 50.000000 2   9.704085625339E-12  2.362850366755E-11
AR GRAC 2024 06 16 02 42  0.000000 2   1.051884013920E-11  2.431737276820E-11
AR GRAC 2024 06 16 02 42 10.000000 2   1.061641660000E-11  1.877624097868E-11
AR GRAC 2024 06 16 02 42 20.000000 2   7.431108679790E-12  2.393510563359E-11
AR GRAC 2024 06 16 02 42 30.000000 2   8.297497237908E-12  1.230396860785E-11
AR GRAC 2024 06 16 02 42 40.000000 2   9.955826094088E-12  3.946282883804E-11
AR GRAC 2024 06 16 02 42 50.000000 2   7.844065674778E-12  5.831689298130E-12
AR GRAC 2024 06 16 02 43  0.000000 2   1.058181320346E-11  2.383054517607E-11
AR GRAC 2024 06 16 02 43 10.000000 2   9.482448680431E-12  2.983940178281E-11
AR GRAC 2024 06 16 02 43 20.000000 2   8.444672912333E-12  3.137825416166E-11
AR GRAC 2024 06 16 02 43 30.000000 2   6.481225278687E-12  1.542710403868E-11
AR GRAC 2024 06 16 02 43 40.000000 2   9.315109447683E-12  2.517595333595E-11
AR GRAC 2024 06 16 02 43 50.000000 2   9.050262275712E-12  1.614479730461E-11
AR GRAC 2024 06 16 02 44  0.000000 2   7.879945827793E-12  2.575364400903E-11
AR GRAC 2024 06 16 02 44 10.000000 2   9.719727626922E-12  2.534248678965E-11
AR GRAC 2024 06 16 02 44 20.000000 2   8.687419707221E-12  2.169132581886E-11
AR GRAC 2024 06 16 02 44 30.000000 2   7.195120801246E-12  2.799016400601E-11
AR GRAC 2024 06 16 02 44 40.000000 2   7.459167832014E-12  2.397900107642E-11
AR GRAC 2024 06 16 02 44 50.000000 2   8.163449950749E-12  1.455783410487E-11
AR GRAC 2024 06 16 02 45  0.000000 2   8.878605316232E-12  1.922666539866E-11
AR GRAC 2024 06 16 02 45 10.000000 2   7.776335998744E-12  2.504549692639E-11
AR GRAC 2024 06 16 02 45 20.000000 2   7.601658018330E-12  1.276432258501E-11
AR GRAC 2024 06 16 02 45 30.000000 2   6.242068927714E-12  2.289314918191E-11
AR GRAC 2024 06 16 02 45 40.000000 2   7.156269066916E-12  1.207197189435E-11
AR GRAC 2024 06 16 02 45 50.000000 2   4.995062523327E-12  2.175079213962E-11
AR GRAC 2024 06 16 02 46  0.000000 2   7.513654629032E-12  1.268961324907E-11
AR GRAC 2024 06 16 02 46 10.000000 2   7.252654206369E-12  2.533843100616E-11
AR GRAC 2024 06 16 02 46 20.000000 2   7.534417534316E-12  2.422724347528E-11
AR GRAC 2024 06 16 02 46 30.000000 2   8.693201540566E-12  2.125605767789E-11
AR GRAC 2024 06 16 02 46 40.000000 2   7.277893565583E-12  1.171486865847E-11
AR GRAC 2024 06 16 02 46 50.000000 2   6.070110993711E-12  2.349367748955E-11
AR GRAC 2024 06 16 02 47  0.000000 2   8.006812227124E-12  8.792484101905E-12
AR GRAC 2024 06 16 02 47 10.000000 2   3.749489867894E-12  2.652128863745E-11
AR GRAC 2024 06 16 02 47 20.000000 2   5.650282759034E-12 -3.529909003985E-12
AR GRAC 2024 06 16 02 47 30.000000 2   5.991330261773E-12  1.831889154258E-11
AR GRAC 2024 06 16 02 47 40.000000 2   4.262465814336E-12  1.290768967405E-11
AR GRAC 2024 06 16 02 47 50.000000 2   5.637596726255E-12  2.944648344605E-11
AR GRAC 2024 06 16 02 48  0.000000 2   5.487390923598E-12  4.385280333308E-12
AR GRAC 2024 06 16 02 48 10.000000 2   6.364438490114E-12  1.478407327116E-11
AR GRAC 2024 06 16 02 48 20.000000 2   5.677754707362E-12  2.784286169677E-11
AR GRAC 2024 06 16 02 48 30.000000 2   4.215549350567E-12  1.063165007420E-11
AR GRAC 2024 06 16 02 48 40.000000 2   6.545752655185E-12  2.252043516948E-11
AR GRAC 2024 06 16 02 48 50.000000 2   5.233191484322E-12  2.299218541252E-12
AR GRAC 2024 06 16 02 49  0.000000 2   6.697790759513E-12  1.252800120588E-11
AR GRAC 2024 06 16 02 49 10.000000 2   5.735536611623E-12  2.249677874544E-11
AR GRAC 2024 06 16 02 49 20.000000 2   6.161510971575E-12  1.095555764163E-11
AR GRAC 2024 06 16 02 49 30.000000 2   3.732323478056E-12  1.705433363974E-11
AR GRAC 2024 06 16 02 49 40.000000 2   6.046921210284E-12 -5.876894023510E-12
AR GRAC 2024 06 16 02 49 50.000000 2   4.836461526408E-12  2.290187831044E-11
AR GRAC 2024 06 16 02 50  0.000000 2   5.732105328587E-12  2.292064628373E-11
AR GRAC 2024 06 16 02 50 10.000000 2   5.013118392627E-12  7.919412521595E-12
AR GRAC 2024 06 16 02 50 20.000000 2   3.866269717573E-12  8.498177855865E-12
AR GRAC 2024 06 16 02 50 30.000000 2   3.254834986602E-12  2.398694090577E-11
AR GRAC 2024 06 16 02 50 40.000000 2   3.978628190793E-12  1.345700894467E-12
AR GRAC 2024 06 16 02 50 50.000000 2   3.899363904686E-12  3.414459687212E-12
AR GRAC 2024 06 16 02 51  0.000000 2   4.692568382481E-12  1.161321646487E-11
AR GRAC 2024 06 16 02 51 10.000000 2   4.526828998458E-12 -4.008029585306E-12
AR GRAC 2024 06 16 02 51 20.000000 2   4.109037329142E-12  1.563072241084E-11
AR GRAC 2024 06 16 02 51 30.000000 2   4.199824949619E-12  8.159473097180E-12
AR GRAC 2024 06 16 02 51 40.000000 2   3.361417047487E-12  1.051821997555E-11
AR GRAC 2024 06 16 02 51 50.000000 2   3.689177435762E-12  1.752696598967E-11
AR GRAC 2024 06 16 02 52  0.000000 2   1.348286174548E-12 -6.342888996154E-13
AR GRAC 2024 06 16 02 52 10.000000 2   2.519901821929E-12  6.584453034891E-12
AR GRAC 2024 06 16 02 52 20.000000 2   3.427134227449E-12  1.531916818875E-13
AR GRAC 2024 06 16 02 52 30.000000 2   4.767265575356E-12 -1.408070274961E-12
AR GRAC 2024 06 16 02 52 40.000000 2   2.564771311997E-12  2.637066433275E-11
AR GRAC 2024 06 16 02 52 50.000000 2   3.459615189813E-12 -6.730601319338E-12
AR GRAC 2024 06 16 02 53  0.000000 2   1.514768345479E-12  1.428812883980E-11
AR GRAC 2024 06 16 02 53 10.000000 2   5.482350684538E-12 -3.043141042977E-12
AR GRAC 2024 06 16 02 53 20.000000 2   2.427159168095E-12  1.039558630150E-11
AR GRAC 2024 06 16 02 53 30.000000 2   2.697164323481E-12 -9.756890391108E-13
AR GRAC 2024 06 16 02 53 40.000000 2   1.728748871485E-12  1.213034013514E-12
AR GRAC 2024 06 16 02 53 50.000000 2   1.522701778035E-12  3.971755216381E-12
AR GRAC 2024 06 16 02 54  0.000000 2   1.756389196410E-12  5.020474053846E-12
AR GRAC 2024 06 16 02 54 10.000000 2   3.060915453393E-12  5.959190172572E-12
AR GRAC 2024 06 16 02 54 20.000000 2   3.052580757612E-12 -2.620949247564E-13
AR GRAC 2024 06 16 02 54 30.000000 2   4.116318830932E-12  1.676661760819E-11
AR GRAC 2024 06 16 02 54 40.000000 2   3.452245433966E-12 -6.964671027399E-12
AR GRAC 2024 06 16 02 54 50.000000 2   2.909244459920E-12  5.694036388226E-12
AR GRAC 2024 06 16 02 55  0.000000 2   4.052349168032E-12  3.452742215401E-12
AR GRAC 2024 06 16 02 55 10.000000 2   9.788306233258E-13  7.751445318949E-12
AR GRAC 2024 06 16 02 55 20.000000 2   2.436003222056E-12 -3.079852562218E-12
AR GRAC 2024 06 16 02 55 30.000000 2   4.478013446163E-12 -4.681151733604E-12
AR GRAC 2024 06 16 02 55 40.000000 2   1.577458107714E-12 -5.992453928905E-12
AR GRAC 2024 06 16 02 55 50.000000 2   1.891441864244E-12 -3.937578887080E-13
AR GRAC 2024 06 16 02 56  0.000000 2   1.806828666719E-12  2.264934984356E-12
AR GRAC 2024 06 16 02 56 10.000000 2   3.239062880758E-12  1.173626733991E-12
AR GRAC 2024 06 16 02 56 20.000000 2   1.818696994220E-12 -1.061768468286E-11
AR GRAC 2024 06 16 02 56 30.000000 2   1.463507592024E-12 -1.948995652368E-12
AR GRAC 2024 06 16 02 56 40.000000 2   2.250276137303E-12  3.319688707953E-12
AR GRAC 2024 06 16 02 56 50.000000 2   2.696271808253E-12 -3.041627496744E-12
AR GRAC 2024 06 16 02 57  0.000000 2   1.697531763593E-12  2.137053338111E-12
AR GRAC 2024 06 16 02 57 10.000000 2   5.618216937682E-13 -1.536426888493E-11
AR GRAC 2024 06 16 02 57 20.000000 2   5.217512619865E-13 -1.985590728296E-12
AR GRAC 2024 06 16 02 57 30.000000 2   1.510504828856E-12 -1.074691637765E-11
AR GRAC 2024 06 16 02 57 40.000000 2   3.098690791806E-12  6.281757232440E-12
AR GRAC 2024 06 16 02 57 50.000000 2   2.633369650812E-12 -2.495732028159E-13
AR GRAC 2024 06 16 02 58  0.000000 2   1.949111228319E-12 -3.640903550872E-12
AR GRAC 2024 06 16 02 58 10.000000 2   2.399243347398E-12 -2.076223915015E-11
AR GRAC 2024 06 16 02 58 20.000000 2   2.053670601632E-12  2.186426170322E-12
AR GRAC 2024 06 16 02 58 30.000000 2   5.533345591620E-13 -9.614910430333E-12
AR GRAC 2024 06 16 02 58 40.000000 2   2.858286524132E-12  6.873749399533E-12
AR GRAC 2024 06 16 02 58 50.000000 2   4.558741079942E-13 -5.167592482397E-12
AR GRAC 2024 06 16 02 59  0.000000 2   9.197897435018E-13 -1.800893809079E-11
AR GRAC 2024 06 16 02 59 10.000000 2   2.794597669595E-12 -1.027028462275E-11
AR GRAC 2024 06 16 02 59 20.000000 2   6.998036590315E-13  6.118367965047E-12
AR GRAC 2024 06 16 02 59 30.000000 2   3.403331219273E-12 -6.242981392263E-12
AR GRAC 2024 06 16 02 59 40.000000 2   8.025711714134E-13 -1.424433574565E-11
AR GRAC 2024 06 16 02 59 50.000000 2   1.161197440286E-12 -1.127568871606E-11
AR GRAC 2024 06 16 03 00  0.000000 2   3.324648932893E-12 -6.137045732713E-12
AR GRAC 2024 06 16 03 00 10.000000 2  -1.234920152249E-12 -1.875840455190E-11
AR GRAC 2024 06 16 03 00 20.000000 2   3.625326764050E-13 -5.759764627050E-12
AR GRAC 2024 06 16 03 00 30.000000 2   1.103670106695E-12 -1.216112887475E-11
AR GRAC 2024 06 16 03 00 40.000000 2   4.593859147251E-12 -9.702493149188E-12
AR GRAC 2024 06 16 03 00 50.000000 2   1.784444011825E-12 -7.173860464005E-12
AR GRAC 2024 06 16 03 01  0.000000 2   1.023545831424E-12 -1.706522943790E-11
AR GRAC 2024 06 16 03 01 10.000000 2   7.951004221338E-13 -9.976601142436E-12
AR GRAC 2024 06 16 03 01 20.000000 2   2.636400429565E-12 -6.397973730671E-12
AR GRAC 2024 06 16 03 01 30.000000 2  -4.021891326922E-14 -2.651934921660E-11
AR GRAC 2024 06 16 03 01 40.000000 2   9.214826167739E-13 -1.223072684797E-11
AR GRAC 2024 06 16 03 01 50.000000 2   2.095366848781E-12 -1.569210733576E-11
AR GRAC 2024 06 16 03 02  0.000000 2   2.290905529514E-12  1.136511349441E-12
AR GRAC 2024 06 16 03 02 10.000000 2   1.656877001051E-12 -2.040487223631E-11
AR GRAC 2024 06 16 03 02 20.000000 2   2.637892888065E-13 -1.739625804520E-11
AR GRAC 2024 06 16 03 02 30.000000 2   1.865073416887E-12 -3.277646166630E-12
AR GRAC 2024 06 16 03 02 40.000000 2   2.556537230178E-12 -1.452903682780E-11
AR GRAC 2024 06 16 03 02 50.000000 2   3.947143393385E-12 -9.310429163745E-12
AR GRAC 2024 06 16 03 03  0.000000 2   1.244591127207E-12 -1.438182212210E-11
AR GRAC 2024 06 16 03 03 10.000000 2   1.351740876350E-12 -9.993219793336E-12
AR GRAC 2024 06 16 03 03 20.000000 2   1.060613402659E-12 -1.793461906763E-11
AR GRAC 2024 06 16 03 03 30.000000 2   3.201927384257E-13 -2.166601967279E-11
AR GRAC 2024 06 16 03 03 40.000000 2   3.240831539762E-13 -2.375742311211E-11
AR GRAC 2024 06 16 03 03 50.000000 2   1.670715107059E-12 -1.063882575786E-11
AR GRAC 2024 06 16 03 04  0.000000 2  -6.930732572054E-13 -7.580233316040E-12
AR GRAC 2024 06 16 03 04 10.000000 2   1.289941569359E-12 -1.274164281029E-11
AR GRAC 2024 06 16 03 04 20.000000 2   1.683013103881E-12 -2.888305393467E-11
AR GRAC 2024 06 16 03 04 30.000000 2   2.765956517645E-12 -2.260446517466E-11
AR GRAC 2024 06 16 03 04 40.000000 2   2.418001346025E-12 -6.935880255549E-12
AR GRAC 2024 06 16 03 04 50.000000 2   2.455179072200E-12 -1.196729867980E-11
AR GRAC 2024 06 16 03 05  0.000000 2   7.464374712947E-13 -4.938718271147E-12
AR GRAC 2024 06 16 03 05 10.000000 2  -3.284582350029E-13 -2.089013857731E-11
AR GRAC 2024 06 16 03 05 20.000000 2   8.021047476388E-13 -1.686156249348E-11
AR GRAC 2024 06 16 03 05 30.000000 2   1.099718298196E-12 -1.124298917854E-11
AR GRAC 2024 06 16 03 05 40.000000 2   2.818273826116E-12 -2.665441652117E-11
AR GRAC 2024 06 16 03 05 50.000000 2   5.578392023482E-13 -1.190584696803E-11
AR GRAC 2024 06 16 03 06  0.000000 2   6.767329210032E-13 -1.769727767109E-11
AR GRAC 2024 06 16 03 06 10.000000 2   2.739799923393E-12 -1.796871332282E-11
AR GRAC 2024 06 16 03 06 20.000000 2   1.048863470035E-12 -2.379014867049E-11
AR GRAC 2024 06 16 03 06 30.000000 2   1.813082670110E-12 -1.087158748442E-11
AR GRAC 2024 06 16 03 06 40.000000 2   1.534672671062E-12 -1.238302776291E-11
AR GRAC 2024 06 16 03 06 50.000000 2   1.020427882817E-12 -1.628447030000E-11
AR GRAC 2024 06 16 03 07  0.000000 2   1.831937379571E-12 -1.738591562384E-11
AR GRAC 2024 06 16 03 07 10.000000 2   1.162616444089E-12 -1.138736067247E-11
AR GRAC 2024 06 16 03 07 20.000000 2   3.516140937437E-12 -1.271881037990E-11
AR GRAC 2024 06 16 03 07 30.000000 2   1.311037216289E-12 -7.870259999265E-12
AR GRAC 2024 06 16 03 07 40.000000 2   3.267443607347E-12 -2.101171320268E-11
AR GRAC 2024 06 16 03 07 50.000000 2   3.274942166412E-12 -1.401316996469E-11
AR GRAC 2024 06 16 03 08  0.000000 2   2.989365048903E-12 -1.851462733127E-11
AR GRAC 2024 06 16 03 08 10.000000 2   3.211758766927E-12 -1.512608614751E-11
AR GRAC 2024 06 16 03 08 20.000000 2   2.104381339324E-12 -1.695754474340E-11
AR GRAC 2024 06 16 03 08 30.000000 2   5.705365650407E-13 -2.350901071035E-11
AR GRAC 2024 06 16 03 08 40.000000 2   4.599562050678E-12 -2.121047608383E-11
AR GRAC 2024 06 16 03 08 50.000000 2   3.886613253457E-12 -1.987194436781E-11
AR GRAC 2024 06 16 03 09  0.000000 2   3.047686669005E-12 -1.050341324332E-11
AR GRAC 2024 06 16 03 09 10.000000 2   2.186606364724E-12 -7.284884501191E-12
AR GRAC 2024 06 16 03 09 20.000000 2   3.453193677186E-12 -2.926635669920E-11
AR GRAC 2024 06 16 03 09 30.000000 2   4.370595899084E-12 -1.182783298387E-11
AR GRAC 2024 06 16 03 09 40.000000 2   4.826987767825E-12 -3.106931031893E-11
AR GRAC 2024 06 16 03 09 50.000000 2   4.558560560280E-12 -2.814079351487E-11
AR GRAC 2024 06 16 03 10  0.000000 2   3.933580891569E-12 -1.531227401819E-11
AR GRAC 2024 06 16 03 10 10.000000 2   5.839091796883E-12 -1.429375888484E-11
AR GRAC 2024 06 16 03 10 20.000000 2   5.086520180747E-12 -1.367524496421E-11
AR GRAC 2024 06 16 03 10 30.000000 2   4.021405170668E-12 -2.549673319696E-11
AR GRAC 2024 06 16 03 10 40.000000 2   4.384319730183E-12 -1.963822507389E-11
AR GRAC 2024 06 16 03 10 50.000000 2   4.415125383350E-12 -1.854971731774E-11
AR GRAC 2024 06 16 03 11  0.000000 2   5.045627977929E-12 -2.517121407142E-11
AR GRAC 2024 06 16 03 11 10.000000 2   6.711635153894E-12 -2.518270834917E-11
AR GRAC 2024 06 16 03 11 20.000000 2   6.691200545028E-12 -2.507420659992E-11
AR GRAC 2024 06 16 03 11 30.000000 2   5.832374947584E-12 -1.535570975930E-11
AR GRAC 2024 06 16 03 11 40.000000 2   6.667489910878E-12 -9.317212799898E-12
AR GRAC 2024 06 16 03 11 50.000000 2   4.631121874876E-12 -1.487871804928E-11
AR GRAC 2024 06 16 03 12  0.000000 2   5.003320674435E-12 -2.327022602389E-11
AR GRAC 2024 06 16 03 12 10.000000 2   6.694500422760E-12 -2.039173344071E-11
AR GRAC 2024 06 16 03 12 20.000000 2   4.048341089441E-12 -1.779324604323E-11
AR GRAC 2024 06 16 03 12 30.000000 2   6.214832468099E-12 -2.488475918383E-11
AR GRAC 2024 06 16 03 12 40.000000 2   7.117574325061E-12 -1.497627542812E-11
AR GRAC 2024 06 16 03 12 50.000000 2   6.752924608389E-12 -2.082779435031E-11
AR GRAC 2024 06 16 03 13  0.000000 2   7.591463915824E-12 -2.055931293266E-11
AR GRAC 2024 06 16 03 13 10.000000 2   5.312349518616E-12 -1.438083506444E-11
AR GRAC 2024 06 16 03 13 20.000000 2   6.021253808053E-12 -1.858235960939E-11
AR GRAC 2024 06 16 03 13 30.000000 2   9.414687779374E-12 -2.514388350305E-11
AR GRAC 2024 06 16 03 13 40.000000 2   5.115884712387E-12 -1.843541291846E-11
AR GRAC 2024 06 16 03 13 50.000000 2   6.503237184874E-12 -1.393694448043E-11
AR GRAC 2024 06 16 03 14  0.000000 2   7.139369390813E-12 -1.470847575680E-11
AR GRAC 2024 06 16 03 14 10.000000 2   5.309318523022E-12 -1.625001175287E-11
AR GRAC 2024 06 16 03 14 20.000000 2   9.178186856362E-12 -7.431548432191E-12
AR GRAC 2024 06 16 03 14 30.000000 2   6.316882780744E-12 -2.161308632065E-11
AR GRAC 2024 06 16 03 14 40.000000 2   9.431615211053E-12 -2.029462535524E-11
AR GRAC 2024 06 16 03 14 50.000000 2   5.409429848502E-12 -9.946170623221E-12
AR GRAC 2024 06 16 03 15  0.000000 2   5.954574507083E-12 -2.705771544320E-11
AR GRAC 2024 06 16 03 15 10.000000 2   7.843590360546E-12 -1.646926345300E-11
AR GRAC 2024 06 16 03 15 20.000000 2   7.595437299945E-12 -2.007080959765E-11
AR GRAC 2024 06 16 03 15 30.000000 2   7.715678790321E-12 -8.362364620207E-12
AR GRAC 2024 06 16 03 15 40.000000 2   9.356217189893E-12 -9.373916573518E-12
AR GRAC 2024 06 16 03 15 50.000000 2   7.641299919203E-12 -1.955547182519E-11
AR GRAC 2024 06 16 03 16  0.000000 2   9.378142359906E-12 -2.449702767027E-11
AR GRAC 2024 06 16 03 16 10.000000 2   5.512584312639E-12 -6.278588760011E-12
AR GRAC 2024 06 16 03 16 20.000000 2   8.209129556680E-12 -6.900150156114E-12
AR GRAC 2024 06 16 03 16 30.000000 2   9.925094600349E-12 -2.895171602457E-11
AR GRAC 2024 06 16 03 16 40.000000 2   7.163859349485E-12 -1.481328254505E-11
AR GRAC 2024 06 16 03 16 50.000000 2   9.030475152383E-12 -1.123484812127E-11
AR GRAC 2024 06 16 03 17  0.000000 2   8.648015463464E-12 -2.157641947054E-11
AR GRAC 2024 06 16 03 17 10.000000 2   8.277541846402E-12 -1.075799258704E-11
AR GRAC 2024 06 16 03 17 20.000000 2   1.097421979679E-11 -1.817956549188E-11
AR GRAC 2024 06 16 03 17 30.000000 2   9.551502817839E-12  2.408857835423E-12
AR GRAC 2024 06 16 03 17 40.000000 2   9.087383623374E-12 -2.371271928814E-11
AR GRAC 2024 06 16 03 17 50.000000 2   9.489201091561E-12 -1.234300747548E-12
AR GRAC 2024 06 16 03 18  0.000000 2   9.398515819770E-12 -1.175588532770E-11
AR GRAC 2024 06 16 03 18 10.000000 2   9.703543524253E-12 -9.317468671610E-12
AR GRAC 2024 06 16 03 18 20.000000 2   1.162754788286E-11 -1.662905577127E-11
AR GRAC 2024 06 16 03 18 30.000000 2   8.925206927690E-12 -1.807064393955E-11
AR GRAC 2024 06 16 03 18 40.000000 2   1.004557114576E-11 -1.765223557604E-11
AR GRAC 2024 06 16 03 18 50.000000 2   8.791451074075E-12 -9.473827972117E-12
AR GRAC 2024 06 16 03 19  0.000000 2   1.044719605964E-11  3.274575706078E-12
AR GRAC 2024 06 16 03 19 10.000000 2   1.032168187726E-11 -1.937702082122E-11
AR GRAC 2024 06 16 03 19 20.000000 2   9.763287400766E-12  6.391379179377E-12
AR GRAC 2024 06 16 03 19 30.000000 2   1.025317244302E-11 -1.367022207238E-11
AR GRAC 2024 06 16 03 19 40.000000 2   1.134149978793E-11 -3.771825733689E-12
AR GRAC 2024 06 16 03 19 50.000000 2   9.910089242282E-12 -6.303431734911E-12
AR GRAC 2024 06 16 03 20  0.000000 2   1.126692662778E-11 -1.246504028468E-11
AR GRAC 2024 06 16 03 20 10.000000 2   1.035322608894E-11 -4.816649249589E-12
AR GRAC 2024 06 16 03 20 20.000000 2   1.214948107398E-11 -4.438261390349E-12
AR GRAC 2024 06 16 03 20 30.000000 2   1.025403807003E-11 -6.629876769110E-12
AR GRAC 2024 06 16 03 20 40.000000 2   1.004467602844E-11 -1.283149281273E-11
AR GRAC 2024 06 16 03 20 50.000000 2   1.323925431090E-11 -9.931098911981E-13
AR GRAC 2024 06 16 03 21  0.000000 2   1.264409757451E-11 -6.394731098813E-12
AR GRAC 2024 06 16 03 21 10.000000 2   1.284860759454E-11 -4.006352541386E-12
AR GRAC 2024 06 16 03 21 20.000000 2   1.112716949830E-11  2.842022190502E-12
AR GRAC 2024 06 16 03 21 30.000000 2   1.047658054060E-11 -3.139605329189E-12
AR GRAC 2024 06 16 03 21 40.000000 2   1.101369863366E-11 -1.348123262329E-11
AR GRAC 2024 06 16 03 21 50.000000 2   1.116540020163E-11 -3.002863799631E-12
AR GRAC 2024 06 16 03 22  0.000000 2   1.296050419763E-11  6.015503199730E-12
AR GRAC 2024 06 16 03 22 10.000000 2   1.217899218975E-11  6.638679406548E-13
AR GRAC 2024 06 16 03 22 20.000000 2   1.417554528621E-11 -1.897769051282E-12
AR GRAC 2024 06 16 03 22 30.000000 2   1.242154729769E-11 -4.709408644304E-12
AR GRAC 2024 06 16 03 22 40.000000 2   1.391284136509E-11  3.248950154050E-12
AR GRAC 2024 06 16 03 22 50.000000 2   1.111597272563E-11 -1.192693296556E-12
AR GRAC 2024 06 16 03 23  0.000000 2   1.280661514336E-11 -1.269433863582E-11
AR GRAC 2024 06 16 03 23 10.000000 2   1.341678591144E-11  8.694012523791E-12
AR GRAC 2024 06 16 03 23 20.000000 2   1.324719153817E-11  3.412363490732E-12
AR GRAC 2024 06 16 03 23 30.000000 2   1.365040025458E-11 -5.892877331937E-13
AR GRAC 2024 06 16 03 23 40.000000 2   1.346116794421E-11 -9.270941653261E-12
AR GRAC 2024 06 16 03 23 50.000000 2   1.346238225064E-11  1.388740164532E-11
AR GRAC 2024 06 16 03 24  0.000000 2   1.264279653190E-11  3.205744263796E-12
AR GRAC 2024 06 16 03 24 10.000000 2   1.391798568756E-11 -6.959161437219E-13
AR GRAC 2024 06 16 03 24 20.000000 2   1.455532916417E-11  2.122420945591E-12
AR GRAC 2024 06 16 03 24 30.000000 2   1.277630518742E-11  1.497075553802E-11
AR GRAC 2024 06 16 03 24 40.000000 2   1.376012151444E-11 -4.420908517738E-12
AR GRAC 2024 06 16 03 24 50.000000 2   1.261579469364E-11  1.161742143457E-11
AR GRAC 2024 06 16 03 25  0.000000 2   1.453474667013E-11 -1.753425009354E-11
AR GRAC 2024 06 16 03 25 10.000000 2   1.402919967697E-11  9.424078704912E-12
AR GRAC 2024 06 16 03 25 20.000000 2   1.325586168610E-11  9.522403698892E-12
AR GRAC 2024 06 16 03 25 30.000000 2   1.593566424651E-11  7.207269178168E-13
AR GRAC 2024 06 16 03 25 40.000000 2   1.295632351406E-11  1.819904817124E-11
AR GRAC 2024 06 16 03 25 50.000000 2   1.394563457768E-11  8.237365650698E-12
AR GRAC 2024 06 16 03 26  0.000000 2   1.462968288179E-11  6.095683419832E-12
AR GRAC 2024 06 16 03 26 10.000000 2   1.492400127090E-11 -4.416001852386E-12
AR GRAC 2024 06 16 03 26 20.000000 2   1.615250121156E-11  5.972310753583E-12
AR GRAC 2024 06 16 03 26 30.000000 2   1.591034422266E-11  7.530621091989E-12
AR GRAC 2024 06 16 03 26 40.000000 2   1.671419773419E-11 -1.531070409344E-12
AR GRAC 2024 06 16 03 26 50.000000 2   1.254187465688E-11  5.987235880689E-12
AR GRAC 2024 06 16 03 27  0.000000 2   1.504205440761E-11  3.395539925621E-12
AR GRAC 2024 06 16 03 27 10.000000 2   1.557744037928E-11  1.973842096714E-12
AR GRAC 2024 06 16 03 27 20.000000 2   1.526315185352E-11  1.500214188987E-11
AR GRAC 2024 06 16 03 27 30.000000 2   1.586594224057E-11  1.483043896022E-11
AR GRAC 2024 06 16 03 27 40.000000 2   1.617572048529E-11 -4.791263306242E-12
AR GRAC 2024 06 16 03 27 50.000000 2   1.586281800359E-11  2.819702978052E-11
AR GRAC 2024 06 16 03 28  0.000000 2   1.593815010525E-11  8.653218658110E-13
AR GRAC 2024 06 16 03 28 10.000000 2   1.557114853723E-11  1.755361134226E-11
AR GRAC 2024 06 16 03 28 20.000000 2   1.717450834327E-11 -3.068101328552E-12
AR GRAC 2024 06 16 03 28 30.000000 2   1.680335558196E-11  1.354018373118E-11
AR GRAC 2024 06 16 03 28 40.000000 2   1.737592882078E-11  5.168467216710E-12
AR GRAC 2024 06 16 03 28 50.000000 2   1.515286507381E-11  6.066748232253E-12
AR GRAC 2024 06 16 03 29  0.000000 2   1.812336218598E-11  2.097502727061E-11
AR GRAC 2024 06 16 03 29 10.000000 2   1.595335148707E-11  1.705330494872E-11
AR GRAC 2024 06 16 03 29 20.000000 2   1.578803233981E-11  6.861579880668E-12
AR GRAC 2024 06 16 03 29 30.000000 2   1.860949068455E-11  5.939852342624E-12
AR GRAC 2024 06 16 03 29 40.000000 2   1.868225713020E-11  1.824812349838E-11
AR GRAC 2024 06 16 03 29 50.000000 2   1.776206612347E-11  1.942639278607E-11
AR GRAC 2024 06 16 03 30  0.000000 2   1.804809253436E-11  5.974658268126E-12
AR GRAC 2024 06 16 03 30 10.000000 2   1.495479781677E-11  1.736292186416E-11
AR GRAC 2024 06 16 03 30 20.000000 2   1.714002204056E-11  1.011185167717E-12
AR GRAC 2024 06 16 03 30 30.000000 2   1.691120334046E-11  2.013944566670E-11
AR GRAC 2024 06 16 03 30 40.000000 2   1.763544518751E-11  1.451770387934E-11
AR GRAC 2024 06 16 03 30 50.000000 2   1.779212888131E-11  2.814596125611E-11
AR GRAC 2024 06 16 03 31  0.000000 2   1.609025412908E-11  1.873421383303E-11
AR GRAC 2024 06 16 03 31 10.000000 2   1.666065028993E-11  2.643246559131E-11
AR GRAC 2024 06 16 03 31 20.000000 2   1.937582559675E-11  1.344071468706E-11
AR GRAC 2024 06 16 03 31 30.000000 2   2.038592905595E-11  1.923896285339E-11
AR GRAC 2024 06 16 03 31 40.000000 2   1.787693083843E-11  9.017207987239E-12
AR GRAC 2024 06 16 03 31 50.000000 2   1.765631044148E-11  1.940545120427E-11
AR GRAC 2024 06 16 03 32  0.000000 2   1.713989887520E-11  1.718369370407E-11
AR GRAC 2024 06 16 03 32 10.000000 2   1.774554288236E-11  1.502193161529E-11
AR GRAC 2024 06 16 03 32 20.000000 2   1.693278503523E-11  1.602016956592E-11
AR GRAC 2024 06 16 03 32 30.000000 2   1.880995012526E-11  2.183840608350E-11
AR GRAC 2024 06 16 03 32 40.000000 2   1.746171957029E-11  2.089663685145E-11
AR GRAC 2024 06 16 03 32 50.000000 2   1.863295975846E-11  2.356486880628E-11
AR GRAC 2024 06 16 03 33  0.000000 2   1.765071595827E-11  1.914309856466E-11
AR GRAC 2024 06 16 03 33 10.000000 2   2.158827110132E-11  2.361132470097E-11
AR GRAC 2024 06 16 03 33 20.000000 2   1.740481196666E-11  2.752954808560E-11
AR GRAC 2024 06 16 03 33 30.000000 2   1.938421992365E-11  1.833777227289E-11
AR GRAC 2024 06 16 03 33 40.000000 2   1.918569123016E-11  2.907599334911E-11
AR GRAC 2024 06 16 03 33 50.000000 2   2.055877516838E-11  2.363421090779E-11
AR GRAC 2024 06 16 03 34  0.000000 2   1.789120587792E-11  2.983242472498E-11
AR GRAC 2024 06 16 03 34 10.000000 2   1.926289162901E-11  1.336064071877E-11
AR GRAC 2024 06 16 03 34 20.000000 2   2.204644106163E-11  4.109885348713E-11
AR GRAC 2024 06 16 03 34 30.000000 2   1.820647799189E-11  1.779706243488E-11
AR GRAC 2024 06 16 03 34 40.000000 2   1.634380478177E-11  2.460527094572E-11
AR GRAC 2024 06 16 03 34 50.000000 2   1.969910519428E-11  2.871347604128E-11
AR GRAC 2024 06 16 03 35  0.000000 2   2.012392856521E-11  2.586168085239E-11
AR GRAC 2024 06 16 03 35 10.000000 2   1.828923991420E-11  2.348988364931E-11
AR GRAC 2024 06 16 03 35 20.000000 2   1.885816502956E-11  3.019808361704E-11
AR GRAC 2024 06 16 03 35 30.000000 2   1.807445859647E-11  2.651627875605E-11
AR GRAC 2024 06 16 03 35 40.000000 2   1.937629570681E-11  2.558447377565E-11
AR GRAC 2024 06 16 03 35 50.000000 2   1.850280692550E-11  2.257266769334E-11
AR GRAC 2024 06 16 03 36  0.000000 2   1.866026430597E-11  3.245086144243E-11
AR GRAC 2024 06 16 03 36 10.000000 2   1.896820027436E-11  3.018904917718E-11
AR GRAC 2024 06 16 03 36 20.000000 2   2.145897695649E-11  1.945723443475E-11
AR GRAC 2024 06 16 03 36 30.000000 2   1.918539979662E-11  2.678541936862E-11
AR GRAC 2024 06 16 03 36 40.000000 2   1.997102483386E-11  3.153360211838E-11
AR GRAC 2024 06 16 03 36 50.000000 2   2.002558362191E-11  2.112178487668E-11
AR GRAC 2024 06 16 03 37  0.000000 2   1.938507514232E-11  2.343996177712E-11
AR GRAC 2024 06 16 03 37 10.000000 2   2.174999069737E-11  3.583813801278E-11
AR GRAC 2024 06 16 03 37 20.000000 2   1.994913435832E-11  3.967631431734E-11
AR GRAC 2024 06 16 03 37 30.000000 2   1.720702573482E-11  2.737448635826E-11
AR GRAC 2024 06 16 03 37 40.000000 2   2.109057720134E-11  3.267265624718E-11
AR GRAC 2024 06 16 03 37 50.000000 2   1.998536405812E-11  3.287082064873E-11
AR GRAC 2024 06 16 03 38  0.000000 2   1.976988191210E-11  2.151898971514E-11
AR GRAC 2024 06 16 03 38 10.000000 2   2.127861949142E-11  4.294715277853E-11
AR GRAC 2024 06 16 03 38 20.000000 2   1.883176600770E-11  2.746531474473E-11
AR GRAC 2024 06 16 03 38 30.000000 2   1.921756156986E-11  3.179347757287E-11
AR GRAC 2024 06 16 03 38 40.000000 2   2.245630417730E-11  4.460163141595E-11
AR GRAC 2024 06 16 03 38 50.000000 2   2.033047341587E-11  2.331978880832E-11
AR GRAC 2024 06 16 03 39  0.000000 2   1.966757139094E-11  3.906793985542E-11
AR GRAC 2024 06 16 03 39 10.000000 2   1.915000970298E-11  2.802609359864E-11
AR GRAC 2024 06 16 03 39 20.000000 2   2.046429865843E-11  2.659424243323E-11
AR GRAC 2024 06 16 03 39 30.000000 2   1.980015283676E-11  3.882238974739E-11
AR GRAC 2024 06 16 03 39 40.000000 2   2.169363473581E-11  3.481053639787E-11
AR GRAC 2024 06 16 03 39 50.000000 2   1.996989726361E-11  3.963867775680E-11
AR GRAC 2024 06 16 03 40  0.000000 2   2.053303013727E-11  3.932681957863E-11
AR GRAC 2024 06 16 03 40 10.000000 2   1.953212244721E-11  3.383495914000E-11
AR GRAC 2024 06 16 03 40 20.000000 2   2.081688467437E-11  3.036309398352E-11
AR GRAC 2024 06 16 03 40 30.000000 2   2.157816460235E-11  3.439122944759E-11
AR GRAC 2024 06 16 03 40 40.000000 2   1.789928448515E-11  3.223936048680E-11
AR GRAC 2024 06 16 03 40 50.000000 2   2.104192861618E-11  2.910749072327E-11
AR GRAC 2024 06 16 03 41  0.000000 2   2.084251347900E-11  3.700562078990E-11
AR GRAC 2024 06 16 03 41 10.000000 2   2.073821323001E-11  4.974374731570E-11
AR GRAC 2024 06 16 03 41 20.000000 2   2.034635654402E-11  2.572187254857E-11
AR GRAC 2024 06 16 03 41 30.000000 2   2.061586838742E-11  4.931999253444E-11
AR GRAC 2024 06 16 03 41 40.000000 2   2.038092611345E-11  4.231811429056E-11
AR GRAC 2024 06 16 03 41 50.000000 2   2.137817180226E-11  1.555623165006E-11
AR GRAC 2024 06 16 03 42  0.000000 2   1.939953926666E-11  6.282434988902E-11
AR GRAC 2024 06 16 03 42 10.000000 2   2.254869901908E-11  2.392245949945E-11
AR GRAC 2024 06 16 03 42 20.000000 2   2.121400104194E-11  4.624057386993E-11
AR GRAC 2024 06 16 03 42 30.000000 2   2.099658120980E-11  2.537868179497E-11
AR GRAC 2024 06 16 03 42 40.000000 2   2.022281474223E-11  3.110678728491E-11
AR GRAC 2024 06 16 03 42 50.000000 2   2.071399475556E-11  3.357489286593E-11
AR GRAC 2024 06 16 03 43  0.000000 2   2.154043957092E-11  4.298299563499E-11
AR GRAC 2024 06 16 03 43 10.000000 2   1.966318080582E-11  3.060109804442E-11
AR GRAC 2024 06 16 03 43 20.000000 2   2.306088826842E-11  3.415919977434E-11
AR GRAC 2024 06 16 03 43 30.000000 2   2.162961303120E-11  4.712729165246E-11
AR GRAC 2024 06 16 03 43 40.000000 2   2.080047245556E-11  5.089538859804E-11
AR GRAC 2024 06 16 03 43 50.000000 2   2.106995307394E-11  3.533348613693E-11
AR GRAC 2024 06 16 03 44  0.000000 2   2.096752632630E-11  1.826157454421E-11
AR GRAC 2024 06 16 03 44 10.000000 2   1.981090118341E-11  2.911966154318E-11
AR GRAC 2024 06 16 03 44 20.000000 2   2.147175146017E-11  5.316774798203E-11
AR GRAC 2024 06 16 03 44 30.000000 2   2.111382943482E-11  3.566583486880E-11
AR GRAC 2024 06 16 03 44 40.000000 2   2.231409848563E-11  3.458391212297E-11
AR GRAC 2024 06 16 03 44 50.000000 2   2.073530930291E-11  4.060199745859E-11
AR GRAC 2024 06 16 03 45  0.000000 2   1.972592748867E-11  2.395007282774E-11
AR GRAC 2024 06 16 03 45 10.000000 2   2.359790141071E-11  5.391815119382E-11
AR GRAC 2024 06 16 03 45 20.000000 2   2.003791577110E-11  3.397622114210E-11
AR GRAC 2024 06 16 03 45 30.000000 2   1.943003570537E-11  3.447429494652E-11
AR GRAC 2024 06 16 03 45 40.000000 2   2.111118745096E-11  2.598236556461E-11
AR GRAC 2024 06 16 03 45 50.000000 2   2.097178507243E-11  3.184043306792E-11
AR GRAC 2024 06 16 03 46  0.000000 2   2.109075414314E-11  5.360849958391E-11
AR GRAC 2024 06 16 03 46 10.000000 2   2.203038793058E-11  3.991656311042E-11
AR GRAC 2024 06 16 03 46 20.000000 2   2.136829602151E-11  3.710462145867E-11
AR GRAC 2024 06 16 03 46 30.000000 2   2.025424446217E-11  3.124268205257E-11
AR GRAC 2024 06 16 03 46 40.000000 2   2.342020501145E-11  3.258074018908E-11
AR GRAC 2024 06 16 03 46 50.000000 2   2.258907123853E-11  2.486879452368E-11
AR GRAC 2024 06 16 03 47  0.000000 2   1.874531432855E-11  4.704684905543E-11
AR GRAC 2024 06 16 03 47 10.000000 2   2.189868945901E-11  4.097489708643E-11
AR GRAC 2024 06 16 03 47 20.000000 2   2.055988712613E-11  4.940294701106E-11
AR GRAC 2024 06 16 03 47 30.000000 2   2.122293833728E-11  4.207099599252E-11
AR GRAC 2024 06 16 03 47 40.000000 2   2.128749086727E-11  2.994903977593E-11
AR GRAC 2024 06 16 03 47 50.000000 2   2.238668625476E-11  3.991708352746E-11
AR GRAC 2024 06 16 03 48  0.000000 2   2.346402239173E-11  3.364512141113E-11
AR GRAC 2024 06 16 03 48 10.000000 2   2.380298042004E-11  3.414316052108E-11
AR GRAC 2024 06 16 03 48 20.000000 2   2.002479779217E-11  4.254119626013E-11
AR GRAC 2024 06 16 03 48 30.000000 2   2.000524745860E-11  4.881922990863E-11
AR GRAC 2024 06 16 03 48 40.000000 2   2.057402338773E-11  4.715726420468E-11
AR GRAC 2024 06 16 03 48 50.000000 2   2.045333000189E-11  3.971529355384E-11
AR GRAC 2024 06 16 03 49  0.000000 2   1.900356781659E-11  3.254331873426E-11
AR GRAC 2024 06 16 03 49 10.000000 2   2.231201855218E-11  3.859134539708E-11
AR GRAC 2024 06 16 03 49 20.000000 2   2.042727619000E-11  3.821936864212E-11
AR GRAC 2024 06 16 03 49 30.000000 2   2.111711326636E-11  3.101739351474E-11
AR GRAC 2024 06 16 03 49 40.000000 2   2.035560608959E-11  3.713540933092E-11
AR GRAC 2024 06 16 03 49 50.000000 2   2.030982847179E-11  4.450342871998E-11
