 2.00 C RINEX VERSION / TYPE
 10.00 INTERVAL
 1 AR # / TYPES OF DATA
 END OF HEADER
AR GRAC 2024 06 11 01 50  0.000000 2   9.519414770343E-12  1.618031576778E-11
AR GRAC 2024 06 11 01 50 10.000000 2   2.354249824602E-12  3.558107367768E-12
AR GRAC 2024 06 11 01 50 20.000000 2   1.096696193061E-12  1.257589778841E-11
AR GRAC 2024 06 11 01 50 30.000000 2   2.047419986372E-13  2.233368524840E-11
AR GRAC 2024 06 11 01 50 40.000000 2   3.520606766186E-12  1.864147551600E-11
AR GRAC 2024 06 11 01 50 50.000000 2   2.137411124828E-12  1.465925991706E-11
AR GRAC 2024 06 11 01 51  0.000000 2   5.824328866422E-12  2.922704439579E-11
AR GRAC 2024 06 11 01 51 10.000000 2   9.895144599537E-13  9.194828058667E-12
AR GRAC 2024 06 11 01 51 20.000000 2   3.590186307967E-12  1.286261114980E-11
AR GRAC 2024 06 11 01 51 30.000000 2  -1.137739642082E-12  1.665038940057E-11
AR GRAC 2024 06 11 01 51 40.000000 2   3.967843414943E-12  1.940817125068E-11
AR GRAC 2024 06 11 01 51 50.000000 2   3.554383350146E-12  1.653594795814E-11
AR GRAC 2024 06 11 01 52  0.000000 2   2.661299999818E-12  1.157372548494E-11
AR GRAC 2024 06 11 01 52 10.000000 2  -7.076157151550E-13  2.533150252060E-11
AR GRAC 2024 06 11 01 52 20.000000 2   2.536602113253E-13 -3.960724977159E-12
AR GRAC 2024 06 11 01 52 30.000000 2   1.485804643382E-12  1.897704562936E-11
AR GRAC 2024 06 11 01 52 40.000000 2   5.696703959251E-13 -1.284518151567E-11
AR GRAC 2024 06 11 01 52 50.000000 2  -1.289707598530E-12  1.324258931679E-11
AR GRAC 2024 06 11 01 53  0.000000 2   9.425637353955E-13  1.671035532169E-11
AR GRAC 2024 06 11 01 53 10.000000 2  -1.442646349603E-12  1.077812492034E-11
AR GRAC 2024 06 11 01 53 20.000000 2   1.933258024153E-12  1.796589092773E-11
AR GRAC 2024 06 11 01 53 30.000000 2  -4.300219902387E-12 -4.556344884721E-12
AR GRAC 2024 06 11 01 53 40.000000 2  -1.292286373397E-12 -9.785820157676E-13
AR GRAC 2024 06 11 01 53 50.000000 2  -1.848938970678E-12  1.779918053224E-11
AR GRAC 2024 06 11 01 54  0.000000 2  -6.301625020411E-12  8.546940932774E-12
AR GRAC 2024 06 11 01 54 10.000000 2  -2.266237544846E-12  2.294469995945E-11
AR GRAC 2024 06 11 01 54 20.000000 2  -3.734371319120E-12  1.463245670463E-11
AR GRAC 2024 06 11 01 54 30.000000 2  -3.128538227093E-12  5.870214470766E-12
AR GRAC 2024 06 11 01 54 40.000000 2  -1.860098229958E-12 -1.020311561476E-13
AR GRAC 2024 06 11 01 54 50.000000 2  -7.131650738706E-12  5.195723191964E-12
AR GRAC 2024 06 11 01 55  0.000000 2  -4.304883272771E-12  1.257347437972E-11
AR GRAC 2024 06 11 01 55 10.000000 2  -3.763220204206E-12 -1.798774562460E-12
AR GRAC 2024 06 11 01 55 20.000000 2  -7.772300164577E-12  4.198975368797E-12
AR GRAC 2024 06 11 01 55 30.000000 2  -2.764358403642E-12 -1.443275403704E-12
AR GRAC 2024 06 11 01 55 40.000000 2  -6.347336285045E-12 -5.552942681413E-14
AR GRAC 2024 06 11 01 55 50.000000 2  -5.725202863877E-12 -4.177845135817E-13
AR GRAC 2024 06 11 01 56  0.000000 2  -6.252412216440E-12 -2.960039331701E-12
AR GRAC 2024 06 11 01 56 10.000000 2  -6.363143519039E-12  5.547703355729E-12
AR GRAC 2024 06 11 01 56 20.000000 2  -7.338431078086E-12  3.085444877024E-12
AR GRAC 2024 06 11 01 56 30.000000 2  -8.020703892719E-12 -5.286815256411E-12
AR GRAC 2024 06 11 01 56 40.000000 2  -8.563830200536E-12  1.820923620222E-12
AR GRAC 2024 06 11 01 56 50.000000 2  -5.321939937353E-12  1.388661104509E-12
AR GRAC 2024 06 11 01 57  0.000000 2  -9.809644416214E-12 -9.513604314060E-12
AR GRAC 2024 06 11 01 57 10.000000 2  -8.770170353833E-12  1.068413153088E-11
AR GRAC 2024 06 11 01 57 20.000000 2  -8.127326069085E-12 -1.385813425819E-11
AR GRAC 2024 06 11 01 57 30.000000 2  -7.894762101002E-12 -7.870403113952E-12
AR GRAC 2024 06 11 01 57 40.000000 2  -9.727277143490E-12  8.673276940402E-13
AR GRAC 2024 06 11 01 57 50.000000 2  -1.042629524384E-11 -8.804942885909E-12
AR GRAC 2024 06 11 01 58  0.000000 2  -1.447974292551E-11 -1.372153801173E-13
AR GRAC 2024 06 11 01 58 10.000000 2  -1.042985055960E-11 -6.119488596412E-12
AR GRAC 2024 06 11 01 58 20.000000 2  -1.120630845064E-11 -2.046176249271E-11
AR GRAC 2024 06 11 01 58 30.000000 2  -9.240823384271E-12  1.916596048535E-11
AR GRAC 2024 06 11 01 58 40.000000 2  -1.015226964995E-11 -2.253631656290E-11
AR GRAC 2024 06 11 01 58 50.000000 2  -1.322464793924E-11 -6.078594225190E-12
AR GRAC 2024 06 11 01 59  0.000000 2  -1.151502070779E-11  1.799125301863E-12
AR GRAC 2024 06 11 01 59 10.000000 2  -9.448620705288E-12 -1.809315544610E-11
AR GRAC 2024 06 11 01 59 20.000000 2  -9.276788538737E-12  1.284455961731E-11
AR GRAC 2024 06 11 01 59 30.000000 2  -1.736015671494E-11 -1.233772285725E-11
AR GRAC 2024 06 11 01 59 40.000000 2  -5.487849324276E-12 -1.033000941730E-11
AR GRAC 2024 06 11 01 59 50.000000 2  -1.464068102863E-11 -1.176229513095E-11
AR GRAC 2024 06 11 02 00  0.000000 2  -1.453623246078E-11 -1.864584658548E-12
AR GRAC 2024 06 11 02 00 10.000000 2  -1.554915744773E-11 -1.133687328042E-11
AR GRAC 2024 06 11 02 00 20.000000 2  -1.327749282048E-11 -8.669166946806E-12
AR GRAC 2024 06 11 02 00 30.000000 2  -1.052446151062E-11 -1.332145938698E-11
AR GRAC 2024 06 11 02 00 40.000000 2  -1.353730669229E-11 -1.893750347509E-12
AR GRAC 2024 06 11 02 00 50.000000 2  -1.219378417683E-11 -3.020604599779E-11
AR GRAC 2024 06 11 02 01  0.000000 2  -1.194193181842E-11 -9.988343485645E-12
AR GRAC 2024 06 11 02 01 10.000000 2  -1.522608948645E-11 -5.410640251807E-12
AR GRAC 2024 06 11 02 01 20.000000 2  -1.754131562226E-11 -1.822940886784E-12
AR GRAC 2024 06 11 02 01 30.000000 2  -1.131364880252E-11 -8.475241342065E-12
AR GRAC 2024 06 11 02 01 40.000000 2  -1.362667964577E-11 -2.817541772809E-12
AR GRAC 2024 06 11 02 01 50.000000 2  -1.917213263147E-11 -1.092984557027E-11
AR GRAC 2024 06 11 02 02  0.000000 2  -1.944671333687E-11 -2.065215012892E-11
AR GRAC 2024 06 11 02 02 10.000000 2  -1.716285967512E-11 -6.134455790563E-12
AR GRAC 2024 06 11 02 02 20.000000 2  -1.420469818159E-11 -1.968676090203E-11
AR GRAC 2024 06 11 02 02 30.000000 2  -1.708675388679E-11 -1.847907070418E-11
AR GRAC 2024 06 11 02 02 40.000000 2  -1.746718915341E-11 -1.084138074453E-11
AR GRAC 2024 06 11 02 02 50.000000 2  -1.968004405273E-11 -8.353692737550E-12
AR GRAC 2024 06 11 02 03  0.000000 2  -1.858780317165E-11 -2.172600467587E-11
AR GRAC 2024 06 11 02 03 10.000000 2  -1.706093252785E-11 -7.018319085617E-12
AR GRAC 2024 06 11 02 03 20.000000 2  -1.507518068711E-11 -2.259063595911E-11
AR GRAC 2024 06 11 02 03 30.000000 2  -2.119648727372E-11 -5.912951118320E-12
AR GRAC 2024 06 11 02 03 40.000000 2  -1.909073593653E-11 -1.210526991147E-11
AR GRAC 2024 06 11 02 03 50.000000 2  -1.868248437897E-11 -2.355758990658E-11
AR GRAC 2024 06 11 02 04  0.000000 2  -1.890290354800E-11 -2.573990846855E-11
AR GRAC 2024 06 11 02 04 10.000000 2  -2.101876311889E-11 -2.020223224819E-11
AR GRAC 2024 06 11 02 04 20.000000 2  -1.793244198967E-11 -1.370455311733E-11
AR GRAC 2024 06 11 02 04 30.000000 2  -1.777579992923E-11 -7.296879246665E-12
AR GRAC 2024 06 11 02 04 40.000000 2  -1.632066357060E-11 -3.342920731897E-11
AR GRAC 2024 06 11 02 04 50.000000 2  -1.802148534569E-11 -1.378153407366E-11
AR GRAC 2024 06 11 02 05  0.000000 2  -2.005062435528E-11 -1.965386013658E-11
AR GRAC 2024 06 11 02 05 10.000000 2  -2.049100993051E-11 -1.723619337535E-11
AR GRAC 2024 06 11 02 05 20.000000 2  -2.152866773741E-11 -1.992852410870E-11
AR GRAC 2024 06 11 02 05 30.000000 2  -2.146109678858E-11 -2.375085891848E-11
AR GRAC 2024 06 11 02 05 40.000000 2  -1.910930441662E-11 -1.790319108241E-11
AR GRAC 2024 06 11 02 05 50.000000 2  -1.896172802107E-11 -2.560552637976E-11
AR GRAC 2024 06 11 02 06  0.000000 2  -1.838102239859E-11 -2.034786228400E-11
AR GRAC 2024 06 11 02 06 10.000000 2  -1.615776262787E-11 -2.161020494496E-11
AR GRAC 2024 06 11 02 06 20.000000 2  -2.118809468155E-11 -1.608254154850E-11
AR GRAC 2024 06 11 02 06 30.000000 2  -1.813840917742E-11 -2.979488530896E-11
AR GRAC 2024 06 11 02 06 40.000000 2  -2.067686473428E-11 -2.719722884403E-11
AR GRAC 2024 06 11 02 06 50.000000 2  -1.946901667660E-11 -2.031956894410E-11
AR GRAC 2024 06 11 02 07  0.000000 2  -2.087579067944E-11 -2.192191567163E-11
AR GRAC 2024 06 11 02 07 10.000000 2  -2.011204744412E-11 -1.385426148803E-11
AR GRAC 2024 06 11 02 07 20.000000 2  -1.656520580429E-11 -2.794660856897E-11
AR GRAC 2024 06 11 02 07 30.000000 2  -2.097895294983E-11 -3.342896098824E-11
AR GRAC 2024 06 11 02 07 40.000000 2  -2.036357887869E-11 -1.745130775999E-11
AR GRAC 2024 06 11 02 07 50.000000 2  -1.601849208832E-11 -3.469366113840E-11
AR GRAC 2024 06 11 02 08  0.000000 2  -2.263371608191E-11 -1.287601622546E-11
AR GRAC 2024 06 11 02 08 10.000000 2  -1.940043785342E-11 -4.096837105672E-11
AR GRAC 2024 06 11 02 08 20.000000 2  -2.057901939134E-11 -1.746072557374E-11
AR GRAC 2024 06 11 02 08 30.000000 2  -2.251128623787E-11 -1.533308376100E-11
AR GRAC 2024 06 11 02 08 40.000000 2  -1.555336068271E-11 -3.278544102869E-11
AR GRAC 2024 06 11 02 08 50.000000 2  -2.233018978059E-11 -2.416780317538E-11
AR GRAC 2024 06 11 02 09  0.000000 2  -2.273607344061E-11 -3.208016144396E-11
AR GRAC 2024 06 11 02 09 10.000000 2  -1.846248501303E-11 -1.058252790953E-11
AR GRAC 2024 06 11 02 09 20.000000 2  -1.922932472975E-11 -3.956488955903E-11
AR GRAC 2024 06 11 02 09 30.000000 2  -1.884502449923E-11 -1.717725441053E-11
AR GRAC 2024 06 11 02 09 40.000000 2  -2.229952507371E-11 -3.618962421403E-11
AR GRAC 2024 06 11 02 09 50.000000 2  -1.882280442622E-11 -2.282199082493E-11
AR GRAC 2024 06 11 02 10  0.000000 2  -2.476371538385E-11 -2.749436095462E-11
AR GRAC 2024 06 11 02 10 10.000000 2  -2.365901745349E-11 -2.470673145238E-11
AR GRAC 2024 06 11 02 10 20.000000 2  -1.878534307276E-11 -3.921910365912E-11
AR GRAC 2024 06 11 02 10 30.000000 2  -2.125268537545E-11 -3.209147877992E-11
AR GRAC 2024 06 11 02 10 40.000000 2  -2.056646346282E-11 -3.301385206878E-11
AR GRAC 2024 06 11 02 10 50.000000 2  -2.015284293611E-11 -2.200622843673E-11
AR GRAC 2024 06 11 02 11  0.000000 2  -2.082021881289E-11 -2.847860489097E-11
AR GRAC 2024 06 11 02 11 10.000000 2  -2.210794568247E-11 -3.635098472232E-11
AR GRAC 2024 06 11 02 11 20.000000 2  -2.152333693217E-11 -2.832336622183E-11
AR GRAC 2024 06 11 02 11 30.000000 2  -2.014583291854E-11 -4.021574739888E-11
AR GRAC 2024 06 11 02 11 40.000000 2  -2.411367112931E-11 -2.946812932558E-11
AR GRAC 2024 06 11 02 11 50.000000 2  -2.016381332737E-11 -2.675051326284E-11
AR GRAC 2024 06 11 02 12  0.000000 2  -1.978522554125E-11 -3.383290175796E-11
AR GRAC 2024 06 11 02 12 10.000000 2  -2.168691441706E-11 -2.467528438521E-11
AR GRAC 2024 06 11 02 12 20.000000 2  -1.777372866940E-11 -3.893767600016E-11
AR GRAC 2024 06 11 02 12 30.000000 2  -2.292000270132E-11 -3.344006668793E-11
AR GRAC 2024 06 11 02 12 40.000000 2  -2.134085790029E-11 -2.420245427681E-11
AR GRAC 2024 06 11 02 12 50.000000 2  -2.276668610579E-11 -3.761484873577E-11
AR GRAC 2024 06 11 02 13  0.000000 2  -2.114325728386E-11 -2.255724079747E-11
AR GRAC 2024 06 11 02 13 10.000000 2  -2.041322666457E-11 -2.735963886003E-11
AR GRAC 2024 06 11 02 13 20.000000 2  -1.722763598444E-11 -3.173203366735E-11
AR GRAC 2024 06 11 02 13 30.000000 2  -1.833678694996E-11 -2.455443313953E-11
AR GRAC 2024 06 11 02 13 40.000000 2  -1.921566551710E-11 -3.542683160718E-11
AR GRAC 2024 06 11 02 13 50.000000 2  -1.891654541342E-11 -3.668923498346E-11
AR GRAC 2024 06 11 02 14  0.000000 2  -2.439324610359E-11 -2.237163579388E-11
AR GRAC 2024 06 11 02 14 10.000000 2  -2.133373512569E-11 -4.805403644448E-11
AR GRAC 2024 06 11 02 14 20.000000 2  -2.061477551163E-11 -3.042644261542E-11
AR GRAC 2024 06 11 02 14 30.000000 2  -2.046668737266E-11 -4.280885021468E-11
AR GRAC 2024 06 11 02 14 40.000000 2  -1.649837905182E-11 -2.496125528495E-11
AR GRAC 2024 06 11 02 14 50.000000 2  -2.238732983717E-11 -3.714366661467E-11
AR GRAC 2024 06 11 02 15  0.000000 2  -1.895000822927E-11 -2.281607541788E-11
AR GRAC 2024 06 11 02 15 10.000000 2  -1.949021326275E-11 -1.989848563699E-11
AR GRAC 2024 06 11 02 15 20.000000 2  -2.026979972758E-11 -3.056089756259E-11
AR GRAC 2024 06 11 02 15 30.000000 2  -1.460685392085E-11 -4.084331484133E-11
AR GRAC 2024 06 11 02 15 40.000000 2  -2.467439100262E-11 -4.278572982019E-11
AR GRAC 2024 06 11 02 15 50.000000 2  -1.822494065384E-11 -2.487814641794E-11
AR GRAC 2024 06 11 02 16  0.000000 2  -2.302000257082E-11 -2.259056483545E-11
AR GRAC 2024 06 11 02 16 10.000000 2  -2.068524518339E-11 -5.051298268555E-11
AR GRAC 2024 06 11 02 16 20.000000 2  -1.723019123212E-11 -2.237540534800E-11
AR GRAC 2024 06 11 02 16 30.000000 2  -1.984479074124E-11 -2.662782667973E-11
AR GRAC 2024 06 11 02 16 40.000000 2  -2.129599795120E-11 -1.980025171600E-11
AR GRAC 2024 06 11 02 16 50.000000 2  -1.717080297392E-11 -4.630267697037E-11
AR GRAC 2024 06 11 02 17  0.000000 2  -2.490180631143E-11 -3.324510458591E-11
AR GRAC 2024 06 11 02 17 10.000000 2  -1.597898202643E-11 -2.700753162777E-11
AR GRAC 2024 06 11 02 17 20.000000 2  -1.742548640105E-11 -3.959995872882E-11
AR GRAC 2024 06 11 02 17 30.000000 2  -1.477809367934E-11 -3.840238890773E-11
AR GRAC 2024 06 11 02 17 40.000000 2  -1.902879243065E-11 -1.688482340056E-11
AR GRAC 2024 06 11 02 17 50.000000 2  -2.062537640679E-11 -3.390725547558E-11
AR GRAC 2024 06 11 02 18  0.000000 2  -1.882024917854E-11 -3.570968867828E-11
AR GRAC 2024 06 11 02 18 10.000000 2  -1.473660950213E-11 -2.835212793706E-11
AR GRAC 2024 06 11 02 18 20.000000 2  -1.970527907513E-11 -2.282456168512E-11
AR GRAC 2024 06 11 02 18 30.000000 2  -1.664963479586E-11 -4.343700052423E-11
AR GRAC 2024 06 11 02 18 40.000000 2  -1.769373016158E-11 -2.739944035546E-11
AR GRAC 2024 06 11 02 18 50.000000 2  -2.091302304941E-11 -2.509188343214E-11
AR GRAC 2024 06 11 02 19  0.000000 2  -1.290102399909E-11 -2.121432370050E-11
AR GRAC 2024 06 11 02 19 10.000000 2  -1.369737830104E-11 -1.573676952638E-11
AR GRAC 2024 06 11 02 19 20.000000 2  -2.184750297340E-11 -3.841921572545E-11
AR GRAC 2024 06 11 02 19 30.000000 2  -1.836194044036E-11 -4.441165837865E-11
AR GRAC 2024 06 11 02 19 40.000000 2  -1.497534561634E-11 -3.168411019661E-11
AR GRAC 2024 06 11 02 19 50.000000 2  -1.653711369232E-11 -2.923655761933E-11
AR GRAC 2024 06 11 02 20  0.000000 2  -1.566999308089E-11 -1.254900870717E-11
AR GRAC 2024 06 11 02 20 10.000000 2  -1.266301299929E-11 -3.150146116182E-11
AR GRAC 2024 06 11 02 20 20.000000 2  -1.665329506240E-11 -3.019391334180E-11
AR GRAC 2024 06 11 02 20 30.000000 2  -1.123502332834E-11 -2.418636992074E-11
AR GRAC 2024 06 11 02 20 40.000000 2  -1.511240611818E-11 -1.410882435188E-11
AR GRAC 2024 06 11 02 20 50.000000 2  -1.008244095851E-11 -2.694128253822E-11
AR GRAC 2024 06 11 02 21  0.000000 2  -1.620064499219E-11 -4.092374356057E-11
AR GRAC 2024 06 11 02 21 10.000000 2  -1.318811986700E-11 -2.949620409032E-11
AR GRAC 2024 06 11 02 21 20.000000 2  -1.115505864763E-11 -2.628866395404E-11
AR GRAC 2024 06 11 02 21 30.000000 2  -1.832610972696E-11 -2.505112783879E-11
AR GRAC 2024 06 11 02 21 40.000000 2  -1.026197529730E-11 -2.884359244504E-11
AR GRAC 2024 06 11 02 21 50.000000 2  -1.817659217584E-11 -2.409605501241E-11
AR GRAC 2024 06 11 02 22  0.000000 2  -9.900320147027E-12 -1.994852200093E-11
AR GRAC 2024 06 11 02 22 10.000000 2  -1.360494789743E-11 -2.522099369628E-11
AR GRAC 2024 06 11 02 22 20.000000 2  -1.116701956599E-11 -2.359346225334E-11
AR GRAC 2024 06 11 02 22 30.000000 2  -9.862060820764E-12 -2.405593259314E-11
AR GRAC 2024 06 11 02 22 40.000000 2  -1.356377770517E-11 -3.398840583979E-11
AR GRAC 2024 06 11 02 22 50.000000 2  -1.182722322857E-11 -2.726088105254E-11
AR GRAC 2024 06 11 02 23  0.000000 2  -1.469692770262E-11 -1.776335675774E-11
AR GRAC 2024 06 11 02 23 10.000000 2  -1.007766613215E-11 -5.985831188354E-12
AR GRAC 2024 06 11 02 23 20.000000 2  -1.158643059967E-11 -2.711830933422E-11
AR GRAC 2024 06 11 02 23 30.000000 2  -1.679865101190E-11 -1.500078880556E-11
AR GRAC 2024 06 11 02 23 40.000000 2  -9.422788938007E-12 -3.267327033929E-11
AR GRAC 2024 06 11 02 23 50.000000 2  -9.260963523827E-12 -1.512574787643E-11
AR GRAC 2024 06 11 02 24  0.000000 2  -8.412634304455E-12 -2.045823579988E-11
AR GRAC 2024 06 11 02 24 10.000000 2  -1.220563407289E-11 -2.598071931204E-11
AR GRAC 2024 06 11 02 24 20.000000 2  -1.314925165280E-11 -2.930320569527E-11
AR GRAC 2024 06 11 02 24 30.000000 2  -1.192660900595E-11  1.124307895048E-12
AR GRAC 2024 06 11 02 24 40.000000 2  -1.042293074766E-11 -1.072818136411E-11
AR GRAC 2024 06 11 02 24 50.000000 2  -1.596336257625E-11 -3.161067241297E-11
AR GRAC 2024 06 11 02 25  0.000000 2  -1.199737358071E-11 -2.673162472627E-12
AR GRAC 2024 06 11 02 25 10.000000 2  -6.129458052229E-12 -2.296565368431E-11
AR GRAC 2024 06 11 02 25 20.000000 2  -1.010754067249E-11 -3.372814874614E-11
AR GRAC 2024 06 11 02 25 30.000000 2  -1.052004316993E-11 -1.234064499894E-11
AR GRAC 2024 06 11 02 25 40.000000 2  -8.066518807082E-12 -2.207314019065E-11
AR GRAC 2024 06 11 02 25 50.000000 2  -7.465117933536E-12 -4.525639845515E-12
AR GRAC 2024 06 11 02 26  0.000000 2  -1.178893354464E-11 -1.912813830940E-11
AR GRAC 2024 06 11 02 26 10.000000 2  -8.308373954102E-12 -1.862063801761E-11
AR GRAC 2024 06 11 02 26 20.000000 2  -1.248100060802E-11  3.536857438868E-12
AR GRAC 2024 06 11 02 26 30.000000 2  -9.270732619082E-12 -2.755564873502E-11
AR GRAC 2024 06 11 02 26 40.000000 2  -8.470172480068E-12 -1.176815069004E-11
AR GRAC 2024 06 11 02 26 50.000000 2  -9.244661459962E-12 -2.593065519252E-11
AR GRAC 2024 06 11 02 27  0.000000 2  -9.537684877992E-12  3.496835416714E-12
AR GRAC 2024 06 11 02 27 10.000000 2  -9.423191393854E-12 -3.272567286605E-11
AR GRAC 2024 06 11 02 27 20.000000 2  -9.680404915169E-12 -7.918183470013E-12
AR GRAC 2024 06 11 02 27 30.000000 2  -6.634621671497E-12  3.669304009940E-12
AR GRAC 2024 06 11 02 27 40.000000 2  -7.472743777936E-12  4.346790722504E-12
AR GRAC 2024 06 11 02 27 50.000000 2  -6.862912148298E-12 -2.649572228286E-11
AR GRAC 2024 06 11 02 28  0.000000 2  -8.248909368069E-12 -2.029823704952E-11
AR GRAC 2024 06 11 02 28 10.000000 2  -9.038636158976E-12  8.639242966846E-12
AR GRAC 2024 06 11 02 28 20.000000 2  -7.573253656135E-12 -1.883327521712E-11
AR GRAC 2024 06 11 02 28 30.000000 2  -7.214842872444E-12 -4.135793270355E-12
AR GRAC 2024 06 11 02 28 40.000000 2  -5.237395586666E-12 -2.568316653101E-12
AR GRAC 2024 06 11 02 28 50.000000 2  -5.224418120342E-12 -1.629083673516E-11
AR GRAC 2024 06 11 02 29  0.000000 2  -5.837245617424E-12  3.266638261973E-12
AR GRAC 2024 06 11 02 29 10.000000 2  -6.686000711409E-12  3.941127751841E-13
AR GRAC 2024 06 11 02 29 20.000000 2  -1.975760917719E-12 -1.706841439020E-11
AR GRAC 2024 06 11 02 29 30.000000 2  -5.946785164995E-12  1.053905834131E-11
AR GRAC 2024 06 11 02 29 40.000000 2   2.682778478535E-12 -1.627346868371E-11
AR GRAC 2024 06 11 02 29 50.000000 2  -6.845508968706E-12  3.483997161949E-12
AR GRAC 2024 06 11 02 30  0.000000 2  -7.018336432851E-12 -5.718533285792E-12
AR GRAC 2024 06 11 02 30 10.000000 2  -1.877674881898E-12 -1.415106747060E-11
AR GRAC 2024 06 11 02 30 20.000000 2  -1.387989007583E-12 -1.001360192682E-11
AR GRAC 2024 06 11 02 30 30.000000 2  -6.503250195300E-12  5.023862836157E-12
AR GRAC 2024 06 11 02 30 40.000000 2  -5.159160858942E-12 -3.191867603558E-11
AR GRAC 2024 06 11 02 30 50.000000 2  -2.623192028178E-12  3.887855478096E-13
AR GRAC 2024 06 11 02 31  0.000000 2  -5.435780298102E-12 -8.637535131584E-13
AR GRAC 2024 06 11 02 31 10.000000 2  -2.538481360878E-12  5.113703731296E-12
AR GRAC 2024 06 11 02 31 20.000000 2  -9.477226945928E-13 -2.708839446156E-12
AR GRAC 2024 06 11 02 31 30.000000 2  -1.219367380505E-12  6.308617257061E-12
AR GRAC 2024 06 11 02 31 40.000000 2  -2.644586372808E-12 -1.523392696712E-11
AR GRAC 2024 06 11 02 31 50.000000 2  -3.506615787671E-12  1.405352570427E-11
AR GRAC 2024 06 11 02 32  0.000000 2  -1.577727206693E-12 -9.089025539144E-12
AR GRAC 2024 06 11 02 32 10.000000 2  -5.408086305170E-12 -3.671572160885E-12
AR GRAC 2024 06 11 02 32 20.000000 2  -3.741741725488E-12  8.695875616804E-12
AR GRAC 2024 06 11 02 32 30.000000 2  -7.122087750285E-13  1.603323268422E-12
AR GRAC 2024 06 11 02 32 40.000000 2   4.639667014299E-13 -5.089229818817E-12
AR GRAC 2024 06 11 02 32 50.000000 2  -1.670209760427E-12  1.361821592993E-11
AR GRAC 2024 06 11 02 33  0.000000 2   1.753292281324E-12 -6.134342599856E-12
AR GRAC 2024 06 11 02 33 10.000000 2   3.489000538134E-12  2.770310023048E-11
AR GRAC 2024 06 11 02 33 20.000000 2  -3.800333311932E-12  5.570543158695E-12
AR GRAC 2024 06 11 02 33 30.000000 2   8.678065861398E-13  7.798062461603E-14
AR GRAC 2024 06 11 02 33 40.000000 2  -5.820617425545E-13  9.125418302947E-12
AR GRAC 2024 06 11 02 33 50.000000 2   1.273264154701E-12  1.161285564238E-11
AR GRAC 2024 06 11 02 34  0.000000 2   5.604072761400E-12 -1.659707961343E-12
AR GRAC 2024 06 11 02 34 10.000000 2   3.669440619414E-12  1.423772558184E-11
AR GRAC 2024 06 11 02 34 20.000000 2   4.430307683212E-12 -4.174842763160E-12
AR GRAC 2024 06 11 02 34 30.000000 2  -1.252862830842E-12 -3.874098036729E-13
AR GRAC 2024 06 11 02 34 40.000000 2   1.762051984357E-12  2.540001889373E-11
AR GRAC 2024 06 11 02 34 50.000000 2   1.186124982955E-12 -1.012551479294E-12
AR GRAC 2024 06 11 02 35  0.000000 2   2.066242359502E-12  2.894875528528E-12
AR GRAC 2024 06 11 02 35 10.000000 2   4.680867672635E-12  9.192301433925E-12
AR GRAC 2024 06 11 02 35 20.000000 2   1.467159293361E-12  6.179727736477E-12
AR GRAC 2024 06 11 02 35 30.000000 2   1.004068247816E-12  9.167149678246E-12
AR GRAC 2024 06 11 02 35 40.000000 2   2.868026996450E-12  1.074457189887E-11
AR GRAC 2024 06 11 02 35 50.000000 2   6.006342125053E-12  7.111993285958E-12
AR GRAC 2024 06 11 02 36  0.000000 2   1.595710434447E-12  1.875941242624E-11
AR GRAC 2024 06 11 02 36 10.000000 2  -1.220777602270E-12  1.055682971596E-11
AR GRAC 2024 06 11 02 36 20.000000 2   5.848336571967E-12  2.578424453115E-11
AR GRAC 2024 06 11 02 36 30.000000 2   5.307729082638E-12  3.511660580380E-12
AR GRAC 2024 06 11 02 36 40.000000 2   7.799286390331E-12  2.717907496286E-11
AR GRAC 2024 06 11 02 36 50.000000 2   2.620039168261E-12  6.156488513431E-12
AR GRAC 2024 06 11 02 37  0.000000 2   5.905972759457E-12  2.147389904783E-11
AR GRAC 2024 06 11 02 37 10.000000 2   5.021274628730E-12  1.797130846914E-11
AR GRAC 2024 06 11 02 37 20.000000 2   2.691237857566E-12  1.378716585343E-12
AR GRAC 2024 06 11 02 37 30.000000 2   5.590377119558E-12  1.901612374511E-11
AR GRAC 2024 06 11 02 37 40.000000 2   3.694824828038E-12  1.473353036796E-11
AR GRAC 2024 06 11 02 37 50.000000 2   4.785736477247E-12  2.358093408039E-11
AR GRAC 2024 06 11 02 38  0.000000 2   5.298156878497E-12  7.918336993040E-12
AR GRAC 2024 06 11 02 38 10.000000 2   6.112312045392E-12  2.556573876211E-11
AR GRAC 2024 06 11 02 38 20.000000 2   6.443443435061E-12  1.748313820105E-11
AR GRAC 2024 06 11 02 38 30.000000 2   1.019614861292E-11 -1.439461722562E-12
AR GRAC 2024 06 11 02 38 40.000000 2   8.432999090702E-12  2.073793393953E-11
AR GRAC 2024 06 11 02 38 50.000000 2   1.056398198085E-11  1.866533316797E-11
AR GRAC 2024 06 11 02 39  0.000000 2   4.762970400030E-12  2.288272696327E-11
AR GRAC 2024 06 11 02 39 10.000000 2   7.266147752927E-12  2.000011961600E-11
AR GRAC 2024 06 11 02 39 20.000000 2   5.438217584586E-12  1.197751099691E-11
AR GRAC 2024 06 11 02 39 30.000000 2   1.115016239062E-11  4.194903539118E-12
AR GRAC 2024 06 11 02 39 40.000000 2   4.098565237198E-12  2.972229407039E-11
AR GRAC 2024 06 11 02 39 50.000000 2   9.063092290540E-12  1.904968023603E-11
AR GRAC 2024 06 11 02 40  0.000000 2   8.879178642340E-12  7.537066457064E-12
AR GRAC 2024 06 11 02 40 10.000000 2   8.656909390725E-12  2.882445324093E-11
AR GRAC 2024 06 11 02 40 20.000000 2   8.651365214496E-12  2.062183757090E-11
AR GRAC 2024 06 11 02 40 30.000000 2   7.960083113490E-12  1.468921859149E-11
AR GRAC 2024 06 11 02 40 40.000000 2   9.711976882432E-12  7.776600544074E-12
AR GRAC 2024 06 11 02 40 50.000000 2   1.138546115026E-11  3.817398133710E-11
AR GRAC 2024 06 11 02 41  0.000000 2   6.527318616167E-12  9.131359730852E-12
AR GRAC 2024 06 11 02 41 10.000000 2   4.995936390279E-12  2.519873545936E-11
AR GRAC 2024 06 11 02 41 20.000000 2   5.291366303450E-12  1.641611326042E-11
AR GRAC 2024 06 11 02 41 30.000000 2   1.190786445143E-11  2.219348663179E-11
AR GRAC 2024 06 11 02 41 40.000000 2   1.109468159705E-11  1.813085966085E-11
AR GRAC 2024 06 11 02 41 50.000000 2   9.147941952559E-12  1.788823256188E-11
AR GRAC 2024 06 11 02 42  0.000000 2   1.046064363602E-11  2.084560302151E-11
AR GRAC 2024 06 11 02 42 10.000000 2   1.011901933773E-11  2.881297284096E-11
AR GRAC 2024 06 11 02 42 20.000000 2   7.571443472187E-12  4.138034012668E-11
AR GRAC 2024 06 11 02 42 30.000000 2   1.093197841279E-11  1.731770629676E-11
AR GRAC 2024 06 11 02 42 40.000000 2   1.160572159209E-11  4.575071224644E-12
AR GRAC 2024 06 11 02 42 50.000000 2   9.278587446981E-12  4.116243457197E-11
AR GRAC 2024 06 11 02 43  0.000000 2   1.214926510090E-11  2.807979543329E-11
AR GRAC 2024 06 11 02 43 10.000000 2   8.200782067314E-12  3.619715638337E-11
AR GRAC 2024 06 11 02 43 20.000000 2   1.261283438803E-11 -4.435482363341E-12
AR GRAC 2024 06 11 02 43 30.000000 2   1.054427378744E-11  2.905187722335E-11
AR GRAC 2024 06 11 02 43 40.000000 2   9.707116187252E-12  2.681923433334E-11
AR GRAC 2024 06 11 02 43 50.000000 2   1.243669230100E-11  2.362658853283E-11
AR GRAC 2024 06 11 02 44  0.000000 2   1.175655146152E-11  2.696394149626E-11
AR GRAC 2024 06 11 02 44 10.000000 2   9.875599470133E-12  2.031129604785E-11
AR GRAC 2024 06 11 02 44 20.000000 2   1.193343601019E-11  2.633864827628E-11
AR GRAC 2024 06 11 02 44 30.000000 2   1.542386357523E-11  2.321599856803E-11
AR GRAC 2024 06 11 02 44 40.000000 2   1.042541053486E-11  3.154334432542E-11
AR GRAC 2024 06 11 02 44 50.000000 2   1.415034148883E-11  3.683069127458E-11
AR GRAC 2024 06 11 02 45  0.000000 2   1.410453698281E-11  2.982803934404E-11
AR GRAC 2024 06 11 02 45 10.000000 2   1.266140230854E-11  2.880538342576E-11
AR GRAC 2024 06 11 02 45 20.000000 2   1.385571171686E-11  2.468272808365E-11
AR GRAC 2024 06 11 02 45 30.000000 2   1.187485700049E-11  2.940007265417E-11
AR GRAC 2024 06 11 02 45 40.000000 2   8.859805250561E-12  1.002741119305E-11
AR GRAC 2024 06 11 02 45 50.000000 2   1.257824747136E-11  2.026474994754E-11
AR GRAC 2024 06 11 02 46  0.000000 2   1.046186141190E-11  3.050209043676E-11
AR GRAC 2024 06 11 02 46 10.000000 2   1.115251294093E-11  3.462942432808E-11
AR GRAC 2024 06 11 02 46 20.000000 2   1.745325585445E-11  8.236759364844E-12
AR GRAC 2024 06 11 02 46 30.000000 2   1.035650471631E-11  3.941409351671E-11
AR GRAC 2024 06 11 02 46 40.000000 2   1.295576146365E-11  2.844142629743E-11
AR GRAC 2024 06 11 02 46 50.000000 2   1.593313328496E-11  1.011875739448E-11
AR GRAC 2024 06 11 02 47  0.000000 2   1.491305863521E-11  2.800608703279E-11
AR GRAC 2024 06 11 02 47 10.000000 2   1.220586826056E-11  3.619341631955E-11
AR GRAC 2024 06 11 02 47 20.000000 2   1.221991605127E-11  2.900074277945E-11
AR GRAC 2024 06 11 02 47 30.000000 2   1.805417967904E-11  4.518806856479E-11
AR GRAC 2024 06 11 02 47 40.000000 2   1.645407941842E-11  1.957539338959E-11
AR GRAC 2024 06 11 02 47 50.000000 2   1.749768559212E-11  2.670271816163E-11
AR GRAC 2024 06 11 02 48  0.000000 2   1.351305699282E-11  4.730003888564E-11
AR GRAC 2024 06 11 02 48 10.000000 2   1.298691362783E-11  2.576735873283E-11
AR GRAC 2024 06 11 02 48 20.000000 2   1.776757733996E-11  4.213467769132E-11
AR GRAC 2024 06 11 02 48 30.000000 2   1.636987594089E-11  2.375199516236E-11
AR GRAC 2024 06 11 02 48 40.000000 2   1.820395223451E-11  2.190931117085E-11
AR GRAC 2024 06 11 02 48 50.000000 2   2.019442946199E-11  2.006662544463E-11
AR GRAC 2024 06 11 02 49  0.000000 2   1.105064911106E-11  4.358394201098E-11
AR GRAC 2024 06 11 02 49 10.000000 2   1.320286154710E-11  2.550125215162E-11
AR GRAC 2024 06 11 02 49 20.000000 2   1.888558406882E-11  1.835856293375E-11
AR GRAC 2024 06 11 02 49 30.000000 2   1.912039276908E-11  1.121587198116E-11
AR GRAC 2024 06 11 02 49 40.000000 2   1.798229794236E-11  2.840318258368E-11
AR GRAC 2024 06 11 02 49 50.000000 2   2.031028296934E-11  4.592048963303E-11
AR GRAC 2024 06 11 02 50  0.000000 2   1.698022104868E-11  3.934779238546E-11
AR GRAC 2024 06 11 02 50 10.000000 2   1.819361675204E-11  3.096509854084E-11
AR GRAC 2024 06 11 02 50 20.000000 2   2.011427656379E-11  2.960240386152E-11
AR GRAC 2024 06 11 02 50 30.000000 2   1.680523602221E-11  3.731970288356E-11
AR GRAC 2024 06 11 02 50 40.000000 2   1.597776251583E-11  2.517700284366E-11
AR GRAC 2024 06 11 02 50 50.000000 2   2.103383439644E-11  2.620430088196E-11
AR GRAC 2024 06 11 02 51  0.000000 2   1.491248791119E-11  3.072159540651E-11
AR GRAC 2024 06 11 02 51 10.000000 2   1.783274222733E-11  2.790889221116E-11
AR GRAC 2024 06 11 02 51 20.000000 2   1.461423690396E-11  2.509619075053E-11
AR GRAC 2024 06 11 02 51 30.000000 2   1.825589679427E-11  4.158347971517E-11
AR GRAC 2024 06 11 02 51 40.000000 2   1.708064072126E-11  2.558077361048E-11
AR GRAC 2024 06 11 02 51 50.000000 2   1.802223474623E-11  3.646806467916E-11
AR GRAC 2024 06 11 02 52  0.000000 2   2.132525579734E-11  3.576535595462E-11
AR GRAC 2024 06 11 02 52 10.000000 2   1.733133775383E-11  3.388264321891E-11
AR GRAC 2024 06 11 02 52 20.000000 2   1.807691149547E-11  3.132993170452E-11
AR GRAC 2024 06 11 02 52 30.000000 2   1.855598834311E-11  3.972721457357E-11
AR GRAC 2024 06 11 02 52 40.000000 2   2.157433086347E-11  2.471449780939E-11
AR GRAC 2024 06 11 02 52 50.000000 2   1.955707470969E-11  4.606177939070E-11
AR GRAC 2024 06 11 02 53  0.000000 2   1.979630695481E-11  3.457906183613E-11
AR GRAC 2024 06 11 02 53 10.000000 2   2.200280235787E-11  3.876634083189E-11
AR GRAC 2024 06 11 02 53 20.000000 2   2.223631868914E-11  2.226361803248E-11
AR GRAC 2024 06 11 02 53 30.000000 2   1.831153631504E-11  4.671089903763E-11
AR GRAC 2024 06 11 02 53 40.000000 2   2.055479744745E-11  4.441817053058E-11
AR GRAC 2024 06 11 02 53 50.000000 2   2.277511512716E-11  3.676544832465E-11
AR GRAC 2024 06 11 02 54  0.000000 2   2.056895972991E-11  3.479271731832E-11
AR GRAC 2024 06 11 02 54 10.000000 2   2.177038931073E-11  4.297999109393E-11
AR GRAC 2024 06 11 02 54 20.000000 2   2.310017281626E-11  2.890726373550E-11
AR GRAC 2024 06 11 02 54 30.000000 2   1.978380133327E-11  3.735452919207E-11
AR GRAC 2024 06 11 02 54 40.000000 2   2.401628548809E-11  4.004179973705E-11
AR GRAC 2024 06 11 02 54 50.000000 2   1.976302801965E-11  3.295906603196E-11
AR GRAC 2024 06 11 02 55  0.000000 2   2.201375540190E-11  4.005632978088E-11
AR GRAC 2024 06 11 02 55 10.000000 2   2.339294556675E-11  3.532359127423E-11
AR GRAC 2024 06 11 02 55 20.000000 2   1.933781954011E-11  4.090085561903E-11
AR GRAC 2024 06 11 02 55 30.000000 2   1.991471397511E-11  2.854811699537E-11
AR GRAC 2024 06 11 02 55 40.000000 2   1.988821260457E-11  3.890537544904E-11
AR GRAC 2024 06 11 02 55 50.000000 2   2.275040052180E-11  4.067263192908E-11
AR GRAC 2024 06 11 02 56  0.000000 2   2.316205734154E-11  4.273988801762E-11
AR GRAC 2024 06 11 02 56 10.000000 2   2.304003168807E-11  4.157714450503E-11
AR GRAC 2024 06 11 02 56 20.000000 2   2.136786581008E-11  3.234440146271E-11
AR GRAC 2024 06 11 02 56 30.000000 2   1.994766678226E-11  3.575165163916E-11
AR GRAC 2024 06 11 02 56 40.000000 2   2.287055787809E-11  2.335890335325E-11
AR GRAC 2024 06 11 02 56 50.000000 2   2.602413770592E-11  4.028615288587E-11
AR GRAC 2024 06 11 02 57  0.000000 2   1.890606768362E-11  3.744340254519E-11
AR GRAC 2024 06 11 02 57 10.000000 2   2.041910564243E-11  4.439064740791E-11
AR GRAC 2024 06 11 02 57 20.000000 2   2.068321902637E-11  3.759789701796E-11
AR GRAC 2024 06 11 02 57 30.000000 2   2.572719988436E-11  4.820514126758E-11
AR GRAC 2024 06 11 02 57 40.000000 2   2.587156357203E-11  3.295238040768E-11
AR GRAC 2024 06 11 02 57 50.000000 2   2.543693901347E-11  3.799962428053E-11
AR GRAC 2024 06 11 02 58  0.000000 2   2.314789332436E-11  3.687686267462E-11
AR GRAC 2024 06 11 02 58 10.000000 2   2.313238836593E-11  3.854410540738E-11
AR GRAC 2024 06 11 02 58 20.000000 2   2.271964213985E-11  3.536134232651E-11
AR GRAC 2024 06 11 02 58 30.000000 2   2.695409173636E-11  4.845857742852E-11
AR GRAC 2024 06 11 02 58 40.000000 2   2.819296705814E-11  4.208581400045E-11
AR GRAC 2024 06 11 02 58 50.000000 2   2.814683729147E-11  3.792304664740E-11
AR GRAC 2024 06 11 02 59  0.000000 2   1.992912085358E-11  3.406027890285E-11
AR GRAC 2024 06 11 02 59 10.000000 2   2.638480926798E-11  3.746750826261E-11
AR GRAC 2024 06 11 02 59 20.000000 2   2.828505311914E-11  3.569473883136E-11
AR GRAC 2024 06 11 02 59 30.000000 2   2.452072052350E-11  3.542196744255E-11
AR GRAC 2024 06 11 02 59 40.000000 2   2.520247899263E-11  3.514919605374E-11
AR GRAC 2024 06 11 02 59 50.000000 2   2.346881543269E-11  3.821642308166E-11
AR GRAC 2024 06 11 03 00  0.000000 2   2.716008321024E-11  3.730364628307E-11
AR GRAC 2024 06 11 03 00 10.000000 2   2.330017082053E-11  4.630086938850E-11
AR GRAC 2024 06 11 03 00 20.000000 2   2.887034361576E-11  4.179808929528E-11
AR GRAC 2024 06 11 03 00 30.000000 2   2.447357073943E-11  4.086531113501E-11
AR GRAC 2024 06 11 03 00 40.000000 2   2.725810549498E-11  3.482253027598E-11
AR GRAC 2024 06 11 03 00 50.000000 2   2.711426742852E-11  3.094974623807E-11
AR GRAC 2024 06 11 03 01  0.000000 2   2.274117352763E-11  3.223696309895E-11
AR GRAC 2024 06 11 03 01 10.000000 2   2.590525190194E-11  4.867417580101E-11
AR GRAC 2024 06 11 03 01 20.000000 2   2.941677804125E-11  4.522139260277E-11
AR GRAC 2024 06 11 03 01 30.000000 2   2.649021973999E-11  3.722860214550E-11
AR GRAC 2024 06 11 03 01 40.000000 2   2.417635536212E-11  3.753581473420E-11
AR GRAC 2024 06 11 03 01 50.000000 2   3.047511895615E-11  2.931302423015E-11
AR GRAC 2024 06 11 03 02  0.000000 2   2.693463160841E-11  3.412023094618E-11
AR GRAC 2024 06 11 03 02 10.000000 2   3.100414369683E-11  3.892743766221E-11
AR GRAC 2024 06 11 03 02 20.000000 2   2.880032497210E-11  3.489464273088E-11
AR GRAC 2024 06 11 03 02 30.000000 2   2.521591269122E-11  4.347184764941E-11
AR GRAC 2024 06 11 03 02 40.000000 2   2.472870519465E-11  2.310904939629E-11
AR GRAC 2024 06 11 03 02 50.000000 2   2.648878165423E-11  3.897624931137E-11
AR GRAC 2024 06 11 03 03  0.000000 2   2.936970111556E-11  2.878345131685E-11
AR GRAC 2024 06 11 03 03 10.000000 2   2.742424169699E-11  4.494064842486E-11
AR GRAC 2024 06 11 03 03 20.000000 2   3.006376744774E-11  3.884784854913E-11
AR GRAC 2024 06 11 03 03 30.000000 2   2.397753176564E-11  3.103503912194E-11
AR GRAC 2024 06 11 03 03 40.000000 2   3.020964034484E-11  3.959223920935E-11
AR GRAC 2024 06 11 03 03 50.000000 2   2.663894625721E-11  4.044942852888E-11
AR GRAC 2024 06 11 03 04  0.000000 2   3.185715927168E-11  3.389662162068E-11
AR GRAC 2024 06 11 03 04 10.000000 2   3.117118022034E-11  3.097381032213E-11
AR GRAC 2024 06 11 03 04 20.000000 2   2.686276374952E-11  3.154099897928E-11
AR GRAC 2024 06 11 03 04 30.000000 2   2.596754755668E-11  4.399819050760E-11
AR GRAC 2024 06 11 03 04 40.000000 2   2.734954276939E-11  4.489537561159E-11
AR GRAC 2024 06 11 03 04 50.000000 2   3.119326671963E-11  4.141255741108E-11
AR GRAC 2024 06 11 03 05  0.000000 2   2.880607731515E-11  2.916974300993E-11
AR GRAC 2024 06 11 03 05 10.000000 2   3.192323488888E-11  3.990692498679E-11
AR GRAC 2024 06 11 03 05 20.000000 2   2.372011441432E-11  3.481410298933E-11
AR GRAC 2024 06 11 03 05 30.000000 2   2.533858366183E-11  4.405128692375E-11
AR GRAC 2024 06 11 03 05 40.000000 2   2.940018020703E-11  4.017846472193E-11
AR GRAC 2024 06 11 03 05 50.000000 2   2.451175373785E-11  3.505564241668E-11
AR GRAC 2024 06 11 03 06  0.000000 2   3.229093034629E-11  3.669281892216E-11
AR GRAC 2024 06 11 03 06 10.000000 2   2.847920857474E-11  4.722999075168E-11
AR GRAC 2024 06 11 03 06 20.000000 2   2.716576269490E-11  3.889716326810E-11
AR GRAC 2024 06 11 03 06 30.000000 2   3.068622439484E-11  3.470433662667E-11
AR GRAC 2024 06 11 03 06 40.000000 2   3.024638872695E-11  4.334150746632E-11
AR GRAC 2024 06 11 03 06 50.000000 2   2.841882805471E-11  3.311867446953E-11
AR GRAC 2024 06 11 03 07  0.000000 2   3.027925826737E-11  4.283583904252E-11
AR GRAC 2024 06 11 03 07 10.000000 2   2.737465809588E-11  2.705300913841E-11
AR GRAC 2024 06 11 03 07 20.000000 2   3.153947936152E-11  2.618017434786E-11
AR GRAC 2024 06 11 03 07 30.000000 2   2.641172697215E-11  4.138733800119E-11
AR GRAC 2024 06 11 03 07 40.000000 2   2.904401719128E-11  4.898449701418E-11
AR GRAC 2024 06 11 03 07 50.000000 2   2.994116760080E-11  2.893165741702E-11
AR GRAC 2024 06 11 03 08  0.000000 2   2.703747642441E-11  3.316881838633E-11
AR GRAC 2024 06 11 03 08 10.000000 2   2.875181343009E-11  3.616597646361E-11
AR GRAC 2024 06 11 03 08 20.000000 2   2.563399145727E-11  3.916313107144E-11
AR GRAC 2024 06 11 03 08 30.000000 2   3.266328180151E-11  2.706028803812E-11
AR GRAC 2024 06 11 03 08 40.000000 2   2.716375908929E-11  3.045743865449E-11
AR GRAC 2024 06 11 03 08 50.000000 2   2.796729167698E-11  3.044459476187E-11
AR GRAC 2024 06 11 03 09  0.000000 2   2.334604731757E-11  4.876174464208E-11
AR GRAC 2024 06 11 03 09 10.000000 2   2.959638784050E-11  4.201889530764E-11
AR GRAC 2024 06 11 03 09 20.000000 2   2.765270651350E-11  3.734604292482E-11
AR GRAC 2024 06 11 03 09 30.000000 2   2.777433491530E-11  2.919318953243E-11
AR GRAC 2024 06 11 03 09 40.000000 2   2.664542371467E-11  3.612033588896E-11
AR GRAC 2024 06 11 03 09 50.000000 2   2.833052369089E-11  3.326747904930E-11
AR GRAC 2024 06 11 03 10  0.000000 2   2.595811759987E-11  4.052462185267E-11
AR GRAC 2024 06 11 03 10 10.000000 2   2.901111295639E-11  3.638176565568E-11
AR GRAC 2024 06 11 03 10 20.000000 2   2.785477057343E-11  3.627890696190E-11
AR GRAC 2024 06 11 03 10 30.000000 2   2.364631754292E-11  3.339604287556E-11
AR GRAC 2024 06 11 03 10 40.000000 2   2.866802281676E-11  3.447318125405E-11
AR GRAC 2024 06 11 03 10 50.000000 2   2.203616629448E-11  3.555031616309E-11
AR GRAC 2024 06 11 03 11  0.000000 2   2.157428402594E-11  3.632745146365E-11
AR GRAC 2024 06 11 03 11 10.000000 2   2.680011247647E-11  3.797458875132E-11
AR GRAC 2024 06 11 03 11 20.000000 2   2.863632074523E-11  1.511171743296E-11
AR GRAC 2024 06 11 03 11 30.000000 2   2.558587716694E-11  5.028884947356E-11
AR GRAC 2024 06 11 03 11 40.000000 2   2.735584328506E-11  4.482597973365E-11
AR GRAC 2024 06 11 03 11 50.000000 2   2.358235308419E-11  3.263310802137E-11
AR GRAC 2024 06 11 03 12  0.000000 2   2.132272830524E-11  4.905023262558E-11
AR GRAC 2024 06 11 03 12 10.000000 2   2.158516074213E-11  3.881735904931E-11
AR GRAC 2024 06 11 03 12 20.000000 2   2.672006539639E-11  3.143448348841E-11
AR GRAC 2024 06 11 03 12 30.000000 2   2.217234035262E-11  4.159160515993E-11
AR GRAC 2024 06 11 03 12 40.000000 2   2.019952954901E-11  3.348727328420E-12
AR GRAC 2024 06 11 03 12 50.000000 2   2.412309588196E-11  3.999584691217E-11
AR GRAC 2024 06 11 03 13  0.000000 2   2.209521454688E-11  3.363296793846E-11
AR GRAC 2024 06 11 03 13 10.000000 2   2.268629901991E-11  4.984008344922E-11
AR GRAC 2024 06 11 03 13 20.000000 2   1.831090661042E-11  3.823719813001E-11
AR GRAC 2024 06 11 03 13 30.000000 2   2.475305377336E-11  3.274431420452E-11
AR GRAC 2024 06 11 03 13 40.000000 2   2.159939761770E-11  4.186142751883E-11
AR GRAC 2024 06 11 03 13 50.000000 2   2.008595373360E-11  3.209853910446E-11
AR GRAC 2024 06 11 03 14  0.000000 2   2.173335296451E-11  2.769564785843E-11
AR GRAC 2024 06 11 03 14 10.000000 2   2.702835351365E-11  3.066275705566E-11
AR GRAC 2024 06 11 03 14 20.000000 2   2.314183393526E-11  3.183986407862E-11
AR GRAC 2024 06 11 03 14 30.000000 2   2.194463707972E-11  3.777697252239E-11
AR GRAC 2024 06 11 03 14 40.000000 2   1.896003666568E-11  3.329407929908E-11
AR GRAC 2024 06 11 03 14 50.000000 2   2.306040254585E-11  4.608118053806E-11
AR GRAC 2024 06 11 03 15  0.000000 2   1.706474024588E-11  3.258828276675E-11
AR GRAC 2024 06 11 03 15 10.000000 2   1.912930057413E-11  3.620538591154E-11
AR GRAC 2024 06 11 03 15 20.000000 2   1.890249935743E-11  2.721248226756E-11
AR GRAC 2024 06 11 03 15 30.000000 2   1.874672639346E-11  4.508958137417E-11
AR GRAC 2024 06 11 03 15 40.000000 2   2.167588504520E-11  3.695668077119E-11
AR GRAC 2024 06 11 03 15 50.000000 2   1.744435672302E-11  2.744377641806E-11
AR GRAC 2024 06 11 03 16  0.000000 2   2.009350671961E-11  4.118087121308E-11
AR GRAC 2024 06 11 03 16 10.000000 2   1.879559702322E-11  3.012796262469E-11
AR GRAC 2024 06 11 03 16 20.000000 2   1.843984166749E-11  3.363505307608E-11
AR GRAC 2024 06 11 03 16 30.000000 2   1.677250179022E-11  4.575214165858E-11
AR GRAC 2024 06 11 03 16 40.000000 2   2.080212391231E-11  3.044923341244E-11
AR GRAC 2024 06 11 03 16 50.000000 2   1.600765700549E-11  3.799632136703E-11
AR GRAC 2024 06 11 03 17  0.000000 2   1.704228945465E-11  3.549340335529E-11
AR GRAC 2024 06 11 03 17 10.000000 2   1.659047031699E-11  2.932049394944E-11
AR GRAC 2024 06 11 03 17 20.000000 2   1.909785524168E-11  2.153757554246E-11
AR GRAC 2024 06 11 03 17 30.000000 2   1.088899716922E-11  4.086465540953E-11
AR GRAC 2024 06 11 03 17 40.000000 2   1.740800559258E-11  4.294173697184E-11
AR GRAC 2024 06 11 03 17 50.000000 2   1.495659152084E-11  2.337881797876E-11
AR GRAC 2024 06 11 03 18  0.000000 2   1.048374234647E-11  2.261589526764E-11
AR GRAC 2024 06 11 03 18 10.000000 2   1.751680397954E-11  3.987297297892E-11
AR GRAC 2024 06 11 03 18 20.000000 2   9.979963903894E-12  2.612004709746E-11
AR GRAC 2024 06 11 03 18 30.000000 2   1.049693144906E-11  3.181712185385E-11
AR GRAC 2024 06 11 03 18 40.000000 2   1.422125091299E-11  3.940419171511E-11
AR GRAC 2024 06 11 03 18 50.000000 2   9.778681336892E-12  2.701126648741E-11
AR GRAC 2024 06 11 03 19  0.000000 2   1.238347879101E-11  3.888833352561E-11
AR GRAC 2024 06 11 03 19 10.000000 2   1.610080124781E-11  2.540540521012E-11
AR GRAC 2024 06 11 03 19 20.000000 2   7.751025515867E-12  3.251247188141E-11
AR GRAC 2024 06 11 03 19 30.000000 2   1.166416963017E-11  2.897953751968E-11
AR GRAC 2024 06 11 03 19 40.000000 2   1.169943222162E-11  2.329660075961E-11
AR GRAC 2024 06 11 03 19 50.000000 2   1.403125098748E-11  4.575366474580E-11
AR GRAC 2024 06 11 03 20  0.000000 2   8.449751315309E-12  2.379072633341E-11
AR GRAC 2024 06 11 03 20 10.000000 2   1.598867913066E-11  2.146778761702E-11
AR GRAC 2024 06 11 03 20 20.000000 2   6.852774424304E-12  1.914484543120E-11
AR GRAC 2024 06 11 03 20 30.000000 2   1.218130804559E-11  2.816190509958E-11
AR GRAC 2024 06 11 03 20 40.000000 2   1.151793851267E-11  2.447895879054E-11
AR GRAC 2024 06 11 03 20 50.000000 2   3.357631447182E-12  3.527601474818E-11
AR GRAC 2024 06 11 03 21  0.000000 2   9.309472463748E-12  2.222306887123E-11
AR GRAC 2024 06 11 03 21 10.000000 2   9.042845465490E-12  2.494012114884E-11
AR GRAC 2024 06 11 03 21 20.000000 2   5.597359815229E-12  4.238717016269E-11
AR GRAC 2024 06 11 03 21 30.000000 2   5.304519844207E-12  2.707422133708E-11
AR GRAC 2024 06 11 03 21 40.000000 2   6.951496669960E-12  1.999126905683E-11
AR GRAC 2024 06 11 03 21 50.000000 2   4.496169929424E-12  2.961831474524E-11
AR GRAC 2024 06 11 03 22  0.000000 2   2.210066765013E-12  2.117536181123E-11
AR GRAC 2024 06 11 03 22 10.000000 2   6.248263191566E-12  2.755240827157E-11
AR GRAC 2024 06 11 03 22 20.000000 2   7.513950399385E-12  1.462944869413E-11
AR GRAC 2024 06 11 03 22 30.000000 2   1.927732062521E-12  4.533649150540E-11
AR GRAC 2024 06 11 03 22 40.000000 2   7.704985954815E-12  1.019353004783E-11
AR GRAC 2024 06 11 03 22 50.000000 2   4.033412492888E-12  1.631056921469E-11
AR GRAC 2024 06 11 03 23  0.000000 2   4.522571987048E-12  1.958760584286E-11
AR GRAC 2024 06 11 03 23 10.000000 2   2.496143266043E-12  2.286464247103E-11
AR GRAC 2024 06 11 03 23 20.000000 2   6.717472064710E-12  2.940167553867E-11
AR GRAC 2024 06 11 03 23 30.000000 2   1.968456864523E-12  1.649871038401E-11
AR GRAC 2024 06 11 03 23 40.000000 2   5.049328468364E-13  3.083574368068E-11
AR GRAC 2024 06 11 03 23 50.000000 2   1.934614144231E-12  2.483277299070E-11
AR GRAC 2024 06 11 03 24  0.000000 2   6.694806167773E-12  2.050980218993E-11
AR GRAC 2024 06 11 03 24 10.000000 2  -2.949708890771E-13  1.822682976771E-11
AR GRAC 2024 06 11 03 24 20.000000 2   3.728926889490E-12  2.818385629044E-11
AR GRAC 2024 06 11 03 24 30.000000 2   4.605818764575E-13  2.417088230955E-11
AR GRAC 2024 06 11 03 24 40.000000 2   4.064893820849E-12  1.812790542677E-11
AR GRAC 2024 06 11 03 24 50.000000 2   1.369230033174E-12  2.822492933818E-11
AR GRAC 2024 06 11 03 25  0.000000 2  -2.605380104367E-12  1.802194851686E-11
AR GRAC 2024 06 11 03 25 10.000000 2  -7.624111303221E-13  2.912896659990E-11
AR GRAC 2024 06 11 03 25 20.000000 2  -2.284129374357E-13  1.433598639106E-11
AR GRAC 2024 06 11 03 25 30.000000 2  -7.352096904369E-13  2.018300457318E-11
AR GRAC 2024 06 11 03 25 40.000000 2  -2.265190639228E-12  2.790002083530E-11
AR GRAC 2024 06 11 03 25 50.000000 2  -3.977125052901E-12  3.274703425094E-11
AR GRAC 2024 06 11 03 26  0.000000 2  -4.309275158931E-12  2.596404861943E-11
AR GRAC 2024 06 11 03 26 10.000000 2  -1.684886279975E-12  1.478106005648E-11
AR GRAC 2024 06 11 03 26 20.000000 2  -5.414512425656E-14  1.318070652623E-12
AR GRAC 2024 06 11 03 26 30.000000 2  -5.600572089426E-12  2.598508040685E-11
AR GRAC 2024 06 11 03 26 40.000000 2  -5.892970139643E-12  2.190208604758E-11
AR GRAC 2024 06 11 03 26 50.000000 2  -6.502838198474E-12  1.674909343163E-11
AR GRAC 2024 06 11 03 27  0.000000 2  -2.350264731096E-12  1.118609718742E-11
AR GRAC 2024 06 11 03 27 10.000000 2  -5.917104046321E-12  3.513101485067E-12
AR GRAC 2024 06 11 03 27 20.000000 2  -1.790697364695E-12  9.980102681773E-12
AR GRAC 2024 06 11 03 27 30.000000 2  -5.795409725035E-12  2.981710364724E-11
AR GRAC 2024 06 11 03 27 40.000000 2  -2.770089496326E-12  1.439410309695E-11
AR GRAC 2024 06 11 03 27 50.000000 2  -7.869988515041E-12  1.935110231777E-11
AR GRAC 2024 06 11 03 28  0.000000 2  -6.650519111112E-12  2.297809859053E-11
AR GRAC 2024 06 11 03 28 10.000000 2  -7.935731932696E-12  1.570509347570E-11
AR GRAC 2024 06 11 03 28 20.000000 2  -6.291469949182E-12  1.268208715127E-11
AR GRAC 2024 06 11 03 28 30.000000 2  -9.885816124044E-12  8.899081124780E-12
AR GRAC 2024 06 11 03 28 40.000000 2  -7.470322103964E-12  7.846071882478E-12
AR GRAC 2024 06 11 03 28 50.000000 2  -1.064719926808E-11  5.693061907314E-12
AR GRAC 2024 06 11 03 29  0.000000 2  -1.111198199427E-11  2.557005128467E-11
AR GRAC 2024 06 11 03 29 10.000000 2  -6.759047314897E-12 -5.392960817502E-12
AR GRAC 2024 06 11 03 29 20.000000 2  -1.308508770087E-11  2.576402459431E-11
AR GRAC 2024 06 11 03 29 30.000000 2  -1.265973003511E-11  7.891008159400E-12
AR GRAC 2024 06 11 03 29 40.000000 2  -1.067787004649E-11  2.273799204477E-11
AR GRAC 2024 06 11 03 29 50.000000 2  -1.310758879908E-11 -1.151502677932E-11
AR GRAC 2024 06 11 03 30  0.000000 2  -8.624475265895E-12  6.761955145124E-12
AR GRAC 2024 06 11 03 30 10.000000 2  -8.263633700933E-12  2.268893406487E-11
AR GRAC 2024 06 11 03 30 20.000000 2  -7.924752867816E-12 -2.774088901300E-12
AR GRAC 2024 06 11 03 30 30.000000 2  -1.111318849445E-11  1.722887782961E-12
AR GRAC 2024 06 11 03 30 40.000000 2  -9.010981197322E-12  2.669863462257E-12
AR GRAC 2024 06 11 03 30 50.000000 2  -1.458315065928E-11  6.246836815188E-12
AR GRAC 2024 06 11 03 31  0.000000 2  -1.340114737930E-11  1.104380822903E-11
AR GRAC 2024 06 11 03 31 10.000000 2  -1.543041389107E-11 -6.459219010352E-12
AR GRAC 2024 06 11 03 31 20.000000 2  -1.585196210407E-11  3.587750322526E-12
AR GRAC 2024 06 11 03 31 30.000000 2  -1.359129562367E-11  1.050471688802E-11
AR GRAC 2024 06 11 03 31 40.000000 2  -1.286962897362E-11  1.264168457416E-11
AR GRAC 2024 06 11 03 31 50.000000 2  -1.361151209106E-11 -2.521348798148E-12
AR GRAC 2024 06 11 03 32  0.000000 2  -1.197693506871E-11  1.347561472131E-11
AR GRAC 2024 06 11 03 32 10.000000 2  -1.398394941510E-11 -8.027422476742E-12
AR GRAC 2024 06 11 03 32 20.000000 2  -1.642279021108E-11  1.841953846393E-11
AR GRAC 2024 06 11 03 32 30.000000 2  -2.030910509210E-11  1.463650034506E-11
AR GRAC 2024 06 11 03 32 40.000000 2  -1.264496840570E-11 -1.542654025355E-11
AR GRAC 2024 06 11 03 32 50.000000 2  -1.235626271440E-11  4.580415473993E-12
AR GRAC 2024 06 11 03 33  0.000000 2  -1.482579510548E-11  1.258737124948E-11
AR GRAC 2024 06 11 03 33 10.000000 2  -1.439127029351E-11  3.914327195709E-12
AR GRAC 2024 06 11 03 33 20.000000 2  -2.096555568043E-11  8.751280082542E-12
AR GRAC 2024 06 11 03 33 30.000000 2  -1.721150652556E-11 -2.233176664423E-11
AR GRAC 2024 06 11 03 33 40.000000 2  -1.552974242258E-11  5.885182965959E-12
AR GRAC 2024 06 11 03 33 50.000000 2  -1.932844162500E-11 -1.176786619539E-11
AR GRAC 2024 06 11 03 34  0.000000 2  -1.847214742279E-11  1.842908117777E-11
AR GRAC 2024 06 11 03 34 10.000000 2  -1.768283089398E-11 -2.073397183111E-11
AR GRAC 2024 06 11 03 34 20.000000 2  -1.475012993690E-11  1.752297265623E-11
AR GRAC 2024 06 11 03 34 30.000000 2  -2.032652865469E-11 -9.570084308352E-12
AR GRAC 2024 06 11 03 34 40.000000 2  -1.975784987007E-11 -1.070314149809E-11
AR GRAC 2024 06 11 03 34 50.000000 2  -2.028452752989E-11  1.158380075889E-11
AR GRAC 2024 06 11 03 35  0.000000 2  -1.684967443349E-11 -9.499259885637E-12
AR GRAC 2024 06 11 03 35 10.000000 2  -1.990817233288E-11 -1.412232136788E-11
AR GRAC 2024 06 11 03 35 20.000000 2  -2.136867419122E-11 -1.985384079362E-12
AR GRAC 2024 06 11 03 35 30.000000 2  -1.607919873636E-11  4.815515390957E-13
AR GRAC 2024 06 11 03 35 40.000000 2  -1.669157694006E-11 -3.845151280712E-11
AR GRAC 2024 06 11 03 35 50.000000 2  -2.126114388712E-11  2.025541886996E-11
AR GRAC 2024 06 11 03 36  0.000000 2  -2.132378128239E-11 -1.837764662671E-11
AR GRAC 2024 06 11 03 36 10.000000 2  -1.850712465223E-11  3.799282069505E-12
AR GRAC 2024 06 11 03 36 20.000000 2  -2.356338561771E-11 -2.198378805385E-11
AR GRAC 2024 06 11 03 36 30.000000 2  -1.722660208925E-11 -9.726860809856E-12
AR GRAC 2024 06 11 03 36 40.000000 2  -2.348664318585E-11  2.300648820758E-13
AR GRAC 2024 06 11 03 36 50.000000 2  -2.472138466159E-11 -1.569300939197E-11
AR GRAC 2024 06 11 03 37  0.000000 2  -2.020975227446E-11 -3.026085241761E-12
AR GRAC 2024 06 11 03 37 10.000000 2  -2.157274879566E-11 -8.299165174530E-12
AR GRAC 2024 06 11 03 37 20.000000 2  -1.966005656884E-11 -2.098224198555E-11
AR GRAC 2024 06 11 03 37 30.000000 2  -2.084068334574E-11  1.274467684165E-11
AR GRAC 2024 06 11 03 37 40.000000 2  -1.916315890693E-11 -1.741840525982E-11
AR GRAC 2024 06 11 03 37 50.000000 2  -2.246447299015E-11 -2.211488154061E-12
AR GRAC 2024 06 11 03 38  0.000000 2  -1.988055033098E-11 -1.984457043136E-11
AR GRAC 2024 06 11 03 38 10.000000 2  -2.027121699666E-11 -8.207659378534E-12
AR GRAC 2024 06 11 03 38 20.000000 2  -2.491102116253E-11 -1.422074437374E-11
AR GRAC 2024 06 11 03 38 30.000000 2  -2.485022430887E-11 -1.367383376666E-11
AR GRAC 2024 06 11 03 38 40.000000 2  -2.495664959412E-11 -1.753692503714E-11
AR GRAC 2024 06 11 03 38 50.000000 2  -2.271057127079E-11 -2.772001725382E-11
AR GRAC 2024 06 11 03 39  0.000000 2  -1.891312453872E-11 -1.392310832599E-11
AR GRAC 2024 06 11 03 39 10.000000 2  -2.549850955380E-11 -2.392620129799E-11
AR GRAC 2024 06 11 03 39 20.000000 2  -2.445699198717E-11 -3.289296569495E-12
AR GRAC 2024 06 11 03 39 30.000000 2  -2.574617949391E-11 -1.446239482339E-11
AR GRAC 2024 06 11 03 39 40.000000 2  -1.916593099505E-11 -1.025549263567E-11
AR GRAC 2024 06 11 03 39 50.000000 2  -2.338375847122E-11 -6.958590387934E-12
AR GRAC 2024 06 11 03 40  0.000000 2  -2.501757828677E-11 -1.255169145703E-11
AR GRAC 2024 06 11 03 40 10.000000 2  -2.165990303782E-11 -1.907479209307E-11
AR GRAC 2024 06 11 03 40 20.000000 2  -2.953381636472E-11 -1.155789700058E-11
AR GRAC 2024 06 11 03 40 30.000000 2  -2.131137627481E-11 -2.041100101435E-11
AR GRAC 2024 06 11 03 40 40.000000 2  -2.699381516924E-11 -3.200410769733E-11
AR GRAC 2024 06 11 03 40 50.000000 2  -2.554470697469E-11 -1.558721728079E-11
AR GRAC 2024 06 11 03 41  0.000000 2  -2.377222203809E-11 -2.354032593854E-11
AR GRAC 2024 06 11 03 41 10.000000 2  -2.460931285142E-11 -1.654343502466E-11
AR GRAC 2024 06 11 03 41 20.000000 2  -2.313287582323E-11 -2.454654708661E-11
AR GRAC 2024 06 11 03 41 30.000000 2  -3.019523173164E-11 -2.093965972838E-11
AR GRAC 2024 06 11 03 41 40.000000 2  -2.472562779521E-11 -2.586277372818E-11
AR GRAC 2024 06 11 03 41 50.000000 2  -2.517918339107E-11 -1.777588666541E-11
AR GRAC 2024 06 11 03 42  0.000000 2  -2.495982066864E-11 -1.298900657171E-11
AR GRAC 2024 06 11 03 42 10.000000 2  -2.561494939768E-11 -1.865212324870E-11
AR GRAC 2024 06 11 03 42 20.000000 2  -2.478591290545E-11 -1.957524420337E-11
AR GRAC 2024 06 11 03 42 30.000000 2  -2.876755778036E-11 -1.174836530143E-11
AR GRAC 2024 06 11 03 42 40.000000 2  -2.914787508579E-11 -2.586148829808E-11
AR GRAC 2024 06 11 03 42 50.000000 2  -2.908203712571E-11 -8.214611282864E-12
AR GRAC 2024 06 11 03 43  0.000000 2  -2.308090524261E-11 -2.434773736792E-11
AR GRAC 2024 06 11 03 43 10.000000 2  -2.911600127664E-11 -3.366086229195E-11
AR GRAC 2024 06 11 03 43 20.000000 2  -1.980303941662E-11 -7.033990577499E-12
AR GRAC 2024 06 11 03 43 30.000000 2  -2.667088425112E-11 -3.164712242265E-11
AR GRAC 2024 06 11 03 43 40.000000 2  -2.660335493565E-11 -2.836024991237E-11
AR GRAC 2024 06 11 03 43 50.000000 2  -2.532171000658E-11 -1.646338100569E-11
AR GRAC 2024 06 11 03 44  0.000000 2  -2.458451497933E-11 -2.018651565350E-11
AR GRAC 2024 06 11 03 44 10.000000 2  -2.525212330906E-11 -2.684965097477E-11
AR GRAC 2024 06 11 03 44 20.000000 2  -2.540836464837E-11 -1.851278505494E-11
AR GRAC 2024 06 11 03 44 30.000000 2  -2.560311337940E-11 -2.003592083910E-11
AR GRAC 2024 06 11 03 44 40.000000 2  -2.242998321800E-11 -3.441906482049E-11
AR GRAC 2024 06 11 03 44 50.000000 2  -2.235084686775E-11 -2.938220500237E-11
AR GRAC 2024 06 11 03 45  0.000000 2  -2.722167456726E-11 -1.560534340639E-11
AR GRAC 2024 06 11 03 45 10.000000 2  -2.556771981632E-11 -2.127848591771E-11
AR GRAC 2024 06 11 03 45 20.000000 2  -2.385226911816E-11 -2.504162849304E-11
AR GRAC 2024 06 11 03 45 30.000000 2  -3.099878687074E-11 -2.603477329555E-11
AR GRAC 2024 06 11 03 45 40.000000 2  -2.260602989523E-11 -1.788792031165E-11
AR GRAC 2024 06 11 03 45 50.000000 2  -2.291135163535E-11 -2.002106987142E-11
AR GRAC 2024 06 11 03 46  0.000000 2  -2.666684234542E-11 -2.896422164611E-11
AR GRAC 2024 06 11 03 46 10.000000 2  -2.937511692225E-11 -2.593736857237E-11
AR GRAC 2024 06 11 03 46 20.000000 2  -2.845608471080E-11 -2.165052165326E-11
AR GRAC 2024 06 11 03 46 30.000000 2  -2.685057731711E-11 -3.172367576965E-11
AR GRAC 2024 06 11 03 46 40.000000 2  -2.387664371772E-11 -3.400683207255E-11
AR GRAC 2024 06 11 03 46 50.000000 2  -2.807395288462E-11 -2.837998759608E-11
AR GRAC 2024 06 11 03 47  0.000000 2  -2.316632129185E-11 -2.112314316516E-11
AR GRAC 2024 06 11 03 47 10.000000 2  -2.610830475425E-11 -2.350630454173E-11
AR GRAC 2024 06 11 03 47 20.000000 2  -2.844664781509E-11 -2.489946443474E-11
AR GRAC 2024 06 11 03 47 30.000000 2  -2.694543720094E-11 -3.226262659806E-11
AR GRAC 2024 06 11 03 47 40.000000 2  -2.384847354320E-11 -3.252579108826E-11
AR GRAC 2024 06 11 03 47 50.000000 2  -2.088496216246E-11 -1.787895179128E-11
AR GRAC 2024 06 11 03 48  0.000000 2  -3.308968030136E-11 -2.305211750653E-11
AR GRAC 2024 06 11 03 48 10.000000 2  -2.583031011305E-11 -1.951528522115E-11
AR GRAC 2024 06 11 03 48 20.000000 2  -2.443866810309E-11 -2.295845284717E-11
AR GRAC 2024 06 11 03 48 30.000000 2  -2.824563152815E-11 -2.234162334303E-11
AR GRAC 2024 06 11 03 48 40.000000 2  -2.663272727355E-11 -2.675479456038E-11
AR GRAC 2024 06 11 03 48 50.000000 2  -2.369255659718E-11 -2.889796908712E-11
AR GRAC 2024 06 11 03 49  0.000000 2  -2.712222460510E-11 -1.151114099873E-11
AR GRAC 2024 06 11 03 49 10.000000 2  -2.275133727248E-11 -1.743431787826E-11
AR GRAC 2024 06 11 03 49 20.000000 2  -2.404854614058E-11 -2.352749418899E-11
AR GRAC 2024 06 11 03 49 30.000000 2  -2.582137455243E-11 -3.411067261982E-11
AR GRAC 2024 06 11 03 49 40.000000 2  -2.806429220958E-11 -1.975384959774E-11
AR GRAC 2024 06 11 03 49 50.000000 2  -2.353381899078E-11 -2.013703266635E-11
