 2.00 C RINEX VERSION / TYPE
 10.00 INTERVAL
 1 AR # / TYPES OF DATA
 END OF HEADER
AR GRAC 2024 06 19 01 50  0.000000 2  -2.009033911454E-11 -2.880073089739E-11
AR GRAC 2024 06 19 01 50 10.000000 2  -2.161210446716E-11 -2.608602396592E-11
AR GRAC 2024 06 19 01 50 20.000000 2  -1.799685574178E-11 -3.459131939221E-11
AR GRAC 2024 06 19 01 50 30.000000 2  -1.999524504304E-11 -1.576661891323E-11
AR GRAC 2024 06 19 01 50 40.000000 2  -1.901664936632E-11 -2.542191457344E-11
AR GRAC 2024 06 19 01 50 50.000000 2  -1.939300803278E-11 -3.604721729444E-11
AR GRAC 2024 06 19 01 51  0.000000 2  -2.229630369222E-11 -2.811251578749E-11
AR GRAC 2024 06 19 01 51 10.000000 2  -1.944603679471E-11 -1.758781661976E-11
AR GRAC 2024 06 19 01 51 20.000000 2  -2.448568084401E-11 -3.586311456139E-11
AR GRAC 2024 06 19 01 51 30.000000 2  -1.841198200847E-11 -1.770841979998E-11
AR GRAC 2024 06 19 01 51 40.000000 2  -1.869799801102E-11 -2.766372374230E-11
AR GRAC 2024 06 19 01 51 50.000000 2  -2.203135417156E-11 -3.816902696685E-11
AR GRAC 2024 06 19 01 52  0.000000 2  -2.178501476435E-11 -8.844334119240E-12
AR GRAC 2024 06 19 01 52 10.000000 2  -1.926166864896E-11 -3.004963985975E-11
AR GRAC 2024 06 19 01 52 20.000000 2  -2.026096478092E-11 -2.172494822927E-11
AR GRAC 2024 06 19 01 52 30.000000 2  -2.261931440761E-11 -1.346025634702E-11
AR GRAC 2024 06 19 01 52 40.000000 2  -2.230630437305E-11 -3.383556629322E-11
AR GRAC 2024 06 19 01 52 50.000000 2  -1.863651941103E-11 -1.527087484243E-11
AR GRAC 2024 06 19 01 53  0.000000 2  -1.958337138286E-11 -1.577618764792E-11
AR GRAC 2024 06 19 01 53 10.000000 2  -1.856465849104E-11 -3.583150096076E-11
AR GRAC 2024 06 19 01 53 20.000000 2  -2.145660385477E-11 -1.185681153953E-11
AR GRAC 2024 06 19 01 53 30.000000 2  -1.802711799281E-11 -1.625212638079E-11
AR GRAC 2024 06 19 01 53 40.000000 2  -1.693390393187E-11 -6.677442019459E-12
AR GRAC 2024 06 19 01 53 50.000000 2  -2.214658664790E-11 -2.607275680078E-11
AR GRAC 2024 06 19 01 54  0.000000 2  -1.973994058491E-11 -2.646807426010E-11
AR GRAC 2024 06 19 01 54 10.000000 2  -2.129107480597E-11 -4.813392739944E-12
AR GRAC 2024 06 19 01 54 20.000000 2  -1.982737411754E-11 -2.690871137023E-11
AR GRAC 2024 06 19 01 54 30.000000 2  -1.732576235258E-11 -6.024030666657E-12
AR GRAC 2024 06 19 01 54 40.000000 2  -1.851723982482E-11 -1.884935089957E-11
AR GRAC 2024 06 19 01 54 50.000000 2  -2.021382193573E-11 -4.129467601199E-11
AR GRAC 2024 06 19 01 55  0.000000 2  -1.859573432739E-11 -1.339999639027E-11
AR GRAC 2024 06 19 01 55 10.000000 2  -1.881854914954E-11 -2.316532035640E-11
AR GRAC 2024 06 19 01 55 20.000000 2  -1.376978999573E-11  5.693554351940E-13
AR GRAC 2024 06 19 01 55 30.000000 2  -1.930239995618E-11 -1.012596950734E-11
AR GRAC 2024 06 19 01 55 40.000000 2  -1.939766403058E-11 -5.421297091801E-12
AR GRAC 2024 06 19 01 55 50.000000 2  -1.789705363076E-11 -2.486662438461E-11
AR GRAC 2024 06 19 01 56  0.000000 2  -1.835405265271E-11 -2.795195325200E-11
AR GRAC 2024 06 19 01 56 10.000000 2  -1.692989845536E-11 -4.147280175532E-12
AR GRAC 2024 06 19 01 56 20.000000 2  -1.847242497854E-11 -9.832611287675E-12
AR GRAC 2024 06 19 01 56 30.000000 2  -1.632973964383E-11 -1.831794264884E-11
AR GRAC 2024 06 19 01 56 40.000000 2  -1.412190676897E-11 -6.223274933576E-12
AR GRAC 2024 06 19 01 56 50.000000 2  -2.001928484097E-11 -8.288608514817E-12
AR GRAC 2024 06 19 01 57  0.000000 2  -1.963597687227E-11 -1.592394098526E-11
AR GRAC 2024 06 19 01 57 10.000000 2  -1.576076942567E-11 -1.329927747790E-11
AR GRAC 2024 06 19 01 57 20.000000 2  -1.727765847059E-11 -1.385461363690E-11
AR GRAC 2024 06 19 01 57 30.000000 2  -1.652545114639E-11 -1.197995001812E-11
AR GRAC 2024 06 19 01 57 40.000000 2  -1.641044418410E-11 -2.389528852564E-11
AR GRAC 2024 06 19 01 57 50.000000 2  -1.570916487170E-11 -5.980626150565E-12
AR GRAC 2024 06 19 01 58  0.000000 2  -1.327661851985E-11 -3.375965739599E-12
AR GRAC 2024 06 19 01 58 10.000000 2  -1.734216416305E-11 -3.811306738960E-12
AR GRAC 2024 06 19 01 58 20.000000 2  -1.397855269036E-11 -1.575664945741E-11
AR GRAC 2024 06 19 01 58 30.000000 2  -1.542889253858E-11  4.768010205408E-12
AR GRAC 2024 06 19 01 58 40.000000 2  -1.586815748245E-11 -5.473338796080E-13
AR GRAC 2024 06 19 01 58 50.000000 2  -1.672106897388E-11 -2.225268060096E-11
AR GRAC 2024 06 19 01 59  0.000000 2  -1.564610420390E-11 -5.278024111516E-12
AR GRAC 2024 06 19 01 59 10.000000 2  -1.231490170256E-11 -4.533709020184E-13
AR GRAC 2024 06 19 01 59 20.000000 2  -1.603736241029E-11  3.511280242258E-12
AR GRAC 2024 06 19 01 59 30.000000 2  -1.345068067343E-11 -1.954406601834E-11
AR GRAC 2024 06 19 01 59 40.000000 2  -1.591951050151E-11 -2.016941474947E-11
AR GRAC 2024 06 19 01 59 50.000000 2  -1.403644474957E-11  1.326523179496E-11
AR GRAC 2024 06 19 02 00  0.000000 2  -1.417843620288E-11 -1.087011904100E-11
AR GRAC 2024 06 19 02 00 10.000000 2  -1.462403635688E-11 -6.154699688267E-13
AR GRAC 2024 06 19 02 00 20.000000 2  -1.494604093266E-11 -7.030822105070E-12
AR GRAC 2024 06 19 02 00 30.000000 2  -1.370663478550E-11  2.673822534910E-12
AR GRAC 2024 06 19 02 00 40.000000 2  -1.361997493954E-11 -8.951533091162E-12
AR GRAC 2024 06 19 02 00 50.000000 2  -1.226265269882E-11 -9.068889844817E-13
AR GRAC 2024 06 19 02 01  0.000000 2  -1.262272925073E-11 -8.852244458291E-12
AR GRAC 2024 06 19 02 01 10.000000 2  -1.256563342961E-11 -1.041760427922E-11
AR GRAC 2024 06 19 02 01 20.000000 2  -1.044382809401E-11  1.391703939591E-11
AR GRAC 2024 06 19 02 01 30.000000 2  -1.414783654813E-11 -1.296832086162E-11
AR GRAC 2024 06 19 02 01 40.000000 2  -1.055956277279E-11 -6.953682421540E-12
AR GRAC 2024 06 19 02 01 50.000000 2  -1.257477889177E-11  1.394095516111E-11
AR GRAC 2024 06 19 02 02  0.000000 2  -1.114777454375E-11 -1.064405508178E-12
AR GRAC 2024 06 19 02 02 10.000000 2  -1.058980073770E-11  1.032023078107E-11
AR GRAC 2024 06 19 02 02 20.000000 2  -1.108334257705E-11 -2.525133531092E-12
AR GRAC 2024 06 19 02 02 30.000000 2  -1.125035307969E-11 -5.030500321856E-12
AR GRAC 2024 06 19 02 02 40.000000 2  -1.358806123175E-11 -1.367586512785E-11
AR GRAC 2024 06 19 02 02 50.000000 2  -1.212198050271E-11  9.638767214937E-12
AR GRAC 2024 06 19 02 03  0.000000 2  -9.784216839503E-12  1.230339788383E-11
AR GRAC 2024 06 19 02 03 10.000000 2  -7.100747941025E-12  2.545802978149E-11
AR GRAC 2024 06 19 02 03 20.000000 2  -1.166863827784E-11  5.912658817414E-12
AR GRAC 2024 06 19 02 03 30.000000 2  -1.143214863053E-11 -3.822713846857E-12
AR GRAC 2024 06 19 02 03 40.000000 2  -9.228976090292E-12  2.361915133961E-12
AR GRAC 2024 06 19 02 03 50.000000 2  -1.103350050213E-11 -2.883457795450E-12
AR GRAC 2024 06 19 02 04  0.000000 2  -1.115812043456E-11  2.423116568506E-11
AR GRAC 2024 06 19 02 04 10.000000 2  -8.638735560229E-12 -7.204207282813E-12
AR GRAC 2024 06 19 02 04 20.000000 2  -7.626539157146E-12  2.684041877643E-11
AR GRAC 2024 06 19 02 04 30.000000 2  -9.687020283144E-12  3.965040969167E-12
AR GRAC 2024 06 19 02 04 40.000000 2  -1.056470969735E-11 -5.840336894658E-12
AR GRAC 2024 06 19 02 04 50.000000 2  -9.531547426334E-12  1.973428365165E-11
AR GRAC 2024 06 19 02 05  0.000000 2  -8.935496439988E-12  1.180890368130E-11
AR GRAC 2024 06 19 02 05 10.000000 2  -9.946192307264E-12  2.427352242818E-11
AR GRAC 2024 06 19 02 05 20.000000 2  -6.744993452656E-12  7.668140428185E-12
AR GRAC 2024 06 19 02 05 30.000000 2  -8.553981308002E-12 -6.477240185182E-12
AR GRAC 2024 06 19 02 05 40.000000 2  -5.360557050332E-12  9.647376647548E-12
AR GRAC 2024 06 19 02 05 50.000000 2  -9.834201161740E-12  1.743198987936E-11
AR GRAC 2024 06 19 02 06  0.000000 2  -7.514444795576E-12  1.474660671352E-11
AR GRAC 2024 06 19 02 06 10.000000 2  -8.546881952176E-12  9.811217810407E-12
AR GRAC 2024 06 19 02 06 20.000000 2  -7.080834616563E-12  1.336583187878E-11
AR GRAC 2024 06 19 02 06 30.000000 2  -6.602058309768E-12  1.440444877092E-12
AR GRAC 2024 06 19 02 06 40.000000 2  -9.661791332272E-12  2.023505321636E-11
AR GRAC 2024 06 19 02 06 50.000000 2  -7.795367649999E-12  1.209966501992E-11
AR GRAC 2024 06 19 02 07  0.000000 2  -5.970858356352E-12  1.062427402998E-11
AR GRAC 2024 06 19 02 07 10.000000 2  -7.053229094528E-12  1.215888154049E-11
AR GRAC 2024 06 19 02 07 20.000000 2  -4.406492098291E-12  9.353487602504E-12
AR GRAC 2024 06 19 02 07 30.000000 2  -6.576593436503E-12  2.355809471111E-11
AR GRAC 2024 06 19 02 07 40.000000 2  -6.176935265362E-12  1.873269768471E-11
AR GRAC 2024 06 19 02 07 50.000000 2  -5.784701277017E-12  1.476730022987E-11
AR GRAC 2024 06 19 02 08  0.000000 2  -3.928788284285E-12  6.621906148419E-12
AR GRAC 2024 06 19 02 08 10.000000 2  -4.226203154795E-12  2.136650752160E-11
AR GRAC 2024 06 19 02 08 20.000000 2  -6.804720415615E-12  1.539111199600E-11
AR GRAC 2024 06 19 02 08 30.000000 2  -7.575298895113E-12  1.788570853922E-11
AR GRAC 2024 06 19 02 08 40.000000 2  -4.177949652906E-12  2.478030974862E-11
AR GRAC 2024 06 19 02 08 50.000000 2  -3.397478045425E-12  1.635491048146E-11
AR GRAC 2024 06 19 02 09  0.000000 2  -7.734589010933E-12  1.839950240778E-11
AR GRAC 2024 06 19 02 09 10.000000 2  -5.821686448887E-12  2.474410086550E-11
AR GRAC 2024 06 19 02 09 20.000000 2  -2.776404540300E-12  2.100869825328E-11
AR GRAC 2024 06 19 02 09 30.000000 2  -6.536529130463E-12  2.330329332279E-11
AR GRAC 2024 06 19 02 09 40.000000 2  -3.156118378797E-12  1.643788404004E-11
AR GRAC 2024 06 19 02 09 50.000000 2  -3.398269513011E-12  2.894247688734E-11
AR GRAC 2024 06 19 02 10  0.000000 2  -5.994299674683E-12  1.293706981820E-11
AR GRAC 2024 06 19 02 10 10.000000 2  -4.187386114934E-12  3.348165494854E-11
AR GRAC 2024 06 19 02 10 20.000000 2  -3.646623367853E-12  1.348624857622E-11
AR GRAC 2024 06 19 02 10 30.000000 2  -3.543075338328E-12  3.103083762168E-11
AR GRAC 2024 06 19 02 10 40.000000 2  -3.030313196553E-12  2.180542552077E-11
AR GRAC 2024 06 19 02 10 50.000000 2  -2.709156900552E-12  2.246001475081E-11
AR GRAC 2024 06 19 02 11  0.000000 2  -1.054056364760E-12  2.899459838890E-11
AR GRAC 2024 06 19 02 11 10.000000 2  -3.689598106205E-12  1.762918457049E-11
AR GRAC 2024 06 19 02 11 20.000000 2  -1.792059014204E-12  1.804376786874E-11
AR GRAC 2024 06 19 02 11 30.000000 2  -3.463037799231E-12  3.639834961211E-11
AR GRAC 2024 06 19 02 11 40.000000 2  -2.910211785098E-12  2.319293715414E-11
AR GRAC 2024 06 19 02 11 50.000000 2  -2.147172196987E-12  2.624751804792E-11
AR GRAC 2024 06 19 02 12  0.000000 2  -2.806765453736E-12  1.627209651744E-11
AR GRAC 2024 06 19 02 12 10.000000 2  -2.252392066263E-12  3.398667458576E-11
AR GRAC 2024 06 19 02 12 20.000000 2  -1.882084169503E-13  3.765125364263E-11
AR GRAC 2024 06 19 02 12 30.000000 2  -4.189839881291E-12  1.209583041367E-11
AR GRAC 2024 06 19 02 12 40.000000 2  -2.246467118230E-12  4.338041037499E-11
AR GRAC 2024 06 19 02 12 50.000000 2  -3.771260647517E-13  2.448498348517E-11
AR GRAC 2024 06 19 02 13  0.000000 2   4.678375064735E-14  3.300956036290E-11
AR GRAC 2024 06 19 02 13 10.000000 2  -1.988660538327E-12  2.771413307179E-11
AR GRAC 2024 06 19 02 13 20.000000 2  -2.512522958784E-12  2.480870370247E-11
AR GRAC 2024 06 19 02 13 30.000000 2   1.623826940966E-12  3.038327575644E-11
AR GRAC 2024 06 19 02 13 40.000000 2  -8.193484410911E-13  3.662784311964E-11
AR GRAC 2024 06 19 02 13 50.000000 2  -1.735577556238E-13  3.388241770486E-11
AR GRAC 2024 06 19 02 14  0.000000 2  -3.175223972640E-12  2.910698418401E-11
AR GRAC 2024 06 19 02 14 10.000000 2  -4.851888747541E-13  3.628155068047E-11
AR GRAC 2024 06 19 02 14 20.000000 2   1.864528903451E-13  4.964612054792E-11
AR GRAC 2024 06 19 02 14 30.000000 2   9.708035190895E-15  1.237068780746E-11
AR GRAC 2024 06 19 02 14 40.000000 2  -2.290596748736E-12  2.122525072368E-11
AR GRAC 2024 06 19 02 14 50.000000 2  -5.046660246817E-13  4.391981223151E-11
AR GRAC 2024 06 19 02 15  0.000000 2   1.629955393746E-12  2.210438082573E-11
AR GRAC 2024 06 19 02 15 10.000000 2   6.338506650973E-13  3.356893929496E-11
AR GRAC 2024 06 19 02 15 20.000000 2  -4.112748824229E-13  3.990350064265E-11
AR GRAC 2024 06 19 02 15 30.000000 2  -8.572851087872E-13  3.417805968797E-11
AR GRAC 2024 06 19 02 15 40.000000 2  -9.871801726763E-13  3.265262019103E-11
AR GRAC 2024 06 19 02 15 50.000000 2   3.282794392226E-12  4.141718218387E-11
AR GRAC 2024 06 19 02 16  0.000000 2  -9.704636183203E-13  2.533174017771E-11
AR GRAC 2024 06 19 02 16 10.000000 2   2.164208699404E-12  3.603629200599E-11
AR GRAC 2024 06 19 02 16 20.000000 2  -8.335726857031E-13  4.257084615378E-11
AR GRAC 2024 06 19 02 16 30.000000 2   3.044943203828E-12  2.370540222452E-11
AR GRAC 2024 06 19 02 16 40.000000 2   1.712897185202E-12  4.450995474969E-11
AR GRAC 2024 06 19 02 16 50.000000 2   1.299556165804E-12  2.373451088444E-11
AR GRAC 2024 06 19 02 17  0.000000 2  -7.921843790757E-14  2.575906155045E-11
AR GRAC 2024 06 19 02 17 10.000000 2   5.454711335395E-12  4.107361673000E-11
AR GRAC 2024 06 19 02 17 20.000000 2  -1.100613849191E-12  3.906816536947E-11
AR GRAC 2024 06 19 02 17 30.000000 2   4.316786077901E-12  3.269270965056E-11
AR GRAC 2024 06 19 02 17 40.000000 2   1.355535583954E-12  3.614725879730E-11
AR GRAC 2024 06 19 02 17 50.000000 2   3.686655581508E-12  4.256180824447E-11
AR GRAC 2024 06 19 02 18  0.000000 2   3.893095915086E-12  3.168635492878E-11
AR GRAC 2024 06 19 02 18 10.000000 2   2.847352995744E-12  3.914089538593E-11
AR GRAC 2024 06 19 02 18 20.000000 2   4.414394631086E-12  4.816544385555E-11
AR GRAC 2024 06 19 02 18 30.000000 2   2.480808527355E-12  2.590998769703E-11
AR GRAC 2024 06 19 02 18 40.000000 2   3.696738228032E-12  3.282452434861E-11
AR GRAC 2024 06 19 02 18 50.000000 2   1.445691331405E-12  5.317906531799E-11
AR GRAC 2024 06 19 02 19  0.000000 2   2.754615979761E-12  2.673361011729E-11
AR GRAC 2024 06 19 02 19 10.000000 2   3.694877303423E-12  4.470815037627E-11
AR GRAC 2024 06 19 02 19 20.000000 2   5.353181006112E-12  4.183268315083E-11
AR GRAC 2024 06 19 02 19 30.000000 2   2.710746557777E-12  3.586722585602E-11
AR GRAC 2024 06 19 02 19 40.000000 2   5.260243629568E-12  4.040175832776E-11
AR GRAC 2024 06 19 02 19 50.000000 2   4.322617350866E-12  3.179629823324E-11
AR GRAC 2024 06 19 02 20  0.000000 2   3.455362081531E-12  5.281083209630E-11
AR GRAC 2024 06 19 02 20 10.000000 2   2.170422695735E-12  2.828536363464E-11
AR GRAC 2024 06 19 02 20 20.000000 2   3.015418860788E-12  3.973989887163E-11
AR GRAC 2024 06 19 02 20 30.000000 2   3.827515127758E-12  5.198443064902E-11
AR GRAC 2024 06 19 02 20 40.000000 2   2.891795960677E-12  1.952896178103E-11
AR GRAC 2024 06 19 02 20 50.000000 2   6.283318917250E-12  2.948348856724E-11
AR GRAC 2024 06 19 02 21  0.000000 2   5.313803216889E-12  5.593802157589E-11
AR GRAC 2024 06 19 02 21 10.000000 2   3.069162762478E-12  2.982255067896E-11
AR GRAC 2024 06 19 02 21 20.000000 2   6.315928249151E-12  6.121708001627E-11
AR GRAC 2024 06 19 02 21 30.000000 2   2.065999281375E-12  1.392160085129E-11
AR GRAC 2024 06 19 02 21 40.000000 2   5.678606456588E-12  5.593613072730E-11
AR GRAC 2024 06 19 02 21 50.000000 2   5.276099435819E-12  4.139065132303E-11
AR GRAC 2024 06 19 02 22  0.000000 2   3.691966437430E-12  4.484517271419E-11
AR GRAC 2024 06 19 02 22 10.000000 2   6.196135184794E-12  2.964969589292E-11
AR GRAC 2024 06 19 02 22 20.000000 2   3.435744527422E-12  2.505421738130E-11
AR GRAC 2024 06 19 02 22 30.000000 2   5.719295696760E-12  5.461874008628E-11
AR GRAC 2024 06 19 02 22 40.000000 2   5.328793396125E-12  3.227326045296E-11
AR GRAC 2024 06 19 02 22 50.000000 2   5.474421263529E-12  5.072777614634E-11
AR GRAC 2024 06 19 02 23  0.000000 2   9.543341811247E-12  3.906229159578E-11
AR GRAC 2024 06 19 02 23 10.000000 2   6.884119142792E-12  4.179680559990E-11
AR GRAC 2024 06 19 02 23 20.000000 2   5.892141375502E-12  4.742132381219E-11
AR GRAC 2024 06 19 02 23 30.000000 2   6.056697244433E-12  5.012584097797E-11
AR GRAC 2024 06 19 02 23 40.000000 2   6.882878381825E-12  2.779034988243E-11
AR GRAC 2024 06 19 02 23 50.000000 2   5.600394280270E-12  4.272486531232E-11
AR GRAC 2024 06 19 02 24  0.000000 2   6.236117091468E-12  4.316937432525E-11
AR GRAC 2024 06 19 02 24 10.000000 2   5.615565304429E-12  3.066388809536E-11
AR GRAC 2024 06 19 02 24 20.000000 2   5.938338362710E-12  5.291839536015E-11
AR GRAC 2024 06 19 02 24 30.000000 2   7.887248146266E-12  3.719290500581E-11
AR GRAC 2024 06 19 02 24 40.000000 2   6.152955315392E-12  3.787741995054E-11
AR GRAC 2024 06 19 02 24 50.000000 2   7.999181178553E-12  4.185192123418E-11
AR GRAC 2024 06 19 02 25  0.000000 2   8.502162515689E-12  4.792642324669E-11
AR GRAC 2024 06 19 02 25 10.000000 2   8.109563368053E-12  3.450093682966E-11
AR GRAC 2024 06 19 02 25 20.000000 2   7.857371871201E-12  4.014543905639E-11
AR GRAC 2024 06 19 02 25 30.000000 2   5.962648777502E-12  4.869993991408E-11
AR GRAC 2024 06 19 02 25 40.000000 2   8.949478311204E-12  4.336444398012E-11
AR GRAC 2024 06 19 02 25 50.000000 2   8.402421987352E-12  4.370894618466E-11
AR GRAC 2024 06 19 02 26  0.000000 2   4.566286584962E-12  3.780344440263E-11
AR GRAC 2024 06 19 02 26 10.000000 2   7.052335278257E-12  4.328794267483E-11
AR GRAC 2024 06 19 02 26 20.000000 2   1.027541680215E-11  5.041244505177E-11
AR GRAC 2024 06 19 02 26 30.000000 2   8.768607367982E-12  3.016694186120E-11
AR GRAC 2024 06 19 02 26 40.000000 2   8.947109546298E-12  5.038143860436E-11
AR GRAC 2024 06 19 02 26 50.000000 2   7.513628608180E-12  3.366592768450E-11
AR GRAC 2024 06 19 02 27  0.000000 2   6.480277252308E-12  3.037042839438E-11
AR GRAC 2024 06 19 02 27 10.000000 2   6.788442204197E-12  3.973492368470E-11
AR GRAC 2024 06 19 02 27 20.000000 2   7.708865663869E-12  3.694941574928E-11
AR GRAC 2024 06 19 02 27 30.000000 2   7.539983394589E-12  5.201390707033E-11
AR GRAC 2024 06 19 02 27 40.000000 2   8.635879338026E-12  3.853839469770E-11
AR GRAC 2024 06 19 02 27 50.000000 2   1.090779203072E-11  4.498288547206E-11
AR GRAC 2024 06 19 02 28  0.000000 2   9.836933351215E-12  5.805737834930E-11
AR GRAC 2024 06 19 02 28 10.000000 2   8.027746002670E-12  3.392186184725E-11
AR GRAC 2024 06 19 02 28 20.000000 2   1.028987658969E-11  3.551635027743E-11
AR GRAC 2024 06 19 02 28 30.000000 2   9.388907186436E-12  4.640083803298E-11
AR GRAC 2024 06 19 02 28 40.000000 2   8.391263378593E-12  4.351532328917E-11
AR GRAC 2024 06 19 02 28 50.000000 2   1.114580216316E-11  3.443980517437E-11
AR GRAC 2024 06 19 02 29  0.000000 2   8.298774861748E-12  4.988429114228E-11
AR GRAC 2024 06 19 02 29 10.000000 2   9.998581823600E-12  4.911877155012E-11
AR GRAC 2024 06 19 02 29 20.000000 2   9.623143427950E-12  3.846324994616E-11
AR GRAC 2024 06 19 02 29 30.000000 2   1.032809081314E-11  2.729773178334E-11
AR GRAC 2024 06 19 02 29 40.000000 2   9.858995564382E-12  5.295221552903E-11
AR GRAC 2024 06 19 02 29 50.000000 2   8.743296017744E-12  4.985668822233E-11
AR GRAC 2024 06 19 02 30  0.000000 2   7.959442133165E-12  3.740116549800E-11
AR GRAC 2024 06 19 02 30 10.000000 2   7.991948249020E-12  3.004564652631E-11
AR GRAC 2024 06 19 02 30 20.000000 2   8.663155262600E-12  3.650011889955E-11
AR GRAC 2024 06 19 02 30 30.000000 2   9.893572072706E-12  4.550459661856E-11
AR GRAC 2024 06 19 02 30 40.000000 2   1.081935235847E-11  3.971907178157E-11
AR GRAC 2024 06 19 02 30 50.000000 2   1.164562717093E-11  3.807354084784E-11
AR GRAC 2024 06 19 02 31  0.000000 2   1.111775081719E-11  3.721801339340E-11
AR GRAC 2024 06 19 02 31 10.000000 2   9.242307440205E-12  4.323248703475E-11
AR GRAC 2024 06 19 02 31 20.000000 2   8.799133296988E-12  4.249695734204E-11
AR GRAC 2024 06 19 02 31 30.000000 2   9.132099590414E-12  5.508142900124E-11
AR GRAC 2024 06 19 02 31 40.000000 2   1.130882019973E-11  3.690589500671E-11
AR GRAC 2024 06 19 02 31 50.000000 2   1.118059204247E-11  4.477035756012E-11
AR GRAC 2024 06 19 02 32  0.000000 2   1.254733903583E-11  2.981482422060E-11
AR GRAC 2024 06 19 02 32 10.000000 2   1.271294181038E-11  4.261929004157E-11
AR GRAC 2024 06 19 02 32 20.000000 2   9.318997830354E-12  3.201375275985E-11
AR GRAC 2024 06 19 02 32 30.000000 2   1.118033964020E-11  3.856821806369E-11
AR GRAC 2024 06 19 02 32 40.000000 2   1.162530662013E-11  2.984268387962E-11
AR GRAC 2024 06 19 02 32 50.000000 2   8.863460312925E-12  4.712714246624E-11
AR GRAC 2024 06 19 02 33  0.000000 2   1.141931254417E-11  3.601159995203E-11
AR GRAC 2024 06 19 02 33 10.000000 2   1.153433078216E-11  4.433606606846E-11
AR GRAC 2024 06 19 02 33 20.000000 2   1.216220613803E-11  4.401052092207E-11
AR GRAC 2024 06 19 02 33 30.000000 2   9.722952477864E-12  3.445497706589E-11
AR GRAC 2024 06 19 02 33 40.000000 2   9.397801113697E-12  4.479943499502E-11
AR GRAC 2024 06 19 02 33 50.000000 2   1.028902050365E-11  2.401388983497E-11
AR GRAC 2024 06 19 02 34  0.000000 2   1.107902918712E-11  3.698834294408E-11
AR GRAC 2024 06 19 02 34 10.000000 2   1.092627724408E-11  4.740280043491E-11
AR GRAC 2024 06 19 02 34 20.000000 2   1.359200078876E-11  4.464725464337E-11
AR GRAC 2024 06 19 02 34 30.000000 2   1.328731569217E-11  3.327170136624E-11
AR GRAC 2024 06 19 02 34 40.000000 2   1.129739357619E-11  4.962615388071E-11
AR GRAC 2024 06 19 02 34 50.000000 2   1.140024186164E-11  2.358060621765E-11
AR GRAC 2024 06 19 02 35  0.000000 2   8.508692014852E-12  3.973505205423E-11
AR GRAC 2024 06 19 02 35 10.000000 2   1.056003982175E-11  3.318950322906E-11
AR GRAC 2024 06 19 02 35 20.000000 2   1.192417692364E-11  3.311395255223E-11
AR GRAC 2024 06 19 02 35 30.000000 2   1.292324580682E-11  5.013839343704E-11
AR GRAC 2024 06 19 02 35 40.000000 2   1.179903397208E-11  3.788283922668E-11
AR GRAC 2024 06 19 02 35 50.000000 2   9.897516833890E-12  3.206728285687E-11
AR GRAC 2024 06 19 02 36  0.000000 2   1.266040570991E-11  4.052172833391E-11
AR GRAC 2024 06 19 02 36 10.000000 2   1.398078527948E-11  4.136617090533E-11
AR GRAC 2024 06 19 02 36 20.000000 2   1.082616201548E-11  2.812061174196E-11
AR GRAC 2024 06 19 02 36 30.000000 2   1.437982285329E-11  3.737505097079E-11
AR GRAC 2024 06 19 02 36 40.000000 2   1.303043350304E-11  2.656949313340E-11
AR GRAC 2024 06 19 02 36 50.000000 2   1.136822667253E-11  4.854392929299E-11
AR GRAC 2024 06 19 02 37  0.000000 2   1.256277200323E-11  2.890836875435E-11
AR GRAC 2024 06 19 02 37 10.000000 2   1.061554750353E-11  5.038280556646E-11
AR GRAC 2024 06 19 02 37 20.000000 2   1.182946622602E-11  3.113723862080E-11
AR GRAC 2024 06 19 02 37 30.000000 2   1.293531167595E-11  3.036167497972E-11
AR GRAC 2024 06 19 02 37 40.000000 2   1.187171888573E-11  3.819610946976E-11
AR GRAC 2024 06 19 02 37 50.000000 2   1.067267108024E-11  3.901054479449E-11
AR GRAC 2024 06 19 02 38  0.000000 2   1.218878036696E-11  3.991497410372E-11
AR GRAC 2024 06 19 02 38 10.000000 2   1.287608301231E-11  3.382940108598E-11
AR GRAC 2024 06 19 02 38 20.000000 2   1.120280864603E-11  3.814383878198E-11
AR GRAC 2024 06 19 02 38 30.000000 2   1.186547388121E-11  4.307826664829E-11
AR GRAC 2024 06 19 02 38 40.000000 2   1.121808895777E-11  2.593269175788E-11
AR GRAC 2024 06 19 02 38 50.000000 2   1.158421015363E-11  2.405712261344E-11
AR GRAC 2024 06 19 02 39  0.000000 2   1.206692298167E-11  4.229154179636E-11
AR GRAC 2024 06 19 02 39 10.000000 2   1.180659996852E-11  4.295596864323E-11
AR GRAC 2024 06 19 02 39 20.000000 2   1.108853026760E-11  2.176039556878E-11
AR GRAC 2024 06 19 02 39 30.000000 2   1.520984553582E-11  4.245481743936E-11
AR GRAC 2024 06 19 02 39 40.000000 2   1.576540634152E-11  3.299924222766E-11
AR GRAC 2024 06 19 02 39 50.000000 2   1.317298266995E-11  3.115366298267E-11
AR GRAC 2024 06 19 02 40  0.000000 2   1.052005531299E-11  3.521807845352E-11
AR GRAC 2024 06 19 02 40 10.000000 2   1.153170094137E-11  2.411250366041E-11
AR GRAC 2024 06 19 02 40 20.000000 2   1.423340004886E-11  4.799692240876E-11
AR GRAC 2024 06 19 02 40 30.000000 2   1.203937297078E-11  2.553133746086E-11
AR GRAC 2024 06 19 02 40 40.000000 2   1.454476903501E-11  2.894575204526E-11
AR GRAC 2024 06 19 02 40 50.000000 2   1.370456699512E-11  4.097017169968E-11
AR GRAC 2024 06 19 02 41  0.000000 2   1.150537130845E-11  2.383458708177E-11
AR GRAC 2024 06 19 02 41 10.000000 2   1.218089171195E-11  4.345900375680E-11
AR GRAC 2024 06 19 02 41 20.000000 2   1.147494252396E-11  7.963415517287E-12
AR GRAC 2024 06 19 02 41 30.000000 2   1.053133621975E-11  4.647782159140E-11
AR GRAC 2024 06 19 02 41 40.000000 2   1.259901905026E-11  4.175223708436E-11
AR GRAC 2024 06 19 02 41 50.000000 2   1.091153296190E-11  4.065664471753E-11
AR GRAC 2024 06 19 02 42  0.000000 2   1.063378812088E-11  2.695105597028E-11
AR GRAC 2024 06 19 02 42 10.000000 2   1.486591405531E-11  2.558546256803E-11
AR GRAC 2024 06 19 02 42 20.000000 2   9.567086706186E-12  2.902987052134E-11
AR GRAC 2024 06 19 02 42 30.000000 2   1.300318620140E-11  3.615427401904E-11
AR GRAC 2024 06 19 02 42 40.000000 2   1.049672068015E-11  3.977867688021E-11
AR GRAC 2024 06 19 02 42 50.000000 2   1.153868493808E-11  2.978308571988E-11
AR GRAC 2024 06 19 02 43  0.000000 2   9.379467688642E-12  2.904749010768E-11
AR GRAC 2024 06 19 02 43 10.000000 2   1.128611180207E-11  2.117189409900E-11
AR GRAC 2024 06 19 02 43 20.000000 2   1.154491346272E-11  4.082629026514E-11
AR GRAC 2024 06 19 02 43 30.000000 2   8.960888454868E-12  6.169069421968E-11
AR GRAC 2024 06 19 02 43 40.000000 2   1.280795001307E-11  1.269509237317E-11
AR GRAC 2024 06 19 02 43 50.000000 2   1.339063235295E-11  4.446948712045E-11
AR GRAC 2024 06 19 02 44  0.000000 2   1.045111479997E-11  3.301388676324E-11
AR GRAC 2024 06 19 02 44 10.000000 2   1.272546044234E-11  5.106828501744E-11
AR GRAC 2024 06 19 02 44 20.000000 2   1.209102002547E-11  1.621268050367E-11
AR GRAC 2024 06 19 02 44 30.000000 2   1.255599704070E-11  4.236707512595E-11
AR GRAC 2024 06 19 02 44 40.000000 2   9.650251084348E-12  3.446147187058E-11
AR GRAC 2024 06 19 02 44 50.000000 2   1.158026886189E-11  3.358586325719E-11
AR GRAC 2024 06 19 02 45  0.000000 2   1.298514074044E-11  1.972025320818E-11
AR GRAC 2024 06 19 02 45 10.000000 2   1.330233753011E-11  4.044464763098E-11
AR GRAC 2024 06 19 02 45 20.000000 2   1.236889150130E-11  3.254903291339E-11
AR GRAC 2024 06 19 02 45 30.000000 2   1.185013545624E-11  3.296342712678E-11
AR GRAC 2024 06 19 02 45 40.000000 2   1.047319869718E-11  1.579781618022E-11
AR GRAC 2024 06 19 02 45 50.000000 2   1.171273234651E-11  3.988219823836E-11
AR GRAC 2024 06 19 02 46  0.000000 2   1.368795528311E-11  3.610658300124E-11
AR GRAC 2024 06 19 02 46 10.000000 2   9.230566831719E-12  4.781097046047E-11
AR GRAC 2024 06 19 02 46 20.000000 2   1.346822132986E-11  1.711535600746E-11
AR GRAC 2024 06 19 02 46 30.000000 2   1.312285349830E-11  3.851973948144E-11
AR GRAC 2024 06 19 02 46 40.000000 2   1.109779889513E-11  2.686412550745E-11
AR GRAC 2024 06 19 02 46 50.000000 2   1.021578655003E-11  2.722850070414E-11
AR GRAC 2024 06 19 02 47  0.000000 2   1.436200897792E-11  4.766288058677E-11
AR GRAC 2024 06 19 02 47 10.000000 2   1.159504870590E-11  3.810726040276E-11
AR GRAC 2024 06 19 02 47 20.000000 2   1.054070806333E-11  2.224164082076E-11
AR GRAC 2024 06 19 02 47 30.000000 2   8.776522911202E-12  2.148602303020E-11
AR GRAC 2024 06 19 02 47 40.000000 2   1.000939175294E-11  2.508039782800E-11
AR GRAC 2024 06 19 02 47 50.000000 2   1.163870388954E-11  2.969477441717E-11
AR GRAC 2024 06 19 02 48  0.000000 2   1.162235412078E-11  2.477914921861E-11
AR GRAC 2024 06 19 02 48 10.000000 2   1.209510009509E-11  4.785352322734E-11
AR GRAC 2024 06 19 02 48 20.000000 2   1.161322774057E-11  1.746789518586E-11
AR GRAC 2024 06 19 02 48 30.000000 2   9.177960474949E-12  2.964226433755E-11
AR GRAC 2024 06 19 02 48 40.000000 2   1.075096695696E-11  1.332663840392E-11
AR GRAC 2024 06 19 02 48 50.000000 2   1.088337232835E-11  4.018100782655E-11
AR GRAC 2024 06 19 02 49  0.000000 2   1.002436154918E-11  3.020537292509E-11
AR GRAC 2024 06 19 02 49 10.000000 2   1.266044821063E-11  1.286974433273E-11
AR GRAC 2024 06 19 02 49 20.000000 2   1.048979739876E-11  2.704411347643E-11
AR GRAC 2024 06 19 02 49 30.000000 2   8.897507730588E-12  3.442847396062E-11
AR GRAC 2024 06 19 02 49 40.000000 2   9.167751627293E-12  4.294284025597E-11
AR GRAC 2024 06 19 02 49 50.000000 2   1.223766574188E-11  1.683720871060E-11
AR GRAC 2024 06 19 02 50  0.000000 2   1.092486604654E-11  2.265156985592E-11
AR GRAC 2024 06 19 02 50 10.000000 2   9.634088665722E-12  1.296593474948E-11
AR GRAC 2024 06 19 02 50 20.000000 2   1.064238714515E-11  2.426029689639E-11
AR GRAC 2024 06 19 02 50 30.000000 2   7.106867178086E-12  3.062465558923E-11
AR GRAC 2024 06 19 02 50 40.000000 2   9.052824462286E-12  1.811901843840E-11
AR GRAC 2024 06 19 02 50 50.000000 2   9.747986272346E-12  1.849337349924E-11
AR GRAC 2024 06 19 02 51  0.000000 2   9.986722386557E-12  3.228773151620E-11
AR GRAC 2024 06 19 02 51 10.000000 2   7.339597679623E-12  3.400208933857E-11
AR GRAC 2024 06 19 02 51 20.000000 2   8.894047824615E-12  2.167644536089E-11
AR GRAC 2024 06 19 02 51 30.000000 2   7.480899580359E-12  1.147080087166E-11
AR GRAC 2024 06 19 02 51 40.000000 2   1.045773710684E-11  2.598515673469E-11
AR GRAC 2024 06 19 02 51 50.000000 2   8.434765906562E-12  2.792950246078E-11
AR GRAC 2024 06 19 02 52  0.000000 2   7.812718354205E-12  2.449385659575E-11
AR GRAC 2024 06 19 02 52 10.000000 2   7.304868515634E-12  2.550820665803E-11
AR GRAC 2024 06 19 02 52 20.000000 2   9.926423398532E-12  2.377256030917E-11
AR GRAC 2024 06 19 02 52 30.000000 2   7.314841440897E-12  2.522690736861E-11
AR GRAC 2024 06 19 02 52 40.000000 2   8.234867648893E-12  2.022125869527E-11
AR GRAC 2024 06 19 02 52 50.000000 2   9.612395948655E-12  1.109560533730E-11
AR GRAC 2024 06 19 02 53  0.000000 2   6.055317705589E-12  1.414995117605E-11
AR GRAC 2024 06 19 02 53 10.000000 2   9.379829378486E-12  1.454429719022E-11
AR GRAC 2024 06 19 02 53 20.000000 2   6.866192510391E-12  3.762863978740E-11
AR GRAC 2024 06 19 02 53 30.000000 2   7.484262341817E-12  2.555298334039E-11
AR GRAC 2024 06 19 02 53 40.000000 2   7.977223048794E-12  1.424732640892E-11
AR GRAC 2024 06 19 02 53 50.000000 2   5.899093279832E-12  1.355166760059E-11
AR GRAC 2024 06 19 02 54  0.000000 2   5.501250930490E-12  1.495600865375E-11
AR GRAC 2024 06 19 02 54 10.000000 2   9.138566639533E-12  2.416034906860E-11
AR GRAC 2024 06 19 02 54 20.000000 2   4.955157811848E-12  1.253468856488E-11
AR GRAC 2024 06 19 02 54 30.000000 2   7.101533337078E-12  2.814902130832E-11
AR GRAC 2024 06 19 02 54 40.000000 2   5.710072172038E-12  1.888336015332E-11
AR GRAC 2024 06 19 02 54 50.000000 2   5.188162833375E-12  1.862769834216E-11
AR GRAC 2024 06 19 02 55  0.000000 2   7.946031853334E-12  3.352032193482E-12
AR GRAC 2024 06 19 02 55 10.000000 2   7.118771717940E-12  2.103636535800E-11
AR GRAC 2024 06 19 02 55 20.000000 2   3.820359393419E-12  1.907070161511E-11
AR GRAC 2024 06 19 02 55 30.000000 2   5.484267987660E-12  2.221503016264E-11
AR GRAC 2024 06 19 02 55 40.000000 2   5.771052906389E-12  2.341936020112E-11
AR GRAC 2024 06 19 02 55 50.000000 2   4.452395917232E-12  9.093691077933E-12
AR GRAC 2024 06 19 02 56  0.000000 2   7.993992620636E-12  2.537802086533E-11
AR GRAC 2024 06 19 02 56 10.000000 2   6.204315273345E-12  2.697234970095E-11
AR GRAC 2024 06 19 02 56 20.000000 2   5.620104208404E-12  9.136676658306E-12
AR GRAC 2024 06 19 02 56 30.000000 2   5.673250064175E-12  1.850100107836E-11
AR GRAC 2024 06 19 02 56 40.000000 2   3.907190977009E-12  2.375328666399E-12
AR GRAC 2024 06 19 02 56 50.000000 2   4.729475925475E-12  2.185965124191E-11
AR GRAC 2024 06 19 02 57  0.000000 2   3.347738752879E-12  1.401397574374E-11
AR GRAC 2024 06 19 02 57 10.000000 2   3.278985589994E-12  2.092829902434E-11
AR GRAC 2024 06 19 02 57 20.000000 2   1.439293129124E-12  9.432620483307E-12
AR GRAC 2024 06 19 02 57 30.000000 2   2.662287707997E-12  1.598694093774E-11
AR GRAC 2024 06 19 02 57 40.000000 2   5.328447752473E-12  1.193126153431E-11
AR GRAC 2024 06 19 02 57 50.000000 2   3.253480167567E-12  1.551558014012E-11
AR GRAC 2024 06 19 02 58  0.000000 2   5.921406485802E-13  1.292989760399E-11
AR GRAC 2024 06 19 02 58 10.000000 2   3.573686919306E-12  1.024421606571E-11
AR GRAC 2024 06 19 02 58 20.000000 2   3.646648087663E-12  2.042853212980E-11
AR GRAC 2024 06 19 02 58 30.000000 2   2.860750265149E-12  4.072844925901E-12
AR GRAC 2024 06 19 02 58 40.000000 2   2.458868178512E-12  2.517715723405E-11
AR GRAC 2024 06 19 02 58 50.000000 2   3.025727455044E-13  5.991471641736E-12
AR GRAC 2024 06 19 02 59  0.000000 2  -4.987798910873E-13  6.035782550845E-12
AR GRAC 2024 06 19 02 59 10.000000 2   3.077425033554E-12  1.401009256524E-11
AR GRAC 2024 06 19 02 59 20.000000 2  -2.122503697322E-13  1.883440278738E-11
AR GRAC 2024 06 19 02 59 30.000000 2   1.884071024194E-12  1.319871382327E-11
AR GRAC 2024 06 19 02 59 40.000000 2   9.489996543590E-14 -1.182697689783E-11
AR GRAC 2024 06 19 02 59 50.000000 2   1.655239422090E-12  1.473732767765E-11
AR GRAC 2024 06 19 03 00  0.000000 2   2.327637214916E-12  4.751634415795E-12
AR GRAC 2024 06 19 03 00 10.000000 2  -1.197109577265E-12  5.945939920982E-12
AR GRAC 2024 06 19 03 00 20.000000 2  -9.223214639947E-13 -1.797539981446E-13
AR GRAC 2024 06 19 03 00 30.000000 2  -1.982062083905E-12  2.244454795630E-11
AR GRAC 2024 06 19 03 00 40.000000 2   6.954028282033E-13  9.758853447561E-12
AR GRAC 2024 06 19 03 00 50.000000 2   7.387943338696E-13 -1.268684723249E-11
AR GRAC 2024 06 19 03 01  0.000000 2  -4.111982889604E-12  6.907453341948E-12
AR GRAC 2024 06 19 03 01 10.000000 2  -1.186849230006E-12  1.246175471842E-11
AR GRAC 2024 06 19 03 01 20.000000 2   4.553951616845E-13  1.203769982999E-11
AR GRAC 2024 06 19 03 01 30.000000 2  -4.839394076445E-12  1.161364060476E-11
AR GRAC 2024 06 19 03 01 40.000000 2  -1.130184921344E-12  1.118958571633E-11
AR GRAC 2024 06 19 03 01 50.000000 2  -3.227709549289E-12  1.076552735846E-11
AR GRAC 2024 06 19 03 02  0.000000 2  -2.916017037211E-12  1.034146553114E-11
AR GRAC 2024 06 19 03 02 10.000000 2  -2.324057613023E-12  9.917407173266E-12
AR GRAC 2024 06 19 03 02 20.000000 2  -5.246986439084E-12  9.493345345946E-12
AR GRAC 2024 06 19 03 02 30.000000 2  -1.650477389308E-12  9.069283518626E-12
AR GRAC 2024 06 19 03 02 40.000000 2  -2.659583707779E-12  8.645219089221E-12
AR GRAC 2024 06 19 03 02 50.000000 2  -1.154638776084E-12  8.221157261901E-12
AR GRAC 2024 06 19 03 03  0.000000 2  -3.430555969505E-12  7.797092832496E-12
AR GRAC 2024 06 19 03 03 10.000000 2  -4.691966867115E-12  7.373024066282E-12
AR GRAC 2024 06 19 03 03 20.000000 2  -4.336441795927E-12  6.948956601111E-12
AR GRAC 2024 06 19 03 03 30.000000 2  -4.685423056483E-12  6.524891738025E-12
AR GRAC 2024 06 19 03 03 40.000000 2  -4.826381481970E-12  6.100823405492E-12
AR GRAC 2024 06 19 03 03 50.000000 2  -5.362557186500E-12  5.676752037193E-12
AR GRAC 2024 06 19 03 04  0.000000 2  -5.918145314088E-12  5.252680668894E-12
AR GRAC 2024 06 19 03 04 10.000000 2  -4.481502842435E-12  4.828609300594E-12
AR GRAC 2024 06 19 03 04 20.000000 2  -7.854563353893E-12  4.404537932295E-12
AR GRAC 2024 06 19 03 04 30.000000 2  -4.192264157349E-12  3.980463528230E-12
AR GRAC 2024 06 19 03 04 40.000000 2  -4.695039062391E-12  3.556388690484E-12
AR GRAC 2024 06 19 03 04 50.000000 2  -4.826647762024E-12  3.132314069579E-12
AR GRAC 2024 06 19 03 05  0.000000 2  -7.472104532336E-12  2.708237930790E-12
AR GRAC 2024 06 19 03 05 10.000000 2  -5.765915522815E-12  2.284158539395E-12
AR GRAC 2024 06 19 03 05 20.000000 2  -7.384094204144E-12  1.860080665883E-12
AR GRAC 2024 06 19 03 05 30.000000 2  -6.186355681198E-12  1.436001166068E-12
AR GRAC 2024 06 19 03 05 40.000000 2  -7.734332271858E-12  1.011921774673E-12
AR GRAC 2024 06 19 03 05 50.000000 2  -5.877509416663E-12  5.878407569743E-13
AR GRAC 2024 06 19 03 06  0.000000 2  -7.778017813154E-12  1.637580858676E-13
AR GRAC 2024 06 19 03 06 10.000000 2  -7.709613329687E-12 -2.603229589358E-13
AR GRAC 2024 06 19 03 06 20.000000 2  -7.901640279584E-12 -6.844072292407E-13
AR GRAC 2024 06 19 03 06 30.000000 2  -8.249315293363E-12 -1.108493180059E-12
AR GRAC 2024 06 19 03 06 40.000000 2  -8.680162491559E-12 -1.532579076667E-12
AR GRAC 2024 06 19 03 06 50.000000 2  -1.028001815617E-11 -1.956665081695E-12
AR GRAC 2024 06 19 03 07  0.000000 2  -7.753846176239E-12 -2.380754230910E-12
AR GRAC 2024 06 19 03 07 10.000000 2  -6.472712556910E-12 -2.804843163284E-12
AR GRAC 2024 06 19 03 07 20.000000 2  -9.026584167626E-12 -3.228932312499E-12
AR GRAC 2024 06 19 03 07 30.000000 2  -8.448299351760E-12 -3.653022762756E-12
AR GRAC 2024 06 19 03 07 40.000000 2  -8.808879840838E-12 -4.077113646694E-12
AR GRAC 2024 06 19 03 07 50.000000 2  -1.120119708792E-11 -4.501205831675E-12
AR GRAC 2024 06 19 03 08  0.000000 2  -8.682958865802E-12 -4.925300185060E-12
AR GRAC 2024 06 19 03 08 10.000000 2  -9.148615892629E-12 -5.349394104764E-12
AR GRAC 2024 06 19 03 08 20.000000 2  -9.284295554579E-12 -1.108856929888E-11
AR GRAC 2024 06 19 03 08 30.000000 2  -1.070813663434E-11 -1.303284303394E-11
AR GRAC 2024 06 19 03 08 40.000000 2  -6.052813198570E-12 -2.925676628046E-12
AR GRAC 2024 06 19 03 08 50.000000 2  -9.288328786661E-12 -4.359330604831E-12
AR GRAC 2024 06 19 03 09  0.000000 2  -9.926711362629E-12 -2.110805454036E-12
AR GRAC 2024 06 19 03 09 10.000000 2  -8.520307723248E-12 -7.780041368088E-12
AR GRAC 2024 06 19 03 09 20.000000 2  -1.129301600150E-11 -1.348972843151E-11
AR GRAC 2024 06 19 03 09 30.000000 2  -9.988492671864E-12 -5.377516140714E-12
AR GRAC 2024 06 19 03 09 40.000000 2  -1.173406771054E-11 -1.054172461129E-11
AR GRAC 2024 06 19 03 09 50.000000 2  -8.636276589702E-12  1.080282738264E-11
AR GRAC 2024 06 19 03 10  0.000000 2  -1.227489117295E-11 -2.336336506203E-11
AR GRAC 2024 06 19 03 10 10.000000 2  -1.078496580237E-11 -7.895696249594E-12
AR GRAC 2024 06 19 03 10 20.000000 2  -1.342014520345E-11 -2.532213848327E-11
AR GRAC 2024 06 19 03 10 30.000000 2  -9.936041572844E-12 -6.505452860434E-12
AR GRAC 2024 06 19 03 10 40.000000 2  -1.341996479221E-11 -2.366246781849E-11
AR GRAC 2024 06 19 03 10 50.000000 2  -1.437993127351E-11 -1.111251368702E-11
AR GRAC 2024 06 19 03 11  0.000000 2  -1.436703620655E-11 -1.929175048876E-11
AR GRAC 2024 06 19 03 11 10.000000 2  -1.361124754573E-11  1.458958127920E-11
AR GRAC 2024 06 19 03 11 20.000000 2  -1.489432882584E-11 -1.280150464800E-11
AR GRAC 2024 06 19 03 11 30.000000 2  -1.325915679334E-11 -1.937737470481E-11
AR GRAC 2024 06 19 03 11 40.000000 2  -1.285506597004E-11 -1.448908527879E-11
AR GRAC 2024 06 19 03 11 50.000000 2  -1.365782400370E-11 -5.882915682376E-12
AR GRAC 2024 06 19 03 12  0.000000 2  -1.592652745797E-11 -2.707209803554E-11
AR GRAC 2024 06 19 03 12 10.000000 2  -1.484039453825E-11 -7.468610799255E-12
AR GRAC 2024 06 19 03 12 20.000000 2  -1.527338845675E-11 -2.235456438016E-11
AR GRAC 2024 06 19 03 12 30.000000 2  -1.414081005069E-11 -7.165659992453E-12
AR GRAC 2024 06 19 03 12 40.000000 2  -1.462638170302E-11 -2.862056728767E-12
AR GRAC 2024 06 19 03 12 50.000000 2  -1.821616295306E-11 -2.210475379127E-11
AR GRAC 2024 06 19 03 13  0.000000 2  -1.382021407037E-11 -3.746190163634E-11
AR GRAC 2024 06 19 03 13 10.000000 2  -1.465439054826E-11 -7.655939250617E-12
AR GRAC 2024 06 19 03 13 20.000000 2  -1.628030175949E-11 -1.718779979454E-11
AR GRAC 2024 06 19 03 13 30.000000 2  -1.466554828966E-11 -1.480918165875E-11
AR GRAC 2024 06 19 03 13 40.000000 2  -1.650203237946E-11 -1.914004198189E-11
AR GRAC 2024 06 19 03 13 50.000000 2  -1.529053446359E-11 -1.259725483649E-11
AR GRAC 2024 06 19 03 14  0.000000 2  -1.689013685857E-11 -2.068839717595E-11
AR GRAC 2024 06 19 03 14 10.000000 2  -1.717677389212E-11 -1.396859277553E-11
AR GRAC 2024 06 19 03 14 20.000000 2  -1.689884170097E-11 -4.374930973050E-11
AR GRAC 2024 06 19 03 14 30.000000 2  -1.638575039542E-11 -8.492826233941E-12
AR GRAC 2024 06 19 03 14 40.000000 2  -1.551217834739E-11 -2.409561265793E-11
AR GRAC 2024 06 19 03 14 50.000000 2  -1.374953883387E-11 -2.175467965493E-11
AR GRAC 2024 06 19 03 15  0.000000 2  -1.956807632597E-11 -1.201682069824E-11
AR GRAC 2024 06 19 03 15 10.000000 2  -1.689079258405E-11 -3.460608188899E-11
AR GRAC 2024 06 19 03 15 20.000000 2  -1.719530073885E-11 -2.430959253341E-11
AR GRAC 2024 06 19 03 15 30.000000 2  -1.659294923684E-11 -8.837114200133E-12
AR GRAC 2024 06 19 03 15 40.000000 2  -2.012100208670E-11 -1.913852756830E-11
AR GRAC 2024 06 19 03 15 50.000000 2  -1.689202770716E-11 -3.386192021226E-11
AR GRAC 2024 06 19 03 16  0.000000 2  -1.677519408105E-11 -2.083823738563E-11
AR GRAC 2024 06 19 03 16 10.000000 2  -1.610314832867E-11 -1.747444203226E-11
AR GRAC 2024 06 19 03 16 20.000000 2  -1.827317984426E-11 -2.587268940757E-11
AR GRAC 2024 06 19 03 16 30.000000 2  -1.745372596451E-11 -2.315405679687E-11
AR GRAC 2024 06 19 03 16 40.000000 2  -1.983518037318E-11 -1.878976488290E-11
AR GRAC 2024 06 19 03 16 50.000000 2  -1.781435242376E-11 -3.232196801872E-11
AR GRAC 2024 06 19 03 17  0.000000 2  -1.830599907771E-11 -2.790642716910E-11
AR GRAC 2024 06 19 03 17 10.000000 2  -1.714138900266E-11 -1.440821767451E-11
AR GRAC 2024 06 19 03 17 20.000000 2  -1.513432087985E-11 -2.277614034873E-11
AR GRAC 2024 06 19 03 17 30.000000 2  -2.061803332232E-11 -1.520435340130E-11
AR GRAC 2024 06 19 03 17 40.000000 2  -1.963189853738E-11 -1.656986874099E-11
AR GRAC 2024 06 19 03 17 50.000000 2  -1.917542166718E-11 -2.647210228801E-11
AR GRAC 2024 06 19 03 18  0.000000 2  -1.747928364548E-11 -2.832145976073E-11
AR GRAC 2024 06 19 03 18 10.000000 2  -2.077042531023E-11 -2.983106470178E-11
AR GRAC 2024 06 19 03 18 20.000000 2  -1.637347549210E-11 -2.656017593361E-11
AR GRAC 2024 06 19 03 18 30.000000 2  -1.930333323741E-11 -2.832647658102E-11
AR GRAC 2024 06 19 03 18 40.000000 2  -2.075366441201E-11 -3.129837361504E-11
AR GRAC 2024 06 19 03 18 50.000000 2  -1.979412293796E-11 -3.062997425141E-11
AR GRAC 2024 06 19 03 19  0.000000 2  -1.732230504869E-11 -2.118177855337E-11
AR GRAC 2024 06 19 03 19 10.000000 2  -2.093693621252E-11 -3.058337957884E-11
AR GRAC 2024 06 19 03 19 20.000000 2  -1.705738328361E-11 -1.963918611070E-11
AR GRAC 2024 06 19 03 19 30.000000 2  -1.763944545985E-11 -1.984609004912E-11
AR GRAC 2024 06 19 03 19 40.000000 2  -1.948533695506E-11 -3.647109697580E-11
AR GRAC 2024 06 19 03 19 50.000000 2  -1.974252879233E-11 -3.133540302236E-11
AR GRAC 2024 06 19 03 20  0.000000 2  -1.955362607942E-11 -1.309771128361E-11
AR GRAC 2024 06 19 03 20 10.000000 2  -2.027219538070E-11 -2.723122075055E-11
AR GRAC 2024 06 19 03 20 20.000000 2  -1.815128776450E-11 -3.028852862963E-11
AR GRAC 2024 06 19 03 20 30.000000 2  -2.093726060581E-11 -7.985839420299E-12
AR GRAC 2024 06 19 03 20 40.000000 2  -2.193840768772E-11 -3.108125215534E-11
AR GRAC 2024 06 19 03 20 50.000000 2  -1.780350519787E-11 -3.023416586534E-11
AR GRAC 2024 06 19 03 21  0.000000 2  -1.660079018695E-11 -3.236357709602E-11
AR GRAC 2024 06 19 03 21 10.000000 2  -1.857768452962E-11 -3.095109238349E-11
AR GRAC 2024 06 19 03 21 20.000000 2  -2.199017530569E-11 -1.670610698390E-11
AR GRAC 2024 06 19 03 21 30.000000 2  -2.060504891710E-11 -2.285332340035E-11
AR GRAC 2024 06 19 03 21 40.000000 2  -1.849082345573E-11 -2.726344323911E-11
AR GRAC 2024 06 19 03 21 50.000000 2  -1.801941235113E-11 -2.741766015613E-11
AR GRAC 2024 06 19 03 22  0.000000 2  -2.069443921782E-11 -9.432378489382E-12
AR GRAC 2024 06 19 03 22 10.000000 2  -1.862980950063E-11 -2.661829957840E-11
AR GRAC 2024 06 19 03 22 20.000000 2  -1.733448974639E-11 -2.955782146818E-11
AR GRAC 2024 06 19 03 22 30.000000 2  -2.223513213828E-11 -1.855824348362E-11
AR GRAC 2024 06 19 03 22 40.000000 2  -1.933675962407E-11 -8.760366564109E-12
AR GRAC 2024 06 19 03 22 50.000000 2  -2.202053817069E-11 -2.847089057567E-11
AR GRAC 2024 06 19 03 23  0.000000 2  -1.742276808936E-11 -3.383441790628E-11
AR GRAC 2024 06 19 03 23 10.000000 2  -2.000167045879E-11 -2.785784276871E-11
AR GRAC 2024 06 19 03 23 20.000000 2  -1.937569028831E-11 -2.783946684293E-11
AR GRAC 2024 06 19 03 23 30.000000 2  -1.725131322516E-11 -1.147089541409E-11
AR GRAC 2024 06 19 03 23 40.000000 2  -2.093786255486E-11 -8.358825784316E-12
AR GRAC 2024 06 19 03 23 50.000000 2  -1.807066128678E-11 -2.533085546874E-11
AR GRAC 2024 06 19 03 24  0.000000 2  -2.010944882835E-11 -1.134178428258E-11
AR GRAC 2024 06 19 03 24 10.000000 2  -1.881781709623E-11 -3.200391687774E-11
AR GRAC 2024 06 19 03 24 20.000000 2  -1.792860651606E-11 -3.583514734951E-11
AR GRAC 2024 06 19 03 24 30.000000 2  -1.951773291597E-11 -8.352582514526E-12
AR GRAC 2024 06 19 03 24 40.000000 2  -1.964333383453E-11 -3.878031576421E-11
AR GRAC 2024 06 19 03 24 50.000000 2  -1.935960940169E-11 -9.930051572682E-12
AR GRAC 2024 06 19 03 25  0.000000 2  -2.054472390822E-11 -2.010438863997E-11
AR GRAC 2024 06 19 03 25 10.000000 2  -1.900288433554E-11 -1.591362631947E-11
AR GRAC 2024 06 19 03 25 20.000000 2  -1.954914008451E-11 -1.561276455342E-11
AR GRAC 2024 06 19 03 25 30.000000 2  -1.636530494453E-11 -2.596700458823E-11
AR GRAC 2024 06 19 03 25 40.000000 2  -1.935290989963E-11 -2.129024387343E-11
AR GRAC 2024 06 19 03 25 50.000000 2  -1.762814373640E-11 -2.984238203774E-11
AR GRAC 2024 06 19 03 26  0.000000 2  -1.854490346009E-11 -6.835927657267E-12
AR GRAC 2024 06 19 03 26 10.000000 2  -1.997628104600E-11 -1.849717080893E-11
AR GRAC 2024 06 19 03 26 20.000000 2  -1.779315410289E-11 -1.701841445545E-11
AR GRAC 2024 06 19 03 26 30.000000 2  -1.963839854624E-11 -1.855505853132E-11
AR GRAC 2024 06 19 03 26 40.000000 2  -1.823238435228E-11 -2.147140451547E-11
AR GRAC 2024 06 19 03 26 50.000000 2  -1.993629220043E-11 -1.338845180554E-11
AR GRAC 2024 06 19 03 27  0.000000 2  -1.921572102825E-11 -2.175289809392E-11
AR GRAC 2024 06 19 03 27 10.000000 2  -1.827504987617E-11 -1.961224758984E-11
AR GRAC 2024 06 19 03 27 20.000000 2  -1.714705634426E-11 -1.978389847779E-11
AR GRAC 2024 06 19 03 27 30.000000 2  -1.782600629607E-11 -2.641504723289E-11
AR GRAC 2024 06 19 03 27 40.000000 2  -1.945389509206E-11 -1.716709933930E-11
AR GRAC 2024 06 19 03 27 50.000000 2  -1.571347392482E-11 -1.732975221658E-11
AR GRAC 2024 06 19 03 28  0.000000 2  -1.827480007599E-11 -1.296350613661E-11
AR GRAC 2024 06 19 03 28 10.000000 2  -1.772217962659E-11 -1.053096065212E-11
AR GRAC 2024 06 19 03 28 20.000000 2  -1.888547131179E-11 -1.868751507705E-11
AR GRAC 2024 06 19 03 28 30.000000 2  -1.841800323366E-11 -2.033437133953E-11
AR GRAC 2024 06 19 03 28 40.000000 2  -1.812252778399E-11 -2.087652967164E-11
AR GRAC 2024 06 19 03 28 50.000000 2  -1.854408293589E-11 -2.713698710188E-11
AR GRAC 2024 06 19 03 29  0.000000 2  -1.669086570344E-11 -5.549647547065E-12
AR GRAC 2024 06 19 03 29 10.000000 2  -1.765325732817E-11 -1.071990673313E-11
AR GRAC 2024 06 19 03 29 20.000000 2  -1.735887822374E-11 -6.071967581511E-12
AR GRAC 2024 06 19 03 29 30.000000 2  -1.742586977493E-11 -1.738753065139E-11
AR GRAC 2024 06 19 03 29 40.000000 2  -1.671084451371E-11 -1.242889385161E-11
AR GRAC 2024 06 19 03 29 50.000000 2  -1.619566980526E-11 -2.561765730102E-11
AR GRAC 2024 06 19 03 30  0.000000 2  -1.439463045289E-11 -1.366552270649E-11
AR GRAC 2024 06 19 03 30 10.000000 2  -1.597083749971E-11 -2.891148952189E-11
AR GRAC 2024 06 19 03 30 20.000000 2  -1.750863169725E-11 -1.081505371370E-11
AR GRAC 2024 06 19 03 30 30.000000 2  -1.765423397748E-11 -1.139972231196E-11
AR GRAC 2024 06 19 03 30 40.000000 2  -1.713261477132E-11 -4.827090550191E-12
AR GRAC 2024 06 19 03 30 50.000000 2  -1.386642710377E-11  3.158439872489E-12
AR GRAC 2024 06 19 03 31  0.000000 2  -1.913432606804E-11 -3.693143013628E-11
AR GRAC 2024 06 19 03 31 10.000000 2  -1.483156826521E-11 -1.702120389080E-11
AR GRAC 2024 06 19 03 31 20.000000 2  -1.402198929884E-11 -7.447376049186E-12
AR GRAC 2024 06 19 03 31 30.000000 2  -1.427781851082E-11  1.450825050375E-11
AR GRAC 2024 06 19 03 31 40.000000 2  -1.664332734130E-11 -1.681222175365E-11
AR GRAC 2024 06 19 03 31 50.000000 2  -1.406175002827E-11 -2.494869935643E-11
AR GRAC 2024 06 19 03 32  0.000000 2  -1.630144630393E-11  3.820323831588E-12
AR GRAC 2024 06 19 03 32 10.000000 2  -1.551281152146E-11 -1.785851523085E-12
AR GRAC 2024 06 19 03 32 20.000000 2  -1.407342211518E-11 -1.460903099881E-11
AR GRAC 2024 06 19 03 32 30.000000 2  -1.434870885303E-11 -8.281810133515E-12
AR GRAC 2024 06 19 03 32 40.000000 2  -1.564840965140E-11 -2.302869006598E-11
AR GRAC 2024 06 19 03 32 50.000000 2  -1.366633195499E-11 -1.002337102207E-11
AR GRAC 2024 06 19 03 33  0.000000 2  -1.640824802418E-11  5.847495763018E-15
AR GRAC 2024 06 19 03 33 10.000000 2  -1.065605589878E-11 -2.245823492453E-11
AR GRAC 2024 06 19 03 33 20.000000 2  -1.826426336560E-11  5.111879235881E-12
AR GRAC 2024 06 19 03 33 30.000000 2  -1.028566988526E-11 -1.395780626495E-11
AR GRAC 2024 06 19 03 33 40.000000 2  -1.064300210463E-11  7.942506895231E-12
AR GRAC 2024 06 19 03 33 50.000000 2  -1.153504635559E-11 -1.734897815686E-11
AR GRAC 2024 06 19 03 34  0.000000 2  -1.218011715792E-11 -1.464546539598E-11
AR GRAC 2024 06 19 03 34 10.000000 2  -1.538526944733E-11 -2.566345400079E-11
AR GRAC 2024 06 19 03 34 20.000000 2  -1.073782035510E-11  5.390574596940E-13
AR GRAC 2024 06 19 03 34 30.000000 2  -1.426540569699E-11 -1.474153438208E-11
AR GRAC 2024 06 19 03 34 40.000000 2  -1.489640182040E-11 -2.555526753753E-12
AR GRAC 2024 06 19 03 34 50.000000 2  -1.378945915786E-11 -3.642817384547E-12
AR GRAC 2024 06 19 03 35  0.000000 2  -1.211833151188E-11  9.368486889039E-12
AR GRAC 2024 06 19 03 35 10.000000 2  -1.117275022500E-11 -7.953106923031E-12
AR GRAC 2024 06 19 03 35 20.000000 2  -1.201935165979E-11  2.415699584812E-12
AR GRAC 2024 06 19 03 35 30.000000 2  -1.124414190229E-11 -6.741698345414E-12
AR GRAC 2024 06 19 03 35 40.000000 2  -8.782335969570E-12 -6.261894648640E-12
AR GRAC 2024 06 19 03 35 50.000000 2  -1.175626176270E-11  6.682078393210E-13
AR GRAC 2024 06 19 03 36  0.000000 2  -1.163178667968E-11 -5.764991348883E-12
AR GRAC 2024 06 19 03 36 10.000000 2  -1.199552263076E-11 -1.117709223786E-11
AR GRAC 2024 06 19 03 36 20.000000 2  -1.207819521482E-11  6.174206111653E-12
AR GRAC 2024 06 19 03 36 30.000000 2  -1.286779537091E-11  1.271670529296E-11
AR GRAC 2024 06 19 03 36 40.000000 2  -9.425797815876E-12  9.088903241139E-12
AR GRAC 2024 06 19 03 36 50.000000 2  -8.930411098118E-12  1.620809909897E-11
AR GRAC 2024 06 19 03 37  0.000000 2  -1.194292061080E-11 -4.017706740217E-12
AR GRAC 2024 06 19 03 37 10.000000 2  -1.080286901600E-11  6.516388990907E-12
AR GRAC 2024 06 19 03 37 20.000000 2  -1.349898751807E-11 -6.267204637200E-13
AR GRAC 2024 06 19 03 37 30.000000 2  -8.496368539279E-12  3.921728122368E-13
AR GRAC 2024 06 19 03 37 40.000000 2  -1.059360411892E-11  1.550136581596E-11
AR GRAC 2024 06 19 03 37 50.000000 2  -8.626226469244E-12  8.555538547582E-13
AR GRAC 2024 06 19 03 38  0.000000 2  -9.263152744854E-12 -1.483656838878E-12
AR GRAC 2024 06 19 03 38 10.000000 2  -1.096193621986E-11  1.638073184040E-11
AR GRAC 2024 06 19 03 38 20.000000 2  -1.148893046671E-11  4.680119139455E-12
AR GRAC 2024 06 19 03 38 30.000000 2  -7.508272649448E-12  8.757107018698E-12
AR GRAC 2024 06 19 03 38 40.000000 2  -6.556961137244E-12  5.384091176369E-12
AR GRAC 2024 06 19 03 38 50.000000 2  -7.795890669127E-12 -5.359521854098E-12
AR GRAC 2024 06 19 03 39  0.000000 2  -1.149507919407E-11 -6.686040176368E-12
AR GRAC 2024 06 19 03 39 10.000000 2  -1.051587636414E-11  7.188442549544E-12
AR GRAC 2024 06 19 03 39 20.000000 2  -8.144200591698E-12  1.680252638414E-11
AR GRAC 2024 06 19 03 39 30.000000 2  -7.418900563327E-12 -4.305293968554E-12
AR GRAC 2024 06 19 03 39 40.000000 2  -7.033497048670E-12  1.315868681379E-11
AR GRAC 2024 06 19 03 39 50.000000 2  -7.164974776680E-12  6.504655212895E-13
AR GRAC 2024 06 19 03 40  0.000000 2  -6.909025868779E-12  6.878743234739E-12
AR GRAC 2024 06 19 03 40 10.000000 2  -1.246554682394E-11 -2.481380118741E-12
AR GRAC 2024 06 19 03 40 20.000000 2  -4.378486288814E-12  8.513395717558E-12
AR GRAC 2024 06 19 03 40 30.000000 2  -3.907212661053E-12  2.716671288969E-12
AR GRAC 2024 06 19 03 40 40.000000 2  -8.309473768786E-12  9.314045194830E-12
AR GRAC 2024 06 19 03 40 50.000000 2  -5.733246342954E-12  6.944718237978E-12
AR GRAC 2024 06 19 03 41  0.000000 2  -6.724455194063E-12  7.604789194204E-12
AR GRAC 2024 06 19 03 41 10.000000 2  -9.434261531716E-12  1.594965999552E-11
AR GRAC 2024 06 19 03 41 20.000000 2  -4.744476513052E-12  1.161831806977E-12
AR GRAC 2024 06 19 03 41 30.000000 2  -6.174289378380E-12  8.511202159722E-12
AR GRAC 2024 06 19 03 41 40.000000 2  -6.577659424079E-12  2.097276692592E-11
AR GRAC 2024 06 19 03 41 50.000000 2  -4.164030665416E-12  5.379439081687E-12
AR GRAC 2024 06 19 03 42  0.000000 2  -9.065699579924E-12  4.751404998615E-12
AR GRAC 2024 06 19 03 42 10.000000 2  -6.220079572933E-12  1.546566867627E-11
AR GRAC 2024 06 19 03 42 20.000000 2  -3.909299533394E-12  1.144653295759E-11
AR GRAC 2024 06 19 03 42 30.000000 2  -7.844063940055E-12  6.719198114569E-12
AR GRAC 2024 06 19 03 42 40.000000 2  -5.475481613254E-12  6.960429293075E-15
AR GRAC 2024 06 19 03 42 50.000000 2  -5.172390727531E-12  1.257802282467E-11
AR GRAC 2024 06 19 03 43  0.000000 2  -3.639758199697E-12  2.316568291361E-11
AR GRAC 2024 06 19 03 43 10.000000 2  -4.407868167688E-12  1.339243820009E-12
AR GRAC 2024 06 19 03 43 20.000000 2  -3.325507187332E-12  2.058890384571E-11
AR GRAC 2024 06 19 03 43 30.000000 2  -5.300878659631E-12  1.299306148783E-11
AR GRAC 2024 06 19 03 43 40.000000 2  -8.158726298724E-12  2.170631903387E-11
AR GRAC 2024 06 19 03 43 50.000000 2  -6.128859572629E-12  8.578775710644E-12
AR GRAC 2024 06 19 03 44  0.000000 2  -4.786940809021E-12  1.298792844107E-11
AR GRAC 2024 06 19 03 44 10.000000 2  -4.856841057804E-12  1.540738196748E-11
AR GRAC 2024 06 19 03 44 20.000000 2  -2.998671406670E-12  9.712737558676E-12
AR GRAC 2024 06 19 03 44 30.000000 2  -5.646799434295E-12  2.522758911494E-11
AR GRAC 2024 06 19 03 44 40.000000 2  -2.864897988980E-12  2.387441589910E-12
AR GRAC 2024 06 19 03 44 50.000000 2  -2.028437097110E-12  9.514389276433E-12
AR GRAC 2024 06 19 03 45  0.000000 2  -1.828089762901E-12  2.735553970845E-11
AR GRAC 2024 06 19 03 45 10.000000 2  -1.705823633388E-12  1.351628965002E-11
AR GRAC 2024 06 19 03 45 20.000000 2  -5.185157858634E-12  1.143303594159E-11
AR GRAC 2024 06 19 03 45 30.000000 2  -2.187857967711E-12  9.699282176034E-12
AR GRAC 2024 06 19 03 45 40.000000 2  -5.931918910067E-13  2.010662990271E-11
AR GRAC 2024 06 19 03 45 50.000000 2  -2.273889843779E-12  1.124047382950E-11
AR GRAC 2024 06 19 03 46  0.000000 2  -4.559275700033E-12  3.191361064303E-11
AR GRAC 2024 06 19 03 46 10.000000 2  -1.811121131540E-12 -1.233839527943E-12
AR GRAC 2024 06 19 03 46 20.000000 2  -3.153742241316E-12  2.199440282680E-11
AR GRAC 2024 06 19 03 46 30.000000 2  -1.175295104294E-12  1.931754235740E-11
AR GRAC 2024 06 19 03 46 40.000000 2   3.394320143967E-13  8.712883713125E-12
AR GRAC 2024 06 19 03 46 50.000000 2  -1.230395776583E-12  3.472741885724E-11
AR GRAC 2024 06 19 03 47  0.000000 2   2.036686384864E-13  2.917559856902E-12
AR GRAC 2024 06 19 03 47 10.000000 2  -1.804852166158E-12  3.417189448074E-11
AR GRAC 2024 06 19 03 47 20.000000 2  -1.535221711042E-12  1.672073417225E-11
AR GRAC 2024 06 19 03 47 30.000000 2  -3.387334033059E-12  2.667506840415E-11
AR GRAC 2024 06 19 03 47 40.000000 2   1.771609660188E-12  9.115003023197E-12
AR GRAC 2024 06 19 03 47 50.000000 2  -2.352447880591E-12  2.759763251259E-11
AR GRAC 2024 06 19 03 48  0.000000 2   7.223490468972E-13  1.943246778768E-11
AR GRAC 2024 06 19 03 48 10.000000 2   1.659410131007E-12  2.652709822637E-11
AR GRAC 2024 06 19 03 48 20.000000 2  -2.744615786813E-13  2.335383275653E-11
AR GRAC 2024 06 19 03 48 30.000000 2  -1.802808770324E-12  2.351195974026E-11
AR GRAC 2024 06 19 03 48 40.000000 2   1.006972500175E-12  2.148298552940E-11
AR GRAC 2024 06 19 03 48 50.000000 2  -2.599110434254E-13  2.612241672972E-11
AR GRAC 2024 06 19 03 49  0.000000 2  -3.306400075606E-12  2.146714229989E-11
AR GRAC 2024 06 19 03 49 10.000000 2   2.102053990941E-12  2.593836777309E-11
AR GRAC 2024 06 19 03 49 20.000000 2   2.341467297828E-12  1.389019281539E-11
AR GRAC 2024 06 19 03 49 30.000000 2   1.506581209614E-12  2.375461806425E-11
AR GRAC 2024 06 19 03 49 40.000000 2  -4.542124597447E-13  2.596233818208E-11
AR GRAC 2024 06 19 03 49 50.000000 2   1.631442783602E-13  2.473906149381E-11
