 2.00 C RINEX VERSION / TYPE
 10.00 INTERVAL
 1 AR # / TYPES OF DATA
 END OF HEADER
AR GRAC 2024 06 18 01 50  0.000000 2   1.721974819680E-11  2.193597213596E-11
AR GRAC 2024 06 18 01 50 10.000000 2   1.085322803851E-11  3.692926173193E-12
AR GRAC 2024 06 18 01 50 20.000000 2   1.080602447801E-11  2.098987823829E-11
AR GRAC 2024 06 18 01 50 30.000000 2   1.071345095971E-11  2.168682768089E-11
AR GRAC 2024 06 18 01 50 40.000000 2   1.293019337434E-11 -6.706223250330E-12
AR GRAC 2024 06 18 01 50 50.000000 2   1.052564806148E-11  2.825071947210E-11
AR GRAC 2024 06 18 01 51  0.000000 2   1.636810825767E-11  4.407662169276E-12
AR GRAC 2024 06 18 01 51 10.000000 2   9.726980505775E-12  5.804602458415E-12
AR GRAC 2024 06 18 01 51 20.000000 2   1.356880059700E-11  7.211541259988E-12
AR GRAC 2024 06 18 01 51 30.000000 2   7.962597595168E-12  5.948476086703E-12
AR GRAC 2024 06 18 01 51 40.000000 2   1.334242091811E-11  1.144540972414E-11
AR GRAC 2024 06 18 01 51 50.000000 2   1.299861693976E-11  6.012341232514E-12
AR GRAC 2024 06 18 01 52  0.000000 2   1.296775794385E-11  1.892699457448E-13
AR GRAC 2024 06 18 01 52 10.000000 2   9.123269847922E-12  1.076619522700E-11
AR GRAC 2024 06 18 01 52 20.000000 2   9.230257183579E-12 -8.687974927153E-14
AR GRAC 2024 06 18 01 52 30.000000 2   1.156323908152E-11  1.449004197879E-11
AR GRAC 2024 06 18 01 52 40.000000 2   9.851788655701E-12  4.569619964541E-13
AR GRAC 2024 06 18 01 52 50.000000 2   8.155419048417E-12  1.803387994492E-11
AR GRAC 2024 06 18 01 53  0.000000 2   9.566655627402E-12  6.970793733907E-12
AR GRAC 2024 06 18 01 53 10.000000 2   8.541196395984E-12  9.527706748558E-12
AR GRAC 2024 06 18 01 53 20.000000 2   1.154716253171E-11 -1.269538380672E-11
AR GRAC 2024 06 18 01 53 30.000000 2   5.847467041825E-12  1.414152388940E-11
AR GRAC 2024 06 18 01 53 40.000000 2   7.714733366027E-12  1.284317297694E-13
AR GRAC 2024 06 18 01 53 50.000000 2   8.147602384434E-12  8.275335278141E-12
AR GRAC 2024 06 18 01 54  0.000000 2   3.957510100877E-12  1.862223743265E-11
AR GRAC 2024 06 18 01 54 10.000000 2   6.830021357512E-12 -8.408640537333E-13
AR GRAC 2024 06 18 01 54 20.000000 2   6.048730526870E-12  2.095603204855E-11
AR GRAC 2024 06 18 01 54 30.000000 2   5.921712339235E-12  5.932925591784E-12
AR GRAC 2024 06 18 01 54 40.000000 2   7.552135999900E-12 -2.410181429435E-12
AR GRAC 2024 06 18 01 54 50.000000 2   1.588140426459E-12  1.126670718526E-11
AR GRAC 2024 06 18 01 55  0.000000 2   5.424321582181E-12  4.223594998048E-12
AR GRAC 2024 06 18 01 55 10.000000 2   6.314251638911E-12 -3.329521337456E-12
AR GRAC 2024 06 18 01 55 20.000000 2   1.567241779063E-12 -1.102637729386E-12
AR GRAC 2024 06 18 01 55 30.000000 2   6.008844029987E-12  1.178424371973E-11
AR GRAC 2024 06 18 01 55 40.000000 2   4.247255758899E-12  9.291121691457E-12
AR GRAC 2024 06 18 01 55 50.000000 2   4.109407258923E-12 -1.572001860281E-12
AR GRAC 2024 06 18 01 56  0.000000 2   2.534756042213E-12  4.404870999203E-12
AR GRAC 2024 06 18 01 56 10.000000 2   3.414214223840E-12 -2.918255914697E-12
AR GRAC 2024 06 18 01 56 20.000000 2   2.863733555847E-12  3.218612442540E-12
AR GRAC 2024 06 18 01 56 30.000000 2   2.327945778854E-12  9.825478104741E-12
AR GRAC 2024 06 18 01 56 40.000000 2   1.420631461860E-13 -5.497657884490E-12
AR GRAC 2024 06 18 01 56 50.000000 2   5.776063221469E-12  3.689204323976E-12
AR GRAC 2024 06 18 01 57  0.000000 2  -1.426895846488E-13 -1.377393425012E-11
AR GRAC 2024 06 18 01 57 10.000000 2   9.581583166858E-14  1.071292186905E-11
AR GRAC 2024 06 18 01 57 20.000000 2   1.809507621867E-12 -7.060220463817E-12
AR GRAC 2024 06 18 01 57 30.000000 2   2.443379049435E-12  2.312663081872E-11
AR GRAC 2024 06 18 01 57 40.000000 2  -5.745854096337E-13  1.600348152608E-11
AR GRAC 2024 06 18 01 57 50.000000 2  -6.106499312285E-13 -1.436967211887E-11
AR GRAC 2024 06 18 01 58  0.000000 2  -3.532343254703E-12  1.369717533839E-11
AR GRAC 2024 06 18 01 58 10.000000 2  -1.775159880202E-12 -1.199597973039E-11
AR GRAC 2024 06 18 01 58 20.000000 2  -1.658912373789E-12  2.710861049526E-12
AR GRAC 2024 06 18 01 58 30.000000 2  -3.527788412956E-13  7.577012476646E-13
AR GRAC 2024 06 18 01 58 40.000000 2   2.958900553502E-14 -1.073546373326E-11
AR GRAC 2024 06 18 01 58 50.000000 2  -2.828377939842E-12  2.781370186250E-12
AR GRAC 2024 06 18 01 59  0.000000 2  -2.392859131325E-12 -2.339179544508E-11
AR GRAC 2024 06 18 01 59 10.000000 2   5.723646925339E-13 -5.734966754961E-12
AR GRAC 2024 06 18 01 59 20.000000 2  -1.319026946044E-13  6.421860439254E-12
AR GRAC 2024 06 18 01 59 30.000000 2  -7.362095308383E-12 -7.521314300540E-12
AR GRAC 2024 06 18 01 59 40.000000 2   4.834872086024E-12 -1.444448900767E-11
AR GRAC 2024 06 18 01 59 50.000000 2  -4.950051219615E-12 -3.217670704533E-12
AR GRAC 2024 06 18 02 00  0.000000 2  -5.520352838045E-12 -2.690850797391E-12
AR GRAC 2024 06 18 02 00 10.000000 2  -5.124712286475E-12 -2.824034409099E-12
AR GRAC 2024 06 18 02 00 20.000000 2  -4.527489928102E-12  2.612779133673E-12
AR GRAC 2024 06 18 02 00 30.000000 2  -1.871104833573E-12 -1.961041051768E-11
AR GRAC 2024 06 18 02 00 40.000000 2  -3.676803219527E-12  5.639956343205E-14
AR GRAC 2024 06 18 02 00 50.000000 2  -3.451672541538E-12 -8.736793406794E-12
AR GRAC 2024 06 18 02 01  0.000000 2  -2.578428356242E-12  1.860011276944E-12
AR GRAC 2024 06 18 02 01 10.000000 2  -7.300840487723E-12 -2.137318794171E-11
AR GRAC 2024 06 18 02 01 20.000000 2  -8.247144286933E-12 -4.426385907114E-12
AR GRAC 2024 06 18 02 01 30.000000 2  -2.837260591401E-12 -1.175958896232E-11
AR GRAC 2024 06 18 02 01 40.000000 2  -4.800627343565E-12 -3.432793112268E-12
AR GRAC 2024 06 18 02 01 50.000000 2  -9.207578276216E-12 -1.802600083090E-11
AR GRAC 2024 06 18 02 02  0.000000 2  -1.075998751904E-11 -7.619207348375E-12
AR GRAC 2024 06 18 02 02 10.000000 2  -8.189753562815E-12 -9.602419553945E-12
AR GRAC 2024 06 18 02 02 20.000000 2  -6.087813413103E-12 -6.585635682621E-12
AR GRAC 2024 06 18 02 02 30.000000 2  -8.180255084422E-12 -8.148850517975E-12
AR GRAC 2024 06 18 02 02 40.000000 2  -9.403687897813E-12 -1.927206658148E-11
AR GRAC 2024 06 18 02 02 50.000000 2  -1.057914606611E-11 -1.485528887402E-11
AR GRAC 2024 06 18 02 03  0.000000 2  -9.579589725639E-12 -1.851851137713E-11
AR GRAC 2024 06 18 02 03 10.000000 2  -8.941517665173E-12 -1.518173607662E-11
AR GRAC 2024 06 18 02 03 20.000000 2  -6.086550100731E-12 -1.271496449795E-11
AR GRAC 2024 06 18 02 03 30.000000 2  -1.240176971534E-11 -1.825819530288E-11
AR GRAC 2024 06 18 02 03 40.000000 2  -1.025832023493E-11 -2.160142897889E-11
AR GRAC 2024 06 18 02 03 50.000000 2  -1.077178190395E-11 -1.085466265482E-11
AR GRAC 2024 06 18 02 04  0.000000 2  -1.108380054404E-11 -1.527789700306E-11
AR GRAC 2024 06 18 02 04 10.000000 2  -1.247441906715E-11 -1.769113848471E-11
AR GRAC 2024 06 18 02 04 20.000000 2  -9.784637509946E-12 -2.261437911932E-11
AR GRAC 2024 06 18 02 04 30.000000 2  -9.695250678676E-12 -1.741762463425E-11
AR GRAC 2024 06 18 02 04 40.000000 2  -7.743804729399E-12 -1.848086614298E-11
AR GRAC 2024 06 18 02 04 50.000000 2  -9.595157134112E-12 -1.562411831857E-11
AR GRAC 2024 06 18 02 05  0.000000 2  -1.236883078598E-11 -1.384736509485E-11
AR GRAC 2024 06 18 02 05 10.000000 2  -1.111577409979E-11 -1.386061751485E-11
AR GRAC 2024 06 18 02 05 20.000000 2  -1.338208450302E-11 -5.333874401187E-12
AR GRAC 2024 06 18 02 05 30.000000 2  -1.329432917918E-11 -2.794713592491E-11
AR GRAC 2024 06 18 02 05 40.000000 2  -1.110294495232E-11 -2.169039253763E-11
AR GRAC 2024 06 18 02 05 50.000000 2  -1.016707898427E-11 -2.221365452693E-11
AR GRAC 2024 06 18 02 06  0.000000 2  -1.129678642298E-11 -2.655691985765E-11
AR GRAC 2024 06 18 02 06 10.000000 2  -8.747847932145E-12 -9.630182935816E-12
AR GRAC 2024 06 18 02 06 20.000000 2  -1.364702795215E-11 -2.848345691253E-11
AR GRAC 2024 06 18 02 06 30.000000 2  -1.046234453239E-11 -1.693672459224E-11
AR GRAC 2024 06 18 02 06 40.000000 2  -1.193500593494E-11 -1.545999786523E-11
AR GRAC 2024 06 18 02 06 50.000000 2  -1.163548337541E-11 -1.925327432206E-11
AR GRAC 2024 06 18 02 07  0.000000 2  -1.239353845245E-11 -9.596552719149E-12
AR GRAC 2024 06 18 02 07 10.000000 2  -1.188763584098E-11 -2.164983296804E-11
AR GRAC 2024 06 18 02 07 20.000000 2  -9.137155441985E-12 -2.439311599933E-11
AR GRAC 2024 06 18 02 07 30.000000 2  -1.206795687686E-11 -2.145640089213E-11
AR GRAC 2024 06 18 02 07 40.000000 2  -1.249106894308E-11 -2.811968713434E-11
AR GRAC 2024 06 18 02 07 50.000000 2  -8.136248619284E-12 -2.905298224221E-11
AR GRAC 2024 06 18 02 08  0.000000 2  -1.460344345450E-11 -2.292626852252E-11
AR GRAC 2024 06 18 02 08 10.000000 2  -1.187291150812E-11 -1.748956361680E-11
AR GRAC 2024 06 18 02 08 20.000000 2  -1.351774334829E-11 -2.303285860650E-11
AR GRAC 2024 06 18 02 08 30.000000 2  -1.534776472578E-11 -1.747615940850E-11
AR GRAC 2024 06 18 02 08 40.000000 2  -7.298476059625E-12 -1.798945888087E-11
AR GRAC 2024 06 18 02 08 50.000000 2  -1.446568819591E-11 -3.154276839723E-11
AR GRAC 2024 06 18 02 09  0.000000 2  -1.475517451277E-11 -2.234606943929E-11
AR GRAC 2024 06 18 02 09 10.000000 2  -1.199366734400E-11 -2.770937819474E-11
AR GRAC 2024 06 18 02 09 20.000000 2  -1.163277633942E-11 -2.680268680610E-11
AR GRAC 2024 06 18 02 09 30.000000 2  -1.251026192362E-11 -2.517599670404E-11
AR GRAC 2024 06 18 02 09 40.000000 2  -1.459182254193E-11 -2.593931493211E-11
AR GRAC 2024 06 18 02 09 50.000000 2  -1.237288483474E-11 -3.182263133561E-11
AR GRAC 2024 06 18 02 10  0.000000 2  -1.735970742156E-11 -8.225952037588E-12
AR GRAC 2024 06 18 02 10 10.000000 2  -1.690411179089E-11 -3.453927768793E-11
AR GRAC 2024 06 18 02 10 20.000000 2  -1.169555251257E-11 -1.093259684171E-11
AR GRAC 2024 06 18 02 10 30.000000 2  -1.469435510770E-11 -2.807592526521E-11
AR GRAC 2024 06 18 02 10 40.000000 2  -1.394726781984E-11 -3.092925568438E-11
AR GRAC 2024 06 18 02 10 50.000000 2  -1.326762224391E-11 -1.227258225600E-11
AR GRAC 2024 06 18 02 11  0.000000 2  -1.444901837067E-11 -2.392591853806E-11
AR GRAC 2024 06 18 02 11 10.000000 2  -1.477933574134E-11 -1.552924976111E-11
AR GRAC 2024 06 18 02 11 20.000000 2  -1.560523585353E-11 -2.829258702319E-11
AR GRAC 2024 06 18 02 11 30.000000 2  -1.388527921115E-11 -2.454593125978E-11
AR GRAC 2024 06 18 02 11 40.000000 2  -1.680296873863E-11 -1.463927416789E-11
AR GRAC 2024 06 18 02 11 50.000000 2  -1.420995265899E-11 -2.304261469133E-11
AR GRAC 2024 06 18 02 12  0.000000 2  -1.381805780909E-11 -2.683596400654E-11
AR GRAC 2024 06 18 02 12 10.000000 2  -1.668848739755E-11 -2.212931053680E-11
AR GRAC 2024 06 18 02 12 20.000000 2  -1.297785576920E-11 -3.186266528399E-11
AR GRAC 2024 06 18 02 12 30.000000 2  -1.695018257697E-11 -2.191601587709E-11
AR GRAC 2024 06 18 02 12 40.000000 2  -1.602460872330E-11 -1.971937543810E-11
AR GRAC 2024 06 18 02 12 50.000000 2  -1.655299682046E-11 -1.894273453373E-11
AR GRAC 2024 06 18 02 13  0.000000 2  -1.570605277779E-11 -2.224609559065E-11
AR GRAC 2024 06 18 02 13 10.000000 2  -1.432938403351E-11 -1.478945958755E-11
AR GRAC 2024 06 18 02 13 20.000000 2  -1.010882523522E-11 -2.545282561106E-11
AR GRAC 2024 06 18 02 13 30.000000 2  -1.261131477026E-11 -1.689618930878E-11
AR GRAC 2024 06 18 02 13 40.000000 2  -1.281489237642E-11 -2.164955714701E-11
AR GRAC 2024 06 18 02 13 50.000000 2  -1.280322375896E-11 -2.290293475704E-11
AR GRAC 2024 06 18 02 14  0.000000 2  -1.794616365236E-11 -3.229630798907E-11
AR GRAC 2024 06 18 02 14 10.000000 2  -1.529772315767E-11 -1.345968302091E-11
AR GRAC 2024 06 18 02 14 20.000000 2  -1.439001175163E-11 -1.750306323489E-11
AR GRAC 2024 06 18 02 14 30.000000 2  -1.528830534392E-11 -2.293644441043E-11
AR GRAC 2024 06 18 02 14 40.000000 2  -1.056096095992E-11 -2.340982789562E-11
AR GRAC 2024 06 18 02 14 50.000000 2  -1.817804760884E-11 -1.178321416134E-11
AR GRAC 2024 06 18 02 15  0.000000 2  -1.414356392421E-11 -3.262660627779E-11
AR GRAC 2024 06 18 02 15 10.000000 2  -1.318016095569E-11 -2.420999685449E-11
AR GRAC 2024 06 18 02 15 20.000000 2  -1.513602958247E-11 -2.006339018534E-11
AR GRAC 2024 06 18 02 15 30.000000 2  -8.752238517262E-12 -5.306782790981E-12
AR GRAC 2024 06 18 02 15 40.000000 2  -1.910335951927E-11 -3.170018067489E-11
AR GRAC 2024 06 18 02 15 50.000000 2  -1.305085033099E-11 -3.276358351290E-11
AR GRAC 2024 06 18 02 16  0.000000 2  -1.828312501395E-11 -2.885698277555E-11
AR GRAC 2024 06 18 02 16 10.000000 2  -1.525806217484E-11 -1.480038487600E-11
AR GRAC 2024 06 18 02 16 20.000000 2  -1.192562801983E-11 -1.326379370920E-11
AR GRAC 2024 06 18 02 16 30.000000 2  -1.511134793686E-11 -3.321720676297E-11
AR GRAC 2024 06 18 02 16 40.000000 2  -1.654880572854E-11 -2.164061464749E-11
AR GRAC 2024 06 18 02 16 50.000000 2  -1.206810606308E-11 -2.094402776209E-11
AR GRAC 2024 06 18 02 17  0.000000 2  -2.097333591522E-11 -2.545744517968E-11
AR GRAC 2024 06 18 02 17 10.000000 2  -1.097572206732E-11 -1.072086169840E-11
AR GRAC 2024 06 18 02 17 20.000000 2  -1.249434149891E-11 -3.178428700790E-11
AR GRAC 2024 06 18 02 17 30.000000 2  -1.116640026971E-11 -2.765770772128E-11
AR GRAC 2024 06 18 02 17 40.000000 2  -1.370628957553E-11 -2.013113113708E-11
AR GRAC 2024 06 18 02 17 50.000000 2  -1.589315658246E-11 -2.423456227363E-11
AR GRAC 2024 06 18 02 18  0.000000 2  -1.374085047134E-11 -2.043798810747E-11
AR GRAC 2024 06 18 02 18 10.000000 2  -1.126141801339E-11 -2.461142227517E-11
AR GRAC 2024 06 18 02 18 20.000000 2  -1.476117665600E-11 -2.831485913790E-11
AR GRAC 2024 06 18 02 18 30.000000 2  -1.288305139652E-11 -1.117829179914E-11
AR GRAC 2024 06 18 02 18 40.000000 2  -1.275412241097E-11 -3.713173171715E-11
AR GRAC 2024 06 18 02 18 50.000000 2  -1.708847473247E-11 -3.432517464708E-11
AR GRAC 2024 06 18 02 19  0.000000 2  -8.343660831689E-12 -1.314861761137E-11
AR GRAC 2024 06 18 02 19 10.000000 2  -9.381015061982E-12 -2.092206442816E-11
AR GRAC 2024 06 18 02 19 20.000000 2  -1.763002938082E-11 -3.087551048164E-11
AR GRAC 2024 06 18 02 19 30.000000 2  -1.341295911145E-11 -1.272895937959E-11
AR GRAC 2024 06 18 02 19 40.000000 2  -1.046129762677E-11 -2.220241178408E-11
AR GRAC 2024 06 18 02 19 50.000000 2  -1.278267075522E-11 -2.296586879003E-11
AR GRAC 2024 06 18 02 20  0.000000 2  -1.128860633443E-11 -2.953932584648E-11
AR GRAC 2024 06 18 02 20 10.000000 2  -9.513214001278E-12 -2.506278518055E-11
AR GRAC 2024 06 18 02 20 20.000000 2  -1.218727896379E-11 -5.886248086173E-12
AR GRAC 2024 06 18 02 20 30.000000 2  -7.427104070645E-12 -3.412971641414E-11
AR GRAC 2024 06 18 02 20 40.000000 2  -1.123153479943E-11 -3.433317866119E-11
AR GRAC 2024 06 18 02 20 50.000000 2  -6.238642415168E-12 -1.603664596950E-11
AR GRAC 2024 06 18 02 21  0.000000 2  -1.265247889098E-11 -1.105011915303E-11
AR GRAC 2024 06 18 02 21 10.000000 2  -1.010742704810E-11 -8.973594436967E-12
AR GRAC 2024 06 18 02 21 20.000000 2  -6.523763734084E-12 -3.074707155548E-11
AR GRAC 2024 06 18 02 21 30.000000 2  -1.422207403928E-11  8.889454276850E-12
AR GRAC 2024 06 18 02 21 40.000000 2  -8.094466937003E-12 -2.649402745802E-11
AR GRAC 2024 06 18 02 21 50.000000 2  -1.495787868566E-11 -1.344751046628E-11
AR GRAC 2024 06 18 02 22  0.000000 2  -6.418770029382E-12 -1.928099520321E-11
AR GRAC 2024 06 18 02 22 10.000000 2  -1.005265922588E-11 -1.337448034266E-11
AR GRAC 2024 06 18 02 22 20.000000 2  -7.737788708384E-12 -1.437797190335E-11
AR GRAC 2024 06 18 02 22 30.000000 2  -7.231117614415E-12 -1.156146445941E-11
AR GRAC 2024 06 18 02 22 40.000000 2  -9.953230947768E-12 -2.103495676253E-11
AR GRAC 2024 06 18 02 22 50.000000 2  -9.664133208964E-12  2.391546162495E-12
AR GRAC 2024 06 18 02 23  0.000000 2  -1.080919208307E-11 -1.843195214513E-11
AR GRAC 2024 06 18 02 23 10.000000 2  -6.660168076766E-12  3.264546402301E-12
AR GRAC 2024 06 18 02 23 20.000000 2  -8.848722969634E-12 -2.604895639469E-11
AR GRAC 2024 06 18 02 23 30.000000 2  -1.322805406878E-11 -7.012462659162E-12
AR GRAC 2024 06 18 02 23 40.000000 2  -5.696422500368E-12 -2.219597075581E-11
AR GRAC 2024 06 18 02 23 50.000000 2  -7.049381477858E-12 -1.179947979602E-11
AR GRAC 2024 06 18 02 24  0.000000 2  -5.736838521592E-12 -1.332299114781E-11
AR GRAC 2024 06 18 02 24 10.000000 2  -9.408294456004E-12 -3.656506954858E-12
AR GRAC 2024 06 18 02 24 20.000000 2  -1.003509428332E-11 -2.073002533520E-11
AR GRAC 2024 06 18 02 24 30.000000 2  -7.633192689038E-12 -7.813542347856E-12
AR GRAC 2024 06 18 02 24 40.000000 2  -6.476571449282E-12 -2.494706524692E-11
AR GRAC 2024 06 18 02 24 50.000000 2  -1.362136358568E-11  5.909410114024E-12
AR GRAC 2024 06 18 02 25  0.000000 2  -9.499089882736E-12 -2.006411703448E-11
AR GRAC 2024 06 18 02 25 10.000000 2  -2.612693481702E-12 -4.667645176620E-12
AR GRAC 2024 06 18 02 25 20.000000 2  -8.452150437877E-12 -1.194117634634E-11
AR GRAC 2024 06 18 02 25 30.000000 2  -8.841621879085E-12  3.325289479536E-12
AR GRAC 2024 06 18 02 25 40.000000 2  -5.491242009714E-12 -7.568244642098E-12
AR GRAC 2024 06 18 02 25 50.000000 2  -5.177572346554E-12 -1.535178061063E-11
AR GRAC 2024 06 18 02 26  0.000000 2  -8.459063310928E-12 -1.391532375439E-11
AR GRAC 2024 06 18 02 26 10.000000 2  -6.245565696561E-12 -9.188867548804E-12
AR GRAC 2024 06 18 02 26 20.000000 2  -1.039126510533E-11  9.437589598704E-12
AR GRAC 2024 06 18 02 26 30.000000 2  -6.969421567637E-12 -8.675958389215E-12
AR GRAC 2024 06 18 02 26 40.000000 2  -6.425327717802E-12 -1.056950620776E-11
AR GRAC 2024 06 18 02 26 50.000000 2  -7.431775680966E-12  2.527694026311E-11
AR GRAC 2024 06 18 02 27  0.000000 2  -7.867363878422E-12 -1.865661271305E-11
AR GRAC 2024 06 18 02 27 10.000000 2  -5.471863413764E-12  3.569831062700E-12
AR GRAC 2024 06 18 02 27 20.000000 2  -7.180924257999E-12 -2.113727595732E-12
AR GRAC 2024 06 18 02 27 30.000000 2  -5.395797957747E-12  2.362711588877E-12
AR GRAC 2024 06 18 02 27 40.000000 2  -6.084495754455E-12 -5.700849948359E-12
AR GRAC 2024 06 18 02 27 50.000000 2  -4.259966077808E-12 -1.370441867626E-11
AR GRAC 2024 06 18 02 28  0.000000 2  -6.001317932186E-12 -1.557984318813E-12
AR GRAC 2024 06 18 02 28 10.000000 2  -6.340001874189E-12  8.284460357305E-13
AR GRAC 2024 06 18 02 28 20.000000 2  -5.859629621796E-12 -1.114512648837E-11
AR GRAC 2024 06 18 02 28 30.000000 2  -4.990753036532E-12  1.130129930610E-11
AR GRAC 2024 06 18 02 28 40.000000 2  -2.256538489051E-12 -8.402279740027E-12
AR GRAC 2024 06 18 02 28 50.000000 2  -2.801320373585E-12 -8.758577088423E-13
AR GRAC 2024 06 18 02 29  0.000000 2  -3.551426297141E-12 -4.209437919761E-12
AR GRAC 2024 06 18 02 29 10.000000 2  -5.353469403890E-12  1.242697698217E-11
AR GRAC 2024 06 18 02 29 20.000000 2  -7.167986365055E-13 -5.196608768299E-12
AR GRAC 2024 06 18 02 29 30.000000 2  -4.084073790961E-12  5.639802427154E-12
AR GRAC 2024 06 18 02 29 40.000000 2   4.960620456074E-12  1.467621163487E-11
AR GRAC 2024 06 18 02 29 50.000000 2  -4.137224850903E-12 -1.211738175078E-11
AR GRAC 2024 06 18 02 30  0.000000 2  -4.537212619504E-12  8.769022834254E-12
AR GRAC 2024 06 18 02 30 10.000000 2   3.231660815686E-13  2.021542482022E-11
AR GRAC 2024 06 18 02 30 20.000000 2   1.074880852728E-12  9.871826446572E-12
AR GRAC 2024 06 18 02 30 30.000000 2  -4.493407382289E-12 -1.172177545999E-11
AR GRAC 2024 06 18 02 30 40.000000 2  -3.577539089625E-12  1.518461918704E-11
AR GRAC 2024 06 18 02 30 50.000000 2  -9.252936958304E-13 -1.060899024879E-11
AR GRAC 2024 06 18 02 31  0.000000 2  -2.746578138535E-12  1.959740356106E-11
AR GRAC 2024 06 18 02 31 10.000000 2  -2.574978262299E-13  1.162379133918E-11
AR GRAC 2024 06 18 02 31 20.000000 2   1.255494297935E-12  1.970017898811E-11
AR GRAC 2024 06 18 02 31 30.000000 2   9.485717333141E-13 -1.434374673074E-13
AR GRAC 2024 06 18 02 31 40.000000 2  -1.028361965895E-12  2.402294335679E-11
AR GRAC 2024 06 18 02 31 50.000000 2  -8.874990586188E-13  4.893227207974E-13
AR GRAC 2024 06 18 02 32  0.000000 2  -1.321046001540E-13  1.748570038762E-11
AR GRAC 2024 06 18 02 32 10.000000 2  -2.681646788308E-12  1.216207429905E-11
AR GRAC 2024 06 18 02 32 20.000000 2  -1.897728068440E-12  1.472844762818E-11
AR GRAC 2024 06 18 02 32 30.000000 2   4.370212958876E-13  1.399481832504E-11
AR GRAC 2024 06 18 02 32 40.000000 2   4.310457372980E-12  8.201185390522E-12
AR GRAC 2024 06 18 02 32 50.000000 2  -1.686488947626E-13  2.660755123174E-11
AR GRAC 2024 06 18 02 33  0.000000 2   3.823893458821E-12 -3.836085095410E-12
AR GRAC 2024 06 18 02 33 10.000000 2   4.639344464152E-12  2.959027467497E-11
AR GRAC 2024 06 18 02 33 20.000000 2  -1.681324567418E-12  9.236633159715E-12
AR GRAC 2024 06 18 02 33 30.000000 2   2.691230484991E-12  9.122991424804E-12
AR GRAC 2024 06 18 02 33 40.000000 2   2.106798242807E-12  4.195934572016E-11
AR GRAC 2024 06 18 02 33 50.000000 2   2.601475458663E-12  2.035696481176E-12
AR GRAC 2024 06 18 02 34  0.000000 2   7.221995137335E-12 -1.447954169759E-12
AR GRAC 2024 06 18 02 34 10.000000 2   4.397264670442E-12  2.212839286808E-11
AR GRAC 2024 06 18 02 34 20.000000 2   6.338051177640E-12  1.496473778229E-11
AR GRAC 2024 06 18 02 34 30.000000 2  -7.561858040780E-13  1.803108010123E-11
AR GRAC 2024 06 18 02 34 40.000000 2   3.556133469293E-12  2.018742117915E-11
AR GRAC 2024 06 18 02 34 50.000000 2   2.516882752560E-12  2.090375789132E-11
AR GRAC 2024 06 18 02 35  0.000000 2   4.424444751544E-12  2.804009628654E-11
AR GRAC 2024 06 18 02 35 10.000000 2   6.276013129330E-12  1.369642767257E-11
AR GRAC 2024 06 18 02 35 20.000000 2   3.231909531665E-12  1.623275819318E-11
AR GRAC 2024 06 18 02 35 30.000000 2   3.155797238114E-12  3.173908705301E-11
AR GRAC 2024 06 18 02 35 40.000000 2   4.834502156242E-12  3.274541401921E-11
AR GRAC 2024 06 18 02 35 50.000000 2   7.812289877507E-12  7.601738682972E-12
AR GRAC 2024 06 18 02 36  0.000000 2   4.038714241511E-12  3.098806281021E-11
AR GRAC 2024 06 18 02 36 10.000000 2  -1.202532268641E-13  2.786438094149E-11
AR GRAC 2024 06 18 02 36 20.000000 2   7.048797743409E-12  2.705069501729E-11
AR GRAC 2024 06 18 02 36 30.000000 2   6.380010235396E-12  2.384701290603E-11
AR GRAC 2024 06 18 02 36 40.000000 2   1.026098130075E-11  2.980332647340E-11
AR GRAC 2024 06 18 02 36 50.000000 2   3.852317770336E-12  1.542963500023E-11
AR GRAC 2024 06 18 02 37  0.000000 2   8.138303399241E-12  2.999594322928E-11
AR GRAC 2024 06 18 02 37 10.000000 2   6.952586076303E-12  2.437225074536E-11
AR GRAC 2024 06 18 02 37 20.000000 2   3.983826723369E-12  1.601855280364E-11
AR GRAC 2024 06 18 02 37 30.000000 2   8.189104776235E-12  3.743485382790E-11
AR GRAC 2024 06 18 02 37 40.000000 2   6.041469841761E-12  1.415115247205E-11
AR GRAC 2024 06 18 02 37 50.000000 2   7.188857582135E-12  2.993744835367E-11
AR GRAC 2024 06 18 02 38  0.000000 2   7.592793581368E-12  2.988374478430E-11
AR GRAC 2024 06 18 02 38 10.000000 2   8.403264195600E-12  3.355003427852E-11
AR GRAC 2024 06 18 02 38 20.000000 2   8.410641107182E-12  2.887632667703E-11
AR GRAC 2024 06 18 02 38 30.000000 2   1.188422797671E-11  1.207261287467E-11
AR GRAC 2024 06 18 02 38 40.000000 2   1.095851447780E-11  3.233889891985E-11
AR GRAC 2024 06 18 02 38 50.000000 2   1.130763972040E-11  3.079517890692E-11
AR GRAC 2024 06 18 02 39  0.000000 2   6.928521558563E-12  3.203146428654E-11
AR GRAC 2024 06 18 02 39 10.000000 2   9.178940593713E-12  2.592773912236E-11
AR GRAC 2024 06 18 02 39 20.000000 2   8.270823262380E-12  2.708401558582E-11
AR GRAC 2024 06 18 02 39 30.000000 2   1.314205515246E-11  3.072028742501E-11
AR GRAC 2024 06 18 02 39 40.000000 2   6.956249812284E-12  3.941656376294E-11
AR GRAC 2024 06 18 02 39 50.000000 2   1.227931385045E-11  2.338283039416E-11
AR GRAC 2024 06 18 02 40  0.000000 2   1.054432062497E-11  3.710909704524E-11
AR GRAC 2024 06 18 02 40 10.000000 2   1.158671769641E-11  2.593536149731E-11
AR GRAC 2024 06 18 02 40 20.000000 2   1.132462786740E-11  3.535162440560E-11
AR GRAC 2024 06 18 02 40 30.000000 2   9.662198992288E-12  3.383788388378E-11
AR GRAC 2024 06 18 02 40 40.000000 2   1.121776196239E-11  1.822414094632E-11
AR GRAC 2024 06 18 02 40 50.000000 2   1.418178942336E-11  4.037039799676E-11
AR GRAC 2024 06 18 02 41  0.000000 2   8.440644017060E-12  2.354664900561E-11
AR GRAC 2024 06 18 02 41 10.000000 2   7.204480501760E-12  2.602290084808E-11
AR GRAC 2024 06 18 02 41 20.000000 2   7.734202167597E-12  3.069914808473E-11
AR GRAC 2024 06 18 02 41 30.000000 2   1.490594626896E-11  3.606539372702E-11
AR GRAC 2024 06 18 02 41 40.000000 2   1.414182226184E-11  3.993163785743E-11
AR GRAC 2024 06 18 02 41 50.000000 2   1.045457123650E-11  2.316787907353E-11
AR GRAC 2024 06 18 02 42  0.000000 2   1.135312677203E-11  4.990411209271E-11
AR GRAC 2024 06 18 02 42 10.000000 2   1.225939662286E-11  2.457035616632E-11
AR GRAC 2024 06 18 02 42 20.000000 2   8.724472533306E-12  3.180658861290E-11
AR GRAC 2024 06 18 02 42 30.000000 2   1.362383556663E-11  4.840281994656E-11
AR GRAC 2024 06 18 02 42 40.000000 2   1.238533754722E-11  2.601905149668E-11
AR GRAC 2024 06 18 02 42 50.000000 2   1.093412339837E-11  3.376527876742E-11
AR GRAC 2024 06 18 02 43  0.000000 2   1.505775538979E-11  4.069150225106E-11
AR GRAC 2024 06 18 02 43 10.000000 2   9.334395235927E-12  3.389772837425E-11
AR GRAC 2024 06 18 02 43 20.000000 2   1.479045358410E-11  3.045395186030E-11
AR GRAC 2024 06 18 02 43 30.000000 2   1.313103098477E-11  3.322016620122E-11
AR GRAC 2024 06 18 02 43 40.000000 2   1.218394309055E-11  3.675638265976E-11
AR GRAC 2024 06 18 02 43 50.000000 2   1.444798447547E-11  2.695259640473E-11
AR GRAC 2024 06 18 02 44  0.000000 2   1.374654383379E-11  4.767880881773E-11
AR GRAC 2024 06 18 02 44 10.000000 2   1.218964946342E-11  2.398501709744E-11
AR GRAC 2024 06 18 02 44 20.000000 2   1.354013862837E-11  3.170122497842E-11
AR GRAC 2024 06 18 02 44 30.000000 2   1.798246621054E-11  3.381742802455E-11
AR GRAC 2024 06 18 02 44 40.000000 2   1.142988308167E-11  5.054363177992E-11
AR GRAC 2024 06 18 02 44 50.000000 2   1.799125952384E-11  3.500983183913E-11
AR GRAC 2024 06 18 02 45  0.000000 2   1.726407038161E-11  4.130602804242E-11
AR GRAC 2024 06 18 02 45 10.000000 2   1.532537118043E-11  3.468222584124E-11
AR GRAC 2024 06 18 02 45 20.000000 2   1.647323770448E-11  3.477841972743E-11
AR GRAC 2024 06 18 02 45 30.000000 2   1.465630741770E-11  4.092461092231E-11
AR GRAC 2024 06 18 02 45 40.000000 2   1.106556166142E-11  3.774079659902E-11
AR GRAC 2024 06 18 02 45 50.000000 2   1.526856939493E-11  4.032698480705E-11
AR GRAC 2024 06 18 02 46  0.000000 2   1.236812128408E-11  4.619316734678E-11
AR GRAC 2024 06 18 02 46 10.000000 2   1.404580705217E-11  4.310934942353E-11
AR GRAC 2024 06 18 02 46 20.000000 2   2.117822583969E-11  3.187552999329E-11
AR GRAC 2024 06 18 02 46 30.000000 2   1.157952813496E-11  4.103170581082E-11
AR GRAC 2024 06 18 02 46 40.000000 2   1.547634242982E-11  3.230788206410E-11
AR GRAC 2024 06 18 02 46 50.000000 2   1.975390163944E-11  3.133405340749E-11
AR GRAC 2024 06 18 02 47  0.000000 2   1.683391967489E-11  5.210021997160E-11
AR GRAC 2024 06 18 02 47 10.000000 2   1.516329423135E-11  5.415639117712E-11
AR GRAC 2024 06 18 02 47 20.000000 2   1.514764702559E-11  4.435255634982E-11
AR GRAC 2024 06 18 02 47 30.000000 2   2.211168401156E-11  3.079872121226E-11
AR GRAC 2024 06 18 02 47 40.000000 2   1.996108660307E-11  3.657488201192E-11
AR GRAC 2024 06 18 02 47 50.000000 2   1.953594057358E-11  4.441104081709E-11
AR GRAC 2024 06 18 02 48  0.000000 2   1.555142126186E-11  5.248719167628E-11
AR GRAC 2024 06 18 02 48 10.000000 2   1.644390006106E-11  4.868334901875E-11
AR GRAC 2024 06 18 02 48 20.000000 2   2.017489821038E-11  3.045950297542E-11
AR GRAC 2024 06 18 02 48 30.000000 2   2.034660634420E-11  4.108565224148E-11
AR GRAC 2024 06 18 02 48 40.000000 2   2.155267804504E-11  3.006180027132E-11
AR GRAC 2024 06 18 02 48 50.000000 2   2.320487899055E-11  3.585794161598E-11
AR GRAC 2024 06 18 02 49  0.000000 2   1.377697261828E-11  4.572408424108E-11
AR GRAC 2024 06 18 02 49 10.000000 2   1.610815821007E-11  3.936022688333E-11
AR GRAC 2024 06 18 02 49 20.000000 2   2.217061083332E-11  3.837636458615E-11
AR GRAC 2024 06 18 02 49 30.000000 2   2.213668484630E-11  3.666249942524E-11
AR GRAC 2024 06 18 02 49 40.000000 2   2.029559853511E-11  5.183863407976E-11
AR GRAC 2024 06 18 02 49 50.000000 2   2.301992624298E-11  5.031476624229E-11
AR GRAC 2024 06 18 02 50  0.000000 2   1.953372186225E-11  4.386089755282E-11
AR GRAC 2024 06 18 02 50 10.000000 2   2.055719136584E-11  3.032702214356E-11
AR GRAC 2024 06 18 02 50 20.000000 2   2.320160903679E-11  5.204314409979E-11
AR GRAC 2024 06 18 02 50 30.000000 2   1.992733755785E-11  3.502926768095E-11
AR GRAC 2024 06 18 02 50 40.000000 2   1.728350622343E-11  5.429538416091E-11
AR GRAC 2024 06 18 02 50 50.000000 2   2.325555546745E-11  3.710150589531E-11
AR GRAC 2024 06 18 02 51  0.000000 2   1.857433130914E-11  4.333761821629E-11
AR GRAC 2024 06 18 02 51 10.000000 2   2.102290390382E-11  4.474373302421E-11
AR GRAC 2024 06 18 02 51 20.000000 2   1.778835932720E-11  3.958984182151E-11
AR GRAC 2024 06 18 02 51 30.000000 2   2.137710841676E-11  3.631595024700E-11
AR GRAC 2024 06 18 02 51 40.000000 2   2.008481575499E-11  4.809205464418E-11
AR GRAC 2024 06 18 02 51 50.000000 2   2.106322408157E-11  3.449816127210E-11
AR GRAC 2024 06 18 02 52  0.000000 2   2.420687608695E-11  4.242426202006E-11
AR GRAC 2024 06 18 02 52 10.000000 2   2.113452815533E-11  4.857035607042E-11
AR GRAC 2024 06 18 02 52 20.000000 2   2.059217553418E-11  4.434645359264E-11
AR GRAC 2024 06 18 02 52 30.000000 2   2.215691172203E-11  4.396254887906E-11
AR GRAC 2024 06 18 02 52 40.000000 2   2.449637541424E-11  4.042864307219E-11
AR GRAC 2024 06 18 02 52 50.000000 2   2.158855733070E-11  4.875473288979E-11
AR GRAC 2024 06 18 02 53  0.000000 2   2.407171337260E-11  3.276082183312E-11
AR GRAC 2024 06 18 02 53 10.000000 2   2.508572516380E-11  3.671690382290E-11
AR GRAC 2024 06 18 02 53 20.000000 2   2.550912432675E-11  4.810298687152E-11
AR GRAC 2024 06 18 02 53 30.000000 2   2.162948986584E-11  4.772907069572E-11
AR GRAC 2024 06 18 02 53 40.000000 2   2.435885000651E-11  3.085514482803E-11
AR GRAC 2024 06 18 02 53 50.000000 2   2.628925896420E-11  4.717122178977E-11
AR GRAC 2024 06 18 02 54  0.000000 2   2.407874941102E-11  5.398729033268E-11
AR GRAC 2024 06 18 02 54 10.000000 2   2.517062600016E-11  3.680336937983E-11
AR GRAC 2024 06 18 02 54 20.000000 2   2.676951542380E-11  4.192943561798E-11
AR GRAC 2024 06 18 02 54 30.000000 2   2.352909880821E-11  3.460550249135E-11
AR GRAC 2024 06 18 02 54 40.000000 2   2.717303812516E-11  5.034156425054E-11
AR GRAC 2024 06 18 02 54 50.000000 2   2.322847122982E-11  3.979763046891E-11
AR GRAC 2024 06 18 02 55  0.000000 2   2.462814674420E-11  4.920368626427E-11
AR GRAC 2024 06 18 02 55 10.000000 2   2.716048393137E-11  3.592974529010E-11
AR GRAC 2024 06 18 02 55 20.000000 2   2.293051165614E-11  3.923580210730E-11
AR GRAC 2024 06 18 02 55 30.000000 2   2.378684575699E-11  5.364185137746E-11
AR GRAC 2024 06 18 02 55 40.000000 2   2.345858923780E-11  2.631790618768E-11
AR GRAC 2024 06 18 02 55 50.000000 2   2.699465997957E-11  4.869395164864E-11
AR GRAC 2024 06 18 02 56  0.000000 2   2.610605308317E-11  5.514000020468E-11
AR GRAC 2024 06 18 02 56 10.000000 2   2.644426344567E-11  4.673604558914E-11
AR GRAC 2024 06 18 02 56 20.000000 2   2.497069218066E-11  4.526208574607E-11
AR GRAC 2024 06 18 02 56 30.000000 2   2.308723871802E-11  3.746812235472E-11
AR GRAC 2024 06 18 02 56 40.000000 2   2.688013353569E-11  4.900415837006E-11
AR GRAC 2024 06 18 02 56 50.000000 2   2.857275700763E-11  4.472019629609E-11
AR GRAC 2024 06 18 02 57  0.000000 2   2.239903401646E-11  3.226622788399E-11
AR GRAC 2024 06 18 02 57 10.000000 2   2.304631485650E-11  3.529225869880E-11
AR GRAC 2024 06 18 02 57 20.000000 2   2.379211237746E-11  5.601828376167E-11
AR GRAC 2024 06 18 02 57 30.000000 2   2.901383994169E-11  4.769431030671E-11
AR GRAC 2024 06 18 02 57 40.000000 2   2.881860895754E-11  1.794033498148E-11
AR GRAC 2024 06 18 02 57 50.000000 2   2.810658997210E-11  3.237635506914E-11
AR GRAC 2024 06 18 02 58  0.000000 2   2.745484742328E-11  4.895237340485E-11
AR GRAC 2024 06 18 02 58 10.000000 2   2.601390630685E-11  5.085838694630E-11
AR GRAC 2024 06 18 02 58 20.000000 2   2.646423705177E-11  4.671440317905E-11
AR GRAC 2024 06 18 02 58 30.000000 2   3.028238770852E-11  3.380041385670E-11
AR GRAC 2024 06 18 02 58 40.000000 2   3.149043178996E-11  3.897642625317E-11
AR GRAC 2024 06 18 02 58 50.000000 2   3.190908301476E-11  4.069243206284E-11
AR GRAC 2024 06 18 02 59  0.000000 2   2.452830993871E-11  4.633843656010E-11
AR GRAC 2024 06 18 02 59 10.000000 2   2.879668725697E-11  4.095444122720E-11
AR GRAC 2024 06 18 02 59 20.000000 2   3.174448898191E-11  4.707043782526E-11
AR GRAC 2024 06 18 02 59 30.000000 2   2.823768996407E-11  5.066643285478E-11
AR GRAC 2024 06 18 02 59 40.000000 2   2.995142675544E-11  4.066243175505E-11
AR GRAC 2024 06 18 02 59 50.000000 2   2.703692651707E-11  4.592842772766E-11
AR GRAC 2024 06 18 03 00  0.000000 2   3.067394255263E-11  3.270441556458E-11
AR GRAC 2024 06 18 03 00 10.000000 2   2.845192657863E-11  4.681040624566E-11
AR GRAC 2024 06 18 03 00 20.000000 2   3.198972337026E-11  4.503639128295E-11
AR GRAC 2024 06 18 03 00 30.000000 2   2.827035827657E-11  3.434237616506E-11
AR GRAC 2024 06 18 03 00 40.000000 2   3.058494082997E-11  4.217835802844E-11
AR GRAC 2024 06 18 03 00 50.000000 2   3.017817939988E-11  4.888433755013E-11
AR GRAC 2024 06 18 03 01  0.000000 2   2.800574529227E-11  4.516031298918E-11
AR GRAC 2024 06 18 03 01 10.000000 2   2.985810904077E-11  3.685628885419E-11
AR GRAC 2024 06 18 03 01 20.000000 2   3.325709152513E-11  3.711226118086E-11
AR GRAC 2024 06 18 03 01 30.000000 2   3.112522739546E-11  4.493823022034E-11
AR GRAC 2024 06 18 03 01 40.000000 2   2.854111565143E-11  4.353419708059E-11
AR GRAC 2024 06 18 03 01 50.000000 2   3.513980079140E-11  3.516016297556E-11
AR GRAC 2024 06 18 03 02  0.000000 2   3.133365442110E-11  3.871612752615E-11
AR GRAC 2024 06 18 03 02 10.000000 2   3.518666955027E-11  4.220208904560E-11
AR GRAC 2024 06 18 03 02 20.000000 2   3.403653400791E-11  4.574804771118E-11
AR GRAC 2024 06 18 03 02 30.000000 2   2.910539517731E-11  3.847400176227E-11
AR GRAC 2024 06 18 03 02 40.000000 2   2.836855403365E-11  3.584995841854E-11
AR GRAC 2024 06 18 03 02 50.000000 2   3.123891423318E-11  3.992590633106E-11
AR GRAC 2024 06 18 03 03  0.000000 2   3.385288924185E-11  3.989185717868E-11
AR GRAC 2024 06 18 03 03 10.000000 2   3.169543100201E-11  4.189780813957E-11
AR GRAC 2024 06 18 03 03 20.000000 2   3.459764766345E-11  4.547375323516E-11
AR GRAC 2024 06 18 03 03 30.000000 2   2.767170000084E-11  4.642969342328E-11
AR GRAC 2024 06 18 03 03 40.000000 2   3.476147494852E-11  4.197563477359E-11
AR GRAC 2024 06 18 03 03 50.000000 2   3.034808168656E-11  3.695157027583E-11
AR GRAC 2024 06 18 03 04  0.000000 2   3.536520382097E-11  4.910750278642E-11
AR GRAC 2024 06 18 03 04 10.000000 2   3.534087258950E-11  4.213344256820E-11
AR GRAC 2024 06 18 03 04 20.000000 2   3.210536350662E-11  4.639937392636E-11
AR GRAC 2024 06 18 03 04 30.000000 2   3.020296165945E-11  4.275530277043E-11
AR GRAC 2024 06 18 03 04 40.000000 2   3.075941584774E-11  4.907122624909E-11
AR GRAC 2024 06 18 03 04 50.000000 2   3.539880541470E-11  3.888715044420E-11
AR GRAC 2024 06 18 03 05  0.000000 2   3.189665198633E-11  3.994307662403E-11
AR GRAC 2024 06 18 03 05 10.000000 2   3.656275629482E-11  3.852899249646E-11
AR GRAC 2024 06 18 03 05 20.000000 2   2.867907474002E-11  4.093491171031E-11
AR GRAC 2024 06 18 03 05 30.000000 2   2.967903006690E-11  4.362082570153E-11
AR GRAC 2024 06 18 03 05 40.000000 2   3.444915186446E-11  3.233673745440E-11
AR GRAC 2024 06 18 03 05 50.000000 2   2.873882035126E-11  4.449264914830E-11
AR GRAC 2024 06 18 03 06  0.000000 2   3.608439935743E-11  4.091855673738E-11
AR GRAC 2024 06 18 03 06 10.000000 2   3.249226582236E-11  4.038446313470E-11
AR GRAC 2024 06 18 03 06 20.000000 2   3.049869384819E-11  3.723036462455E-11
AR GRAC 2024 06 18 03 06 30.000000 2   3.519655053519E-11  4.860626831582E-11
AR GRAC 2024 06 18 03 06 40.000000 2   3.487211561182E-11  4.826216509768E-11
AR GRAC 2024 06 18 03 06 50.000000 2   3.393463635093E-11  3.736806350463E-11
AR GRAC 2024 06 18 03 07  0.000000 2   3.507353088517E-11  2.630395554148E-11
AR GRAC 2024 06 18 03 07 10.000000 2   3.207005147554E-11  3.624984687423E-11
AR GRAC 2024 06 18 03 07 20.000000 2   3.647281435204E-11  4.770573866497E-11
AR GRAC 2024 06 18 03 07 30.000000 2   3.099192083522E-11  3.799162720530E-11
AR GRAC 2024 06 18 03 07 40.000000 2   3.318460436996E-11  3.009751128880E-11
AR GRAC 2024 06 18 03 07 50.000000 2   3.551648558586E-11  4.024339195219E-11
AR GRAC 2024 06 18 03 08  0.000000 2   3.089914435428E-11  3.170927409535E-11
AR GRAC 2024 06 18 03 08 10.000000 2   3.401295217698E-11  4.086515154045E-11
AR GRAC 2024 06 18 03 08 20.000000 2   3.041728674491E-11  4.424102750811E-11
AR GRAC 2024 06 18 03 08 30.000000 2   3.693038236330E-11  3.858690450498E-11
AR GRAC 2024 06 18 03 08 40.000000 2   3.154532537963E-11  4.020277513672E-11
AR GRAC 2024 06 18 03 08 50.000000 2   3.233659867652E-11  3.907864309927E-11
AR GRAC 2024 06 18 03 09  0.000000 2   2.888393170475E-11  4.096450956226E-11
AR GRAC 2024 06 18 03 09 10.000000 2   3.432802306302E-11  4.114037582825E-11
AR GRAC 2024 06 18 03 09 20.000000 2   3.304640588953E-11  4.029623509871E-11
AR GRAC 2024 06 18 03 09 30.000000 2   3.346566773699E-11  4.330209801839E-11
AR GRAC 2024 06 18 03 09 40.000000 2   3.236508630544E-11  3.288795277778E-11
AR GRAC 2024 06 18 03 09 50.000000 2   3.308287324644E-11  3.940380660650E-11
AR GRAC 2024 06 18 03 10  0.000000 2   3.136528883840E-11  4.837966138815E-11
AR GRAC 2024 06 18 03 10 10.000000 2   3.450474628242E-11  4.339551287758E-11
AR GRAC 2024 06 18 03 10 20.000000 2   3.429408840239E-11  3.050136185290E-11
AR GRAC 2024 06 18 03 10 30.000000 2   2.977221594258E-11  3.510720533728E-11
AR GRAC 2024 06 18 03 10 40.000000 2   3.340245788297E-11  3.046305221965E-11
AR GRAC 2024 06 18 03 10 50.000000 2   2.805244578297E-11  3.370889331555E-11
AR GRAC 2024 06 18 03 11  0.000000 2   2.841597616932E-11  4.219473381806E-11
AR GRAC 2024 06 18 03 11 10.000000 2   3.472981277564E-11  4.353056803907E-11
AR GRAC 2024 06 18 03 11 20.000000 2   3.496833378414E-11  3.895640060536E-11
AR GRAC 2024 06 18 03 11 30.000000 2   3.166923667752E-11  3.321223504549E-11
AR GRAC 2024 06 18 03 11 40.000000 2   3.342676829776E-11  3.857806435414E-11
AR GRAC 2024 06 18 03 11 50.000000 2   3.030380113511E-11  2.811389142321E-11
AR GRAC 2024 06 18 03 12  0.000000 2   2.726657268026E-11  4.573971756905E-11
AR GRAC 2024 06 18 03 12 10.000000 2   2.834849022193E-11  3.094554126837E-11
AR GRAC 2024 06 18 03 12 20.000000 2   3.265754333626E-11  3.944136336975E-11
AR GRAC 2024 06 18 03 12 30.000000 2   2.977226451484E-11  3.815717880551E-11
AR GRAC 2024 06 18 03 12 40.000000 2   2.660957912348E-11  4.005299564236E-11
AR GRAC 2024 06 18 03 12 50.000000 2   3.007528948107E-11  1.522881126759E-11
AR GRAC 2024 06 18 03 13  0.000000 2   2.845207749957E-11  4.563462108198E-11
AR GRAC 2024 06 18 03 13 10.000000 2   3.066456116807E-11  4.737043049485E-11
AR GRAC 2024 06 18 03 13 20.000000 2   2.489747817636E-11  2.224623610325E-11
AR GRAC 2024 06 18 03 13 30.000000 2   3.170080170589E-11  3.038204410277E-11
AR GRAC 2024 06 18 03 13 40.000000 2   2.848124687482E-11  4.489784238837E-11
AR GRAC 2024 06 18 03 13 50.000000 2   2.705908067058E-11  3.468364484505E-11
AR GRAC 2024 06 18 03 14  0.000000 2   2.743512535208E-11  1.961944322282E-11
AR GRAC 2024 06 18 03 14 10.000000 2   3.400402182052E-11  3.918523838742E-11
AR GRAC 2024 06 18 03 14 20.000000 2   3.114883004307E-11  4.117103186152E-11
AR GRAC 2024 06 18 03 14 30.000000 2   2.892522506237E-11  4.561682281912E-11
AR GRAC 2024 06 18 03 14 40.000000 2   2.515287630955E-11  3.730261238788E-11
AR GRAC 2024 06 18 03 14 50.000000 2   3.002555842846E-11  2.549839853150E-11
AR GRAC 2024 06 18 03 15  0.000000 2   2.348408967290E-11  2.532418198753E-11
AR GRAC 2024 06 18 03 15 10.000000 2   2.585876651695E-11  2.792996216250E-11
AR GRAC 2024 06 18 03 15 20.000000 2   2.610719973539E-11  3.040574389490E-11
AR GRAC 2024 06 18 03 15 30.000000 2   2.630077926280E-11  4.996152103143E-11
AR GRAC 2024 06 18 03 15 40.000000 2   2.958561867716E-11  3.182729427231E-11
AR GRAC 2024 06 18 03 15 50.000000 2   2.555543450466E-11  2.420306663420E-11
AR GRAC 2024 06 18 03 16  0.000000 2   2.843286543708E-11  4.519883772813E-11
AR GRAC 2024 06 18 03 16 10.000000 2   2.674007716641E-11  2.943460752913E-11
AR GRAC 2024 06 18 03 16 20.000000 2   2.605297574898E-11  2.692037044671E-11
AR GRAC 2024 06 18 03 16 30.000000 2   2.480913391389E-11  3.726613462263E-11
AR GRAC 2024 06 18 03 16 40.000000 2   2.875523257007E-11  4.012189538938E-11
AR GRAC 2024 06 18 03 16 50.000000 2   2.268626952961E-11  8.787653764386E-12
AR GRAC 2024 06 18 03 17  0.000000 2   2.413413045799E-11  2.760340914176E-11
AR GRAC 2024 06 18 03 17 10.000000 2   2.505821071475E-11  4.971916281460E-11
AR GRAC 2024 06 18 03 17 20.000000 2   2.536373888695E-11  3.293491521172E-11
AR GRAC 2024 06 18 03 17 30.000000 2   1.894214472775E-11  1.856066515760E-11
AR GRAC 2024 06 18 03 17 40.000000 2   2.535088285127E-11  3.871641202080E-11
AR GRAC 2024 06 18 03 17 50.000000 2   2.280552309497E-11  2.358215706044E-11
AR GRAC 2024 06 18 03 18  0.000000 2   1.757364913313E-11  3.094790049230E-11
AR GRAC 2024 06 18 03 18 10.000000 2   2.591184038170E-11  1.873363963956E-11
AR GRAC 2024 06 18 03 18 20.000000 2   1.872159545446E-11  1.958937873026E-11
AR GRAC 2024 06 18 03 18 30.000000 2   1.793359037661E-11  3.356511596442E-11
AR GRAC 2024 06 18 03 18 40.000000 2   2.194576985415E-11  2.709084866159E-11
AR GRAC 2024 06 18 03 18 50.000000 2   1.756901395200E-11  2.269657899123E-11
AR GRAC 2024 06 18 03 19  0.000000 2   2.010516753082E-11  4.490230756660E-11
AR GRAC 2024 06 18 03 19 10.000000 2   2.382494375397E-11  3.818803606670E-11
AR GRAC 2024 06 18 03 19 20.000000 2   1.487571177350E-11  2.422375668110E-11
AR GRAC 2024 06 18 03 19 30.000000 2   2.047228012114E-11  3.885947813531E-11
AR GRAC 2024 06 18 03 19 40.000000 2   1.963930580662E-11  2.467519938376E-11
AR GRAC 2024 06 18 03 19 50.000000 2   2.225678842616E-11  2.158091760851E-11
AR GRAC 2024 06 18 03 20  0.000000 2   1.670829967437E-11  3.665663259045E-11
AR GRAC 2024 06 18 03 20 10.000000 2   2.381362641801E-11  3.312234514441E-11
AR GRAC 2024 06 18 03 20 20.000000 2   1.504339708358E-11  2.852805491838E-11
AR GRAC 2024 06 18 03 20 30.000000 2   1.975969214640E-11  3.326376327162E-11
AR GRAC 2024 06 18 03 20 40.000000 2   1.899620911960E-11  3.300947015727E-11
AR GRAC 2024 06 18 03 20 50.000000 2   1.140246577713E-11  2.863517409302E-11
AR GRAC 2024 06 18 03 21  0.000000 2   1.813294826791E-11  2.695087382432E-11
AR GRAC 2024 06 18 03 21 10.000000 2   1.698571318320E-11  4.654657215220E-11
AR GRAC 2024 06 18 03 21 20.000000 2   1.426995500931E-11  2.133226928436E-11
AR GRAC 2024 06 18 03 21 30.000000 2   1.320207571737E-11  2.968796389280E-11
AR GRAC 2024 06 18 03 21 40.000000 2   1.448331558851E-11  2.761365615334E-11
AR GRAC 2024 06 18 03 21 50.000000 2   1.317071798845E-11  2.738934773427E-11
AR GRAC 2024 06 18 03 22  0.000000 2   1.049224335886E-11  1.731503308788E-11
AR GRAC 2024 06 18 03 22 10.000000 2   1.439159295208E-11  2.400071807962E-11
AR GRAC 2024 06 18 03 22 20.000000 2   1.569146375335E-11  2.188640067791E-11
AR GRAC 2024 06 18 03 22 30.000000 2   1.046656598197E-11  4.421208191219E-11
AR GRAC 2024 06 18 03 22 40.000000 2   1.653561489123E-11  2.644776064820E-11
AR GRAC 2024 06 18 03 22 50.000000 2   1.306356238462E-11  1.728343509977E-11
AR GRAC 2024 06 18 03 23  0.000000 2   1.246923658077E-11  3.508911217143E-11
AR GRAC 2024 06 18 03 23 10.000000 2   1.171020485441E-11  1.775478201960E-11
AR GRAC 2024 06 18 03 23 20.000000 2   1.588144893372E-11  3.063044956564E-11
AR GRAC 2024 06 18 03 23 30.000000 2   1.083155266868E-11  2.938611506909E-11
AR GRAC 2024 06 18 03 23 40.000000 2   8.832401823811E-12  1.943178083719E-11
AR GRAC 2024 06 18 03 23 50.000000 2   1.115051714157E-11  1.347744225250E-11
AR GRAC 2024 06 18 03 24  0.000000 2   1.531357679552E-11  2.986310504438E-11
AR GRAC 2024 06 18 03 24 10.000000 2   8.319823129044E-12  1.893876028225E-11
AR GRAC 2024 06 18 03 24 20.000000 2   1.305008878738E-11  2.436441673415E-11
AR GRAC 2024 06 18 03 24 30.000000 2   8.779186579100E-12  2.148006772451E-11
AR GRAC 2024 06 18 03 24 40.000000 2   1.258402756998E-11  1.585571951512E-11
AR GRAC 2024 06 18 03 24 50.000000 2   1.038154198024E-11  2.428136858246E-11
AR GRAC 2024 06 18 03 25  0.000000 2   5.461237365112E-12  2.437701429603E-11
AR GRAC 2024 06 18 03 25 10.000000 2   8.144179775016E-12  2.126265656599E-11
AR GRAC 2024 06 18 03 25 20.000000 2   7.533837269313E-12  1.589829830284E-11
AR GRAC 2024 06 18 03 25 30.000000 2   8.556638904367E-12  2.359393756757E-11
AR GRAC 2024 06 18 03 25 40.000000 2   6.119491632178E-12  2.184957423323E-11
AR GRAC 2024 06 18 03 25 50.000000 2   5.112868028262E-12  8.905209902821E-12
AR GRAC 2024 06 18 03 26  0.000000 2   3.804962421528E-12  1.661084117477E-11
AR GRAC 2024 06 18 03 26 10.000000 2   6.632040402965E-12 -3.527638327188E-15
AR GRAC 2024 06 18 03 26 20.000000 2   7.794227069313E-12  2.650210086108E-11
AR GRAC 2024 06 18 03 26 30.000000 2   4.623957466920E-12  2.823772639327E-11
AR GRAC 2024 06 18 03 26 40.000000 2   3.191872981201E-12  1.523334756948E-11
AR GRAC 2024 06 18 03 26 50.000000 2   1.092951141916E-12  2.482896874212E-11
AR GRAC 2024 06 18 03 27  0.000000 2   6.636856862696E-12  5.654587041659E-12
AR GRAC 2024 06 18 03 27 10.000000 2   3.332806903719E-12  2.220020348109E-11
AR GRAC 2024 06 18 03 27 20.000000 2   5.877652097669E-12  7.658165009257E-13
AR GRAC 2024 06 18 03 27 30.000000 2   3.526295791825E-12  1.063142889696E-11
AR GRAC 2024 06 18 03 27 40.000000 2   6.908390092625E-12 -1.782961690615E-12
AR GRAC 2024 06 18 03 27 50.000000 2   9.128641852846E-13  3.661264347254E-11
AR GRAC 2024 06 18 03 28  0.000000 2   1.407113358123E-12  1.373824925349E-11
AR GRAC 2024 06 18 03 28 10.000000 2   8.548511833302E-13  1.242385187783E-11
AR GRAC 2024 06 18 03 28 20.000000 2   2.743716061640E-12  7.219452900081E-12
AR GRAC 2024 06 18 03 28 30.000000 2  -6.036476657076E-13  1.543505080692E-11
AR GRAC 2024 06 18 03 28 40.000000 2   1.460073815324E-12  8.180645397204E-12
AR GRAC 2024 06 18 03 28 50.000000 2  -1.481571484420E-12  8.726238481804E-12
AR GRAC 2024 06 18 03 29  0.000000 2  -2.803754624303E-12  2.474183011247E-11
AR GRAC 2024 06 18 03 29 10.000000 2   3.006571987901E-12  9.787417404317E-12
AR GRAC 2024 06 18 03 29 20.000000 2  -4.810467562483E-12  1.440300483047E-11
AR GRAC 2024 06 18 03 29 30.000000 2  -2.717506124641E-12  1.397858825219E-11
AR GRAC 2024 06 18 03 29 40.000000 2  -2.275607003180E-12  2.052416916976E-11
AR GRAC 2024 06 18 03 29 50.000000 2  -3.058629304692E-12 -6.002490713676E-13
AR GRAC 2024 06 18 03 30  0.000000 2   3.694182275620E-13  8.925325756248E-12
AR GRAC 2024 06 18 03 30 10.000000 2   7.525162134051E-13  1.404090298890E-11
AR GRAC 2024 06 18 03 30 20.000000 2   2.011948550470E-12  1.404647405334E-11
AR GRAC 2024 06 18 03 30 30.000000 2  -2.525842599313E-12  3.020445493111E-13
AR GRAC 2024 06 18 03 30 40.000000 2  -4.241422751211E-13 -8.223868092593E-13
AR GRAC 2024 06 18 03 30 50.000000 2  -5.617945345038E-12  7.893178298468E-12
AR GRAC 2024 06 18 03 31  0.000000 2  -4.880268932028E-12  6.568740343327E-12
AR GRAC 2024 06 18 03 31 10.000000 2  -7.132469094506E-12 -8.695696940286E-12
AR GRAC 2024 06 18 03 31 20.000000 2  -6.660103458317E-12  1.300985968261E-11
AR GRAC 2024 06 18 03 31 30.000000 2  -5.665297658081E-12  1.553541843780E-11
AR GRAC 2024 06 18 03 31 40.000000 2  -3.600789588373E-12  1.650970267615E-12
AR GRAC 2024 06 18 03 31 50.000000 2  -4.356637880315E-12  5.246523267916E-12
AR GRAC 2024 06 18 03 32  0.000000 2  -2.655666485329E-12 -4.647925707507E-12
AR GRAC 2024 06 18 03 32 10.000000 2  -5.853995673627E-12  4.597620027746E-12
AR GRAC 2024 06 18 03 32 20.000000 2  -8.501662047966E-12 -2.866834807741E-12
AR GRAC 2024 06 18 03 32 30.000000 2  -1.128615777224E-11  1.096870684558E-11
AR GRAC 2024 06 18 03 32 40.000000 2  -4.303786927534E-12 -4.485752481270E-12
AR GRAC 2024 06 18 03 32 50.000000 2  -3.999071039595E-12 -6.400213258678E-12
AR GRAC 2024 06 18 03 33  0.000000 2  -6.277490246370E-12 -7.374678992478E-12
AR GRAC 2024 06 18 03 33 10.000000 2  -6.010266503237E-12  2.335085423633E-11
AR GRAC 2024 06 18 03 33 20.000000 2  -1.217800686681E-11 -6.163612589066E-12
AR GRAC 2024 06 18 03 33 30.000000 2  -8.777159554718E-12  3.091914094547E-12
AR GRAC 2024 06 18 03 33 40.000000 2  -6.825086069223E-12 -8.332557734081E-12
AR GRAC 2024 06 18 03 33 50.000000 2  -1.052671404905E-11  1.112964538239E-12
AR GRAC 2024 06 18 03 34  0.000000 2  -1.102467769853E-11  5.084864820870E-13
AR GRAC 2024 06 18 03 34 10.000000 2  -8.921552732688E-12 -5.695992722626E-12
AR GRAC 2024 06 18 03 34 20.000000 2  -6.316812958124E-12  6.795245247569E-13
AR GRAC 2024 06 18 03 34 30.000000 2  -1.259847608182E-11  6.050387513050E-13
AR GRAC 2024 06 18 03 34 40.000000 2  -1.174614659011E-11  5.509651272171E-16
AR GRAC 2024 06 18 03 34 50.000000 2  -1.101158487310E-11  2.556063216988E-12
AR GRAC 2024 06 18 03 35  0.000000 2  -9.092737847383E-12 -1.160842689335E-11
AR GRAC 2024 06 18 03 35 10.000000 2  -1.130462650573E-11  2.847075223147E-12
AR GRAC 2024 06 18 03 35 20.000000 2  -1.271449265317E-11  8.922580556348E-12
AR GRAC 2024 06 18 03 35 30.000000 2  -8.336967401157E-12 -3.651919478626E-12
AR GRAC 2024 06 18 03 35 40.000000 2  -8.287714264865E-12 -2.746419845018E-12
AR GRAC 2024 06 18 03 35 50.000000 2  -1.374988577857E-11  1.067907654667E-11
AR GRAC 2024 06 18 03 36  0.000000 2  -1.403112695475E-11 -2.205542866396E-11
AR GRAC 2024 06 18 03 36 10.000000 2  -1.025987107772E-11  9.820063165411E-12
AR GRAC 2024 06 18 03 36 20.000000 2  -1.628782698992E-11 -2.504448037843E-12
AR GRAC 2024 06 18 03 36 30.000000 2  -8.977035260982E-12 -1.461895882127E-11
AR GRAC 2024 06 18 03 36 40.000000 2  -1.466629422076E-11 -5.133475242114E-12
AR GRAC 2024 06 18 03 36 50.000000 2  -1.689839414232E-11 -9.987992204141E-12
AR GRAC 2024 06 18 03 37  0.000000 2  -1.249727491631E-11  8.237488816065E-12
AR GRAC 2024 06 18 03 37 10.000000 2  -1.444079317930E-11 -8.157034075973E-12
AR GRAC 2024 06 18 03 37 20.000000 2  -1.157630848819E-11 -7.811556089476E-12
AR GRAC 2024 06 18 03 37 30.000000 2  -1.352059610105E-11  1.363917334109E-12
AR GRAC 2024 06 18 03 37 40.000000 2  -1.280885814081E-11 -2.301061251264E-11
AR GRAC 2024 06 18 03 37 50.000000 2  -1.410487785597E-11 -3.435143445737E-12
AR GRAC 2024 06 18 03 38  0.000000 2  -1.228977510037E-11 -1.304967505583E-11
AR GRAC 2024 06 18 03 38 10.000000 2  -1.381057854882E-11 -1.424212635846E-12
AR GRAC 2024 06 18 03 38 20.000000 2  -1.685858223854E-11 -2.198749862736E-12
AR GRAC 2024 06 18 03 38 30.000000 2  -1.805289424894E-11 -2.208328832298E-11
AR GRAC 2024 06 18 03 38 40.000000 2  -1.833360373238E-11 -7.537832337479E-12
AR GRAC 2024 06 18 03 38 50.000000 2  -1.484394725193E-11 -4.352376532096E-12
AR GRAC 2024 06 18 03 39  0.000000 2  -1.171221626628E-11  1.943077426389E-12
AR GRAC 2024 06 18 03 39 10.000000 2  -1.688527789812E-11 -1.764147508632E-11
AR GRAC 2024 06 18 03 39 20.000000 2  -1.787649542284E-11 -1.415602444294E-11
AR GRAC 2024 06 18 03 39 30.000000 2  -1.857540857242E-11 -8.705789453049E-13
AR GRAC 2024 06 18 03 39 40.000000 2  -1.197006122694E-11 -1.318513614262E-11
AR GRAC 2024 06 18 03 39 50.000000 2  -1.582649115928E-11 -1.169969416487E-11
AR GRAC 2024 06 18 03 40  0.000000 2  -1.824551447427E-11 -5.294254618038E-12
AR GRAC 2024 06 18 03 40 10.000000 2  -1.374756992273E-11 -7.478819646911E-12
AR GRAC 2024 06 18 03 40 20.000000 2  -2.241701616001E-11 -1.093338527353E-11
AR GRAC 2024 06 18 03 40 30.000000 2  -1.273856714556E-11 -1.718795071548E-11
AR GRAC 2024 06 18 03 40 40.000000 2  -2.007102643808E-11 -1.560252101129E-11
AR GRAC 2024 06 18 03 40 50.000000 2  -1.895114794259E-11 -2.891709788289E-11
AR GRAC 2024 06 18 03 41  0.000000 2  -1.659651582830E-11 -3.741668433421E-12
AR GRAC 2024 06 18 03 41 10.000000 2  -1.815885462830E-11 -2.494624472271E-11
AR GRAC 2024 06 18 03 41 20.000000 2  -1.527213425168E-11 -3.320824518149E-12
AR GRAC 2024 06 18 03 41 30.000000 2  -2.362834754244E-11 -2.297540629970E-11
AR GRAC 2024 06 18 03 41 40.000000 2  -1.773329399990E-11 -1.319999057975E-11
AR GRAC 2024 06 18 03 41 50.000000 2  -1.810490993237E-11 -1.298457522059E-11
AR GRAC 2024 06 18 03 42  0.000000 2  -1.794138448918E-11 -2.663916483236E-11
AR GRAC 2024 06 18 03 42 10.000000 2  -1.846803439343E-11 -1.671375364498E-11
AR GRAC 2024 06 18 03 42 20.000000 2  -1.816947634015E-11 -1.395834836604E-11
AR GRAC 2024 06 18 03 42 30.000000 2  -2.123512303498E-11 -2.103294448330E-11
AR GRAC 2024 06 18 03 42 40.000000 2  -2.309134480849E-11 -3.474754511901E-11
AR GRAC 2024 06 18 03 42 50.000000 2  -2.356400144454E-11 -1.652214129400E-11
AR GRAC 2024 06 18 03 43  0.000000 2  -1.578405808833E-11 -2.394674389339E-11
AR GRAC 2024 06 18 03 43 10.000000 2  -2.332365203750E-11 -4.931347864778E-12
AR GRAC 2024 06 18 03 43 20.000000 2  -1.388778675393E-11 -1.970595214784E-11
AR GRAC 2024 06 18 03 43 30.000000 2  -2.088856865257E-11 -2.358056458429E-11
AR GRAC 2024 06 18 03 43 40.000000 2  -1.990693027087E-11 -2.784517928733E-11
AR GRAC 2024 06 18 03 43 50.000000 2  -1.899726036203E-11 -1.886978767685E-11
AR GRAC 2024 06 18 03 44  0.000000 2  -1.862833845512E-11 -1.780440204990E-11
AR GRAC 2024 06 18 03 44 10.000000 2  -1.875797434048E-11 -2.206902195712E-11
AR GRAC 2024 06 18 03 44 20.000000 2  -1.830594356655E-11 -1.818364209205E-11
AR GRAC 2024 06 18 03 44 30.000000 2  -1.949976985438E-11 -1.769826472875E-11
AR GRAC 2024 06 18 03 44 40.000000 2  -1.584584199965E-11 -2.883289614009E-11
AR GRAC 2024 06 18 03 44 50.000000 2  -1.645347573465E-11 -2.153752176604E-11
AR GRAC 2024 06 18 03 45  0.000000 2  -1.989224063248E-11 -1.538214867980E-11
AR GRAC 2024 06 18 03 45 10.000000 2  -2.038953901551E-11 -1.020677986574E-11
AR GRAC 2024 06 18 03 45 20.000000 2  -1.744469672882E-11 -2.475141445968E-11
AR GRAC 2024 06 18 03 45 30.000000 2  -2.557210519727E-11 -1.800605498037E-11
AR GRAC 2024 06 18 03 45 40.000000 2  -1.715461279972E-11 -3.320069219548E-11
AR GRAC 2024 06 18 03 45 50.000000 2  -1.596577731133E-11 -2.535533241699E-11
AR GRAC 2024 06 18 03 46  0.000000 2  -1.990721996969E-11 -1.281997771829E-11
AR GRAC 2024 06 18 03 46 10.000000 2  -2.344042147884E-11 -1.852462107321E-11
AR GRAC 2024 06 18 03 46 20.000000 2  -2.229777300300E-11 -2.543927048182E-11
AR GRAC 2024 06 18 03 46 30.000000 2  -2.049682645833E-11 -2.069392053550E-11
AR GRAC 2024 06 18 03 46 40.000000 2  -1.820721871881E-11 -1.319857504539E-11
AR GRAC 2024 06 18 03 46 50.000000 2  -2.324737798098E-11 -3.520323269002E-11
AR GRAC 2024 06 18 03 47  0.000000 2  -1.846922267901E-11 -3.028789025139E-11
AR GRAC 2024 06 18 03 47 10.000000 2  -2.059893228212E-11 -2.044254349132E-11
AR GRAC 2024 06 18 03 47 20.000000 2  -2.270091059575E-11 -2.996720926962E-11
AR GRAC 2024 06 18 03 47 30.000000 2  -2.158022371912E-11 -2.649187293147E-11
AR GRAC 2024 06 18 03 47 40.000000 2  -1.906065409674E-11 -1.627653914427E-11
AR GRAC 2024 06 18 03 47 50.000000 2  -1.556840940886E-11 -1.992120531036E-11
AR GRAC 2024 06 18 03 48  0.000000 2  -2.781465682777E-11 -3.070587881182E-11
AR GRAC 2024 06 18 03 48 10.000000 2  -2.096954380970E-11 -1.015055140635E-11
AR GRAC 2024 06 18 03 48 20.000000 2  -1.860089166028E-11 -1.547522700263E-11
AR GRAC 2024 06 18 03 48 30.000000 2  -2.345138666593E-11 -2.101990456693E-11
AR GRAC 2024 06 18 03 48 40.000000 2  -2.135719726071E-11 -1.682458686258E-11
AR GRAC 2024 06 18 03 48 50.000000 2  -1.859997399156E-11 -3.192926825712E-11
AR GRAC 2024 06 18 03 49  0.000000 2  -2.098681124718E-11 -2.695395122376E-11
AR GRAC 2024 06 18 03 49 10.000000 2  -1.823775852561E-11 -1.515864343771E-11
AR GRAC 2024 06 18 03 49 20.000000 2  -1.898662130295E-11 -2.022332822038E-11
AR GRAC 2024 06 18 03 49 30.000000 2  -2.131858405086E-11 -1.856802038513E-11
AR GRAC 2024 06 18 03 49 40.000000 2  -2.222814814157E-11 -2.636271756451E-11
AR GRAC 2024 06 18 03 49 50.000000 2  -1.925991310880E-11 -1.969741383889E-11
