 2.00 C RINEX VERSION / TYPE
 10.00 INTERVAL
 1 AR # / TYPES OF DATA
 END OF HEADER
AR GRAC 2024 06 26 01 50  0.000000 2  -8.697239109456E-12 -1.652979836342E-11
AR GRAC 2024 06 26 01 50 10.000000 2  -1.022544462298E-11 -2.069379823749E-12
AR GRAC 2024 06 26 01 50 20.000000 2  -6.412493799846E-12 -2.656896577746E-11
AR GRAC 2024 06 26 01 50 30.000000 2  -8.918196910124E-12 -1.911855049275E-11
AR GRAC 2024 06 26 01 50 40.000000 2  -7.795222800588E-12 -1.028813319259E-11
AR GRAC 2024 06 26 01 50 50.000000 2  -7.959958213399E-12 -1.062771658872E-11
AR GRAC 2024 06 26 01 51  0.000000 2  -8.620698772888E-12 -3.318730359969E-11
AR GRAC 2024 06 26 01 51 10.000000 2  -5.922746234427E-12 -2.005689017648E-11
AR GRAC 2024 06 26 01 51 20.000000 2  -1.080449358454E-11 -2.194647415188E-11
AR GRAC 2024 06 26 01 51 30.000000 2  -5.795257503050E-12 -1.916059975612E-12
AR GRAC 2024 06 26 01 51 40.000000 2  -6.354730110181E-12 -6.865644337772E-12
AR GRAC 2024 06 26 01 51 50.000000 2  -7.052428953325E-12 -1.784523050163E-11
AR GRAC 2024 06 26 01 52  0.000000 2  -1.101094389278E-11 -3.611481599886E-11
AR GRAC 2024 06 26 01 52 10.000000 2  -6.522054164099E-12 -5.124403505696E-12
AR GRAC 2024 06 26 01 52 20.000000 2  -7.026710376751E-12 -2.507398802476E-11
AR GRAC 2024 06 26 01 52 30.000000 2  -7.782000738255E-12 -7.833578404004E-12
AR GRAC 2024 06 26 01 52 40.000000 2  -8.066189209621E-12 -1.281316198976E-11
AR GRAC 2024 06 26 01 52 50.000000 2  -5.935557167297E-12 -2.496275061659E-11
AR GRAC 2024 06 26 01 53  0.000000 2  -7.081916650331E-12 -1.130233753810E-11
AR GRAC 2024 06 26 01 53 10.000000 2  -6.551875795374E-12 -1.692192566627E-11
AR GRAC 2024 06 26 01 53 20.000000 2  -1.062685703324E-11 -1.458151481504E-11
AR GRAC 2024 06 26 01 53 30.000000 2  -4.137485926786E-12 -1.660109723300E-11
AR GRAC 2024 06 26 01 53 40.000000 2  -4.455854088481E-12 -3.428068939826E-11
AR GRAC 2024 06 26 01 53 50.000000 2  -6.875751704105E-12 -8.050277458538E-12
AR GRAC 2024 06 26 01 54  0.000000 2  -7.717212285874E-12 -7.189864155432E-12
AR GRAC 2024 06 26 01 54 10.000000 2  -6.479000929510E-12 -1.775945536464E-11
AR GRAC 2024 06 26 01 54 20.000000 2  -5.010512404285E-12 -7.249042512092E-12
AR GRAC 2024 06 26 01 54 30.000000 2  -2.343391756685E-12 -2.169863073942E-11
AR GRAC 2024 06 26 01 54 40.000000 2  -6.923329531200E-12 -8.448222156565E-12
AR GRAC 2024 06 26 01 54 50.000000 2  -6.377774610516E-12 -4.337810926430E-12
AR GRAC 2024 06 26 01 55  0.000000 2  -4.190296547246E-12 -1.804740037969E-11
AR GRAC 2024 06 26 01 55 10.000000 2  -6.408993995233E-12 -8.386990754672E-12
AR GRAC 2024 06 26 01 55 20.000000 2   4.305859867878E-13 -5.966580961941E-12
AR GRAC 2024 06 26 01 55 30.000000 2  -6.167345713987E-12 -2.863616982429E-11
AR GRAC 2024 06 26 01 55 40.000000 2  -6.809831344656E-12 -6.715761193682E-12
AR GRAC 2024 06 26 01 55 50.000000 2  -5.017034097193E-12 -7.805351850965E-12
AR GRAC 2024 06 26 01 56  0.000000 2  -6.923770584644E-12 -1.198494081756E-11
AR GRAC 2024 06 26 01 56 10.000000 2  -2.379539490796E-12  2.265465592899E-12
AR GRAC 2024 06 26 01 56 20.000000 2  -3.284307287937E-12 -9.854124460862E-12
AR GRAC 2024 06 26 01 56 30.000000 2  -2.934531090348E-12 -1.930371834602E-11
AR GRAC 2024 06 26 01 56 40.000000 2  -9.361952402545E-13  4.416693139692E-12
AR GRAC 2024 06 26 01 56 50.000000 2  -6.081201080893E-12 -4.932899574928E-12
AR GRAC 2024 06 26 01 57  0.000000 2  -4.478171739680E-12 -1.402491079001E-12
AR GRAC 2024 06 26 01 57 10.000000 2  -1.618235059841E-12 -1.115208359687E-11
AR GRAC 2024 06 26 01 57 20.000000 2  -6.835856533605E-12 -7.611677781127E-12
AR GRAC 2024 06 26 01 57 30.000000 2  -2.414836776723E-12  3.818731355437E-12
AR GRAC 2024 06 26 01 57 40.000000 2  -2.109398593297E-12 -2.450085967443E-11
AR GRAC 2024 06 26 01 57 50.000000 2  -2.749747044645E-12 -5.180454155929E-12
AR GRAC 2024 06 26 01 58  0.000000 2  -1.012060444130E-12 -6.280046795093E-12
AR GRAC 2024 06 26 01 58 10.000000 2  -3.460331413768E-12 -6.259642110207E-12
AR GRAC 2024 06 26 01 58 20.000000 2  -1.634368530269E-12 -4.749233558504E-12
AR GRAC 2024 06 26 01 58 30.000000 2  -2.556331448605E-12 -1.134882986198E-11
AR GRAC 2024 06 26 01 58 40.000000 2  -2.813587253805E-12  5.471576750710E-12
AR GRAC 2024 06 26 01 58 50.000000 2  -3.201040777931E-12 -2.343801715210E-11
AR GRAC 2024 06 26 01 59  0.000000 2  -1.018007943568E-12  1.632388777102E-12
AR GRAC 2024 06 26 01 59 10.000000 2   1.579717476621E-12  2.612794529344E-12
AR GRAC 2024 06 26 01 59 20.000000 2  -4.674049342013E-12 -1.331680078709E-11
AR GRAC 2024 06 26 01 59 30.000000 2  -1.275652977348E-12  6.873603249080E-12
AR GRAC 2024 06 26 01 59 40.000000 2  -4.259772656140E-12 -1.165599214370E-11
AR GRAC 2024 06 26 01 59 50.000000 2  -6.640473219043E-13  1.433441473159E-11
AR GRAC 2024 06 26 02 00  0.000000 2  -1.854448018757E-12 -4.965181911454E-12
AR GRAC 2024 06 26 02 00 10.000000 2  -1.986418191394E-12  9.035223957898E-12
AR GRAC 2024 06 26 02 00 20.000000 2  -3.732704249859E-12 -1.079437494250E-11
AR GRAC 2024 06 26 02 00 30.000000 2  -1.247911930041E-12  1.721603068439E-11
AR GRAC 2024 06 26 02 00 40.000000 2   5.161184861110E-14  1.392643205617E-11
AR GRAC 2024 06 26 02 00 50.000000 2  -1.288401080702E-13 -1.685316122768E-11
AR GRAC 2024 06 26 02 01  0.000000 2   7.725183340246E-13  4.727242035318E-12
AR GRAC 2024 06 26 02 01 10.000000 2  -2.130717911136E-12  9.747643664459E-12
AR GRAC 2024 06 26 02 01 20.000000 2   1.807971415808E-12 -3.231952899752E-12
AR GRAC 2024 06 26 02 01 30.000000 2  -5.176214274913E-13 -4.271550994861E-12
AR GRAC 2024 06 26 02 01 40.000000 2   1.938461760900E-12  9.388509934760E-13
AR GRAC 2024 06 26 02 01 50.000000 2   3.220046842015E-13  1.192925359189E-11
AR GRAC 2024 06 26 02 02  0.000000 2   8.902397048705E-13  6.559656030164E-12
AR GRAC 2024 06 26 02 02 10.000000 2   1.310549569257E-13  5.610057123712E-12
AR GRAC 2024 06 26 02 02 20.000000 2   2.512978432116E-13  3.710459890727E-12
AR GRAC 2024 06 26 02 02 30.000000 2   4.043197796965E-13  4.040861395493E-12
AR GRAC 2024 06 26 02 02 40.000000 2  -1.295944146266E-12 -1.690873829840E-11
AR GRAC 2024 06 26 02 02 50.000000 2  -9.719740339193E-14  2.779166133338E-11
AR GRAC 2024 06 26 02 03  0.000000 2   1.637863022291E-12  1.021206470081E-11
AR GRAC 2024 06 26 02 03 10.000000 2   5.371831018203E-12  5.032465329874E-12
AR GRAC 2024 06 26 02 03 20.000000 2  -8.016933471244E-13  2.126286646753E-11
AR GRAC 2024 06 26 02 03 30.000000 2   1.628191505232E-12 -1.686734519418E-12
AR GRAC 2024 06 26 02 03 40.000000 2   1.977323903571E-12  2.913665402698E-12
AR GRAC 2024 06 26 02 03 50.000000 2  -9.584862200804E-13  4.154064245365E-12
AR GRAC 2024 06 26 02 04  0.000000 2   3.027016788268E-12  1.567446519801E-11
AR GRAC 2024 06 26 02 04 10.000000 2   4.225434238614E-12 -3.555133401209E-12
AR GRAC 2024 06 26 02 04 20.000000 2   3.927512828850E-12  6.645262898980E-12
AR GRAC 2024 06 26 02 04 30.000000 2   2.226127404159E-13  8.495662506824E-12
AR GRAC 2024 06 26 02 04 40.000000 2   8.569349114855E-13  2.274606371311E-11
AR GRAC 2024 06 26 02 04 50.000000 2   9.120040877011E-13  2.071645979762E-11
AR GRAC 2024 06 26 02 05  0.000000 2   2.350112292271E-12 -2.093140764881E-12
AR GRAC 2024 06 26 02 05 10.000000 2   2.560544007726E-12 -7.827435531335E-13
AR GRAC 2024 06 26 02 05 20.000000 2   5.220331545513E-12  1.016765404510E-11
AR GRAC 2024 06 26 02 05 30.000000 2   2.595141115891E-12  1.544805255937E-11
AR GRAC 2024 06 26 02 05 40.000000 2   4.690991085160E-12  2.696845004257E-11
AR GRAC 2024 06 26 02 05 50.000000 2   3.100859629832E-12 -3.851151168799E-12
AR GRAC 2024 06 26 02 06  0.000000 2   5.169877113215E-12  9.469245700056E-12
AR GRAC 2024 06 26 02 06 10.000000 2   2.299294435404E-12  2.506964254245E-11
AR GRAC 2024 06 26 02 06 20.000000 2   3.345381914197E-12  3.161003403473E-11
AR GRAC 2024 06 26 02 06 30.000000 2   6.001700005032E-12  4.670435479331E-12
AR GRAC 2024 06 26 02 06 40.000000 2   3.948759993034E-13  5.020833575287E-12
AR GRAC 2024 06 26 02 06 50.000000 2   3.598802896312E-12  1.535122723384E-11
AR GRAC 2024 06 26 02 07  0.000000 2   3.629008118317E-12  1.716162455201E-11
AR GRAC 2024 06 26 02 07 10.000000 2   3.356889202374E-12  5.006201703184E-11
AR GRAC 2024 06 26 02 07 20.000000 2   5.360570928120E-12  1.722416046596E-12
AR GRAC 2024 06 26 02 07 30.000000 2   5.141268053649E-12  1.943281299766E-11
AR GRAC 2024 06 26 02 07 40.000000 2   3.172481591665E-12  4.003208355086E-12
AR GRAC 2024 06 26 02 07 50.000000 2   5.985130360070E-12  1.098360465079E-11
AR GRAC 2024 06 26 02 08  0.000000 2   6.755727921526E-12  2.473399957070E-11
AR GRAC 2024 06 26 02 08 10.000000 2   6.066196590188E-12  3.415439112087E-11
AR GRAC 2024 06 26 02 08 20.000000 2   4.166423716451E-12  4.954787882067E-12
AR GRAC 2024 06 26 02 08 30.000000 2   3.124088227696E-12  2.975518095805E-11
AR GRAC 2024 06 26 02 08 40.000000 2   6.163078294236E-12  7.215574492070E-12
AR GRAC 2024 06 26 02 08 50.000000 2   6.967286990400E-12  2.263597122243E-11
AR GRAC 2024 06 26 02 09  0.000000 2   4.280208566049E-12  4.500636321958E-11
AR GRAC 2024 06 26 02 09 10.000000 2   5.345096327353E-12  2.319675528051E-11
AR GRAC 2024 06 26 02 09 20.000000 2   7.180679228308E-12  1.864714979649E-11
AR GRAC 2024 06 26 02 09 30.000000 2   2.173158354657E-12  1.226754375167E-11
AR GRAC 2024 06 26 02 09 40.000000 2   7.116958064546E-12  4.168793435455E-11
AR GRAC 2024 06 26 02 09 50.000000 2   8.169243927159E-12  3.189832425976E-11
AR GRAC 2024 06 26 02 10  0.000000 2   4.883768302960E-12  1.387872108904E-11
AR GRAC 2024 06 26 02 10 10.000000 2   7.573631825852E-12  1.635911371645E-11
AR GRAC 2024 06 26 02 10 20.000000 2   7.417996772396E-12  1.988950670828E-11
AR GRAC 2024 06 26 02 10 30.000000 2   5.619500090953E-12  3.931989803196E-11
AR GRAC 2024 06 26 02 10 40.000000 2   6.615616041095E-12  2.298028954628E-11
AR GRAC 2024 06 26 02 10 50.000000 2   7.742615576456E-12  3.623067817982E-11
AR GRAC 2024 06 26 02 11  0.000000 2   8.815761488867E-12  1.691107323620E-11
AR GRAC 2024 06 26 02 11 10.000000 2   3.400366360012E-12  4.496145816768E-11
AR GRAC 2024 06 26 02 11 20.000000 2   9.295224312478E-12  4.541855606888E-12
AR GRAC 2024 06 26 02 11 30.000000 2   7.588841013928E-12  2.636224918917E-11
AR GRAC 2024 06 26 02 11 40.000000 2   7.186958059929E-12  3.079263580230E-11
AR GRAC 2024 06 26 02 11 50.000000 2   8.639226486973E-12  2.940302862298E-11
AR GRAC 2024 06 26 02 12  0.000000 2   6.392641624386E-12  3.648341004303E-11
AR GRAC 2024 06 26 02 12 10.000000 2   8.179119707907E-12  2.785380433246E-11
AR GRAC 2024 06 26 02 12 20.000000 2   7.706074493796E-12  2.679419533469E-11
AR GRAC 2024 06 26 02 12 30.000000 2   5.762401406734E-12  1.810458380436E-11
AR GRAC 2024 06 26 02 12 40.000000 2   8.815874245893E-12  3.958497071799E-11
AR GRAC 2024 06 26 02 12 50.000000 2   6.991248292093E-12  2.070536624099E-11
AR GRAC 2024 06 26 02 13  0.000000 2   9.543222115327E-12  2.725575320994E-11
AR GRAC 2024 06 26 02 13 10.000000 2   9.984596482937E-12  3.084613814375E-11
AR GRAC 2024 06 26 02 13 20.000000 2   6.496897204250E-12  3.608652959786E-11
AR GRAC 2024 06 26 02 13 30.000000 2   1.380330311856E-11  2.809691888872E-11
AR GRAC 2024 06 26 02 13 40.000000 2   1.075390210908E-11  3.638730983191E-11
AR GRAC 2024 06 26 02 13 50.000000 2   7.674063641494E-12  2.700769816122E-11
AR GRAC 2024 06 26 02 14  0.000000 2   5.259592674584E-12  3.720808036678E-11
AR GRAC 2024 06 26 02 14 10.000000 2   1.025629147583E-11  3.089846781212E-11
AR GRAC 2024 06 26 02 14 20.000000 2   8.125592212971E-12  4.486885862853E-11
AR GRAC 2024 06 26 02 14 30.000000 2   6.785693101169E-12  3.352924188293E-11
AR GRAC 2024 06 26 02 14 40.000000 2   6.311043701523E-12  3.446963200981E-11
AR GRAC 2024 06 26 02 14 50.000000 2   7.050910202921E-12  4.739001899234E-11
AR GRAC 2024 06 26 02 15  0.000000 2   9.740958040183E-12  2.861040571123E-11
AR GRAC 2024 06 26 02 15 10.000000 2   9.889682822672E-12  2.593079223567E-11
AR GRAC 2024 06 26 02 15 20.000000 2   9.105889653416E-12  3.238118106985E-11
AR GRAC 2024 06 26 02 15 30.000000 2   9.653283380984E-12  3.209156551609E-11
AR GRAC 2024 06 26 02 15 40.000000 2   7.113942247783E-12  3.480194951666E-11
AR GRAC 2024 06 26 02 15 50.000000 2   1.236948911354E-11  4.049233170988E-11
AR GRAC 2024 06 26 02 16  0.000000 2   7.449309398500E-12  2.472272039866E-11
AR GRAC 2024 06 26 02 16 10.000000 2   1.331698813722E-11  3.623310679268E-11
AR GRAC 2024 06 26 02 16 20.000000 2   7.680184613279E-12  2.536348908677E-11
AR GRAC 2024 06 26 02 16 30.000000 2   1.242959121045E-11  5.909388256509E-11
AR GRAC 2024 06 26 02 16 40.000000 2   8.693249245462E-12  3.928425640343E-11
AR GRAC 2024 06 26 02 16 50.000000 2   8.897685539744E-12  3.150464611412E-11
AR GRAC 2024 06 26 02 17  0.000000 2   9.397357024488E-12  4.319502394656E-11
AR GRAC 2024 06 26 02 17 10.000000 2   1.532292522033E-11  1.595541580801E-11
AR GRAC 2024 06 26 02 17 20.000000 2   6.763078812255E-12  3.841579485075E-11
AR GRAC 2024 06 26 02 17 30.000000 2   1.246388495885E-11  5.646618242428E-11
AR GRAC 2024 06 26 02 17 40.000000 2   1.285867332751E-11  1.444656633903E-11
AR GRAC 2024 06 26 02 17 50.000000 2   1.334622343196E-11  6.687695536245E-11
AR GRAC 2024 06 26 02 18  0.000000 2   1.060446695733E-11  2.780732935581E-11
AR GRAC 2024 06 26 02 18 10.000000 2   1.118644239739E-11  4.268771447435E-11
AR GRAC 2024 06 26 02 18 20.000000 2   1.259695125988E-11  3.250809690880E-11
AR GRAC 2024 06 26 02 18 30.000000 2   1.286948412421E-11  3.482847690806E-11
AR GRAC 2024 06 26 02 18 40.000000 2   1.075815998786E-11  3.210886070915E-11
AR GRAC 2024 06 26 02 18 50.000000 2   8.386162424212E-12  3.796924580302E-11
AR GRAC 2024 06 26 02 19  0.000000 2   1.036682111683E-11  5.783962545025E-11
AR GRAC 2024 06 26 02 19 10.000000 2   1.153908912865E-11  3.151000294022E-11
AR GRAC 2024 06 26 02 19 20.000000 2   1.432281897251E-11  3.951038454741E-11
AR GRAC 2024 06 26 02 19 30.000000 2   1.073700763715E-11  4.010077339633E-11
AR GRAC 2024 06 26 02 19 40.000000 2   1.661234864947E-11  3.340114990147E-11
AR GRAC 2024 06 26 02 19 50.000000 2   1.017258933339E-11  4.783153040311E-11
AR GRAC 2024 06 26 02 20  0.000000 2   1.167178506623E-11  3.213190824525E-11
AR GRAC 2024 06 26 02 20 10.000000 2   7.938589889622E-12  4.108229381683E-11
AR GRAC 2024 06 26 02 20 20.000000 2   1.334578281220E-11  4.401267197918E-11
AR GRAC 2024 06 26 02 20 30.000000 2   1.271406764591E-11  4.219304766684E-11
AR GRAC 2024 06 26 02 20 40.000000 2   9.251977656222E-12  3.231343317922E-11
AR GRAC 2024 06 26 02 20 50.000000 2   1.488757381263E-11  4.039381329424E-11
AR GRAC 2024 06 26 02 21  0.000000 2   1.501968861783E-11  4.487418769905E-11
AR GRAC 2024 06 26 02 21 10.000000 2   9.067730073753E-12  2.744457439086E-11
AR GRAC 2024 06 26 02 21 20.000000 2   1.448826648931E-11  4.859494751042E-11
AR GRAC 2024 06 26 02 21 30.000000 2   9.883361490326E-12  4.286532587217E-11
AR GRAC 2024 06 26 02 21 40.000000 2   1.382673923273E-11  4.795570537897E-11
AR GRAC 2024 06 26 02 21 50.000000 2   1.378290190313E-11  3.379608745635E-11
AR GRAC 2024 06 26 02 22  0.000000 2   1.312600809295E-11  5.121646509676E-11
AR GRAC 2024 06 26 02 22 10.000000 2   1.199084494891E-11  1.562684530387E-11
AR GRAC 2024 06 26 02 22 20.000000 2   1.020324102985E-11  3.305722362512E-11
AR GRAC 2024 06 26 02 22 30.000000 2   1.394975541330E-11  5.398759564401E-11
AR GRAC 2024 06 26 02 22 40.000000 2   1.330700306890E-11  4.105797993259E-11
AR GRAC 2024 06 26 02 22 50.000000 2   1.456936828126E-11  3.544835258662E-11
AR GRAC 2024 06 26 02 23  0.000000 2   1.692005563436E-11  3.743873266959E-11
AR GRAC 2024 06 26 02 23 10.000000 2   1.379678055830E-11  4.942911011052E-11
AR GRAC 2024 06 26 02 23 20.000000 2   1.150673827055E-11  2.980948474174E-11
AR GRAC 2024 06 26 02 23 30.000000 2   1.382898309754E-11  5.152986370938E-11
AR GRAC 2024 06 26 02 23 40.000000 2   1.461635847078E-11  4.500023964571E-11
AR GRAC 2024 06 26 02 23 50.000000 2   1.283073647329E-11  3.199061501813E-11
AR GRAC 2024 06 26 02 24  0.000000 2   1.193620462886E-11  4.215098756144E-11
AR GRAC 2024 06 26 02 24 10.000000 2   1.576497439537E-11  4.142136633689E-11
AR GRAC 2024 06 26 02 24 20.000000 2   1.625622379764E-11  3.712173970993E-11
AR GRAC 2024 06 26 02 24 30.000000 2   1.614565599273E-11  3.979211751770E-11
AR GRAC 2024 06 26 02 24 40.000000 2   1.124525646212E-11  3.410248819447E-11
AR GRAC 2024 06 26 02 24 50.000000 2   1.607858637898E-11  4.574286435743E-11
AR GRAC 2024 06 26 02 25  0.000000 2   1.769641551352E-11  4.084323504405E-11
AR GRAC 2024 06 26 02 25 10.000000 2   1.508212651991E-11  1.287361797025E-11
AR GRAC 2024 06 26 02 25 20.000000 2   1.568995974810E-11  5.690399193514E-11
AR GRAC 2024 06 26 02 25 30.000000 2   1.371758609481E-11  2.746436411627E-11
AR GRAC 2024 06 26 02 25 40.000000 2   1.721746183125E-11  4.138473938542E-11
AR GRAC 2024 06 26 02 25 50.000000 2   1.634208567081E-11  3.340511200989E-11
AR GRAC 2024 06 26 02 26  0.000000 2   1.490940010340E-11  3.159548317422E-11
AR GRAC 2024 06 26 02 26 10.000000 2   1.328675190704E-11  4.439585504779E-11
AR GRAC 2024 06 26 02 26 20.000000 2   1.796818076272E-11  3.587623254031E-11
AR GRAC 2024 06 26 02 26 30.000000 2   1.835058840993E-11  3.579660526332E-11
AR GRAC 2024 06 26 02 26 40.000000 2   1.468309675234E-11  3.914697732643E-11
AR GRAC 2024 06 26 02 26 50.000000 2   1.604367853847E-11  4.271735395966E-11
AR GRAC 2024 06 26 02 27  0.000000 2   1.533410898258E-11  3.879771851012E-11
AR GRAC 2024 06 26 02 27 10.000000 2   1.540699512415E-11  4.477809095738E-11
AR GRAC 2024 06 26 02 27 20.000000 2   1.258161370227E-11  3.501846729259E-11
AR GRAC 2024 06 26 02 27 30.000000 2   1.537128410667E-11  3.415883548241E-11
AR GRAC 2024 06 26 02 27 40.000000 2   1.625614226564E-11  4.496921238162E-11
AR GRAC 2024 06 26 02 27 50.000000 2   2.098536969197E-11  3.884958327260E-11
AR GRAC 2024 06 26 02 28  0.000000 2   1.787682502030E-11  3.182995186868E-11
AR GRAC 2024 06 26 02 28 10.000000 2   1.538659651079E-11  3.098032247406E-11
AR GRAC 2024 06 26 02 28 20.000000 2   1.673858621154E-11  5.134069211432E-11
AR GRAC 2024 06 26 02 28 30.000000 2   1.811422019327E-11  2.840106448632E-11
AR GRAC 2024 06 26 02 28 40.000000 2   1.719567023495E-11  4.086143923221E-11
AR GRAC 2024 06 26 02 28 50.000000 2   1.921184739073E-11  3.039180365705E-11
AR GRAC 2024 06 26 02 29  0.000000 2   1.480028773149E-11  5.237217604037E-11
AR GRAC 2024 06 26 02 29 10.000000 2   1.803633110919E-11  4.972254205593E-11
AR GRAC 2024 06 26 02 29 20.000000 2   1.770161794923E-11  2.194291623403E-11
AR GRAC 2024 06 26 02 29 30.000000 2   1.916942993230E-11  3.194328135336E-11
AR GRAC 2024 06 26 02 29 40.000000 2   1.549479468343E-11  2.911365246105E-11
AR GRAC 2024 06 26 02 29 50.000000 2   1.793861240107E-11  5.175402467694E-11
AR GRAC 2024 06 26 02 30  0.000000 2   1.609759374410E-11  4.024439115291E-11
AR GRAC 2024 06 26 02 30 10.000000 2   1.530078494461E-11  3.733476028334E-11
AR GRAC 2024 06 26 02 30 20.000000 2   1.779325645157E-11  2.691512984709E-11
AR GRAC 2024 06 26 02 30 30.000000 2   1.941550045736E-11  4.075549273064E-11
AR GRAC 2024 06 26 02 30 40.000000 2   2.026991421933E-11  4.191586661095E-11
AR GRAC 2024 06 26 02 30 50.000000 2   1.853145935315E-11  3.772623533016E-11
AR GRAC 2024 06 26 02 31  0.000000 2   1.942449673331E-11  4.729659719427E-11
AR GRAC 2024 06 26 02 31 10.000000 2   1.757231166133E-11  3.708696891258E-11
AR GRAC 2024 06 26 02 31 20.000000 2   1.729109910809E-11  3.761733632923E-11
AR GRAC 2024 06 26 02 31 30.000000 2   1.711255963321E-11  2.293770208495E-11
AR GRAC 2024 06 26 02 31 40.000000 2   1.886642231330E-11  4.248807208840E-11
AR GRAC 2024 06 26 02 31 50.000000 2   2.156779789486E-11  4.432843328517E-11
AR GRAC 2024 06 26 02 32  0.000000 2   2.121522922616E-11  3.649880050971E-11
AR GRAC 2024 06 26 02 32 10.000000 2   2.165181228753E-11  2.400916791767E-11
AR GRAC 2024 06 26 02 32 20.000000 2   1.712248051677E-11  3.692953581824E-11
AR GRAC 2024 06 26 02 32 30.000000 2   1.940358984598E-11  3.711990090305E-11
AR GRAC 2024 06 26 02 32 40.000000 2   1.792774088905E-11  3.075026691612E-11
AR GRAC 2024 06 26 02 32 50.000000 2   1.512281792848E-11  4.070063383543E-11
AR GRAC 2024 06 26 02 33  0.000000 2   1.995275472622E-11  3.130099651694E-11
AR GRAC 2024 06 26 02 33 10.000000 2   2.086158329417E-11  2.359136323793E-11
AR GRAC 2024 06 26 02 33 20.000000 2   1.850960530680E-11  2.900172463294E-11
AR GRAC 2024 06 26 02 33 30.000000 2   1.877108191106E-11  3.992208993941E-11
AR GRAC 2024 06 26 02 33 40.000000 2   1.720369333102E-11  4.480245688332E-11
AR GRAC 2024 06 26 02 33 50.000000 2   1.775021275796E-11  3.455281893938E-11
AR GRAC 2024 06 26 02 34  0.000000 2   2.091802252246E-11  3.561318601131E-11
AR GRAC 2024 06 26 02 34 10.000000 2   1.934593978070E-11  2.657354718216E-11
AR GRAC 2024 06 26 02 34 20.000000 2   2.232363252586E-11  3.704390960646E-11
AR GRAC 2024 06 26 02 34 30.000000 2   1.964341189709E-11  2.336427926131E-11
AR GRAC 2024 06 26 02 34 40.000000 2   2.114007233156E-11  4.876463816084E-11
AR GRAC 2024 06 26 02 34 50.000000 2   1.836529019139E-11  2.948500124611E-11
AR GRAC 2024 06 26 02 35  0.000000 2   1.741226433871E-11  1.945536613757E-11
AR GRAC 2024 06 26 02 35 10.000000 2   1.849996891790E-11  3.808572554553E-11
AR GRAC 2024 06 26 02 35 20.000000 2   1.602282889701E-11  3.333609430167E-11
AR GRAC 2024 06 26 02 35 30.000000 2   2.087389636141E-11  4.087645499862E-11
AR GRAC 2024 06 26 02 35 40.000000 2   1.945328446940E-11  3.321681471546E-11
AR GRAC 2024 06 26 02 35 50.000000 2   1.862746241976E-11  2.854717677525E-11
AR GRAC 2024 06 26 02 36  0.000000 2   2.007826890860E-11  3.438753448659E-11
AR GRAC 2024 06 26 02 36 10.000000 2   1.928003937057E-11  2.669789909981E-11
AR GRAC 2024 06 26 02 36 20.000000 2   1.798979888668E-11  2.894826565958E-11
AR GRAC 2024 06 26 02 36 30.000000 2   2.277250610305E-11  3.596862044319E-11
AR GRAC 2024 06 26 02 36 40.000000 2   2.083699879307E-11  3.052898558953E-11
AR GRAC 2024 06 26 02 36 50.000000 2   1.832219619080E-11  3.120934066736E-11
AR GRAC 2024 06 26 02 37  0.000000 2   2.226781779802E-11  2.458970874142E-11
AR GRAC 2024 06 26 02 37 10.000000 2   1.773823275764E-11  3.728006445214E-11
AR GRAC 2024 06 26 02 37 20.000000 2   1.812524436096E-11  3.032041978601E-11
AR GRAC 2024 06 26 02 37 30.000000 2   2.199536212888E-11  1.917078475133E-11
AR GRAC 2024 06 26 02 37 40.000000 2   2.136651619522E-11  4.174114179301E-11
AR GRAC 2024 06 26 02 37 50.000000 2   1.854940853696E-11  2.047150469975E-11
AR GRAC 2024 06 26 02 38  0.000000 2   2.059433179546E-11  4.609186296523E-11
AR GRAC 2024 06 26 02 38 10.000000 2   1.993544565537E-11  3.360222169957E-11
AR GRAC 2024 06 26 02 38 20.000000 2   1.474280766911E-11  2.087258491046E-11
AR GRAC 2024 06 26 02 38 30.000000 2   1.857966905328E-11  3.675293749894E-11
AR GRAC 2024 06 26 02 38 40.000000 2   1.838111086949E-11  3.167329593046E-11
AR GRAC 2024 06 26 02 38 50.000000 2   1.832986713801E-11  2.845365783266E-11
AR GRAC 2024 06 26 02 39  0.000000 2   1.752557127199E-11  2.619401917592E-11
AR GRAC 2024 06 26 02 39 10.000000 2   2.099787531351E-11  3.044437271726E-11
AR GRAC 2024 06 26 02 39 20.000000 2   1.929304459247E-11  1.770473351259E-11
AR GRAC 2024 06 26 02 39 30.000000 2   2.292607423349E-11  3.499508322014E-11
AR GRAC 2024 06 26 02 39 40.000000 2   2.345838280571E-11  2.904544833815E-11
AR GRAC 2024 06 26 02 39 50.000000 2   1.909167615666E-11  2.474580436396E-11
AR GRAC 2024 06 26 02 40  0.000000 2   1.862506850137E-11  4.231616099193E-11
AR GRAC 2024 06 26 02 40 10.000000 2   1.567716789719E-11  2.799651135921E-11
AR GRAC 2024 06 26 02 40 20.000000 2   2.190591631701E-11  3.430687331440E-11
AR GRAC 2024 06 26 02 40 30.000000 2   1.951702688352E-11  3.952722871237E-11
AR GRAC 2024 06 26 02 40 40.000000 2   2.358985402851E-11  1.746758640508E-11
AR GRAC 2024 06 26 02 40 50.000000 2   2.132886402217E-11  3.368794132541E-11
AR GRAC 2024 06 26 02 41  0.000000 2   1.827181808634E-11  2.484830050054E-11
AR GRAC 2024 06 26 02 41 10.000000 2   1.643872711565E-11  3.388865230103E-11
AR GRAC 2024 06 26 02 41 20.000000 2   1.999583137957E-11  2.594901203634E-11
AR GRAC 2024 06 26 02 41 30.000000 2   1.619752248994E-11  1.926936561703E-11
AR GRAC 2024 06 26 02 41 40.000000 2   1.852483617892E-11  2.890971836922E-11
AR GRAC 2024 06 26 02 41 50.000000 2   1.756122677832E-11  2.958007450093E-11
AR GRAC 2024 06 26 02 42  0.000000 2   1.781431599457E-11  1.252042827055E-11
AR GRAC 2024 06 26 02 42 10.000000 2   2.254384873224E-11  2.297078326163E-11
AR GRAC 2024 06 26 02 42 20.000000 2   1.511812029731E-11  3.588113486885E-11
AR GRAC 2024 06 26 02 42 30.000000 2   2.035245236232E-11  1.909149227597E-11
AR GRAC 2024 06 26 02 42 40.000000 2   1.582452918703E-11  2.981184396567E-11
AR GRAC 2024 06 26 02 42 50.000000 2   1.778605214497E-11  1.602219919239E-11
AR GRAC 2024 06 26 02 43  0.000000 2   1.635845625625E-11  2.390255181284E-11
AR GRAC 2024 06 26 02 43 10.000000 2   1.668279230038E-11  2.827290658536E-11
AR GRAC 2024 06 26 02 43 20.000000 2   1.625898027324E-11  3.195325601335E-11
AR GRAC 2024 06 26 02 43 30.000000 2   1.437719474723E-11  2.081360951645E-11
AR GRAC 2024 06 26 02 43 40.000000 2   1.850100628253E-11  1.818396475062E-11
AR GRAC 2024 06 26 02 43 50.000000 2   1.969210211561E-11  3.232431683431E-11
AR GRAC 2024 06 26 02 44  0.000000 2   1.788696100957E-11  8.334669759913E-12
AR GRAC 2024 06 26 02 44 10.000000 2   1.798002025044E-11  3.181502283844E-11
AR GRAC 2024 06 26 02 44 20.000000 2   1.701141831567E-11  1.602537373635E-11
AR GRAC 2024 06 26 02 44 30.000000 2   1.825454024051E-11  3.306572723960E-11
AR GRAC 2024 06 26 02 44 40.000000 2   1.827221186856E-11  2.676607720187E-11
AR GRAC 2024 06 26 02 44 50.000000 2   1.615345704420E-11  2.070642962648E-11
AR GRAC 2024 06 26 02 45  0.000000 2   1.831465881730E-11  2.783677975626E-11
AR GRAC 2024 06 26 02 45 10.000000 2   1.667609279832E-11  1.821712919403E-11
AR GRAC 2024 06 26 02 45 20.000000 2   1.628952528421E-11  1.627748109911E-11
AR GRAC 2024 06 26 02 45 30.000000 2   1.784858892628E-11  2.092783064900E-11
AR GRAC 2024 06 26 02 45 40.000000 2   1.756266659880E-11  1.706818193725E-11
AR GRAC 2024 06 26 02 45 50.000000 2   1.701121535302E-11  2.145852939783E-11
AR GRAC 2024 06 26 02 46  0.000000 2   1.679307561064E-11  2.804887919150E-11
AR GRAC 2024 06 26 02 46 10.000000 2   1.755242479140E-11  3.215922667055E-11
AR GRAC 2024 06 26 02 46 20.000000 2   1.568346667813E-11  1.570957947061E-11
AR GRAC 2024 06 26 02 46 30.000000 2   1.615941928879E-11  2.415992926552E-11
AR GRAC 2024 06 26 02 46 40.000000 2   1.502728670666E-11  2.799027676303E-11
AR GRAC 2024 06 26 02 46 50.000000 2   1.474175989613E-11  1.166062645747E-11
AR GRAC 2024 06 26 02 47  0.000000 2   2.040165258954E-11  2.093097743738E-11
AR GRAC 2024 06 26 02 47 10.000000 2   1.801442328642E-11  3.299132494972E-11
AR GRAC 2024 06 26 02 47 20.000000 2   1.684798828228E-11  1.485167197557E-11
AR GRAC 2024 06 26 02 47 30.000000 2   1.390401335732E-11  1.970201952972E-11
AR GRAC 2024 06 26 02 47 40.000000 2   1.328045746291E-11  2.577237034895E-11
AR GRAC 2024 06 26 02 47 50.000000 2   1.687774919823E-11  1.262271537295E-11
AR GRAC 2024 06 26 02 48  0.000000 2   1.750987549398E-11  2.236306625991E-11
AR GRAC 2024 06 26 02 48 10.000000 2   1.578604781616E-11  4.140340501002E-11
AR GRAC 2024 06 26 02 48 20.000000 2   1.480242317609E-11  1.058375696111E-11
AR GRAC 2024 06 26 02 48 30.000000 2   1.411946080887E-11  2.198410550824E-11
AR GRAC 2024 06 26 02 48 40.000000 2   1.455676724993E-11  3.314444899094E-11
AR GRAC 2024 06 26 02 48 50.000000 2   1.331275974875E-11  9.464797001701E-12
AR GRAC 2024 06 26 02 49  0.000000 2   1.491489050320E-11  2.255514698624E-11
AR GRAC 2024 06 26 02 49 10.000000 2   1.871577545720E-11  8.185490479873E-12
AR GRAC 2024 06 26 02 49 20.000000 2   1.306306538634E-11  1.297583655108E-11
AR GRAC 2024 06 26 02 49 30.000000 2   1.467950760947E-11  2.396618146994E-11
AR GRAC 2024 06 26 02 49 40.000000 2   1.120283640160E-11  3.211652471746E-11
AR GRAC 2024 06 26 02 49 50.000000 2   1.296875801193E-11  2.328687416508E-11
AR GRAC 2024 06 26 02 50  0.000000 2   1.604928169530E-11  2.035721591298E-11
AR GRAC 2024 06 26 02 50 10.000000 2   1.296676134521E-11  1.167563658602E-12
AR GRAC 2024 06 26 02 50 20.000000 2   1.214186477055E-11  2.262790822771E-11
AR GRAC 2024 06 26 02 50 30.000000 2   1.020190616013E-11  3.091825059864E-11
AR GRAC 2024 06 26 02 50 40.000000 2   1.103137806796E-11  1.190859910682E-11
AR GRAC 2024 06 26 02 50 50.000000 2   1.237844288876E-11  1.570893935765E-11
AR GRAC 2024 06 26 02 51  0.000000 2   1.079158550715E-11  1.646928426968E-11
AR GRAC 2024 06 26 02 51 10.000000 2   1.214147012096E-11  1.733962799733E-11
AR GRAC 2024 06 26 02 51 20.000000 2   9.474496708017E-12  1.148997130079E-11
AR GRAC 2024 06 26 02 51 30.000000 2   9.666743967796E-12  1.875031553633E-11
AR GRAC 2024 06 26 02 51 40.000000 2   1.402503720799E-11  3.740657956997E-12
AR GRAC 2024 06 26 02 51 50.000000 2   9.651002219613E-12  1.622100370691E-11
AR GRAC 2024 06 26 02 52  0.000000 2   9.072242956876E-12  2.094134067543E-11
AR GRAC 2024 06 26 02 52 10.000000 2   1.107353531787E-11  1.196168684936E-11
AR GRAC 2024 06 26 02 52 20.000000 2   1.096166733772E-11  1.585202628884E-11
AR GRAC 2024 06 26 02 52 30.000000 2   1.004828945744E-11  1.791237123905E-11
AR GRAC 2024 06 26 02 52 40.000000 2   9.767954674278E-12  2.627122965785E-13
AR GRAC 2024 06 26 02 52 50.000000 2   1.065776980558E-11  2.670305469799E-11
AR GRAC 2024 06 26 02 53  0.000000 2   5.661474761220E-12  2.078339757239E-11
AR GRAC 2024 06 26 02 53 10.000000 2   9.655179433743E-12  1.787373894724E-11
AR GRAC 2024 06 26 02 53 20.000000 2   8.333206520661E-12  1.256407651529E-11
AR GRAC 2024 06 26 02 53 30.000000 2   8.334247354747E-12 -1.985579452593E-12
AR GRAC 2024 06 26 02 53 40.000000 2   9.635433076416E-12  2.624475810287E-11
AR GRAC 2024 06 26 02 53 50.000000 2   6.702783293677E-12  6.485100650933E-12
AR GRAC 2024 06 26 02 54  0.000000 2   5.330521614388E-12  2.383544230045E-11
AR GRAC 2024 06 26 02 54 10.000000 2   1.079240256191E-11  1.925781799653E-12
AR GRAC 2024 06 26 02 54 20.000000 2   5.094622640422E-12  8.306121415669E-12
AR GRAC 2024 06 26 02 54 30.000000 2   7.265115592459E-12  2.556646040708E-11
AR GRAC 2024 06 26 02 54 40.000000 2   5.604148221872E-12  7.456799934469E-12
AR GRAC 2024 06 26 02 54 50.000000 2   7.554280985478E-12  8.947142506044E-12
AR GRAC 2024 06 26 02 55  0.000000 2   6.958118543149E-12  1.784748043798E-11
AR GRAC 2024 06 26 02 55 10.000000 2   8.519459443468E-12  1.174781973090E-11
AR GRAC 2024 06 26 02 55 20.000000 2   3.389100632079E-12  1.995815665512E-11
AR GRAC 2024 06 26 02 55 30.000000 2   6.348240509657E-12  1.171849596526E-11
AR GRAC 2024 06 26 02 55 40.000000 2   8.725142136567E-12  1.399883594461E-11
AR GRAC 2024 06 26 02 55 50.000000 2   3.482824488879E-12  3.219172975064E-12
AR GRAC 2024 06 26 02 56  0.000000 2   9.326494437856E-12  1.924950997212E-11
AR GRAC 2024 06 26 02 56 10.000000 2   4.113339443362E-12  8.059847927955E-12
AR GRAC 2024 06 26 02 56 20.000000 2   6.535672177066E-12  1.351018689283E-11
AR GRAC 2024 06 26 02 56 30.000000 2   7.859263587151E-12  8.930522987782E-12
AR GRAC 2024 06 26 02 56 40.000000 2   1.957557596924E-12  8.708611089203E-13
AR GRAC 2024 06 26 02 56 50.000000 2   3.560044837050E-12  1.428119775215E-11
AR GRAC 2024 06 26 02 57  0.000000 2   1.801975452534E-12  1.432153440978E-11
AR GRAC 2024 06 26 02 57 10.000000 2   3.251949707780E-12  9.561871260055E-12
AR GRAC 2024 06 26 02 57 20.000000 2   2.178480703122E-12  1.154220642674E-11
AR GRAC 2024 06 26 02 57 30.000000 2   1.719842150638E-12  8.272543240706E-12
AR GRAC 2024 06 26 02 57 40.000000 2   3.716943853399E-12  1.441288061121E-11
AR GRAC 2024 06 26 02 57 50.000000 2   1.065781143894E-12 -2.466783938573E-12
AR GRAC 2024 06 26 02 58  0.000000 2   6.658228655920E-13  1.084354914888E-11
AR GRAC 2024 06 26 02 58 10.000000 2   2.564967552590E-12 -1.093611225883E-11
AR GRAC 2024 06 26 02 58 20.000000 2   2.374541101940E-12  1.800422137765E-11
AR GRAC 2024 06 26 02 58 30.000000 2   3.202897365731E-12  9.454559531108E-12
AR GRAC 2024 06 26 02 58 40.000000 2   1.150382632036E-12  1.357489034376E-11
AR GRAC 2024 06 26 02 58 50.000000 2  -9.810761822078E-14 -1.213477408835E-11
AR GRAC 2024 06 26 02 59  0.000000 2  -1.408440096322E-12  3.515560672435E-12
AR GRAC 2024 06 26 02 59 10.000000 2   2.048192344895E-12  1.577589447965E-11
AR GRAC 2024 06 26 02 59 20.000000 2  -5.397702684123E-13  9.526227896794E-12
AR GRAC 2024 06 26 02 59 30.000000 2   1.508989656319E-12  4.716564812324E-12
AR GRAC 2024 06 26 02 59 40.000000 2  -3.891576731002E-12 -8.633103780464E-12
AR GRAC 2024 06 26 02 59 50.000000 2   9.395633143033E-13 -4.092769959746E-12
AR GRAC 2024 06 26 03 00  0.000000 2  -1.968808362868E-12  1.759756056152E-11
AR GRAC 2024 06 26 03 00 10.000000 2  -2.862922572622E-12  5.067896623190E-12
AR GRAC 2024 06 26 03 00 20.000000 2  -3.642323422037E-12 -8.801770944034E-12
AR GRAC 2024 06 26 03 00 30.000000 2  -5.688447109187E-12  4.188562691132E-12
AR GRAC 2024 06 26 03 00 40.000000 2  -6.217195269893E-13  1.942889425732E-11
AR GRAC 2024 06 26 03 00 50.000000 2  -1.014922737866E-12 -4.560773633755E-12
AR GRAC 2024 06 26 03 01  0.000000 2  -6.118715343423E-12  1.725955836585E-11
AR GRAC 2024 06 26 03 01 10.000000 2  -2.148589899748E-12 -1.483010936276E-11
AR GRAC 2024 06 26 03 01 20.000000 2  -4.353848011285E-12  1.358022201636E-11
AR GRAC 2024 06 26 03 01 30.000000 2  -8.934869337451E-12 -1.499446291957E-12
AR GRAC 2024 06 26 03 01 40.000000 2  -5.083171730758E-12  5.260885043573E-12
AR GRAC 2024 06 26 03 01 50.000000 2  -7.680254002218E-12 -3.748783401758E-12
AR GRAC 2024 06 26 03 02  0.000000 2  -1.426625853042E-12  5.091547843061E-12
AR GRAC 2024 06 26 03 02 10.000000 2  -4.637784514067E-12  6.291876741837E-12
AR GRAC 2024 06 26 03 02 20.000000 2  -7.303698444650E-12  1.822207749275E-12
AR GRAC 2024 06 26 03 02 30.000000 2  -4.359582573416E-12 -4.197462256245E-12
AR GRAC 2024 06 26 03 02 40.000000 2  -5.397526176010E-12  2.942869038736E-12
AR GRAC 2024 06 26 03 02 50.000000 2  -5.620586461530E-12  7.853198126517E-12
AR GRAC 2024 06 26 03 03  0.000000 2  -5.363590214330E-12 -1.263647346483E-11
AR GRAC 2024 06 26 03 03 10.000000 2  -7.314504904543E-12  9.893859169441E-12
AR GRAC 2024 06 26 03 03 20.000000 2  -7.351450177773E-12 -1.545813607326E-12
AR GRAC 2024 06 26 03 03 30.000000 2  -7.759945463981E-12 -1.745484182539E-12
AR GRAC 2024 06 26 03 03 40.000000 2  -8.854707765626E-12 -1.241515570904E-11
AR GRAC 2024 06 26 03 03 50.000000 2  -7.501825549650E-12 -5.334825897013E-12
AR GRAC 2024 06 26 03 04  0.000000 2  -9.777127024657E-12 -3.564497221692E-12
AR GRAC 2024 06 26 03 04 10.000000 2  -5.896096545027E-12  1.021582818339E-11
AR GRAC 2024 06 26 03 04 20.000000 2  -1.134761815763E-11 -4.053840596541E-12
AR GRAC 2024 06 26 03 04 30.000000 2  -8.292002501298E-12 -6.573513434971E-12
AR GRAC 2024 06 26 03 04 40.000000 2  -9.439537693168E-12  1.412681343432E-11
AR GRAC 2024 06 26 03 04 50.000000 2  -9.244005734488E-12 -1.765285660704E-11
AR GRAC 2024 06 26 03 05  0.000000 2  -1.401190014710E-11 -6.852531996698E-12
AR GRAC 2024 06 26 03 05 10.000000 2  -9.751497352661E-12 -1.091220429988E-11
AR GRAC 2024 06 26 03 05 20.000000 2  -1.289127658788E-11  2.088123077226E-12
AR GRAC 2024 06 26 03 05 30.000000 2  -1.063557141662E-11 -9.191549431298E-12
AR GRAC 2024 06 26 03 05 40.000000 2  -1.167698056304E-11 -8.971223937337E-12
AR GRAC 2024 06 26 03 05 50.000000 2  -1.083475757030E-11 -1.120898621317E-12
AR GRAC 2024 06 26 03 06  0.000000 2  -1.264795993633E-11  1.293942817476E-11
AR GRAC 2024 06 26 03 06 10.000000 2  -9.888335809893E-12 -8.770244946943E-12
AR GRAC 2024 06 26 03 06 20.000000 2  -1.379659407552E-11 -8.229919350178E-12
AR GRAC 2024 06 26 03 06 30.000000 2  -1.190299941944E-11  9.300405931500E-12
AR GRAC 2024 06 26 03 06 40.000000 2  -1.304873223362E-11  3.207302045477E-13
AR GRAC 2024 06 26 03 06 50.000000 2  -1.648195642467E-11 -9.348943494358E-12
AR GRAC 2024 06 26 03 07  0.000000 2  -1.116603337570E-11 -5.818619024101E-12
AR GRAC 2024 06 26 03 07 10.000000 2  -9.550800254832E-12 -1.769829421905E-11
AR GRAC 2024 06 26 03 07 20.000000 2  -1.367849843809E-11 -1.917969255638E-12
AR GRAC 2024 06 26 03 07 30.000000 2  -1.300651253366E-11 -1.504764368665E-11
AR GRAC 2024 06 26 03 07 40.000000 2  -1.633680690727E-11 -1.800732306323E-11
AR GRAC 2024 06 26 03 07 50.000000 2  -1.660512873036E-11 -2.326995800911E-12
AR GRAC 2024 06 26 03 08  0.000000 2  -1.539527533234E-11  4.283325430454E-12
AR GRAC 2024 06 26 03 08 10.000000 2  -1.452655877532E-11 -2.363480234007E-13
AR GRAC 2024 06 26 03 08 20.000000 2  -1.416577445623E-11 -1.889602710414E-11
AR GRAC 2024 06 26 03 08 30.000000 2  -1.606325836234E-11 -7.875702694171E-12
AR GRAC 2024 06 26 03 08 40.000000 2  -1.422578721488E-11  2.754620099729E-12
AR GRAC 2024 06 26 03 08 50.000000 2  -1.465941604217E-11 -2.280505645436E-11
AR GRAC 2024 06 26 03 09  0.000000 2  -1.728191548200E-11 -2.209473402848E-11
AR GRAC 2024 06 26 03 09 10.000000 2  -1.395464299669E-11 -1.468441340746E-11
AR GRAC 2024 06 26 03 09 20.000000 2  -1.802962466824E-11 -3.374088985639E-12
AR GRAC 2024 06 26 03 09 30.000000 2  -1.426190675974E-11 -1.063376903893E-11
AR GRAC 2024 06 26 03 09 40.000000 2  -2.063318786660E-11 -7.123445062984E-12
AR GRAC 2024 06 26 03 09 50.000000 2  -1.435717170151E-11 -1.769312647781E-11
AR GRAC 2024 06 26 03 10  0.000000 2  -1.622591297434E-11 -2.692802794982E-12
AR GRAC 2024 06 26 03 10 10.000000 2  -1.697283112667E-11 -1.926248223427E-11
AR GRAC 2024 06 26 03 10 20.000000 2  -1.843356196851E-11 -4.122160945919E-12
AR GRAC 2024 06 26 03 10 30.000000 2  -1.595781493058E-11 -1.222183985961E-11
AR GRAC 2024 06 26 03 10 40.000000 2  -1.698116473825E-11 -1.820152015219E-11
AR GRAC 2024 06 26 03 10 50.000000 2  -1.975445848568E-11 -1.632119960016E-11
AR GRAC 2024 06 26 03 11  0.000000 2  -1.749301398180E-11 -1.816087905060E-11
AR GRAC 2024 06 26 03 11 10.000000 2  -1.922640345542E-11 -1.859055791253E-11
AR GRAC 2024 06 26 03 11 20.000000 2  -1.998556008187E-11 -8.470238399561E-12
AR GRAC 2024 06 26 03 11 30.000000 2  -1.925235491862E-11 -1.781992262084E-11
AR GRAC 2024 06 26 03 11 40.000000 2  -1.657747550343E-11 -1.749960072683E-11
AR GRAC 2024 06 26 03 11 50.000000 2  -1.775380537028E-11 -3.259279564988E-12
AR GRAC 2024 06 26 03 12  0.000000 2  -2.148643242494E-11 -2.981896327081E-11
AR GRAC 2024 06 26 03 12 10.000000 2  -1.867053733839E-11 -1.548864335399E-11
AR GRAC 2024 06 26 03 12 20.000000 2  -2.201478409292E-11 -1.418832499406E-11
AR GRAC 2024 06 26 03 12 30.000000 2  -1.810368695232E-11 -2.604800576622E-11
AR GRAC 2024 06 26 03 12 40.000000 2  -2.257688307139E-11 -7.377687870347E-12
AR GRAC 2024 06 26 03 12 50.000000 2  -2.197559322015E-11 -1.391736899337E-11
AR GRAC 2024 06 26 03 13  0.000000 2  -1.764834806073E-11 -2.510705358894E-11
AR GRAC 2024 06 26 03 13 10.000000 2  -1.888269055006E-11 -8.656735051016E-12
AR GRAC 2024 06 26 03 13 20.000000 2  -2.150428272951E-11 -2.766641429841E-11
AR GRAC 2024 06 26 03 13 30.000000 2  -1.875023920850E-11 -5.726099715914E-12
AR GRAC 2024 06 26 03 13 40.000000 2  -2.122188536013E-11 -2.596578507763E-11
AR GRAC 2024 06 26 03 13 50.000000 2  -1.822423288667E-11 -1.843546669489E-11
AR GRAC 2024 06 26 03 14  0.000000 2  -2.170634678944E-11 -6.965148510035E-12
AR GRAC 2024 06 26 03 14 10.000000 2  -2.365871040744E-11 -2.693483283633E-11
AR GRAC 2024 06 26 03 14 20.000000 2  -2.174179239423E-11 -1.606451777159E-11
AR GRAC 2024 06 26 03 14 30.000000 2  -2.042164527760E-11 -1.184419923250E-11
AR GRAC 2024 06 26 03 14 40.000000 2  -1.974599997401E-11 -2.579388612423E-11
AR GRAC 2024 06 26 03 14 50.000000 2  -1.795431858742E-11 -3.423570671748E-12
AR GRAC 2024 06 26 03 15  0.000000 2  -2.438598802057E-11 -1.073325282819E-11
AR GRAC 2024 06 26 03 15 10.000000 2  -2.227626243190E-11 -2.302293945766E-11
AR GRAC 2024 06 26 03 15 20.000000 2  -2.219106322310E-11 -1.828262367887E-11
AR GRAC 2024 06 26 03 15 30.000000 2  -2.035533547273E-11 -2.673230733996E-11
AR GRAC 2024 06 26 03 15 40.000000 2  -2.348802402574E-11 -1.493199314195E-11
AR GRAC 2024 06 26 03 15 50.000000 2  -2.068222156038E-11 -1.415167896063E-11
AR GRAC 2024 06 26 03 16  0.000000 2  -2.086403098900E-11 -3.610137189192E-11
AR GRAC 2024 06 26 03 16 10.000000 2  -2.251345464221E-11 -2.452105012096E-11
AR GRAC 2024 06 26 03 16 20.000000 2  -1.989087887455E-11 -1.530736475075E-12
AR GRAC 2024 06 26 03 16 30.000000 2  -2.207383581476E-11 -2.825042283439E-11
AR GRAC 2024 06 26 03 16 40.000000 2  -2.341937754835E-11 -3.611011142879E-11
AR GRAC 2024 06 26 03 16 50.000000 2  -2.146259905911E-11 -1.764979655483E-11
AR GRAC 2024 06 26 03 17  0.000000 2  -2.303797951020E-11 -1.957948213283E-11
AR GRAC 2024 06 26 03 17 10.000000 2  -2.351033083492E-11 -1.845916822174E-11
AR GRAC 2024 06 26 03 17 20.000000 2  -1.582352304741E-11 -2.907885911230E-11
AR GRAC 2024 06 26 03 17 30.000000 2  -2.563234693942E-11 -2.323854650377E-11
AR GRAC 2024 06 26 03 17 40.000000 2  -2.556517324226E-11 -3.334823389656E-11
AR GRAC 2024 06 26 03 17 50.000000 2  -2.306077898084E-11 -3.101792087068E-11
AR GRAC 2024 06 26 03 18  0.000000 2  -2.019722063207E-11 -4.147609772992E-12
AR GRAC 2024 06 26 03 18 10.000000 2  -2.520965727837E-11 -2.398729652409E-11
AR GRAC 2024 06 26 03 18 20.000000 2  -2.168702023519E-11 -2.946698787754E-11
AR GRAC 2024 06 26 03 18 30.000000 2  -2.293856771196E-11 -1.313667490760E-11
AR GRAC 2024 06 26 03 18 40.000000 2  -2.513780850144E-11 -2.599636304834E-11
AR GRAC 2024 06 26 03 18 50.000000 2  -2.530338959195E-11 -2.412605185076E-11
AR GRAC 2024 06 26 03 19  0.000000 2  -2.035612997608E-11 -1.949574182647E-11
AR GRAC 2024 06 26 03 19 10.000000 2  -2.501287371670E-11 -2.104543102288E-11
AR GRAC 2024 06 26 03 19 20.000000 2  -2.078248163839E-11 -1.764512147506E-11
AR GRAC 2024 06 26 03 19 30.000000 2  -2.149139546881E-11 -2.073480970255E-11
AR GRAC 2024 06 26 03 19 40.000000 2  -2.356011392923E-11 -3.041450077901E-11
AR GRAC 2024 06 26 03 19 50.000000 2  -2.371290837300E-11 -1.017419135052E-11
AR GRAC 2024 06 26 03 20  0.000000 2  -2.134433428613E-11 -2.904388188285E-11
AR GRAC 2024 06 26 03 20 10.000000 2  -2.295368929650E-11 -1.418357185173E-11
AR GRAC 2024 06 26 03 20 20.000000 2  -2.185579148217E-11 -1.668326414517E-11
AR GRAC 2024 06 26 03 20 30.000000 2  -2.571384251360E-11 -2.315295351274E-11
AR GRAC 2024 06 26 03 20 40.000000 2  -2.563642180486E-11 -2.352264563688E-11
AR GRAC 2024 06 26 03 20 50.000000 2  -2.134130719367E-11 -2.665233658772E-11
AR GRAC 2024 06 26 03 21  0.000000 2  -1.979053899925E-11 -1.772203044037E-11
AR GRAC 2024 06 26 03 21 10.000000 2  -2.424718932581E-11 -6.871719339385E-12
AR GRAC 2024 06 26 03 21 20.000000 2  -2.479008144596E-11 -2.156141237775E-11
AR GRAC 2024 06 26 03 21 30.000000 2  -2.203545852730E-11 -2.070110402541E-11
AR GRAC 2024 06 26 03 21 40.000000 2  -2.420651699919E-11 -2.074079796799E-11
AR GRAC 2024 06 26 03 21 50.000000 2  -2.335756588145E-11 -2.204048922538E-11
AR GRAC 2024 06 26 03 22  0.000000 2  -2.163334095195E-11 -1.055018312296E-11
AR GRAC 2024 06 26 03 22 10.000000 2  -1.937273605424E-11 -1.898987737892E-11
AR GRAC 2024 06 26 03 22 20.000000 2  -2.160838868948E-11 -1.867957004353E-11
AR GRAC 2024 06 26 03 22 30.000000 2  -2.550044723992E-11 -1.422926186601E-11
AR GRAC 2024 06 26 03 22 40.000000 2  -2.244029267962E-11 -1.283895646048E-11
AR GRAC 2024 06 26 03 22 50.000000 2  -2.505176274759E-11 -1.842865096635E-11
AR GRAC 2024 06 26 03 23  0.000000 2  -2.211006724928E-11 -2.204834231856E-11
AR GRAC 2024 06 26 03 23 10.000000 2  -2.193934964256E-11 -2.017803805987E-11
AR GRAC 2024 06 26 03 23 20.000000 2  -2.287330221062E-11 -2.489773318071E-11
AR GRAC 2024 06 26 03 23 30.000000 2  -2.060336970477E-11 -4.367427860336E-12
AR GRAC 2024 06 26 03 23 40.000000 2  -2.512188027048E-11 -2.702712185998E-11
AR GRAC 2024 06 26 03 23 50.000000 2  -2.093122897229E-11 -9.726817441769E-12
AR GRAC 2024 06 26 03 24  0.000000 2  -2.167296550559E-11 -2.936651269381E-11
AR GRAC 2024 06 26 03 24 10.000000 2  -2.286004198437E-11 -1.327620825775E-11
AR GRAC 2024 06 26 03 24 20.000000 2  -2.005937950467E-11 -1.208590259122E-11
AR GRAC 2024 06 26 03 24 30.000000 2  -2.292282509642E-11 -1.130559968560E-11
AR GRAC 2024 06 26 03 24 40.000000 2  -2.416069080913E-11 -3.733529457817E-11
AR GRAC 2024 06 26 03 24 50.000000 2  -2.173741221745E-11 -8.334989816394E-12
AR GRAC 2024 06 26 03 25  0.000000 2  -2.197123212533E-11 -1.264468911522E-11
AR GRAC 2024 06 26 03 25 10.000000 2  -2.164595065690E-11 -1.876438414372E-11
AR GRAC 2024 06 26 03 25 20.000000 2  -2.194365002206E-11  6.859186612793E-13
AR GRAC 2024 06 26 03 25 30.000000 2  -1.994796341998E-11 -2.641377741530E-11
AR GRAC 2024 06 26 03 25 40.000000 2  -2.220521683194E-11 -1.928347412306E-11
AR GRAC 2024 06 26 03 25 50.000000 2  -2.189108269657E-11 -1.132317243441E-11
AR GRAC 2024 06 26 03 26  0.000000 2  -2.037412426270E-11 -2.481287050826E-11
AR GRAC 2024 06 26 03 26 10.000000 2  -2.106797375445E-11 -5.532568327082E-12
AR GRAC 2024 06 26 03 26 20.000000 2  -2.255577322141E-11 -2.170226671983E-11
AR GRAC 2024 06 26 03 26 30.000000 2  -2.078313736387E-11 -1.068196399390E-11
AR GRAC 2024 06 26 03 26 40.000000 2  -2.159180646777E-11 -1.391662176123E-12
AR GRAC 2024 06 26 03 26 50.000000 2  -2.125742637471E-11 -1.201136065609E-11
AR GRAC 2024 06 26 03 27  0.000000 2  -2.096918992611E-11 -7.181060000111E-12
AR GRAC 2024 06 26 03 27 10.000000 2  -2.067311079268E-11 -1.709075936329E-11
AR GRAC 2024 06 26 03 27 20.000000 2  -1.822464401613E-11 -9.370458402269E-12
AR GRAC 2024 06 26 03 27 30.000000 2  -1.931237808561E-11 -2.410157143307E-12
AR GRAC 2024 06 26 03 27 40.000000 2  -2.147263963859E-11 -1.080985648216E-11
AR GRAC 2024 06 26 03 27 50.000000 2  -1.654402830009E-11 -1.861955728488E-11
AR GRAC 2024 06 26 03 28  0.000000 2  -2.053818920489E-11 -2.358925728363E-11
AR GRAC 2024 06 26 03 28 10.000000 2  -2.021232660410E-11  6.104271005770E-14
AR GRAC 2024 06 26 03 28 20.000000 2  -2.204359784985E-11 -1.367865629792E-11
AR GRAC 2024 06 26 03 28 30.000000 2  -1.871970807532E-11 -9.838359293912E-12
AR GRAC 2024 06 26 03 28 40.000000 2  -2.057377011810E-11 -1.087805713562E-11
AR GRAC 2024 06 26 03 28 50.000000 2  -1.816083047834E-11 -7.377759861371E-12
AR GRAC 2024 06 26 03 29  0.000000 2  -1.901056569109E-11 -2.097460009495E-12
AR GRAC 2024 06 26 03 29 10.000000 2  -1.893167393685E-11 -8.767163210688E-12
AR GRAC 2024 06 26 03 29 20.000000 2  -2.042512860234E-11 -1.948686177700E-11
AR GRAC 2024 06 26 03 29 30.000000 2  -1.986566640355E-11  5.023434359458E-12
AR GRAC 2024 06 26 03 29 40.000000 2  -1.971022824121E-11 -5.796266678432E-12
AR GRAC 2024 06 26 03 29 50.000000 2  -1.827785665875E-11  4.224031281003E-12
AR GRAC 2024 06 26 03 30  0.000000 2  -1.515538562702E-11 -1.049567377454E-11
AR GRAC 2024 06 26 03 30 10.000000 2  -1.963197833466E-11 -7.735372238582E-12
AR GRAC 2024 06 26 03 30 20.000000 2  -2.085935070506E-11 -5.625077226928E-12
AR GRAC 2024 06 26 03 30 30.000000 2  -2.031287811566E-11 -3.074780664455E-12
AR GRAC 2024 06 26 03 30 40.000000 2  -1.869589726089E-11 -5.274482239859E-12
AR GRAC 2024 06 26 03 30 50.000000 2  -1.552013725870E-11 -9.094187208847E-12
AR GRAC 2024 06 26 03 31  0.000000 2  -2.250769882972E-11 -7.103888657878E-12
AR GRAC 2024 06 26 03 31 10.000000 2  -1.660560577932E-11 -4.763594033119E-12
AR GRAC 2024 06 26 03 31 20.000000 2  -1.604517907428E-11 -1.036329615872E-11
AR GRAC 2024 06 26 03 31 30.000000 2  -1.723089899930E-11  1.786997741622E-12
AR GRAC 2024 06 26 03 31 40.000000 2  -2.031400395119E-11 -1.300270655036E-11
AR GRAC 2024 06 26 03 31 50.000000 2  -1.700446207453E-11 -1.482409897960E-12
AR GRAC 2024 06 26 03 32  0.000000 2  -2.167122384322E-11  3.937886041555E-12
AR GRAC 2024 06 26 03 32 10.000000 2  -1.712031211243E-11  7.138179370508E-12
AR GRAC 2024 06 26 03 32 20.000000 2  -1.623993474420E-11 -1.261152467180E-11
AR GRAC 2024 06 26 03 32 30.000000 2  -1.744402539083E-11  8.118770412902E-12
AR GRAC 2024 06 26 03 32 40.000000 2  -1.790340445340E-11  5.169063961585E-12
AR GRAC 2024 06 26 03 32 50.000000 2  -1.708420731272E-11 -1.199064198626E-11
AR GRAC 2024 06 26 03 33  0.000000 2  -1.943730419673E-11  6.189652956845E-12
AR GRAC 2024 06 26 03 33 10.000000 2  -1.187070147041E-11 -5.590053159948E-12
AR GRAC 2024 06 26 03 33 20.000000 2  -1.977012303866E-11  1.640024054061E-11
AR GRAC 2024 06 26 03 33 30.000000 2  -1.335933620672E-11 -4.069464817208E-12
AR GRAC 2024 06 26 03 33 40.000000 2  -1.311049793035E-11  1.404082666107E-11
AR GRAC 2024 06 26 03 33 50.000000 2  -1.226810319999E-11 -3.338879736928E-12
AR GRAC 2024 06 26 03 34  0.000000 2  -1.582814435075E-11  1.644141246759E-11
AR GRAC 2024 06 26 03 34 10.000000 2  -1.883226387334E-11 -7.998293867495E-12
AR GRAC 2024 06 26 03 34 20.000000 2  -1.373475378569E-11  9.111996747413E-12
AR GRAC 2024 06 26 03 34 30.000000 2  -1.848571989926E-11  2.722290925669E-12
AR GRAC 2024 06 26 03 34 40.000000 2  -1.952454170562E-11 -1.207415894697E-12
AR GRAC 2024 06 26 03 34 50.000000 2  -1.355720310320E-11  1.259287379235E-11
AR GRAC 2024 06 26 03 35  0.000000 2  -1.556272472003E-11 -7.836831877883E-12
AR GRAC 2024 06 26 03 35 10.000000 2  -1.390167495008E-11 -4.556543076878E-12
AR GRAC 2024 06 26 03 35 20.000000 2  -1.190956187835E-11  2.483750835211E-12
AR GRAC 2024 06 26 03 35 30.000000 2  -1.595611316685E-11 -3.435958765771E-12
AR GRAC 2024 06 26 03 35 40.000000 2  -1.158901620502E-11  1.194433267571E-11
AR GRAC 2024 06 26 03 35 50.000000 2  -1.488940394589E-11  8.114620954347E-12
AR GRAC 2024 06 26 03 36  0.000000 2  -1.311833020684E-11  1.234491415342E-11
AR GRAC 2024 06 26 03 36 10.000000 2  -1.510120847814E-11  1.163520148284E-11
AR GRAC 2024 06 26 03 36 20.000000 2  -1.507105377996E-11  1.151549255257E-11
AR GRAC 2024 06 26 03 36 30.000000 2  -1.529060385252E-11  1.589578121908E-11
AR GRAC 2024 06 26 03 36 40.000000 2  -1.199883595260E-11 -2.533926193871E-12
AR GRAC 2024 06 26 03 36 50.000000 2  -1.204944911209E-11  6.856363567176E-12
AR GRAC 2024 06 26 03 37  0.000000 2  -1.178364697485E-11  1.101665286773E-11
AR GRAC 2024 06 26 03 37 10.000000 2  -1.403811008410E-11  1.026939926325E-12
AR GRAC 2024 06 26 03 37 20.000000 2  -1.806257227122E-11  9.757232348473E-12
AR GRAC 2024 06 26 03 37 30.000000 2  -1.303751811371E-11  2.533751680689E-11
AR GRAC 2024 06 26 03 37 40.000000 2  -1.388527834378E-11  5.447807569642E-12
AR GRAC 2024 06 26 03 37 50.000000 2  -1.116020904163E-11  1.272809635466E-11
AR GRAC 2024 06 26 03 38  0.000000 2  -1.409924260676E-11  8.618384651771E-12
AR GRAC 2024 06 26 03 38 10.000000 2  -1.779085732900E-11  1.729867117606E-11
AR GRAC 2024 06 26 03 38 20.000000 2  -1.303918344825E-11  3.018960515605E-12
AR GRAC 2024 06 26 03 38 30.000000 2  -1.074468639062E-11  1.371924709254E-11
AR GRAC 2024 06 26 03 38 40.000000 2  -1.062312651040E-11  3.027953582313E-11
AR GRAC 2024 06 26 03 38 50.000000 2  -1.131921986697E-11 -1.484017769782E-11
AR GRAC 2024 06 26 03 39  0.000000 2  -1.607633991207E-11  1.359010994018E-11
AR GRAC 2024 06 26 03 39 10.000000 2  -1.364212388888E-11  1.524039401624E-11
AR GRAC 2024 06 26 03 39 20.000000 2  -1.350394015359E-11  2.496068282620E-11
AR GRAC 2024 06 26 03 39 30.000000 2  -1.144939698605E-11  6.920970307273E-12
AR GRAC 2024 06 26 03 39 40.000000 2  -1.244977124865E-11  1.333125450309E-11
AR GRAC 2024 06 26 03 39 50.000000 2  -1.242791893702E-11  1.033154117813E-11
AR GRAC 2024 06 26 03 40  0.000000 2  -8.752293161052E-12  1.732182626502E-11
AR GRAC 2024 06 26 03 40 10.000000 2  -1.577464200930E-11  1.639211162641E-11
AR GRAC 2024 06 26 03 40 20.000000 2  -7.199542177705E-12  1.790239831378E-11
AR GRAC 2024 06 26 03 40 30.000000 2  -6.676572922998E-12  1.802682135510E-12
AR GRAC 2024 06 26 03 40 40.000000 2  -1.311078069027E-11  9.582968099608E-12
AR GRAC 2024 06 26 03 40 50.000000 2  -1.058746493254E-11  4.613252922031E-12
AR GRAC 2024 06 26 03 41  0.000000 2  -1.079302446028E-11  2.680353855533E-11
AR GRAC 2024 06 26 03 41 10.000000 2  -1.215717110314E-11  3.382186972980E-14
AR GRAC 2024 06 26 03 41 20.000000 2  -8.499667983330E-12  1.970410640206E-11
AR GRAC 2024 06 26 03 41 30.000000 2  -1.044409003725E-11  2.348439324951E-11
AR GRAC 2024 06 26 03 41 40.000000 2  -1.082412718484E-11  5.384674043457E-12
AR GRAC 2024 06 26 03 41 50.000000 2  -8.958233460588E-12  7.684959439647E-12
AR GRAC 2024 06 26 03 42  0.000000 2  -1.319476212319E-11  1.144524058860E-11
AR GRAC 2024 06 26 03 42 10.000000 2  -1.029868811758E-11  1.564552307154E-11
AR GRAC 2024 06 26 03 42 20.000000 2  -9.498203439040E-12  4.245806831116E-12
AR GRAC 2024 06 26 03 42 30.000000 2  -1.102349374976E-11  6.760904227958E-13
AR GRAC 2024 06 26 03 42 40.000000 2  -8.139333824986E-12  1.755637302203E-11
AR GRAC 2024 06 26 03 42 50.000000 2  -1.000687206709E-11  1.109665484500E-11
AR GRAC 2024 06 26 03 43  0.000000 2  -7.209787888235E-12  1.229693690624E-11
AR GRAC 2024 06 26 03 43 10.000000 2  -7.660398357312E-12  2.468722101745E-11
AR GRAC 2024 06 26 03 43 20.000000 2  -6.010945213797E-12 -2.924978781318E-13
AR GRAC 2024 06 26 03 43 30.000000 2  -6.381653018528E-12  1.084778100680E-11
AR GRAC 2024 06 26 03 43 40.000000 2  -1.209920792028E-11  8.348064427233E-12
AR GRAC 2024 06 26 03 43 50.000000 2  -9.646689697052E-12  1.551834702407E-11
AR GRAC 2024 06 26 03 44  0.000000 2  -1.000428125758E-11  2.733862441984E-11
AR GRAC 2024 06 26 03 44 10.000000 2  -1.167528400348E-11  7.438908863899E-12
AR GRAC 2024 06 26 03 44 20.000000 2  -5.165406297136E-12  2.237918704517E-11
AR GRAC 2024 06 26 03 44 30.000000 2  -9.172777121202E-12  1.403947010731E-11
AR GRAC 2024 06 26 03 44 40.000000 2  -6.654425708380E-12  1.130974740943E-11
AR GRAC 2024 06 26 03 44 50.000000 2  -5.629631743415E-12  1.005002851773E-11
AR GRAC 2024 06 26 03 45  0.000000 2  -7.816186933796E-12  1.778031021027E-11
AR GRAC 2024 06 26 03 45 10.000000 2  -6.582511445641E-12  5.730589613950E-12
AR GRAC 2024 06 26 03 45 20.000000 2  -9.457033246785E-12  2.984086588942E-11
AR GRAC 2024 06 26 03 45 30.000000 2  -7.023046207089E-12  1.277114872189E-11
AR GRAC 2024 06 26 03 45 40.000000 2  -4.732148266989E-12  2.347142445680E-11
AR GRAC 2024 06 26 03 45 50.000000 2  -8.154883018863E-12  2.510170717118E-11
AR GRAC 2024 06 26 03 46  0.000000 2  -7.264037461818E-12  1.412198396417E-11
AR GRAC 2024 06 26 03 46 10.000000 2  -7.437875836069E-12 -2.777365739736E-13
AR GRAC 2024 06 26 03 46 20.000000 2  -5.272937034922E-12  3.060254133436E-11
AR GRAC 2024 06 26 03 46 30.000000 2  -5.934106938471E-12  6.362819993111E-12
AR GRAC 2024 06 26 03 46 40.000000 2  -5.748012309181E-12  1.559309799337E-11
AR GRAC 2024 06 26 03 46 50.000000 2  -4.803462749087E-12  1.992337197998E-11
AR GRAC 2024 06 26 03 47  0.000000 2  -4.467721331780E-12  2.509365285008E-11
AR GRAC 2024 06 26 03 47 10.000000 2  -5.596072650410E-12  2.063928455226E-12
AR GRAC 2024 06 26 03 47 20.000000 2  -6.754736527059E-12  1.067420717787E-11
AR GRAC 2024 06 26 03 47 30.000000 2  -4.639516635457E-12  1.553448342184E-11
AR GRAC 2024 06 26 03 47 40.000000 2  -6.004721893327E-12  2.303476159815E-11
AR GRAC 2024 06 26 03 47 50.000000 2  -8.551864945361E-12  1.049503799838E-11
AR GRAC 2024 06 26 03 48  0.000000 2  -3.953203649848E-12  2.321531161753E-11
AR GRAC 2024 06 26 03 48 10.000000 2  -3.697656330431E-12  4.945589510835E-12
AR GRAC 2024 06 26 03 48 20.000000 2  -5.804274161997E-12  2.577586581676E-11
AR GRAC 2024 06 26 03 48 30.000000 2  -7.521524202081E-12  2.735613992277E-11
AR GRAC 2024 06 26 03 48 40.000000 2  -3.170286082266E-12 -2.513583308508E-12
AR GRAC 2024 06 26 03 48 50.000000 2  -5.480406493202E-12  3.170668588792E-11
AR GRAC 2024 06 26 03 49  0.000000 2  -8.576150206663E-12  1.196696908234E-11
AR GRAC 2024 06 26 03 49 10.000000 2  -6.440464047491E-12  1.191724063182E-11
AR GRAC 2024 06 26 03 49 20.000000 2  -1.803245703799E-12  2.180751586256E-11
AR GRAC 2024 06 26 03 49 30.000000 2  -4.868311049427E-12  1.371778992482E-11
AR GRAC 2024 06 26 03 49 40.000000 2  -4.460321001432E-12  9.368063616511E-12
AR GRAC 2024 06 26 03 49 50.000000 2  -4.286450101115E-12  2.340834123760E-11
