 2.00 C RINEX VERSION / TYPE
 10.00 INTERVAL
 1 AR # / TYPES OF DATA
 END OF HEADER
AR GRAC 2024 07 04 01 50  0.000000 2   1.810095129340E-11  3.368485004818E-11
AR GRAC 2024 07 04 01 50 10.000000 2   2.087045813948E-11  2.623797359935E-11
AR GRAC 2024 07 04 01 50 20.000000 2   1.870065560738E-11  4.014109183936E-11
AR GRAC 2024 07 04 01 50 30.000000 2   1.883792080659E-11  3.051421615385E-11
AR GRAC 2024 07 04 01 50 40.000000 2   2.421671717323E-11  3.332733394812E-11
AR GRAC 2024 07 04 01 50 50.000000 2   2.376089776324E-11  3.372045351280E-11
AR GRAC 2024 07 04 01 51  0.000000 2   1.994590430321E-11  2.418357007705E-11
AR GRAC 2024 07 04 01 51 10.000000 2   1.983662019367E-11  4.078668652818E-11
AR GRAC 2024 07 04 01 51 20.000000 2   1.653205697338E-11  3.605979750909E-11
AR GRAC 2024 07 04 01 51 30.000000 2   2.392732713352E-11  2.760291474557E-11
AR GRAC 2024 07 04 01 51 40.000000 2   2.134691728939E-11  2.740602710050E-11
AR GRAC 2024 07 04 01 51 50.000000 2   1.990523544604E-11  2.058913629865E-11
AR GRAC 2024 07 04 01 52  0.000000 2   2.050440199575E-11  3.806224779801E-11
AR GRAC 2024 07 04 01 52 10.000000 2   2.096345146085E-11  2.618535423216E-11
AR GRAC 2024 07 04 01 52 20.000000 2   1.814928936306E-11  2.961846046201E-11
AR GRAC 2024 07 04 01 52 30.000000 2   2.431939372105E-11  3.993156499904E-11
AR GRAC 2024 07 04 01 52 40.000000 2   2.217128911020E-11  4.020466945476E-11
AR GRAC 2024 07 04 01 52 50.000000 2   2.322564016111E-11  2.835777446197E-11
AR GRAC 2024 07 04 01 53  0.000000 2   1.961544121576E-11  3.940087492382E-11
AR GRAC 2024 07 04 01 53 10.000000 2   2.268420000451E-11  2.904397382320E-11
AR GRAC 2024 07 04 01 53 20.000000 2   2.291884390604E-11  2.739707419264E-11
AR GRAC 2024 07 04 01 53 30.000000 2   2.115814641546E-11  2.776017263284E-11
AR GRAC 2024 07 04 01 53 40.000000 2   2.085883896163E-11  2.998326933956E-11
AR GRAC 2024 07 04 01 53 50.000000 2   1.889633588492E-11  2.947636579265E-11
AR GRAC 2024 07 04 01 54  0.000000 2   2.229607297399E-11  2.651945850418E-11
AR GRAC 2024 07 04 01 54 10.000000 2   1.861623008526E-11  4.405255327189E-11
AR GRAC 2024 07 04 01 54 20.000000 2   2.181165664750E-11  3.345564450474E-11
AR GRAC 2024 07 04 01 54 30.000000 2   2.426592086990E-11  2.854873282221E-11
AR GRAC 2024 07 04 01 54 40.000000 2   2.362785314625E-11  3.019182126529E-11
AR GRAC 2024 07 04 01 54 50.000000 2   2.088123077226E-11  4.305491033141E-11
AR GRAC 2024 07 04 01 55  0.000000 2   2.404004426082E-11  1.523799662839E-11
AR GRAC 2024 07 04 01 55 10.000000 2   2.305124147117E-11  3.038107959652E-11
AR GRAC 2024 07 04 01 55 20.000000 2   2.085282294062E-11  2.894416650800E-11
AR GRAC 2024 07 04 01 55 30.000000 2   2.345592990671E-11  2.796724830889E-11
AR GRAC 2024 07 04 01 55 40.000000 2   1.912897965028E-11  2.516032868161E-11
AR GRAC 2024 07 04 01 55 50.000000 2   2.184932443305E-11  1.690340922789E-11
AR GRAC 2024 07 04 01 56  0.000000 2   2.336301811734E-11  3.247648677762E-11
AR GRAC 2024 07 04 01 56 10.000000 2   1.911294039703E-11  4.288956342857E-11
AR GRAC 2024 07 04 01 56 20.000000 2   1.672050345403E-11  2.823264191876E-11
AR GRAC 2024 07 04 01 56 30.000000 2   2.156933832931E-11  2.441571597678E-11
AR GRAC 2024 07 04 01 56 40.000000 2   2.382545723212E-11  3.218878982802E-11
AR GRAC 2024 07 04 01 56 50.000000 2   2.223752779140E-11  2.248186185827E-11
AR GRAC 2024 07 04 01 57  0.000000 2   1.877364409764E-11  3.655493269195E-11
AR GRAC 2024 07 04 01 57 10.000000 2   2.165292251055E-11  2.061800383202E-11
AR GRAC 2024 07 04 01 57 20.000000 2   2.116978294053E-11  3.433107270689E-11
AR GRAC 2024 07 04 01 57 30.000000 2   2.056540354678E-11  1.928413852215E-11
AR GRAC 2024 07 04 01 57 40.000000 2   2.044161194481E-11  3.252720662261E-11
AR GRAC 2024 07 04 01 57 50.000000 2   2.350054525979E-11  2.809026969364E-11
AR GRAC 2024 07 04 01 58  0.000000 2   2.007441955720E-11  3.475333562597E-11
AR GRAC 2024 07 04 01 58 10.000000 2   1.710533624466E-11  2.233639488647E-11
AR GRAC 2024 07 04 01 58 20.000000 2   1.777936825542E-11  3.157945779875E-11
AR GRAC 2024 07 04 01 58 30.000000 2   2.029690998606E-11  3.175251728216E-11
AR GRAC 2024 07 04 01 58 40.000000 2   2.162394568961E-11  2.809557447803E-11
AR GRAC 2024 07 04 01 58 50.000000 2   1.811822740450E-11  3.164863163208E-11
AR GRAC 2024 07 04 01 59  0.000000 2   1.963322386611E-11  3.262168660201E-11
AR GRAC 2024 07 04 01 59 10.000000 2   2.185074690630E-11  2.616474224781E-11
AR GRAC 2024 07 04 01 59 20.000000 2   1.902870742920E-11  2.996779213671E-11
AR GRAC 2024 07 04 01 59 30.000000 2   1.733867563414E-11  1.534084664856E-11
AR GRAC 2024 07 04 01 59 40.000000 2   1.672979116352E-11  2.926390033076E-11
AR GRAC 2024 07 04 01 59 50.000000 2   1.918321751448E-11  2.823694750242E-11
AR GRAC 2024 07 04 02 00  0.000000 2   1.672507098094E-11  2.484999532537E-11
AR GRAC 2024 07 04 02 00 10.000000 2   1.946961342147E-11  2.560304399046E-11
AR GRAC 2024 07 04 02 00 20.000000 2   1.404765279794E-11  3.231608730614E-11
AR GRAC 2024 07 04 02 00 30.000000 2   1.996804457893E-11  3.104913201546E-11
AR GRAC 2024 07 04 02 00 40.000000 2   1.614051774179E-11  2.931217421565E-11
AR GRAC 2024 07 04 02 00 50.000000 2   1.783486032469E-11  2.522521774795E-11
AR GRAC 2024 07 04 02 01  0.000000 2   1.667103954883E-11  3.292825734302E-11
AR GRAC 2024 07 04 02 01 10.000000 2   1.843564710613E-11  2.512129740340E-11
AR GRAC 2024 07 04 02 01 20.000000 2   1.908993969846E-11  2.540433315101E-11
AR GRAC 2024 07 04 02 01 30.000000 2   1.850347479404E-11  3.381737251340E-11
AR GRAC 2024 07 04 02 01 40.000000 2   1.539835793596E-11  1.850040780293E-11
AR GRAC 2024 07 04 02 01 50.000000 2   1.842791717832E-11  3.548344257309E-11
AR GRAC 2024 07 04 02 02  0.000000 2   1.629464792263E-11  2.797647183361E-11
AR GRAC 2024 07 04 02 02 10.000000 2   1.750660380551E-11  1.414950621947E-11
AR GRAC 2024 07 04 02 02 20.000000 2   1.575039924873E-11  2.878253711758E-11
AR GRAC 2024 07 04 02 02 30.000000 2   1.846620426016E-11  2.066556474556E-11
AR GRAC 2024 07 04 02 02 40.000000 2   1.113400777825E-11  2.825859164723E-11
AR GRAC 2024 07 04 02 02 50.000000 2   1.285462188083E-11  2.401161908194E-11
AR GRAC 2024 07 04 02 03  0.000000 2   1.749170600029E-11  2.777464543080E-11
AR GRAC 2024 07 04 02 03 10.000000 2   1.852280655246E-11  1.377766910976E-11
AR GRAC 2024 07 04 02 03 20.000000 2   1.632302279453E-11  2.787069013077E-11
AR GRAC 2024 07 04 02 03 30.000000 2   1.490736527276E-11  6.093713207644E-12
AR GRAC 2024 07 04 02 03 40.000000 2   1.388016524634E-11  3.966673170486E-11
AR GRAC 2024 07 04 02 03 50.000000 2   1.711428741780E-11  1.082975115835E-11
AR GRAC 2024 07 04 02 04  0.000000 2   1.565735908982E-11  3.965277065032E-11
AR GRAC 2024 07 04 02 04 10.000000 2   1.142183309738E-11  1.090578582302E-11
AR GRAC 2024 07 04 02 04 20.000000 2   1.648904797424E-11  2.220879903592E-11
AR GRAC 2024 07 04 02 04 30.000000 2   1.671266770809E-11  2.280181425618E-11
AR GRAC 2024 07 04 02 04 40.000000 2   1.406647107821E-11  3.202482723452E-11
AR GRAC 2024 07 04 02 04 50.000000 2   1.093157075277E-11  3.007783605513E-11
AR GRAC 2024 07 04 02 05  0.000000 2   1.171071226103E-11  2.223084737130E-11
AR GRAC 2024 07 04 02 05 10.000000 2   1.482287036170E-11  1.939385457783E-11
AR GRAC 2024 07 04 02 05 20.000000 2   1.265425871727E-11  1.739686346369E-11
AR GRAC 2024 07 04 02 05 30.000000 2   1.447220121520E-11  3.169987189411E-11
AR GRAC 2024 07 04 02 05 40.000000 2   1.726924159229E-11  1.981287356401E-11
AR GRAC 2024 07 04 02 05 50.000000 2   1.155786490820E-11  2.008587740576E-11
AR GRAC 2024 07 04 02 06  0.000000 2   1.340049859272E-11  2.561888028108E-11
AR GRAC 2024 07 04 02 06 10.000000 2   1.292706219846E-11  3.038188103877E-11
AR GRAC 2024 07 04 02 06 20.000000 2   1.197338148767E-11  2.014488055535E-11
AR GRAC 2024 07 04 02 06 30.000000 2   1.157567357940E-11  1.590788091532E-11
AR GRAC 2024 07 04 02 06 40.000000 2   1.374559233797E-11  1.702087776279E-11
AR GRAC 2024 07 04 02 06 50.000000 2   9.440283624262E-12  1.917387255912E-11
AR GRAC 2024 07 04 02 07  0.000000 2   1.213861910293E-11  2.463686719911E-11
AR GRAC 2024 07 04 02 07 10.000000 2   1.066885729067E-11  2.183986151649E-11
AR GRAC 2024 07 04 02 07 20.000000 2   1.787430273237E-11  2.014285266361E-11
AR GRAC 2024 07 04 02 07 30.000000 2   1.036655743886E-11  1.350584401261E-11
AR GRAC 2024 07 04 02 07 40.000000 2   1.499507115699E-11  2.513883198829E-11
AR GRAC 2024 07 04 02 07 50.000000 2   1.066237029224E-11  2.829182201014E-11
AR GRAC 2024 07 04 02 08  0.000000 2   1.327282814906E-11  1.560480737683E-11
AR GRAC 2024 07 04 02 08 10.000000 2   1.202034999315E-11  2.078779336168E-11
AR GRAC 2024 07 04 02 08 20.000000 2   1.010096260107E-11  1.526077875180E-11
AR GRAC 2024 07 04 02 08 30.000000 2   8.563005339524E-12  2.028376251684E-11
AR GRAC 2024 07 04 02 08 40.000000 2   8.716651532514E-12  2.202674154184E-11
AR GRAC 2024 07 04 02 08 50.000000 2   8.141546464779E-12  2.206972452012E-11
AR GRAC 2024 07 04 02 09  0.000000 2   6.526510235028E-12  1.513270238285E-11
AR GRAC 2024 07 04 02 09 10.000000 2   6.618953215382E-12  1.563568025054E-11
AR GRAC 2024 07 04 02 09 20.000000 2   8.668692499936E-12  1.407865837799E-11
AR GRAC 2024 07 04 02 09 30.000000 2   1.219140587094E-11  1.808163341277E-11
AR GRAC 2024 07 04 02 09 40.000000 2   1.016440230595E-11  2.198460857805E-11
AR GRAC 2024 07 04 02 09 50.000000 2   9.515449192476E-12  2.210757965582E-11
AR GRAC 2024 07 04 02 10  0.000000 2   7.296370972687E-12  1.794055355664E-11
AR GRAC 2024 07 04 02 10 10.000000 2   8.568712579760E-12  1.326352309233E-11
AR GRAC 2024 07 04 02 10 20.000000 2   6.818295927857E-12  1.460649136364E-11
AR GRAC 2024 07 04 02 10 30.000000 2   9.667909701971E-12  1.924945966514E-11
AR GRAC 2024 07 04 02 10 40.000000 2   4.713119651500E-12  2.919242625410E-11
AR GRAC 2024 07 04 02 10 50.000000 2   7.540085743274E-12  2.202539192697E-11
AR GRAC 2024 07 04 02 11  0.000000 2   6.492455011109E-12  2.046835617664E-11
AR GRAC 2024 07 04 02 11 10.000000 2   1.156969312022E-11  2.141131889843E-11
AR GRAC 2024 07 04 02 11 20.000000 2   8.066590798106E-12  2.468428066116E-11
AR GRAC 2024 07 04 02 11 30.000000 2   6.443631218878E-12  1.440724015783E-11
AR GRAC 2024 07 04 02 11 40.000000 2   8.863392658709E-12  1.264019878350E-11
AR GRAC 2024 07 04 02 11 50.000000 2   3.302673672739E-12  1.714315668588E-11
AR GRAC 2024 07 04 02 12  0.000000 2   3.666462966567E-12  2.622611329495E-11
AR GRAC 2024 07 04 02 12 10.000000 2   3.790447556523E-12  1.401906715714E-11
AR GRAC 2024 07 04 02 12 20.000000 2   7.585473915661E-12  1.651202265196E-11
AR GRAC 2024 07 04 02 12 30.000000 2   8.063682534198E-12  1.874975218488E-12
AR GRAC 2024 07 04 02 12 40.000000 2   6.937669189133E-12  1.718792469463E-11
AR GRAC 2024 07 04 02 12 50.000000 2   5.676951096711E-12  2.019087674832E-11
AR GRAC 2024 07 04 02 13  0.000000 2   6.537707441384E-12  1.523382461843E-11
AR GRAC 2024 07 04 02 13 10.000000 2   6.218713966086E-14  1.975677260679E-11
AR GRAC 2024 07 04 02 13 20.000000 2   4.424397914010E-12  1.163971783541E-11
AR GRAC 2024 07 04 02 13 30.000000 2   5.109241588835E-12  1.348266290280E-11
AR GRAC 2024 07 04 02 13 40.000000 2   4.531790741280E-12  8.935605727567E-12
AR GRAC 2024 07 04 02 13 50.000000 2   4.459424149394E-12  1.945854935514E-11
AR GRAC 2024 07 04 02 14  0.000000 2   4.613341826609E-12  2.225148884594E-11
AR GRAC 2024 07 04 02 14 10.000000 2   2.094864429494E-12  1.820442928346E-11
AR GRAC 2024 07 04 02 14 20.000000 2   4.051466627464E-12  1.335736816294E-11
AR GRAC 2024 07 04 02 14 30.000000 2   7.363503795425E-13  1.614030610553E-11
AR GRAC 2024 07 04 02 14 40.000000 2   9.892203023517E-14  2.543324231774E-11
AR GRAC 2024 07 04 02 14 50.000000 2   5.222384590747E-12  6.636176851094E-12
AR GRAC 2024 07 04 02 15  0.000000 2   6.177591532937E-13  8.249109728631E-12
AR GRAC 2024 07 04 02 15 10.000000 2   2.154530026610E-12  1.308204152645E-11
AR GRAC 2024 07 04 02 15 20.000000 2   1.116254874992E-12  1.102497260153E-11
AR GRAC 2024 07 04 02 15 30.000000 2  -4.199360585828E-13  1.770790285238E-11
AR GRAC 2024 07 04 02 15 40.000000 2   5.157073552919E-12  1.455083015883E-11
AR GRAC 2024 07 04 02 15 50.000000 2   3.956639703373E-12  1.549375731880E-11
AR GRAC 2024 07 04 02 16  0.000000 2  -3.393154030321E-12  1.354668374004E-11
AR GRAC 2024 07 04 02 16 10.000000 2  -2.731754709592E-12  6.699609183397E-12
AR GRAC 2024 07 04 02 16 20.000000 2  -1.632179417663E-12  5.042531930205E-12
AR GRAC 2024 07 04 02 16 30.000000 2   3.173959576067E-12  1.220545366165E-11
AR GRAC 2024 07 04 02 16 40.000000 2   6.521260311268E-13  1.489837420099E-11
AR GRAC 2024 07 04 02 16 50.000000 2  -1.082499975075E-12  6.121294009870E-12
AR GRAC 2024 07 04 02 17  0.000000 2  -3.252985554536E-12  1.651421187299E-11
AR GRAC 2024 07 04 02 17 10.000000 2  -2.717026636231E-13  5.847129638109E-12
AR GRAC 2024 07 04 02 17 20.000000 2   1.696781143324E-13  7.730043168064E-12
AR GRAC 2024 07 04 02 17 30.000000 2  -3.380787186660E-12  8.762959108344E-12
AR GRAC 2024 07 04 02 17 40.000000 2  -3.171655863290E-12  1.202587161797E-11
AR GRAC 2024 07 04 02 17 50.000000 2  -1.927416993369E-12  1.574878422117E-11
AR GRAC 2024 07 04 02 18  0.000000 2  -7.816715157094E-12  1.588169352973E-11
AR GRAC 2024 07 04 02 18 10.000000 2  -2.614490689104E-14  3.604603377935E-12
AR GRAC 2024 07 04 02 18 20.000000 2  -7.334490003189E-13  1.279751131456E-11
AR GRAC 2024 07 04 02 18 30.000000 2  -2.955992221831E-12  7.770417989605E-12
AR GRAC 2024 07 04 02 18 40.000000 2   4.332662700834E-12  1.782332267886E-11
AR GRAC 2024 07 04 02 18 50.000000 2  -3.861852244241E-12 -1.663772852128E-12
AR GRAC 2024 07 04 02 19  0.000000 2   1.303310107406E-12  8.789130014064E-12
AR GRAC 2024 07 04 02 19 10.000000 2  -3.961121361473E-12  8.292032858959E-12
AR GRAC 2024 07 04 02 19 20.000000 2  -4.833377188068E-12  2.088493093744E-11
AR GRAC 2024 07 04 02 19 30.000000 2   1.322859898879E-12 -3.952169320975E-12
AR GRAC 2024 07 04 02 19 40.000000 2  -2.090041030869E-12  4.450728847971E-12
AR GRAC 2024 07 04 02 19 50.000000 2   1.369514310984E-12  1.560362429542E-11
AR GRAC 2024 07 04 02 20  0.000000 2  -5.747203928042E-12  1.150652056275E-11
AR GRAC 2024 07 04 02 20 10.000000 2  -6.136120257738E-12  2.939414770614E-12
AR GRAC 2024 07 04 02 20 20.000000 2  -4.501606552798E-12  1.483230725741E-11
AR GRAC 2024 07 04 02 20 30.000000 2  -1.593328442274E-12 -2.464800715959E-12
AR GRAC 2024 07 04 02 20 40.000000 2  -6.011251826171E-12  1.794808746070E-11
AR GRAC 2024 07 04 02 20 50.000000 2  -5.624710332913E-12  1.558097748044E-11
AR GRAC 2024 07 04 02 21  0.000000 2  -3.660600034899E-12 -7.361352196214E-13
AR GRAC 2024 07 04 02 21 10.000000 2  -3.270673011938E-12  1.368675051766E-11
AR GRAC 2024 07 04 02 21 20.000000 2  -5.769927938215E-12  4.489636527133E-12
AR GRAC 2024 07 04 02 21 30.000000 2  -7.000354289299E-12  1.508252030213E-11
AR GRAC 2024 07 04 02 21 40.000000 2  -3.114358380560E-12 -4.284599151166E-12
AR GRAC 2024 07 04 02 21 50.000000 2  -2.735750861960E-12  5.628283863274E-12
AR GRAC 2024 07 04 02 22  0.000000 2  -2.849043917452E-12  1.084116303673E-11
AR GRAC 2024 07 04 02 22 10.000000 2  -6.928629111419E-12  6.704041835559E-12
AR GRAC 2024 07 04 02 22 20.000000 2  -5.825519754088E-12  1.230691850512E-11
AR GRAC 2024 07 04 02 22 30.000000 2  -3.104624630296E-12 -3.160203435743E-12
AR GRAC 2024 07 04 02 22 40.000000 2  -3.936481782901E-12  1.874266887525E-11
AR GRAC 2024 07 04 02 22 50.000000 2  -5.658146694232E-12  4.645543932175E-12
AR GRAC 2024 07 04 02 23  0.000000 2  -8.164169860991E-12  2.088416245494E-12
AR GRAC 2024 07 04 02 23 10.000000 2  -4.396241183591E-12  6.991286889690E-12
AR GRAC 2024 07 04 02 23 20.000000 2  -4.792791597624E-12  2.884157322691E-12
AR GRAC 2024 07 04 02 23 30.000000 2  -1.124275499087E-11  1.169702442544E-11
AR GRAC 2024 07 04 02 23 40.000000 2  -1.030344559672E-11  9.079893087405E-12
AR GRAC 2024 07 04 02 23 50.000000 2  -6.552586598318E-12 -2.757240616380E-12
AR GRAC 2024 07 04 02 24  0.000000 2  -8.006990036280E-12  7.195623871054E-12
AR GRAC 2024 07 04 02 24 10.000000 2  -1.085999259270E-11 -5.091513148592E-12
AR GRAC 2024 07 04 02 24 20.000000 2  -4.889123828011E-12  1.811134922591E-11
AR GRAC 2024 07 04 02 24 30.000000 2  -6.732768856321E-12  3.354209488285E-12
AR GRAC 2024 07 04 02 24 40.000000 2  -4.887069481735E-12  1.427068641209E-12
AR GRAC 2024 07 04 02 24 50.000000 2  -1.000931715983E-11  4.559927088699E-12
AR GRAC 2024 07 04 02 25  0.000000 2  -9.054239129280E-12  1.962783885076E-12
AR GRAC 2024 07 04 02 25 10.000000 2  -7.284345002190E-12  7.856392945059E-13
AR GRAC 2024 07 04 02 25 20.000000 2  -1.013362050523E-11 -1.081506520624E-12
AR GRAC 2024 07 04 02 25 30.000000 2  -1.293573841793E-11  1.058134743021E-11
AR GRAC 2024 07 04 02 25 40.000000 2  -9.632144040705E-12  4.514198476829E-12
AR GRAC 2024 07 04 02 25 50.000000 2  -1.048791088698E-11 -5.092950800673E-12
AR GRAC 2024 07 04 02 26  0.000000 2  -6.844488951302E-12 -7.980101822402E-12
AR GRAC 2024 07 04 02 26 10.000000 2  -7.646367046477E-12 -4.967252303922E-12
AR GRAC 2024 07 04 02 26 20.000000 2  -1.072726803220E-11  6.075594454619E-12
AR GRAC 2024 07 04 02 26 30.000000 2  -8.341305944570E-12 -9.921561835990E-12
AR GRAC 2024 07 04 02 26 40.000000 2  -7.464320828099E-12  1.009128371143E-11
AR GRAC 2024 07 04 02 26 50.000000 2  -6.215420973038E-12  1.056412683026E-11
AR GRAC 2024 07 04 02 27  0.000000 2  -1.267398772736E-11 -4.530317093687E-13
AR GRAC 2024 07 04 02 27 10.000000 2  -7.896510702265E-12  4.969808418964E-12
AR GRAC 2024 07 04 02 27 20.000000 2  -1.064746901758E-11 -1.283735184127E-11
AR GRAC 2024 07 04 02 27 30.000000 2  -1.047600027559E-11  1.128548383217E-11
AR GRAC 2024 07 04 02 27 40.000000 2  -9.265625593169E-12  1.442832311960E-11
AR GRAC 2024 07 04 02 27 50.000000 2  -9.107114368190E-12 -4.788843800674E-12
AR GRAC 2024 07 04 02 28  0.000000 2  -8.033819269559E-12 -1.096601108530E-11
AR GRAC 2024 07 04 02 28 10.000000 2  -1.315917860789E-11  1.097682448409E-11
AR GRAC 2024 07 04 02 28 20.000000 2  -1.232714971766E-11 -1.480034671208E-11
AR GRAC 2024 07 04 02 28 30.000000 2  -1.476768880793E-11  9.782485585474E-12
AR GRAC 2024 07 04 02 28 40.000000 2  -8.196827765150E-12  4.135314920356E-12
AR GRAC 2024 07 04 02 28 50.000000 2  -1.117746520340E-11 -6.521857706665E-12
AR GRAC 2024 07 04 02 29  0.000000 2  -8.128872575064E-12  6.580967975428E-12
AR GRAC 2024 07 04 02 29 10.000000 2  -1.209915848066E-11 -1.030620727649E-11
AR GRAC 2024 07 04 02 29 20.000000 2  -1.062088784975E-11  1.071661683005E-11
AR GRAC 2024 07 04 02 29 30.000000 2  -1.504976351874E-11 -5.060560911291E-12
AR GRAC 2024 07 04 02 29 40.000000 2  -9.711141613078E-12 -7.997740490706E-12
AR GRAC 2024 07 04 02 29 50.000000 2  -1.130313464354E-11  1.165080185106E-12
AR GRAC 2024 07 04 02 30  0.000000 2  -1.372928767202E-11  4.807901472781E-12
AR GRAC 2024 07 04 02 30 10.000000 2  -1.218185101404E-11  1.920717057624E-12
AR GRAC 2024 07 04 02 30 20.000000 2  -9.286159514954E-12  1.913533784551E-12
AR GRAC 2024 07 04 02 30 30.000000 2  -1.224038925773E-11  6.263492328962E-13
AR GRAC 2024 07 04 02 30 40.000000 2  -1.414253696791E-11  7.809162171080E-12
AR GRAC 2024 07 04 02 30 50.000000 2  -6.595427329281E-12 -1.101802590137E-11
AR GRAC 2024 07 04 02 31  0.000000 2  -1.455950464357E-11  6.824785962062E-12
AR GRAC 2024 07 04 02 31 10.000000 2  -1.072557494208E-11  7.957593785302E-12
AR GRAC 2024 07 04 02 31 20.000000 2  -1.472479603526E-11 -8.899594602929E-12
AR GRAC 2024 07 04 02 31 30.000000 2  -1.256759193241E-11  7.243210371766E-12
AR GRAC 2024 07 04 02 31 40.000000 2  -1.409165839572E-11  5.826017619726E-12
AR GRAC 2024 07 04 02 31 50.000000 2  -1.028738899622E-11 -6.311802751464E-13
AR GRAC 2024 07 04 02 32  0.000000 2  -1.115938678270E-11  2.816256884815E-13
AR GRAC 2024 07 04 02 32 10.000000 2  -7.819841996159E-12 -1.117557522218E-11
AR GRAC 2024 07 04 02 32 20.000000 2  -1.295982939020E-11  4.587229034125E-12
AR GRAC 2024 07 04 02 32 30.000000 2  -7.402826615599E-12 -5.039972779397E-12
AR GRAC 2024 07 04 02 32 40.000000 2  -1.051368801047E-11 -6.217172176387E-12
AR GRAC 2024 07 04 02 32 50.000000 2  -1.192029374514E-11  4.935622223423E-12
AR GRAC 2024 07 04 02 33  0.000000 2  -1.594849773079E-11  3.984191177930E-13
AR GRAC 2024 07 04 02 33 10.000000 2  -1.261686501802E-11  4.231213036193E-12
AR GRAC 2024 07 04 02 33 20.000000 2  -8.549622815268E-12  1.415400695953E-11
AR GRAC 2024 07 04 02 33 30.000000 2  -1.128955262608E-11 -7.473201744934E-12
AR GRAC 2024 07 04 02 33 40.000000 2  -9.237987978750E-12 -4.000411547161E-12
AR GRAC 2024 07 04 02 33 50.000000 2  -1.210640095117E-11 -1.549762228270E-11
AR GRAC 2024 07 04 02 34  0.000000 2  -7.734090277933E-12 -3.414834387483E-12
AR GRAC 2024 07 04 02 34 10.000000 2  -9.202370636341E-12 -1.531204850413E-11
AR GRAC 2024 07 04 02 34 20.000000 2  -1.620070744224E-11  1.531073878791E-11
AR GRAC 2024 07 04 02 34 30.000000 2  -1.644855779359E-11 -8.316478582182E-12
AR GRAC 2024 07 04 02 34 40.000000 2  -1.194616801314E-11  3.006305491007E-12
AR GRAC 2024 07 04 02 34 50.000000 2  -1.174977736634E-11 -1.296091099029E-11
AR GRAC 2024 07 04 02 35  0.000000 2  -1.571105572029E-11  2.451867485084E-12
AR GRAC 2024 07 04 02 35 10.000000 2  -1.076023298241E-11 -7.715352662307E-12
AR GRAC 2024 07 04 02 35 20.000000 2  -1.309186266341E-11 -8.122572926761E-12
AR GRAC 2024 07 04 02 35 30.000000 2  -1.375016420169E-11 -7.819796893349E-12
AR GRAC 2024 07 04 02 35 40.000000 2  -1.159349873048E-11  3.852978699981E-12
AR GRAC 2024 07 04 02 35 50.000000 2  -1.001229914949E-11 -1.642488364284E-13
AR GRAC 2024 07 04 02 36  0.000000 2  -1.094439816551E-11  2.498523306652E-12
AR GRAC 2024 07 04 02 36 10.000000 2  -1.001445107396E-11 -1.108703190020E-12
AR GRAC 2024 07 04 02 36 20.000000 2  -1.383600352345E-11 -1.133593479502E-11
AR GRAC 2024 07 04 02 36 30.000000 2  -1.343679507937E-11 -1.923316367280E-11
AR GRAC 2024 07 04 02 36 40.000000 2  -1.068244711439E-11 -1.980396749368E-12
AR GRAC 2024 07 04 02 36 50.000000 2  -1.219322299378E-11  6.292369403305E-12
AR GRAC 2024 07 04 02 37  0.000000 2  -1.480028252732E-11 -6.874866127771E-12
AR GRAC 2024 07 04 02 37 10.000000 2  -1.317992850275E-11 -4.752098888006E-12
AR GRAC 2024 07 04 02 37 20.000000 2  -1.095182538408E-11 -1.366934170022E-11
AR GRAC 2024 07 04 02 37 30.000000 2  -1.681321228075E-11 -6.046578168717E-12
AR GRAC 2024 07 04 02 37 40.000000 2  -8.422519626183E-12 -8.513815520639E-12
AR GRAC 2024 07 04 02 37 50.000000 2  -9.609901416296E-12 -5.371058198894E-12
AR GRAC 2024 07 04 02 38  0.000000 2  -1.424486570367E-11 -1.545829957095E-11
AR GRAC 2024 07 04 02 38 10.000000 2  -1.302757120930E-11 -1.340554490331E-11
AR GRAC 2024 07 04 02 38 20.000000 2  -1.102313726409E-11 -1.282279143977E-11
AR GRAC 2024 07 04 02 38 30.000000 2  -1.493010576281E-11 -5.030035415965E-12
AR GRAC 2024 07 04 02 38 40.000000 2  -8.177499476181E-12 -1.661728393776E-11
AR GRAC 2024 07 04 02 38 50.000000 2  -1.309208210593E-11 -9.544534433636E-12
AR GRAC 2024 07 04 02 39  0.000000 2  -1.283647580591E-11  5.628217510101E-12
AR GRAC 2024 07 04 02 39 10.000000 2  -1.429231906436E-11 -1.172903441038E-11
AR GRAC 2024 07 04 02 39 20.000000 2  -8.605566780007E-12 -1.259628946287E-11
AR GRAC 2024 07 04 02 39 30.000000 2  -1.415125915755E-11 -1.430354272525E-11
AR GRAC 2024 07 04 02 39 40.000000 2  -8.987922385517E-12 -4.850796413852E-12
AR GRAC 2024 07 04 02 39 50.000000 2  -1.222838150183E-11 -1.193805297672E-11
AR GRAC 2024 07 04 02 40  0.000000 2  -1.502327255654E-11 -7.015308906705E-12
AR GRAC 2024 07 04 02 40 10.000000 2  -1.223709761994E-11 -9.212569943018E-12
AR GRAC 2024 07 04 02 40 20.000000 2  -9.307428959493E-12 -2.429828257003E-12
AR GRAC 2024 07 04 02 40 30.000000 2  -1.468003323069E-11 -1.329709172632E-11
AR GRAC 2024 07 04 02 40 40.000000 2  -9.603737943786E-12 -2.166435433826E-11
AR GRAC 2024 07 04 02 40 50.000000 2  -1.491963323719E-11 -1.184161622925E-11
AR GRAC 2024 07 04 02 41  0.000000 2  -1.171826004287E-11 -2.111888441902E-11
AR GRAC 2024 07 04 02 41 10.000000 2  -1.452443634115E-11 -5.516150036744E-12
AR GRAC 2024 07 04 02 41 20.000000 2  -1.354946450177E-11 -2.038341717636E-11
AR GRAC 2024 07 04 02 41 30.000000 2  -1.147541176666E-11 -1.709068650491E-11
AR GRAC 2024 07 04 02 41 40.000000 2  -1.248009161292E-11  9.120420347772E-13
AR GRAC 2024 07 04 02 41 50.000000 2  -1.234146725787E-11 -1.938522953271E-11
AR GRAC 2024 07 04 02 42  0.000000 2  -1.147096913984E-11 -1.311250327068E-11
AR GRAC 2024 07 04 02 42 10.000000 2  -1.581342001788E-11 -6.089777553758E-12
AR GRAC 2024 07 04 02 42 20.000000 2  -6.558873669876E-12 -2.910705357295E-11
AR GRAC 2024 07 04 02 42 30.000000 2  -1.737237957655E-11 -1.584433105550E-11
AR GRAC 2024 07 04 02 42 40.000000 2  -8.326316199014E-12 -2.084160968807E-11
AR GRAC 2024 07 04 02 42 50.000000 2  -1.111908221746E-11 -8.908885781866E-12
AR GRAC 2024 07 04 02 43  0.000000 2  -9.453431960849E-12 -9.126168570850E-12
AR GRAC 2024 07 04 02 43 10.000000 2  -1.018910563561E-11 -1.168345108160E-11
AR GRAC 2024 07 04 02 43 20.000000 2  -1.218776989054E-11 -9.620733897042E-12
AR GRAC 2024 07 04 02 43 30.000000 2  -1.189150340697E-11 -2.414801865414E-11
AR GRAC 2024 07 04 02 43 40.000000 2  -9.914225690411E-12 -1.175530506270E-11
AR GRAC 2024 07 04 02 43 50.000000 2  -1.400844544530E-11 -4.482591381416E-12
AR GRAC 2024 07 04 02 44  0.000000 2  -1.562831461466E-11 -1.940987995330E-11
AR GRAC 2024 07 04 02 44 10.000000 2  -1.277562777791E-11 -1.368716771866E-11
AR GRAC 2024 07 04 02 44 20.000000 2  -1.413063849959E-11 -7.824458962691E-12
AR GRAC 2024 07 04 02 44 30.000000 2  -1.165080878995E-11 -2.068175491976E-11
AR GRAC 2024 07 04 02 44 40.000000 2  -9.811916036606E-12 -1.930904741654E-11
AR GRAC 2024 07 04 02 44 50.000000 2  -1.176267069858E-11 -2.035633814290E-11
AR GRAC 2024 07 04 02 45  0.000000 2  -9.987553319102E-12 -2.233635368679E-12
AR GRAC 2024 07 04 02 45 10.000000 2  -1.049278979676E-11 -8.240932242165E-12
AR GRAC 2024 07 04 02 45 20.000000 2  -1.513288973298E-11 -1.719823242152E-11
AR GRAC 2024 07 04 02 45 30.000000 2  -1.294841577709E-11 -2.863553318078E-11
AR GRAC 2024 07 04 02 45 40.000000 2  -1.158097662907E-11  2.671672562002E-13
AR GRAC 2024 07 04 02 45 50.000000 2  -1.105818908664E-11 -2.047013600293E-11
AR GRAC 2024 07 04 02 46  0.000000 2  -1.229204325132E-11 -1.286743801787E-11
AR GRAC 2024 07 04 02 46 10.000000 2  -1.313222881133E-11 -1.723474141180E-11
AR GRAC 2024 07 04 02 46 20.000000 2  -9.885805715704E-12 -1.422205062052E-11
AR GRAC 2024 07 04 02 46 30.000000 2  -1.211298509413E-11 -7.509357718982E-12
AR GRAC 2024 07 04 02 46 40.000000 2  -1.296985695926E-11 -1.615666628263E-11
AR GRAC 2024 07 04 02 46 50.000000 2  -1.308090788465E-11 -1.141397826948E-11
AR GRAC 2024 07 04 02 47  0.000000 2  -9.946372718506E-12 -2.516128451424E-11
AR GRAC 2024 07 04 02 47 10.000000 2  -1.527102576337E-11 -1.181860165289E-11
AR GRAC 2024 07 04 02 47 20.000000 2  -1.178267119289E-11 -1.128591577831E-11
AR GRAC 2024 07 04 02 47 30.000000 2  -8.170589205214E-12 -2.051322826879E-11
AR GRAC 2024 07 04 02 47 40.000000 2  -1.348809605672E-11  7.959455143591E-12
AR GRAC 2024 07 04 02 47 50.000000 2  -6.864014565067E-12 -2.934786094699E-11
AR GRAC 2024 07 04 02 48  0.000000 2  -1.601478498425E-11 -1.911518339448E-11
AR GRAC 2024 07 04 02 48 10.000000 2  -1.088459010423E-11 -3.690250188759E-11
AR GRAC 2024 07 04 02 48 20.000000 2  -1.071608340258E-11 -9.089824379305E-12
AR GRAC 2024 07 04 02 48 30.000000 2  -9.425639088678E-12 -4.337147828382E-12
AR GRAC 2024 07 04 02 48 40.000000 2  -1.590367247617E-11 -1.312447199531E-11
AR GRAC 2024 07 04 02 48 50.000000 2  -6.465845654030E-12 -2.314179577134E-11
AR GRAC 2024 07 04 02 49  0.000000 2  -1.286512823356E-11 -1.624912183973E-11
AR GRAC 2024 07 04 02 49 10.000000 2  -1.195801790921E-11 -4.546450455695E-12
AR GRAC 2024 07 04 02 49 20.000000 2  -1.131956854639E-11 -1.580378015953E-11
AR GRAC 2024 07 04 02 49 30.000000 2  -9.753426365167E-12 -1.181111024956E-11
AR GRAC 2024 07 04 02 49 40.000000 2  -1.009525102402E-11 -2.419844359614E-11
AR GRAC 2024 07 04 02 49 50.000000 2  -7.290179744601E-12 -1.055577587145E-11
AR GRAC 2024 07 04 02 50  0.000000 2  -1.135840987238E-11 -1.472310988404E-11
AR GRAC 2024 07 04 02 50 10.000000 2  -1.079291343797E-11  7.669555962542E-12
AR GRAC 2024 07 04 02 50 20.000000 2  -7.807414437178E-12 -1.838777914653E-11
AR GRAC 2024 07 04 02 50 30.000000 2  -1.192772790259E-11 -2.456512077087E-11
AR GRAC 2024 07 04 02 50 40.000000 2  -9.148046035967E-12 -1.326245970684E-11
AR GRAC 2024 07 04 02 50 50.000000 2  -1.030339008556E-11 -3.142979973503E-11
AR GRAC 2024 07 04 02 51  0.000000 2  -9.177692460172E-12 -2.556714215340E-11
AR GRAC 2024 07 04 02 51 10.000000 2  -9.504520434578E-12 -1.743448094227E-11
AR GRAC 2024 07 04 02 51 20.000000 2  -1.127246646720E-11 -8.171829532500E-12
AR GRAC 2024 07 04 02 51 30.000000 2  -7.522580648678E-12 -2.158917489226E-11
AR GRAC 2024 07 04 02 51 40.000000 2  -1.180920465582E-11 -1.219652157047E-11
AR GRAC 2024 07 04 02 51 50.000000 2  -6.830606826685E-12 -2.447386911186E-11
AR GRAC 2024 07 04 02 52  0.000000 2  -1.063068643531E-11 -2.048121915121E-11
AR GRAC 2024 07 04 02 52 10.000000 2  -7.171255343025E-12 -1.371856881566E-11
AR GRAC 2024 07 04 02 52 20.000000 2  -7.717158509446E-12 -4.115921145575E-12
AR GRAC 2024 07 04 02 52 30.000000 2  -8.456142903956E-12 -1.256327594040E-11
AR GRAC 2024 07 04 02 52 40.000000 2  -1.027178862800E-11 -1.499063026489E-11
AR GRAC 2024 07 04 02 52 50.000000 2  -7.820142970683E-12 -4.098798730978E-11
AR GRAC 2024 07 04 02 53  0.000000 2  -8.770591891638E-12 -9.175343644585E-12
AR GRAC 2024 07 04 02 53 10.000000 2  -1.036667713478E-11 -3.495270739506E-11
AR GRAC 2024 07 04 02 53 20.000000 2  -8.026747669310E-12 -1.910006354466E-11
AR GRAC 2024 07 04 02 53 30.000000 2  -1.109285319850E-11 -2.074238811310E-13
AR GRAC 2024 07 04 02 53 40.000000 2  -5.303044895572E-12 -7.164784390779E-12
AR GRAC 2024 07 04 02 53 50.000000 2  -1.074621207992E-11 -8.922147742840E-12
AR GRAC 2024 07 04 02 54  0.000000 2  -1.039546487086E-11 -2.341951285678E-11
AR GRAC 2024 07 04 02 54 10.000000 2  -9.811331434795E-12 -2.489688143148E-11
AR GRAC 2024 07 04 02 54 20.000000 2  -8.370209907127E-12 -1.539425011077E-11
AR GRAC 2024 07 04 02 54 30.000000 2  -8.284993351093E-12 -1.622161259485E-11
AR GRAC 2024 07 04 02 54 40.000000 2  -5.373394004055E-12 -1.923898540479E-11
AR GRAC 2024 07 04 02 54 50.000000 2  -1.107422833990E-11 -1.866635838954E-11
AR GRAC 2024 07 04 02 55  0.000000 2  -8.785031729852E-12 -3.513728804444E-12
AR GRAC 2024 07 04 02 55 10.000000 2  -6.350685602396E-12 -1.541110294934E-11
AR GRAC 2024 07 04 02 55 20.000000 2  -8.907154527837E-12 -2.446847759130E-11
AR GRAC 2024 07 04 02 55 30.000000 2  -9.970149705829E-12 -2.702585377712E-11
AR GRAC 2024 07 04 02 55 40.000000 2  -1.021021114878E-11 -2.133232175974E-12
AR GRAC 2024 07 04 02 55 50.000000 2  -5.880875647568E-12 -1.144061147901E-11
AR GRAC 2024 07 04 02 56  0.000000 2  -1.279167136797E-11 -3.135799259146E-11
AR GRAC 2024 07 04 02 56 10.000000 2  -9.172391145229E-12 -6.495373249676E-12
AR GRAC 2024 07 04 02 56 20.000000 2  -6.790909848342E-12 -2.818275474104E-11
AR GRAC 2024 07 04 02 56 30.000000 2  -5.324175995913E-12 -4.670139275298E-12
AR GRAC 2024 07 04 02 56 40.000000 2  -8.389031656841E-12 -1.128752386698E-11
AR GRAC 2024 07 04 02 56 50.000000 2  -5.787130757245E-12 -2.549491347204E-11
AR GRAC 2024 07 04 02 57  0.000000 2  -1.084336179874E-11  7.987702513312E-12
AR GRAC 2024 07 04 02 57 10.000000 2  -5.334223080605E-12 -1.078968945439E-11
AR GRAC 2024 07 04 02 57 20.000000 2  -9.797252419064E-12 -1.966707872947E-11
AR GRAC 2024 07 04 02 57 30.000000 2  -6.868043026659E-12 -7.644470126356E-12
AR GRAC 2024 07 04 02 57 40.000000 2  -8.286663889800E-12 -8.381862912077E-12
AR GRAC 2024 07 04 02 57 50.000000 2  -4.839276115248E-12 -1.710925671972E-11
AR GRAC 2024 07 04 02 58  0.000000 2  -9.638576395354E-12 -1.114665131030E-11
AR GRAC 2024 07 04 02 58 10.000000 2  -8.051067625081E-12 -1.302404972064E-11
AR GRAC 2024 07 04 02 58 20.000000 2  -1.143124917641E-11 -4.471445783083E-12
AR GRAC 2024 07 04 02 58 30.000000 2  -6.207305936617E-12 -2.335884610738E-11
AR GRAC 2024 07 04 02 58 40.000000 2  -5.268335680902E-12 -1.334624511601E-11
AR GRAC 2024 07 04 02 58 50.000000 2  -9.320839239324E-12 -1.388364770372E-11
AR GRAC 2024 07 04 02 59  0.000000 2  -8.502663850773E-12 -1.020105180882E-11
AR GRAC 2024 07 04 02 59 10.000000 2  -5.199078580848E-12 -1.387845654371E-11
AR GRAC 2024 07 04 02 59 20.000000 2  -2.990649828477E-12 -5.325862580813E-12
AR GRAC 2024 07 04 02 59 30.000000 2  -5.106796929777E-12 -1.523326603747E-11
AR GRAC 2024 07 04 02 59 40.000000 2  -4.936348638879E-12 -9.110677490209E-12
AR GRAC 2024 07 04 02 59 50.000000 2  -9.620543077460E-12 -1.081808601033E-11
AR GRAC 2024 07 04 03 00  0.000000 2  -2.511502074018E-12 -1.120549660005E-11
AR GRAC 2024 07 04 03 00 10.000000 2  -8.190709395450E-12 -1.702290912398E-11
AR GRAC 2024 07 04 03 00 20.000000 2  -5.288765952960E-12 -2.364032233859E-11
AR GRAC 2024 07 04 03 00 30.000000 2  -7.680553242018E-12 -4.917737224386E-12
AR GRAC 2024 07 04 03 00 40.000000 2  -3.116167480305E-12 -7.835151798197E-12
AR GRAC 2024 07 04 03 00 50.000000 2  -5.137694089608E-12 -1.728256773803E-11
AR GRAC 2024 07 04 03 01  0.000000 2  -4.834944077048E-12  1.710012231641E-12
AR GRAC 2024 07 04 03 01 10.000000 2  -2.354032333646E-12 -9.127408898135E-12
AR GRAC 2024 07 04 03 01 20.000000 2  -2.326519185636E-12 -1.515482878078E-11
AR GRAC 2024 07 04 03 01 30.000000 2  -5.193512286894E-12 -1.251225165144E-11
AR GRAC 2024 07 04 03 01 40.000000 2  -7.728834065801E-12 -1.463967488902E-11
AR GRAC 2024 07 04 03 01 50.000000 2  -4.786269037355E-12 -1.337709977511E-11
AR GRAC 2024 07 04 03 02  0.000000 2  -1.192969876530E-13  1.115474683108E-12
AR GRAC 2024 07 04 03 02 10.000000 2  -1.726843386167E-12 -2.697195244927E-11
AR GRAC 2024 07 04 03 02 20.000000 2  -6.407533791747E-12 -1.600938132063E-11
AR GRAC 2024 07 04 03 02 30.000000 2  -5.112292100068E-12 -1.156809674094E-12
AR GRAC 2024 07 04 03 02 40.000000 2  -6.797965402400E-12 -2.284242239803E-12
AR GRAC 2024 07 04 03 02 50.000000 2  -1.042142587504E-11 -2.361674441079E-12
AR GRAC 2024 07 04 03 03  0.000000 2  -7.144839190773E-13 -3.791080405331E-13
AR GRAC 2024 07 04 03 03 10.000000 2  -3.830573878927E-12 -3.056543950233E-12
AR GRAC 2024 07 04 03 03 20.000000 2  -2.029802107645E-12 -1.454398060319E-11
AR GRAC 2024 07 04 03 03 30.000000 2  -6.277910049451E-12 -1.931416398343E-12
AR GRAC 2024 07 04 03 03 40.000000 2  -5.142940760761E-12 -1.088885492190E-11
AR GRAC 2024 07 04 03 03 50.000000 2  -3.724843350428E-12  1.273705099725E-12
AR GRAC 2024 07 04 03 04  0.000000 2  -6.020177845817E-12 -9.363735481438E-12
AR GRAC 2024 07 04 03 04 10.000000 2  -1.232905921453E-12 -7.921179337456E-12
AR GRAC 2024 07 04 03 04 20.000000 2  -1.435437272518E-12 -8.078624574859E-12
AR GRAC 2024 07 04 03 04 30.000000 2  -7.797490084172E-12 -4.106067916232E-12
AR GRAC 2024 07 04 03 04 40.000000 2  -8.138364114563E-12 -1.493513320829E-12
AR GRAC 2024 07 04 03 04 50.000000 2  -4.373278215258E-12 -4.580962345568E-12
AR GRAC 2024 07 04 03 05  0.000000 2  -4.298894573651E-12 -1.118841044118E-11
AR GRAC 2024 07 04 03 05 10.000000 2  -2.904626192346E-12 -6.105862777189E-12
AR GRAC 2024 07 04 03 05 20.000000 2  -7.519961216229E-12  1.786686792439E-12
AR GRAC 2024 07 04 03 05 30.000000 2  -3.777712084124E-12 -8.880766781683E-12
AR GRAC 2024 07 04 03 05 40.000000 2  -5.075906275159E-12 -3.218218226630E-12
AR GRAC 2024 07 04 03 05 50.000000 2  -7.865784412697E-12 -5.135675305162E-12
AR GRAC 2024 07 04 03 06  0.000000 2  -6.267023358597E-12  6.068672582689E-13
AR GRAC 2024 07 04 03 06 10.000000 2  -3.629069917840E-12 -5.540589254754E-12
AR GRAC 2024 07 04 03 06 20.000000 2  -6.126273533608E-12  7.091951591959E-12
AR GRAC 2024 07 04 03 06 30.000000 2  -2.596902293900E-12  2.554489822795E-12
AR GRAC 2024 07 04 03 06 40.000000 2   1.149117693361E-13  1.127028808820E-12
AR GRAC 2024 07 04 03 06 50.000000 2   4.989361354624E-12 -1.020043511463E-11
AR GRAC 2024 07 04 03 07  0.000000 2  -1.491387634049E-12  3.492101790029E-12
AR GRAC 2024 07 04 03 07 10.000000 2   7.335299034850E-12 -7.853627687418E-13
AR GRAC 2024 07 04 03 07 20.000000 2  -1.085296024057E-12  3.187167760613E-12
AR GRAC 2024 07 04 03 07 30.000000 2  -1.658284078630E-12 -3.240299088075E-12
AR GRAC 2024 07 04 03 07 40.000000 2   4.413054123520E-12  2.202231019072E-12
AR GRAC 2024 07 04 03 07 50.000000 2   2.010052064030E-12  4.894760378266E-12
AR GRAC 2024 07 04 03 08  0.000000 2   2.746841599663E-12 -3.892710806475E-12
AR GRAC 2024 07 04 03 08 10.000000 2  -2.813009800952E-14  8.489815621349E-12
AR GRAC 2024 07 04 03 08 20.000000 2   1.088584951348E-12  2.782342498758E-12
AR GRAC 2024 07 04 03 08 30.000000 2   1.758026775371E-12 -6.515134785834E-12
AR GRAC 2024 07 04 03 08 40.000000 2   2.676303623161E-12  6.137388774280E-12
AR GRAC 2024 07 04 03 08 50.000000 2   6.131920925884E-12  4.019910706393E-12
AR GRAC 2024 07 04 03 09  0.000000 2   3.470815648776E-12  5.122430257742E-12
AR GRAC 2024 07 04 03 09 10.000000 2   6.721830665864E-13  5.254950120881E-12
AR GRAC 2024 07 04 03 09 20.000000 2   6.036037555196E-12  1.302746712589E-11
AR GRAC 2024 07 04 03 09 30.000000 2   4.611075410388E-12  1.194998527215E-11
AR GRAC 2024 07 04 03 09 40.000000 2   3.161922329867E-12  3.532500247178E-12
AR GRAC 2024 07 04 03 09 50.000000 2   7.153004751015E-12  1.416501291263E-11
AR GRAC 2024 07 04 03 10  0.000000 2   6.626414261052E-12  9.197526421034E-12
AR GRAC 2024 07 04 03 10 10.000000 2   4.805607734665E-12  8.320037367393E-12
AR GRAC 2024 07 04 03 10 20.000000 2   3.792695758148E-12  2.646254916583E-11
AR GRAC 2024 07 04 03 10 30.000000 2   4.794437850203E-12  1.425057663020E-12
AR GRAC 2024 07 04 03 10 40.000000 2   5.625841372620E-12  1.114756464221E-11
AR GRAC 2024 07 04 03 10 50.000000 2   3.939026622241E-12  2.070007186494E-11
AR GRAC 2024 07 04 03 11  0.000000 2   7.592493474207E-12  1.368257677298E-11
AR GRAC 2024 07 04 03 11 10.000000 2   7.055880619361E-12  1.590508107163E-11
AR GRAC 2024 07 04 03 11 20.000000 2   4.866471808862E-12  1.380758268138E-11
AR GRAC 2024 07 04 03 11 30.000000 2   3.225207644356E-12  2.287008603330E-11
AR GRAC 2024 07 04 03 11 40.000000 2   7.343149525940E-12  1.035258510862E-11
AR GRAC 2024 07 04 03 11 50.000000 2   3.228733903501E-12  1.656508263892E-11
AR GRAC 2024 07 04 03 12  0.000000 2   7.515524660939E-12  1.741758126617E-11
AR GRAC 2024 07 04 03 12 10.000000 2   5.777320028627E-12  1.184007752952E-11
AR GRAC 2024 07 04 03 12 20.000000 2   8.841305292051E-12  2.596257063503E-11
AR GRAC 2024 07 04 03 12 30.000000 2   7.388464839941E-12  8.125067459119E-12
AR GRAC 2024 07 04 03 12 40.000000 2   5.936527745082E-12  2.861755797612E-11
AR GRAC 2024 07 04 03 12 50.000000 2   2.566948606800E-12  1.337004812418E-11
AR GRAC 2024 07 04 03 13  0.000000 2   1.043781120563E-11  1.766253983349E-11
AR GRAC 2024 07 04 03 13 10.000000 2   7.850083430516E-12  1.424502703296E-11
AR GRAC 2024 07 04 03 13 20.000000 2   4.623693788952E-12  2.743751580103E-11
AR GRAC 2024 07 04 03 13 30.000000 2   1.161730173865E-11  9.730001526709E-12
AR GRAC 2024 07 04 03 13 40.000000 2   1.234008988743E-11  1.997248547103E-11
AR GRAC 2024 07 04 03 13 50.000000 2   6.172590650416E-12  3.129497008758E-11
AR GRAC 2024 07 04 03 14  0.000000 2   7.184539855404E-12  1.032745156754E-11
AR GRAC 2024 07 04 03 14 10.000000 2   6.119153794781E-12  2.983992913874E-11
AR GRAC 2024 07 04 03 14 20.000000 2   8.790061560571E-12  7.692411811699E-12
AR GRAC 2024 07 04 03 14 30.000000 2   6.211471007683E-12  2.166489036781E-11
AR GRAC 2024 07 04 03 14 40.000000 2   7.681074526422E-12  6.427366885248E-12
AR GRAC 2024 07 04 03 14 50.000000 2   1.209481473308E-11  1.982984262905E-11
AR GRAC 2024 07 04 03 15  0.000000 2   5.753011782239E-12  1.298231661062E-11
AR GRAC 2024 07 04 03 15 10.000000 2   8.954935751260E-12  6.184790960623E-12
AR GRAC 2024 07 04 03 15 20.000000 2   1.316424139836E-11  1.666726305583E-11
AR GRAC 2024 07 04 03 15 30.000000 2   7.625132296407E-12  7.059733006520E-12
AR GRAC 2024 07 04 03 15 40.000000 2   6.508338139255E-12  1.617220246608E-11
AR GRAC 2024 07 04 03 15 50.000000 2   6.249359103122E-12  2.301467003085E-11
AR GRAC 2024 07 04 03 16  0.000000 2   9.509578020872E-12  2.127137875563E-12
AR GRAC 2024 07 04 03 16 10.000000 2   1.128502586517E-11  2.072960379740E-11
AR GRAC 2024 07 04 03 16 20.000000 2   9.707348640198E-12  1.166206714531E-11
AR GRAC 2024 07 04 03 16 30.000000 2   1.132220098926E-11  1.212453054622E-11
AR GRAC 2024 07 04 03 16 40.000000 2   1.930528480132E-11  1.305699211945E-11
AR GRAC 2024 07 04 03 16 50.000000 2   8.066583859212E-12  3.459455161572E-12
AR GRAC 2024 07 04 03 17  0.000000 2   1.214629005014E-11  1.032191259548E-11
AR GRAC 2024 07 04 03 17 10.000000 2   1.184897232415E-11  2.639436932905E-11
AR GRAC 2024 07 04 03 17 20.000000 2   8.086314604028E-12  4.776828238517E-12
AR GRAC 2024 07 04 03 17 30.000000 2   8.822196445601E-12  2.112928235154E-11
AR GRAC 2024 07 04 03 17 40.000000 2   1.290906357504E-11  1.427173743768E-11
AR GRAC 2024 07 04 03 17 50.000000 2   1.362837100116E-11  1.282418875953E-11
AR GRAC 2024 07 04 03 18  0.000000 2   9.531716561872E-12  9.556641936137E-12
AR GRAC 2024 07 04 03 18 10.000000 2   1.596402350590E-11  1.733909023305E-11
AR GRAC 2024 07 04 03 18 20.000000 2   1.491854383084E-11  2.280154016987E-11
AR GRAC 2024 07 04 03 18 30.000000 2   1.109370147828E-11  1.006398783754E-11
AR GRAC 2024 07 04 03 18 40.000000 2   1.319423303253E-11  7.986436165175E-12
AR GRAC 2024 07 04 03 18 50.000000 2   1.055706824044E-11  2.108888064178E-11
AR GRAC 2024 07 04 03 19  0.000000 2   1.541449086429E-11  2.395132356336E-11
AR GRAC 2024 07 04 03 19 10.000000 2   8.948867688541E-12  1.307376689547E-11
AR GRAC 2024 07 04 03 19 20.000000 2   1.272195543356E-11  6.486208705553E-12
AR GRAC 2024 07 04 03 19 30.000000 2   1.422254501671E-11  1.567864761631E-11
AR GRAC 2024 07 04 03 19 40.000000 2   1.383544754457E-11  7.891087956680E-12
AR GRAC 2024 07 04 03 19 50.000000 2   1.358478260438E-11  1.629352382182E-11
AR GRAC 2024 07 04 03 20  0.000000 2   1.381658416150E-11  2.233596120560E-11
AR GRAC 2024 07 04 03 20 10.000000 2   1.514019118409E-11  1.692839618483E-11
AR GRAC 2024 07 04 03 20 20.000000 2   1.158745235180E-11  1.970829749398E-12
AR GRAC 2024 07 04 03 20 30.000000 2   7.981508683141E-12  2.173326275889E-11
AR GRAC 2024 07 04 03 20 40.000000 2   1.322132420906E-11  1.223569336128E-11
AR GRAC 2024 07 04 03 20 50.000000 2   1.507286830071E-11  9.681248858140E-13
AR GRAC 2024 07 04 03 21  0.000000 2   9.368503368912E-12  9.750552795729E-12
AR GRAC 2024 07 04 03 21 10.000000 2   9.762827699045E-12  2.361297962716E-11
AR GRAC 2024 07 04 03 21 20.000000 2   1.240850217715E-11  9.165406281153E-12
AR GRAC 2024 07 04 03 21 30.000000 2   1.830952750526E-11  6.517831413477E-12
AR GRAC 2024 07 04 03 21 40.000000 2   1.003136549521E-11  1.826025441964E-11
AR GRAC 2024 07 04 03 21 50.000000 2   1.414664392574E-11  6.612677853207E-12
AR GRAC 2024 07 04 03 22  0.000000 2   1.157105487815E-11  7.295095950932E-12
AR GRAC 2024 07 04 03 22 10.000000 2   1.617042437452E-11  1.600751649289E-11
AR GRAC 2024 07 04 03 22 20.000000 2   1.618308959062E-11  1.783993439086E-11
AR GRAC 2024 07 04 03 22 30.000000 2   1.286619075169E-11  8.642353326038E-12
AR GRAC 2024 07 04 03 22 40.000000 2   1.539844467213E-11  1.476476753359E-11
AR GRAC 2024 07 04 03 22 50.000000 2   1.544322135449E-11  1.478718363035E-11
AR GRAC 2024 07 04 03 23  0.000000 2   1.823292385128E-11  1.483959656545E-11
AR GRAC 2024 07 04 03 23 10.000000 2   1.769817278841E-11  1.315200899576E-11
AR GRAC 2024 07 04 03 23 20.000000 2   1.559508251703E-11  7.474419520814E-12
AR GRAC 2024 07 04 03 23 30.000000 2   1.151410477379E-11  1.267682833705E-11
AR GRAC 2024 07 04 03 23 40.000000 2   1.105546557079E-11  1.835923774118E-11
AR GRAC 2024 07 04 03 23 50.000000 2   1.630799141561E-11  2.321164441210E-11
AR GRAC 2024 07 04 03 24  0.000000 2   1.523531995007E-11  1.930404967820E-11
AR GRAC 2024 07 04 03 24 10.000000 2   1.228492221145E-11 -8.753543896678E-12
AR GRAC 2024 07 04 03 24 20.000000 2   1.487962010549E-11  2.435885868013E-11
AR GRAC 2024 07 04 03 24 30.000000 2   1.189584021566E-11  1.735126105296E-11
AR GRAC 2024 07 04 03 24 40.000000 2   8.851510670260E-12  2.475366092658E-11
AR GRAC 2024 07 04 03 24 50.000000 2   1.846981942388E-11  1.300605977084E-11
AR GRAC 2024 07 04 03 25  0.000000 2   1.105338130053E-11  1.307845758775E-11
AR GRAC 2024 07 04 03 25 10.000000 2   1.190465261092E-11  6.890854640368E-12
AR GRAC 2024 07 04 03 25 20.000000 2   1.650881861770E-11  1.579325038803E-11
AR GRAC 2024 07 04 03 25 30.000000 2   1.458427822953E-11  1.512564552775E-11
AR GRAC 2024 07 04 03 25 40.000000 2   1.379170042060E-11  3.141803830986E-11
AR GRAC 2024 07 04 03 25 50.000000 2   1.113624296945E-11  9.140427997822E-12
AR GRAC 2024 07 04 03 26  0.000000 2   1.352804673838E-11  1.367281895343E-11
AR GRAC 2024 07 04 03 26 10.000000 2   2.023838562015E-11  2.499520902755E-11
AR GRAC 2024 07 04 03 26 20.000000 2   1.209139646047E-11  1.434759602792E-11
AR GRAC 2024 07 04 03 26 30.000000 2   1.148360660036E-11  2.623998414386E-11
AR GRAC 2024 07 04 03 26 40.000000 2   1.032955752184E-11  7.712367203205E-12
AR GRAC 2024 07 04 03 26 50.000000 2   1.753634563950E-11  2.463475257120E-11
AR GRAC 2024 07 04 03 27  0.000000 2   1.122878439536E-11  6.237134506787E-12
AR GRAC 2024 07 04 03 27 10.000000 2   1.083239400956E-11  3.344951399198E-11
AR GRAC 2024 07 04 03 27 20.000000 2   1.495229461079E-11  3.718977166153E-13
AR GRAC 2024 07 04 03 27 30.000000 2   1.418410614656E-11  7.004276932759E-12
AR GRAC 2024 07 04 03 27 40.000000 2   1.324048422985E-11  2.698665423073E-11
AR GRAC 2024 07 04 03 27 50.000000 2   1.273034976046E-11  2.919902861165E-11
AR GRAC 2024 07 04 03 28  0.000000 2   1.211330168116E-11  1.738140534280E-11
AR GRAC 2024 07 04 03 28 10.000000 2   1.215971073831E-11  1.291377855345E-11
AR GRAC 2024 07 04 03 28 20.000000 2   1.097416602036E-11  3.066150198322E-12
AR GRAC 2024 07 04 03 28 30.000000 2   1.356351576193E-11  2.603852376770E-11
AR GRAC 2024 07 04 03 28 40.000000 2   1.162686526918E-11  1.844089290992E-11
AR GRAC 2024 07 04 03 28 50.000000 2   1.687876574619E-11  1.386326123343E-11
AR GRAC 2024 07 04 03 29  0.000000 2   9.366033122682E-12  1.974562874318E-11
AR GRAC 2024 07 04 03 29 10.000000 2   1.681699224321E-11  1.807799396292E-11
AR GRAC 2024 07 04 03 29 20.000000 2   1.241685053388E-11  5.290360597515E-12
AR GRAC 2024 07 04 03 29 30.000000 2   1.278193523246E-11  1.800272431129E-11
AR GRAC 2024 07 04 03 29 40.000000 2   9.887360027938E-12  1.234508502368E-11
AR GRAC 2024 07 04 03 29 50.000000 2   1.247381451602E-11  2.171744555024E-11
AR GRAC 2024 07 04 03 30  0.000000 2   1.287985343379E-11  1.788980769080E-11
AR GRAC 2024 07 04 03 30 10.000000 2   1.212051899818E-11  1.705216523540E-11
AR GRAC 2024 07 04 03 30 20.000000 2   8.183714990395E-12  1.759452306072E-11
AR GRAC 2024 07 04 03 30 30.000000 2   1.070846102763E-11  1.408687836518E-11
AR GRAC 2024 07 04 03 30 40.000000 2   1.210752071518E-11  1.791923380512E-11
AR GRAC 2024 07 04 03 30 50.000000 2   1.327787445965E-11  3.401587605339E-12
AR GRAC 2024 07 04 03 31  0.000000 2   1.018660503171E-11  3.306394047442E-11
AR GRAC 2024 07 04 03 31 10.000000 2   1.354322123198E-11  1.357628939824E-11
AR GRAC 2024 07 04 03 31 20.000000 2   1.142302051560E-11  1.429863952934E-11
AR GRAC 2024 07 04 03 31 30.000000 2   1.540356037166E-11  7.740986671112E-12
AR GRAC 2024 07 04 03 31 40.000000 2   1.176274182224E-11  2.254333525409E-11
AR GRAC 2024 07 04 03 31 50.000000 2   1.110942154242E-11  1.616567990581E-11
AR GRAC 2024 07 04 03 32  0.000000 2   9.299444894695E-12  6.198025166021E-12
AR GRAC 2024 07 04 03 32 10.000000 2   1.764959185746E-11  1.539036953435E-11
AR GRAC 2024 07 04 03 32 20.000000 2   7.679210566047E-12  1.403270988992E-11
AR GRAC 2024 07 04 03 32 30.000000 2   1.196425857691E-11  1.743504993157E-11
AR GRAC 2024 07 04 03 32 40.000000 2   7.900367859914E-12  9.147391177855E-12
AR GRAC 2024 07 04 03 32 50.000000 2   1.287452349591E-11  9.929728914115E-12
AR GRAC 2024 07 04 03 33  0.000000 2   1.161492169804E-11  1.291206464665E-11
AR GRAC 2024 07 04 03 33 10.000000 2   8.715771160350E-12  1.159440252141E-11
AR GRAC 2024 07 04 03 33 20.000000 2   8.704205758936E-12  1.463673626745E-11
AR GRAC 2024 07 04 03 33 30.000000 2   4.641227940166E-12 -3.409306799547E-13
AR GRAC 2024 07 04 03 33 40.000000 2   7.323751848032E-12  1.231140103058E-11
AR GRAC 2024 07 04 03 33 50.000000 2   1.176821487481E-11  2.509373091264E-11
AR GRAC 2024 07 04 03 34  0.000000 2   7.791896468323E-12  1.709606067823E-11
AR GRAC 2024 07 04 03 34 10.000000 2   9.533366283898E-12  5.148388226156E-12
AR GRAC 2024 07 04 03 34 20.000000 2   1.118490109558E-11  9.340715700912E-12
AR GRAC 2024 07 04 03 34 30.000000 2   8.065079853958E-12  1.273303944921E-11
AR GRAC 2024 07 04 03 34 40.000000 2   7.657638412262E-12  1.480536526710E-11
AR GRAC 2024 07 04 03 34 50.000000 2   6.703424707682E-12  1.863768687993E-11
AR GRAC 2024 07 04 03 35  0.000000 2   8.213900046239E-12  9.990009687544E-12
AR GRAC 2024 07 04 03 35 10.000000 2   7.354287318018E-12  9.752328285206E-12
AR GRAC 2024 07 04 03 35 20.000000 2   4.729504982093E-12  1.153464736919E-11
AR GRAC 2024 07 04 03 35 30.000000 2   5.602021017209E-12  1.262696544546E-11
AR GRAC 2024 07 04 03 35 40.000000 2   6.777044637279E-12  4.489282643544E-12
AR GRAC 2024 07 04 03 35 50.000000 2   5.464900667412E-12  1.607159717809E-11
AR GRAC 2024 07 04 03 36  0.000000 2   6.179114945409E-12  7.933912207769E-12
AR GRAC 2024 07 04 03 36 10.000000 2   9.042623420885E-12  9.346223447948E-12
AR GRAC 2024 07 04 03 36 20.000000 2   6.023992502741E-12  5.948535934663E-12
AR GRAC 2024 07 04 03 36 30.000000 2   8.008631952050E-12  1.355084534166E-11
AR GRAC 2024 07 04 03 36 40.000000 2   6.201739967925E-13  5.453155722118E-12
AR GRAC 2024 07 04 03 36 50.000000 2  -2.269577104377E-12  1.570546123708E-11
AR GRAC 2024 07 04 03 37  0.000000 2   7.970918196321E-12 -7.223070069579E-14
AR GRAC 2024 07 04 03 37 10.000000 2   1.735362613157E-12  6.710074770128E-12
AR GRAC 2024 07 04 03 37 20.000000 2   2.479813446601E-12  2.168237638045E-11
AR GRAC 2024 07 04 03 37 30.000000 2   5.334286831693E-12 -4.675321328002E-12
AR GRAC 2024 07 04 03 37 40.000000 2   3.554686276233E-12  1.827698062340E-11
AR GRAC 2024 07 04 03 37 50.000000 2   3.928249218965E-12  7.009281176307E-12
AR GRAC 2024 07 04 03 38  0.000000 2   7.186686575705E-12  1.123157990224E-11
AR GRAC 2024 07 04 03 38 10.000000 2   3.061829435824E-12  1.831387645701E-11
AR GRAC 2024 07 04 03 38 20.000000 2   5.824575197155E-12  5.396173525379E-12
AR GRAC 2024 07 04 03 38 30.000000 2  -9.432362660031E-13  6.084680285665E-13
AR GRAC 2024 07 04 03 38 40.000000 2  -2.339787218142E-12  2.671076207439E-11
AR GRAC 2024 07 04 03 38 50.000000 2   4.291327276168E-12 -8.406944411454E-12
AR GRAC 2024 07 04 03 39  0.000000 2   2.495444606163E-12  9.145344204153E-12
AR GRAC 2024 07 04 03 39 10.000000 2   3.876773468220E-12  9.767634617797E-12
AR GRAC 2024 07 04 03 39 20.000000 2  -1.728712225452E-12  1.359922699624E-12
AR GRAC 2024 07 04 03 39 30.000000 2   1.007436105024E-12  7.172210308298E-12
AR GRAC 2024 07 04 03 39 40.000000 2  -8.798845983413E-13  1.124449491852E-11
AR GRAC 2024 07 04 03 39 50.000000 2   5.741898276290E-12  1.306678029667E-11
AR GRAC 2024 07 04 03 40  0.000000 2  -1.337717154930E-12  7.069063216736E-12
AR GRAC 2024 07 04 03 40 10.000000 2  -2.383086566624E-12  4.651346148521E-12
AR GRAC 2024 07 04 03 40 20.000000 2   9.652949013034E-13  5.723627734960E-12
AR GRAC 2024 07 04 03 40 30.000000 2   1.529043493383E-12  1.690590549497E-11
AR GRAC 2024 07 04 03 40 40.000000 2   2.859133286029E-12  2.218183536157E-12
AR GRAC 2024 07 04 03 40 50.000000 2  -2.040543732248E-12  5.380461267496E-12
AR GRAC 2024 07 04 03 41  0.000000 2  -1.877351355969E-13  3.642737153586E-12
AR GRAC 2024 07 04 03 41 10.000000 2  -6.182434121940E-13  1.168501059801E-11
AR GRAC 2024 07 04 03 41 20.000000 2  -1.460975004169E-12  9.747285444062E-12
AR GRAC 2024 07 04 03 41 30.000000 2  -5.541454881769E-12  9.095561760361E-13
AR GRAC 2024 07 04 03 41 40.000000 2   1.207182682809E-12  3.891827832225E-12
AR GRAC 2024 07 04 03 41 50.000000 2  -5.151634327460E-12  7.614096853015E-12
AR GRAC 2024 07 04 03 42  0.000000 2  -2.824540189413E-13  5.846363757694E-12
AR GRAC 2024 07 04 03 42 10.000000 2  -1.541440586283E-12 -4.021368307794E-12
AR GRAC 2024 07 04 03 42 20.000000 2  -7.555229011857E-12 -2.789103800346E-12
AR GRAC 2024 07 04 03 42 30.000000 2  -1.209174145360E-12  3.033161178820E-12
AR GRAC 2024 07 04 03 42 40.000000 2  -4.453393383230E-12  1.825423059237E-12
AR GRAC 2024 07 04 03 42 50.000000 2  -8.499157974629E-12  5.857685430460E-12
AR GRAC 2024 07 04 03 43  0.000000 2  -6.395881220478E-12  6.994698467351E-14
AR GRAC 2024 07 04 03 43 10.000000 2  -2.314684034721E-12  2.252204932968E-12
AR GRAC 2024 07 04 03 43 20.000000 2  -3.060155644510E-12  8.804462367507E-12
AR GRAC 2024 07 04 03 43 30.000000 2  -2.825812934343E-12 -7.263281556064E-12
AR GRAC 2024 07 04 03 43 40.000000 2  -4.925387354915E-12  1.688974806367E-12
AR GRAC 2024 07 04 03 43 50.000000 2  -5.492563435322E-12  9.671229095343E-12
AR GRAC 2024 07 04 03 44  0.000000 2  -7.008702212347E-12  1.203482083954E-12
AR GRAC 2024 07 04 03 44 10.000000 2  -7.705945256897E-12  4.685732270943E-12
AR GRAC 2024 07 04 03 44 20.000000 2  -5.388057621597E-12 -1.212017031876E-12
AR GRAC 2024 07 04 03 44 30.000000 2  -5.952513655594E-12  5.850230890003E-12
AR GRAC 2024 07 04 03 44 40.000000 2  -9.614789867052E-12  5.372480238464E-12
AR GRAC 2024 07 04 03 44 50.000000 2  -5.933052660279E-12 -2.705273722051E-12
AR GRAC 2024 07 04 03 45  0.000000 2  -1.186639154993E-11  2.736970589404E-12
AR GRAC 2024 07 04 03 45 10.000000 2  -4.075797425257E-12 -4.510784541029E-12
AR GRAC 2024 07 04 03 45 20.000000 2  -8.064706888411E-12  4.691458593137E-12
AR GRAC 2024 07 04 03 45 30.000000 2  -1.109718827247E-11  7.036989263867E-13
AR GRAC 2024 07 04 03 45 40.000000 2  -3.202087900389E-12  1.045939702037E-12
AR GRAC 2024 07 04 03 45 50.000000 2  -8.680645612047E-12 -1.351821866252E-12
AR GRAC 2024 07 04 03 46  0.000000 2  -9.721195202983E-12  5.100415749471E-12
AR GRAC 2024 07 04 03 46 10.000000 2  -1.064985686444E-11 -2.537349887491E-12
AR GRAC 2024 07 04 03 46 20.000000 2  -9.264036586465E-12  3.874886522759E-12
AR GRAC 2024 07 04 03 46 30.000000 2  -6.567637926558E-12  8.387118256847E-12
AR GRAC 2024 07 04 03 46 40.000000 2  -1.384869996457E-11  1.593531892812E-13
AR GRAC 2024 07 04 03 46 50.000000 2  -8.418016284040E-12 -2.248416730577E-12
AR GRAC 2024 07 04 03 47  0.000000 2  -1.130495610319E-11 -7.766186131686E-12
AR GRAC 2024 07 04 03 47 10.000000 2  -7.049982559543E-12  6.566042848322E-12
AR GRAC 2024 07 04 03 47 20.000000 2  -1.167812027636E-11 -9.217303569703E-13
AR GRAC 2024 07 04 03 47 30.000000 2  -1.258872953797E-11  1.704938409420E-13
AR GRAC 2024 07 04 03 47 40.000000 2  -7.314237757128E-12 -3.272798969767E-13
AR GRAC 2024 07 04 03 47 50.000000 2  -3.735575650893E-12 -2.425056683242E-12
AR GRAC 2024 07 04 03 48  0.000000 2  -1.264201156953E-11  3.377164433521E-12
AR GRAC 2024 07 04 03 48 10.000000 2  -1.478929131937E-11 -7.070613192162E-12
AR GRAC 2024 07 04 03 48 20.000000 2  -6.402303600467E-12  1.226160492585E-11
AR GRAC 2024 07 04 03 48 30.000000 2  -1.245095172797E-11 -6.206175330592E-12
AR GRAC 2024 07 04 03 48 40.000000 2  -5.177750155710E-12  1.181604033368E-11
AR GRAC 2024 07 04 03 48 50.000000 2  -1.028367755534E-11 -7.121743299254E-12
AR GRAC 2024 07 04 03 49  0.000000 2  -1.207901226957E-11 -6.569527907785E-12
AR GRAC 2024 07 04 03 49 10.000000 2  -1.063147139768E-11  1.032683053653E-12
AR GRAC 2024 07 04 03 49 20.000000 2  -1.429582407314E-11  3.544895930616E-12
AR GRAC 2024 07 04 03 49 30.000000 2  -9.881105482445E-12 -1.162289361978E-11
AR GRAC 2024 07 04 03 49 40.000000 2  -1.306558507219E-11 -1.130068261190E-11
AR GRAC 2024 07 04 03 49 50.000000 2  -9.654693711170E-12 -8.668476526863E-12
