 2.00 C RINEX VERSION / TYPE
 10.00 INTERVAL
 1 AR # / TYPES OF DATA
 END OF HEADER
AR GRAC 2024 06 15 01 50  0.000000 2   6.690599138083E-13 -5.903894994413E-12
AR GRAC 2024 06 15 01 50 10.000000 2  -8.139920161521E-12 -1.733218082944E-11
AR GRAC 2024 06 15 01 50 20.000000 2  -2.777571141838E-12 -8.840465685889E-12
AR GRAC 2024 06 15 01 50 30.000000 2  -1.002778849540E-11 -1.850875182285E-11
AR GRAC 2024 06 15 01 50 40.000000 2  -7.720307032555E-12 -2.724703795920E-11
AR GRAC 2024 06 15 01 50 50.000000 2  -4.474267310817E-12 -2.555323140585E-12
AR GRAC 2024 06 15 01 51  0.000000 2  -8.472606297105E-12 -9.403609835257E-12
AR GRAC 2024 06 15 01 51 10.000000 2  -8.989795886871E-12 -1.421189728401E-11
AR GRAC 2024 06 15 01 51 20.000000 2  -7.298676420187E-12 -2.517018364567E-11
AR GRAC 2024 06 15 01 51 30.000000 2  -9.824079050258E-12 -1.144847237844E-11
AR GRAC 2024 06 15 01 51 40.000000 2  -4.683749048329E-12 -2.008675864529E-11
AR GRAC 2024 06 15 01 51 50.000000 2  -7.441822331977E-12 -1.621504840121E-11
AR GRAC 2024 06 15 01 52  0.000000 2  -1.237625193301E-11 -1.117333829626E-11
AR GRAC 2024 06 15 01 52 10.000000 2  -7.490631379059E-12 -1.160162851205E-11
AR GRAC 2024 06 15 01 52 20.000000 2  -4.082332562272E-12 -3.019991548503E-11
AR GRAC 2024 06 15 01 52 30.000000 2  -9.216902414899E-12 -1.778820840626E-11
AR GRAC 2024 06 15 01 52 40.000000 2  -7.615346721279E-12 -2.094649974305E-11
AR GRAC 2024 06 15 01 52 50.000000 2  -1.049887347199E-11 -2.720479050367E-11
AR GRAC 2024 06 15 01 53  0.000000 2  -2.510203416656E-12 -1.296308112936E-11
AR GRAC 2024 06 15 01 53 10.000000 2  -7.665658038891E-12 -1.548137312790E-11
AR GRAC 2024 06 15 01 53 20.000000 2  -9.274219413269E-12 -1.972966581776E-11
AR GRAC 2024 06 15 01 53 30.000000 2  -1.109934019694E-11 -2.071795686398E-11
AR GRAC 2024 06 15 01 53 40.000000 2  -5.994846979940E-12 -3.951625138221E-11
AR GRAC 2024 06 15 01 53 50.000000 2  -1.329860353783E-11 -2.227454505566E-11
AR GRAC 2024 06 15 01 54  0.000000 2  -1.427156743478E-11 -1.594283906281E-11
AR GRAC 2024 06 15 01 54 10.000000 2  -8.580516505652E-12 -1.954113260094E-11
AR GRAC 2024 06 15 01 54 20.000000 2  -1.065902140857E-11 -2.721942983508E-11
AR GRAC 2024 06 15 01 54 30.000000 2  -7.146450098361E-12 -2.418772300505E-11
AR GRAC 2024 06 15 01 54 40.000000 2  -8.850880098277E-12 -2.595601858446E-11
AR GRAC 2024 06 15 01 54 50.000000 2  -1.303051937185E-11 -1.291431458300E-11
AR GRAC 2024 06 15 01 55  0.000000 2  -1.097411137657E-11 -2.417261009413E-11
AR GRAC 2024 06 15 01 55 10.000000 2  -1.090930817904E-11 -1.285090697051E-11
AR GRAC 2024 06 15 01 55 20.000000 2  -8.042021909516E-12 -2.550920412403E-11
AR GRAC 2024 06 15 01 55 30.000000 2  -8.830017446393E-12 -1.455750103796E-11
AR GRAC 2024 06 15 01 55 40.000000 2  -1.002769048353E-11 -3.818579827342E-11
AR GRAC 2024 06 15 01 55 50.000000 2  -1.350127648569E-11 -1.807409777399E-11
AR GRAC 2024 06 15 01 56  0.000000 2  -9.714106255498E-12 -2.010239717742E-11
AR GRAC 2024 06 15 01 56 10.000000 2  -1.029576771061E-11 -2.831069580156E-11
AR GRAC 2024 06 15 01 56 20.000000 2  -9.350750208859E-12 -1.308899516550E-11
AR GRAC 2024 06 15 01 56 30.000000 2  -1.191424476438E-11 -3.105729215469E-11
AR GRAC 2024 06 15 01 56 40.000000 2  -8.323478191408E-12 -2.262559757604E-11
AR GRAC 2024 06 15 01 56 50.000000 2  -1.091012957061E-11 -1.289389515297E-11
AR GRAC 2024 06 15 01 57  0.000000 2  -1.207494954719E-11 -2.948219446353E-11
AR GRAC 2024 06 15 01 57 10.000000 2  -1.453048879135E-11 -2.499049925331E-11
AR GRAC 2024 06 15 01 57 20.000000 2  -1.318245339277E-11 -1.594879957267E-11
AR GRAC 2024 06 15 01 57 30.000000 2  -9.920490644244E-12 -2.910710214521E-11
AR GRAC 2024 06 15 01 57 40.000000 2  -1.271416825988E-11 -3.362540454410E-11
AR GRAC 2024 06 15 01 57 50.000000 2  -1.220776778277E-11 -1.914370745260E-11
AR GRAC 2024 06 15 01 58  0.000000 2  -1.507896585373E-11 -2.497201403995E-11
AR GRAC 2024 06 15 01 58 10.000000 2  -1.237921657543E-11 -1.838031463142E-11
AR GRAC 2024 06 15 01 58 20.000000 2  -1.151151396428E-11 -3.165862016985E-11
AR GRAC 2024 06 15 01 58 30.000000 2  -1.031327193785E-11 -1.057692301798E-11
AR GRAC 2024 06 15 01 58 40.000000 2  -1.204995304926E-11 -3.045522861678E-11
AR GRAC 2024 06 15 01 58 50.000000 2  -1.845029511116E-11 -3.036353460328E-11
AR GRAC 2024 06 15 01 59  0.000000 2  -8.264749128128E-12 -1.784183911724E-11
AR GRAC 2024 06 15 01 59 10.000000 2  -1.255593632538E-11 -2.757014755383E-11
AR GRAC 2024 06 15 01 59 20.000000 2  -1.151159376156E-11 -2.347845355632E-11
AR GRAC 2024 06 15 01 59 30.000000 2  -1.563391430204E-11 -3.489675909352E-11
AR GRAC 2024 06 15 01 59 40.000000 2  -7.896954791475E-12 -1.212506570841E-11
AR GRAC 2024 06 15 01 59 50.000000 2  -1.517761784309E-11 -3.305337600845E-11
AR GRAC 2024 06 15 02 00  0.000000 2  -1.684847747430E-11 -1.682168120076E-11
AR GRAC 2024 06 15 02 00 10.000000 2  -1.725359959071E-11 -3.917998911418E-11
AR GRAC 2024 06 15 02 00 20.000000 2  -1.244584470206E-11 -2.910829910441E-11
AR GRAC 2024 06 15 02 00 30.000000 2  -8.241457863378E-12 -2.138660949724E-11
AR GRAC 2024 06 15 02 00 40.000000 2  -1.140881659978E-11 -2.174492010065E-11
AR GRAC 2024 06 15 02 00 50.000000 2  -9.798599431843E-12 -2.696323199436E-11
AR GRAC 2024 06 15 02 01  0.000000 2  -9.594386916889E-12 -2.157154142812E-11
AR GRAC 2024 06 15 02 01 10.000000 2  -1.279340435673E-11 -2.502985145536E-11
AR GRAC 2024 06 15 02 01 20.000000 2  -1.319502493380E-11 -2.738816118342E-11
AR GRAC 2024 06 15 02 01 30.000000 2  -9.853933641280E-12 -3.743647405963E-11
AR GRAC 2024 06 15 02 01 40.000000 2  -8.707609286396E-12 -3.575478801920E-11
AR GRAC 2024 06 15 02 01 50.000000 2  -1.513430873679E-11 -1.658309947694E-11
AR GRAC 2024 06 15 02 02  0.000000 2  -1.685835325504E-11 -1.889141273970E-11
AR GRAC 2024 06 15 02 02 10.000000 2  -1.464296565945E-11 -2.294972371863E-11
AR GRAC 2024 06 15 02 02 20.000000 2  -1.131120978132E-11 -2.722803926769E-11
AR GRAC 2024 06 15 02 02 30.000000 2  -1.381287445534E-11 -1.882635193573E-11
AR GRAC 2024 06 15 02 02 40.000000 2  -9.372204401448E-12 -1.492466740471E-11
AR GRAC 2024 06 15 02 02 50.000000 2  -1.586607061010E-11 -2.546298415174E-11
AR GRAC 2024 06 15 02 03  0.000000 2  -1.317086890940E-11 -4.466129896463E-11
AR GRAC 2024 06 15 02 03 10.000000 2  -1.085176219717E-11 -2.540961538400E-11
AR GRAC 2024 06 15 02 03 20.000000 2  -1.005388047121E-11 -1.036792960513E-11
AR GRAC 2024 06 15 02 03 30.000000 2  -1.670887560257E-11 -3.594624597980E-11
AR GRAC 2024 06 15 02 03 40.000000 2  -1.123787087692E-11 -2.742456088611E-11
AR GRAC 2024 06 15 02 03 50.000000 2  -1.442159586196E-11 -2.599287972360E-11
AR GRAC 2024 06 15 02 04  0.000000 2  -1.194873019972E-11 -2.227119877407E-11
AR GRAC 2024 06 15 02 04 10.000000 2  -9.934629507935E-12 -2.032951411379E-11
AR GRAC 2024 06 15 02 04 20.000000 2  -8.516603221265E-12 -2.228783303748E-11
AR GRAC 2024 06 15 02 04 30.000000 2  -1.451904742267E-11 -1.741615358875E-11
AR GRAC 2024 06 15 02 04 40.000000 2  -9.131986833388E-12 -1.728447072968E-11
AR GRAC 2024 06 15 02 04 50.000000 2  -9.232553090099E-12 -2.439278987132E-11
AR GRAC 2024 06 15 02 05  0.000000 2  -1.363425431583E-11 -2.833111176215E-11
AR GRAC 2024 06 15 02 05 10.000000 2  -1.081086869331E-11 -2.912943497524E-11
AR GRAC 2024 06 15 02 05 20.000000 2  -1.167693806231E-11 -2.250775434087E-11
AR GRAC 2024 06 15 02 05 30.000000 2  -1.309920921733E-11 -2.669607590544E-11
AR GRAC 2024 06 15 02 05 40.000000 2  -8.420326068348E-12 -2.598439519108E-11
AR GRAC 2024 06 15 02 05 50.000000 2  -1.164719709568E-11 -2.102271655369E-11
AR GRAC 2024 06 15 02 06  0.000000 2  -1.046426920809E-11 -1.830103950329E-11
AR GRAC 2024 06 15 02 06 10.000000 2  -1.038484749583E-11 -2.834936278784E-11
AR GRAC 2024 06 15 02 06 20.000000 2  -1.266354208995E-11 -2.480768715452E-11
AR GRAC 2024 06 15 02 06 30.000000 2  -9.386128159428E-12 -1.085600966760E-11
AR GRAC 2024 06 15 02 06 40.000000 2  -1.415962833096E-11 -9.394333401469E-12
AR GRAC 2024 06 15 02 06 50.000000 2  -1.218281638765E-11 -1.589265871682E-11
AR GRAC 2024 06 15 02 07  0.000000 2  -1.275446762095E-11 -3.636098366844E-11
AR GRAC 2024 06 15 02 07 10.000000 2  -8.654874560088E-12 -7.009308064521E-12
AR GRAC 2024 06 15 02 07 20.000000 2  -6.688945838190E-12 -1.028763359223E-11
AR GRAC 2024 06 15 02 07 30.000000 2  -1.210402958418E-11 -3.899595923951E-11
AR GRAC 2024 06 15 02 07 40.000000 2  -1.229100848876E-11 -6.304286086223E-12
AR GRAC 2024 06 15 02 07 50.000000 2  -6.825926542747E-12 -4.093261493643E-11
AR GRAC 2024 06 15 02 08  0.000000 2  -7.331709891978E-12 -6.110939879123E-12
AR GRAC 2024 06 15 02 08 10.000000 2  -7.633375702365E-12 -2.329266770781E-12
AR GRAC 2024 06 15 02 08 20.000000 2  -1.080460113739E-11 -6.967594903817E-12
AR GRAC 2024 06 15 02 08 30.000000 2  -1.506767800807E-11 -2.522592378040E-11
AR GRAC 2024 06 15 02 08 40.000000 2  -6.416716984148E-12 -1.741425406654E-11
AR GRAC 2024 06 15 02 08 50.000000 2  -7.848582894709E-12 -1.941258091775E-11
AR GRAC 2024 06 15 02 09  0.000000 2  -1.268081559896E-11 -7.430910921313E-12
AR GRAC 2024 06 15 02 09 10.000000 2  -1.011300765352E-11 -2.209924084007E-11
AR GRAC 2024 06 15 02 09 20.000000 2  -5.614403907062E-12 -1.100757245770E-11
AR GRAC 2024 06 15 02 09 30.000000 2  -9.753193912221E-12 -1.879590233456E-11
AR GRAC 2024 06 15 02 09 40.000000 2  -7.650965798411E-12 -1.347423474879E-11
AR GRAC 2024 06 15 02 09 50.000000 2  -6.390183087540E-12 -7.332565978013E-12
AR GRAC 2024 06 15 02 10  0.000000 2  -1.253095543996E-11 -2.141089736063E-11
AR GRAC 2024 06 15 02 10 10.000000 2  -1.052625434733E-11  1.907713624658E-13
AR GRAC 2024 06 15 02 10 20.000000 2  -6.970420768360E-12 -2.412756279491E-11
AR GRAC 2024 06 15 02 10 30.000000 2  -8.926366590334E-12 -2.096589395151E-11
AR GRAC 2024 06 15 02 10 40.000000 2  -7.384370025176E-12 -6.804228621510E-12
AR GRAC 2024 06 15 02 10 50.000000 2  -7.781102151494E-12 -1.405256380010E-11
AR GRAC 2024 06 15 02 11  0.000000 2  -7.116509638527E-12 -8.250897361173E-12
AR GRAC 2024 06 15 02 11 10.000000 2  -1.275902213743E-11 -1.963923294823E-11
AR GRAC 2024 06 15 02 11 20.000000 2  -8.053690526977E-12 -1.050756703869E-11
AR GRAC 2024 06 15 02 11 30.000000 2  -5.330626998840E-12 -1.994590256849E-11
AR GRAC 2024 06 15 02 11 40.000000 2  -1.378524291246E-11 -2.814237775109E-12
AR GRAC 2024 06 15 02 11 50.000000 2  -6.694752825026E-12 -6.762575308766E-12
AR GRAC 2024 06 15 02 12  0.000000 2  -5.863226137243E-12 -1.665091155234E-11
AR GRAC 2024 06 15 02 12 10.000000 2  -4.833167286528E-12 -8.899248525596E-12
AR GRAC 2024 06 15 02 12 20.000000 2  -2.329741217652E-12 -1.909758635954E-11
AR GRAC 2024 06 15 02 12 30.000000 2  -1.290529575565E-11 -6.045923744286E-12
AR GRAC 2024 06 15 02 12 40.000000 2  -4.694141776673E-12 -1.434426188940E-11
AR GRAC 2024 06 15 02 12 50.000000 2  -8.729405219510E-12 -1.202260166422E-11
AR GRAC 2024 06 15 02 13  0.000000 2  -7.843725668977E-12 -1.411093984716E-11
AR GRAC 2024 06 15 02 13 10.000000 2  -6.034342296679E-12  9.380720158991E-12
AR GRAC 2024 06 15 02 13 20.000000 2  -1.187127219443E-11 -1.593761927987E-11
AR GRAC 2024 06 15 02 13 30.000000 2  -3.337897232919E-12 -3.859592766914E-13
AR GRAC 2024 06 15 02 13 40.000000 2  -4.471566780045E-12  3.805699679005E-12
AR GRAC 2024 06 15 02 13 50.000000 2  -9.047550902919E-12 -1.705264054963E-11
AR GRAC 2024 06 15 02 14  0.000000 2  -8.492920776371E-12 -1.173098337220E-11
AR GRAC 2024 06 15 02 14 10.000000 2  -6.673754431030E-12 -2.859324105611E-12
AR GRAC 2024 06 15 02 14 20.000000 2  -6.325411982394E-12 -7.677667529515E-12
AR GRAC 2024 06 15 02 14 30.000000 2  -6.017103482137E-12  8.323990802195E-12
AR GRAC 2024 06 15 02 14 40.000000 2  -4.129166626676E-12 -2.002435196824E-11
AR GRAC 2024 06 15 02 14 50.000000 2  -8.187451584762E-12  1.258730359527E-11
AR GRAC 2024 06 15 02 15  0.000000 2  -1.568791429228E-12 -8.051039869506E-12
AR GRAC 2024 06 15 02 15 10.000000 2  -5.254130030358E-12 -9.019384197839E-12
AR GRAC 2024 06 15 02 15 20.000000 2  -3.923635288200E-12  1.091227108674E-11
AR GRAC 2024 06 15 02 15 30.000000 2  -1.042793781013E-12 -1.332607461879E-11
AR GRAC 2024 06 15 02 15 40.000000 2  -9.854292729039E-12 -1.981441920262E-11
AR GRAC 2024 06 15 02 15 50.000000 2  -1.580451373072E-12  3.417234811093E-12
AR GRAC 2024 06 15 02 16  0.000000 2  -8.466395119699E-12  1.361888726792E-11
AR GRAC 2024 06 15 02 16 10.000000 2  -2.215978485778E-12  7.920541826578E-12
AR GRAC 2024 06 15 02 16 20.000000 2  -7.343955630255E-13  2.772195233786E-12
AR GRAC 2024 06 15 02 16 30.000000 2  -3.765089802432E-12 -1.330615218703E-11
AR GRAC 2024 06 15 02 16 40.000000 2  -6.069237126760E-12  2.767549904525E-11
AR GRAC 2024 06 15 02 16 50.000000 2  -5.737103500603E-12  3.087152278605E-12
AR GRAC 2024 06 15 02 17  0.000000 2  -5.214752674815E-12 -2.781119605444E-11
AR GRAC 2024 06 15 02 17 10.000000 2   3.744399755534E-12  1.725045280232E-11
AR GRAC 2024 06 15 02 17 20.000000 2  -9.858188050604E-12 -5.837894837685E-12
AR GRAC 2024 06 15 02 17 30.000000 2   3.076953405609E-12  2.140375376936E-11
AR GRAC 2024 06 15 02 17 40.000000 2  -2.379238949954E-12  9.075405357772E-12
AR GRAC 2024 06 15 02 17 50.000000 2  -2.733349787828E-12 -6.722945550958E-12
AR GRAC 2024 06 15 02 18  0.000000 2  -3.741769047383E-12 -5.051297054248E-12
AR GRAC 2024 06 15 02 18 10.000000 2  -4.524372955277E-13  9.970352668476E-12
AR GRAC 2024 06 15 02 18 20.000000 2  -1.505775755820E-12  1.530199925104E-11
AR GRAC 2024 06 15 02 18 30.000000 2  -2.216027925397E-12 -3.856351869780E-12
AR GRAC 2024 06 15 02 18 40.000000 2  -2.914043138735E-12  1.765296350938E-12
AR GRAC 2024 06 15 02 18 50.000000 2  -2.945701191651E-12  1.773694212337E-11
AR GRAC 2024 06 15 02 19  0.000000 2   4.545113742836E-14  7.948589703100E-12
AR GRAC 2024 06 15 02 19 10.000000 2   2.476402763407E-12  8.780236954165E-12
AR GRAC 2024 06 15 02 19 20.000000 2  -1.525779502742E-12  1.543188146713E-11
AR GRAC 2024 06 15 02 19 30.000000 2  -3.338427190941E-12  1.151352797824E-11
AR GRAC 2024 06 15 02 19 40.000000 2   3.960992991936E-12  1.454517149085E-11
AR GRAC 2024 06 15 02 19 50.000000 2  -2.600061875871E-12  1.695681615954E-11
AR GRAC 2024 06 15 02 20  0.000000 2   1.089863442549E-12 -3.101538557232E-12
AR GRAC 2024 06 15 02 20 10.000000 2  -1.578855535894E-12  3.065010398262E-11
AR GRAC 2024 06 15 02 20 20.000000 2  -3.533821672785E-12 -7.988252420654E-12
AR GRAC 2024 06 15 02 20 30.000000 2   4.905468826283E-12  1.098339041244E-11
AR GRAC 2024 06 15 02 20 40.000000 2  -8.676302406564E-13  1.859503176438E-11
AR GRAC 2024 06 15 02 20 50.000000 2   3.760773810424E-12  1.058667563336E-11
AR GRAC 2024 06 15 02 21  0.000000 2   1.822884725111E-12  8.468318060673E-12
AR GRAC 2024 06 15 02 21 10.000000 2   1.771754292758E-12  5.839960025983E-12
AR GRAC 2024 06 15 02 21 20.000000 2   3.313437198227E-12  1.885160083592E-11
AR GRAC 2024 06 15 02 21 30.000000 2  -4.642937510152E-12  1.583324096832E-11
AR GRAC 2024 06 15 02 21 40.000000 2   8.740874343771E-12  1.477488097146E-11
AR GRAC 2024 06 15 02 21 50.000000 2  -5.352637170303E-12  1.130652255849E-11
AR GRAC 2024 06 15 02 22  0.000000 2   4.331603652152E-12  2.231815947329E-11
AR GRAC 2024 06 15 02 22 10.000000 2   1.042776975879E-12  9.619798881089E-12
AR GRAC 2024 06 15 02 22 20.000000 2   1.475578990592E-12  2.091143751215E-11
AR GRAC 2024 06 15 02 22 30.000000 2   5.171645663798E-12  1.584307511571E-11
AR GRAC 2024 06 15 02 22 40.000000 2   2.656265181769E-12  1.584471269467E-11
AR GRAC 2024 06 15 02 22 50.000000 2  -1.571792609262E-12  1.328635205328E-11
AR GRAC 2024 06 15 02 23  0.000000 2   2.995247929891E-12  1.684798828228E-11
AR GRAC 2024 06 15 02 23 10.000000 2   3.918054249097E-12  2.172962504376E-11
AR GRAC 2024 06 15 02 23 20.000000 2   2.145012683100E-12  1.813126038197E-11
AR GRAC 2024 06 15 02 23 30.000000 2  -1.955250848382E-12  2.231289632226E-11
AR GRAC 2024 06 15 02 23 40.000000 2   2.305504528607E-12  2.707453358730E-11
AR GRAC 2024 06 15 02 23 50.000000 2   5.217423281606E-12  1.813616791468E-11
AR GRAC 2024 06 15 02 24  0.000000 2   8.207923923864E-12  1.967804174816E-12
AR GRAC 2024 06 15 02 24 10.000000 2   5.026985338413E-12  2.173943663974E-11
AR GRAC 2024 06 15 02 24 20.000000 2   1.377308098301E-12  4.135107187220E-11
AR GRAC 2024 06 15 02 24 30.000000 2   1.537690114128E-12  2.090270491417E-11
AR GRAC 2024 06 15 02 24 40.000000 2   2.617826094786E-12  3.373433823950E-11
AR GRAC 2024 06 15 02 24 50.000000 2   3.663266304882E-12  2.083597010205E-11
AR GRAC 2024 06 15 02 25  0.000000 2   3.455075418476E-12  1.622760432973E-11
AR GRAC 2024 06 15 02 25 10.000000 2   6.162394379505E-12  2.999923573443E-11
AR GRAC 2024 06 15 02 25 20.000000 2   7.472953679477E-12  2.866086708242E-11
AR GRAC 2024 06 15 02 25 30.000000 2   1.358426934307E-12  2.054249825800E-11
AR GRAC 2024 06 15 02 25 40.000000 2   5.562082044941E-12  2.330412772478E-11
AR GRAC 2024 06 15 02 25 50.000000 2   6.358803674583E-12  1.736575987177E-11
AR GRAC 2024 06 15 02 26  0.000000 2   6.320051903694E-13  1.820738872171E-11
AR GRAC 2024 06 15 02 26 10.000000 2   3.555718436701E-12  3.134902060165E-11
AR GRAC 2024 06 15 02 26 20.000000 2   3.950248114726E-12  1.863064910679E-11
AR GRAC 2024 06 15 02 26 30.000000 2   7.143751302313E-12  3.014227756282E-11
AR GRAC 2024 06 15 02 26 40.000000 2   4.396847035765E-12  4.403390499452E-11
AR GRAC 2024 06 15 02 26 50.000000 2   6.337316955929E-12  2.979553409554E-11
AR GRAC 2024 06 15 02 27  0.000000 2   3.184454869937E-12  1.403716032300E-11
AR GRAC 2024 06 15 02 27 10.000000 2   4.047512325300E-12  7.048790370834E-12
AR GRAC 2024 06 15 02 27 20.000000 2   7.913739975829E-12  5.109041315010E-11
AR GRAC 2024 06 15 02 27 30.000000 2   5.594497521494E-12  2.022204105556E-11
AR GRAC 2024 06 15 02 27 40.000000 2   1.033537058021E-11  2.492366729667E-11
AR GRAC 2024 06 15 02 27 50.000000 2   7.603205391671E-12  2.432529351559E-11
AR GRAC 2024 06 15 02 28  0.000000 2   6.933453811087E-12  2.898691876807E-11
AR GRAC 2024 06 15 02 28 10.000000 2   2.295141724243E-12  3.020854399960E-11
AR GRAC 2024 06 15 02 28 20.000000 2   1.046727288179E-11  3.118016608794E-11
AR GRAC 2024 06 15 02 28 30.000000 2   1.186877852943E-11  7.161792860144E-12
AR GRAC 2024 06 15 02 28 40.000000 2   8.306435400618E-12  3.978341614475E-11
AR GRAC 2024 06 15 02 28 50.000000 2   9.630434470720E-12  3.082504043683E-11
AR GRAC 2024 06 15 02 29  0.000000 2   7.639586879771E-12  3.802666168062E-11
AR GRAC 2024 06 15 02 29 10.000000 2   7.072152325566E-12  2.462828378735E-11
AR GRAC 2024 06 15 02 29 20.000000 2   1.175978064927E-11  2.047990596554E-11
AR GRAC 2024 06 15 02 29 30.000000 2   1.022471690648E-11  2.556152858824E-11
AR GRAC 2024 06 15 02 29 40.000000 2   1.239690641808E-11  2.809315106933E-11
AR GRAC 2024 06 15 02 29 50.000000 2   5.390260720411E-12  2.317476939517E-11
AR GRAC 2024 06 15 02 30  0.000000 2   8.017557104334E-12  4.135639053438E-11
AR GRAC 2024 06 15 02 30 10.000000 2   1.133262407527E-11  2.450800846987E-11
AR GRAC 2024 06 15 02 30 20.000000 2   1.131531413706E-11  2.530963112701E-11
AR GRAC 2024 06 15 02 30 30.000000 2   5.644293626234E-12  3.330124717649E-11
AR GRAC 2024 06 15 02 30 40.000000 2   9.652948579353E-12  5.097286481792E-11
AR GRAC 2024 06 15 02 30 50.000000 2   1.357033495991E-11  3.731448830480E-11
AR GRAC 2024 06 15 02 31  0.000000 2   9.987560257996E-12  2.662610409931E-11
AR GRAC 2024 06 15 02 31 10.000000 2   9.072659290510E-12  1.988772167782E-11
AR GRAC 2024 06 15 02 31 20.000000 2   1.323055987684E-11  4.171933978836E-11
AR GRAC 2024 06 15 02 31 30.000000 2   7.075424881403E-12  2.331095733110E-11
AR GRAC 2024 06 15 02 31 40.000000 2   1.378679028580E-11  2.613257180095E-11
AR GRAC 2024 06 15 02 31 50.000000 2   1.069365082595E-11  4.375419124236E-11
AR GRAC 2024 06 15 02 32  0.000000 2   1.321243201652E-11  3.364580489218E-11
AR GRAC 2024 06 15 02 32 10.000000 2   1.235863668347E-11  4.149742355297E-11
AR GRAC 2024 06 15 02 32 20.000000 2   1.284525437406E-11  3.505903900525E-11
AR GRAC 2024 06 15 02 32 30.000000 2   1.362941617206E-11  2.693065041803E-11
AR GRAC 2024 06 15 02 32 40.000000 2   1.298534630517E-11  4.448226509357E-11
AR GRAC 2024 06 15 02 32 50.000000 2   1.231720454797E-11  4.242387691145E-11
AR GRAC 2024 06 15 02 33  0.000000 2   1.140539919453E-11  3.987549179740E-11
AR GRAC 2024 06 15 02 33 10.000000 2   1.456457350557E-11  3.536710507790E-11
AR GRAC 2024 06 15 02 33 20.000000 2   1.187382484003E-11  3.377871940491E-11
AR GRAC 2024 06 15 02 33 30.000000 2   1.493038852274E-11  5.229032831733E-11
AR GRAC 2024 06 15 02 33 40.000000 2   1.333940943815E-11  2.568193921415E-11
AR GRAC 2024 06 15 02 33 50.000000 2   1.725153526977E-11  3.354355335161E-11
AR GRAC 2024 06 15 02 34  0.000000 2   1.551117567722E-11  3.951516197587E-11
AR GRAC 2024 06 15 02 34 10.000000 2   1.852132683333E-11  3.199677328647E-11
AR GRAC 2024 06 15 02 34 20.000000 2   1.813613842438E-11  3.816838511916E-11
AR GRAC 2024 06 15 02 34 30.000000 2   1.279667084103E-11  3.796999520356E-11
AR GRAC 2024 06 15 02 34 40.000000 2   1.669631620460E-11  5.670160174720E-11
AR GRAC 2024 06 15 02 34 50.000000 2   1.550977402065E-11  3.112321164678E-11
AR GRAC 2024 06 15 02 35  0.000000 2   1.259063252962E-11  4.421482277528E-11
AR GRAC 2024 06 15 02 35 10.000000 2   1.340929017130E-11  4.513642931636E-11
AR GRAC 2024 06 15 02 35 20.000000 2   1.351547953415E-11  2.299803750216E-11
AR GRAC 2024 06 15 02 35 30.000000 2   1.609979337347E-11  4.264964423295E-11
AR GRAC 2024 06 15 02 35 40.000000 2   1.757109735490E-11  1.845125267852E-11
AR GRAC 2024 06 15 02 35 50.000000 2   1.566335429415E-11  5.013285619970E-11
AR GRAC 2024 06 15 02 36  0.000000 2   1.686029961478E-11  4.311446338834E-11
AR GRAC 2024 06 15 02 36 10.000000 2   1.627648536784E-11  4.892606805806E-11
AR GRAC 2024 06 15 02 36 20.000000 2   2.032894512449E-11  4.032767522699E-11
AR GRAC 2024 06 15 02 36 30.000000 2   1.669402463489E-11  3.767927983511E-11
AR GRAC 2024 06 15 02 36 40.000000 2   2.145878613691E-11  4.015088608811E-11
AR GRAC 2024 06 15 02 36 50.000000 2   1.738162391796E-11  3.875248733021E-11
AR GRAC 2024 06 15 02 37  0.000000 2   1.470483630694E-11  4.912409021229E-11
AR GRAC 2024 06 15 02 37 10.000000 2   1.725288314991E-11  3.690569724824E-11
AR GRAC 2024 06 15 02 37 20.000000 2   1.391671760470E-11  3.379729829334E-11
AR GRAC 2024 06 15 02 37 30.000000 2   1.832775424482E-11  3.246890256658E-11
AR GRAC 2024 06 15 02 37 40.000000 2   1.637157250045E-11  5.954050447121E-11
AR GRAC 2024 06 15 02 37 50.000000 2   1.872888476251E-11  3.026210532164E-11
AR GRAC 2024 06 15 02 38  0.000000 2   1.799843780959E-11  4.136370759800E-11
AR GRAC 2024 06 15 02 38 10.000000 2   1.759398009227E-11  4.158530811371E-11
AR GRAC 2024 06 15 02 38 20.000000 2   1.869448172653E-11  3.663690878453E-11
AR GRAC 2024 06 15 02 38 30.000000 2   2.155164414985E-11  3.115850980007E-11
AR GRAC 2024 06 15 02 38 40.000000 2   1.690814849242E-11  4.470010819824E-11
AR GRAC 2024 06 15 02 38 50.000000 2   2.640878661586E-11  3.446171126242E-11
AR GRAC 2024 06 15 02 39  0.000000 2   1.578221754672E-11  4.165330580452E-11
AR GRAC 2024 06 15 02 39 10.000000 2   1.952846565012E-11  3.824490724114E-11
AR GRAC 2024 06 15 02 39 20.000000 2   1.649900528700E-11  5.419650145333E-11
AR GRAC 2024 06 15 02 39 30.000000 2   1.959019231557E-11  3.979810231369E-11
AR GRAC 2024 06 15 02 39 40.000000 2   1.621944072105E-11  2.547969821243E-11
AR GRAC 2024 06 15 02 39 50.000000 2   1.834472157514E-11  5.505130032391E-11
AR GRAC 2024 06 15 02 40  0.000000 2   2.272189728036E-11  3.015289407049E-11
AR GRAC 2024 06 15 02 40 10.000000 2   1.736092346272E-11  3.400449019586E-11
AR GRAC 2024 06 15 02 40 20.000000 2   1.685946347807E-11  4.687608634590E-11
AR GRAC 2024 06 15 02 40 30.000000 2   2.245986556459E-11  3.643768273220E-11
AR GRAC 2024 06 15 02 40 40.000000 2   2.701910049863E-11  3.603927919982E-11
AR GRAC 2024 06 15 02 40 50.000000 2   1.926169466981E-11  4.457087476872E-11
AR GRAC 2024 06 15 02 41  0.000000 2   1.629144388837E-11  5.091246521594E-11
AR GRAC 2024 06 15 02 41 10.000000 2   1.993146446500E-11  3.025405967416E-11
AR GRAC 2024 06 15 02 41 20.000000 2   1.934546273175E-11  4.524565444530E-11
AR GRAC 2024 06 15 02 41 30.000000 2   1.790137309221E-11  5.190724586268E-11
AR GRAC 2024 06 15 02 41 40.000000 2   2.115714201056E-11  4.592883712240E-11
AR GRAC 2024 06 15 02 41 50.000000 2   2.220039777012E-11  3.046042931776E-11
AR GRAC 2024 06 15 02 42  0.000000 2   1.986238777618E-11  4.546201956557E-11
AR GRAC 2024 06 15 02 42 10.000000 2   2.177574266737E-11  3.269361517622E-11
AR GRAC 2024 06 15 02 42 20.000000 2   1.601310924138E-11  3.749520485763E-11
AR GRAC 2024 06 15 02 42 30.000000 2   2.221782653689E-11  3.880679805279E-11
AR GRAC 2024 06 15 02 42 40.000000 2   1.854791840949E-11  3.834838696593E-11
AR GRAC 2024 06 15 02 42 50.000000 2   2.325206693854E-11  3.428997710775E-11
AR GRAC 2024 06 15 02 43  0.000000 2   1.933193015391E-11  4.053156768546E-11
AR GRAC 2024 06 15 02 43 10.000000 2   2.091390775838E-11  5.528315305536E-11
AR GRAC 2024 06 15 02 43 20.000000 2   2.348568388377E-11  3.005474341622E-11
AR GRAC 2024 06 15 02 43 30.000000 2   1.996357940071E-11  3.938633447165E-11
AR GRAC 2024 06 15 02 43 40.000000 2   2.219608871701E-11  4.224792043983E-11
AR GRAC 2024 06 15 02 43 50.000000 2   2.373357239904E-11  3.829950939727E-11
AR GRAC 2024 06 15 02 44  0.000000 2   2.255094722070E-11  4.243109336111E-11
AR GRAC 2024 06 15 02 44 10.000000 2   1.986386055641E-11  4.317268417764E-11
AR GRAC 2024 06 15 02 44 20.000000 2   2.339226728987E-11  4.447426801835E-11
AR GRAC 2024 06 15 02 44 30.000000 2   2.256145444079E-11  3.833585185409E-11
AR GRAC 2024 06 15 02 44 40.000000 2   2.305200128006E-11  4.095744229882E-11
AR GRAC 2024 06 15 02 44 50.000000 2   2.261709396156E-11  3.546902702101E-11
AR GRAC 2024 06 15 02 45  0.000000 2   2.353360215035E-11  4.386060958872E-11
AR GRAC 2024 06 15 02 45 10.000000 2   2.233621794467E-11  4.449219465075E-11
AR GRAC 2024 06 15 02 45 20.000000 2   2.204884538837E-11  3.978377696723E-11
AR GRAC 2024 06 15 02 45 30.000000 2   2.147827402044E-11  3.277536228530E-11
AR GRAC 2024 06 15 02 45 40.000000 2   2.067861160082E-11  4.629694197456E-11
AR GRAC 2024 06 15 02 45 50.000000 2   2.385547488715E-11  4.364852576599E-11
AR GRAC 2024 06 15 02 46  0.000000 2   2.366863649517E-11  4.580011023214E-11
AR GRAC 2024 06 15 02 46 10.000000 2   2.097246161459E-11  4.288169125344E-11
AR GRAC 2024 06 15 02 46 20.000000 2   2.593457393285E-11  3.375327448096E-11
AR GRAC 2024 06 15 02 46 30.000000 2   2.205911148190E-11  3.438485607354E-11
AR GRAC 2024 06 15 02 46 40.000000 2   2.389455820706E-11  4.440643686099E-11
AR GRAC 2024 06 15 02 46 50.000000 2   2.257564274410E-11  3.505801551840E-11
AR GRAC 2024 06 15 02 47  0.000000 2   3.274566728884E-11  4.184959670472E-11
AR GRAC 2024 06 15 02 47 10.000000 2   2.778648144908E-11  4.658117294665E-11
AR GRAC 2024 06 15 02 47 20.000000 2   2.304111068607E-11  3.118275429537E-11
AR GRAC 2024 06 15 02 47 30.000000 2   2.237785130810E-11  5.092433419396E-11
AR GRAC 2024 06 15 02 47 40.000000 2   2.410656049778E-11  4.896590771741E-11
AR GRAC 2024 06 15 02 47 50.000000 2   2.801565923694E-11  3.239749093997E-11
AR GRAC 2024 06 15 02 48  0.000000 2   2.664376531902E-11  3.743906920595E-11
AR GRAC 2024 06 15 02 48 10.000000 2   2.434748756774E-11  4.079064516715E-11
AR GRAC 2024 06 15 02 48 20.000000 2   2.255276000673E-11  3.632222300709E-11
AR GRAC 2024 06 15 02 48 30.000000 2   2.571241310145E-11  4.079379889443E-11
AR GRAC 2024 06 15 02 48 40.000000 2   2.767820694860E-11  3.814537574698E-11
AR GRAC 2024 06 15 02 48 50.000000 2   2.902630392987E-11  5.078695103355E-11
AR GRAC 2024 06 15 02 49  0.000000 2   2.169354973436E-11  3.436852538674E-11
AR GRAC 2024 06 15 02 49 10.000000 2   2.787784586511E-11  3.138009990744E-11
AR GRAC 2024 06 15 02 49 20.000000 2   2.639755948552E-11  3.125167485907E-11
AR GRAC 2024 06 15 02 49 30.000000 2   2.958062267355E-11  4.898325148273E-11
AR GRAC 2024 06 15 02 49 40.000000 2   2.523773551255E-11  3.915482521544E-11
AR GRAC 2024 06 15 02 49 50.000000 2   2.966287285244E-11  3.332639719744E-11
AR GRAC 2024 06 15 02 50  0.000000 2   2.891166993313E-11  3.309797227957E-11
AR GRAC 2024 06 15 02 50 10.000000 2   2.666849553690E-11  4.342954121328E-11
AR GRAC 2024 06 15 02 50 20.000000 2   2.847608433776E-11  3.018111455200E-11
AR GRAC 2024 06 15 02 50 30.000000 2   2.226025440366E-11  4.039268572398E-11
AR GRAC 2024 06 15 02 50 40.000000 2   2.718751439257E-11  4.357425531509E-11
AR GRAC 2024 06 15 02 50 50.000000 2   2.923384798126E-11  3.421582808749E-11
AR GRAC 2024 06 15 02 51  0.000000 2   2.409980895401E-11  3.208739871030E-11
AR GRAC 2024 06 15 02 51 10.000000 2   2.468758010521E-11  4.159896732636E-11
AR GRAC 2024 06 15 02 51 20.000000 2   2.526017763016E-11  3.049054064785E-11
AR GRAC 2024 06 15 02 51 30.000000 2   2.592418467395E-11  3.939210763138E-11
AR GRAC 2024 06 15 02 51 40.000000 2   2.799359528904E-11  3.987367727665E-11
AR GRAC 2024 06 15 02 51 50.000000 2   2.643904019328E-11  3.961524511209E-11
AR GRAC 2024 06 15 02 52  0.000000 2   2.937706328199E-11  4.459681235414E-11
AR GRAC 2024 06 15 02 52 10.000000 2   2.558943161535E-11  3.492837963304E-11
AR GRAC 2024 06 15 02 52 20.000000 2   2.708772789406E-11  4.246994769752E-11
AR GRAC 2024 06 15 02 52 30.000000 2   2.480267553839E-11  3.899151487796E-11
AR GRAC 2024 06 15 02 52 40.000000 2   3.069236531594E-11  3.700308115473E-11
AR GRAC 2024 06 15 02 52 50.000000 2   2.596462801707E-11  3.623464722713E-11
AR GRAC 2024 06 15 02 53  0.000000 2   2.360328946183E-11  3.367621459471E-11
AR GRAC 2024 06 15 02 53 10.000000 2   3.106384593998E-11  3.055777852978E-11
AR GRAC 2024 06 15 02 53 20.000000 2   2.655848804767E-11  4.133934167205E-11
AR GRAC 2024 06 15 02 53 30.000000 2   2.383504157932E-11  3.665090800298E-11
AR GRAC 2024 06 15 02 53 40.000000 2   3.135756584949E-11  4.433247172142E-11
AR GRAC 2024 06 15 02 53 50.000000 2   2.641379476254E-11  3.344403573524E-11
AR GRAC 2024 06 15 02 54  0.000000 2   2.857946344859E-11  3.263559908429E-11
AR GRAC 2024 06 15 02 54 10.000000 2   2.994225353770E-11  2.652716067642E-11
AR GRAC 2024 06 15 02 54 20.000000 2   2.754962230567E-11  3.160872605323E-11
AR GRAC 2024 06 15 02 54 30.000000 2   2.650006256100E-11  4.174028830906E-11
AR GRAC 2024 06 15 02 54 40.000000 2   2.719177140398E-11  4.058185038014E-11
AR GRAC 2024 06 15 02 54 50.000000 2   2.828460556048E-11  3.317341193410E-11
AR GRAC 2024 06 15 02 55  0.000000 2   2.636001486533E-11  3.474497078937E-11
AR GRAC 2024 06 15 02 55 10.000000 2   3.195762404706E-11  3.356653496822E-11
AR GRAC 2024 06 15 02 55 20.000000 2   2.051478605047E-11  2.899809385670E-11
AR GRAC 2024 06 15 02 55 30.000000 2   2.281996813736E-11  4.761964780831E-11
AR GRAC 2024 06 15 02 55 40.000000 2   2.594242008713E-11  4.210121140602E-11
AR GRAC 2024 06 15 02 55 50.000000 2   2.812452354339E-11  2.618276949418E-11
AR GRAC 2024 06 15 02 56  0.000000 2   2.912655186482E-11  2.383433034270E-11
AR GRAC 2024 06 15 02 56 10.000000 2   3.339711146522E-11  2.095588633177E-11
AR GRAC 2024 06 15 02 56 20.000000 2   2.643743904351E-11  4.276744583476E-11
AR GRAC 2024 06 15 02 56 30.000000 2   2.742005754397E-11  5.136899933200E-11
AR GRAC 2024 06 15 02 56 40.000000 2   2.574637551767E-11  2.805056013855E-11
AR GRAC 2024 06 15 02 56 50.000000 2   3.097622852666E-11  3.453211674942E-11
AR GRAC 2024 06 15 02 57  0.000000 2   2.562429955721E-11  3.016367364217E-11
AR GRAC 2024 06 15 02 57 10.000000 2   2.121392124466E-11  3.529522854540E-11
AR GRAC 2024 06 15 02 57 20.000000 2   2.545916429064E-11  3.170678303244E-11
AR GRAC 2024 06 15 02 57 30.000000 2   2.636200459316E-11  2.392834021203E-11
AR GRAC 2024 06 15 02 57 40.000000 2   3.111917321053E-11  5.356989504768E-11
AR GRAC 2024 06 15 02 57 50.000000 2   2.777624137640E-11  1.303144658155E-11
AR GRAC 2024 06 15 02 58  0.000000 2   2.357211474624E-11  3.038300167013E-11
AR GRAC 2024 06 15 02 58 10.000000 2   2.722862907367E-11  3.846455792766E-11
AR GRAC 2024 06 15 02 58 20.000000 2   2.741853966093E-11  2.901610722528E-11
AR GRAC 2024 06 15 02 58 30.000000 2   3.051296368350E-11  3.687766064742E-11
AR GRAC 2024 06 15 02 58 40.000000 2   2.858829492580E-11  3.150921537576E-11
AR GRAC 2024 06 15 02 58 50.000000 2   2.815007081602E-11  1.291076533877E-11
AR GRAC 2024 06 15 02 59  0.000000 2   1.897911515447E-11  4.055231497824E-11
AR GRAC 2024 06 15 02 59 10.000000 2   3.059911005132E-11  2.326386826235E-11
AR GRAC 2024 06 15 02 59 20.000000 2   2.855242257904E-11  5.740541722532E-11
AR GRAC 2024 06 15 02 59 30.000000 2   2.649947795919E-11  1.932696711004E-11
AR GRAC 2024 06 15 02 59 40.000000 2   2.468200817340E-11  1.447851821074E-11
AR GRAC 2024 06 15 02 59 50.000000 2   2.629647888330E-11  2.970006879321E-11
AR GRAC 2024 06 15 03 00  0.000000 2   2.860816271377E-11  2.790161678090E-11
AR GRAC 2024 06 15 03 00 10.000000 2   2.663748215059E-11  4.359316380098E-11
AR GRAC 2024 06 15 03 00 20.000000 2   2.567384325969E-11  2.565471446392E-11
AR GRAC 2024 06 15 03 00 30.000000 2   2.227839961122E-11  4.329626240862E-11
AR GRAC 2024 06 15 03 00 40.000000 2   2.921940467360E-11  1.993780834875E-11
AR GRAC 2024 06 15 03 00 50.000000 2   2.942955601437E-11  3.103935511395E-11
AR GRAC 2024 06 15 03 01  0.000000 2   1.895746060132E-11  4.065090278282E-11
AR GRAC 2024 06 15 03 01 10.000000 2   2.410804021691E-11  1.431245053030E-11
AR GRAC 2024 06 15 03 01 20.000000 2   2.470183779746E-11  3.295399716996E-11
AR GRAC 2024 06 15 03 01 30.000000 2   2.379420271925E-11  2.739554069708E-11
AR GRAC 2024 06 15 03 01 40.000000 2   2.189321467172E-11  3.939708628775E-11
AR GRAC 2024 06 15 03 01 50.000000 2   2.571042684307E-11  2.947863134151E-11
AR GRAC 2024 06 15 03 02  0.000000 2   2.597275866600E-11  1.241017618531E-11
AR GRAC 2024 06 15 03 02 10.000000 2   2.667494697350E-11  2.335171812862E-11
AR GRAC 2024 06 15 03 02 20.000000 2   2.426903643327E-11  3.399326306552E-11
AR GRAC 2024 06 15 03 02 30.000000 2   2.052012379461E-11  2.388480385696E-11
AR GRAC 2024 06 15 03 02 40.000000 2   2.054765732562E-11  3.101634921121E-11
AR GRAC 2024 06 15 03 02 50.000000 2   2.403698420861E-11  3.373789442263E-11
AR GRAC 2024 06 15 03 03  0.000000 2   2.661440338947E-11  1.458943382771E-11
AR GRAC 2024 06 15 03 03 10.000000 2   2.526429065952E-11  3.107097565347E-11
AR GRAC 2024 06 15 03 03 20.000000 2   2.183584389692E-11  2.438251683889E-11
AR GRAC 2024 06 15 03 03 30.000000 2   2.197010975924E-11  3.696405681541E-11
AR GRAC 2024 06 15 03 03 40.000000 2   2.378466694430E-11  3.327559755517E-11
AR GRAC 2024 06 15 03 03 50.000000 2   2.282040702239E-11  1.853713710309E-11
AR GRAC 2024 06 15 03 04  0.000000 2   2.404333850070E-11  3.409867874171E-11
AR GRAC 2024 06 15 03 04 10.000000 2   2.167013096743E-11  2.442021411475E-11
AR GRAC 2024 06 15 03 04 20.000000 2   1.957588084689E-11  3.749175622736E-11
AR GRAC 2024 06 15 03 04 30.000000 2   2.254267779389E-11  1.575329450221E-11
AR GRAC 2024 06 15 03 04 40.000000 2   2.440056316722E-11  1.018483214432E-11
AR GRAC 2024 06 15 03 04 50.000000 2   2.540857454991E-11  1.681636774276E-11
AR GRAC 2024 06 15 03 05  0.000000 2   2.422100194022E-11  4.323790631089E-11
AR GRAC 2024 06 15 03 05 10.000000 2   2.361938075679E-11  2.275944363528E-11
AR GRAC 2024 06 15 03 05 20.000000 2   1.873160133947E-11  2.116097921889E-11
AR GRAC 2024 06 15 03 05 30.000000 2   2.125196199576E-11  2.872251568531E-11
AR GRAC 2024 06 15 03 05 40.000000 2   2.294926575164E-11  3.022404895803E-11
AR GRAC 2024 06 15 03 05 50.000000 2   2.000619114817E-11  1.537558448617E-11
AR GRAC 2024 06 15 03 06  0.000000 2   2.750890487624E-11  4.321712085420E-11
AR GRAC 2024 06 15 03 06 10.000000 2   1.987961704975E-11  1.279865449733E-11
AR GRAC 2024 06 15 03 06 20.000000 2   2.175453046871E-11  2.572018986680E-11
AR GRAC 2024 06 15 03 06 30.000000 2   2.408413746213E-11 -5.228277012714E-12
AR GRAC 2024 06 15 03 06 40.000000 2   2.286271519325E-11  3.314325550119E-11
AR GRAC 2024 06 15 03 06 50.000000 2   1.546067787683E-11  1.511478962823E-11
AR GRAC 2024 06 15 03 07  0.000000 2   2.256328804351E-11  2.383632007052E-11
AR GRAC 2024 06 15 03 07 10.000000 2   2.267374482612E-11  2.309785175625E-11
AR GRAC 2024 06 15 03 07 20.000000 2   2.228349102462E-11  1.997938620102E-11
AR GRAC 2024 06 15 03 07 30.000000 2   1.936295741800E-11  2.886091712839E-11
AR GRAC 2024 06 15 03 07 40.000000 2   1.757658601997E-11  2.050244522767E-11
AR GRAC 2024 06 15 03 07 50.000000 2   1.552025695462E-11  1.984397715593E-11
AR GRAC 2024 06 15 03 08  0.000000 2   1.736313003098E-11  3.055550604203E-11
AR GRAC 2024 06 15 03 08 10.000000 2   1.648520729647E-11  1.196703760392E-11
AR GRAC 2024 06 15 03 08 20.000000 2   1.799617399545E-11  9.948567143703E-12
AR GRAC 2024 06 15 03 08 30.000000 2   1.943934076210E-11  1.372009537232E-11
AR GRAC 2024 06 15 03 08 40.000000 2   1.588823864140E-11  2.150162513315E-11
AR GRAC 2024 06 15 03 08 50.000000 2   1.620455158946E-11  2.171315210964E-11
AR GRAC 2024 06 15 03 09  0.000000 2   1.007697918165E-11  1.196468098208E-11
AR GRAC 2024 06 15 03 09 10.000000 2   1.585617227795E-11  2.794620784785E-11
AR GRAC 2024 06 15 03 09 20.000000 2   1.396592910763E-11  1.052773319909E-11
AR GRAC 2024 06 15 03 09 30.000000 2   1.350193221117E-11  1.657925879917E-11
AR GRAC 2024 06 15 03 09 40.000000 2   1.028011616805E-11  3.232078840676E-11
AR GRAC 2024 06 15 03 09 50.000000 2   1.715183030326E-11 -6.707686923263E-12
AR GRAC 2024 06 15 03 10  0.000000 2   1.095559407083E-11  1.819383706192E-11
AR GRAC 2024 06 15 03 10 10.000000 2   1.413049798699E-11  9.885362493856E-12
AR GRAC 2024 06 15 03 10 20.000000 2   1.221917185490E-11  1.987688659499E-11
AR GRAC 2024 06 15 03 10 30.000000 2   9.645229927246E-12  1.703841061296E-11
AR GRAC 2024 06 15 03 10 40.000000 2   1.553548782673E-11  1.717993629302E-11
AR GRAC 2024 06 15 03 10 50.000000 2   7.007782808904E-12  1.475145700036E-11
AR GRAC 2024 06 15 03 11  0.000000 2   6.955694700772E-12  2.448298161428E-11
AR GRAC 2024 06 15 03 11 10.000000 2   1.030283670878E-11  1.032450427235E-11
AR GRAC 2024 06 15 03 11 20.000000 2   1.274505414400E-11  1.241602654023E-11
AR GRAC 2024 06 15 03 11 30.000000 2   8.955836940105E-12  1.128754728574E-11
AR GRAC 2024 06 15 03 11 40.000000 2   1.287912484993E-11  2.971906748472E-11
AR GRAC 2024 06 15 03 11 50.000000 2   8.428159212204E-12  2.361059091294E-11
AR GRAC 2024 06 15 03 12  0.000000 2   3.981759800348E-12 -6.678884875710E-13
AR GRAC 2024 06 15 03 12 10.000000 2   5.549983649739E-12  1.188363123183E-11
AR GRAC 2024 06 15 03 12 20.000000 2   8.636518583627E-12  1.330515125159E-11
AR GRAC 2024 06 15 03 12 30.000000 2   5.724479917868E-12  8.476669019486E-12
AR GRAC 2024 06 15 03 12 40.000000 2   3.634305313291E-12  1.831818724485E-11
AR GRAC 2024 06 15 03 12 50.000000 2   6.417063928843E-12  6.469708015849E-12
AR GRAC 2024 06 15 03 13  0.000000 2   4.053998890058E-12  1.149122550587E-11
AR GRAC 2024 06 15 03 13 10.000000 2   7.104464586072E-12  1.996274152927E-11
AR GRAC 2024 06 15 03 13 20.000000 2   1.852400828214E-12  1.238426028394E-11
AR GRAC 2024 06 15 03 13 30.000000 2   4.267262758428E-12 -6.644221631213E-12
AR GRAC 2024 06 15 03 13 40.000000 2   1.307981500887E-12  2.098729350031E-11
AR GRAC 2024 06 15 03 13 50.000000 2   3.559263994646E-12  1.758810978802E-12
AR GRAC 2024 06 15 03 14  0.000000 2   4.956704317827E-12  6.760327107141E-12
AR GRAC 2024 06 15 03 14 10.000000 2   5.050565434622E-12  1.043184202215E-11
AR GRAC 2024 06 15 03 14 20.000000 2   2.765103250535E-12  9.733568118175E-13
AR GRAC 2024 06 15 03 14 30.000000 2   4.147165250101E-12  7.654871528318E-12
AR GRAC 2024 06 15 03 14 40.000000 2   2.979685508747E-12  1.906386073308E-12
AR GRAC 2024 06 15 03 14 50.000000 2   6.142219545480E-12 -1.812099949261E-12
AR GRAC 2024 06 15 03 15  0.000000 2  -1.584429852944E-12  4.389413311989E-12
AR GRAC 2024 06 15 03 15 10.000000 2   3.623365062849E-12  1.160092508168E-11
AR GRAC 2024 06 15 03 15 20.000000 2  -1.192229800127E-12 -6.547560670728E-12
AR GRAC 2024 06 15 03 15 30.000000 2  -1.966867207298E-12  9.139513148029E-13
AR GRAC 2024 06 15 03 15 40.000000 2  -5.112361814268E-13  1.682546116322E-11
AR GRAC 2024 06 15 03 15 50.000000 2  -9.694895710885E-13  1.516974046378E-12
AR GRAC 2024 06 15 03 16  0.000000 2  -4.082817525904E-13 -2.801514228934E-12
AR GRAC 2024 06 15 03 16 10.000000 2  -1.287272480451E-12  1.362999470234E-11
AR GRAC 2024 06 15 03 16 20.000000 2  -1.823546738958E-12 -1.922849379721E-11
AR GRAC 2024 06 15 03 16 30.000000 2  -3.849366138342E-12  8.673015430838E-12
AR GRAC 2024 06 15 03 16 40.000000 2  -3.891092309471E-12  1.689452397424E-11
AR GRAC 2024 06 15 03 16 50.000000 2  -4.475927441183E-12  4.136035264279E-12
AR GRAC 2024 06 15 03 17  0.000000 2  -2.269720869585E-12 -7.312457063480E-12
AR GRAC 2024 06 15 03 17 10.000000 2  -3.305385912894E-12 -1.514094752353E-11
AR GRAC 2024 06 15 03 17 20.000000 2   8.718367282452E-13  1.290559781437E-12
AR GRAC 2024 06 15 03 17 30.000000 2  -9.252431286411E-12  1.528206554358E-11
AR GRAC 2024 06 15 03 17 40.000000 2  -4.171489109001E-12  4.723574396209E-12
AR GRAC 2024 06 15 03 17 50.000000 2  -4.721572091637E-12 -4.344918955873E-12
AR GRAC 2024 06 15 03 18  0.000000 2  -8.796223298357E-12 -7.913412980454E-12
AR GRAC 2024 06 15 03 18 10.000000 2  -7.210197282975E-12  3.348093286989E-12
AR GRAC 2024 06 15 03 18 20.000000 2  -9.189262198395E-12 -2.670402093896E-12
AR GRAC 2024 06 15 03 18 30.000000 2  -9.071755499579E-12 -6.438895857469E-12
AR GRAC 2024 06 15 03 18 40.000000 2  -6.831047880129E-12 -1.043739226991E-11
AR GRAC 2024 06 15 03 18 50.000000 2  -9.802750625121E-12 -4.265887556393E-12
AR GRAC 2024 06 15 03 19  0.000000 2  -7.120733690191E-12 -4.794384073775E-12
AR GRAC 2024 06 15 03 19 10.000000 2  -7.639612900623E-12 -4.872879877382E-12
AR GRAC 2024 06 15 03 19 20.000000 2  -8.150695396392E-12 -3.213768227234E-13
AR GRAC 2024 06 15 03 19 30.000000 2  -9.541721579520E-12  9.401262320713E-13
AR GRAC 2024 06 15 03 19 40.000000 2  -1.047112136582E-11 -1.178372178480E-12
AR GRAC 2024 06 15 03 19 50.000000 2  -1.045442812181E-11 -1.072687078052E-11
AR GRAC 2024 06 15 03 20  0.000000 2  -1.337679793323E-11 -1.131536964821E-11
AR GRAC 2024 06 15 03 20 10.000000 2  -8.416672740708E-12  7.286134369455E-12
AR GRAC 2024 06 15 03 20 20.000000 2  -1.022556778835E-11 -1.380236636789E-11
AR GRAC 2024 06 15 03 20 30.000000 2  -8.890162044028E-12  8.519133315454E-12
AR GRAC 2024 06 15 03 20 40.000000 2  -1.120416606715E-11 -1.749936653916E-11
AR GRAC 2024 06 15 03 20 50.000000 2  -1.361970692476E-11 -2.455786615729E-11
AR GRAC 2024 06 15 03 21  0.000000 2  -7.970486250175E-12 -8.426368110215E-12
AR GRAC 2024 06 15 03 21 10.000000 2  -8.061116010816E-12 -2.648691812754E-13
AR GRAC 2024 06 15 03 21 20.000000 2  -1.575061608916E-11 -8.403370881094E-12
AR GRAC 2024 06 15 03 21 30.000000 2  -1.640249568113E-11 -1.870187338326E-11
AR GRAC 2024 06 15 03 21 40.000000 2  -9.873784082015E-12 -2.429037526674E-11
AR GRAC 2024 06 15 03 21 50.000000 2  -1.527199720852E-11  1.411222484357E-13
AR GRAC 2024 06 15 03 22  0.000000 2  -1.626742143768E-11 -1.881738168064E-11
AR GRAC 2024 06 15 03 22 10.000000 2  -1.432439063198E-11 -1.313588474106E-11
AR GRAC 2024 06 15 03 22 20.000000 2  -1.251313896250E-11 -4.174388699291E-12
AR GRAC 2024 06 15 03 22 30.000000 2  -2.007199441378E-11 -2.313289490519E-11
AR GRAC 2024 06 15 03 22 40.000000 2  -1.352162912888E-11 -1.274139821428E-11
AR GRAC 2024 06 15 03 22 50.000000 2  -1.254704933701E-11 -1.785990279279E-11
AR GRAC 2024 06 15 03 23  0.000000 2  -1.317696039088E-11  9.815906767963E-13
AR GRAC 2024 06 15 03 23 10.000000 2  -1.624106057974E-11 -1.665691543029E-11
AR GRAC 2024 06 15 03 23 20.000000 2  -1.466264783201E-11 -1.942542134092E-11
AR GRAC 2024 06 15 03 23 30.000000 2  -1.378717539441E-11 -1.413928110879E-12
AR GRAC 2024 06 15 03 23 40.000000 2  -2.299928823779E-11 -1.656243545090E-11
AR GRAC 2024 06 15 03 23 50.000000 2  -1.639418635568E-11 -1.408094300881E-11
AR GRAC 2024 06 15 03 24  0.000000 2  -1.593926553245E-11 -2.354945231875E-11
AR GRAC 2024 06 15 03 24 10.000000 2  -1.712623098893E-11 -9.187959421064E-12
AR GRAC 2024 06 15 03 24 20.000000 2  -1.675613640895E-11 -1.954646861035E-11
AR GRAC 2024 06 15 03 24 30.000000 2  -1.683724860924E-11 -1.659497712858E-11
AR GRAC 2024 06 15 03 24 40.000000 2  -1.303230266758E-11 -1.288348767947E-11
AR GRAC 2024 06 15 03 24 50.000000 2  -1.642649384570E-11 -2.556199696357E-11
AR GRAC 2024 06 15 03 25  0.000000 2  -1.916392045054E-11 -7.230506558070E-12
AR GRAC 2024 06 15 03 25 10.000000 2  -1.697986369564E-11 -2.176901714446E-11
AR GRAC 2024 06 15 03 25 20.000000 2  -1.892918113922E-11 -1.849752816196E-11
AR GRAC 2024 06 15 03 25 30.000000 2  -2.110355119822E-11 -1.382604187389E-11
AR GRAC 2024 06 15 03 25 40.000000 2  -1.879489619494E-11 -2.369455326390E-11
AR GRAC 2024 06 15 03 25 50.000000 2  -2.197356012423E-11 -6.213064784877E-12
AR GRAC 2024 06 15 03 26  0.000000 2  -1.770403094958E-11 -1.809157858246E-11
AR GRAC 2024 06 15 03 26 10.000000 2  -2.381425265319E-11 -1.603009218420E-11
AR GRAC 2024 06 15 03 26 20.000000 2  -1.471252286667E-11 -3.027860601135E-11
AR GRAC 2024 06 15 03 26 30.000000 2  -2.437624928298E-11 -2.205711828462E-11
AR GRAC 2024 06 15 03 26 40.000000 2  -1.861635845479E-11 -1.707563257458E-11
AR GRAC 2024 06 15 03 26 50.000000 2  -2.042923469281E-11 -2.908414654945E-11
AR GRAC 2024 06 15 03 27  0.000000 2  -2.027722781350E-11 -1.561266220473E-11
AR GRAC 2024 06 15 03 27 10.000000 2  -2.124731640629E-11 -3.073117801899E-11
AR GRAC 2024 06 15 03 27 20.000000 2  -1.964737400550E-11 -7.459694320588E-12
AR GRAC 2024 06 15 03 27 30.000000 2  -1.827750797934E-11 -4.040821149909E-11
AR GRAC 2024 06 15 03 27 40.000000 2  -2.198931835229E-11 -1.809672724173E-11
AR GRAC 2024 06 15 03 27 50.000000 2  -2.076028064735E-11 -2.296524428957E-11
AR GRAC 2024 06 15 03 28  0.000000 2  -2.029152540439E-11 -1.367376264300E-11
AR GRAC 2024 06 15 03 28 10.000000 2  -1.990484166381E-11 -3.106228121941E-11
AR GRAC 2024 06 15 03 28 20.000000 2  -2.185100538010E-11 -2.557079721577E-11
AR GRAC 2024 06 15 03 28 30.000000 2  -2.290661584026E-11 -1.821931668033E-11
AR GRAC 2024 06 15 03 28 40.000000 2  -2.260102521801E-11 -3.223783739958E-11
AR GRAC 2024 06 15 03 28 50.000000 2  -2.273728427760E-11 -2.715635528949E-11
AR GRAC 2024 06 15 03 29  0.000000 2  -2.259512021929E-11 -3.153487540541E-11
AR GRAC 2024 06 15 03 29 10.000000 2  -2.363743055456E-11 -2.877339512486E-11
AR GRAC 2024 06 15 03 29 20.000000 2  -2.450553475419E-11 -2.779191633773E-11
AR GRAC 2024 06 15 03 29 30.000000 2  -3.092029410290E-11 -1.545043780415E-11
AR GRAC 2024 06 15 03 29 40.000000 2  -2.382885208596E-11 -2.464895995646E-11
AR GRAC 2024 06 15 03 29 50.000000 2  -2.652699934713E-11 -2.116748096248E-11
AR GRAC 2024 06 15 03 30  0.000000 2  -1.901458157594E-11 -3.319600150320E-11
AR GRAC 2024 06 15 03 30 10.000000 2  -2.205094266905E-11 -2.783452461574E-11
AR GRAC 2024 06 15 03 30 20.000000 2  -2.007623234324E-11 -2.319305164589E-11
AR GRAC 2024 06 15 03 30 30.000000 2  -2.512868038651E-11 -3.383157295977E-11
AR GRAC 2024 06 15 03 30 40.000000 2  -2.373143695444E-11 -2.771009463554E-11
AR GRAC 2024 06 15 03 30 50.000000 2  -2.183466775441E-11 -2.591862141577E-11
AR GRAC 2024 06 15 03 31  0.000000 2  -2.528822290460E-11 -3.069714621384E-11
AR GRAC 2024 06 15 03 31 10.000000 2  -2.480566099750E-11 -2.183566868985E-11
AR GRAC 2024 06 15 03 31 20.000000 2  -2.894484825433E-11 -3.515419552680E-11
AR GRAC 2024 06 15 03 31 30.000000 2  -2.353202875616E-11 -2.465272257168E-11
AR GRAC 2024 06 15 03 31 40.000000 2  -2.190973964755E-11 -3.751124758034E-11
AR GRAC 2024 06 15 03 31 50.000000 2  -2.365012699568E-11 -3.844977461420E-11
AR GRAC 2024 06 15 03 32  0.000000 2  -2.416514210957E-11 -1.681830022471E-11
AR GRAC 2024 06 15 03 32 10.000000 2  -2.569439626343E-11 -4.058682903652E-11
AR GRAC 2024 06 15 03 32 20.000000 2  -2.012551757191E-11 -3.213535687552E-11
AR GRAC 2024 06 15 03 32 30.000000 2  -2.923362593665E-11 -3.100388348831E-11
AR GRAC 2024 06 15 03 32 40.000000 2  -1.816812846001E-11 -2.535241461210E-11
AR GRAC 2024 06 15 03 32 50.000000 2  -2.826456603489E-11 -3.297094194887E-11
AR GRAC 2024 06 15 03 33  0.000000 2  -2.391369914589E-11 -2.591947143027E-11
AR GRAC 2024 06 15 03 33 10.000000 2  -2.024296008596E-11 -2.825800184125E-11
AR GRAC 2024 06 15 03 33 20.000000 2  -3.067865406159E-11 -2.940653276440E-11
AR GRAC 2024 06 15 03 33 30.000000 2  -2.054276020125E-11 -3.048506239112E-11
AR GRAC 2024 06 15 03 33 40.000000 2  -2.417515666819E-11 -2.883359349892E-11
AR GRAC 2024 06 15 03 33 50.000000 2  -2.459060559346E-11 -3.030212192279E-11
AR GRAC 2024 06 15 03 34  0.000000 2  -2.440746042776E-11 -1.778065542024E-11
AR GRAC 2024 06 15 03 34 10.000000 2  -2.611314636747E-11 -2.593919003202E-11
AR GRAC 2024 06 15 03 34 20.000000 2  -2.199981863349E-11 -3.870772105619E-11
AR GRAC 2024 06 15 03 34 30.000000 2  -2.752525117555E-11 -3.143625637581E-11
AR GRAC 2024 06 15 03 34 40.000000 2  -2.755556720302E-11 -2.837478689510E-11
AR GRAC 2024 06 15 03 34 50.000000 2  -2.697899022241E-11 -3.516332017228E-11
AR GRAC 2024 06 15 03 35  0.000000 2  -2.311989835690E-11 -2.849185644360E-11
AR GRAC 2024 06 15 03 35 10.000000 2  -2.541070652506E-11 -3.607038973064E-11
AR GRAC 2024 06 15 03 35 20.000000 2  -2.690437976571E-11 -2.444892552300E-11
AR GRAC 2024 06 15 03 35 30.000000 2  -2.120415648621E-11 -2.708746074664E-11
AR GRAC 2024 06 15 03 35 40.000000 2  -2.191172070176E-11 -2.315599621772E-11
AR GRAC 2024 06 15 03 35 50.000000 2  -2.512258803766E-11 -3.181453364642E-11
AR GRAC 2024 06 15 03 36  0.000000 2  -2.300212451067E-11 -2.190306963579E-11
AR GRAC 2024 06 15 03 36 10.000000 2  -2.502062446119E-11 -2.372160627651E-11
AR GRAC 2024 06 15 03 36 20.000000 2  -2.320807088174E-11 -2.289014290613E-11
AR GRAC 2024 06 15 03 36 30.000000 2  -2.605213440809E-11 -2.391868127172E-11
AR GRAC 2024 06 15 03 36 40.000000 2  -2.639225990531E-11 -4.194722000306E-11
AR GRAC 2024 06 15 03 36 50.000000 2  -2.679536453831E-11 -2.033575738358E-11
AR GRAC 2024 06 15 03 37  0.000000 2  -2.571467171142E-11 -3.432429687700E-11
AR GRAC 2024 06 15 03 37 10.000000 2  -2.741018176322E-11 -1.883283459736E-11
AR GRAC 2024 06 15 03 37 20.000000 2  -2.521859457372E-11 -1.562137572075E-11
AR GRAC 2024 06 15 03 37 30.000000 2  -2.193784910676E-11 -3.382991456413E-11
AR GRAC 2024 06 15 03 37 40.000000 2  -2.065172165222E-11 -3.299845466320E-11
AR GRAC 2024 06 15 03 37 50.000000 2  -2.374746059519E-11 -1.924699635780E-11
AR GRAC 2024 06 15 03 38  0.000000 2  -2.270758234224E-11 -2.780553912118E-11
AR GRAC 2024 06 15 03 38 10.000000 2  -2.551810672491E-11 -3.361408026925E-11
AR GRAC 2024 06 15 03 38 20.000000 2  -2.576945601351E-11 -3.145262175708E-11
AR GRAC 2024 06 15 03 38 30.000000 2  -1.901145560423E-11 -2.251116307250E-11
AR GRAC 2024 06 15 03 38 40.000000 2  -2.432449554279E-11 -1.847970734770E-11
AR GRAC 2024 06 15 03 38 50.000000 2  -2.691319216097E-11 -2.615825264729E-11
AR GRAC 2024 06 15 03 39  0.000000 2  -2.450081457162E-11 -2.343679417205E-11
AR GRAC 2024 06 15 03 39 10.000000 2  -2.717082808745E-11 -1.746533820346E-11
AR GRAC 2024 06 15 03 39 20.000000 2  -2.165782310437E-11 -2.675388383055E-11
AR GRAC 2024 06 15 03 39 30.000000 2  -2.497417203595E-11 -2.025242820669E-11
AR GRAC 2024 06 15 03 39 40.000000 2  -1.775135247128E-11 -2.546097360723E-11
AR GRAC 2024 06 15 03 39 50.000000 2  -2.311670646571E-11 -2.025951975626E-11
AR GRAC 2024 06 15 03 40  0.000000 2  -2.117119153600E-11 -1.257806532540E-11
AR GRAC 2024 06 15 03 40 10.000000 2  -2.860303660590E-11 -2.845661033202E-11
AR GRAC 2024 06 15 03 40 20.000000 2  -2.320117535592E-11 -3.102515813702E-11
AR GRAC 2024 06 15 03 40 30.000000 2  -2.124306286433E-11 -2.075370604537E-11
AR GRAC 2024 06 15 03 40 40.000000 2  -2.403784983562E-11 -1.017225279704E-11
AR GRAC 2024 06 15 03 40 50.000000 2  -2.526887379894E-11 -2.649080087236E-11
AR GRAC 2024 06 15 03 41  0.000000 2  -2.198320345204E-11 -1.671934986291E-11
AR GRAC 2024 06 15 03 41 10.000000 2  -2.423360123682E-11 -2.495789859502E-11
AR GRAC 2024 06 15 03 41 20.000000 2  -1.731105189751E-11 -9.976446752047E-12
AR GRAC 2024 06 15 03 41 30.000000 2  -2.885024684429E-11 -2.619499755996E-11
AR GRAC 2024 06 15 03 41 40.000000 2  -2.644295026000E-11 -2.117354729048E-11
AR GRAC 2024 06 15 03 41 50.000000 2  -2.218769959428E-11 -1.318209777446E-11
AR GRAC 2024 06 15 03 42  0.000000 2  -2.461444763291E-11 -1.606064760351E-11
AR GRAC 2024 06 15 03 42 10.000000 2  -2.456332359735E-11 -2.719919948990E-11
AR GRAC 2024 06 15 03 42 20.000000 2  -2.065537671458E-11 -2.498775318605E-11
AR GRAC 2024 06 15 03 42 30.000000 2  -2.780518350287E-11 -1.459630333267E-11
AR GRAC 2024 06 15 03 42 40.000000 2  -2.325851490570E-11 -1.693485456034E-11
AR GRAC 2024 06 15 03 42 50.000000 2  -2.440444721308E-11 -1.350340846085E-11
AR GRAC 2024 06 15 03 43  0.000000 2  -2.176663363440E-11 -2.623196104778E-11
AR GRAC 2024 06 15 03 43 10.000000 2  -2.533563463192E-11 -2.531051583599E-11
AR GRAC 2024 06 15 03 43 20.000000 2  -1.838848170954E-11 -2.653906955308E-11
AR GRAC 2024 06 15 03 43 30.000000 2  -2.339369323257E-11 -1.681762194783E-11
AR GRAC 2024 06 15 03 43 40.000000 2  -2.546439795137E-11 -1.497617828361E-11
AR GRAC 2024 06 15 03 43 50.000000 2  -2.252117589641E-11 -1.363473396687E-11
AR GRAC 2024 06 15 03 44  0.000000 2  -2.149457174749E-11 -2.224328880807E-11
AR GRAC 2024 06 15 03 44 10.000000 2  -2.273315216628E-11 -1.573184464643E-11
AR GRAC 2024 06 15 03 44 20.000000 2  -1.956794622171E-11 -2.922040040487E-11
AR GRAC 2024 06 15 03 44 30.000000 2  -2.219587361130E-11 -1.169895864211E-11
AR GRAC 2024 06 15 03 44 40.000000 2  -1.793132309302E-11 -8.387515508523E-12
AR GRAC 2024 06 15 03 44 50.000000 2  -1.724553312654E-11 -1.915607429626E-11
AR GRAC 2024 06 15 03 45  0.000000 2  -2.096427025033E-11 -8.154631483959E-12
AR GRAC 2024 06 15 03 45 10.000000 2  -2.069024986062E-11 -1.389318955020E-11
AR GRAC 2024 06 15 03 45 20.000000 2  -1.948523113693E-11 -9.201747870613E-12
AR GRAC 2024 06 15 03 45 30.000000 2  -2.381836568255E-11 -1.138030728681E-11
AR GRAC 2024 06 15 03 45 40.000000 2  -1.902696576683E-11 -2.655886968683E-11
AR GRAC 2024 06 15 03 45 50.000000 2  -2.024232517717E-11  1.025741991345E-13
AR GRAC 2024 06 15 03 46  0.000000 2  -2.483240175988E-11 -2.089598633015E-11
AR GRAC 2024 06 15 03 46 10.000000 2  -2.158066780833E-11 -1.684547900477E-12
AR GRAC 2024 06 15 03 46 20.000000 2  -2.403730166300E-11 -2.664310959355E-11
AR GRAC 2024 06 15 03 46 30.000000 2  -1.986740806592E-11 -1.070167045258E-11
AR GRAC 2024 06 15 03 46 40.000000 2  -1.979698870114E-11  1.118976786230E-11
AR GRAC 2024 06 15 03 46 50.000000 2  -1.706962175774E-11 -2.864879514175E-11
AR GRAC 2024 06 15 03 47  0.000000 2  -1.455155614061E-11  3.572642615773E-12
AR GRAC 2024 06 15 03 47 10.000000 2  -2.232595705531E-11 -1.704592023088E-11
AR GRAC 2024 06 15 03 47 20.000000 2  -1.787825096300E-11 -1.786448419749E-11
AR GRAC 2024 06 15 03 47 30.000000 2  -2.013554947777E-11 -1.456304868364E-11
AR GRAC 2024 06 15 03 47 40.000000 2  -1.696144613650E-11 -2.771611933017E-12
AR GRAC 2024 06 15 03 47 50.000000 2  -1.654679865348E-11 -1.152017717332E-11
AR GRAC 2024 06 15 03 48  0.000000 2  -2.322801326282E-11 -2.067874170508E-11
AR GRAC 2024 06 15 03 48 10.000000 2  -1.628616339011E-11  7.926932764704E-13
AR GRAC 2024 06 15 03 48 20.000000 2  -1.954677912586E-11 -1.289587360509E-11
AR GRAC 2024 06 15 03 48 30.000000 2  -2.202794197048E-11  9.915561427487E-12
AR GRAC 2024 06 15 03 48 40.000000 2  -1.756508827278E-11 -2.155300764251E-11
AR GRAC 2024 06 15 03 48 50.000000 2  -1.729287199548E-11 -1.401572759761E-12
AR GRAC 2024 06 15 03 49  0.000000 2  -2.006763852314E-11 -7.620140629605E-12
AR GRAC 2024 06 15 03 49 10.000000 2  -1.459029078110E-11 -2.738870762131E-11
AR GRAC 2024 06 15 03 49 20.000000 2  -1.305987783196E-11  3.122723434001E-12
AR GRAC 2024 06 15 03 49 30.000000 2  -1.508772447256E-11 -5.005844697092E-12
AR GRAC 2024 06 15 03 49 40.000000 2  -2.037213106543E-11 -1.057441374047E-11
AR GRAC 2024 06 15 03 49 50.000000 2  -1.570236995985E-11 -2.742984225174E-12
