 2.00 C RINEX VERSION / TYPE
 10.00 INTERVAL
 1 AR # / TYPES OF DATA
 END OF HEADER
AR GRAC 2024 06 02 01 50  0.000000 2   1.226917439173E-12  1.404371546354E-13
AR GRAC 2024 06 02 01 50 10.000000 2  -7.468364034841E-13 -1.996804197685E-12
AR GRAC 2024 06 02 01 50 20.000000 2   7.914276872745E-13 -1.457404683047E-11
AR GRAC 2024 06 02 01 50 30.000000 2  -1.585050775528E-12 -1.416128846132E-11
AR GRAC 2024 06 02 01 50 40.000000 2   2.317911054067E-12 -6.558531929352E-12
AR GRAC 2024 06 02 01 50 50.000000 2  -9.284325695399E-13  9.842239870328E-13
AR GRAC 2024 06 02 01 51  0.000000 2  -9.152375038401E-13 -3.233020188370E-12
AR GRAC 2024 06 02 01 51 10.000000 2  -4.966344176183E-13 -1.430264869214E-12
AR GRAC 2024 06 02 01 51 20.000000 2  -9.906973245238E-13 -3.527511182461E-12
AR GRAC 2024 06 02 01 51 30.000000 2   1.977232613748E-12  5.105242617542E-12
AR GRAC 2024 06 02 01 51 40.000000 2  -3.929593467029E-13 -1.415200422128E-11
AR GRAC 2024 06 02 01 51 50.000000 2   5.025882596384E-13  1.154074752430E-11
AR GRAC 2024 06 02 01 52  0.000000 2  -1.182343827878E-12  1.663500825803E-12
AR GRAC 2024 06 02 01 52 10.000000 2   2.236565316630E-12 -2.293748090770E-12
AR GRAC 2024 06 02 01 52 20.000000 2   1.450533161466E-12 -6.470996915392E-12
AR GRAC 2024 06 02 01 52 30.000000 2   1.635124652864E-12  1.651754037366E-12
AR GRAC 2024 06 02 01 52 40.000000 2   3.789702384370E-13  5.424502860785E-12
AR GRAC 2024 06 02 01 52 50.000000 2   8.227707252485E-13 -1.135274773495E-11
AR GRAC 2024 06 02 01 53  0.000000 2   3.352863559708E-12  1.034000055716E-11
AR GRAC 2024 06 02 01 53 10.000000 2   7.437554803806E-13 -4.367250918541E-12
AR GRAC 2024 06 02 01 53 20.000000 2   4.752414282418E-13 -3.254503003897E-12
AR GRAC 2024 06 02 01 53 30.000000 2   2.830214361482E-12  2.108243917984E-12
AR GRAC 2024 06 02 01 53 40.000000 2   4.982784150565E-12 -2.299009940754E-12
AR GRAC 2024 06 02 01 53 50.000000 2   1.896521568262E-12  1.803373596287E-11
AR GRAC 2024 06 02 01 54  0.000000 2   2.107760146974E-12 -4.373518908141E-12
AR GRAC 2024 06 02 01 54 10.000000 2   2.506252583939E-12  1.468922379566E-11
AR GRAC 2024 06 02 01 54 20.000000 2   2.854563157031E-12  1.731968843517E-12
AR GRAC 2024 06 02 01 54 30.000000 2   4.125985577502E-12 -1.253528964656E-11
AR GRAC 2024 06 02 01 54 40.000000 2   3.568844655563E-12  1.274548771645E-13
AR GRAC 2024 06 02 01 54 50.000000 2   1.360880158563E-12 -4.569802869447E-12
AR GRAC 2024 06 02 01 55  0.000000 2   3.299793598088E-12  2.486293983195E-11
AR GRAC 2024 06 02 01 55 10.000000 2   3.662190342646E-12  1.662567826466E-11
AR GRAC 2024 06 02 01 55 20.000000 2   6.456147682438E-12  1.453842081445E-11
AR GRAC 2024 06 02 01 55 30.000000 2   3.146435369195E-12  1.671160172051E-12
AR GRAC 2024 06 02 01 55 40.000000 2   3.607023100344E-12  7.663899029287E-12
AR GRAC 2024 06 02 01 55 50.000000 2   3.967492567120E-12  3.466378388755E-13
AR GRAC 2024 06 02 01 56  0.000000 2   4.175826351371E-12  1.176937540481E-11
AR GRAC 2024 06 02 01 56 10.000000 2   6.225076010224E-12  1.510211400380E-11
AR GRAC 2024 06 02 01 56 20.000000 2   3.615154182957E-12  2.377485014415E-11
AR GRAC 2024 06 02 01 56 30.000000 2   5.327950320516E-12 -2.158241294015E-11
AR GRAC 2024 06 02 01 56 40.000000 2   7.682870832582E-12  9.190322114438E-12
AR GRAC 2024 06 02 01 56 50.000000 2   2.090033007773E-12 -3.536942006638E-12
AR GRAC 2024 06 02 01 57  0.000000 2   4.939207029486E-12  1.885579366256E-11
AR GRAC 2024 06 02 01 57 10.000000 2   6.341171511492E-12  1.822852632727E-11
AR GRAC 2024 06 02 01 57 20.000000 2   5.497187340747E-12  7.761260384376E-12
AR GRAC 2024 06 02 01 57 30.000000 2   5.657313593282E-12 -5.906005719203E-12
AR GRAC 2024 06 02 01 57 40.000000 2   3.728428156491E-12  1.918672512535E-11
AR GRAC 2024 06 02 01 57 50.000000 2   6.508438753217E-12  8.994579712117E-13
AR GRAC 2024 06 02 01 58  0.000000 2   7.706895018000E-12  2.638218983553E-11
AR GRAC 2024 06 02 01 58 10.000000 2   5.994104084611E-12 -5.315080840729E-12
AR GRAC 2024 06 02 01 58 20.000000 2   4.793916565798E-12  2.499764804875E-11
AR GRAC 2024 06 02 01 58 30.000000 2   7.030864605795E-12  1.115037749633E-11
AR GRAC 2024 06 02 01 58 40.000000 2   5.492014395342E-12  4.793107317297E-12
AR GRAC 2024 06 02 01 58 50.000000 2   5.913716131373E-12  1.033583461874E-11
AR GRAC 2024 06 02 01 59  0.000000 2   5.936902011672E-12  1.483856267026E-11
AR GRAC 2024 06 02 01 59 10.000000 2   9.214953453074E-12  2.085128944507E-11
AR GRAC 2024 06 02 01 59 20.000000 2   6.667696342971E-12  7.024017652235E-12
AR GRAC 2024 06 02 01 59 30.000000 2   7.330931868499E-12  7.566742371568E-12
AR GRAC 2024 06 02 01 59 40.000000 2   5.454321889975E-12  1.604946731071E-11
AR GRAC 2024 06 02 01 59 50.000000 2   7.325724228624E-12  2.097219273245E-11
AR GRAC 2024 06 02 02 00  0.000000 2   7.065825789049E-12  1.042491613867E-11
AR GRAC 2024 06 02 02 00 10.000000 2   8.177384984431E-12  1.175764086786E-11
AR GRAC 2024 06 02 02 00 20.000000 2   6.890950050159E-12  2.284036328126E-11
AR GRAC 2024 06 02 02 00 30.000000 2   8.737977355566E-12  1.909308475212E-11
AR GRAC 2024 06 02 02 00 40.000000 2   8.922037587900E-12  3.205580939580E-11
AR GRAC 2024 06 02 02 00 50.000000 2   8.589711407436E-12 -3.381470884550E-12
AR GRAC 2024 06 02 02 01  0.000000 2   8.495417043453E-12 -5.987498908136E-13
AR GRAC 2024 06 02 02 01 10.000000 2   6.673870223822E-12  9.963969753446E-12
AR GRAC 2024 06 02 02 01 20.000000 2   9.027997099897E-12  2.896669015762E-11
AR GRAC 2024 06 02 02 01 30.000000 2   8.219916934615E-12  4.049407944379E-12
AR GRAC 2024 06 02 02 01 40.000000 2   7.824909123433E-12  1.772212758488E-11
AR GRAC 2024 06 02 02 01 50.000000 2   8.182265628931E-12  2.418484336408E-11
AR GRAC 2024 06 02 02 02  0.000000 2   8.955896788065E-12  1.408756184623E-11
AR GRAC 2024 06 02 02 02 10.000000 2   8.408913322600E-12 -8.519722254074E-12
AR GRAC 2024 06 02 02 02 20.000000 2   8.521302587161E-12  3.506299417477E-11
AR GRAC 2024 06 02 02 02 30.000000 2   9.921593928375E-12  4.056571051292E-11
AR GRAC 2024 06 02 02 02 40.000000 2   6.424005424832E-12  4.678423447257E-12
AR GRAC 2024 06 02 02 02 50.000000 2   8.408157850526E-12  9.811138880489E-12
AR GRAC 2024 06 02 02 03  0.000000 2   9.051885976885E-12  1.998385137925E-11
AR GRAC 2024 06 02 02 03 10.000000 2   1.286117393140E-11  1.991656492506E-11
AR GRAC 2024 06 02 02 03 20.000000 2   7.600147074183E-12  1.692781385985E-13
AR GRAC 2024 06 02 02 03 30.000000 2   8.224318795436E-12  4.764198757723E-11
AR GRAC 2024 06 02 02 03 40.000000 2   9.973567978439E-12  2.625470153783E-11
AR GRAC 2024 06 02 02 03 50.000000 2   8.899820984343E-12  3.987741040157E-11
AR GRAC 2024 06 02 02 04  0.000000 2   8.616465180245E-12 -7.309878397033E-12
AR GRAC 2024 06 02 02 04 10.000000 2   1.202165797465E-11  2.244283231478E-11
AR GRAC 2024 06 02 02 04 20.000000 2   1.093314935113E-11  1.071554043414E-11
AR GRAC 2024 06 02 02 04 30.000000 2   8.638383411363E-12  1.587824836891E-11
AR GRAC 2024 06 02 02 04 40.000000 2   8.233044454520E-12  1.525095674748E-11
AR GRAC 2024 06 02 02 04 50.000000 2   9.448456773919E-12  2.088366458930E-11
AR GRAC 2024 06 02 02 05  0.000000 2   1.033520491411E-11  2.120636999337E-11
AR GRAC 2024 06 02 02 05 10.000000 2   9.364831826675E-12  3.569077108509E-12
AR GRAC 2024 06 02 02 05 20.000000 2   1.074718612715E-11  4.419178217807E-11
AR GRAC 2024 06 02 02 05 30.000000 2   1.214863452892E-11  5.464488236906E-12
AR GRAC 2024 06 02 02 05 40.000000 2   1.169968722597E-11  2.647719023197E-11
AR GRAC 2024 06 02 02 05 50.000000 2   1.026810234062E-11  3.511989657423E-11
AR GRAC 2024 06 02 02 06  0.000000 2   1.365108633772E-11  1.678259788085E-11
AR GRAC 2024 06 02 02 06 10.000000 2   9.905954528877E-12 -2.104698143199E-12
AR GRAC 2024 06 02 02 06 20.000000 2   8.961922350059E-12  3.629800279792E-11
AR GRAC 2024 06 02 02 06 30.000000 2   1.197260693364E-11  3.057070568913E-11
AR GRAC 2024 06 02 02 06 40.000000 2   9.054293773070E-12  2.173340500622E-11
AR GRAC 2024 06 02 02 06 50.000000 2   1.135655371826E-11  1.498610610606E-11
AR GRAC 2024 06 02 02 07  0.000000 2   1.189378890515E-11  2.557880643406E-11
AR GRAC 2024 06 02 02 07 10.000000 2   1.043681807644E-11  2.410150551357E-11
AR GRAC 2024 06 02 02 07 20.000000 2   1.181431601854E-11  2.182420390240E-11
AR GRAC 2024 06 02 02 07 30.000000 2   1.244520285437E-11  3.576690332796E-11
AR GRAC 2024 06 02 02 07 40.000000 2   1.065367672554E-11  1.742959769568E-11
AR GRAC 2024 06 02 02 07 50.000000 2   1.215678512717E-11  2.272229626676E-11
AR GRAC 2024 06 02 02 08  0.000000 2   1.139868841676E-11  3.750499216748E-11
AR GRAC 2024 06 02 02 08 10.000000 2   1.128005848450E-11  9.337686873723E-12
AR GRAC 2024 06 02 02 08 20.000000 2   1.278867810262E-11  3.480038132664E-11
AR GRAC 2024 06 02 02 08 30.000000 2   1.083714628453E-11  2.156307771228E-11
AR GRAC 2024 06 02 02 08 40.000000 2   1.093250490136E-11  4.318577093154E-11
AR GRAC 2024 06 02 02 08 50.000000 2   1.235600944477E-11  2.013846381321E-11
AR GRAC 2024 06 02 02 09  0.000000 2   1.216164235290E-11  1.160115666726E-11
AR GRAC 2024 06 02 02 09 10.000000 2   1.156340561498E-11  3.682384952519E-11
AR GRAC 2024 06 02 02 09 20.000000 2   1.264759651176E-11 -4.593458859808E-12
AR GRAC 2024 06 02 02 09 30.000000 2   9.154417675294E-12  2.298923204580E-11
AR GRAC 2024 06 02 02 09 40.000000 2   1.145213784914E-11  1.128192244487E-11
AR GRAC 2024 06 02 02 09 50.000000 2   1.300518286812E-11  4.099461048401E-11
AR GRAC 2024 06 02 02 10  0.000000 2   1.024413800316E-11  2.425730102895E-11
AR GRAC 2024 06 02 02 10 10.000000 2   1.291878149595E-11  4.008999035521E-11
AR GRAC 2024 06 02 02 10 20.000000 2   1.213993575805E-11  2.070267915433E-11
AR GRAC 2024 06 02 02 10 30.000000 2   1.387357936866E-11  1.316536463181E-11
AR GRAC 2024 06 02 02 10 40.000000 2   1.151807121902E-11  3.467805209656E-11
AR GRAC 2024 06 02 02 10 50.000000 2   1.043571305759E-11  2.848074033557E-11
AR GRAC 2024 06 02 02 11  0.000000 2   1.305167085519E-11  4.439342296547E-11
AR GRAC 2024 06 02 02 11 10.000000 2   1.296320342736E-11  2.381611054203E-11
AR GRAC 2024 06 02 02 11 20.000000 2   1.477537016348E-11  2.646879417034E-11
AR GRAC 2024 06 02 02 11 30.000000 2   1.236176352254E-11  3.203147816433E-11
AR GRAC 2024 06 02 02 11 40.000000 2   1.117394458211E-11  2.796416050110E-11
AR GRAC 2024 06 02 02 11 50.000000 2   1.441646368255E-11  2.877684548985E-11
AR GRAC 2024 06 02 02 12  0.000000 2   1.273505519789E-11  2.602952575703E-11
AR GRAC 2024 06 02 02 12 10.000000 2   1.283304192079E-11  2.851220821942E-11
AR GRAC 2024 06 02 02 12 20.000000 2   1.201675391138E-11  2.102489016220E-11
AR GRAC 2024 06 02 02 12 30.000000 2   1.339922443833E-11  2.366756964023E-11
AR GRAC 2024 06 02 02 12 40.000000 2   1.245163781111E-11  5.130024877120E-11
AR GRAC 2024 06 02 02 12 50.000000 2   1.236490337203E-11  1.590293001452E-11
AR GRAC 2024 06 02 02 13  0.000000 2   1.559251859573E-11  1.896560859749E-11
AR GRAC 2024 06 02 02 13 10.000000 2   1.277134908245E-11  3.109828713987E-11
AR GRAC 2024 06 02 02 13 20.000000 2   1.200581821459E-11  4.181096094347E-11
AR GRAC 2024 06 02 02 13 30.000000 2   1.569657771816E-11  2.466364092124E-11
AR GRAC 2024 06 02 02 13 40.000000 2   1.399178169159E-11  3.490631741987E-11
AR GRAC 2024 06 02 02 13 50.000000 2   1.298714000925E-11  2.427899374602E-11
AR GRAC 2024 06 02 02 14  0.000000 2   1.094714076333E-11  4.210166937302E-11
AR GRAC 2024 06 02 02 14 10.000000 2   1.416597741888E-11  1.824434353592E-11
AR GRAC 2024 06 02 02 14 20.000000 2   1.329212434564E-11  3.470701850916E-11
AR GRAC 2024 06 02 02 14 30.000000 2   1.347116775768E-11  3.142969218217E-11
AR GRAC 2024 06 02 02 14 40.000000 2   1.327352464053E-11  4.150236404543E-11
AR GRAC 2024 06 02 02 14 50.000000 2   1.430981114853E-11  3.191503658573E-11
AR GRAC 2024 06 02 02 15  0.000000 2   1.160015052765E-11  1.738770759319E-11
AR GRAC 2024 06 02 02 15 10.000000 2   1.269515916003E-11  3.445038004868E-11
AR GRAC 2024 06 02 02 15 20.000000 2   1.456098436270E-11  2.495305004291E-11
AR GRAC 2024 06 02 02 15 30.000000 2   1.307713139165E-11  4.934572195303E-11
AR GRAC 2024 06 02 02 15 40.000000 2   1.165904959383E-11  4.116839161239E-11
AR GRAC 2024 06 02 02 15 50.000000 2   1.648577455104E-11  3.995105635202E-11
AR GRAC 2024 06 02 02 16  0.000000 2   1.384144882044E-11  1.274372621318E-11
AR GRAC 2024 06 02 02 16 10.000000 2   1.551546217893E-11  3.106639251405E-11
AR GRAC 2024 06 02 02 16 20.000000 2   1.431452786166E-11  3.283906133134E-11
AR GRAC 2024 06 02 02 16 30.000000 2   1.438022444178E-11  3.040172627533E-11
AR GRAC 2024 06 02 02 16 40.000000 2   1.393849532322E-11  3.797439446229E-11
AR GRAC 2024 06 02 02 16 50.000000 2   1.257542247418E-11  4.095706065965E-11
AR GRAC 2024 06 02 02 17  0.000000 2   1.245695040175E-11  3.417972155306E-11
AR GRAC 2024 06 02 02 17 10.000000 2   1.683221791116E-11  3.328238726286E-11
AR GRAC 2024 06 02 02 17 20.000000 2   1.227685748201E-11  2.719505003135E-11
AR GRAC 2024 06 02 02 17 30.000000 2   1.512829445049E-11  3.224771491506E-11
AR GRAC 2024 06 02 02 17 40.000000 2   1.319924985282E-11  2.354037798025E-11
AR GRAC 2024 06 02 02 17 50.000000 2   1.723374221108E-11  4.346304219305E-11
AR GRAC 2024 06 02 02 18  0.000000 2   1.618673771409E-11  3.866570258415E-11
AR GRAC 2024 06 02 02 18 10.000000 2   1.437594748105E-11  2.597836008811E-11
AR GRAC 2024 06 02 02 18 20.000000 2   1.653481691843E-11  3.403102105670E-11
AR GRAC 2024 06 02 02 18 30.000000 2   1.608620875393E-11  4.066368075595E-11
AR GRAC 2024 06 02 02 18 40.000000 2   1.571844043813E-11  3.037634033198E-11
AR GRAC 2024 06 02 02 18 50.000000 2   1.176812206710E-11  4.061899774865E-11
AR GRAC 2024 06 02 02 19  0.000000 2   1.452551013498E-11  3.739165574390E-11
AR GRAC 2024 06 02 02 19 10.000000 2   1.566495370919E-11  3.320431429810E-11
AR GRAC 2024 06 02 02 19 20.000000 2   1.590946298313E-11  3.308697066329E-11
AR GRAC 2024 06 02 02 19 30.000000 2   1.277503970665E-11  3.724962699403E-11
AR GRAC 2024 06 02 02 19 40.000000 2   1.583696021545E-11  3.787228169960E-11
AR GRAC 2024 06 02 02 19 50.000000 2   1.509381335196E-11  2.757493712535E-11
AR GRAC 2024 06 02 02 20  0.000000 2   1.282508647893E-11  4.222758948069E-11
AR GRAC 2024 06 02 02 20 10.000000 2   1.227602394738E-11  4.086024574246E-11
AR GRAC 2024 06 02 02 20 20.000000 2   1.603056923316E-11  3.334289788715E-11
AR GRAC 2024 06 02 02 20 30.000000 2   1.462828295995E-11  4.921555177284E-11
AR GRAC 2024 06 02 02 20 40.000000 2   1.553937534204E-11  2.507820166808E-11
AR GRAC 2024 06 02 02 20 50.000000 2   1.491890291860E-11  3.263085635030E-11
AR GRAC 2024 06 02 02 21  0.000000 2   1.503550929594E-11  4.317350296712E-11
AR GRAC 2024 06 02 02 21 10.000000 2   1.265959993085E-11  4.155615435097E-11
AR GRAC 2024 06 02 02 21 20.000000 2   1.441102532446E-11  3.241880375260E-11
AR GRAC 2024 06 02 02 21 30.000000 2   1.427714543811E-11  2.581145366887E-11
AR GRAC 2024 06 02 02 21 40.000000 2   1.599678375874E-11  1.867410219514E-11
AR GRAC 2024 06 02 02 21 50.000000 2   1.397774691131E-11  5.131674946091E-11
AR GRAC 2024 06 02 02 22  0.000000 2   1.514933317681E-11  3.125939784798E-11
AR GRAC 2024 06 02 02 22 10.000000 2   1.562172786962E-11  3.242204421605E-11
AR GRAC 2024 06 02 02 22 20.000000 2   1.459218683386E-11  3.990469066295E-11
AR GRAC 2024 06 02 02 22 30.000000 2   1.534017878002E-11  4.253733476567E-11
AR GRAC 2024 06 02 02 22 40.000000 2   1.488285189533E-11  4.642998138737E-11
AR GRAC 2024 06 02 02 22 50.000000 2   1.601921720273E-11  3.964262598743E-11
AR GRAC 2024 06 02 02 23  0.000000 2   1.777861885488E-11  2.155526972192E-11
AR GRAC 2024 06 02 02 23 10.000000 2   1.715811347169E-11  4.458790975326E-11
AR GRAC 2024 06 02 02 23 20.000000 2   1.506281384345E-11  2.824055572725E-11
AR GRAC 2024 06 02 02 23 30.000000 2   1.592599663258E-11  3.886319738244E-11
AR GRAC 2024 06 02 02 23 40.000000 2   1.454788546573E-11  4.891583665900E-11
AR GRAC 2024 06 02 02 23 50.000000 2   1.475417184260E-11  4.894848068537E-11
AR GRAC 2024 06 02 02 24  0.000000 2   1.560703476178E-11  3.026111999871E-11
AR GRAC 2024 06 02 02 24 10.000000 2   1.704458275908E-11  4.866376052126E-11
AR GRAC 2024 06 02 02 24 20.000000 2   1.549619980945E-11  4.171640116679E-11
AR GRAC 2024 06 02 02 24 30.000000 2   1.641060724811E-11  2.663903646283E-11
AR GRAC 2024 06 02 02 24 40.000000 2   1.501675173099E-11  4.224167543532E-11
AR GRAC 2024 06 02 02 24 50.000000 2   1.534527366287E-11  2.969431298072E-11
AR GRAC 2024 06 02 02 25  0.000000 2   1.788233103261E-11  5.530694999201E-11
AR GRAC 2024 06 02 02 25 10.000000 2   1.489272767607E-11  3.253958907878E-11
AR GRAC 2024 06 02 02 25 20.000000 2   1.547902604704E-11  4.346222340357E-11
AR GRAC 2024 06 02 02 25 30.000000 2   1.696172369225E-11  3.675485610311E-11
AR GRAC 2024 06 02 02 25 40.000000 2   1.626241502573E-11  3.634749098924E-11
AR GRAC 2024 06 02 02 25 50.000000 2   1.411523502248E-11  3.482012594924E-11
AR GRAC 2024 06 02 02 26  0.000000 2   1.555775473727E-11  4.251276067291E-11
AR GRAC 2024 06 02 02 26 10.000000 2   1.508734283340E-11  3.869539064172E-11
AR GRAC 2024 06 02 02 26 20.000000 2   1.662709900319E-11  3.029802450594E-11
AR GRAC 2024 06 02 02 26 30.000000 2   1.449475955928E-11  4.773065623298E-11
AR GRAC 2024 06 02 02 26 40.000000 2   1.741628889718E-11  5.274328543359E-11
AR GRAC 2024 06 02 02 26 50.000000 2   1.700174202812E-11  3.329591810597E-11
AR GRAC 2024 06 02 02 27  0.000000 2   1.434318809557E-11  2.671854751335E-11
AR GRAC 2024 06 02 02 27 10.000000 2   1.516377128030E-11  4.787117577343E-11
AR GRAC 2024 06 02 02 27 20.000000 2   1.488278424111E-11  5.104380459975E-11
AR GRAC 2024 06 02 02 27 30.000000 2   1.533355040162E-11  2.302643319074E-11
AR GRAC 2024 06 02 02 27 40.000000 2   1.583666531246E-11  3.528905986872E-11
AR GRAC 2024 06 02 02 27 50.000000 2   1.947386869816E-11  4.252168755992E-11
AR GRAC 2024 06 02 02 28  0.000000 2   1.626480894412E-11  2.332431470187E-11
AR GRAC 2024 06 02 02 28 10.000000 2   1.578032669813E-11  2.892694070389E-11
AR GRAC 2024 06 02 02 28 20.000000 2   1.524229527317E-11  5.220956306173E-11
AR GRAC 2024 06 02 02 28 30.000000 2   1.639192601099E-11  4.586218904645E-11
AR GRAC 2024 06 02 02 28 40.000000 2   1.623377474114E-11  4.221481497702E-11
AR GRAC 2024 06 02 02 28 50.000000 2   1.851281974941E-11  4.689743732245E-11
AR GRAC 2024 06 02 02 29  0.000000 2   1.650811431997E-11  2.891006010974E-11
AR GRAC 2024 06 02 02 29 10.000000 2   1.660948982518E-11  5.439268133123E-11
AR GRAC 2024 06 02 02 29 20.000000 2   1.568779828265E-11  3.698530370855E-11
AR GRAC 2024 06 02 02 29 30.000000 2   1.682535534508E-11  3.706792511826E-11
AR GRAC 2024 06 02 02 29 40.000000 2   1.596106580237E-11  3.608054480186E-11
AR GRAC 2024 06 02 02 29 50.000000 2   1.679130619270E-11  6.280317238483E-11
AR GRAC 2024 06 02 02 30  0.000000 2   1.502264632136E-11  2.749578516259E-11
AR GRAC 2024 06 02 02 30 10.000000 2   1.624002668454E-11  4.140840448308E-11
AR GRAC 2024 06 02 02 30 20.000000 2   1.659612725025E-11  4.284102239627E-11
AR GRAC 2024 06 02 02 30 30.000000 2   1.609989572215E-11  4.397364070097E-11
AR GRAC 2024 06 02 02 30 40.000000 2   1.846819919216E-11  4.907625694717E-11
AR GRAC 2024 06 02 02 30 50.000000 2   1.745730816849E-11  2.223887393682E-11
AR GRAC 2024 06 02 02 31  0.000000 2   1.746244468470E-11  4.290148791775E-11
AR GRAC 2024 06 02 02 31 10.000000 2   1.577854687185E-11  4.007410375761E-11
AR GRAC 2024 06 02 02 31 20.000000 2   1.575347491345E-11  3.042672017117E-11
AR GRAC 2024 06 02 02 31 30.000000 2   1.421881362651E-11  4.444933310310E-11
AR GRAC 2024 06 02 02 31 40.000000 2   1.730721295445E-11  3.643194773639E-11
AR GRAC 2024 06 02 02 31 50.000000 2   1.655417122826E-11  5.190456051074E-11
AR GRAC 2024 06 02 02 32  0.000000 2   1.727568088583E-11  3.389717326274E-11
AR GRAC 2024 06 02 02 32 10.000000 2   1.979836433685E-11  4.902978370525E-11
AR GRAC 2024 06 02 02 32 20.000000 2   1.395074333832E-11  2.613239485916E-11
AR GRAC 2024 06 02 02 32 30.000000 2   1.732862291159E-11  3.588500677165E-11
AR GRAC 2024 06 02 02 32 40.000000 2   1.631170372385E-11  3.744761445379E-11
AR GRAC 2024 06 02 02 32 50.000000 2   1.583670347638E-11  3.421022493066E-11
AR GRAC 2024 06 02 02 33  0.000000 2   1.928976596510E-11  4.621283564155E-11
AR GRAC 2024 06 02 02 33 10.000000 2   1.942731218951E-11  4.142544640651E-11
AR GRAC 2024 06 02 02 33 20.000000 2   1.769811380781E-11  3.153804994938E-11
AR GRAC 2024 06 02 02 33 30.000000 2   1.572839775088E-11  2.980065846869E-11
AR GRAC 2024 06 02 02 33 40.000000 2   1.632182757005E-11  2.782326626039E-11
AR GRAC 2024 06 02 02 33 50.000000 2   1.603570401465E-11  5.230587143967E-11
AR GRAC 2024 06 02 02 34  0.000000 2   1.471986074697E-11  4.743847675792E-11
AR GRAC 2024 06 02 02 34 10.000000 2   1.576010502657E-11  3.437108236914E-11
AR GRAC 2024 06 02 02 34 20.000000 2   1.658367020096E-11  2.357368640571E-11
AR GRAC 2024 06 02 02 34 30.000000 2   1.660918451385E-11  4.041628837159E-11
AR GRAC 2024 06 02 02 34 40.000000 2   1.705355301418E-11  2.402889345832E-11
AR GRAC 2024 06 02 02 34 50.000000 2   1.596493770517E-11  5.075149675515E-11
AR GRAC 2024 06 02 02 35  0.000000 2   1.415401303106E-11  3.631409756233E-11
AR GRAC 2024 06 02 02 35 10.000000 2   1.580902943277E-11  3.982670096492E-11
AR GRAC 2024 06 02 02 35 20.000000 2   1.372211459044E-11  3.483930158255E-11
AR GRAC 2024 06 02 02 35 30.000000 2   1.563667424709E-11  4.855189861264E-11
AR GRAC 2024 06 02 02 35 40.000000 2   1.588097882366E-11  2.032449902822E-11
AR GRAC 2024 06 02 02 35 50.000000 2   1.574802961646E-11  4.716709661734E-11
AR GRAC 2024 06 02 02 36  0.000000 2   1.448854577979E-11  3.069969625735E-11
AR GRAC 2024 06 02 02 36 10.000000 2   1.474109549704E-11  4.492229505049E-11
AR GRAC 2024 06 02 02 36 20.000000 2   1.419044309142E-11  4.211489143535E-11
AR GRAC 2024 06 02 02 36 30.000000 2   1.429340413389E-11  2.763748778445E-11
AR GRAC 2024 06 02 02 36 40.000000 2   1.727623946679E-11  3.541008458674E-11
AR GRAC 2024 06 02 02 36 50.000000 2   1.341246644998E-11  2.572267919498E-11
AR GRAC 2024 06 02 02 37  0.000000 2   1.770769642029E-11  3.080527499755E-11
AR GRAC 2024 06 02 02 37 10.000000 2   1.497609154744E-11  6.689787612757E-11
AR GRAC 2024 06 02 02 37 20.000000 2   1.285163035020E-11  1.813046414390E-11
AR GRAC 2024 06 02 02 37 30.000000 2   1.619851128232E-11  3.947305676766E-11
AR GRAC 2024 06 02 02 37 40.000000 2   1.495679968766E-11  3.425565039961E-11
AR GRAC 2024 06 02 02 37 50.000000 2   1.210177010685E-11  2.943824004009E-11
AR GRAC 2024 06 02 02 38  0.000000 2   1.335353789350E-11  3.248083399465E-11
AR GRAC 2024 06 02 02 38 10.000000 2   1.350454904153E-11  4.905342451678E-11
AR GRAC 2024 06 02 02 38 20.000000 2   1.212346195656E-11  3.196601663924E-11
AR GRAC 2024 06 02 02 38 30.000000 2   1.448724213510E-11  4.490860461281E-11
AR GRAC 2024 06 02 02 38 40.000000 2   1.256509566533E-11  3.353119518157E-11
AR GRAC 2024 06 02 02 38 50.000000 2   1.371575335946E-11  2.378378050061E-11
AR GRAC 2024 06 02 02 39  0.000000 2   1.367552251996E-11  2.464637001431E-11
AR GRAC 2024 06 02 02 39 10.000000 2   1.241280515873E-11  4.803895475858E-11
AR GRAC 2024 06 02 02 39 20.000000 2   1.488922006521E-11  3.021154507121E-11
AR GRAC 2024 06 02 02 39 30.000000 2   1.596491515377E-11  3.503412837613E-11
AR GRAC 2024 06 02 02 39 40.000000 2   1.562361351404E-11  4.192671557157E-11
AR GRAC 2024 06 02 02 39 50.000000 2   1.291291639588E-11  2.131930049165E-11
AR GRAC 2024 06 02 02 40  0.000000 2   1.345556218529E-11  3.333188586252E-11
AR GRAC 2024 06 02 02 40 10.000000 2   1.325413303416E-11  3.987446831055E-11
AR GRAC 2024 06 02 02 40 20.000000 2   1.388682051295E-11  2.898705234178E-11
AR GRAC 2024 06 02 02 40 30.000000 2   1.426165956164E-11  3.683963550882E-11
AR GRAC 2024 06 02 02 40 40.000000 2   1.608791572183E-11  4.477222065313E-11
AR GRAC 2024 06 02 02 40 50.000000 2   1.297717228815E-11  1.833479722213E-11
AR GRAC 2024 06 02 02 41  0.000000 2   1.189252082229E-11  3.229738004817E-11
AR GRAC 2024 06 02 02 41 10.000000 2   1.322424635075E-11  3.438996309946E-11
AR GRAC 2024 06 02 02 41 20.000000 2   1.408356851279E-11  3.232254047747E-11
AR GRAC 2024 06 02 02 41 30.000000 2   1.021207163970E-11  3.374512128063E-11
AR GRAC 2024 06 02 02 41 40.000000 2   1.091128576380E-11  2.008769713069E-11
AR GRAC 2024 06 02 02 41 50.000000 2   1.135300620875E-11  2.527027719024E-11
AR GRAC 2024 06 02 02 42  0.000000 2   1.130301147817E-11  2.773285420754E-11
AR GRAC 2024 06 02 02 42 10.000000 2   1.339725552718E-11  4.040543247208E-11
AR GRAC 2024 06 02 02 42 20.000000 2   8.850896578150E-12  3.105800686076E-11
AR GRAC 2024 06 02 02 42 30.000000 2   1.158118306116E-11  2.709057977945E-11
AR GRAC 2024 06 02 02 42 40.000000 2   1.137316456290E-11  1.954315875796E-11
AR GRAC 2024 06 02 02 42 50.000000 2   1.032523025413E-11  3.439573278974E-11
AR GRAC 2024 06 02 02 43  0.000000 2   1.200794064876E-11  2.293830750344E-11
AR GRAC 2024 06 02 02 43 10.000000 2   1.060135746550E-11  1.975087975115E-11
AR GRAC 2024 06 02 02 43 20.000000 2   1.037514432006E-11  2.887345224023E-11
AR GRAC 2024 06 02 02 43 30.000000 2   8.078726056182E-12  2.040602409270E-11
AR GRAC 2024 06 02 02 43 40.000000 2   1.158220568065E-11  4.716859541842E-11
AR GRAC 2024 06 02 02 43 50.000000 2   1.083030973931E-11  2.567116831609E-11
AR GRAC 2024 06 02 02 44  0.000000 2   9.565310349346E-12  2.757373843143E-11
AR GRAC 2024 06 02 02 44 10.000000 2   1.127107261689E-11  2.128630952059E-11
AR GRAC 2024 06 02 02 44 20.000000 2   1.108295399899E-11  2.772887822133E-11
AR GRAC 2024 06 02 02 44 30.000000 2   8.976880003231E-12  3.667144712893E-11
AR GRAC 2024 06 02 02 44 40.000000 2   9.536963233026E-12  2.617401434479E-11
AR GRAC 2024 06 02 02 44 50.000000 2   1.022168721193E-11  3.193658185130E-11
AR GRAC 2024 06 02 02 45  0.000000 2   1.113630108268E-11  1.831914828165E-11
AR GRAC 2024 06 02 02 45 10.000000 2   9.306158274547E-12  3.383171520710E-11
AR GRAC 2024 06 02 02 45 20.000000 2   8.487818954628E-12  2.015428102187E-11
AR GRAC 2024 06 02 02 45 30.000000 2   8.183325544975E-12  1.768684677883E-11
AR GRAC 2024 06 02 02 45 40.000000 2   9.420953600570E-12  4.007941201145E-11
AR GRAC 2024 06 02 02 45 50.000000 2   7.025353389312E-12  1.344197496367E-11
AR GRAC 2024 06 02 02 46  0.000000 2   1.011011413476E-11  2.386453881731E-11
AR GRAC 2024 06 02 02 46 10.000000 2   8.264591268292E-12  1.087710217035E-11
AR GRAC 2024 06 02 02 46 20.000000 2   9.616322495243E-12  2.161966439207E-11
AR GRAC 2024 06 02 02 46 30.000000 2   9.153046376387E-12  3.474222645683E-11
AR GRAC 2024 06 02 02 46 40.000000 2   8.519772561055E-12  2.028478773841E-11
AR GRAC 2024 06 02 02 46 50.000000 2   7.106940036472E-12  1.000734824869E-11
AR GRAC 2024 06 02 02 47  0.000000 2   1.012934614658E-11  1.460990876889E-11
AR GRAC 2024 06 02 02 47 10.000000 2   5.622870658667E-12  2.027246773229E-11
AR GRAC 2024 06 02 02 47 20.000000 2   6.962572011993E-12  1.840502750206E-11
AR GRAC 2024 06 02 02 47 30.000000 2   7.450665952258E-12  1.001758398456E-11
AR GRAC 2024 06 02 02 47 40.000000 2   5.291443498645E-12  2.801430691157E-13
AR GRAC 2024 06 02 02 47 50.000000 2   6.212483218831E-12  2.178269890851E-11
AR GRAC 2024 06 02 02 48  0.000000 2   7.283305035466E-12  2.333525560283E-11
AR GRAC 2024 06 02 02 48 10.000000 2   7.291972581314E-12  3.527812590665E-12
AR GRAC 2024 06 02 02 48 20.000000 2   6.527979545812E-12  1.859036709295E-11
AR GRAC 2024 06 02 02 48 30.000000 2   5.631874307188E-12  6.962922426135E-12
AR GRAC 2024 06 02 02 48 40.000000 2   7.120968745222E-12  1.295477180391E-12
AR GRAC 2024 06 02 02 48 50.000000 2   5.384091610050E-12  1.141803145088E-11
AR GRAC 2024 06 02 02 49  0.000000 2   7.059466726467E-12 -1.999416040718E-12
AR GRAC 2024 06 02 02 49 10.000000 2   7.830018751431E-12  1.387313527945E-11
AR GRAC 2024 06 02 02 49 20.000000 2   5.504977983878E-12  2.309568855607E-11
AR GRAC 2024 06 02 02 49 30.000000 2   3.952148937975E-12 -3.561760044887E-12
AR GRAC 2024 06 02 02 49 40.000000 2   4.627945162511E-12  2.487078945568E-11
AR GRAC 2024 06 02 02 49 50.000000 2   5.086966438361E-12  9.613340505588E-12
AR GRAC 2024 06 02 02 50  0.000000 2   6.361757041301E-12 -2.354109962521E-12
AR GRAC 2024 06 02 02 50 10.000000 2   5.111453361267E-12  2.793843802140E-11
AR GRAC 2024 06 02 02 50 20.000000 2   5.135636707565E-12  1.725098883187E-11
AR GRAC 2024 06 02 02 50 30.000000 2   3.257193343167E-12  1.308353425600E-11
AR GRAC 2024 06 02 02 50 40.000000 2   3.129685312991E-12  1.270608184639E-11
AR GRAC 2024 06 02 02 50 50.000000 2   4.399666828775E-12 -4.371370886797E-12
AR GRAC 2024 06 02 02 51  0.000000 2   4.624939754089E-12  6.051174752247E-12
AR GRAC 2024 06 02 02 51 10.000000 2   3.471720523909E-12  2.003720540183E-12
AR GRAC 2024 06 02 02 51 20.000000 2   3.275135588079E-12  1.121626576339E-11
AR GRAC 2024 06 02 02 51 30.000000 2   4.314467186295E-12  1.418810056421E-12
AR GRAC 2024 06 02 02 51 40.000000 2   3.623027008612E-12  5.171354663935E-12
AR GRAC 2024 06 02 02 51 50.000000 2   3.180730852315E-12  7.038970101236E-13
AR GRAC 2024 06 02 02 52  0.000000 2  -4.373924996064E-13 -6.363560286354E-12
AR GRAC 2024 06 02 02 52 10.000000 2   1.535845777813E-12  1.937898105875E-11
AR GRAC 2024 06 02 02 52 20.000000 2   2.427120787338E-12 -1.601847821053E-11
AR GRAC 2024 06 02 02 52 30.000000 2   3.352135843210E-12  5.784064199821E-12
AR GRAC 2024 06 02 02 52 40.000000 2   1.387929376463E-12  3.166041647601E-13
AR GRAC 2024 06 02 02 52 50.000000 2   2.257201803940E-12  1.326914359639E-11
AR GRAC 2024 06 02 02 53  0.000000 2  -8.735022796226E-13  8.641682855415E-12
AR GRAC 2024 06 02 02 53 10.000000 2   3.994788007333E-12 -4.045778902867E-12
AR GRAC 2024 06 02 02 53 20.000000 2   7.570193929184E-13  1.486759174975E-12
AR GRAC 2024 06 02 02 53 30.000000 2   1.516857711485E-12  1.159296617037E-12
AR GRAC 2024 06 02 02 53 40.000000 2   1.078123376165E-12 -3.298165776947E-12
AR GRAC 2024 06 02 02 53 50.000000 2  -1.526108883362E-12 -6.475629494435E-12
AR GRAC 2024 06 02 02 54  0.000000 2  -6.044682441218E-13  5.976905602390E-12
AR GRAC 2024 06 02 02 54 10.000000 2   7.573495324799E-13 -1.550055916955E-11
AR GRAC 2024 06 02 02 54 20.000000 2   1.349747245395E-12  2.081974783547E-12
AR GRAC 2024 06 02 02 54 30.000000 2   2.165200961232E-12  1.345090488644E-13
AR GRAC 2024 06 02 02 54 40.000000 2   5.844519204538E-13 -2.362958136451E-12
AR GRAC 2024 06 02 02 54 50.000000 2   8.149828468335E-13 -4.030424865381E-12
AR GRAC 2024 06 02 02 55  0.000000 2   1.406081631336E-12  3.592106863695E-12
AR GRAC 2024 06 02 02 55 10.000000 2   4.976947673430E-13  1.784638192434E-12
AR GRAC 2024 06 02 02 55 20.000000 2  -1.468561708871E-12 -5.742830690159E-12
AR GRAC 2024 06 02 02 55 30.000000 2   4.277691211235E-13 -5.050300021930E-12
AR GRAC 2024 06 02 02 55 40.000000 2  -8.268153956631E-13 -3.047771236775E-12
AR GRAC 2024 06 02 02 55 50.000000 2  -1.863086507986E-12 -2.065240773536E-12
AR GRAC 2024 06 02 02 56  0.000000 2  -2.497074812549E-13 -1.100271349724E-11
AR GRAC 2024 06 02 02 56 10.000000 2  -1.511310878961E-13  7.989814539144E-12
AR GRAC 2024 06 02 02 56 20.000000 2  -8.830073716486E-13 -9.217657886973E-12
AR GRAC 2024 06 02 02 56 30.000000 2  -1.677778358952E-12 -4.325130097821E-12
AR GRAC 2024 06 02 02 56 40.000000 2  -1.773673655864E-12 -2.672604108508E-12
AR GRAC 2024 06 02 02 56 50.000000 2  -1.100959492843E-12 -1.742007753325E-11
AR GRAC 2024 06 02 02 57  0.000000 2  -2.444968706661E-12 -7.257552631784E-12
AR GRAC 2024 06 02 02 57 10.000000 2  -2.449488745518E-12  8.849710786234E-13
AR GRAC 2024 06 02 02 57 20.000000 2  -3.039993820911E-12 -5.612505252217E-12
AR GRAC 2024 06 02 02 57 30.000000 2  -2.617429059951E-12 -5.969980586273E-12
AR GRAC 2024 06 02 02 57 40.000000 2  -1.316518834053E-12 -3.127458144889E-12
AR GRAC 2024 06 02 02 57 50.000000 2  -1.505839398487E-12 -2.542493646174E-11
AR GRAC 2024 06 02 02 58  0.000000 2  -1.632900303687E-12 -2.271241528184E-11
AR GRAC 2024 06 02 02 58 10.000000 2  -8.493270648412E-13  1.340105977576E-12
AR GRAC 2024 06 02 02 58 20.000000 2  -1.691172158910E-12 -2.310737365341E-11
AR GRAC 2024 06 02 02 58 30.000000 2  -3.285242520731E-12 -2.443485344616E-11
AR GRAC 2024 06 02 02 58 40.000000 2  -1.484549462527E-12 -4.772334003672E-12
AR GRAC 2024 06 02 02 58 50.000000 2  -4.866404154646E-12 -3.269815191179E-12
AR GRAC 2024 06 02 02 59  0.000000 2  -3.825365805371E-12 -1.259729733721E-11
AR GRAC 2024 06 02 02 59 10.000000 2  -1.925568645506E-12 -1.560477962126E-11
AR GRAC 2024 06 02 02 59 20.000000 2  -4.409317529153E-12 -1.266226186403E-11
AR GRAC 2024 06 02 02 59 30.000000 2  -7.580484634104E-13 -1.248974621643E-11
AR GRAC 2024 06 02 02 59 40.000000 2  -5.166118834804E-12 -4.377229915337E-12
AR GRAC 2024 06 02 02 59 50.000000 2  -3.773688393022E-12 -2.897471498842E-11
AR GRAC 2024 06 02 03 00  0.000000 2  -1.743194130710E-12 -4.242199907328E-12
AR GRAC 2024 06 02 03 00 10.000000 2  -6.755492432814E-12 -1.375968609885E-11
AR GRAC 2024 06 02 03 00 20.000000 2  -5.942682543975E-12 -1.133717338758E-11
AR GRAC 2024 06 02 03 00 30.000000 2  -5.079749121339E-12 -1.101465967046E-11
AR GRAC 2024 06 02 03 00 40.000000 2  -1.798882657417E-12 -2.121214662254E-11
AR GRAC 2024 06 02 03 00 50.000000 2  -3.856419957676E-12 -1.336963786208E-11
AR GRAC 2024 06 02 03 01  0.000000 2  -6.376973601951E-12 -2.104712584772E-11
AR GRAC 2024 06 02 03 01 10.000000 2  -5.665313270592E-12 -1.244461478311E-11
AR GRAC 2024 06 02 03 01 20.000000 2  -4.139114398449E-12 -1.308210484385E-11
AR GRAC 2024 06 02 03 01 30.000000 2  -7.649002958798E-12 -1.591959550296E-11
AR GRAC 2024 06 02 03 01 40.000000 2  -5.171876382021E-12 -2.468708570902E-11
AR GRAC 2024 06 02 03 01 50.000000 2  -5.605038135015E-12 -1.266457685251E-11
AR GRAC 2024 06 02 03 02  0.000000 2  -3.893255075965E-12 -2.460207038091E-11
AR GRAC 2024 06 02 03 02 10.000000 2  -5.535393757944E-12 -2.333956292122E-11
AR GRAC 2024 06 02 03 02 20.000000 2  -6.686746208823E-12 -2.175705622609E-11
AR GRAC 2024 06 02 03 02 30.000000 2  -5.555160931953E-12 -1.398455049678E-11
AR GRAC 2024 06 02 03 02 40.000000 2  -4.495123891168E-12 -6.662044613887E-12
AR GRAC 2024 06 02 03 02 50.000000 2  -3.544597775018E-12 -3.326953990079E-11
AR GRAC 2024 06 02 03 03  0.000000 2  -5.687389361547E-12 -2.276703651993E-11
AR GRAC 2024 06 02 03 03 10.000000 2  -6.435925577197E-12 -2.320453204585E-11
AR GRAC 2024 06 02 03 03 20.000000 2  -6.639653670620E-12 -1.597202925474E-11
AR GRAC 2024 06 02 03 03 30.000000 2  -7.825961233221E-12 -1.912952608818E-11
AR GRAC 2024 06 02 03 03 40.000000 2  -7.694515163914E-12  4.529750869103E-13
AR GRAC 2024 06 02 03 03 50.000000 2  -5.893095907095E-12 -2.228452491981E-11
AR GRAC 2024 06 02 03 04  0.000000 2  -8.719610970764E-12 -2.049202300902E-11
AR GRAC 2024 06 02 03 04 10.000000 2  -6.222108765719E-12 -4.057952238123E-11
AR GRAC 2024 06 02 03 04 20.000000 2  -7.313864791580E-12 -1.603702240449E-11
AR GRAC 2024 06 02 03 04 30.000000 2  -5.382951896726E-12 -1.175452530450E-11
AR GRAC 2024 06 02 03 04 40.000000 2  -5.280616222070E-12 -3.064202364067E-11
AR GRAC 2024 06 02 03 04 50.000000 2  -6.687621810497E-12 -1.870952871796E-11
AR GRAC 2024 06 02 03 05  0.000000 2  -8.850143708161E-12 -1.521703076046E-11
AR GRAC 2024 06 02 03 05 10.000000 2  -9.165643938269E-12 -1.984453573689E-11
AR GRAC 2024 06 02 03 05 20.000000 2  -7.698533650846E-12 -2.055203923712E-11
AR GRAC 2024 06 02 03 05 30.000000 2  -7.817605070237E-12 -2.203954380109E-11
AR GRAC 2024 06 02 03 05 40.000000 2  -7.240756171728E-12 -1.851704727052E-11
AR GRAC 2024 06 02 03 05 50.000000 2  -8.416515748233E-12 -6.864554064068E-12
AR GRAC 2024 06 02 03 06  0.000000 2  -8.064933269825E-12 -2.233205981250E-11
AR GRAC 2024 06 02 03 06 10.000000 2  -6.568708684623E-12 -2.577956771666E-11
AR GRAC 2024 06 02 03 06 20.000000 2  -9.240505062513E-12 -2.260707419877E-11
AR GRAC 2024 06 02 03 06 30.000000 2  -7.406447850855E-12 -2.170458431039E-11
AR GRAC 2024 06 02 03 06 40.000000 2  -8.412301237548E-12 -3.193209238694E-11
AR GRAC 2024 06 02 03 06 50.000000 2  -9.697088618199E-12 -7.109599801242E-12
AR GRAC 2024 06 02 03 07  0.000000 2  -8.032679556236E-12 -2.269711155134E-11
AR GRAC 2024 06 02 03 07 10.000000 2  -7.877485989904E-12 -3.567461950849E-11
AR GRAC 2024 06 02 03 07 20.000000 2  -6.985596563008E-12 -1.922213083150E-11
AR GRAC 2024 06 02 03 07 30.000000 2  -8.580835694771E-12 -2.295964286747E-11
AR GRAC 2024 06 02 03 07 40.000000 2  -7.885287041376E-12 -1.503715381379E-11
AR GRAC 2024 06 02 03 07 50.000000 2  -7.327371348564E-12 -2.496466922075E-11
AR GRAC 2024 06 02 03 08  0.000000 2  -8.163341530532E-12 -1.815218114709E-11
AR GRAC 2024 06 02 03 08 10.000000 2  -7.540091814806E-12 -2.195969621421E-11
AR GRAC 2024 06 02 03 08 20.000000 2  -9.242775815543E-12 -2.284721023482E-11
AR GRAC 2024 06 02 03 08 30.000000 2  -9.929073188641E-12 -1.080472430276E-11
AR GRAC 2024 06 02 03 08 40.000000 2  -6.793857577209E-12 -1.682223978172E-11
AR GRAC 2024 06 02 03 08 50.000000 2  -6.784185192787E-12 -2.736975750206E-11
AR GRAC 2024 06 02 03 09  0.000000 2  -8.252121208585E-12 -1.513727337921E-11
AR GRAC 2024 06 02 03 09 10.000000 2  -8.485155286730E-12 -1.407478994464E-11
AR GRAC 2024 06 02 03 09 20.000000 2  -8.093139873544E-12 -3.338230733507E-11
AR GRAC 2024 06 02 03 09 30.000000 2  -6.972448660103E-12 -1.769982597988E-11
AR GRAC 2024 06 02 03 09 40.000000 2  -8.624603635432E-12 -9.027346578594E-12
AR GRAC 2024 06 02 03 09 50.000000 2  -6.149684494278E-12 -1.472486542420E-11
AR GRAC 2024 06 02 03 10  0.000000 2  -8.261693412726E-12 -2.441238530770E-11
AR GRAC 2024 06 02 03 10 10.000000 2  -6.548699950371E-12 -2.498990771260E-11
AR GRAC 2024 06 02 03 10 20.000000 2  -7.437503737884E-12 -2.384742923967E-11
AR GRAC 2024 06 02 03 10 30.000000 2  -6.971696657476E-12 -1.636495106094E-11
AR GRAC 2024 06 02 03 10 40.000000 2  -6.667705016589E-12 -3.426247480176E-11
AR GRAC 2024 06 02 03 10 50.000000 2  -8.129142324564E-12 -1.481999765962E-11
AR GRAC 2024 06 02 03 11  0.000000 2  -6.245267757804E-12 -2.767752173283E-11
AR GRAC 2024 06 02 03 11 10.000000 2  -5.977239970339E-12 -2.492504466711E-11
AR GRAC 2024 06 02 03 11 20.000000 2  -6.286742827710E-12 -1.840256939889E-11
AR GRAC 2024 06 02 03 11 30.000000 2  -7.677723040667E-12 -1.962009374412E-11
AR GRAC 2024 06 02 03 11 40.000000 2  -4.275248124269E-12 -2.067762107372E-11
AR GRAC 2024 06 02 03 11 50.000000 2  -6.628972544498E-12 -2.452514753781E-11
AR GRAC 2024 06 02 03 12  0.000000 2  -8.182330681061E-12 -2.055267414591E-11
AR GRAC 2024 06 02 03 12 10.000000 2  -5.062467806072E-12 -3.141020082920E-11
AR GRAC 2024 06 02 03 12 20.000000 2  -8.460713032954E-12 -2.204773169590E-11
AR GRAC 2024 06 02 03 12 30.000000 2  -6.167477552971E-12 -1.648525933817E-11
AR GRAC 2024 06 02 03 12 40.000000 2  -5.533016753101E-12 -6.432788763472E-12
AR GRAC 2024 06 02 03 12 50.000000 2  -6.691104267875E-12 -1.905031861427E-11
AR GRAC 2024 06 02 03 13  0.000000 2  -4.672799040067E-12 -3.714785076769E-11
AR GRAC 2024 06 02 03 13 10.000000 2  -6.557467676499E-12 -2.231538044628E-11
AR GRAC 2024 06 02 03 13 20.000000 2  -6.502174233064E-12 -1.502291346878E-11
AR GRAC 2024 06 02 03 13 30.000000 2  -3.282474769425E-12 -2.232044583883E-11
AR GRAC 2024 06 02 03 13 40.000000 2  -7.436155857743E-12 -3.297798145674E-11
AR GRAC 2024 06 02 03 13 50.000000 2  -4.394520771583E-12 -7.425512461856E-12
AR GRAC 2024 06 02 03 14  0.000000 2  -6.639906940248E-12 -1.591304865656E-11
AR GRAC 2024 06 02 03 14 10.000000 2  -7.945424700118E-12 -2.818058113252E-11
AR GRAC 2024 06 02 03 14 20.000000 2  -4.029740950651E-12 -1.873811869557E-11
AR GRAC 2024 06 02 03 14 30.000000 2  -6.190539834222E-12 -8.035652872274E-12
AR GRAC 2024 06 02 03 14 40.000000 2  -4.605273627722E-12 -3.677318866080E-11
AR GRAC 2024 06 02 03 14 50.000000 2  -5.366332812146E-12 -1.863072543462E-11
AR GRAC 2024 06 02 03 15  0.000000 2  -8.302553956840E-12 -1.572826417717E-11
AR GRAC 2024 06 02 03 15 10.000000 2  -5.843760371438E-12 -2.061580246793E-11
AR GRAC 2024 06 02 03 15 20.000000 2  -5.886496585311E-12  7.736657668678E-12
AR GRAC 2024 06 02 03 15 30.000000 2  -5.874419874152E-12 -3.276088428317E-11
AR GRAC 2024 06 02 03 15 40.000000 2  -4.277164126348E-12 -2.272842157536E-11
AR GRAC 2024 06 02 03 15 50.000000 2  -5.087803008758E-12 -1.605596038068E-11
AR GRAC 2024 06 02 03 16  0.000000 2  -4.206818920993E-12 -1.112350316024E-11
AR GRAC 2024 06 02 03 16 10.000000 2  -6.779967646336E-12 -2.666104489957E-11
AR GRAC 2024 06 02 03 16 20.000000 2  -4.922585776501E-12 -8.798587726455E-12
AR GRAC 2024 06 02 03 16 30.000000 2  -4.718738420839E-12 -2.018613054489E-11
AR GRAC 2024 06 02 03 16 40.000000 2  -6.876883611173E-12 -1.944367236661E-11
AR GRAC 2024 06 02 03 16 50.000000 2  -3.980527712999E-12 -1.395121691783E-11
AR GRAC 2024 06 02 03 17  0.000000 2  -3.680043249299E-12 -1.825876255745E-11
AR GRAC 2024 06 02 03 17 10.000000 2  -5.426699888067E-12 -2.755630792994E-11
AR GRAC 2024 06 02 03 17 20.000000 2  -1.057587177555E-12 -1.715385299084E-11
AR GRAC 2024 06 02 03 17 30.000000 2  -4.620543531120E-12 -9.961401495340E-12
AR GRAC 2024 06 02 03 17 40.000000 2  -4.966151188196E-12 -1.232894775854E-11
AR GRAC 2024 06 02 03 17 50.000000 2  -4.773740430730E-12 -1.608649498330E-11
AR GRAC 2024 06 02 03 18  0.000000 2  -2.797701523574E-12 -1.150404251027E-11
AR GRAC 2024 06 02 03 18 10.000000 2  -5.503658292993E-12 -2.045159180897E-11
AR GRAC 2024 06 02 03 18 20.000000 2  -2.501945265548E-12 -3.779141062588E-12
AR GRAC 2024 06 02 03 18 30.000000 2  -3.949225061556E-12 -1.875669064511E-11
AR GRAC 2024 06 02 03 18 40.000000 2  -3.910578891958E-12 -1.141424194745E-11
AR GRAC 2024 06 02 03 18 50.000000 2  -5.087073123855E-12 -2.249179141545E-11
AR GRAC 2024 06 02 03 19  0.000000 2  -2.124803805126E-12 -1.549344094860E-12
AR GRAC 2024 06 02 03 19 10.000000 2  -3.374780923465E-12 -5.216895925669E-12
AR GRAC 2024 06 02 03 19 20.000000 2  -3.153359517949E-12 -1.290444921059E-11
AR GRAC 2024 06 02 03 19 30.000000 2  -3.204884057792E-12 -1.612200130341E-11
AR GRAC 2024 06 02 03 19 40.000000 2  -3.058498116229E-12 -1.139555897561E-12
AR GRAC 2024 06 02 03 19 50.000000 2  -3.848950238389E-12 -1.876711112903E-11
AR GRAC 2024 06 02 03 20  0.000000 2  -2.627764542421E-12 -7.774666327398E-12
AR GRAC 2024 06 02 03 20 10.000000 2  -3.263581896049E-12  3.577780704079E-13
AR GRAC 2024 06 02 03 20 20.000000 2  -6.980649240075E-13 -5.649777954503E-12
AR GRAC 2024 06 02 03 20 30.000000 2  -4.499036126288E-12 -1.096733554667E-11
AR GRAC 2024 06 02 03 20 40.000000 2  -4.183278289743E-12 -1.029489427734E-11
AR GRAC 2024 06 02 03 20 50.000000 2  -1.131580655458E-13 -1.499245172454E-11
AR GRAC 2024 06 02 03 21  0.000000 2   6.437796259626E-13 -6.600008733981E-12
AR GRAC 2024 06 02 03 21 10.000000 2  -2.437745101266E-12 -1.913757000094E-11
AR GRAC 2024 06 02 03 21 20.000000 2  -2.483221527710E-12  1.364870781499E-12
AR GRAC 2024 06 02 03 21 30.000000 2  -3.320651262642E-12 -9.552690236059E-12
AR GRAC 2024 06 02 03 21 40.000000 2  -2.589691915772E-12 -1.900025102530E-11
AR GRAC 2024 06 02 03 21 50.000000 2  -2.054000632773E-12  8.352187864935E-12
AR GRAC 2024 06 02 03 22  0.000000 2   1.145295016729E-14 -1.202537461970E-11
AR GRAC 2024 06 02 03 22 10.000000 2  -8.663608025428E-13 -6.302936037678E-12
AR GRAC 2024 06 02 03 22 20.000000 2   1.322195608208E-12 -1.271050105445E-11
AR GRAC 2024 06 02 03 22 30.000000 2  -2.598895057493E-12 -6.378063875656E-12
AR GRAC 2024 06 02 03 22 40.000000 2  -4.629466196515E-15  2.424371901150E-12
AR GRAC 2024 06 02 03 22 50.000000 2  -2.663206244077E-12 -8.733193855581E-12
AR GRAC 2024 06 02 03 23  0.000000 2   3.978604284135E-13 -5.200758660534E-12
AR GRAC 2024 06 02 03 23 10.000000 2  -5.629496434983E-13 -1.106832594328E-11
AR GRAC 2024 06 02 03 23 20.000000 2  -1.105958640640E-12 -5.055891903055E-12
AR GRAC 2024 06 02 03 23 30.000000 2  -1.123839451947E-13 -3.613459141280E-12
AR GRAC 2024 06 02 03 23 40.000000 2  -8.347387993497E-13  7.818971164975E-12
AR GRAC 2024 06 02 03 23 50.000000 2   4.348705369330E-13 -1.641859564971E-11
AR GRAC 2024 06 02 03 24  0.000000 2  -1.153840369604E-12 -6.761650159053E-13
AR GRAC 2024 06 02 03 24 10.000000 2   4.586633265032E-13 -5.637350937622E-13
AR GRAC 2024 06 02 03 24 20.000000 2   1.237987468615E-12  2.978694981642E-12
AR GRAC 2024 06 02 03 24 30.000000 2   2.861864662352E-13 -1.311887664474E-11
AR GRAC 2024 06 02 03 24 40.000000 2  -1.259338878838E-12 -2.916447031792E-12
AR GRAC 2024 06 02 03 24 50.000000 2  -8.815178404939E-13  2.265981239452E-12
AR GRAC 2024 06 02 03 25  0.000000 2   5.069897409879E-13 -1.224159228846E-11
AR GRAC 2024 06 02 03 25 10.000000 2   6.397743120869E-13 -9.591650390606E-13
AR GRAC 2024 06 02 03 25 20.000000 2  -2.025949801801E-13  1.378326099089E-11
AR GRAC 2024 06 02 03 25 30.000000 2   2.540904119053E-12 -2.614313062907E-12
AR GRAC 2024 06 02 03 25 40.000000 2   3.271279731473E-13  9.581120619107E-13
AR GRAC 2024 06 02 03 25 50.000000 2   2.937348986005E-13 -1.062946518998E-11
AR GRAC 2024 06 02 03 26  0.000000 2   2.359027903576E-12  2.272960031996E-12
AR GRAC 2024 06 02 03 26 10.000000 2   1.667054948945E-12  9.895383124015E-12
AR GRAC 2024 06 02 03 26 20.000000 2   1.307482767887E-12 -6.712193734854E-12
AR GRAC 2024 06 02 03 26 30.000000 2   2.182008480150E-12  1.285022695890E-11
AR GRAC 2024 06 02 03 26 40.000000 2   3.296058738445E-12  1.791265052953E-11
AR GRAC 2024 06 02 03 26 50.000000 2  -3.399320484387E-13 -6.084929001643E-12
AR GRAC 2024 06 02 03 27  0.000000 2   2.828356906320E-12 -1.412509107075E-12
AR GRAC 2024 06 02 03 27 10.000000 2   2.195026495636E-12  5.699911029278E-12
AR GRAC 2024 06 02 03 27 20.000000 2   2.341977306530E-12  2.202329898310E-12
AR GRAC 2024 06 02 03 27 30.000000 2   3.103182424566E-12  5.174748650416E-12
AR GRAC 2024 06 02 03 27 40.000000 2   2.488951102511E-12  5.167167041464E-12
AR GRAC 2024 06 02 03 27 50.000000 2   3.763300435167E-12 -5.510415474613E-12
AR GRAC 2024 06 02 03 28  0.000000 2   2.640518879937E-12  7.902000234705E-12
AR GRAC 2024 06 02 03 28 10.000000 2   2.371342922372E-12  8.114416256977E-12
AR GRAC 2024 06 02 03 28 20.000000 2   3.420946468810E-12  1.573683197642E-11
AR GRAC 2024 06 02 03 28 30.000000 2   3.456459294129E-12 -3.030752081593E-12
AR GRAC 2024 06 02 03 28 40.000000 2   4.279390210249E-12  1.587166162387E-11
AR GRAC 2024 06 02 03 28 50.000000 2   4.238622907521E-12 -4.859230422552E-13
AR GRAC 2024 06 02 03 29  0.000000 2   5.072991939720E-12 -5.223509558921E-12
AR GRAC 2024 06 02 03 29 10.000000 2   2.925322093936E-12  5.598902851761E-12
AR GRAC 2024 06 02 03 29 20.000000 2   2.758009749401E-12 -3.798684890949E-12
AR GRAC 2024 06 02 03 29 30.000000 2   5.878324303016E-12 -5.627306075544E-14
AR GRAC 2024 06 02 03 29 40.000000 2   4.447370423322E-12 -2.553862069737E-12
AR GRAC 2024 06 02 03 29 50.000000 2   4.973606162334E-12  3.888547903813E-12
AR GRAC 2024 06 02 03 30  0.000000 2   6.719083622819E-12  1.085095641812E-11
AR GRAC 2024 06 02 03 30 10.000000 2   2.847334347467E-12 -1.134663283470E-11
AR GRAC 2024 06 02 03 30 20.000000 2   4.215433557775E-12  2.996577291858E-11
AR GRAC 2024 06 02 03 30 30.000000 2   4.152159085308E-12 -1.240181481815E-11
AR GRAC 2024 06 02 03 30 40.000000 2   5.116959807261E-12  3.676059109892E-11
AR GRAC 2024 06 02 03 30 50.000000 2   6.475540156176E-12 -2.537000991232E-12
AR GRAC 2024 06 02 03 31  0.000000 2   3.418265019997E-12 -7.614593851291E-12
AR GRAC 2024 06 02 03 31 10.000000 2   5.112129469742E-12  7.227810364108E-12
AR GRAC 2024 06 02 03 31 20.000000 2   6.825713171760E-12  4.800217081463E-12
AR GRAC 2024 06 02 03 31 30.000000 2   7.372329309530E-12  9.522621406688E-12
AR GRAC 2024 06 02 03 31 40.000000 2   4.433618836647E-12  1.641502385408E-11
AR GRAC 2024 06 02 03 31 50.000000 2   6.133743686576E-12 -5.082570649073E-12
AR GRAC 2024 06 02 03 32  0.000000 2   4.326575556157E-12  1.288983069586E-11
AR GRAC 2024 06 02 03 32 10.000000 2   5.368167282221E-12  1.945223322697E-11
AR GRAC 2024 06 02 03 32 20.000000 2   5.733709514122E-12  3.754635925085E-12
AR GRAC 2024 06 02 03 32 30.000000 2   6.620079484598E-12  1.315703622440E-11
AR GRAC 2024 06 02 03 32 40.000000 2   6.024957008993E-12 -2.470562166304E-12
AR GRAC 2024 06 02 03 32 50.000000 2   6.022766920605E-12  1.590183713873E-11
AR GRAC 2024 06 02 03 33  0.000000 2   4.101103571325E-12  1.633423778180E-11
AR GRAC 2024 06 02 03 33 10.000000 2   1.044631048330E-11  1.153663536230E-11
AR GRAC 2024 06 02 03 33 20.000000 2   4.997756548886E-12  1.627903367662E-11
AR GRAC 2024 06 02 03 33 30.000000 2   8.736372736351E-12  8.071431543966E-12
AR GRAC 2024 06 02 03 33 40.000000 2   7.434237253579E-12  8.823827953031E-12
AR GRAC 2024 06 02 03 33 50.000000 2   9.823119748176E-12  1.222622437319E-11
AR GRAC 2024 06 02 03 34  0.000000 2   6.826984724068E-12  2.134862078784E-11
AR GRAC 2024 06 02 03 34 10.000000 2   7.018128266034E-12  1.265101651909E-11
AR GRAC 2024 06 02 03 34 20.000000 2   1.127661939521E-11  2.614341035323E-11
AR GRAC 2024 06 02 03 34 30.000000 2   5.963610681670E-12  1.135580518508E-11
AR GRAC 2024 06 02 03 34 40.000000 2   3.513283631032E-12  1.226819947714E-11
AR GRAC 2024 06 02 03 34 50.000000 2   8.068696752406E-12  1.633059312778E-11
AR GRAC 2024 06 02 03 35  0.000000 2   8.693569301943E-12  1.061298444960E-11
AR GRAC 2024 06 02 03 35 10.000000 2   7.406371523022E-12  2.716537758629E-11
AR GRAC 2024 06 02 03 35 20.000000 2   8.363533823830E-12  1.532776683355E-11
AR GRAC 2024 06 02 03 35 30.000000 2   6.509013814049E-12  1.975015984090E-11
AR GRAC 2024 06 02 03 35 40.000000 2   8.242792733093E-12  2.488254914612E-11
AR GRAC 2024 06 02 03 35 50.000000 2   7.887122378814E-12  2.319493902503E-11
AR GRAC 2024 06 02 03 36  0.000000 2   7.765529538850E-12  2.740732814310E-11
AR GRAC 2024 06 02 03 36 10.000000 2   7.564804685445E-12  2.008971461409E-11
AR GRAC 2024 06 02 03 36 20.000000 2   1.050907104394E-11  1.409210421965E-11
AR GRAC 2024 06 02 03 36 30.000000 2   7.884567131133E-12  3.050448782460E-11
AR GRAC 2024 06 02 03 36 40.000000 2   9.518294138977E-12  1.347687760000E-11
AR GRAC 2024 06 02 03 36 50.000000 2   8.287172163779E-12 -8.707359919896E-13
AR GRAC 2024 06 02 03 37  0.000000 2   8.404059566314E-12  3.871165193958E-11
AR GRAC 2024 06 02 03 37 10.000000 2   1.086331719025E-11  2.378403377024E-11
AR GRAC 2024 06 02 03 37 20.000000 2   8.443084772991E-12  1.007641799861E-11
AR GRAC 2024 06 02 03 37 30.000000 2   7.463247901629E-12  2.782880349772E-11
AR GRAC 2024 06 02 03 37 40.000000 2   9.497222452914E-12  1.151118523418E-11
AR GRAC 2024 06 02 03 37 50.000000 2   9.602464656755E-12  3.114356689204E-11
AR GRAC 2024 06 02 03 38  0.000000 2   8.088064072653E-12 -3.484050287855E-12
AR GRAC 2024 06 02 03 38 10.000000 2   8.945220432433E-12  3.306832932481E-11
AR GRAC 2024 06 02 03 38 20.000000 2   8.306300959549E-12  2.553071296041E-11
AR GRAC 2024 06 02 03 38 30.000000 2   9.905497429241E-12  2.330309036014E-11
AR GRAC 2024 06 02 03 38 40.000000 2   1.218077375076E-11  1.339547049672E-11
AR GRAC 2024 06 02 03 38 50.000000 2   9.610875463528E-12  3.623785299611E-11
AR GRAC 2024 06 02 03 39  0.000000 2   7.213151517055E-12  3.142022753089E-11
AR GRAC 2024 06 02 03 39 10.000000 2   9.784595009221E-12  2.364260696941E-11
AR GRAC 2024 06 02 03 39 20.000000 2   9.499876579833E-12  9.474983297952E-12
AR GRAC 2024 06 02 03 39 30.000000 2   1.047642181340E-11  2.181736041829E-11
AR GRAC 2024 06 02 03 39 40.000000 2   1.081934108277E-11  1.806973667917E-11
AR GRAC 2024 06 02 03 39 50.000000 2   1.026158151507E-11  2.397211248950E-11
AR GRAC 2024 06 02 03 40  0.000000 2   1.175342028564E-11  2.519448712157E-11
AR GRAC 2024 06 02 03 40 10.000000 2   7.848356513296E-12  2.544685989703E-11
AR GRAC 2024 06 02 03 40 20.000000 2   1.112986092178E-11  1.180923501348E-11
AR GRAC 2024 06 02 03 40 30.000000 2   1.290156870226E-11  2.667160763081E-11
AR GRAC 2024 06 02 03 40 40.000000 2   6.378647176425E-12  2.644398068574E-11
AR GRAC 2024 06 02 03 40 50.000000 2   1.101847172530E-11  2.713635392781E-11
AR GRAC 2024 06 02 03 41  0.000000 2   1.073311318295E-11  2.327872616892E-11
AR GRAC 2024 06 02 03 41 10.000000 2   9.902060074674E-12  3.245109736483E-11
AR GRAC 2024 06 02 03 41 20.000000 2   1.178918854899E-11  2.414346673973E-11
AR GRAC 2024 06 02 03 41 30.000000 2   1.060661194291E-11  1.667583779397E-11
AR GRAC 2024 06 02 03 41 40.000000 2   9.913819765117E-12  3.824820321574E-11
AR GRAC 2024 06 02 03 41 50.000000 2   1.131311364033E-11  2.502057241949E-11
AR GRAC 2024 06 02 03 42  0.000000 2   9.077216409081E-12  3.042294194344E-11
AR GRAC 2024 06 02 03 42 10.000000 2   1.209282153580E-11  1.741530877841E-11
AR GRAC 2024 06 02 03 42 20.000000 2   1.117455433741E-11  3.441767704171E-11
AR GRAC 2024 06 02 03 42 30.000000 2   1.097185797078E-11  1.986004243004E-11
AR GRAC 2024 06 02 03 42 40.000000 2   1.108477806072E-11  4.064240610724E-11
AR GRAC 2024 06 02 03 42 50.000000 2   1.014137992333E-11  2.280477369443E-11
AR GRAC 2024 06 02 03 43  0.000000 2   1.209641067867E-11  1.685713721389E-11
AR GRAC 2024 06 02 03 43 10.000000 2   1.072197886032E-11  3.051950012156E-11
AR GRAC 2024 06 02 03 43 20.000000 2   1.399767454724E-11  2.442186557150E-11
AR GRAC 2024 06 02 03 43 30.000000 2   1.195711151619E-11  1.372422661627E-11
AR GRAC 2024 06 02 03 43 40.000000 2   1.049103512396E-11  4.326658822884E-11
AR GRAC 2024 06 02 03 43 50.000000 2   1.116829632247E-11  2.359895265314E-11
AR GRAC 2024 06 02 03 44  0.000000 2   1.114797143487E-11  3.695131353676E-11
AR GRAC 2024 06 02 03 44 10.000000 2   1.005678873511E-11  2.732367283820E-11
AR GRAC 2024 06 02 03 44 20.000000 2   1.174398685938E-11  1.834603302608E-11
AR GRAC 2024 06 02 03 44 30.000000 2   1.170369617193E-11  2.770839287181E-11
AR GRAC 2024 06 02 03 44 40.000000 2   1.322628985501E-11  1.648075079186E-11
AR GRAC 2024 06 02 03 44 50.000000 2   1.223026280944E-11  3.009311203006E-11
AR GRAC 2024 06 02 03 45  0.000000 2   1.103623702842E-11  4.045546883602E-11
AR GRAC 2024 06 02 03 45 10.000000 2   1.472814405157E-11  3.046782270921E-11
AR GRAC 2024 06 02 03 45 20.000000 2   1.040625138143E-11  3.015017749353E-11
AR GRAC 2024 06 02 03 45 30.000000 2   1.121638545931E-11  2.115253631974E-11
AR GRAC 2024 06 02 03 45 40.000000 2   1.279043971431E-11  2.910489210750E-11
AR GRAC 2024 06 02 03 45 50.000000 2   1.045673096722E-11  4.015724558437E-11
AR GRAC 2024 06 02 03 46  0.000000 2   1.174713624985E-11  2.711959996848E-11
AR GRAC 2024 06 02 03 46 10.000000 2   1.242574185906E-11  3.045195345885E-11
AR GRAC 2024 06 02 03 46 20.000000 2   1.293597260560E-11  2.296430580417E-11
AR GRAC 2024 06 02 03 46 30.000000 2   1.159172324100E-11  3.185665967131E-11
AR GRAC 2024 06 02 03 46 40.000000 2   1.413959227481E-11  3.107900742316E-11
AR GRAC 2024 06 02 03 46 50.000000 2   1.360932807420E-11  1.906136186391E-11
AR GRAC 2024 06 02 03 47  0.000000 2   1.114403014313E-11  3.262371275903E-11
AR GRAC 2024 06 02 03 47 10.000000 2   1.279530561366E-11  2.786606188854E-11
AR GRAC 2024 06 02 03 47 20.000000 2   1.217089623529E-11  3.145841226404E-11
AR GRAC 2024 06 02 03 47 30.000000 2   1.277808588107E-11  3.720075983371E-11
AR GRAC 2024 06 02 03 47 40.000000 2   1.261443467043E-11  3.941310819378E-11
AR GRAC 2024 06 02 03 47 50.000000 2   1.284076404234E-11  4.607545595059E-11
AR GRAC 2024 06 02 03 48  0.000000 2   1.621630607573E-11  2.917780600464E-11
AR GRAC 2024 06 02 03 48 10.000000 2   1.525371148836E-11  3.350014710080E-11
AR GRAC 2024 06 02 03 48 20.000000 2   1.227429269335E-11  3.541249585237E-11
AR GRAC 2024 06 02 03 48 30.000000 2   1.109544400801E-11  3.731483871894E-11
AR GRAC 2024 06 02 03 48 40.000000 2   1.276615618773E-11  2.228718598563E-11
AR GRAC 2024 06 02 03 48 50.000000 2   1.224642349335E-11  2.150953026803E-11
AR GRAC 2024 06 02 03 49  0.000000 2   1.071412229769E-11  4.096187278257E-11
AR GRAC 2024 06 02 03 49 10.000000 2   1.384144188155E-11  3.422421374077E-11
AR GRAC 2024 06 02 03 49 20.000000 2   1.305787075689E-11  3.670655793209E-11
AR GRAC 2024 06 02 03 49 30.000000 2   1.352807275923E-11  3.556889852097E-11
AR GRAC 2024 06 02 03 49 40.000000 2   1.315838844135E-11  2.973124177408E-11
AR GRAC 2024 06 02 03 49 50.000000 2   1.310960368039E-11  3.500357989572E-11
