 2.00 C RINEX VERSION / TYPE
 10.00 INTERVAL
 1 AR # / TYPES OF DATA
 END OF HEADER
AR GRAC 2024 06 20 01 50  0.000000 2   1.720546621842E-11  3.252603394954E-11
AR GRAC 2024 06 20 01 50 10.000000 2   2.491327456833E-11  6.529579394537E-12
AR GRAC 2024 06 20 01 50 20.000000 2   2.442633768862E-11  4.555312377308E-11
AR GRAC 2024 06 20 01 50 30.000000 2   2.456531679462E-11  3.837666989748E-11
AR GRAC 2024 06 20 01 50 40.000000 2   2.540403998275E-11  3.516020807837E-11
AR GRAC 2024 06 20 01 50 50.000000 2   2.816143845896E-11  2.388374914508E-11
AR GRAC 2024 06 20 01 51  0.000000 2   2.221088417353E-11  3.757290485684E-12
AR GRAC 2024 06 20 01 51 10.000000 2   2.554371818231E-11  3.972083079118E-11
AR GRAC 2024 06 20 01 51 20.000000 2   2.576295080048E-11  1.907436708581E-11
AR GRAC 2024 06 20 01 51 30.000000 2   3.051438268731E-11  4.135790668269E-11
AR GRAC 2024 06 20 01 51 40.000000 2   2.235629216474E-11  3.148143898346E-11
AR GRAC 2024 06 20 01 51 50.000000 2   2.552305415626E-11  1.325497437504E-11
AR GRAC 2024 06 20 01 52  0.000000 2   2.688714181853E-11  3.283850621982E-11
AR GRAC 2024 06 20 01 52 10.000000 2   2.592372670696E-11  2.168203984410E-11
AR GRAC 2024 06 20 01 52 20.000000 2   2.362551647372E-11  4.144557266827E-11
AR GRAC 2024 06 20 01 52 30.000000 2   3.144264362764E-11  2.210910100831E-11
AR GRAC 2024 06 20 01 52 40.000000 2   2.505895838056E-11  3.189263089731E-11
AR GRAC 2024 06 20 01 52 50.000000 2   3.196394190996E-11  3.176615567813E-11
AR GRAC 2024 06 20 01 53  0.000000 2   2.636260480748E-11  4.037968223680E-11
AR GRAC 2024 06 20 01 53 10.000000 2   2.815865422778E-11  2.247320732285E-11
AR GRAC 2024 06 20 01 53 20.000000 2   2.849799042581E-11  4.580672993693E-11
AR GRAC 2024 06 20 01 53 30.000000 2   2.921454744786E-11  2.956025355050E-11
AR GRAC 2024 06 20 01 53 40.000000 2   2.561188761074E-11  2.304377695606E-11
AR GRAC 2024 06 20 01 53 50.000000 2   2.738793566937E-11  2.850729895199E-11
AR GRAC 2024 06 20 01 54  0.000000 2   3.206298768155E-11  4.321081686909E-11
AR GRAC 2024 06 20 01 54 10.000000 2   2.871195468879E-11  2.094433480815E-11
AR GRAC 2024 06 20 01 54 20.000000 2   3.061170414376E-11  4.095785516300E-11
AR GRAC 2024 06 20 01 54 30.000000 2   2.855505935873E-11  4.369136649696E-11
AR GRAC 2024 06 20 01 54 40.000000 2   3.041154134076E-11  3.225488279246E-11
AR GRAC 2024 06 20 01 54 50.000000 2   2.630978594709E-11  3.970839629330E-11
AR GRAC 2024 06 20 01 55  0.000000 2   3.272463550141E-11  2.303190971276E-11
AR GRAC 2024 06 20 01 55 10.000000 2   3.113550736678E-11  3.009541921228E-11
AR GRAC 2024 06 20 01 55 20.000000 2   2.529443841881E-11  3.048893082447E-11
AR GRAC 2024 06 20 01 55 30.000000 2   2.992435466087E-11  3.108244217565E-11
AR GRAC 2024 06 20 01 55 40.000000 2   2.948566391048E-11  5.160594868103E-11
AR GRAC 2024 06 20 01 55 50.000000 2   2.792528361328E-11  4.777945747381E-11
AR GRAC 2024 06 20 01 56  0.000000 2   3.381014565540E-11  1.096296230879E-11
AR GRAC 2024 06 20 01 56 10.000000 2   2.737246367068E-11  3.308646759348E-11
AR GRAC 2024 06 20 01 56 20.000000 2   2.600674536835E-11  4.724997129668E-11
AR GRAC 2024 06 20 01 56 30.000000 2   2.982107269456E-11  2.941347165830E-11
AR GRAC 2024 06 20 01 56 40.000000 2   3.269849668808E-11  3.768697159900E-11
AR GRAC 2024 06 20 01 56 50.000000 2   3.028666553662E-11  2.788047223645E-11
AR GRAC 2024 06 20 01 57  0.000000 2   3.160230757637E-11  4.129397171426E-11
AR GRAC 2024 06 20 01 57 10.000000 2   2.815571213677E-11  3.192747108360E-11
AR GRAC 2024 06 20 01 57 20.000000 2   2.953985320242E-11  2.935096610202E-11
AR GRAC 2024 06 20 01 57 30.000000 2   3.070830395524E-11  1.977446331680E-11
AR GRAC 2024 06 20 01 57 40.000000 2   2.910144347723E-11  3.983795932028E-11
AR GRAC 2024 06 20 01 57 50.000000 2   3.129726686146E-11  2.837144928713E-11
AR GRAC 2024 06 20 01 58  0.000000 2   2.979822291693E-11  3.571494142096E-11
AR GRAC 2024 06 20 01 58 10.000000 2   2.940630378090E-11  5.395843147293E-11
AR GRAC 2024 06 20 01 58 20.000000 2   2.665663696721E-11  3.874192286424E-11
AR GRAC 2024 06 20 01 58 30.000000 2   3.045482269148E-11  1.724541169590E-11
AR GRAC 2024 06 20 01 58 40.000000 2   2.819843317181E-11  3.129890097098E-11
AR GRAC 2024 06 20 01 58 50.000000 2   3.013983854161E-11  4.819238411113E-11
AR GRAC 2024 06 20 01 59  0.000000 2   3.125505756985E-11  3.487586955342E-11
AR GRAC 2024 06 20 01 59 10.000000 2   3.191036324068E-11  4.330935610142E-11
AR GRAC 2024 06 20 01 59 20.000000 2   2.935148304961E-11  3.818283883517E-11
AR GRAC 2024 06 20 01 59 30.000000 2   3.285312646928E-11  2.147631898708E-11
AR GRAC 2024 06 20 01 59 40.000000 2   2.622927916529E-11  3.862980074709E-11
AR GRAC 2024 06 20 01 59 50.000000 2   3.304058762699E-11  2.595327945609E-11
AR GRAC 2024 06 20 02 00  0.000000 2   3.200784776114E-11  2.913675897775E-11
AR GRAC 2024 06 20 02 00 10.000000 2   3.066196602175E-11  3.338023607524E-11
AR GRAC 2024 06 20 02 00 20.000000 2   2.361407423768E-11  3.518371011202E-11
AR GRAC 2024 06 20 02 00 30.000000 2   3.016618205232E-11  3.112718763298E-11
AR GRAC 2024 06 20 02 00 40.000000 2   2.899668873069E-11  5.177066067508E-11
AR GRAC 2024 06 20 02 00 50.000000 2   3.309256688122E-11  3.832413206228E-11
AR GRAC 2024 06 20 02 01  0.000000 2   3.093711051227E-11  9.087604800617E-12
AR GRAC 2024 06 20 02 01 10.000000 2   2.977506782798E-11  4.231107478270E-11
AR GRAC 2024 06 20 02 01 20.000000 2   3.039283061335E-11  4.216454616013E-11
AR GRAC 2024 06 20 02 01 30.000000 2   3.174711882270E-11  2.371801366419E-11
AR GRAC 2024 06 20 02 01 40.000000 2   3.022834066391E-11  3.086148003817E-11
AR GRAC 2024 06 20 02 01 50.000000 2   3.019595337661E-11  3.788494518098E-11
AR GRAC 2024 06 20 02 02  0.000000 2   3.150821617504E-11  3.975840837112E-11
AR GRAC 2024 06 20 02 02 10.000000 2   3.456752592501E-11  3.066187234668E-11
AR GRAC 2024 06 20 02 02 20.000000 2   3.133621487295E-11  3.264533435243E-11
AR GRAC 2024 06 20 02 02 30.000000 2   3.031204801052E-11  3.457879468871E-11
AR GRAC 2024 06 20 02 02 40.000000 2   2.629036051360E-11  2.347225712407E-11
AR GRAC 2024 06 20 02 02 50.000000 2   2.713050444025E-11  4.899571720562E-11
AR GRAC 2024 06 20 02 03  0.000000 2   3.142206286832E-11  3.178917198920E-11
AR GRAC 2024 06 20 02 03 10.000000 2   3.369050524671E-11  4.467263017838E-11
AR GRAC 2024 06 20 02 03 20.000000 2   3.168460632752E-11  3.940608603314E-11
AR GRAC 2024 06 20 02 03 30.000000 2   2.663507435441E-11  3.663954209476E-11
AR GRAC 2024 06 20 02 03 40.000000 2   2.773881818685E-11  1.979299363297E-11
AR GRAC 2024 06 20 02 03 50.000000 2   3.107469837005E-11  4.231644548658E-11
AR GRAC 2024 06 20 02 04  0.000000 2   3.247486654590E-11  3.849989424487E-11
AR GRAC 2024 06 20 02 04 10.000000 2   2.777520401176E-11  3.799334805099E-11
AR GRAC 2024 06 20 02 04 20.000000 2   3.347202723325E-11  3.214679564212E-11
AR GRAC 2024 06 20 02 04 30.000000 2   3.338857315627E-11  2.261024180383E-11
AR GRAC 2024 06 20 02 04 40.000000 2   3.077961496789E-11  3.642368698320E-11
AR GRAC 2024 06 20 02 04 50.000000 2   2.701097331914E-11  4.040713597053E-11
AR GRAC 2024 06 20 02 05  0.000000 2   2.955725247888E-11  3.993057967611E-11
AR GRAC 2024 06 20 02 05 10.000000 2   3.015580840593E-11  4.299402153740E-11
AR GRAC 2024 06 20 02 05 20.000000 2   2.854125789875E-11  2.651746357218E-11
AR GRAC 2024 06 20 02 05 30.000000 2   3.005142662493E-11  3.297090378496E-11
AR GRAC 2024 06 20 02 05 40.000000 2   3.079029045616E-11  3.165434234176E-11
AR GRAC 2024 06 20 02 05 50.000000 2   3.113577798364E-11  3.948778110052E-11
AR GRAC 2024 06 20 02 06  0.000000 2   3.116030697359E-11  4.105121798048E-11
AR GRAC 2024 06 20 02 06 10.000000 2   2.581133223822E-11  3.764465475453E-11
AR GRAC 2024 06 20 02 06 20.000000 2   3.160688724635E-11  3.365809020384E-11
AR GRAC 2024 06 20 02 06 30.000000 2   2.790817403564E-11  2.947152591415E-11
AR GRAC 2024 06 20 02 06 40.000000 2   3.165331885491E-11  4.299495481863E-11
AR GRAC 2024 06 20 02 06 50.000000 2   2.764876869121E-11  2.864838748173E-11
AR GRAC 2024 06 20 02 07  0.000000 2   3.100606923989E-11  2.961181647110E-11
AR GRAC 2024 06 20 02 07 10.000000 2   2.843369290018E-11  3.077524693418E-11
AR GRAC 2024 06 20 02 07 20.000000 2   3.459809175266E-11  3.337867482411E-11
AR GRAC 2024 06 20 02 07 30.000000 2   2.723879628796E-11  3.040210097560E-11
AR GRAC 2024 06 20 02 07 40.000000 2   3.234145937170E-11  3.491552880153E-11
AR GRAC 2024 06 20 02 07 50.000000 2   2.459183204295E-11  3.122895345098E-11
AR GRAC 2024 06 20 02 08  0.000000 2   2.916865707303E-11  3.653237781731E-11
AR GRAC 2024 06 20 02 08 10.000000 2   2.838700455254E-11  2.557579842355E-11
AR GRAC 2024 06 20 02 08 20.000000 2   2.758066518227E-11  3.548922267171E-11
AR GRAC 2024 06 20 02 08 30.000000 2   2.657020263530E-11  3.211263893688E-11
AR GRAC 2024 06 20 02 08 40.000000 2   2.866150719538E-11  3.336605991500E-11
AR GRAC 2024 06 20 02 08 50.000000 2   2.776472107779E-11  3.971947770687E-11
AR GRAC 2024 06 20 02 09  0.000000 2   2.573950774742E-11  3.602289300186E-11
AR GRAC 2024 06 20 02 09 10.000000 2   2.482310884622E-11  3.382630633930E-11
AR GRAC 2024 06 20 02 09 20.000000 2   2.683016829541E-11  2.771972235083E-11
AR GRAC 2024 06 20 02 09 30.000000 2   2.926825101723E-11  3.234313511458E-11
AR GRAC 2024 06 20 02 09 40.000000 2   3.221919953056E-11  2.495654898016E-11
AR GRAC 2024 06 20 02 09 50.000000 2   2.504490885513E-11  3.838995787930E-11
AR GRAC 2024 06 20 02 10  0.000000 2   2.551571280651E-11  3.861336944633E-11
AR GRAC 2024 06 20 02 10 10.000000 2   2.722386725773E-11  2.342677787870E-11
AR GRAC 2024 06 20 02 10 20.000000 2   2.316975604433E-11  2.675018540010E-11
AR GRAC 2024 06 20 02 10 30.000000 2   2.455918975131E-11  3.270358983620E-11
AR GRAC 2024 06 20 02 10 40.000000 2   2.214811493928E-11  3.324699543450E-11
AR GRAC 2024 06 20 02 10 50.000000 2   2.754176921249E-11  3.453040284263E-11
AR GRAC 2024 06 20 02 11  0.000000 2   2.652789272972E-11  2.476380385474E-11
AR GRAC 2024 06 20 02 11 10.000000 2   3.046449550959E-11  3.278720350774E-11
AR GRAC 2024 06 20 02 11 20.000000 2   2.799395958097E-11  3.444060661661E-11
AR GRAC 2024 06 20 02 11 30.000000 2   2.502116396019E-11  2.684400444986E-11
AR GRAC 2024 06 20 02 11 40.000000 2   2.465701080812E-11  3.591740446729E-11
AR GRAC 2024 06 20 02 11 50.000000 2   2.574644664133E-11  3.775080248403E-11
AR GRAC 2024 06 20 02 12  0.000000 2   1.752547586220E-11  2.997419673578E-11
AR GRAC 2024 06 20 02 12 10.000000 2   2.281647440427E-11  3.321759187158E-11
AR GRAC 2024 06 20 02 12 20.000000 2   2.483629794880E-11  3.184098470999E-11
AR GRAC 2024 06 20 02 12 30.000000 2   2.840852900143E-11  3.456438260607E-11
AR GRAC 2024 06 20 02 12 40.000000 2   2.518989704325E-11  3.272777188146E-11
AR GRAC 2024 06 20 02 12 50.000000 2   2.531729860478E-11  3.039116180936E-11
AR GRAC 2024 06 20 02 13  0.000000 2   2.397496957907E-11  3.022454855839E-11
AR GRAC 2024 06 20 02 13 10.000000 2   2.215875226363E-11  3.277794008438E-11
AR GRAC 2024 06 20 02 13 20.000000 2   2.278258658117E-11  2.966132547910E-11
AR GRAC 2024 06 20 02 13 30.000000 2   2.202327556433E-11  2.902471145372E-11
AR GRAC 2024 06 20 02 13 40.000000 2   2.493694140071E-11  2.443809564434E-11
AR GRAC 2024 06 20 02 13 50.000000 2   2.227358575357E-11  3.348147800675E-11
AR GRAC 2024 06 20 02 14  0.000000 2   2.336107869649E-11  3.787486296813E-11
AR GRAC 2024 06 20 02 14 10.000000 2   2.234773477383E-11  2.071824309335E-11
AR GRAC 2024 06 20 02 14 20.000000 2   2.350702098253E-11  3.144162014079E-11
AR GRAC 2024 06 20 02 14 30.000000 2   1.880971073343E-11  3.561500053206E-11
AR GRAC 2024 06 20 02 14 40.000000 2   1.609186915663E-11  3.075838195254E-11
AR GRAC 2024 06 20 02 14 50.000000 2   2.509190251410E-11  3.289175529164E-11
AR GRAC 2024 06 20 02 15  0.000000 2   1.985195688392E-11  2.103513196960E-11
AR GRAC 2024 06 20 02 15 10.000000 2   2.068925065990E-11  3.211850924112E-11
AR GRAC 2024 06 20 02 15 20.000000 2   2.392941747531E-11  2.100188079002E-11
AR GRAC 2024 06 20 02 15 30.000000 2   1.688510442577E-11  3.476525317625E-11
AR GRAC 2024 06 20 02 15 40.000000 2   2.588847712592E-11  1.881862200792E-11
AR GRAC 2024 06 20 02 15 50.000000 2   2.427221271195E-11  2.351199270001E-11
AR GRAC 2024 06 20 02 16  0.000000 2   1.388579962819E-11  3.825536068480E-11
AR GRAC 2024 06 20 02 16 10.000000 2   2.061367396222E-11  3.726872976895E-11
AR GRAC 2024 06 20 02 16 20.000000 2   1.542374561403E-11  2.915209393328E-11
AR GRAC 2024 06 20 02 16 30.000000 2   1.939982376131E-11  2.230546129744E-11
AR GRAC 2024 06 20 02 16 40.000000 2   1.727355238013E-11  1.594882559353E-11
AR GRAC 2024 06 20 02 16 50.000000 2   1.705256075235E-11  4.493218644375E-11
AR GRAC 2024 06 20 02 17  0.000000 2   1.573733331151E-11  2.066554913305E-11
AR GRAC 2024 06 20 02 17 10.000000 2   1.822993839218E-11  2.617890973444E-11
AR GRAC 2024 06 20 02 17 20.000000 2   1.808038788131E-11  3.701226825026E-11
AR GRAC 2024 06 20 02 17 30.000000 2   1.363906123458E-11  1.833562815468E-11
AR GRAC 2024 06 20 02 17 40.000000 2   1.637186740344E-11  1.628898578521E-11
AR GRAC 2024 06 20 02 17 50.000000 2   1.798395980745E-11  3.748234014833E-11
AR GRAC 2024 06 20 02 18  0.000000 2   1.369241265509E-11  3.984569618698E-11
AR GRAC 2024 06 20 02 18 10.000000 2   1.643482398783E-11  3.586905078512E-11
AR GRAC 2024 06 20 02 18 20.000000 2   1.876204920592E-11  2.734240438229E-11
AR GRAC 2024 06 20 02 18 30.000000 2   1.401670880058E-11  1.758575403354E-11
AR GRAC 2024 06 20 02 18 40.000000 2   2.052857189794E-11  2.870910627284E-11
AR GRAC 2024 06 20 02 18 50.000000 2   1.260235579087E-11  2.407245409952E-11
AR GRAC 2024 06 20 02 19  0.000000 2   1.616574756003E-11  2.378580145346E-11
AR GRAC 2024 06 20 02 19 10.000000 2   1.387981483220E-11  2.279914798620E-11
AR GRAC 2024 06 20 02 19 20.000000 2   1.346029190885E-11  3.148249369533E-11
AR GRAC 2024 06 20 02 19 30.000000 2   1.650253024510E-11  1.755583872720E-11
AR GRAC 2024 06 20 02 19 40.000000 2   1.315632672250E-11  3.376918536468E-11
AR GRAC 2024 06 20 02 19 50.000000 2   1.759637401066E-11  2.118252448446E-11
AR GRAC 2024 06 20 02 20  0.000000 2   1.335882966746E-11  2.127586475054E-11
AR GRAC 2024 06 20 02 20 10.000000 2   1.037256999042E-11  1.587920593626E-11
AR GRAC 2024 06 20 02 20 20.000000 2   1.306115632316E-11  2.568254463264E-11
AR GRAC 2024 06 20 02 20 30.000000 2   1.248148372851E-11  1.352588267084E-11
AR GRAC 2024 06 20 02 20 40.000000 2   8.305134358011E-12  1.146921967121E-11
AR GRAC 2024 06 20 02 20 50.000000 2   6.764406743076E-12  3.114255381353E-11
AR GRAC 2024 06 20 02 21  0.000000 2   1.038868036735E-11  2.928588968554E-11
AR GRAC 2024 06 20 02 21 10.000000 2   1.392946522016E-11  2.435922297206E-11
AR GRAC 2024 06 20 02 21 20.000000 2   6.617114842178E-12  2.101255454356E-11
AR GRAC 2024 06 20 02 21 30.000000 2   9.095561109840E-12  3.774588627770E-11
AR GRAC 2024 06 20 02 21 40.000000 2   1.202710500636E-11  9.579215892730E-12
AR GRAC 2024 06 20 02 21 50.000000 2   1.001684585972E-11  2.532254440857E-11
AR GRAC 2024 06 20 02 22  0.000000 2   1.111936584475E-11  1.895587159462E-11
AR GRAC 2024 06 20 02 22 10.000000 2   5.514456079270E-12  2.204919753723E-11
AR GRAC 2024 06 20 02 22 20.000000 2   7.659605588684E-12  4.199252404136E-11
AR GRAC 2024 06 20 02 22 30.000000 2   1.233394462952E-11  8.785847917248E-12
AR GRAC 2024 06 20 02 22 40.000000 2   9.377856997894E-12  2.934916892849E-11
AR GRAC 2024 06 20 02 22 50.000000 2   1.033714953913E-11  3.320249283845E-11
AR GRAC 2024 06 20 02 23  0.000000 2   9.705831624518E-12  9.395813120594E-12
AR GRAC 2024 06 20 02 23 10.000000 2   1.035906083136E-11  2.802913456890E-11
AR GRAC 2024 06 20 02 23 20.000000 2   8.031676018705E-12  1.718245164206E-11
AR GRAC 2024 06 20 02 23 30.000000 2   4.408077201867E-12  1.264576637849E-11
AR GRAC 2024 06 20 02 23 40.000000 2   7.202180692112E-12  2.656908373866E-11
AR GRAC 2024 06 20 02 23 50.000000 2   6.356796599521E-12  1.862239876194E-11
AR GRAC 2024 06 20 02 24  0.000000 2   4.758872549498E-12  3.202571194350E-11
AR GRAC 2024 06 20 02 24 10.000000 2   6.875714407550E-12  1.312902564443E-11
AR GRAC 2024 06 20 02 24 20.000000 2   5.880918148293E-12  1.454233695269E-11
AR GRAC 2024 06 20 02 24 30.000000 2   4.697200961523E-12  1.014564734308E-11
AR GRAC 2024 06 20 02 24 40.000000 2   6.492585982731E-12  2.510895831531E-11
AR GRAC 2024 06 20 02 24 50.000000 2   2.770676917063E-12  2.967226464534E-11
AR GRAC 2024 06 20 02 25  0.000000 2   4.435654968327E-12  1.772557274571E-11
AR GRAC 2024 06 20 02 25 10.000000 2   4.167793280635E-12  2.339887832103E-11
AR GRAC 2024 06 20 02 25 20.000000 2   4.137886214228E-12  1.580218074448E-11
AR GRAC 2024 06 20 02 25 30.000000 2   5.347284572597E-13  2.560548648112E-11
AR GRAC 2024 06 20 02 25 40.000000 2   4.609162444075E-13  1.932878856969E-11
AR GRAC 2024 06 20 02 25 50.000000 2   1.390999294915E-12  1.546208820702E-11
AR GRAC 2024 06 20 02 26  0.000000 2   7.093969075361E-12  5.075390194925E-12
AR GRAC 2024 06 20 02 26 10.000000 2   5.834428426499E-12  1.036868854665E-11
AR GRAC 2024 06 20 02 26 20.000000 2  -1.061425253246E-12  2.489198604183E-11
AR GRAC 2024 06 20 02 26 30.000000 2   2.855889786810E-12  1.337528265227E-11
AR GRAC 2024 06 20 02 26 40.000000 2   1.457347019755E-13  2.358857727203E-11
AR GRAC 2024 06 20 02 26 50.000000 2   5.730284302619E-12  1.727187143308E-11
AR GRAC 2024 06 20 02 27  0.000000 2   2.147228792340E-12  2.828516761089E-11
AR GRAC 2024 06 20 02 27 10.000000 2   3.188730704113E-15  6.378457657885E-12
AR GRAC 2024 06 20 02 27 20.000000 2   2.450959574185E-12  1.946174991996E-11
AR GRAC 2024 06 20 02 27 30.000000 2  -4.150447780599E-12  2.093503842504E-11
AR GRAC 2024 06 20 02 27 40.000000 2   3.415501605500E-12  2.423832835829E-11
AR GRAC 2024 06 20 02 27 50.000000 2   6.493008713158E-13  1.046161594853E-11
AR GRAC 2024 06 20 02 28  0.000000 2  -6.994506699092E-14  1.280490210392E-11
AR GRAC 2024 06 20 02 28 10.000000 2  -1.522289672790E-12  1.934818624760E-11
AR GRAC 2024 06 20 02 28 20.000000 2   1.012689064550E-12  5.551472042481E-12
AR GRAC 2024 06 20 02 28 30.000000 2  -1.320963412439E-12  1.492475240616E-11
AR GRAC 2024 06 20 02 28 40.000000 2  -1.419344134411E-12  1.305803642299E-11
AR GRAC 2024 06 20 02 28 50.000000 2  -1.565782985040E-12  7.031315200218E-12
AR GRAC 2024 06 20 02 29  0.000000 2   1.131931056048E-13  1.231459552387E-11
AR GRAC 2024 06 20 02 29 10.000000 2  -4.586711219168E-12  2.051787385826E-11
AR GRAC 2024 06 20 02 29 20.000000 2  -8.063356839866E-13  2.559115072631E-11
AR GRAC 2024 06 20 02 29 30.000000 2  -9.047295031206E-12  1.317442682724E-11
AR GRAC 2024 06 20 02 29 40.000000 2  -2.351029527309E-12  5.487701872781E-12
AR GRAC 2024 06 20 02 29 50.000000 2  -4.039199530403E-12  1.163097482909E-11
AR GRAC 2024 06 20 02 30  0.000000 2  -5.739129223942E-12  9.124249099324E-12
AR GRAC 2024 06 20 02 30 10.000000 2  -5.607166640720E-12  2.761751938252E-11
AR GRAC 2024 06 20 02 30 20.000000 2  -5.535299215514E-12  5.370790617798E-12
AR GRAC 2024 06 20 02 30 30.000000 2  -7.704528855179E-12  1.131405993199E-11
AR GRAC 2024 06 20 02 30 40.000000 2  -7.720135294931E-12 -1.826728194708E-13
AR GRAC 2024 06 20 02 30 50.000000 2   1.677816306028E-12  1.516059500162E-11
AR GRAC 2024 06 20 02 31  0.000000 2  -1.042446771266E-11  1.048386117503E-11
AR GRAC 2024 06 20 02 31 10.000000 2  -6.362346413602E-12  1.539712454757E-11
AR GRAC 2024 06 20 02 31 20.000000 2  -8.223091478576E-12 -2.459612591724E-12
AR GRAC 2024 06 20 02 31 30.000000 2  -9.499517492073E-12  4.393651241441E-12
AR GRAC 2024 06 20 02 31 40.000000 2  -7.429386966740E-12  5.746912060817E-12
AR GRAC 2024 06 20 02 31 50.000000 2  -5.951581675406E-12  8.220173673690E-12
AR GRAC 2024 06 20 02 32  0.000000 2  -9.818123744565E-12  1.483343135822E-11
AR GRAC 2024 06 20 02 32 10.000000 2  -2.207827887526E-12  1.119668854160E-11
AR GRAC 2024 06 20 02 32 20.000000 2  -8.487697523984E-12  5.839946581876E-12
AR GRAC 2024 06 20 02 32 30.000000 2  -6.451645641337E-12  8.232028340244E-13
AR GRAC 2024 06 20 02 32 40.000000 2  -4.029898810487E-12  1.866456208338E-12
AR GRAC 2024 06 20 02 32 50.000000 2  -8.833353319637E-12  1.158970922704E-11
AR GRAC 2024 06 20 02 33  0.000000 2  -1.121428904599E-11 -4.207037929832E-12
AR GRAC 2024 06 20 02 33 10.000000 2  -9.964717419264E-12  1.207621242588E-11
AR GRAC 2024 06 20 02 33 20.000000 2  -2.262812333342E-12  7.494616906245E-13
AR GRAC 2024 06 20 02 33 30.000000 2  -8.652780748852E-12  5.172711217694E-12
AR GRAC 2024 06 20 02 33 40.000000 2  -6.523322680640E-12  6.795958327338E-12
AR GRAC 2024 06 20 02 33 50.000000 2  -6.690417751060E-12 -4.079557329971E-14
AR GRAC 2024 06 20 02 34  0.000000 2  -1.158950713176E-11  1.051244855055E-11
AR GRAC 2024 06 20 02 34 10.000000 2  -6.844454690513E-12  2.355694849257E-12
AR GRAC 2024 06 20 02 34 20.000000 2  -1.650646112850E-11  6.489358204444E-13
AR GRAC 2024 06 20 02 34 30.000000 2  -1.621672414409E-11  1.808217811594E-11
AR GRAC 2024 06 20 02 34 40.000000 2  -6.193752108419E-12 -1.118458017174E-11
AR GRAC 2024 06 20 02 34 50.000000 2  -9.706759701578E-12  1.448658575910E-12
AR GRAC 2024 06 20 02 35  0.000000 2  -1.537347853187E-11 -1.142810412275E-11
AR GRAC 2024 06 20 02 35 10.000000 2  -9.895418685846E-12  3.225133484927E-12
AR GRAC 2024 06 20 02 35 20.000000 2  -1.460667871378E-11  1.938371988960E-12
AR GRAC 2024 06 20 02 35 30.000000 2  -1.290957271638E-11 -1.007839558337E-11
AR GRAC 2024 06 20 02 35 40.000000 2  -9.219723942633E-12  3.044838253058E-12
AR GRAC 2024 06 20 02 35 50.000000 2  -1.060649398171E-11 -1.130192814336E-11
AR GRAC 2024 06 20 02 36  0.000000 2  -1.550992147215E-11  2.401302464164E-12
AR GRAC 2024 06 20 02 36 10.000000 2  -1.243425154507E-11  1.974535118743E-12
AR GRAC 2024 06 20 02 36 20.000000 2  -1.113209351089E-11  2.677763826647E-12
AR GRAC 2024 06 20 02 36 30.000000 2  -1.555091472261E-11  1.290990318120E-12
AR GRAC 2024 06 20 02 36 40.000000 2  -1.522802543785E-11 -8.305784011953E-12
AR GRAC 2024 06 20 02 36 50.000000 2  -1.552450529241E-11  6.274428134175E-13
AR GRAC 2024 06 20 02 37  0.000000 2  -1.283013278952E-11  1.095066832352E-11
AR GRAC 2024 06 20 02 37 10.000000 2  -1.640021451976E-11 -5.616108706558E-12
AR GRAC 2024 06 20 02 37 20.000000 2  -1.482241586415E-11 -1.026288689449E-11
AR GRAC 2024 06 20 02 37 30.000000 2  -2.049937997128E-11 -2.419663211115E-12
AR GRAC 2024 06 20 02 37 40.000000 2  -1.139247116783E-11 -2.046444394152E-12
AR GRAC 2024 06 20 02 37 50.000000 2  -1.050564236299E-11 -1.418322403968E-11
AR GRAC 2024 06 20 02 38  0.000000 2  -1.478044249492E-11 -2.900087125741E-13
AR GRAC 2024 06 20 02 38 10.000000 2  -1.674822086573E-11 -1.698679044648E-11
AR GRAC 2024 06 20 02 38 20.000000 2  -1.405947060162E-11  2.696425331281E-12
AR GRAC 2024 06 20 02 38 30.000000 2  -1.746932459801E-11 -2.940361062270E-12
AR GRAC 2024 06 20 02 38 40.000000 2  -1.498390994614E-11 -3.557149366729E-12
AR GRAC 2024 06 20 02 38 50.000000 2  -1.315139403629E-11 -2.246393522587E-11
AR GRAC 2024 06 20 02 39  0.000000 2  -1.769044459532E-11  7.839276103261E-12
AR GRAC 2024 06 20 02 39 10.000000 2  -1.881124596370E-11 -1.760751267010E-11
AR GRAC 2024 06 20 02 39 20.000000 2  -1.449140200199E-11 -5.944306245148E-12
AR GRAC 2024 06 20 02 39 30.000000 2  -1.984862274540E-11  6.358901252779E-12
AR GRAC 2024 06 20 02 39 40.000000 2  -1.638371209534E-11 -1.247891004939E-12
AR GRAC 2024 06 20 02 39 50.000000 2  -1.436642037972E-11 -2.861468874349E-11
AR GRAC 2024 06 20 02 40  0.000000 2  -1.768962060167E-11 -9.921482906072E-12
AR GRAC 2024 06 20 02 40 10.000000 2  -1.691755242839E-11 -1.448280406192E-12
AR GRAC 2024 06 20 02 40 20.000000 2  -1.426365275892E-11 -1.693507833966E-11
AR GRAC 2024 06 20 02 40 30.000000 2  -1.749833611342E-11 -3.281878241390E-12
AR GRAC 2024 06 20 02 40 40.000000 2  -1.204564226143E-11 -2.002867836859E-11
AR GRAC 2024 06 20 02 40 50.000000 2  -2.023251184646E-11 -8.955478719708E-12
AR GRAC 2024 06 20 02 41  0.000000 2  -1.908969163300E-11 -2.202228330250E-11
AR GRAC 2024 06 20 02 41 10.000000 2  -1.941904970160E-11  1.330913786297E-12
AR GRAC 2024 06 20 02 41 20.000000 2  -1.725207129932E-11 -1.155589339497E-11
AR GRAC 2024 06 20 02 41 30.000000 2  -1.793452886201E-11 -1.105269868684E-11
AR GRAC 2024 06 20 02 41 40.000000 2  -1.617322421821E-11 -1.506950640662E-11
AR GRAC 2024 06 20 02 41 50.000000 2  -1.991254557077E-11 -1.057631413004E-11
AR GRAC 2024 06 20 02 42  0.000000 2  -1.607449763574E-11 -2.568312229556E-11
AR GRAC 2024 06 20 02 42 10.000000 2  -2.572234786280E-11 -2.639933627605E-12
AR GRAC 2024 06 20 02 42 20.000000 2  -1.412444033261E-11 -2.324674654164E-11
AR GRAC 2024 06 20 02 42 30.000000 2  -2.539713231386E-11 -2.197356012423E-11
AR GRAC 2024 06 20 02 42 40.000000 2  -1.735980456607E-11 -1.104037347655E-11
AR GRAC 2024 06 20 02 42 50.000000 2  -1.774435633151E-11 -1.874718956463E-11
AR GRAC 2024 06 20 02 43  0.000000 2  -1.919464760747E-11 -1.715400391178E-11
AR GRAC 2024 06 20 02 43 10.000000 2  -1.797992831010E-11 -1.437082397526E-11
AR GRAC 2024 06 20 02 43 20.000000 2  -2.070730392711E-11 -2.181763970877E-11
AR GRAC 2024 06 20 02 43 30.000000 2  -2.000769515342E-11 -1.399446183936E-11
AR GRAC 2024 06 20 02 43 40.000000 2  -1.832665963430E-11 -1.349128361111E-11
AR GRAC 2024 06 20 02 43 50.000000 2  -2.438721447007E-11 -2.030810415665E-11
AR GRAC 2024 06 20 02 44  0.000000 2  -2.430950232779E-11 -1.603492685853E-11
AR GRAC 2024 06 20 02 44 10.000000 2  -1.862350378079E-11 -1.511175039270E-11
AR GRAC 2024 06 20 02 44 20.000000 2  -2.282359197470E-11 -2.240857673030E-11
AR GRAC 2024 06 20 02 44 30.000000 2  -2.166071141896E-11 -1.670540615561E-11
AR GRAC 2024 06 20 02 44 40.000000 2  -2.029451606766E-11 -2.129223186653E-11
AR GRAC 2024 06 20 02 44 50.000000 2  -1.850842049067E-11 -2.468905982433E-11
AR GRAC 2024 06 20 02 45  0.000000 2  -1.900172033609E-11 -1.644589499306E-11
AR GRAC 2024 06 20 02 45 10.000000 2  -2.034927781835E-11 -2.342272209521E-11
AR GRAC 2024 06 20 02 45 20.000000 2  -2.393664259859E-11 -2.354955466743E-11
AR GRAC 2024 06 20 02 45 30.000000 2  -1.941941399353E-11 -1.024638880687E-11
AR GRAC 2024 06 20 02 45 40.000000 2  -2.074893902526E-11 -3.362322226197E-11
AR GRAC 2024 06 20 02 45 50.000000 2  -2.515837885242E-11 -1.164005957593E-11
AR GRAC 2024 06 20 02 46  0.000000 2  -2.163984096082E-11 -3.192689515541E-11
AR GRAC 2024 06 20 02 46 10.000000 2  -2.082715076790E-11 -1.534373496315E-11
AR GRAC 2024 06 20 02 46 20.000000 2  -2.241177209095E-11 -2.163057580273E-11
AR GRAC 2024 06 20 02 46 30.000000 2  -1.855667529360E-11 -2.958741585068E-11
AR GRAC 2024 06 20 02 46 40.000000 2  -2.587751887773E-11 -2.934425619161E-11
AR GRAC 2024 06 20 02 46 50.000000 2  -2.561447755289E-11 -2.317109872030E-11
AR GRAC 2024 06 20 02 47  0.000000 2  -2.029463229414E-11 -3.599794073939E-11
AR GRAC 2024 06 20 02 47 10.000000 2  -2.377377635032E-11 -2.208478885879E-11
AR GRAC 2024 06 20 02 47 20.000000 2  -1.972029657626E-11 -2.454163608445E-11
AR GRAC 2024 06 20 02 47 30.000000 2  -1.917075352631E-11 -3.145848165298E-11
AR GRAC 2024 06 20 02 47 40.000000 2  -2.303895269007E-11 -2.168532887981E-11
AR GRAC 2024 06 20 02 47 50.000000 2  -1.633267306123E-11 -2.505217734650E-11
AR GRAC 2024 06 20 02 48  0.000000 2  -3.119413061192E-11 -1.245903293728E-11
AR GRAC 2024 06 20 02 48 10.000000 2  -2.487919245620E-11 -2.525588418956E-11
AR GRAC 2024 06 20 02 48 20.000000 2  -2.334212684252E-11 -2.353273652334E-11
AR GRAC 2024 06 20 02 48 30.000000 2  -1.934332728715E-11 -3.600959114225E-11
AR GRAC 2024 06 20 02 48 40.000000 2  -2.748348423842E-11 -3.008645069191E-11
AR GRAC 2024 06 20 02 48 50.000000 2  -2.004535079592E-11 -1.576330212194E-11
AR GRAC 2024 06 20 02 49  0.000000 2  -2.186727708631E-11 -3.216015648233E-11
AR GRAC 2024 06 20 02 49 10.000000 2  -2.322471381877E-11 -1.603701893504E-11
AR GRAC 2024 06 20 02 49 20.000000 2  -2.431822798687E-11 -2.511388146054E-11
AR GRAC 2024 06 20 02 49 30.000000 2  -1.964749717087E-11 -1.306074085689E-11
AR GRAC 2024 06 20 02 49 40.000000 2  -2.081416809740E-11 -3.470760137625E-11
AR GRAC 2024 06 20 02 49 50.000000 2  -2.055592501771E-11 -3.942446369365E-11
AR GRAC 2024 06 20 02 50  0.000000 2  -2.243938715396E-11 -3.072132825910E-11
AR GRAC 2024 06 20 02 50 10.000000 2  -2.402802956603E-11 -2.387819456051E-11
AR GRAC 2024 06 20 02 50 20.000000 2  -2.359979399402E-11 -3.611506232959E-11
AR GRAC 2024 06 20 02 50 30.000000 2  -2.235476560808E-11 -2.528192932783E-11
AR GRAC 2024 06 20 02 50 40.000000 2  -2.171012328245E-11 -2.877880225793E-11
AR GRAC 2024 06 20 02 50 50.000000 2  -1.963422480156E-11 -2.623566641713E-11
AR GRAC 2024 06 20 02 51  0.000000 2  -2.276847287097E-11 -1.146253925111E-11
AR GRAC 2024 06 20 02 51 10.000000 2  -2.028856249670E-11 -3.503941581329E-11
AR GRAC 2024 06 20 02 51 20.000000 2  -2.392668355111E-11 -2.098628562597E-11
AR GRAC 2024 06 20 02 51 30.000000 2  -2.126450057705E-11 -3.124316430569E-11
AR GRAC 2024 06 20 02 51 40.000000 2  -2.491244883995E-11 -1.172003900179E-11
AR GRAC 2024 06 20 02 51 50.000000 2  -2.273758785420E-11 -3.349691704568E-11
AR GRAC 2024 06 20 02 52  0.000000 2  -2.153548693540E-11 -2.114379331342E-11
AR GRAC 2024 06 20 02 52 10.000000 2  -2.144401670123E-11 -3.583067523238E-11
AR GRAC 2024 06 20 02 52 20.000000 2  -2.189778740280E-11 -3.291755409918E-11
AR GRAC 2024 06 20 02 52 30.000000 2  -2.120214941115E-11 -1.794443239833E-11
AR GRAC 2024 06 20 02 52 40.000000 2  -2.475601668106E-11 -3.185131325356E-11
AR GRAC 2024 06 20 02 52 50.000000 2  -2.137318273754E-11 -2.563820336587E-11
AR GRAC 2024 06 20 02 53  0.000000 2  -2.474809940312E-11 -2.037508356478E-11
AR GRAC 2024 06 20 02 53 10.000000 2  -2.057988675308E-11 -3.188197275628E-11
AR GRAC 2024 06 20 02 53 20.000000 2  -2.396073617295E-11 -2.660886268269E-11
AR GRAC 2024 06 20 02 53 30.000000 2  -2.368089752069E-11 -2.776574456465E-11
AR GRAC 2024 06 20 02 53 40.000000 2  -2.031834249461E-11 -3.508264165286E-11
AR GRAC 2024 06 20 02 53 50.000000 2  -2.346869053260E-11 -2.725952623350E-11
AR GRAC 2024 06 20 02 54  0.000000 2  -2.179644659206E-11 -3.229642248082E-11
AR GRAC 2024 06 20 02 54 10.000000 2  -2.226753677281E-11 -2.023331328871E-11
AR GRAC 2024 06 20 02 54 20.000000 2  -2.331103539366E-11 -3.341020862746E-11
AR GRAC 2024 06 20 02 54 30.000000 2  -1.815752236067E-11 -3.950710245060E-11
AR GRAC 2024 06 20 02 54 40.000000 2  -1.964484998285E-11 -1.350399913419E-11
AR GRAC 2024 06 20 02 54 50.000000 2  -2.333407946031E-11 -3.516089849831E-11
AR GRAC 2024 06 20 02 55  0.000000 2  -2.458538754524E-11 -3.971779502510E-11
AR GRAC 2024 06 20 02 55 10.000000 2  -2.247535317579E-11 -3.621469790716E-11
AR GRAC 2024 06 20 02 55 20.000000 2  -2.238223842377E-11 -3.106159426891E-11
AR GRAC 2024 06 20 02 55 30.000000 2  -2.498753981506E-11 -2.582849732702E-11
AR GRAC 2024 06 20 02 55 40.000000 2  -2.022599969453E-11 -2.390540022879E-11
AR GRAC 2024 06 20 02 55 50.000000 2  -2.152548625456E-11 -3.370230483579E-11
AR GRAC 2024 06 20 02 56  0.000000 2  -2.463383663720E-11 -3.334921575004E-11
AR GRAC 2024 06 20 02 56 10.000000 2  -2.192061809847E-11 -2.848611797834E-11
AR GRAC 2024 06 20 02 56 20.000000 2  -2.387154710015E-11 -2.959302594641E-11
AR GRAC 2024 06 20 02 56 30.000000 2  -1.801202589857E-11 -3.343993137950E-11
AR GRAC 2024 06 20 02 56 40.000000 2  -1.847912968478E-11 -2.846684520053E-11
AR GRAC 2024 06 20 02 56 50.000000 2  -1.671781289792E-11 -2.961375936139E-11
AR GRAC 2024 06 20 02 57  0.000000 2  -2.545822753997E-11 -2.110067155725E-11
AR GRAC 2024 06 20 02 57 10.000000 2  -2.113375620338E-11 -2.969757773030E-11
AR GRAC 2024 06 20 02 57 20.000000 2  -2.342111747600E-11 -2.955449773800E-11
AR GRAC 2024 06 20 02 57 30.000000 2  -2.295747099368E-11 -3.191141448311E-11
AR GRAC 2024 06 20 02 57 40.000000 2  -2.079604023708E-11 -3.005833082437E-11
AR GRAC 2024 06 20 02 57 50.000000 2  -1.817247567704E-11 -2.958524397689E-11
AR GRAC 2024 06 20 02 58  0.000000 2  -2.150676164936E-11 -1.397217064270E-11
AR GRAC 2024 06 20 02 58 10.000000 2  -1.975978408675E-11 -3.192909478478E-11
AR GRAC 2024 06 20 02 58 20.000000 2  -2.403149901298E-11 -1.854600847895E-11
AR GRAC 2024 06 20 02 58 30.000000 2  -2.213619738900E-11 -3.120293606829E-11
AR GRAC 2024 06 20 02 58 40.000000 2  -1.899289059359E-11 -2.683985499130E-11
AR GRAC 2024 06 20 02 58 50.000000 2  -2.195822516871E-11 -3.198677780980E-11
AR GRAC 2024 06 20 02 59  0.000000 2  -1.942760015361E-11 -3.103370685431E-11
AR GRAC 2024 06 20 02 59 10.000000 2  -1.700855081777E-11 -1.621063699941E-11
AR GRAC 2024 06 20 02 59 20.000000 2  -1.898621711238E-11 -3.357756780953E-11
AR GRAC 2024 06 20 02 59 30.000000 2  -1.920725904714E-11 -1.886449156607E-11
AR GRAC 2024 06 20 02 59 40.000000 2  -1.889829612245E-11 -4.445142171017E-11
AR GRAC 2024 06 20 02 59 50.000000 2  -2.581868920049E-11 -2.581835439885E-11
AR GRAC 2024 06 20 03 00  0.000000 2  -1.454326936656E-11 -1.743529105813E-11
AR GRAC 2024 06 20 03 00 10.000000 2  -2.162300373476E-11 -1.177222208604E-11
AR GRAC 2024 06 20 03 00 20.000000 2  -2.072001945019E-11 -2.540915568228E-11
AR GRAC 2024 06 20 03 00 30.000000 2  -1.936809913838E-11 -2.394609510681E-11
AR GRAC 2024 06 20 03 00 40.000000 2  -1.375390686759E-11 -2.708303373233E-11
AR GRAC 2024 06 20 03 00 50.000000 2  -1.789749251579E-11 -2.566997309161E-11
AR GRAC 2024 06 20 03 01  0.000000 2  -1.836481140771E-11 -2.763691012153E-11
AR GRAC 2024 06 20 03 01 10.000000 2  -1.596768203771E-11 -3.298385176098E-11
AR GRAC 2024 06 20 03 01 20.000000 2  -1.607458437192E-11 -2.059079642902E-11
AR GRAC 2024 06 20 03 01 30.000000 2  -1.533072280235E-11 -1.693773767075E-11
AR GRAC 2024 06 20 03 01 40.000000 2  -2.308105095938E-11 -3.347467789072E-11
AR GRAC 2024 06 20 03 01 50.000000 2  -2.053300411642E-11 -1.496162915782E-11
AR GRAC 2024 06 20 03 02  0.000000 2  -1.692400039555E-11 -1.905857589801E-11
AR GRAC 2024 06 20 03 02 10.000000 2  -1.784646215530E-11 -1.634552389274E-11
AR GRAC 2024 06 20 03 02 20.000000 2  -1.908702015885E-11 -2.468246960985E-11
AR GRAC 2024 06 20 03 02 30.000000 2  -1.813040516330E-11 -2.556941811060E-11
AR GRAC 2024 06 20 03 02 40.000000 2  -1.628246669438E-11 -2.368637404271E-11
AR GRAC 2024 06 20 03 02 50.000000 2  -2.396026432816E-11 -2.560332675039E-11
AR GRAC 2024 06 20 03 03  0.000000 2  -1.395789126640E-11 -1.215028078150E-11
AR GRAC 2024 06 20 03 03 10.000000 2  -1.244583342636E-11 -2.393723413929E-11
AR GRAC 2024 06 20 03 03 20.000000 2  -1.444537631873E-11 -1.964419078793E-11
AR GRAC 2024 06 20 03 03 30.000000 2  -1.949725450534E-11 -1.526114477846E-11
AR GRAC 2024 06 20 03 03 40.000000 2  -1.965350278355E-11 -5.128104104551E-12
AR GRAC 2024 06 20 03 03 50.000000 2  -1.817759311129E-11 -2.764506332187E-11
AR GRAC 2024 06 20 03 04  0.000000 2  -1.809395688834E-11 -2.377202601433E-11
AR GRAC 2024 06 20 03 04 10.000000 2  -1.695000910462E-11 -1.578986290676E-12
AR GRAC 2024 06 20 03 04 20.000000 2  -1.787878525783E-11 -6.285949625401E-12
AR GRAC 2024 06 20 03 04 30.000000 2  -1.717428282921E-11 -2.548291612448E-11
AR GRAC 2024 06 20 03 04 40.000000 2  -2.144499335055E-11 -2.869987927867E-11
AR GRAC 2024 06 20 03 04 50.000000 2  -1.603829222208E-11 -1.386684777421E-11
AR GRAC 2024 06 20 03 05  0.000000 2  -1.633419094427E-11  3.316187168617E-12
AR GRAC 2024 06 20 03 05 10.000000 2  -1.855541588436E-11 -1.976078328747E-11
AR GRAC 2024 06 20 03 05 20.000000 2  -1.852468352326E-11 -4.587751619572E-12
AR GRAC 2024 06 20 03 05 30.000000 2  -1.626327371385E-11 -1.527472072438E-11
AR GRAC 2024 06 20 03 05 40.000000 2  -1.749278846774E-11 -1.934169317763E-11
AR GRAC 2024 06 20 03 05 50.000000 2  -1.860245638086E-11 -2.678665015493E-12
AR GRAC 2024 06 20 03 06  0.000000 2  -1.968349441772E-11 -1.208563978061E-11
AR GRAC 2024 06 20 03 06 10.000000 2  -1.558198015061E-11 -7.322616471517E-12
AR GRAC 2024 06 20 03 06 20.000000 2  -1.955974097967E-11 -2.056958943453E-11
AR GRAC 2024 06 20 03 06 30.000000 2  -1.801159048298E-11  6.703429478172E-12
AR GRAC 2024 06 20 03 06 40.000000 2  -9.805586030642E-12 -2.194354767338E-11
AR GRAC 2024 06 20 03 06 50.000000 2  -5.378819785407E-12 -1.408052754254E-11
AR GRAC 2024 06 20 03 07  0.000000 2  -1.393675366085E-11 -8.927508905743E-12
AR GRAC 2024 06 20 03 07 10.000000 2  -3.060063704166E-12 -1.230449162698E-11
AR GRAC 2024 06 20 03 07 20.000000 2  -1.343628940748E-11 -4.541473534042E-12
AR GRAC 2024 06 20 03 07 30.000000 2  -1.037916540908E-11 -1.567845853145E-11
AR GRAC 2024 06 20 03 07 40.000000 2  -4.804352228549E-12  2.134555336306E-12
AR GRAC 2024 06 20 03 07 50.000000 2  -8.429909548191E-12 -3.692432644364E-12
AR GRAC 2024 06 20 03 08  0.000000 2  -7.691767361928E-12 -3.929417988907E-12
AR GRAC 2024 06 20 03 08 10.000000 2  -9.629312971993E-12 -1.295640938287E-11
AR GRAC 2024 06 20 03 08 20.000000 2  -8.583439514709E-12 -6.933399167297E-12
AR GRAC 2024 06 20 03 08 30.000000 2  -9.639973715114E-12  1.839610061505E-12
AR GRAC 2024 06 20 03 08 40.000000 2  -5.734522232070E-12 -1.854738411466E-11
AR GRAC 2024 06 20 03 08 50.000000 2  -4.723542303825E-12  1.464562325582E-11
AR GRAC 2024 06 20 03 09  0.000000 2  -2.967862934578E-12 -9.081371071806E-12
AR GRAC 2024 06 20 03 09 10.000000 2  -9.364182172733E-12  2.101632453136E-12
AR GRAC 2024 06 20 03 09 20.000000 2  -1.708005915521E-12  6.364635814909E-12
AR GRAC 2024 06 20 03 09 30.000000 2  -4.755082612384E-12 -1.276236148012E-11
AR GRAC 2024 06 20 03 09 40.000000 2  -1.407306996631E-12 -3.389362792164E-12
AR GRAC 2024 06 20 03 09 50.000000 2  -3.707545555287E-12 -3.406362214867E-12
AR GRAC 2024 06 20 03 10  0.000000 2  -9.973145356432E-13 -2.343363350588E-12
AR GRAC 2024 06 20 03 10 10.000000 2  -4.446675666570E-12 -6.980365070686E-12
AR GRAC 2024 06 20 03 10 20.000000 2  -6.590434795117E-12 -1.167368827472E-12
AR GRAC 2024 06 20 03 10 30.000000 2  -3.179601547332E-12  3.505625043726E-12
AR GRAC 2024 06 20 03 10 40.000000 2  -3.261138104352E-12 -5.281382102484E-12
AR GRAC 2024 06 20 03 10 50.000000 2  -4.291055358263E-12  7.301610704946E-12
AR GRAC 2024 06 20 03 11  0.000000 2  -2.220129895897E-12  6.884603564322E-12
AR GRAC 2024 06 20 03 11 10.000000 2  -7.372691866736E-13  9.017593095850E-12
AR GRAC 2024 06 20 03 11 20.000000 2  -5.498052642501E-13  6.850582167511E-12
AR GRAC 2024 06 20 03 11 30.000000 2  -3.279636328138E-12  1.118356882795E-11
AR GRAC 2024 06 20 03 11 40.000000 2   9.119403366134E-13 -9.943444505278E-12
AR GRAC 2024 06 20 03 11 50.000000 2  -5.617520771467E-12 -1.325045628775E-11
AR GRAC 2024 06 20 03 12  0.000000 2  -3.690350976193E-13  1.399252762269E-11
AR GRAC 2024 06 20 03 12 10.000000 2   9.856523149748E-13  1.385551135630E-11
AR GRAC 2024 06 20 03 12 20.000000 2  -5.265580181081E-13  9.458493883951E-12
AR GRAC 2024 06 20 03 12 30.000000 2  -2.469162027618E-12 -2.768523474708E-12
AR GRAC 2024 06 20 03 12 40.000000 2  -6.114349478115E-13  1.282445503958E-11
AR GRAC 2024 06 20 03 12 50.000000 2  -1.095297897519E-12  1.335743408243E-11
AR GRAC 2024 06 20 03 13  0.000000 2   3.457733448523E-12  6.740411614276E-12
AR GRAC 2024 06 20 03 13 10.000000 2   1.810286187447E-12  2.223388140266E-12
AR GRAC 2024 06 20 03 13 20.000000 2  -1.829246172938E-12  2.516364287081E-12
AR GRAC 2024 06 20 03 13 30.000000 2   1.577868803497E-12  5.629338575147E-12
AR GRAC 2024 06 20 03 13 40.000000 2   2.885703178149E-12  1.336231212484E-11
AR GRAC 2024 06 20 03 13 50.000000 2  -5.464422317414E-13  3.865283960958E-12
AR GRAC 2024 06 20 03 14  0.000000 2   2.447523954341E-12  9.548253680769E-12
AR GRAC 2024 06 20 03 14 10.000000 2  -2.383225561342E-12  2.341223352340E-12
AR GRAC 2024 06 20 03 14 20.000000 2   2.739756988987E-12  1.653419241798E-11
AR GRAC 2024 06 20 03 14 30.000000 2  -2.951432284334E-12  1.393716045350E-11
AR GRAC 2024 06 20 03 14 40.000000 2   4.056737584746E-12 -7.199873076208E-12
AR GRAC 2024 06 20 03 14 50.000000 2   3.485021949842E-12  1.530309212683E-11
AR GRAC 2024 06 20 03 15  0.000000 2   9.891284839803E-13  2.478605688749E-11
AR GRAC 2024 06 20 03 15 10.000000 2   3.326043650567E-12  1.577901871663E-11
AR GRAC 2024 06 20 03 15 20.000000 2   1.113524550345E-11  8.791981032097E-12
AR GRAC 2024 06 20 03 15 30.000000 2   4.047066935048E-12  1.306494235714E-11
AR GRAC 2024 06 20 03 15 40.000000 2   2.333216302455E-12  4.117900465062E-12
AR GRAC 2024 06 20 03 15 50.000000 2  -2.561036452353E-12  2.437085949714E-11
AR GRAC 2024 06 20 03 16  0.000000 2   4.326732982313E-12  1.459381573921E-11
AR GRAC 2024 06 20 03 16 10.000000 2   3.039128193896E-12  7.196772691676E-12
AR GRAC 2024 06 20 03 16 20.000000 2   4.149978537898E-12  4.509727227070E-12
AR GRAC 2024 06 20 03 16 30.000000 2   8.447244639886E-12  1.630268142705E-11
AR GRAC 2024 06 20 03 16 40.000000 2   1.071624299714E-11  8.625634061177E-12
AR GRAC 2024 06 20 03 16 50.000000 2   6.698843736663E-12  2.281858556274E-11
AR GRAC 2024 06 20 03 17  0.000000 2   6.612039908649E-12  1.033153684132E-11
AR GRAC 2024 06 20 03 17 10.000000 2   8.682747229538E-12  3.090448730259E-11
AR GRAC 2024 06 20 03 17 20.000000 2   5.053161881985E-12  6.237433312906E-12
AR GRAC 2024 06 20 03 17 30.000000 2   7.339549107366E-12  1.445038186332E-11
AR GRAC 2024 06 20 03 17 40.000000 2   4.709055628077E-12  2.741332508216E-11
AR GRAC 2024 06 20 03 17 50.000000 2   1.096977890469E-11  1.158627013775E-11
AR GRAC 2024 06 20 03 18  0.000000 2   5.774776056650E-12  2.876921444128E-11
AR GRAC 2024 06 20 03 18 10.000000 2   9.215635199400E-12  2.396215517675E-11
AR GRAC 2024 06 20 03 18 20.000000 2   9.721081578595E-12  1.255509758658E-11
AR GRAC 2024 06 20 03 18 30.000000 2   1.076788224558E-11  2.237803865823E-11
AR GRAC 2024 06 20 03 18 40.000000 2   1.030174383299E-11  1.277097785163E-11
AR GRAC 2024 06 20 03 18 50.000000 2   7.952801611699E-12  2.415391497923E-11
AR GRAC 2024 06 20 03 19  0.000000 2   1.175994718272E-11  2.439685085898E-11
AR GRAC 2024 06 20 03 19 10.000000 2   6.879117935010E-12  1.725978561462E-11
AR GRAC 2024 06 20 03 19 20.000000 2   1.387086105697E-11  1.371272106282E-11
AR GRAC 2024 06 20 03 19 30.000000 2   8.277293780945E-12  2.291565374957E-11
AR GRAC 2024 06 20 03 19 40.000000 2   1.393699912422E-11  2.448858650583E-11
AR GRAC 2024 06 20 03 19 50.000000 2   9.912283667479E-12  2.459151805800E-11
AR GRAC 2024 06 20 03 20  0.000000 2   1.254368831027E-11  2.302444693236E-11
AR GRAC 2024 06 20 03 20 10.000000 2   1.220573468685E-11  1.818737521697E-11
AR GRAC 2024 06 20 03 20 20.000000 2   9.234024135607E-12  2.012030472787E-11
AR GRAC 2024 06 20 03 20 30.000000 2   1.410667416213E-11  1.529322848914E-11
AR GRAC 2024 06 20 03 20 40.000000 2   1.033429852110E-11  3.863615330446E-11
AR GRAC 2024 06 20 03 20 50.000000 2   1.126573574012E-11  2.390907957728E-11
AR GRAC 2024 06 20 03 21  0.000000 2   7.325612338960E-12  2.361200297785E-11
AR GRAC 2024 06 20 03 21 10.000000 2   1.242371917148E-11  2.100492349499E-11
AR GRAC 2024 06 20 03 21 20.000000 2   1.072637118016E-11  2.981784263945E-11
AR GRAC 2024 06 20 03 21 30.000000 2   1.689540694849E-11  2.173076475709E-11
AR GRAC 2024 06 20 03 21 40.000000 2   1.164343187837E-11  2.204368285130E-11
AR GRAC 2024 06 20 03 21 50.000000 2   1.735540183789E-11  2.109660016125E-11
AR GRAC 2024 06 20 03 22  0.000000 2   1.200550856645E-11  2.327951546810E-11
AR GRAC 2024 06 20 03 22 10.000000 2   1.513377097251E-11  2.336243004608E-11
AR GRAC 2024 06 20 03 22 20.000000 2   1.372073808736E-11  2.151534506112E-11
AR GRAC 2024 06 20 03 22 30.000000 2   1.263793930617E-11  1.324825839311E-11
AR GRAC 2024 06 20 03 22 40.000000 2   1.654005751806E-11  2.965116693843E-11
AR GRAC 2024 06 20 03 22 50.000000 2   1.384859414644E-11  2.515408020765E-11
AR GRAC 2024 06 20 03 23  0.000000 2   1.924041481693E-11  2.686698953591E-11
AR GRAC 2024 06 20 03 23 10.000000 2   2.000283619297E-11  2.468989596105E-11
AR GRAC 2024 06 20 03 23 20.000000 2   1.473947700004E-11  2.347280356196E-11
AR GRAC 2024 06 20 03 23 30.000000 2   1.462146723141E-11  1.824571049802E-11
AR GRAC 2024 06 20 03 23 40.000000 2   1.388884927206E-11  2.072861327029E-11
AR GRAC 2024 06 20 03 23 50.000000 2   1.938543596480E-11  2.910151807034E-11
AR GRAC 2024 06 20 03 24  0.000000 2   1.734576891843E-11  2.609441829282E-11
AR GRAC 2024 06 20 03 24 10.000000 2   1.474140254309E-11  3.015732108480E-11
AR GRAC 2024 06 20 03 24 20.000000 2   2.027305927299E-11  1.397022254823E-11
AR GRAC 2024 06 20 03 24 30.000000 2   1.635282707857E-11  2.406312128722E-11
AR GRAC 2024 06 20 03 24 40.000000 2   1.488366201119E-11  3.790601860176E-11
AR GRAC 2024 06 20 03 24 50.000000 2   1.810574953853E-11  2.763891546187E-11
AR GRAC 2024 06 20 03 25  0.000000 2   1.799493540289E-11  2.949181177048E-11
AR GRAC 2024 06 20 03 25 10.000000 2   1.595138951482E-11  3.297470629882E-11
AR GRAC 2024 06 20 03 25 20.000000 2   1.769517518624E-11  2.534759901973E-11
AR GRAC 2024 06 20 03 25 30.000000 2   1.782031987252E-11  3.424048891643E-11
AR GRAC 2024 06 20 03 25 40.000000 2   1.596655967162E-11  3.740337900515E-11
AR GRAC 2024 06 20 03 25 50.000000 2   1.758792243789E-11  2.196627081619E-11
AR GRAC 2024 06 20 03 26  0.000000 2   1.881854221064E-11  1.815915993963E-11
AR GRAC 2024 06 20 03 26 10.000000 2   2.418701176843E-11  3.883204868771E-11
AR GRAC 2024 06 20 03 26 20.000000 2   1.621317143041E-11  2.862493402034E-11
AR GRAC 2024 06 20 03 26 30.000000 2   1.824012815788E-11  2.195781924341E-11
AR GRAC 2024 06 20 03 26 40.000000 2   1.692688177124E-11  2.576070259885E-11
AR GRAC 2024 06 20 03 26 50.000000 2   2.449510559666E-11  3.001358536703E-11
AR GRAC 2024 06 20 03 27  0.000000 2   1.965342819044E-11  3.888646696315E-11
AR GRAC 2024 06 20 03 27 10.000000 2   1.714066909242E-11  1.804934673943E-11
AR GRAC 2024 06 20 03 27 20.000000 2   2.038621528533E-11  3.302222731372E-11
AR GRAC 2024 06 20 03 27 30.000000 2   1.975438562729E-11  1.573510592656E-11
AR GRAC 2024 06 20 03 27 40.000000 2   1.881091810096E-11  2.655798497786E-11
AR GRAC 2024 06 20 03 27 50.000000 2   2.084392380919E-11  4.535086195467E-11
AR GRAC 2024 06 20 03 28  0.000000 2   1.750413876345E-11  2.261373380219E-11
AR GRAC 2024 06 20 03 28 10.000000 2   1.987305806028E-11  4.106660844716E-11
AR GRAC 2024 06 20 03 28 20.000000 2   1.698106759374E-11  1.918948160096E-11
AR GRAC 2024 06 20 03 28 30.000000 2   2.613266894547E-11  3.492235320368E-11
AR GRAC 2024 06 20 03 28 40.000000 2   2.015360621443E-11  3.765522268995E-11
AR GRAC 2024 06 20 03 28 50.000000 2   2.213234977233E-11  3.633809225745E-11
AR GRAC 2024 06 20 03 29  0.000000 2   2.135070419074E-11  2.105096132132E-11
AR GRAC 2024 06 20 03 29 10.000000 2   2.266554999242E-11  3.820382551978E-11
AR GRAC 2024 06 20 03 29 20.000000 2   2.140768638748E-11  3.131669229495E-11
AR GRAC 2024 06 20 03 29 30.000000 2   2.133125100168E-11  4.093955729978E-11
AR GRAC 2024 06 20 03 29 40.000000 2   2.014626486468E-11  2.886241939892E-11
AR GRAC 2024 06 20 03 29 50.000000 2   2.287379834154E-11  2.386528474840E-11
AR GRAC 2024 06 20 03 30  0.000000 2   2.099231725949E-11  3.061814343730E-11
AR GRAC 2024 06 20 03 30 10.000000 2   2.037037725999E-11  3.573100496035E-11
AR GRAC 2024 06 20 03 30 20.000000 2   1.778096593574E-11  3.348386151680E-11
AR GRAC 2024 06 20 03 30 30.000000 2   2.027166629004E-11  3.567672199334E-11
AR GRAC 2024 06 20 03 30 40.000000 2   2.067765229874E-11  3.414957899794E-11
AR GRAC 2024 06 20 03 30 50.000000 2   1.786950969140E-11  3.892243125025E-11
AR GRAC 2024 06 20 03 31  0.000000 2   2.136006649334E-11  3.981528648445E-11
AR GRAC 2024 06 20 03 31 10.000000 2   2.139734049666E-11  2.432814193154E-11
AR GRAC 2024 06 20 03 31 20.000000 2   2.155782670432E-11  3.178099450274E-11
AR GRAC 2024 06 20 03 31 30.000000 2   2.739683306607E-11  4.731384728451E-11
AR GRAC 2024 06 20 03 31 40.000000 2   2.366268639364E-11  3.943669349415E-11
AR GRAC 2024 06 20 03 31 50.000000 2   2.050730071868E-11  3.184954383562E-11
AR GRAC 2024 06 20 03 32  0.000000 2   2.036078250445E-11  3.151238991972E-11
AR GRAC 2024 06 20 03 32 10.000000 2   2.686423132559E-11  2.895523751323E-11
AR GRAC 2024 06 20 03 32 20.000000 2   1.637792332310E-11  2.620808257914E-11
AR GRAC 2024 06 20 03 32 30.000000 2   2.440881351207E-11  4.119092567034E-11
AR GRAC 2024 06 20 03 32 40.000000 2   1.735589102991E-11  2.165376905561E-11
AR GRAC 2024 06 20 03 32 50.000000 2   2.141641725073E-11  4.631661026933E-11
AR GRAC 2024 06 20 03 33  0.000000 2   2.611850666301E-11  4.166944914119E-11
AR GRAC 2024 06 20 03 33 10.000000 2   2.380983951666E-11  3.930229058868E-11
AR GRAC 2024 06 20 03 33 20.000000 2   1.824362362568E-11  4.291512978316E-11
AR GRAC 2024 06 20 03 33 30.000000 2   1.721399585375E-11  2.716796579372E-11
AR GRAC 2024 06 20 03 33 40.000000 2   1.750870802508E-11  6.105081024055E-11
AR GRAC 2024 06 20 03 33 50.000000 2   2.521216568852E-11  2.334363778667E-11
AR GRAC 2024 06 20 03 34  0.000000 2   1.807353745831E-11  2.546647268065E-11
AR GRAC 2024 06 20 03 34 10.000000 2   2.696882994702E-11  4.083930416066E-11
AR GRAC 2024 06 20 03 34 20.000000 2   2.137676841096E-11  4.803213729532E-11
AR GRAC 2024 06 20 03 34 30.000000 2   1.780976581489E-11  4.523496507924E-11
AR GRAC 2024 06 20 03 34 40.000000 2   2.119925242294E-11  3.765779701959E-11
AR GRAC 2024 06 20 03 34 50.000000 2   2.010237115657E-11  3.017062294441E-11
AR GRAC 2024 06 20 03 35  0.000000 2   2.083404108955E-11  4.242345016947E-11
AR GRAC 2024 06 20 03 35 10.000000 2   1.976022123706E-11  3.114627653011E-11
AR GRAC 2024 06 20 03 35 20.000000 2   2.277747088164E-11  4.440910139625E-11
AR GRAC 2024 06 20 03 35 30.000000 2   1.740863529720E-11  3.066192438839E-11
AR GRAC 2024 06 20 03 35 40.000000 2   2.037723462189E-11  4.182474852565E-11
AR GRAC 2024 06 20 03 35 50.000000 2   1.834721090332E-11  3.063756540134E-11
AR GRAC 2024 06 20 03 36  0.000000 2   2.180926619855E-11  2.905038709589E-11
AR GRAC 2024 06 20 03 36 10.000000 2   1.999807784647E-11  2.240320776115E-11
AR GRAC 2024 06 20 03 36 20.000000 2   2.135579907359E-11  3.588602678906E-11
AR GRAC 2024 06 20 03 36 30.000000 2   1.964557683198E-11  4.205884251984E-11
AR GRAC 2024 06 20 03 36 40.000000 2   1.724189541141E-11  3.652165375678E-11
AR GRAC 2024 06 20 03 36 50.000000 2   1.198852388890E-11  3.766447223552E-11
AR GRAC 2024 06 20 03 37  0.000000 2   2.280348132544E-11  2.456728570577E-11
AR GRAC 2024 06 20 03 37 10.000000 2   1.763067990213E-11  3.359009598247E-11
AR GRAC 2024 06 20 03 37 20.000000 2   1.579390958295E-11  3.245290841614E-11
AR GRAC 2024 06 20 03 37 30.000000 2   1.983171613040E-11  3.904571804769E-11
AR GRAC 2024 06 20 03 37 40.000000 2   1.869687217548E-11  3.189852548768E-11
AR GRAC 2024 06 20 03 37 50.000000 2   2.056708622855E-11  3.470133555505E-11
AR GRAC 2024 06 20 03 38  0.000000 2   2.153590500376E-11  4.556413926715E-11
AR GRAC 2024 06 20 03 38 10.000000 2   2.264714110689E-11  2.317694647314E-11
AR GRAC 2024 06 20 03 38 20.000000 2   2.143903110596E-11  3.798975023450E-11
AR GRAC 2024 06 20 03 38 30.000000 2   1.672804429698E-11  3.854255109514E-11
AR GRAC 2024 06 20 03 38 40.000000 2   1.617150857669E-11  3.327535469388E-11
AR GRAC 2024 06 20 03 38 50.000000 2   1.863103768485E-11  2.132815452027E-11
AR GRAC 2024 06 20 03 39  0.000000 2   2.143415306355E-11  3.593095265764E-11
AR GRAC 2024 06 20 03 39 10.000000 2   2.266835850973E-11  3.680375101900E-11
AR GRAC 2024 06 20 03 39 20.000000 2   1.632484598890E-11  2.827655123938E-11
AR GRAC 2024 06 20 03 39 30.000000 2   1.751648652515E-11  3.483934668536E-11
AR GRAC 2024 06 20 03 39 40.000000 2   1.798964796573E-11  4.003214079673E-11
AR GRAC 2024 06 20 03 39 50.000000 2   2.118284714303E-11  4.204493350701E-11
AR GRAC 2024 06 20 03 40  0.000000 2   1.784570755059E-11  2.746772774509E-11
AR GRAC 2024 06 20 03 40 10.000000 2   1.168182564570E-11  2.497051870831E-11
AR GRAC 2024 06 20 03 40 20.000000 2   2.061876017145E-11  3.030330847364E-11
AR GRAC 2024 06 20 03 40 30.000000 2   1.812285564673E-11  3.580609767018E-11
AR GRAC 2024 06 20 03 40 40.000000 2   2.101431355317E-11  3.011888655147E-11
AR GRAC 2024 06 20 03 40 50.000000 2   1.858652988462E-11  4.446167392591E-11
AR GRAC 2024 06 20 03 41  0.000000 2   1.891134471244E-11  2.826445848203E-11
AR GRAC 2024 06 20 03 41 10.000000 2   1.787306240508E-11  2.489724398869E-11
AR GRAC 2024 06 20 03 41 20.000000 2   1.639684395205E-11  3.690002817192E-11
AR GRAC 2024 06 20 03 41 30.000000 2   1.541677549510E-11  2.479281016599E-11
AR GRAC 2024 06 20 03 41 40.000000 2   1.800556752307E-11  2.835559044512E-11
AR GRAC 2024 06 20 03 41 50.000000 2   1.349625185915E-11  3.559837147282E-11
AR GRAC 2024 06 20 03 42  0.000000 2   1.614235481395E-11  2.831115029911E-11
AR GRAC 2024 06 20 03 42 10.000000 2   1.624108833531E-11  3.076392612877E-11
AR GRAC 2024 06 20 03 42 20.000000 2   1.394650801095E-11  4.267670591918E-11
AR GRAC 2024 06 20 03 42 30.000000 2   1.892106610279E-11  2.946947894045E-11
AR GRAC 2024 06 20 03 42 40.000000 2   1.652621268999E-11  2.619225496214E-11
AR GRAC 2024 06 20 03 42 50.000000 2   1.092364653593E-11  3.760503020089E-11
AR GRAC 2024 06 20 03 43  0.000000 2   1.286998979610E-11  2.512779914698E-11
AR GRAC 2024 06 20 03 43 10.000000 2   1.401045772453E-11  2.002057200579E-11
AR GRAC 2024 06 20 03 43 20.000000 2   1.357863821383E-11  2.443334076729E-11
AR GRAC 2024 06 20 03 43 30.000000 2   1.111142167859E-11  3.948610882709E-11
AR GRAC 2024 06 20 03 43 40.000000 2   1.546267280883E-11  3.943887577629E-11
AR GRAC 2024 06 20 03 43 50.000000 2   1.542112097741E-11  1.794164296298E-11
AR GRAC 2024 06 20 03 44  0.000000 2   1.087329098287E-11  3.311440704978E-11
AR GRAC 2024 06 20 03 44 10.000000 2   1.229983302709E-11  3.030717343755E-11
AR GRAC 2024 06 20 03 44 20.000000 2   1.656792585070E-11  2.750993530198E-11
AR GRAC 2024 06 20 03 44 30.000000 2   1.357477411729E-11  3.304269705073E-11
AR GRAC 2024 06 20 03 44 40.000000 2   1.471410493448E-11  3.155545616473E-11
AR GRAC 2024 06 20 03 44 50.000000 2   1.172043712083E-11  2.717821627474E-11
AR GRAC 2024 06 20 03 45  0.000000 2   6.734255514340E-12  2.616097616315E-11
AR GRAC 2024 06 20 03 45 10.000000 2   1.825846938919E-11  2.517373462463E-11
AR GRAC 2024 06 20 03 45 20.000000 2   8.227456910204E-12  3.476648829936E-11
AR GRAC 2024 06 20 03 45 30.000000 2   6.017075726561E-12  2.312924504699E-11
AR GRAC 2024 06 20 03 45 40.000000 2   1.328335965528E-11  1.667199711619E-11
AR GRAC 2024 06 20 03 45 50.000000 2   1.273152763770E-11  3.938475240384E-11
AR GRAC 2024 06 20 03 46  0.000000 2   1.029906281785E-11  1.924750289706E-11
AR GRAC 2024 06 20 03 46 10.000000 2   1.487592687921E-11  3.305025003675E-11
AR GRAC 2024 06 20 03 46 20.000000 2   1.088563180568E-11  2.262300069500E-11
AR GRAC 2024 06 20 03 46 30.000000 2   9.730802968955E-12  2.636574986115E-11
AR GRAC 2024 06 20 03 46 40.000000 2   8.693645629776E-12  2.340849736271E-11
AR GRAC 2024 06 20 03 46 50.000000 2   1.279036425383E-11  2.480124265680E-11
AR GRAC 2024 06 20 03 47  0.000000 2   3.304930331141E-12  3.366398826365E-11
AR GRAC 2024 06 20 03 47 10.000000 2   1.050279134496E-11  2.638673134159E-11
AR GRAC 2024 06 20 03 47 20.000000 2   7.288000064554E-12  2.665947497482E-11
AR GRAC 2024 06 20 03 47 30.000000 2   1.192382650950E-11  2.122221495759E-11
AR GRAC 2024 06 20 03 47 40.000000 2   8.584599177353E-12  3.206495485797E-11
AR GRAC 2024 06 20 03 47 50.000000 2   1.417819854577E-11  2.590769265787E-11
AR GRAC 2024 06 20 03 48  0.000000 2   7.537202632857E-12  3.305043391744E-11
AR GRAC 2024 06 20 03 48 10.000000 2   6.037985649660E-12  1.982316914784E-11
AR GRAC 2024 06 20 03 48 20.000000 2   1.220869846191E-11  2.847590392652E-11
AR GRAC 2024 06 20 03 48 30.000000 2   8.727504829942E-12  2.718863849338E-11
AR GRAC 2024 06 20 03 48 40.000000 2   1.015456902592E-11  2.499137181922E-11
AR GRAC 2024 06 20 03 48 50.000000 2   7.786084277317E-12  1.853410307173E-11
AR GRAC 2024 06 20 03 49  0.000000 2   6.214485089723E-12  2.927683442899E-11
AR GRAC 2024 06 20 03 49 10.000000 2   7.963569040315E-12  2.367956525307E-11
AR GRAC 2024 06 20 03 49 20.000000 2   5.692446514161E-12  2.730229237136E-11
AR GRAC 2024 06 20 03 49 30.000000 2   6.518934697608E-12  2.011502076016E-11
AR GRAC 2024 06 20 03 49 40.000000 2   5.003504988804E-12  2.066774702769E-11
AR GRAC 2024 06 20 03 49 50.000000 2   9.036784341665E-12  3.367046919056E-11
