 2.00 C RINEX VERSION / TYPE
 10.00 INTERVAL
 1 AR # / TYPES OF DATA
 END OF HEADER
AR GRAC 2024 06 04 01 50  0.000000 2   2.215898818603E-11  2.014107110260E-11
AR GRAC 2024 06 04 01 50 10.000000 2   1.971155877412E-11  3.800539397081E-11
AR GRAC 2024 06 04 01 50 20.000000 2   1.775472997789E-11  1.137971661347E-11
AR GRAC 2024 06 04 01 50 30.000000 2   1.832914028888E-11  2.693403659826E-11
AR GRAC 2024 06 04 01 50 40.000000 2   2.188673721426E-11  1.084835780235E-11
AR GRAC 2024 06 04 01 50 50.000000 2   1.925072601328E-11  2.076267456574E-11
AR GRAC 2024 06 04 01 51  0.000000 2   2.227005732602E-11  2.308699065257E-11
AR GRAC 2024 06 04 01 51 10.000000 2   1.907278675273E-11  1.710130648203E-11
AR GRAC 2024 06 04 01 51 20.000000 2   1.526037282651E-11  1.589561988979E-11
AR GRAC 2024 06 04 01 51 30.000000 2   1.587388553936E-11  4.519993407337E-11
AR GRAC 2024 06 04 01 51 40.000000 2   1.783290702606E-11  2.584246835621E-12
AR GRAC 2024 06 04 01 51 50.000000 2   1.884731086477E-11  1.930855475507E-11
AR GRAC 2024 06 04 01 52  0.000000 2   1.682833039585E-11  2.689286640600E-11
AR GRAC 2024 06 04 01 52 10.000000 2   1.111997993686E-11  1.938717242300E-11
AR GRAC 2024 06 04 01 52 20.000000 2   1.644811543910E-11  1.911147975986E-11
AR GRAC 2024 06 04 01 52 30.000000 2   1.742610916677E-11  2.357578542111E-11
AR GRAC 2024 06 04 01 52 40.000000 2   1.807808937271E-11  7.440089343225E-12
AR GRAC 2024 06 04 01 52 50.000000 2   1.522688398981E-11  1.043439206566E-11
AR GRAC 2024 06 04 01 53  0.000000 2   9.855841837103E-12  1.580869463114E-11
AR GRAC 2024 06 04 01 53 10.000000 2   1.071052187912E-11  5.872995232498E-12
AR GRAC 2024 06 04 01 53 20.000000 2   1.621514728045E-11  2.229729421932E-11
AR GRAC 2024 06 04 01 53 30.000000 2   7.905552948384E-12  2.070159321743E-11
AR GRAC 2024 06 04 01 53 40.000000 2   1.461166430905E-11  7.155889596155E-12
AR GRAC 2024 06 04 01 53 50.000000 2   1.495431729837E-11  2.408018576205E-11
AR GRAC 2024 06 04 01 54  0.000000 2   6.563611633370E-12  1.140447892373E-11
AR GRAC 2024 06 04 01 54 10.000000 2   7.495012423198E-12  1.847877233174E-11
AR GRAC 2024 06 04 01 54 20.000000 2   1.042942121554E-11  1.543306281382E-11
AR GRAC 2024 06 04 01 54 30.000000 2   6.372125917198E-12  8.207354934564E-12
AR GRAC 2024 06 04 01 54 40.000000 2   1.059764689199E-11  1.017164390910E-11
AR GRAC 2024 06 04 01 54 50.000000 2   5.249760261922E-12  1.631593124496E-11
AR GRAC 2024 06 04 01 55  0.000000 2   8.676749423120E-12  4.460218652746E-12
AR GRAC 2024 06 04 01 55 10.000000 2   9.494678480937E-12  1.676450298027E-11
AR GRAC 2024 06 04 01 55 20.000000 2   3.501829035080E-12  5.187872158773E-13
AR GRAC 2024 06 04 01 55 30.000000 2   8.190981747036E-12  1.135307039352E-11
AR GRAC 2024 06 04 01 55 40.000000 2   7.708379073934E-12 -5.192647960922E-12
AR GRAC 2024 06 04 01 55 50.000000 2   1.088094978702E-11  1.290163201967E-11
AR GRAC 2024 06 04 01 56  0.000000 2   1.404264074814E-12  6.245913508618E-12
AR GRAC 2024 06 04 01 56 10.000000 2   7.750625662106E-12  2.650190830678E-12
AR GRAC 2024 06 04 01 56 20.000000 2   3.719300475241E-12  9.444673775699E-13
AR GRAC 2024 06 04 01 56 30.000000 2   6.075092252172E-12  9.687435315736E-13
AR GRAC 2024 06 04 01 56 40.000000 2   9.422850954371E-13  3.703016625972E-12
AR GRAC 2024 06 04 01 56 50.000000 2   6.253683335067E-12  4.767289861485E-12
AR GRAC 2024 06 04 01 57  0.000000 2   4.115540373772E-12 -3.118436932292E-12
AR GRAC 2024 06 04 01 57 10.000000 2   3.175784722004E-12  3.895832007689E-12
AR GRAC 2024 06 04 01 57 20.000000 2   1.213477452203E-12 -1.549898230591E-12
AR GRAC 2024 06 04 01 57 30.000000 2   5.224844428636E-12 -6.855629345465E-12
AR GRAC 2024 06 04 01 57 40.000000 2   5.549276749922E-12  1.023863459293E-11
AR GRAC 2024 06 04 01 57 50.000000 2  -5.930354812908E-14  5.112901855370E-12
AR GRAC 2024 06 04 01 58  0.000000 2  -2.093390998742E-12  2.847165645609E-12
AR GRAC 2024 06 04 01 58 10.000000 2  -1.678265165728E-12  1.331429107590E-12
AR GRAC 2024 06 04 01 58 20.000000 2  -1.191989107245E-12  2.715690953364E-12
AR GRAC 2024 06 04 01 58 30.000000 2   2.217060953227E-12  7.099501108526E-13
AR GRAC 2024 06 04 01 58 40.000000 2  -8.744509971811E-14  2.104212203785E-12
AR GRAC 2024 06 04 01 58 50.000000 2  -1.865399544901E-12 -2.991530200641E-12
AR GRAC 2024 06 04 01 59  0.000000 2  -4.722951196801E-12  1.102725224501E-12
AR GRAC 2024 06 04 01 59 10.000000 2   1.638853983077E-12  2.076979864138E-12
AR GRAC 2024 06 04 01 59 20.000000 2  -4.012666934838E-12 -8.258766066860E-12
AR GRAC 2024 06 04 01 59 30.000000 2  -7.895607778696E-12 -9.745131134345E-13
AR GRAC 2024 06 04 01 59 40.000000 2  -1.237721080141E-12 -2.650258484893E-12
AR GRAC 2024 06 04 01 59 50.000000 2  -6.859173385526E-12 -6.460085829989E-13
AR GRAC 2024 06 04 02 00  0.000000 2  -8.467167939008E-12  3.068240540111E-12
AR GRAC 2024 06 04 02 00 10.000000 2  -2.738656740622E-12 -5.875125689767E-13
AR GRAC 2024 06 04 02 00 20.000000 2  -7.912125815634E-12  2.767346085359E-13
AR GRAC 2024 06 04 02 00 30.000000 2  -6.565862870761E-12  4.790981413677E-12
AR GRAC 2024 06 04 02 00 40.000000 2  -6.836559530293E-12 -9.447756162476E-13
AR GRAC 2024 06 04 02 00 50.000000 2  -1.004712979480E-11 -1.430531582948E-12
AR GRAC 2024 06 04 02 01  0.000000 2  -6.451251859108E-12 -8.646290280967E-12
AR GRAC 2024 06 04 02 01 10.000000 2  -1.245451658471E-11 -1.365204997661E-11
AR GRAC 2024 06 04 02 01 20.000000 2  -8.658659726712E-12 -1.071781031980E-11
AR GRAC 2024 06 04 02 01 30.000000 2  -1.267487764051E-11 -2.063572836913E-12
AR GRAC 2024 06 04 02 01 40.000000 2  -1.119902087732E-11 -3.739337398750E-12
AR GRAC 2024 06 04 02 01 50.000000 2  -1.106814986884E-11 -4.425101778061E-12
AR GRAC 2024 06 04 02 02  0.000000 2  -1.541740173028E-11 -1.894086623655E-11
AR GRAC 2024 06 04 02 02 10.000000 2  -1.417968693851E-11 -1.521663350879E-11
AR GRAC 2024 06 04 02 02 20.000000 2  -1.251730923774E-11 -1.535240164163E-11
AR GRAC 2024 06 04 02 02 30.000000 2  -1.132864461961E-11 -7.628170664575E-12
AR GRAC 2024 06 04 02 02 40.000000 2  -1.367628232884E-11 -2.095394517621E-11
AR GRAC 2024 06 04 02 02 50.000000 2  -1.725592585489E-11 -6.859712884527E-12
AR GRAC 2024 06 04 02 03  0.000000 2  -1.863700686833E-11 -6.615487671557E-12
AR GRAC 2024 06 04 02 03 10.000000 2  -1.633794488587E-11 -5.011260937465E-12
AR GRAC 2024 06 04 02 03 20.000000 2  -1.260067484382E-11 -1.267703910596E-11
AR GRAC 2024 06 04 02 03 30.000000 2  -1.650945352649E-11 -1.318281508261E-11
AR GRAC 2024 06 04 02 03 40.000000 2  -1.649772506107E-11 -1.299859091891E-11
AR GRAC 2024 06 04 02 03 50.000000 2  -1.576786791413E-11 -1.612437093568E-11
AR GRAC 2024 06 04 02 04  0.000000 2  -1.855779419024E-11 -1.234015407220E-11
AR GRAC 2024 06 04 02 04 10.000000 2  -2.186860761921E-11 -9.465935847663E-12
AR GRAC 2024 06 04 02 04 20.000000 2  -1.777071892417E-11 -1.545171629536E-11
AR GRAC 2024 06 04 02 04 30.000000 2  -1.981833620823E-11 -1.432750185854E-11
AR GRAC 2024 06 04 02 04 40.000000 2  -1.956144274340E-11 -1.803329013894E-11
AR GRAC 2024 06 04 02 04 50.000000 2  -1.925764929467E-11 -1.573907670860E-11
AR GRAC 2024 06 04 02 05  0.000000 2  -2.418351630062E-11 -1.693486149923E-11
AR GRAC 2024 06 04 02 05 10.000000 2  -1.905109923983E-11 -1.913065192372E-11
AR GRAC 2024 06 04 02 05 20.000000 2  -2.517654487666E-11 -2.207644483887E-11
AR GRAC 2024 06 04 02 05 30.000000 2  -2.375185291503E-11 -2.067223475732E-11
AR GRAC 2024 06 04 02 05 40.000000 2  -2.401219674486E-11 -2.022802758628E-11
AR GRAC 2024 06 04 02 05 50.000000 2  -2.088007718115E-11 -1.373382484127E-11
AR GRAC 2024 06 04 02 06  0.000000 2  -2.357028634770E-11 -1.139961996327E-11
AR GRAC 2024 06 04 02 06 10.000000 2  -1.946663490127E-11 -1.327541288704E-11
AR GRAC 2024 06 04 02 06 20.000000 2  -2.674747749676E-11 -2.274121689572E-11
AR GRAC 2024 06 04 02 06 30.000000 2  -2.554816774802E-11 -1.477701121189E-11
AR GRAC 2024 06 04 02 06 40.000000 2  -2.586899271184E-11 -1.437281370309E-11
AR GRAC 2024 06 04 02 06 50.000000 2  -2.361326932598E-11 -2.299861516508E-11
AR GRAC 2024 06 04 02 07  0.000000 2  -2.146767832945E-11 -1.905441776584E-11
AR GRAC 2024 06 04 02 07 10.000000 2  -2.882434742280E-11 -1.667022249408E-11
AR GRAC 2024 06 04 02 07 20.000000 2  -2.219553707494E-11 -1.725602993830E-11
AR GRAC 2024 06 04 02 07 30.000000 2  -2.724763123463E-11 -2.001183767308E-11
AR GRAC 2024 06 04 02 07 40.000000 2  -2.414609484580E-11 -1.550764378022E-11
AR GRAC 2024 06 04 02 07 50.000000 2  -2.777628300976E-11 -1.553345299610E-11
AR GRAC 2024 06 04 02 08  0.000000 2  -3.077699900489E-11 -2.413926523948E-11
AR GRAC 2024 06 04 02 08 10.000000 2  -2.570660177781E-11 -2.320507501430E-11
AR GRAC 2024 06 04 02 08 20.000000 2  -3.300674317197E-11 -1.472088943799E-11
AR GRAC 2024 06 04 02 08 30.000000 2  -3.201438766864E-11 -1.561670237571E-11
AR GRAC 2024 06 04 02 08 40.000000 2  -2.234571555570E-11 -2.458252178206E-11
AR GRAC 2024 06 04 02 08 50.000000 2  -3.409960855350E-11 -1.958833789617E-11
AR GRAC 2024 06 04 02 09  0.000000 2  -3.111520763266E-11 -2.007415587924E-11
AR GRAC 2024 06 04 02 09 10.000000 2  -3.125697964346E-11 -2.054997491618E-11
AR GRAC 2024 06 04 02 09 20.000000 2  -2.761776571325E-11 -2.390579401101E-11
AR GRAC 2024 06 04 02 09 30.000000 2  -3.216968011421E-11 -2.220161901545E-11
AR GRAC 2024 06 04 02 09 40.000000 2  -3.263027695266E-11 -2.688744192569E-11
AR GRAC 2024 06 04 02 09 50.000000 2  -3.237376339227E-11 -2.583326608185E-11
AR GRAC 2024 06 04 02 10  0.000000 2  -3.502623538432E-11 -2.450909093732E-11
AR GRAC 2024 06 04 02 10 10.000000 2  -3.270822501733E-11 -1.835491654500E-11
AR GRAC 2024 06 04 02 10 20.000000 2  -3.298069109481E-11 -1.791074753787E-11
AR GRAC 2024 06 04 02 10 30.000000 2  -3.258694702968E-11 -3.365658099441E-11
AR GRAC 2024 06 04 02 10 40.000000 2  -3.563763520398E-11 -2.060240693325E-11
AR GRAC 2024 06 04 02 10 50.000000 2  -3.325478781235E-11 -2.410823797538E-11
AR GRAC 2024 06 04 02 11  0.000000 2  -3.688371830179E-11 -3.073407153775E-11
AR GRAC 2024 06 04 02 11 10.000000 2  -3.418605329375E-11 -1.238990507413E-11
AR GRAC 2024 06 04 02 11 20.000000 2  -3.826674047080E-11 -3.403574644345E-11
AR GRAC 2024 06 04 02 11 30.000000 2  -3.677097862309E-11  3.842140093493E-14
AR GRAC 2024 06 04 02 11 40.000000 2  -3.574404314199E-11 -8.047415164802E-12
AR GRAC 2024 06 04 02 11 50.000000 2  -3.804553200260E-11 -3.081325819498E-11
AR GRAC 2024 06 04 02 12  0.000000 2  -3.188469280269E-11 -2.548909694422E-11
AR GRAC 2024 06 04 02 12 10.000000 2  -3.874631518408E-11 -2.492493711426E-11
AR GRAC 2024 06 04 02 12 20.000000 2  -3.706778980983E-11 -1.271078207965E-11
AR GRAC 2024 06 04 02 12 30.000000 2  -3.870620490787E-11 -1.739662407185E-11
AR GRAC 2024 06 04 02 12 40.000000 2  -3.837770032322E-11 -3.095246975393E-11
AR GRAC 2024 06 04 02 12 50.000000 2  -4.328713082424E-11 -8.248318694726E-12
AR GRAC 2024 06 04 02 13  0.000000 2  -3.970244272233E-11 -4.007416620766E-11
AR GRAC 2024 06 04 02 13 10.000000 2  -4.127625671813E-11 -2.402001340884E-11
AR GRAC 2024 06 04 02 13 20.000000 2  -3.603557729992E-11 -2.996586659365E-11
AR GRAC 2024 06 04 02 13 30.000000 2  -3.716732477343E-11 -2.805172240328E-11
AR GRAC 2024 06 04 02 13 40.000000 2  -3.920954533276E-11 -3.042757365512E-11
AR GRAC 2024 06 04 02 13 50.000000 2  -3.998289546669E-11 -2.157342707254E-11
AR GRAC 2024 06 04 02 14  0.000000 2  -4.249966351066E-11 -3.312928403831E-11
AR GRAC 2024 06 04 02 14 10.000000 2  -3.952916813321E-11 -2.601513796052E-11
AR GRAC 2024 06 04 02 14 20.000000 2  -3.682459892573E-11 -1.980099764709E-11
AR GRAC 2024 06 04 02 14 30.000000 2  -4.192129282599E-11 -2.159685624781E-11
AR GRAC 2024 06 04 02 14 40.000000 2  -3.695821079730E-11 -4.317272234156E-11
AR GRAC 2024 06 04 02 14 50.000000 2  -4.127633998485E-11 -1.225857870074E-11
AR GRAC 2024 06 04 02 15  0.000000 2  -4.266007339049E-11 -2.400444253092E-11
AR GRAC 2024 06 04 02 15 10.000000 2  -4.064364469980E-11 -1.638030683315E-11
AR GRAC 2024 06 04 02 15 20.000000 2  -4.629720565252E-11 -2.858617682844E-11
AR GRAC 2024 06 04 02 15 30.000000 2  -3.723136035583E-11 -2.218203919158E-11
AR GRAC 2024 06 04 02 15 40.000000 2  -4.635779260465E-11 -1.980790705070E-11
AR GRAC 2024 06 04 02 15 50.000000 2  -3.776755991280E-11 -1.381377564419E-11
AR GRAC 2024 06 04 02 16  0.000000 2  -4.629773647791E-11 -2.650964517348E-11
AR GRAC 2024 06 04 02 16 10.000000 2  -4.734726846700E-11 -2.590552078408E-11
AR GRAC 2024 06 04 02 16 20.000000 2  -4.078367157878E-11 -2.268139322192E-11
AR GRAC 2024 06 04 02 16 30.000000 2  -4.358463243093E-11 -3.283726762726E-11
AR GRAC 2024 06 04 02 16 40.000000 2  -4.724870841799E-11 -1.040314275697E-11
AR GRAC 2024 06 04 02 16 50.000000 2  -4.285693327999E-11 -2.869020342480E-12
AR GRAC 2024 06 04 02 17  0.000000 2  -4.712197992918E-11 -4.446490051158E-11
AR GRAC 2024 06 04 02 17 10.000000 2  -4.145225135366E-11 -4.165077657770E-11
AR GRAC 2024 06 04 02 17 20.000000 2  -4.379755932926E-11 -1.513665755237E-11
AR GRAC 2024 06 04 02 17 30.000000 2  -4.515256224469E-11 -3.639254175791E-11
AR GRAC 2024 06 04 02 17 40.000000 2  -4.381191243130E-11 -1.685842264398E-11
AR GRAC 2024 06 04 02 17 50.000000 2  -4.764061714568E-11 -4.414308328593E-12
AR GRAC 2024 06 04 02 18  0.000000 2  -4.443929599307E-11 -3.554019231689E-11
AR GRAC 2024 06 04 02 18 10.000000 2  -4.432485628536E-11 -4.358607919031E-11
AR GRAC 2024 06 04 02 18 20.000000 2  -4.835654446311E-11 -1.576196811959E-11
AR GRAC 2024 06 04 02 18 30.000000 2  -4.077237159006E-11 -2.580785758710E-11
AR GRAC 2024 06 04 02 18 40.000000 2  -4.506927817061E-11 -2.881375173180E-11
AR GRAC 2024 06 04 02 18 50.000000 2  -4.651824758728E-11 -2.941964033498E-11
AR GRAC 2024 06 04 02 19  0.000000 2  -3.792619343579E-11 -7.565533269305E-12
AR GRAC 2024 06 04 02 19 10.000000 2  -4.510570042471E-11 -3.871142295608E-11
AR GRAC 2024 06 04 02 19 20.000000 2  -4.926288890705E-11 -1.135732220076E-11
AR GRAC 2024 06 04 02 19 30.000000 2  -4.271491146901E-11 -2.693321954350E-11
AR GRAC 2024 06 04 02 19 40.000000 2  -4.495453315156E-11 -2.627911777076E-11
AR GRAC 2024 06 04 02 19 50.000000 2  -4.814474166559E-11 -2.384501797403E-11
AR GRAC 2024 06 04 02 20  0.000000 2  -4.605019490733E-11 -3.189091352107E-11
AR GRAC 2024 06 04 02 20 10.000000 2  -4.213451809676E-11 -8.836820164504E-12
AR GRAC 2024 06 04 02 20 20.000000 2  -4.572722409057E-11 -1.173272156513E-11
AR GRAC 2024 06 04 02 20 30.000000 2  -4.127305094914E-11 -3.516863189557E-11
AR GRAC 2024 06 04 02 20 40.000000 2  -4.678035736561E-11 -3.397453152143E-11
AR GRAC 2024 06 04 02 20 50.000000 2  -4.019297394908E-11 -1.020044031880E-11
AR GRAC 2024 06 04 02 21  0.000000 2  -4.934599256989E-11 -1.674635083382E-11
AR GRAC 2024 06 04 02 21 10.000000 2  -4.692844030041E-11 -9.082256648141E-12
AR GRAC 2024 06 04 02 21 20.000000 2  -3.877607956948E-11 -3.439816487205E-11
AR GRAC 2024 06 04 02 21 30.000000 2  -4.611088594286E-11 -3.035407689089E-11
AR GRAC 2024 06 04 02 21 40.000000 2  -4.794569949396E-11 -1.133999404795E-11
AR GRAC 2024 06 04 02 21 50.000000 2  -4.747624515744E-11 -1.242590665779E-11
AR GRAC 2024 06 04 02 22  0.000000 2  -4.191194960534E-11 -2.655182324007E-11
AR GRAC 2024 06 04 02 22 10.000000 2  -4.164027109232E-11 -1.337773815335E-11
AR GRAC 2024 06 04 02 22 20.000000 2  -4.124322758314E-11 -1.516365852328E-11
AR GRAC 2024 06 04 02 22 30.000000 2  -4.555154517472E-11 -1.887957845614E-11
AR GRAC 2024 06 04 02 22 40.000000 2  -4.542521567230E-11 -2.945549706923E-11
AR GRAC 2024 06 04 02 22 50.000000 2  -4.718889168309E-11 -1.402141770745E-11
AR GRAC 2024 06 04 02 23  0.000000 2  -4.539719988816E-11 -2.778734534137E-11
AR GRAC 2024 06 04 02 23 10.000000 2  -4.484634885671E-11 -1.703326542313E-11
AR GRAC 2024 06 04 02 23 20.000000 2  -4.459604907581E-11 -2.591919213979E-11
AR GRAC 2024 06 04 02 23 30.000000 2  -4.777657783284E-11 -5.005119582679E-12
AR GRAC 2024 06 04 02 23 40.000000 2  -4.025870262159E-11 -2.202104991411E-11
AR GRAC 2024 06 04 02 23 50.000000 2  -4.589130464527E-11 -1.936697503757E-11
AR GRAC 2024 06 04 02 24  0.000000 2  -3.842148127431E-11 -2.669291003510E-11
AR GRAC 2024 06 04 02 24 10.000000 2  -4.146035945118E-11  2.311159727139E-12
AR GRAC 2024 06 04 02 24 20.000000 2  -4.273148154765E-11 -2.956477077043E-11
AR GRAC 2024 06 04 02 24 30.000000 2  -4.233535050302E-11 -2.642070763559E-11
AR GRAC 2024 06 04 02 24 40.000000 2  -4.365169337106E-11 -4.676644054652E-12
AR GRAC 2024 06 04 02 24 50.000000 2  -4.514352086593E-11 -3.316258032071E-11
AR GRAC 2024 06 04 02 25  0.000000 2  -4.770481579208E-11 -1.631851945239E-11
AR GRAC 2024 06 04 02 25 10.000000 2  -3.906205914284E-11 -1.309445520764E-11
AR GRAC 2024 06 04 02 25 20.000000 2  -4.466833847250E-11 -1.417039922902E-11
AR GRAC 2024 06 04 02 25 30.000000 2  -4.280236928778E-11 -6.516341286011E-12
AR GRAC 2024 06 04 02 25 40.000000 2  -4.236039991001E-11 -6.002282438439E-12
AR GRAC 2024 06 04 02 25 50.000000 2  -4.119351387777E-11 -1.274822782060E-11
AR GRAC 2024 06 04 02 26  0.000000 2  -4.287218149934E-11 -2.453417330406E-11
AR GRAC 2024 06 04 02 26 10.000000 2  -4.076429471755E-11 -6.620120250600E-12
AR GRAC 2024 06 04 02 26 20.000000 2  -4.599079797551E-11 -1.608606650660E-11
AR GRAC 2024 06 04 02 26 30.000000 2  -4.260293853808E-11 -7.392015818897E-12
AR GRAC 2024 06 04 02 26 40.000000 2  -3.890063965395E-11 -2.248796808491E-11
AR GRAC 2024 06 04 02 26 50.000000 2  -4.217227608794E-11 -1.492391800417E-11
AR GRAC 2024 06 04 02 27  0.000000 2  -4.396067190826E-11  1.112012652099E-11
AR GRAC 2024 06 04 02 27 10.000000 2  -3.768709302965E-11 -1.313582576046E-11
AR GRAC 2024 06 04 02 27 20.000000 2  -4.656878008213E-11 -6.481780823880E-12
AR GRAC 2024 06 04 02 27 30.000000 2  -4.260673758250E-11 -1.527773740850E-11
AR GRAC 2024 06 04 02 27 40.000000 2  -4.357100791275E-11 -9.863697532364E-12
AR GRAC 2024 06 04 02 27 50.000000 2  -3.906707249368E-11 -1.797965595851E-11
AR GRAC 2024 06 04 02 28  0.000000 2  -4.498017930343E-11 -1.515615324216E-12
AR GRAC 2024 06 04 02 28 10.000000 2  -3.889837063564E-11 -1.240158063048E-11
AR GRAC 2024 06 04 02 28 20.000000 2  -4.189554606016E-11 -1.104754222131E-11
AR GRAC 2024 06 04 02 28 30.000000 2  -3.970588788316E-11  4.736492881935E-12
AR GRAC 2024 06 04 02 28 40.000000 2  -4.008045284554E-11 -1.888946984940E-11
AR GRAC 2024 06 04 02 28 50.000000 2  -3.947847951324E-11  1.034560024454E-12
AR GRAC 2024 06 04 02 29  0.000000 2  -4.003666495556E-11  5.585927228581E-13
AR GRAC 2024 06 04 02 29 10.000000 2  -4.376499510017E-11 -1.606737833060E-11
AR GRAC 2024 06 04 02 29 20.000000 2  -3.787427316215E-11 -3.033477874274E-13
AR GRAC 2024 06 04 02 29 30.000000 2  -3.771608372838E-11  9.720680857472E-12
AR GRAC 2024 06 04 02 29 40.000000 2  -3.442742271820E-11 -2.266529151862E-11
AR GRAC 2024 06 04 02 29 50.000000 2  -3.741310733441E-11  4.318734172365E-12
AR GRAC 2024 06 04 02 30  0.000000 2  -3.856199734531E-11  9.627572176985E-13
AR GRAC 2024 06 04 02 30 10.000000 2  -3.873180942637E-11  7.006782307140E-12
AR GRAC 2024 06 04 02 30 20.000000 2  -3.470577991660E-11 -2.469197589450E-12
AR GRAC 2024 06 04 02 30 30.000000 2  -3.587271799055E-11 -1.979517591510E-11
AR GRAC 2024 06 04 02 30 40.000000 2  -4.323235866521E-11  2.728842542557E-12
AR GRAC 2024 06 04 02 30 50.000000 2  -3.287963304399E-11 -1.157137645251E-12
AR GRAC 2024 06 04 02 31  0.000000 2  -4.003205059111E-11  3.636876824004E-12
AR GRAC 2024 06 04 02 31 10.000000 2  -3.433598197433E-11 -1.691060215036E-13
AR GRAC 2024 06 04 02 31 20.000000 2  -3.711018298214E-11 -3.095092758476E-12
AR GRAC 2024 06 04 02 31 30.000000 2  -3.049816649225E-11 -2.191080433409E-12
AR GRAC 2024 06 04 02 31 40.000000 2  -3.548858776292E-11 -2.146706770678E-11
AR GRAC 2024 06 04 02 31 50.000000 2  -3.527014444393E-11  2.384694351709E-11
AR GRAC 2024 06 04 02 32  0.000000 2  -3.010090440791E-11 -8.769048855106E-12
AR GRAC 2024 06 04 02 32 10.000000 2  -3.994322927969E-11  1.200496212855E-11
AR GRAC 2024 06 04 02 32 20.000000 2  -3.797753431178E-11 -1.159103195369E-11
AR GRAC 2024 06 04 02 32 30.000000 2  -3.162909517629E-11  1.027297257677E-11
AR GRAC 2024 06 04 02 32 40.000000 2  -3.071234239149E-11  9.356977866137E-12
AR GRAC 2024 06 04 02 32 50.000000 2  -3.463027434258E-11 -1.755901847533E-11
AR GRAC 2024 06 04 02 33  0.000000 2  -2.982854588329E-11  1.147498328996E-11
AR GRAC 2024 06 04 02 33 10.000000 2  -2.916454577839E-11  9.558982945468E-12
AR GRAC 2024 06 04 02 33 20.000000 2  -3.796854844418E-11 -1.338701632186E-11
AR GRAC 2024 06 04 02 33 30.000000 2  -3.365218520512E-11  1.813698149999E-11
AR GRAC 2024 06 04 02 33 40.000000 2  -3.231649670088E-11 -6.199021330977E-12
AR GRAC 2024 06 04 02 33 50.000000 2  -3.449234994846E-11  1.234497400138E-11
AR GRAC 2024 06 04 02 34  0.000000 2  -2.913366076163E-11  1.825896898955E-11
AR GRAC 2024 06 04 02 34 10.000000 2  -3.230317402458E-11 -1.568703847377E-11
AR GRAC 2024 06 04 02 34 20.000000 2  -3.064138526243E-11  7.936954045384E-12
AR GRAC 2024 06 04 02 34 30.000000 2  -3.295993686314E-11  1.077094316515E-11
AR GRAC 2024 06 04 02 34 40.000000 2  -3.637492390629E-11 -1.148506550280E-11
AR GRAC 2024 06 04 02 34 50.000000 2  -3.026806583151E-11  2.312892238843E-11
AR GRAC 2024 06 04 02 35  0.000000 2  -3.150533306462E-11  2.542908375189E-12
AR GRAC 2024 06 04 02 35 10.000000 2  -2.748081449899E-11  4.156894880397E-12
AR GRAC 2024 06 04 02 35 20.000000 2  -2.888180666849E-11  8.040879594107E-12
AR GRAC 2024 06 04 02 35 30.000000 2  -2.964225739865E-11  7.454861380984E-12
AR GRAC 2024 06 04 02 35 40.000000 2  -3.047671143230E-11  2.375884385064E-11
AR GRAC 2024 06 04 02 35 50.000000 2  -2.419015508737E-11  4.692825121555E-12
AR GRAC 2024 06 04 02 36  0.000000 2  -2.731698200975E-11  1.063680307029E-11
AR GRAC 2024 06 04 02 36 10.000000 2  -3.127464259789E-11  1.101078343085E-11
AR GRAC 2024 06 04 02 36 20.000000 2  -2.941889093444E-11  9.154758548457E-12
AR GRAC 2024 06 04 02 36 30.000000 2  -2.937068990794E-11  1.105873465718E-11
AR GRAC 2024 06 04 02 36 40.000000 2  -2.500145056261E-11  2.114270911124E-11
AR GRAC 2024 06 04 02 36 50.000000 2  -2.916150307342E-11  1.363668292870E-11
AR GRAC 2024 06 04 02 37  0.000000 2  -2.497952712732E-11  7.190655623018E-12
AR GRAC 2024 06 04 02 37 10.000000 2  -2.796234598035E-11  1.358462387718E-11
AR GRAC 2024 06 04 02 37 20.000000 2  -2.594524421695E-11  1.388859513507E-11
AR GRAC 2024 06 04 02 37 30.000000 2  -2.384785598164E-11  4.842562548873E-12
AR GRAC 2024 06 04 02 37 40.000000 2  -2.849057101351E-11  7.196530264070E-12
AR GRAC 2024 06 04 02 37 50.000000 2  -2.570170638816E-11  1.597049575919E-11
AR GRAC 2024 06 04 02 38  0.000000 2  -2.654069845842E-11  1.216445954383E-11
AR GRAC 2024 06 04 02 38 10.000000 2  -2.521063392769E-11  1.333842238049E-11
AR GRAC 2024 06 04 02 38 20.000000 2  -2.351403446954E-11  1.637238435104E-11
AR GRAC 2024 06 04 02 38 30.000000 2  -2.604404886197E-11  1.499634617874E-11
AR GRAC 2024 06 04 02 38 40.000000 2  -1.999826519661E-11  2.377030516865E-11
AR GRAC 2024 06 04 02 38 50.000000 2  -2.914192498427E-11  2.030426347888E-11
AR GRAC 2024 06 04 02 39  0.000000 2  -2.169423841958E-11 -7.017812980042E-13
AR GRAC 2024 06 04 02 39 10.000000 2  -2.777610953741E-11  2.362217539631E-11
AR GRAC 2024 06 04 02 39 20.000000 2  -1.994475071210E-11  8.776131731059E-12
AR GRAC 2024 06 04 02 39 30.000000 2  -2.188678405179E-11  1.489008222277E-11
AR GRAC 2024 06 04 02 39 40.000000 2  -2.525526662800E-11  6.164036295275E-12
AR GRAC 2024 06 04 02 39 50.000000 2  -2.196567060186E-11  1.296798432526E-11
AR GRAC 2024 06 04 02 40  0.000000 2  -2.130005026524E-11  2.931193482381E-11
AR GRAC 2024 06 04 02 40 10.000000 2  -1.721998932336E-11  3.616588625799E-11
AR GRAC 2024 06 04 02 40 20.000000 2  -1.933845618363E-11  2.089983047737E-11
AR GRAC 2024 06 04 02 40 30.000000 2  -2.341628800584E-11  7.853777524158E-12
AR GRAC 2024 06 04 02 40 40.000000 2  -2.358638284683E-11  1.228772032041E-11
AR GRAC 2024 06 04 02 40 50.000000 2  -1.581006506268E-11  1.848166411578E-11
AR GRAC 2024 06 04 02 41  0.000000 2  -2.097460399808E-11  2.655560667197E-11
AR GRAC 2024 06 04 02 41 10.000000 2  -2.477835298054E-11  1.133954735666E-11
AR GRAC 2024 06 04 02 41 20.000000 2  -2.086249402400E-11  1.693348586351E-11
AR GRAC 2024 06 04 02 41 30.000000 2  -1.601683542740E-11  9.587424604218E-12
AR GRAC 2024 06 04 02 41 40.000000 2  -1.748859217165E-11  1.138136113132E-11
AR GRAC 2024 06 04 02 41 50.000000 2  -2.237045271247E-11  2.170529554701E-11
AR GRAC 2024 06 04 02 42  0.000000 2  -2.129968076914E-11  1.427923231045E-11
AR GRAC 2024 06 04 02 42 10.000000 2  -1.788896981936E-11  2.911316326903E-11
AR GRAC 2024 06 04 02 42 20.000000 2  -1.757256840040E-11  1.745709653223E-11
AR GRAC 2024 06 04 02 42 30.000000 2  -1.266905590852E-11  1.907102774312E-11
AR GRAC 2024 06 04 02 42 40.000000 2  -1.625298333419E-11  2.904495741141E-11
AR GRAC 2024 06 04 02 42 50.000000 2  -1.870476169785E-11  2.221888471821E-11
AR GRAC 2024 06 04 02 43  0.000000 2  -1.035089115115E-11  8.122810583877E-12
AR GRAC 2024 06 04 02 43 10.000000 2  -2.013593285166E-11  3.773674081553E-11
AR GRAC 2024 06 04 02 43 20.000000 2  -1.476138135337E-11  9.830661458488E-12
AR GRAC 2024 06 04 02 43 30.000000 2  -1.588650044848E-11  1.853458532486E-11
AR GRAC 2024 06 04 02 43 40.000000 2  -1.177315623463E-11  2.306850890865E-11
AR GRAC 2024 06 04 02 43 50.000000 2  -1.431841104016E-11  4.186243018900E-11
AR GRAC 2024 06 04 02 44  0.000000 2  -1.484727618628E-11 -1.143653205991E-12
AR GRAC 2024 06 04 02 44 10.000000 2  -1.615289325907E-11  3.350026506199E-11
AR GRAC 2024 06 04 02 44 20.000000 2  -1.864581405941E-11  1.814182267953E-12
AR GRAC 2024 06 04 02 44 30.000000 2  -1.330642280389E-11  2.361809879614E-11
AR GRAC 2024 06 04 02 44 40.000000 2  -1.492978830842E-11  2.762014141705E-12
AR GRAC 2024 06 04 02 44 50.000000 2  -1.535052467083E-11  3.132592449329E-11
AR GRAC 2024 06 04 02 45  0.000000 2  -1.114939911229E-11  2.531983823995E-11
AR GRAC 2024 06 04 02 45 10.000000 2  -1.137261639028E-11  2.414374776494E-11
AR GRAC 2024 06 04 02 45 20.000000 2  -9.207351027440E-12  1.307765961495E-11
AR GRAC 2024 06 04 02 45 30.000000 2  -1.058413860028E-11  1.883156651450E-11
AR GRAC 2024 06 04 02 45 40.000000 2  -1.777215354049E-11  2.074547304776E-11
AR GRAC 2024 06 04 02 45 50.000000 2  -1.017211141707E-11  3.371937798424E-11
AR GRAC 2024 06 04 02 46  0.000000 2  -1.441296994947E-11  1.763328372206E-11
AR GRAC 2024 06 04 02 46 10.000000 2  -1.459073660504E-11  3.338718884693E-11
AR GRAC 2024 06 04 02 46 20.000000 2  -4.406842512433E-12  7.461088170901E-12
AR GRAC 2024 06 04 02 46 30.000000 2  -1.679311030511E-11  3.597499034780E-11
AR GRAC 2024 06 04 02 46 40.000000 2  -1.329179821763E-11  2.452888933635E-11
AR GRAC 2024 06 04 02 46 50.000000 2  -8.802110949835E-12  2.420278734372E-11
AR GRAC 2024 06 04 02 47  0.000000 2  -1.236469693994E-11  1.917668454587E-11
AR GRAC 2024 06 04 02 47 10.000000 2  -1.230548996034E-11  2.707058015250E-11
AR GRAC 2024 06 04 02 47 20.000000 2  -1.915337333180E-11  1.862447349121E-11
AR GRAC 2024 06 04 02 47 30.000000 2  -2.528498027274E-12  2.329836844284E-11
AR GRAC 2024 06 04 02 47 40.000000 2  -8.283228269956E-12  2.582226099612E-11
AR GRAC 2024 06 04 02 47 50.000000 2  -1.281912336698E-11  1.796615113625E-11
AR GRAC 2024 06 04 02 48  0.000000 2  -1.013481052553E-11  3.232003900622E-11
AR GRAC 2024 06 04 02 48 10.000000 2  -1.031899218851E-11  1.074392918382E-11
AR GRAC 2024 06 04 02 48 20.000000 2  -3.945458109528E-12  3.645781593287E-11
AR GRAC 2024 06 04 02 48 30.000000 2  -5.636283540583E-12  1.484170078503E-11
AR GRAC 2024 06 04 02 48 40.000000 2  -5.210858654292E-12  3.831558334499E-11
AR GRAC 2024 06 04 02 48 50.000000 2  -4.021040445057E-12  2.526946880910E-11
AR GRAC 2024 06 04 02 49  0.000000 2  -1.267950067857E-11  2.708335118673E-11
AR GRAC 2024 06 04 02 49 10.000000 2  -8.383886467012E-12  2.115723221618E-11
AR GRAC 2024 06 04 02 49 20.000000 2  -6.819963864479E-12  2.184111051740E-11
AR GRAC 2024 06 04 02 49 30.000000 2  -6.926188355488E-12  2.159498968535E-11
AR GRAC 2024 06 04 02 49 40.000000 2  -7.639213046862E-12  3.399886622235E-11
AR GRAC 2024 06 04 02 49 50.000000 2  -2.961718544026E-12  2.900274291562E-11
AR GRAC 2024 06 04 02 50  0.000000 2  -6.756366733446E-12  2.794661550787E-11
AR GRAC 2024 06 04 02 50 10.000000 2  -6.883622578197E-12  1.638048897912E-11
AR GRAC 2024 06 04 02 50 20.000000 2  -2.406068833755E-12  3.317435909311E-11
AR GRAC 2024 06 04 02 50 30.000000 2  -8.378911280083E-12  2.005823285245E-11
AR GRAC 2024 06 04 02 50 40.000000 2  -1.054649596821E-11  2.302210158622E-11
AR GRAC 2024 06 04 02 50 50.000000 2  -1.347421848576E-12  3.349596988667E-11
AR GRAC 2024 06 04 02 51  0.000000 2  -1.312269954160E-12  2.867983628363E-11
AR GRAC 2024 06 04 02 51 10.000000 2  -3.460358085142E-12  3.573370072063E-11
AR GRAC 2024 06 04 02 51 20.000000 2  -7.543765091766E-12  2.722756742290E-11
AR GRAC 2024 06 04 02 51 30.000000 2  -2.379500676358E-12  1.047143014660E-11
AR GRAC 2024 06 04 02 51 40.000000 2  -3.678547917663E-12  1.536529237178E-11
AR GRAC 2024 06 04 02 51 50.000000 2  -1.700110321620E-12  2.674915323964E-11
AR GRAC 2024 06 04 02 52  0.000000 2  -6.490977894069E-12  3.519301169930E-11
AR GRAC 2024 06 04 02 52 10.000000 2  -3.558732301900E-12  2.153686951001E-11
AR GRAC 2024 06 04 02 52 20.000000 2  -2.926802463582E-12  3.169072643194E-11
AR GRAC 2024 06 04 02 52 30.000000 2  -3.311538326542E-12  3.614458385370E-11
AR GRAC 2024 06 04 02 52 40.000000 2  -3.496534008510E-12  2.755843990510E-11
AR GRAC 2024 06 04 02 52 50.000000 2  -5.544063905877E-12  4.037229231479E-11
AR GRAC 2024 06 04 02 53  0.000000 2   4.833429121352E-13  1.804614443990E-11
AR GRAC 2024 06 04 02 53 10.000000 2   2.894231946118E-12  3.420999247772E-11
AR GRAC 2024 06 04 02 53 20.000000 2  -1.517301692275E-12  2.158384408701E-11
AR GRAC 2024 06 04 02 53 30.000000 2  -3.535300958230E-12  3.248769309128E-11
AR GRAC 2024 06 04 02 53 40.000000 2  -3.100281099552E-12  3.898154021797E-11
AR GRAC 2024 06 04 02 53 50.000000 2  -1.557577309318E-12  3.181538366093E-11
AR GRAC 2024 06 04 02 54  0.000000 2  -3.023995984175E-13  3.956922983717E-11
AR GRAC 2024 06 04 02 54 10.000000 2   1.562160672358E-14  3.287307231981E-11
AR GRAC 2024 06 04 02 54 20.000000 2   1.374287511048E-12  2.612691486770E-11
AR GRAC 2024 06 04 02 54 30.000000 2  -2.146996122554E-12  1.997075595173E-11
AR GRAC 2024 06 04 02 54 40.000000 2   1.167848803774E-12  2.149459429890E-11
AR GRAC 2024 06 04 02 54 50.000000 2  -2.068005272235E-12  3.193843106652E-11
AR GRAC 2024 06 04 02 55  0.000000 2  -5.005906713457E-13  2.764226868235E-11
AR GRAC 2024 06 04 02 55 10.000000 2   4.172072409769E-12  3.262610667742E-11
AR GRAC 2024 06 04 02 55 20.000000 2  -1.131335043009E-12  2.796994059973E-11
AR GRAC 2024 06 04 02 55 30.000000 2   1.970407994753E-12  2.631377407636E-11
AR GRAC 2024 06 04 02 55 40.000000 2  -3.372328024470E-12  3.978760376722E-11
AR GRAC 2024 06 04 02 55 50.000000 2   4.703115934895E-12  3.285143684861E-11
AR GRAC 2024 06 04 02 56  0.000000 2   2.951521134702E-13  1.843526546697E-11
AR GRAC 2024 06 04 02 56 10.000000 2  -1.297057079797E-12  2.692909437108E-11
AR GRAC 2024 06 04 02 56 20.000000 2   1.308196389757E-12  3.289292102582E-11
AR GRAC 2024 06 04 02 56 30.000000 2  -6.110052784905E-13  3.784674657004E-11
AR GRAC 2024 06 04 02 56 40.000000 2   2.926558734934E-12  4.669057154794E-11
AR GRAC 2024 06 04 02 56 50.000000 2   1.600415004514E-12  3.738439419143E-11
AR GRAC 2024 06 04 02 57  0.000000 2  -1.502292431080E-12  2.845821668596E-11
AR GRAC 2024 06 04 02 57 10.000000 2   4.562405141184E-12  3.119203853541E-11
AR GRAC 2024 06 04 02 57 20.000000 2   4.609533783319E-13  3.116585461926E-11
AR GRAC 2024 06 04 02 57 30.000000 2   7.578298232003E-12  2.927967590605E-11
AR GRAC 2024 06 04 02 57 40.000000 2   1.379063963719E-12  3.420349420358E-11
AR GRAC 2024 06 04 02 57 50.000000 2   4.128698685019E-12  3.339730575425E-11
AR GRAC 2024 06 04 02 58  0.000000 2   6.532260843350E-12  3.872112352976E-11
AR GRAC 2024 06 04 02 58 10.000000 2   1.457066238497E-12  3.659493541530E-11
AR GRAC 2024 06 04 02 58 20.000000 2   3.052701320894E-12  2.478874744360E-11
AR GRAC 2024 06 04 02 58 30.000000 2   8.241149949961E-12  4.255255869889E-11
AR GRAC 2024 06 04 02 58 40.000000 2   7.742880121786E-12  2.567636728235E-11
AR GRAC 2024 06 04 02 58 50.000000 2   3.614110963626E-12  3.751017552123E-11
AR GRAC 2024 06 04 02 59  0.000000 2   4.534680356910E-12  4.108398343750E-11
AR GRAC 2024 06 04 02 59 10.000000 2   3.236605211274E-12  4.692778804438E-11
AR GRAC 2024 06 04 02 59 20.000000 2   8.884655164354E-12  1.392159391239E-11
AR GRAC 2024 06 04 02 59 30.000000 2   5.232688414514E-12  3.920539934366E-11
AR GRAC 2024 06 04 02 59 40.000000 2   8.960062726493E-12  1.066919989856E-11
AR GRAC 2024 06 04 02 59 50.000000 2   5.803494403794E-12  4.619299734387E-11
AR GRAC 2024 06 04 03 00  0.000000 2   7.590295579563E-12  4.299680056441E-11
AR GRAC 2024 06 04 03 00 10.000000 2   5.979701109271E-12  4.298059824714E-11
AR GRAC 2024 06 04 03 00 20.000000 2   9.108094486954E-12  3.528439346256E-11
AR GRAC 2024 06 04 03 00 30.000000 2   4.695498330431E-12  2.574819177315E-11
AR GRAC 2024 06 04 03 00 40.000000 2   6.115669602680E-12  3.425198666362E-11
AR GRAC 2024 06 04 03 00 50.000000 2   6.378690544512E-12  3.026577946597E-11
AR GRAC 2024 06 04 03 01  0.000000 2   6.263483221663E-12  5.100957156667E-11
AR GRAC 2024 06 04 03 01 10.000000 2   8.945432936058E-12  3.986335914141E-11
AR GRAC 2024 06 04 03 01 20.000000 2   7.571022801744E-12  3.808715148823E-11
AR GRAC 2024 06 04 03 01 30.000000 2   8.126698099187E-12  2.961094217047E-11
AR GRAC 2024 06 04 03 01 40.000000 2   9.680240983800E-12  4.039472575879E-11
AR GRAC 2024 06 04 03 01 50.000000 2   1.287598239835E-11  3.606851275983E-11
AR GRAC 2024 06 04 03 02  0.000000 2   9.763510312732E-12  4.651229401631E-11
AR GRAC 2024 06 04 03 02 10.000000 2   1.085718234067E-11  3.731608078095E-11
AR GRAC 2024 06 04 03 02 20.000000 2   1.171918118104E-11  2.697986278832E-11
AR GRAC 2024 06 04 03 02 30.000000 2   7.080869311032E-12  3.042364277173E-11
AR GRAC 2024 06 04 03 02 40.000000 2   7.187570417316E-12  3.245742216662E-11
AR GRAC 2024 06 04 03 02 50.000000 2   9.670678320639E-12  3.794119879386E-11
AR GRAC 2024 06 04 03 03  0.000000 2   8.382458789591E-12  4.377498016850E-11
AR GRAC 2024 06 04 03 03 10.000000 2   8.524227330942E-12  3.715875523946E-11
AR GRAC 2024 06 04 03 03 20.000000 2   1.280862308578E-11  3.778252710696E-11
AR GRAC 2024 06 04 03 03 30.000000 2   5.998365866511E-12  3.587630192925E-11
AR GRAC 2024 06 04 03 03 40.000000 2   1.613274097645E-11  3.022007297182E-11
AR GRAC 2024 06 04 03 03 50.000000 2   9.855690048799E-12  3.967384407111E-11
AR GRAC 2024 06 04 03 04  0.000000 2   1.226405782484E-11  3.588761232631E-11
AR GRAC 2024 06 04 03 04 10.000000 2   1.226607704297E-11  3.660138164774E-11
AR GRAC 2024 06 04 03 04 20.000000 2   1.311346517485E-11  4.078514609374E-11
AR GRAC 2024 06 04 03 04 30.000000 2   1.165019990201E-11  2.952891403618E-11
AR GRAC 2024 06 04 03 04 40.000000 2   8.644214684328E-12  4.845267936870E-11
AR GRAC 2024 06 04 03 04 50.000000 2   1.285612068191E-11  2.211644235806E-11
AR GRAC 2024 06 04 03 05  0.000000 2   9.177571029528E-12  3.698020362153E-11
AR GRAC 2024 06 04 03 05 10.000000 2   1.671713462104E-11  3.434396517177E-11
AR GRAC 2024 06 04 03 05 20.000000 2   1.028998327518E-11  3.873772483343E-11
AR GRAC 2024 06 04 03 05 30.000000 2   8.409506598028E-12  2.909148269503E-11
AR GRAC 2024 06 04 03 05 40.000000 2   1.212902001058E-11  4.731524200219E-11
AR GRAC 2024 06 04 03 05 50.000000 2   8.390925974877E-12  2.221899747523E-11
AR GRAC 2024 06 04 03 06  0.000000 2   1.306039044274E-11  4.621274890537E-11
AR GRAC 2024 06 04 03 06 10.000000 2   1.234314213339E-11  4.489650318185E-11
AR GRAC 2024 06 04 03 06 20.000000 2   1.009751050135E-11  3.514025875839E-11
AR GRAC 2024 06 04 03 06 30.000000 2   1.323506582107E-11  3.187400690607E-11
AR GRAC 2024 06 04 03 06 40.000000 2   1.515766678839E-11  5.282775605853E-11
AR GRAC 2024 06 04 03 06 50.000000 2   1.405798134152E-11  3.225150355113E-11
AR GRAC 2024 06 04 03 07  0.000000 2   1.420218456727E-11  3.057525066463E-11
AR GRAC 2024 06 04 03 07 10.000000 2   1.213168194375E-11  3.529899983423E-11
AR GRAC 2024 06 04 03 07 20.000000 2   1.660846286888E-11  3.247274324436E-11
AR GRAC 2024 06 04 03 07 30.000000 2   1.100336401855E-11  2.986648428571E-11
AR GRAC 2024 06 04 03 07 40.000000 2   1.314685079551E-11  3.771022730192E-11
AR GRAC 2024 06 04 03 07 50.000000 2   2.234890050801E-11  4.468396833102E-11
AR GRAC 2024 06 04 03 08  0.000000 2   8.817363505997E-12  1.555770789974E-11
AR GRAC 2024 06 04 03 08 10.000000 2   1.597035004242E-11  4.777144652079E-11
AR GRAC 2024 06 04 03 08 20.000000 2   5.855759887402E-12  4.103518566612E-11
AR GRAC 2024 06 04 03 08 30.000000 2   1.900101603836E-11  3.083891822464E-11
AR GRAC 2024 06 04 03 08 40.000000 2   1.404193775145E-11  3.757265332194E-11
AR GRAC 2024 06 04 03 08 50.000000 2   1.414897365937E-11  2.210638616607E-11
AR GRAC 2024 06 04 03 09  0.000000 2   1.402554895141E-11  3.714012083988E-11
AR GRAC 2024 06 04 03 09 10.000000 2   1.156726103790E-11  4.876384712693E-11
AR GRAC 2024 06 04 03 09 20.000000 2   1.468337257338E-11  4.535757880397E-11
AR GRAC 2024 06 04 03 09 30.000000 2   1.368534192220E-11  2.261130865877E-11
AR GRAC 2024 06 04 03 09 40.000000 2   1.169319242128E-11  3.637503492859E-11
AR GRAC 2024 06 04 03 09 50.000000 2   1.750417345792E-11  2.146876079689E-11
AR GRAC 2024 06 04 03 10  0.000000 2   1.116371578513E-11  4.939248662850E-11
AR GRAC 2024 06 04 03 10 10.000000 2   1.641514528472E-11  3.143620780355E-11
AR GRAC 2024 06 04 03 10 20.000000 2   1.691605883147E-11  4.735993194838E-11
AR GRAC 2024 06 04 03 10 30.000000 2   1.418296903533E-11  3.478365165344E-11
AR GRAC 2024 06 04 03 10 40.000000 2   1.637568552981E-11  4.701737263413E-11
AR GRAC 2024 06 04 03 10 50.000000 2   1.490631229562E-11  4.632108932534E-11
AR GRAC 2024 06 04 03 11  0.000000 2   1.585699974105E-11  4.388480551176E-11
AR GRAC 2024 06 04 03 11 10.000000 2   1.780140271301E-11  4.510852108508E-11
AR GRAC 2024 06 04 03 11 20.000000 2   1.618127506986E-11  3.525223862821E-11
AR GRAC 2024 06 04 03 11 30.000000 2   1.352381834990E-11  3.918594962404E-11
AR GRAC 2024 06 04 03 11 40.000000 2   1.287286683499E-11  4.430966010771E-11
AR GRAC 2024 06 04 03 11 50.000000 2   1.502163671230E-11  4.131337286162E-11
AR GRAC 2024 06 04 03 12  0.000000 2   1.356805293118E-11  3.066708345600E-11
AR GRAC 2024 06 04 03 12 10.000000 2   1.352724529613E-11  4.262078884265E-11
AR GRAC 2024 06 04 03 12 20.000000 2   1.789509512795E-11  3.716449717417E-11
AR GRAC 2024 06 04 03 12 30.000000 2   1.455145986345E-11  5.044820464151E-11
AR GRAC 2024 06 04 03 12 40.000000 2   1.280372769613E-11  2.047190889032E-11
AR GRAC 2024 06 04 03 12 50.000000 2   1.771152495500E-11  5.899562088851E-11
AR GRAC 2024 06 04 03 13  0.000000 2   1.836708563019E-11  4.182931431784E-11
AR GRAC 2024 06 04 03 13 10.000000 2   1.843952247838E-11  3.063301348694E-11
AR GRAC 2024 06 04 03 13 20.000000 2   1.150985730336E-11  5.195671670677E-11
AR GRAC 2024 06 04 03 13 30.000000 2   1.809013529253E-11  3.690040981108E-11
AR GRAC 2024 06 04 03 13 40.000000 2   1.864838145016E-11  4.942411063746E-11
AR GRAC 2024 06 04 03 13 50.000000 2   1.665203912260E-11  4.295780398067E-11
AR GRAC 2024 06 04 03 14  0.000000 2   1.250838668754E-11  2.888149962244E-11
AR GRAC 2024 06 04 03 14 10.000000 2   1.871282642729E-11  4.716519536041E-11
AR GRAC 2024 06 04 03 14 20.000000 2   1.745030508982E-11  3.011888308202E-11
AR GRAC 2024 06 04 03 14 30.000000 2   1.709592883925E-11  4.844257633918E-11
AR GRAC 2024 06 04 03 14 40.000000 2   9.590648587798E-12  2.996626904950E-11
AR GRAC 2024 06 04 03 14 50.000000 2   2.016523406589E-11  3.225995165446E-11
AR GRAC 2024 06 04 03 15  0.000000 2   1.208516620110E-11  3.510364221526E-11
AR GRAC 2024 06 04 03 15 10.000000 2   1.259594598763E-11  3.874732826259E-11
AR GRAC 2024 06 04 03 15 20.000000 2   1.135485715870E-11  3.117101368688E-11
AR GRAC 2024 06 04 03 15 30.000000 2   1.513275615928E-11  3.687469427027E-11
AR GRAC 2024 06 04 03 15 40.000000 2   1.469085443573E-11  3.376837698355E-11
AR GRAC 2024 06 04 03 15 50.000000 2   1.959242143523E-11  4.083205995542E-11
AR GRAC 2024 06 04 03 16  0.000000 2   1.774378560748E-11  2.559573906991E-11
AR GRAC 2024 06 04 03 16 10.000000 2   1.474013272551E-11  4.963941410696E-11
AR GRAC 2024 06 04 03 16 20.000000 2   1.403550279472E-11  2.961309669702E-11
AR GRAC 2024 06 04 03 16 30.000000 2   1.288313986741E-11  4.625676924830E-11
AR GRAC 2024 06 04 03 16 40.000000 2   1.717170849957E-11  4.491044688915E-11
AR GRAC 2024 06 04 03 16 50.000000 2   1.293231580851E-11  2.868411758117E-11
AR GRAC 2024 06 04 03 17  0.000000 2   1.429312224133E-11  3.170778917205E-11
AR GRAC 2024 06 04 03 17 10.000000 2   1.324266304253E-11  2.657146030982E-11
AR GRAC 2024 06 04 03 17 20.000000 2   1.378030935889E-11  3.595513123344E-11
AR GRAC 2024 06 04 03 17 30.000000 2   1.283746112885E-11  4.436879683101E-11
AR GRAC 2024 06 04 03 17 40.000000 2   1.599145468822E-11  3.936246467662E-11
AR GRAC 2024 06 04 03 17 50.000000 2   1.322655960451E-11  2.743613322642E-11
AR GRAC 2024 06 04 03 18  0.000000 2   1.093301317534E-11  2.936979826007E-11
AR GRAC 2024 06 04 03 18 10.000000 2   1.648508760055E-11  3.948345816962E-11
AR GRAC 2024 06 04 03 18 20.000000 2   1.422221108244E-11  3.737712223062E-11
AR GRAC 2024 06 04 03 18 30.000000 2   6.950655762755E-12  3.094078118715E-11
AR GRAC 2024 06 04 03 18 40.000000 2   1.127620566366E-11  2.934444354175E-11
AR GRAC 2024 06 04 03 18 50.000000 2   1.035451759057E-11  4.432810021826E-11
AR GRAC 2024 06 04 03 19  0.000000 2   1.236760260176E-11  4.509176018686E-11
AR GRAC 2024 06 04 03 19 10.000000 2   1.407342298254E-11  2.778541285942E-11
AR GRAC 2024 06 04 03 19 20.000000 2   6.427816178628E-12  2.902906907909E-11
AR GRAC 2024 06 04 03 19 30.000000 2   1.119935047478E-11  3.701272274781E-11
AR GRAC 2024 06 04 03 19 40.000000 2   9.184581914456E-12  2.796637400826E-11
AR GRAC 2024 06 04 03 19 50.000000 2   1.257550660827E-11  4.031002615035E-11
AR GRAC 2024 06 04 03 20  0.000000 2   8.853851679591E-12  1.473367435001E-11
AR GRAC 2024 06 04 03 20 10.000000 2   1.307216574570E-11  4.480732104795E-11
AR GRAC 2024 06 04 03 20 20.000000 2   8.422816263898E-12  3.797097011815E-11
AR GRAC 2024 06 04 03 20 30.000000 2   9.326642756713E-12  3.415461316547E-11
AR GRAC 2024 06 04 03 20 40.000000 2   8.168704428158E-12  3.076825946802E-11
AR GRAC 2024 06 04 03 20 50.000000 2   9.541644384325E-12  1.688190386095E-11
AR GRAC 2024 06 04 03 21  0.000000 2   1.140625614793E-11  3.342554358299E-11
AR GRAC 2024 06 04 03 21 10.000000 2   4.641184138399E-12  2.629918678665E-11
AR GRAC 2024 06 04 03 21 20.000000 2   1.050476806236E-11  3.082282692968E-11
AR GRAC 2024 06 04 03 21 30.000000 2   7.867775875248E-12  1.519646561365E-11
AR GRAC 2024 06 04 03 21 40.000000 2   8.137217462345E-12  3.002010445785E-11
AR GRAC 2024 06 04 03 21 50.000000 2   1.376618328879E-12  3.655373920219E-11
AR GRAC 2024 06 04 03 22  0.000000 2   5.431533695033E-12  2.183737392303E-11
AR GRAC 2024 06 04 03 22 10.000000 2   1.083812033176E-11  2.019100511785E-11
AR GRAC 2024 06 04 03 22 20.000000 2   7.571048822597E-12  2.711463865934E-11
AR GRAC 2024 06 04 03 22 30.000000 2   1.912756845274E-12  2.628826843709E-11
AR GRAC 2024 06 04 03 22 40.000000 2   7.274392026246E-12  1.803189889071E-11
AR GRAC 2024 06 04 03 22 50.000000 2   7.971727444822E-12  2.795552504764E-11
AR GRAC 2024 06 04 03 23  0.000000 2   6.035428667256E-12  2.939915325073E-11
AR GRAC 2024 06 04 03 23 10.000000 2   5.627547473158E-12  1.503278057591E-11
AR GRAC 2024 06 04 03 23 20.000000 2   7.653592169754E-12  2.100640494884E-11
AR GRAC 2024 06 04 03 23 30.000000 2  -1.781661705105E-13  2.700002721401E-11
AR GRAC 2024 06 04 03 23 40.000000 2  -3.173927050001E-13  1.073365007986E-11
AR GRAC 2024 06 04 03 23 50.000000 2   3.685436070905E-12  3.238726994925E-11
AR GRAC 2024 06 04 03 24  0.000000 2   7.707442323257E-12  3.395089070990E-11
AR GRAC 2024 06 04 03 24 10.000000 2   4.678844985062E-12  2.226450968035E-11
AR GRAC 2024 06 04 03 24 20.000000 2   7.610219746046E-12  2.001812604568E-11
AR GRAC 2024 06 04 03 24 30.000000 2  -1.788977061108E-12  1.325174171785E-11
AR GRAC 2024 06 04 03 24 40.000000 2   6.919062545130E-12  2.177535755876E-11
AR GRAC 2024 06 04 03 24 50.000000 2   5.678235225764E-12  7.238970273910E-12
AR GRAC 2024 06 04 03 25  0.000000 2  -5.092723118216E-12  2.525258127606E-11
AR GRAC 2024 06 04 03 25 10.000000 2   1.758695511271E-12  1.699619264772E-11
AR GRAC 2024 06 04 03 25 20.000000 2   4.170907542955E-12  2.198980407486E-11
AR GRAC 2024 06 04 03 25 30.000000 2  -3.902858396708E-13  2.845341150193E-11
AR GRAC 2024 06 04 03 25 40.000000 2   7.447466580067E-13  2.124701803385E-11
AR GRAC 2024 06 04 03 25 50.000000 2   3.180267247466E-12  2.330062358336E-11
AR GRAC 2024 06 04 03 26  0.000000 2  -5.452363820851E-12  1.605422912665E-11
AR GRAC 2024 06 04 03 26 10.000000 2   5.813565340934E-12  1.153783058677E-11
AR GRAC 2024 06 04 03 26 20.000000 2  -4.425072721442E-12  2.026143489098E-11
AR GRAC 2024 06 04 03 26 30.000000 2  -3.308469167032E-12  1.750503388076E-11
AR GRAC 2024 06 04 03 26 40.000000 2  -6.065346142003E-12  2.895863583652E-11
AR GRAC 2024 06 04 03 26 50.000000 2  -4.991221411871E-12  1.739223348673E-11
AR GRAC 2024 06 04 03 27  0.000000 2  -1.718556937383E-12  5.255832227768E-12
AR GRAC 2024 06 04 03 27 10.000000 2  -4.520529783836E-12  1.321942555421E-11
AR GRAC 2024 06 04 03 27 20.000000 2  -4.141889956011E-12  9.913021792318E-12
AR GRAC 2024 06 04 03 27 30.000000 2  -3.826627816700E-12  8.486614189174E-12
AR GRAC 2024 06 04 03 27 40.000000 2  -1.018914119744E-12  1.995020641743E-11
AR GRAC 2024 06 04 03 27 50.000000 2  -5.989556940700E-12  9.833798705894E-12
AR GRAC 2024 06 04 03 28  0.000000 2  -9.891728929012E-12  2.593738591961E-11
AR GRAC 2024 06 04 03 28 10.000000 2  -4.043544579030E-12  6.940975572078E-12
AR GRAC 2024 06 04 03 28 20.000000 2  -4.505533533067E-12  1.666456209137E-11
AR GRAC 2024 06 04 03 28 30.000000 2  -1.192598190342E-11  3.011814755927E-11
AR GRAC 2024 06 04 03 28 40.000000 2  -1.058839387696E-11  8.991733572994E-12
AR GRAC 2024 06 04 03 28 50.000000 2  -3.932968534182E-12  1.401531668499E-11
AR GRAC 2024 06 04 03 29  0.000000 2  -1.138166817738E-11  1.885889708286E-11
AR GRAC 2024 06 04 03 29 10.000000 2  -4.643016873751E-12  8.382481340996E-12
AR GRAC 2024 06 04 03 29 20.000000 2  -1.387068845199E-11  1.036060668681E-12
AR GRAC 2024 06 04 03 29 30.000000 2  -9.388476107652E-12  1.407963762939E-11
AR GRAC 2024 06 04 03 29 40.000000 2  -1.065076325746E-11  8.832156468859E-13
AR GRAC 2024 06 04 03 29 50.000000 2  -1.155338325010E-11  2.076679106455E-11
AR GRAC 2024 06 04 03 30  0.000000 2  -1.079567078094E-11  1.484036504795E-11
AR GRAC 2024 06 04 03 30 10.000000 2  -8.950452358436E-12  2.893939645213E-12
AR GRAC 2024 06 04 03 30 20.000000 2  -8.728236883249E-12  3.657510926069E-12
AR GRAC 2024 06 04 03 30 30.000000 2  -1.587201203801E-11  1.247108319391E-11
AR GRAC 2024 06 04 03 30 40.000000 2  -9.128162635486E-12  8.024652990712E-12
AR GRAC 2024 06 04 03 30 50.000000 2  -1.496854550032E-11  2.538220718676E-12
AR GRAC 2024 06 04 03 31  0.000000 2  -1.260673856973E-11  1.343178693269E-11
AR GRAC 2024 06 04 03 31 10.000000 2  -1.733453831865E-11  6.215354186184E-12
AR GRAC 2024 06 04 03 31 20.000000 2  -1.475796394812E-11 -5.810804853783E-13
AR GRAC 2024 06 04 03 31 30.000000 2  -1.657654569165E-11 -6.375186294670E-13
AR GRAC 2024 06 04 03 31 40.000000 2  -1.900684644396E-11  9.566045004739E-12
AR GRAC 2024 06 04 03 31 50.000000 2  -1.365985449753E-11  4.929605335047E-12
AR GRAC 2024 06 04 03 32  0.000000 2  -1.458133093435E-11 -2.106836840404E-12
AR GRAC 2024 06 04 03 32 10.000000 2  -1.580761389841E-11  2.376722516712E-12
AR GRAC 2024 06 04 03 32 20.000000 2  -1.748032794902E-11  4.410280300682E-12
AR GRAC 2024 06 04 03 32 30.000000 2  -1.897776553961E-11  1.022383566696E-11
AR GRAC 2024 06 04 03 32 40.000000 2  -1.900854300352E-11 -3.892608891470E-12
AR GRAC 2024 06 04 03 32 50.000000 2  -1.814722330740E-11 -4.429056080224E-12
AR GRAC 2024 06 04 03 33  0.000000 2  -1.615305632308E-11  1.482449753232E-11
AR GRAC 2024 06 04 03 33 10.000000 2  -1.839360261324E-11 -4.761953852073E-12
AR GRAC 2024 06 04 03 33 20.000000 2  -2.127418206876E-11  2.131596114896E-12
AR GRAC 2024 06 04 03 33 30.000000 2  -2.125900497307E-11 -1.352485571454E-11
AR GRAC 2024 06 04 03 33 40.000000 2  -1.835456439614E-11  4.538692772310E-12
AR GRAC 2024 06 04 03 33 50.000000 2  -2.336899770916E-11 -1.016776246532E-11
AR GRAC 2024 06 04 03 34  0.000000 2  -2.218302451451E-11  7.415782397879E-12
AR GRAC 2024 06 04 03 34 10.000000 2  -1.806603824872E-11 -2.523067345328E-11
AR GRAC 2024 06 04 03 34 20.000000 2  -2.463345846748E-11  4.462869310218E-12
AR GRAC 2024 06 04 03 34 30.000000 2  -2.371681843971E-11  3.486409511783E-12
AR GRAC 2024 06 04 03 34 40.000000 2  -2.657633141334E-11 -1.280005268445E-11
AR GRAC 2024 06 04 03 34 50.000000 2  -2.595485805446E-11 -1.301651147978E-11
AR GRAC 2024 06 04 03 35  0.000000 2  -2.178450995982E-11  2.970242324665E-13
AR GRAC 2024 06 04 03 35 10.000000 2  -2.337125978857E-11 -1.422944054252E-11
AR GRAC 2024 06 04 03 35 20.000000 2  -2.715782806972E-11  1.389409594321E-11
AR GRAC 2024 06 04 03 35 30.000000 2  -2.388767655903E-11 -1.154236949075E-11
AR GRAC 2024 06 04 03 35 40.000000 2  -2.282805368348E-11 -1.200883923552E-11
AR GRAC 2024 06 04 03 35 50.000000 2  -2.463377939133E-11 -1.698531072736E-11
AR GRAC 2024 06 04 03 36  0.000000 2  -2.989596070702E-11  1.968222676854E-12
AR GRAC 2024 06 04 03 36 10.000000 2  -2.188944858705E-11 -8.658249464610E-12
AR GRAC 2024 06 04 03 36 20.000000 2  -3.455329078417E-11 -1.377472441666E-11
AR GRAC 2024 06 04 03 36 30.000000 2  -2.285455852347E-11  3.208804532848E-12
AR GRAC 2024 06 04 03 36 40.000000 2  -3.099693765551E-11 -1.547767122800E-11
AR GRAC 2024 06 04 03 36 50.000000 2  -3.180139485082E-11 -5.594147541033E-12
AR GRAC 2024 06 04 03 37  0.000000 2  -2.734429696560E-11 -1.256062528293E-11
AR GRAC 2024 06 04 03 37 10.000000 2  -2.721309982912E-11 -6.567106667493E-12
AR GRAC 2024 06 04 03 37 20.000000 2  -3.087524680367E-11 -1.042358560577E-11
AR GRAC 2024 06 04 03 37 30.000000 2  -2.728830876542E-11 -2.073006523384E-11
AR GRAC 2024 06 04 03 37 40.000000 2  -3.477992893686E-11  7.493448569984E-12
AR GRAC 2024 06 04 03 37 50.000000 2  -3.109230928278E-11 -1.202303447773E-11
AR GRAC 2024 06 04 03 38  0.000000 2  -3.266162687532E-11 -1.786952009974E-11
AR GRAC 2024 06 04 03 38 10.000000 2  -3.051160712975E-11 -1.788600864638E-11
AR GRAC 2024 06 04 03 38 20.000000 2  -3.389789837716E-11 -1.093249536038E-11
AR GRAC 2024 06 04 03 38 30.000000 2  -3.954275448748E-11 -7.908982496696E-12
AR GRAC 2024 06 04 03 38 40.000000 2  -3.438999085503E-11 -3.443547183513E-11
AR GRAC 2024 06 04 03 38 50.000000 2  -3.019274760763E-11 -1.087196391941E-11
AR GRAC 2024 06 04 03 39  0.000000 2  -3.319771540999E-11 -2.329845864846E-11
AR GRAC 2024 06 04 03 39 10.000000 2  -3.453774419238E-11 -9.634953425375E-12
AR GRAC 2024 06 04 03 39 20.000000 2  -3.513023205670E-11 -5.351447149998E-12
AR GRAC 2024 06 04 03 39 30.000000 2  -3.727169961554E-11 -9.457943976610E-12
AR GRAC 2024 06 04 03 39 40.000000 2  -3.213132190871E-11 -3.371444443068E-11
AR GRAC 2024 06 04 03 39 50.000000 2  -3.327757513993E-11 -8.380940039188E-12
AR GRAC 2024 06 04 03 40  0.000000 2  -3.291834166363E-11 -1.917744088531E-11
AR GRAC 2024 06 04 03 40 10.000000 2  -3.428689623886E-11 -1.909394344024E-11
AR GRAC 2024 06 04 03 40 20.000000 2  -4.150615615095E-11 -8.300443665732E-12
AR GRAC 2024 06 04 03 40 30.000000 2  -3.327080277948E-11 -2.510694777080E-11
AR GRAC 2024 06 04 03 40 40.000000 2  -4.287928345725E-11 -2.953345901169E-11
AR GRAC 2024 06 04 03 40 50.000000 2  -4.005433137944E-11 -2.654996014706E-11
AR GRAC 2024 06 04 03 41  0.000000 2  -3.881261284588E-11 -6.706467412659E-12
AR GRAC 2024 06 04 03 41 10.000000 2  -4.188234481450E-11 -2.592297904114E-11
AR GRAC 2024 06 04 03 41 20.000000 2  -3.391346231618E-11 -2.685948512215E-11
AR GRAC 2024 06 04 03 41 30.000000 2  -4.397302660886E-11 -2.260600040493E-11
AR GRAC 2024 06 04 03 41 40.000000 2  -4.002517761670E-11 -1.126251175654E-11
AR GRAC 2024 06 04 03 41 50.000000 2  -4.054568139567E-11 -2.155902539824E-11
AR GRAC 2024 06 04 03 42  0.000000 2  -3.935074141537E-11 -5.435542207305E-12
AR GRAC 2024 06 04 03 42 10.000000 2  -3.908046108947E-11 -4.236205483621E-11
AR GRAC 2024 06 04 03 42 20.000000 2  -4.217309834686E-11 -8.698577448618E-12
AR GRAC 2024 06 04 03 42 30.000000 2  -4.201922490510E-11 -2.817509246744E-11
AR GRAC 2024 06 04 03 42 40.000000 2  -4.590544611105E-11 -3.086161534660E-11
AR GRAC 2024 06 04 03 42 50.000000 2  -4.503290101932E-11 -1.958813493352E-11
AR GRAC 2024 06 04 03 43  0.000000 2  -4.140740528236E-11 -2.603466053852E-11
AR GRAC 2024 06 04 03 43 10.000000 2  -4.112912441179E-11 -2.549118381656E-11
AR GRAC 2024 06 04 03 43 20.000000 2  -3.903284639950E-11 -2.201770883670E-11
AR GRAC 2024 06 04 03 43 30.000000 2  -4.182978269318E-11 -1.200423614678E-11
AR GRAC 2024 06 04 03 43 40.000000 2  -4.449771107140E-11 -4.480076379321E-11
AR GRAC 2024 06 04 03 43 50.000000 2  -4.673836664915E-11 -1.796728911485E-11
AR GRAC 2024 06 04 03 44  0.000000 2  -4.267784389778E-11 -1.734382082397E-11
AR GRAC 2024 06 04 03 44 10.000000 2  -4.513700871400E-11 -2.069035567875E-11
AR GRAC 2024 06 04 03 44 20.000000 2  -4.391092003897E-11 -1.608688703081E-11
AR GRAC 2024 06 04 03 44 30.000000 2  -4.541871045927E-11 -3.004342608026E-11
AR GRAC 2024 06 04 03 44 40.000000 2  -4.527447861058E-11 -2.187995791492E-11
AR GRAC 2024 06 04 03 44 50.000000 2  -4.328259278763E-11 -2.834649355521E-11
AR GRAC 2024 06 04 03 45  0.000000 2  -4.450969454117E-11 -3.104302925827E-11
AR GRAC 2024 06 04 03 45 10.000000 2  -5.012835285756E-11 -2.347957071824E-11
AR GRAC 2024 06 04 03 45 20.000000 2  -4.804854084051E-11 -2.902610964084E-11
AR GRAC 2024 06 04 03 45 30.000000 2  -5.059241220406E-11 -3.309265014795E-11
AR GRAC 2024 06 04 03 45 40.000000 2  -4.338077119748E-11 -3.241919233066E-11
AR GRAC 2024 06 04 03 45 50.000000 2  -4.530921124402E-11 -2.162573765896E-11
AR GRAC 2024 06 04 03 46  0.000000 2  -4.604548686782E-11 -2.008228305872E-11
AR GRAC 2024 06 04 03 46 10.000000 2  -4.889931515262E-11 -3.378882590388E-11
AR GRAC 2024 06 04 03 46 20.000000 2  -4.986768636916E-11 -3.156537531357E-11
AR GRAC 2024 06 04 03 46 30.000000 2  -4.610857876064E-11 -1.295192512268E-11
AR GRAC 2024 06 04 03 46 40.000000 2  -5.020218615814E-11 -2.737847622225E-11
AR GRAC 2024 06 04 03 46 50.000000 2  -5.255117174752E-11 -2.894502866557E-11
AR GRAC 2024 06 04 03 47  0.000000 2  -5.046541309839E-11 -3.103158008333E-11
AR GRAC 2024 06 04 03 47 10.000000 2  -4.286986043933E-11 -2.439813455435E-11
AR GRAC 2024 06 04 03 47 20.000000 2  -5.381131651383E-11 -1.323468851872E-11
AR GRAC 2024 06 04 03 47 30.000000 2  -5.035749248150E-11 -3.674124893216E-11
AR GRAC 2024 06 04 03 47 40.000000 2  -4.314173324138E-11 -1.707780097893E-11
AR GRAC 2024 06 04 03 47 50.000000 2  -4.383734694691E-11 -3.003436735427E-11
AR GRAC 2024 06 04 03 48  0.000000 2  -5.482952286640E-11 -3.404092632775E-11
AR GRAC 2024 06 04 03 48 10.000000 2  -5.082693294023E-11 -3.059748288070E-11
AR GRAC 2024 06 04 03 48 20.000000 2  -4.578950760226E-11 -2.164404766525E-11
AR GRAC 2024 06 04 03 48 30.000000 2  -5.129325436615E-11 -2.693061225412E-11
AR GRAC 2024 06 04 03 48 40.000000 2  -5.114192055955E-11 -5.152717488799E-11
AR GRAC 2024 06 04 03 48 50.000000 2  -4.613529697162E-11 -2.437374260755E-11
AR GRAC 2024 06 04 03 49  0.000000 2  -4.922783014560E-11 -1.200031046755E-11
AR GRAC 2024 06 04 03 49 10.000000 2  -4.886276799843E-11 -2.512688147827E-11
AR GRAC 2024 06 04 03 49 20.000000 2  -5.028250385508E-11 -1.492345309828E-11
AR GRAC 2024 06 04 03 49 30.000000 2  -4.965787850364E-11 -3.545002139060E-11
AR GRAC 2024 06 04 03 49 40.000000 2  -4.931662023200E-11 -3.493659875287E-11
AR GRAC 2024 06 04 03 49 50.000000 2  -4.811661485915E-11 -2.077316790805E-11
