 2.00 C RINEX VERSION / TYPE
 10.00 INTERVAL
 1 AR # / TYPES OF DATA
 END OF HEADER
AR GRAC 2024 06 23 01 50  0.000000 2  -1.513022346300E-12  1.175952304283E-11
AR GRAC 2024 06 23 01 50 10.000000 2   1.011812487094E-12  1.113297301569E-11
AR GRAC 2024 06 23 01 50 20.000000 2  -1.975158589202E-13 -9.935787002174E-13
AR GRAC 2024 06 23 01 50 30.000000 2  -2.683746237395E-12  1.261986695700E-11
AR GRAC 2024 06 23 01 50 40.000000 2   1.589804134693E-12  3.118331287633E-11
AR GRAC 2024 06 23 01 50 50.000000 2  -1.007471666856E-12 -9.753241617116E-12
AR GRAC 2024 06 23 01 51  0.000000 2  -2.411993781787E-12  6.100201940806E-12
AR GRAC 2024 06 23 01 51 10.000000 2   1.500061739320E-13  1.390364386122E-11
AR GRAC 2024 06 23 01 51 20.000000 2   2.588343601950E-12  1.211708424570E-11
AR GRAC 2024 06 23 01 51 30.000000 2   2.546324262553E-12  1.410525125520E-12
AR GRAC 2024 06 23 01 51 40.000000 2  -2.628738372812E-12  2.561396234002E-11
AR GRAC 2024 06 23 01 51 50.000000 2   2.311272701006E-12 -5.252598269528E-12
AR GRAC 2024 06 23 01 52  0.000000 2   8.505860404039E-13  1.309083657447E-11
AR GRAC 2024 06 23 01 52 10.000000 2   1.594782682648E-12  1.641427271881E-11
AR GRAC 2024 06 23 01 52 20.000000 2   2.778369981998E-12  1.312770638723E-11
AR GRAC 2024 06 23 01 52 30.000000 2   4.855372180701E-12  1.211139695478E-12
AR GRAC 2024 06 23 01 52 40.000000 2   1.884739976935E-12  3.132457140897E-11
AR GRAC 2024 06 23 01 52 50.000000 2   1.659464015855E-12  7.408001295728E-12
AR GRAC 2024 06 23 01 53  0.000000 2   2.994429574091E-12  1.092143042669E-11
AR GRAC 2024 06 23 01 53 10.000000 2   1.314326902521E-12  2.493485799782E-11
AR GRAC 2024 06 23 01 53 20.000000 2   2.898028171605E-12  1.561828444352E-11
AR GRAC 2024 06 23 01 53 30.000000 2   3.442226972211E-12  1.086171083631E-11
AR GRAC 2024 06 23 01 53 40.000000 2   5.985139467368E-12  1.808513581947E-11
AR GRAC 2024 06 23 01 53 50.000000 2   4.834132660142E-12  1.667855957510E-11
AR GRAC 2024 06 23 01 54  0.000000 2   5.236297073025E-12  3.073197946124E-11
AR GRAC 2024 06 23 01 54 10.000000 2   5.778930285694E-12  1.241540203978E-11
AR GRAC 2024 06 23 01 54 20.000000 2   4.525099912833E-12  2.257882075751E-11
AR GRAC 2024 06 23 01 54 30.000000 2   4.652871837818E-12  1.649223986544E-11
AR GRAC 2024 06 23 01 54 40.000000 2   6.654628237346E-12  3.485565655548E-11
AR GRAC 2024 06 23 01 54 50.000000 2   1.264663504127E-12  1.836907362329E-11
AR GRAC 2024 06 23 01 55  0.000000 2   2.664775951983E-12  2.231248692752E-11
AR GRAC 2024 06 23 01 55 10.000000 2   4.939576525587E-12  1.858590191472E-11
AR GRAC 2024 06 23 01 55 20.000000 2   5.123325375056E-12  2.223931455658E-11
AR GRAC 2024 06 23 01 55 30.000000 2   5.354953459824E-12  1.144272610692E-11
AR GRAC 2024 06 23 01 55 40.000000 2   7.179354766934E-12  1.466613636092E-11
AR GRAC 2024 06 23 01 55 50.000000 2   4.556388686489E-12  3.765954562085E-11
AR GRAC 2024 06 23 01 56  0.000000 2   5.683855296146E-12  1.179295289894E-11
AR GRAC 2024 06 23 01 56 10.000000 2   6.902014550170E-12  2.275635929694E-11
AR GRAC 2024 06 23 01 56 20.000000 2   5.105073915684E-12  2.170976419469E-11
AR GRAC 2024 06 23 01 56 30.000000 2   4.854288412209E-12  3.559317077184E-11
AR GRAC 2024 06 23 01 56 40.000000 2   7.168996733059E-12  3.180657473512E-11
AR GRAC 2024 06 23 01 56 50.000000 2   2.630900271944E-12  3.758997627057E-11
AR GRAC 2024 06 23 01 57  0.000000 2   9.494593479487E-12  1.504337453218E-11
AR GRAC 2024 06 23 01 57 10.000000 2   7.343484327571E-12  2.742677439327E-11
AR GRAC 2024 06 23 01 57 20.000000 2   7.422687464675E-12  1.203017199747E-11
AR GRAC 2024 06 23 01 57 30.000000 2   7.023939155998E-12  2.807357124546E-11
AR GRAC 2024 06 23 01 57 40.000000 2   3.761160220078E-12  3.011696447786E-11
AR GRAC 2024 06 23 01 57 50.000000 2   7.843224333892E-12  2.918035951760E-11
AR GRAC 2024 06 23 01 58  0.000000 2   7.053307590765E-12  2.871375533176E-11
AR GRAC 2024 06 23 01 58 10.000000 2   8.675327817231E-12  2.404714795345E-11
AR GRAC 2024 06 23 01 58 20.000000 2   5.078114144463E-12  3.189053535135E-11
AR GRAC 2024 06 23 01 58 30.000000 2   9.749374918488E-12  2.902392909343E-11
AR GRAC 2024 06 23 01 58 40.000000 2   5.522880763831E-12  3.042731691605E-11
AR GRAC 2024 06 23 01 58 50.000000 2   7.719941873263E-12  3.356070629734E-11
AR GRAC 2024 06 23 01 59  0.000000 2   6.263953765406E-12  2.112409032418E-11
AR GRAC 2024 06 23 01 59 10.000000 2   1.072725935858E-11  4.452747545680E-11
AR GRAC 2024 06 23 01 59 20.000000 2   7.409972808958E-12  1.121086036504E-11
AR GRAC 2024 06 23 01 59 30.000000 2   9.767628546264E-12  3.035424342435E-11
AR GRAC 2024 06 23 01 59 40.000000 2   6.342359797074E-12  5.237762654153E-11
AR GRAC 2024 06 23 01 59 50.000000 2   9.411730943210E-12  2.596100591445E-11
AR GRAC 2024 06 23 02 00  0.000000 2   8.785063822236E-12  1.556438485040E-11
AR GRAC 2024 06 23 02 00 10.000000 2   9.678792489698E-12  4.707776182777E-11
AR GRAC 2024 06 23 02 00 20.000000 2   9.730704089717E-12  4.445114068496E-11
AR GRAC 2024 06 23 02 00 30.000000 2   1.011866111733E-11  2.944451280018E-11
AR GRAC 2024 06 23 02 00 40.000000 2   1.032065578832E-11  5.387891088143E-12
AR GRAC 2024 06 23 02 00 50.000000 2   1.173303641744E-11  4.019126351174E-11
AR GRAC 2024 06 23 02 01  0.000000 2   9.386270406753E-12  5.041463774225E-11
AR GRAC 2024 06 23 02 01 10.000000 2   7.503339095882E-12  3.402800957675E-11
AR GRAC 2024 06 23 02 01 20.000000 2   8.716816331245E-12  4.102137726725E-11
AR GRAC 2024 06 23 02 01 30.000000 2   1.127045158589E-11  2.710474553136E-11
AR GRAC 2024 06 23 02 01 40.000000 2   9.474775131135E-12  3.629811382022E-11
AR GRAC 2024 06 23 02 01 50.000000 2   1.004680106470E-11  4.523148175450E-11
AR GRAC 2024 06 23 02 02  0.000000 2   1.197903495148E-11  3.333484530077E-11
AR GRAC 2024 06 23 02 02 10.000000 2   1.053517863225E-11  3.441820786709E-11
AR GRAC 2024 06 23 02 02 20.000000 2   1.094916258354E-11  3.458157024627E-11
AR GRAC 2024 06 23 02 02 30.000000 2   1.022025953451E-11  2.901493455221E-11
AR GRAC 2024 06 23 02 02 40.000000 2   8.677901279508E-12  4.123829402958E-11
AR GRAC 2024 06 23 02 02 50.000000 2   1.145818075837E-11  2.592165371240E-11
AR GRAC 2024 06 23 02 03  0.000000 2   1.046557372014E-11  3.652501218143E-11
AR GRAC 2024 06 23 02 03 10.000000 2   1.714262412578E-11  3.369836701350E-11
AR GRAC 2024 06 23 02 03 20.000000 2   8.295307149520E-12  5.081172288479E-11
AR GRAC 2024 06 23 02 03 30.000000 2   9.585954426072E-12  2.453507709499E-11
AR GRAC 2024 06 23 02 03 40.000000 2   1.179930805839E-11  4.788842933312E-11
AR GRAC 2024 06 23 02 03 50.000000 2   1.183967507368E-11  2.728178620515E-11
AR GRAC 2024 06 23 02 04  0.000000 2   1.253875909352E-11  3.429513617537E-11
AR GRAC 2024 06 23 02 04 10.000000 2   1.384578215968E-11  5.184848383966E-11
AR GRAC 2024 06 23 02 04 20.000000 2   1.369892047021E-11  2.709183398453E-11
AR GRAC 2024 06 23 02 04 30.000000 2   9.592509078726E-12  3.652517871489E-11
AR GRAC 2024 06 23 02 04 40.000000 2   1.143360146144E-11  3.299852752159E-11
AR GRAC 2024 06 23 02 04 50.000000 2   9.810640147490E-12  2.694187060948E-11
AR GRAC 2024 06 23 02 05  0.000000 2   1.333063433945E-11  4.312521520444E-11
AR GRAC 2024 06 23 02 05 10.000000 2   9.751338625463E-12  3.716855989655E-11
AR GRAC 2024 06 23 02 05 20.000000 2   1.274634998244E-11  3.915189700221E-11
AR GRAC 2024 06 23 02 05 30.000000 2   1.303541736358E-11  2.106523983025E-11
AR GRAC 2024 06 23 02 05 40.000000 2   1.322368343298E-11  5.735857969147E-11
AR GRAC 2024 06 23 02 05 50.000000 2   1.328198228484E-11  3.511191684624E-11
AR GRAC 2024 06 23 02 06  0.000000 2   1.556030998495E-11  2.953525271576E-11
AR GRAC 2024 06 23 02 06 10.000000 2   9.505759894501E-12  4.331858829976E-11
AR GRAC 2024 06 23 02 06 20.000000 2   1.422976406845E-11  3.026192144095E-11
AR GRAC 2024 06 23 02 06 30.000000 2   1.597320192781E-11  4.767525263460E-11
AR GRAC 2024 06 23 02 06 40.000000 2   1.329625819169E-11  3.361858708084E-11
AR GRAC 2024 06 23 02 06 50.000000 2   1.359829436554E-11  5.693191751366E-11
AR GRAC 2024 06 23 02 07  0.000000 2   1.655716189153E-11  2.131524817761E-11
AR GRAC 2024 06 23 02 07 10.000000 2   1.311599266696E-11  3.050857483311E-11
AR GRAC 2024 06 23 02 07 20.000000 2   1.582483796780E-11  4.401190176195E-11
AR GRAC 2024 06 23 02 07 30.000000 2   1.434108474335E-11  5.181522919062E-11
AR GRAC 2024 06 23 02 07 40.000000 2   1.456403574129E-11  3.834855349938E-11
AR GRAC 2024 06 23 02 07 50.000000 2   1.423757813035E-11  2.674187607465E-11
AR GRAC 2024 06 23 02 08  0.000000 2   1.367671167291E-11  4.402520015212E-11
AR GRAC 2024 06 23 02 08 10.000000 2   1.552639093683E-11  3.067851875316E-11
AR GRAC 2024 06 23 02 08 20.000000 2   1.678817154738E-11  4.149184121283E-11
AR GRAC 2024 06 23 02 08 30.000000 2   1.233355171465E-11  3.324516356651E-11
AR GRAC 2024 06 23 02 08 40.000000 2   1.496264397105E-11  5.749847473147E-11
AR GRAC 2024 06 23 02 08 50.000000 2   1.504560018240E-11  3.997179323645E-11
AR GRAC 2024 06 23 02 09  0.000000 2   1.613767279529E-11  2.651510955243E-11
AR GRAC 2024 06 23 02 09 10.000000 2   1.576534389147E-11  4.667842501416E-11
AR GRAC 2024 06 23 02 09 20.000000 2   1.600038330996E-11  5.106173470160E-11
AR GRAC 2024 06 23 02 09 30.000000 2   1.317118983324E-11  3.559504774264E-11
AR GRAC 2024 06 23 02 09 40.000000 2   1.628868220860E-11  3.307835949595E-11
AR GRAC 2024 06 23 02 09 50.000000 2   1.666048549120E-11  3.278166973986E-11
AR GRAC 2024 06 23 02 10  0.000000 2   1.334858612534E-11  5.531497482281E-11
AR GRAC 2024 06 23 02 10 10.000000 2   1.620138918856E-11  2.284828402865E-11
AR GRAC 2024 06 23 02 10 20.000000 2   1.500308211000E-11  5.550159290491E-11
AR GRAC 2024 06 23 02 10 30.000000 2   1.648119488107E-11  2.749489351472E-11
AR GRAC 2024 06 23 02 10 40.000000 2   1.654750468594E-11  4.842819895101E-11
AR GRAC 2024 06 23 02 10 50.000000 2   1.224208321521E-11  3.880150367674E-11
AR GRAC 2024 06 23 02 11  0.000000 2   1.665324649014E-11  4.850480087026E-11
AR GRAC 2024 06 23 02 11 10.000000 2   1.887144954194E-11  4.600810357691E-11
AR GRAC 2024 06 23 02 11 20.000000 2   1.873965392585E-11  3.319139754709E-11
AR GRAC 2024 06 23 02 11 30.000000 2   1.644903484255E-11  3.888469754521E-11
AR GRAC 2024 06 23 02 11 40.000000 2   1.570413764307E-11  3.445799548474E-11
AR GRAC 2024 06 23 02 11 50.000000 2   2.074738297830E-11  3.232128800712E-11
AR GRAC 2024 06 23 02 12  0.000000 2   1.538937900725E-11  5.025458174601E-11
AR GRAC 2024 06 23 02 12 10.000000 2   1.796768983597E-11  3.680787619142E-11
AR GRAC 2024 06 23 02 12 20.000000 2   1.396692917571E-11  4.009116649772E-11
AR GRAC 2024 06 23 02 12 30.000000 2   2.003912487336E-11  3.619446062308E-11
AR GRAC 2024 06 23 02 12 40.000000 2   1.715503260280E-11  4.086774668677E-11
AR GRAC 2024 06 23 02 12 50.000000 2   1.559707397958E-11  4.093103286862E-11
AR GRAC 2024 06 23 02 13  0.000000 2   1.869828770984E-11  4.768432176894E-11
AR GRAC 2024 06 23 02 13 10.000000 2   2.004708378467E-11  5.016760964982E-11
AR GRAC 2024 06 23 02 13 20.000000 2   1.783203619488E-11  2.522089134760E-11
AR GRAC 2024 06 23 02 13 30.000000 2   1.985960527973E-11  4.468417649783E-11
AR GRAC 2024 06 23 02 13 40.000000 2   1.991921384781E-11  3.850745763923E-11
AR GRAC 2024 06 23 02 13 50.000000 2   1.865078404217E-11  2.442073800124E-11
AR GRAC 2024 06 23 02 14  0.000000 2   1.437287008160E-11  4.114401874755E-11
AR GRAC 2024 06 23 02 14 10.000000 2   1.872183831575E-11  4.536729672489E-11
AR GRAC 2024 06 23 02 14 20.000000 2   1.882182430746E-11  3.429057385262E-11
AR GRAC 2024 06 23 02 14 30.000000 2   1.831980400713E-11  4.263385131043E-11
AR GRAC 2024 06 23 02 14 40.000000 2   1.889378584141E-11  2.554712517921E-11
AR GRAC 2024 06 23 02 14 50.000000 2   2.005231571067E-11  4.259039648735E-11
AR GRAC 2024 06 23 02 15  0.000000 2   1.400673153851E-11  3.560366931832E-11
AR GRAC 2024 06 23 02 15 10.000000 2   1.520997043591E-11  4.171694240052E-11
AR GRAC 2024 06 23 02 15 20.000000 2   2.064013890357E-11  4.616021453963E-11
AR GRAC 2024 06 23 02 15 30.000000 2   1.755078894716E-11  3.021348102261E-11
AR GRAC 2024 06 23 02 15 40.000000 2   1.836206013628E-11  2.941675028567E-11
AR GRAC 2024 06 23 02 15 50.000000 2   2.056223767644E-11  4.197001773898E-11
AR GRAC 2024 06 23 02 16  0.000000 2   1.928021631237E-11  2.825328165867E-11
AR GRAC 2024 06 23 02 16 10.000000 2   2.049525653358E-11  3.562654685152E-11
AR GRAC 2024 06 23 02 16 20.000000 2   1.997247853214E-11  4.785980986521E-11
AR GRAC 2024 06 23 02 16 30.000000 2   1.653927689249E-11  3.380307145306E-11
AR GRAC 2024 06 23 02 16 40.000000 2   1.870887646194E-11  3.575633192310E-11
AR GRAC 2024 06 23 02 16 50.000000 2   1.511975267210E-11  4.092959304813E-11
AR GRAC 2024 06 23 02 17  0.000000 2   1.771161342590E-11  2.920285194219E-11
AR GRAC 2024 06 23 02 17 10.000000 2   2.054692527231E-11  2.788611008775E-11
AR GRAC 2024 06 23 02 17 20.000000 2   1.771448265853E-11  3.814936214153E-11
AR GRAC 2024 06 23 02 17 30.000000 2   1.831038619338E-11  4.108261994484E-11
AR GRAC 2024 06 23 02 17 40.000000 2   1.845363792330E-11  4.353587282346E-11
AR GRAC 2024 06 23 02 17 50.000000 2   2.137002554081E-11  2.967912374197E-11
AR GRAC 2024 06 23 02 18  0.000000 2   2.124915868262E-11  3.954237631776E-11
AR GRAC 2024 06 23 02 18 10.000000 2   1.805752249118E-11  3.955562613567E-11
AR GRAC 2024 06 23 02 18 20.000000 2   2.125078411852E-11  4.185887400587E-11
AR GRAC 2024 06 23 02 18 30.000000 2   2.371514616628E-11  4.171212333870E-11
AR GRAC 2024 06 23 02 18 40.000000 2   2.078408278816E-11  3.734536985212E-11
AR GRAC 2024 06 23 02 18 50.000000 2   1.469595452275E-11  4.329861469365E-11
AR GRAC 2024 06 23 02 19  0.000000 2   1.956481678056E-11  3.346185828423E-11
AR GRAC 2024 06 23 02 19 10.000000 2   2.032425963638E-11  3.718510221962E-11
AR GRAC 2024 06 23 02 19 20.000000 2   1.906798850759E-11  3.897834485733E-11
AR GRAC 2024 06 23 02 19 30.000000 2   1.735085859711E-11  2.401158612220E-11
AR GRAC 2024 06 23 02 19 40.000000 2   1.844892988379E-11  4.869482247982E-11
AR GRAC 2024 06 23 02 19 50.000000 2   2.180556082920E-11  3.212806062858E-11
AR GRAC 2024 06 23 02 20  0.000000 2   1.696272809715E-11  3.963129824314E-11
AR GRAC 2024 06 23 02 20 10.000000 2   1.880752845129E-11  3.253453409457E-11
AR GRAC 2024 06 23 02 20 20.000000 2   2.252179866213E-11  3.397776851544E-11
AR GRAC 2024 06 23 02 20 30.000000 2   1.899296171726E-11  3.762100353466E-11
AR GRAC 2024 06 23 02 20 40.000000 2   2.181250839672E-11  4.196423764036E-11
AR GRAC 2024 06 23 02 20 50.000000 2   1.875936558871E-11  3.687746635839E-11
AR GRAC 2024 06 23 02 21  0.000000 2   1.894776523181E-11  4.376069645540E-11
AR GRAC 2024 06 23 02 21 10.000000 2   1.663377421912E-11  3.366392581361E-11
AR GRAC 2024 06 23 02 21 20.000000 2   1.679538279287E-11  3.435715253963E-11
AR GRAC 2024 06 23 02 21 30.000000 2   1.855664927275E-11  3.740037793354E-11
AR GRAC 2024 06 23 02 21 40.000000 2   2.174183576231E-11  4.788360333241E-11
AR GRAC 2024 06 23 02 21 50.000000 2   1.757489119514E-11  3.581683213905E-11
AR GRAC 2024 06 23 02 22  0.000000 2   1.964505641494E-11  3.819005181538E-11
AR GRAC 2024 06 23 02 22 10.000000 2   1.789053800938E-11  3.553327423966E-11
AR GRAC 2024 06 23 02 22 20.000000 2   2.112467666071E-11  3.867649603362E-11
AR GRAC 2024 06 23 02 22 30.000000 2   2.050366300355E-11  2.956971126289E-11
AR GRAC 2024 06 23 02 22 40.000000 2   1.753978212671E-11  4.065292893984E-11
AR GRAC 2024 06 23 02 22 50.000000 2   2.231679945008E-11  4.246614518366E-11
AR GRAC 2024 06 23 02 23  0.000000 2   2.220884413873E-11  3.065936393654E-11
AR GRAC 2024 06 23 02 23 10.000000 2   2.035451147908E-11  2.929257877926E-11
AR GRAC 2024 06 23 02 23 20.000000 2   1.756925681329E-11  3.440579071645E-11
AR GRAC 2024 06 23 02 23 30.000000 2   2.030535115050E-11  3.999900410889E-11
AR GRAC 2024 06 23 02 23 40.000000 2   1.982856413785E-11  3.701221620855E-11
AR GRAC 2024 06 23 02 23 50.000000 2   1.800075540015E-11  3.290542491263E-11
AR GRAC 2024 06 23 02 24  0.000000 2   1.944220479055E-11  3.384863223044E-11
AR GRAC 2024 06 23 02 24 10.000000 2   2.440659133129E-11  3.450183888587E-11
AR GRAC 2024 06 23 02 24 20.000000 2   2.050985423163E-11  3.502504536401E-11
AR GRAC 2024 06 23 02 24 30.000000 2   1.664223099607E-11  3.494825262518E-11
AR GRAC 2024 06 23 02 24 40.000000 2   1.612225110359E-11  3.877145479669E-11
AR GRAC 2024 06 23 02 24 50.000000 2   1.855287798391E-11  3.159465744584E-11
AR GRAC 2024 06 23 02 25  0.000000 2   1.961829830532E-11  4.304786041520E-11
AR GRAC 2024 06 23 02 25 10.000000 2   1.856424736157E-11  3.009105811747E-11
AR GRAC 2024 06 23 02 25 20.000000 2   1.759810526469E-11  3.241425877709E-11
AR GRAC 2024 06 23 02 25 30.000000 2   2.030808333997E-11  2.938745427561E-11
AR GRAC 2024 06 23 02 25 40.000000 2   1.823355529063E-11  3.104065268711E-11
AR GRAC 2024 06 23 02 25 50.000000 2   1.671608511333E-11  2.691384788645E-11
AR GRAC 2024 06 23 02 26  0.000000 2   2.150494018971E-11  3.473704310308E-11
AR GRAC 2024 06 23 02 26 10.000000 2   1.968192275825E-11  3.366023779150E-11
AR GRAC 2024 06 23 02 26 20.000000 2   1.990929816842E-11  2.248342831357E-11
AR GRAC 2024 06 23 02 26 30.000000 2   1.838030769252E-11  3.488661790008E-11
AR GRAC 2024 06 23 02 26 40.000000 2   1.831572914168E-11  2.945980959179E-11
AR GRAC 2024 06 23 02 26 50.000000 2   2.027536645521E-11  3.026299696951E-11
AR GRAC 2024 06 23 02 27  0.000000 2   1.809983066203E-11  3.146618382521E-11
AR GRAC 2024 06 23 02 27 10.000000 2   1.606176476543E-11  3.880937238243E-11
AR GRAC 2024 06 23 02 27 20.000000 2   1.650025602262E-11  3.624255756618E-11
AR GRAC 2024 06 23 02 27 30.000000 2   1.743631107554E-11  2.343573772545E-11
AR GRAC 2024 06 23 02 27 40.000000 2   1.794201766325E-11  3.053892208560E-11
AR GRAC 2024 06 23 02 27 50.000000 2   2.002491575337E-11  1.789210272996E-11
AR GRAC 2024 06 23 02 28  0.000000 2   1.829027033995E-11  3.608528059695E-11
AR GRAC 2024 06 23 02 28 10.000000 2   1.824922678251E-11  1.679846192704E-11
AR GRAC 2024 06 23 02 28 20.000000 2   1.782444677967E-11  3.716163834988E-11
AR GRAC 2024 06 23 02 28 30.000000 2   1.984090669538E-11  2.579481593601E-11
AR GRAC 2024 06 23 02 28 40.000000 2   1.699474068417E-11  4.128799385716E-11
AR GRAC 2024 06 23 02 28 50.000000 2   2.065130184914E-11  1.464116501648E-11
AR GRAC 2024 06 23 02 29  0.000000 2   1.853147843511E-11  2.662433815082E-11
AR GRAC 2024 06 23 02 29 10.000000 2   1.790585561767E-11  3.091750813700E-11
AR GRAC 2024 06 23 02 29 20.000000 2   1.654392595141E-11  1.543068103849E-11
AR GRAC 2024 06 23 02 29 30.000000 2   1.660969625727E-11  2.028385098773E-11
AR GRAC 2024 06 23 02 29 40.000000 2   1.759829261483E-11  2.541701918379E-11
AR GRAC 2024 06 23 02 29 50.000000 2   2.093369401435E-11  3.657018438075E-11
AR GRAC 2024 06 23 02 30  0.000000 2   1.416179933739E-11  2.606335286481E-11
AR GRAC 2024 06 23 02 30 10.000000 2   1.755790478286E-11  1.870651723801E-11
AR GRAC 2024 06 23 02 30 20.000000 2   1.794440637748E-11  2.666968035303E-11
AR GRAC 2024 06 23 02 30 30.000000 2   1.726158799231E-11  3.119284344710E-11
AR GRAC 2024 06 23 02 30 40.000000 2   1.925142684156E-11  2.343600313814E-11
AR GRAC 2024 06 23 02 30 50.000000 2   1.884034768473E-11  2.007916229119E-11
AR GRAC 2024 06 23 02 31  0.000000 2   1.536116893408E-11  3.616231966652E-11
AR GRAC 2024 06 23 02 31 10.000000 2   1.649207506671E-11  1.858547864220E-11
AR GRAC 2024 06 23 02 31 20.000000 2   1.775636408741E-11  1.286863584443E-11
AR GRAC 2024 06 23 02 31 30.000000 2   1.363410686434E-11  3.389179215052E-11
AR GRAC 2024 06 23 02 31 40.000000 2   1.641808217157E-11  2.635494600334E-11
AR GRAC 2024 06 23 02 31 50.000000 2   1.563601331744E-11  3.778099361140E-12
AR GRAC 2024 06 23 02 32  0.000000 2   1.730354054486E-11  4.837124797930E-11
AR GRAC 2024 06 23 02 32 10.000000 2   1.723949802357E-11  1.686440050108E-11
AR GRAC 2024 06 23 02 32 20.000000 2   1.324961234478E-11  3.355754910062E-11
AR GRAC 2024 06 23 02 32 30.000000 2   1.718340053580E-11  1.735069726783E-11
AR GRAC 2024 06 23 02 32 40.000000 2   1.731947397998E-11  4.038451973006E-13
AR GRAC 2024 06 23 02 32 50.000000 2   1.353515563518E-11  4.390698915557E-11
AR GRAC 2024 06 23 02 33  0.000000 2   2.008829040612E-11  2.370013386932E-11
AR GRAC 2024 06 23 02 33 10.000000 2   1.885874095775E-11  3.758328023795E-11
AR GRAC 2024 06 23 02 33 20.000000 2   1.503988079909E-11  1.412642051946E-11
AR GRAC 2024 06 23 02 33 30.000000 2   1.448333467047E-11  1.897956097840E-11
AR GRAC 2024 06 23 02 33 40.000000 2   1.256629956342E-11  2.441270276210E-11
AR GRAC 2024 06 23 02 33 50.000000 2   1.600653290468E-11  2.386583985992E-11
AR GRAC 2024 06 23 02 34  0.000000 2   1.081620557009E-11  3.535897616369E-11
AR GRAC 2024 06 23 02 34 10.000000 2   1.363969440865E-11  2.178211430670E-11
AR GRAC 2024 06 23 02 34 20.000000 2   1.148321802230E-11  3.080525071142E-11
AR GRAC 2024 06 23 02 34 30.000000 2   1.276848939080E-11  1.626838420921E-11
AR GRAC 2024 06 23 02 34 40.000000 2   1.556701469119E-11  3.371151621745E-11
AR GRAC 2024 06 23 02 34 50.000000 2   1.175759489769E-11  1.166464667912E-11
AR GRAC 2024 06 23 02 35  0.000000 2   1.268604232080E-11  1.805777576080E-11
AR GRAC 2024 06 23 02 35 10.000000 2   1.349589363875E-11  1.983090601454E-11
AR GRAC 2024 06 23 02 35 20.000000 2   9.155730860966E-12  4.734034345089E-12
AR GRAC 2024 06 23 02 35 30.000000 2   1.332343436966E-11  4.072716122683E-11
AR GRAC 2024 06 23 02 35 40.000000 2   1.139067225958E-11  2.613028717013E-11
AR GRAC 2024 06 23 02 35 50.000000 2   1.433793361816E-11  3.153341129880E-11
AR GRAC 2024 06 23 02 36  0.000000 2   7.268124036647E-12  1.906534175325E-12
AR GRAC 2024 06 23 02 36 10.000000 2   8.741185726635E-12  2.924965478157E-11
AR GRAC 2024 06 23 02 36 20.000000 2   1.028438532252E-11  1.400277723634E-11
AR GRAC 2024 06 23 02 36 30.000000 2   8.347570898404E-12  2.655589637079E-11
AR GRAC 2024 06 23 02 36 40.000000 2   1.149120121974E-11  2.400901526201E-11
AR GRAC 2024 06 23 02 36 50.000000 2   6.405776516866E-12  3.007213228434E-11
AR GRAC 2024 06 23 02 37  0.000000 2   1.561661910898E-11  1.828524831549E-11
AR GRAC 2024 06 23 02 37 10.000000 2   9.281524333826E-12  1.396836205730E-11
AR GRAC 2024 06 23 02 37 20.000000 2   5.874210839973E-12  2.670147609962E-11
AR GRAC 2024 06 23 02 37 30.000000 2   9.081100454944E-12  2.712458903320E-11
AR GRAC 2024 06 23 02 37 40.000000 2   9.525590385917E-12  1.030770174076E-11
AR GRAC 2024 06 23 02 37 50.000000 2   4.229199022238E-12  1.417081035848E-11
AR GRAC 2024 06 23 02 38  0.000000 2   5.879464016340E-12  1.745392025354E-11
AR GRAC 2024 06 23 02 38 10.000000 2   3.600685071284E-12  3.157702918588E-11
AR GRAC 2024 06 23 02 38 20.000000 2   6.393093953533E-12  2.496013465358E-11
AR GRAC 2024 06 23 02 38 30.000000 2   1.019976464400E-11  7.183239680159E-12
AR GRAC 2024 06 23 02 38 40.000000 2   5.684707045372E-12  3.270634457708E-11
AR GRAC 2024 06 23 02 38 50.000000 2   6.665144131057E-12  1.388944688430E-11
AR GRAC 2024 06 23 02 39  0.000000 2   6.681671275294E-12  1.666254807742E-11
AR GRAC 2024 06 23 02 39 10.000000 2   5.951290675543E-12  2.031564846905E-11
AR GRAC 2024 06 23 02 39 20.000000 2   6.759919013444E-12  1.432874825735E-11
AR GRAC 2024 06 23 02 39 30.000000 2   9.257899134807E-12  2.427184668530E-11
AR GRAC 2024 06 23 02 39 40.000000 2   6.747773780708E-12  1.274494485642E-11
AR GRAC 2024 06 23 02 39 50.000000 2   4.794101747529E-12  2.800803859671E-11
AR GRAC 2024 06 23 02 40  0.000000 2   4.005452219902E-12  9.211134459342E-12
AR GRAC 2024 06 23 02 40 10.000000 2   5.278189777608E-12  2.409422834859E-11
AR GRAC 2024 06 23 02 40 20.000000 2   7.085597299866E-12  1.500732003945E-11
AR GRAC 2024 06 23 02 40 30.000000 2   4.029166323499E-12  1.846041201847E-11
AR GRAC 2024 06 23 02 40 40.000000 2   8.040934237896E-12  1.087350175177E-11
AR GRAC 2024 06 23 02 40 50.000000 2   3.802401102315E-12  2.222659209461E-11
AR GRAC 2024 06 23 02 41  0.000000 2   1.296903448349E-12  2.485967855181E-11
AR GRAC 2024 06 23 02 41 10.000000 2   4.024400604430E-12  2.372276507179E-11
AR GRAC 2024 06 23 02 41 20.000000 2   4.212185721747E-12  1.610585102785E-11
AR GRAC 2024 06 23 02 41 30.000000 2   9.573945640180E-14  1.248893349848E-11
AR GRAC 2024 06 23 02 41 40.000000 2   3.807321482825E-13  1.685201631019E-11
AR GRAC 2024 06 23 02 41 50.000000 2   3.549603915919E-13  1.382509818432E-11
AR GRAC 2024 06 23 02 42  0.000000 2   3.153143111195E-12  1.236817852995E-11
AR GRAC 2024 06 23 02 42 10.000000 2   1.986608577295E-12  1.291125800024E-11
AR GRAC 2024 06 23 02 42 20.000000 2  -1.434508111256E-12  1.068433622825E-11
AR GRAC 2024 06 23 02 42 30.000000 2   5.373245793618E-13  1.938741354957E-11
AR GRAC 2024 06 23 02 42 40.000000 2   2.420858218749E-12  6.530489690681E-12
AR GRAC 2024 06 23 02 42 50.000000 2  -1.875547785656E-13  2.788356351369E-11
AR GRAC 2024 06 23 02 43  0.000000 2   1.405805593463E-12  6.856638087166E-12
AR GRAC 2024 06 23 02 43 10.000000 2  -1.846018346865E-12  1.592970720610E-11
AR GRAC 2024 06 23 02 43 20.000000 2  -1.459381118556E-12  2.116277986186E-11
AR GRAC 2024 06 23 02 43 30.000000 2  -2.439581522906E-12  1.507585029037E-11
AR GRAC 2024 06 23 02 43 40.000000 2  -1.204896425688E-12  2.452891882665E-11
AR GRAC 2024 06 23 02 43 50.000000 2  -8.265182700577E-13  1.364198597836E-11
AR GRAC 2024 06 23 02 44  0.000000 2  -2.052934211516E-12 -5.949467806431E-13
AR GRAC 2024 06 23 02 44 10.000000 2   9.903128664335E-13  1.694811825603E-11
AR GRAC 2024 06 23 02 44 20.000000 2  -2.877932701179E-12  1.200118129874E-11
AR GRAC 2024 06 23 02 44 30.000000 2  -5.832823807284E-12  1.083424409215E-11
AR GRAC 2024 06 23 02 44 40.000000 2  -2.535917873261E-12  8.997305504799E-12
AR GRAC 2024 06 23 02 44 50.000000 2  -2.211260905285E-12  7.940366246462E-12
AR GRAC 2024 06 23 02 45  0.000000 2  -2.463872855740E-12  9.263424229078E-12
AR GRAC 2024 06 23 02 45 10.000000 2  -3.070530375099E-12  1.696648203875E-11
AR GRAC 2024 06 23 02 45 20.000000 2  -4.436624245069E-12 -9.180459344116E-12
AR GRAC 2024 06 23 02 45 30.000000 2  -6.017822091336E-12  1.120259527504E-11
AR GRAC 2024 06 23 02 45 40.000000 2  -2.913924527018E-12  5.905650100890E-12
AR GRAC 2024 06 23 02 45 50.000000 2  -8.414695155945E-12  1.221870261220E-11
AR GRAC 2024 06 23 02 46  0.000000 2  -5.865167726493E-12  8.051754575578E-12
AR GRAC 2024 06 23 02 46 10.000000 2  -3.474671505382E-12  1.769480569014E-11
AR GRAC 2024 06 23 02 46 20.000000 2  -6.905336545626E-12 -5.912143604542E-12
AR GRAC 2024 06 23 02 46 30.000000 2  -4.134549473622E-12  3.190903921299E-12
AR GRAC 2024 06 23 02 46 40.000000 2  -7.144290367633E-12  1.053395044803E-11
AR GRAC 2024 06 23 02 46 50.000000 2  -9.793606897679E-12  5.906997981031E-12
AR GRAC 2024 06 23 02 47  0.000000 2  -4.184591041734E-12 -4.879956248122E-12
AR GRAC 2024 06 23 02 47 10.000000 2  -9.876529281916E-12  8.373086078650E-12
AR GRAC 2024 06 23 02 47 20.000000 2  -6.449843263645E-12  2.547612815151E-11
AR GRAC 2024 06 23 02 47 30.000000 2  -7.102666111508E-12  2.029170017778E-12
AR GRAC 2024 06 23 02 47 40.000000 2  -1.031632765325E-11  1.722209722922E-12
AR GRAC 2024 06 23 02 47 50.000000 2  -9.244535692510E-12 -8.764750210333E-12
AR GRAC 2024 06 23 02 48  0.000000 2  -1.060033744810E-11  4.428286730362E-12
AR GRAC 2024 06 23 02 48 10.000000 2  -9.370948461651E-12  7.461323225932E-12
AR GRAC 2024 06 23 02 48 20.000000 2  -6.590911844073E-12  4.544359680225E-12
AR GRAC 2024 06 23 02 48 30.000000 2  -1.079806469934E-11  1.202739210310E-11
AR GRAC 2024 06 23 02 48 40.000000 2  -8.561588937805E-12 -6.289573462742E-12
AR GRAC 2024 06 23 02 48 50.000000 2  -1.170673974427E-11  6.923457467056E-12
AR GRAC 2024 06 23 02 49  0.000000 2  -7.951837105447E-12 -5.003510626655E-12
AR GRAC 2024 06 23 02 49 10.000000 2  -1.012748478829E-11 -6.090481417809E-12
AR GRAC 2024 06 23 02 49 20.000000 2  -1.047558827877E-11  1.446254747905E-11
AR GRAC 2024 06 23 02 49 30.000000 2  -1.365383413970E-11  9.115572879859E-12
AR GRAC 2024 06 23 02 49 40.000000 2  -1.071507292616E-11 -2.581399720716E-12
AR GRAC 2024 06 23 02 49 50.000000 2  -1.375198132453E-11 -3.328375552600E-12
AR GRAC 2024 06 23 02 50  0.000000 2  -1.039035090605E-11  1.219464806912E-11
AR GRAC 2024 06 23 02 50 10.000000 2  -1.290380562818E-11 -3.482329225327E-12
AR GRAC 2024 06 23 02 50 20.000000 2  -1.423804563833E-11  2.860692368753E-12
AR GRAC 2024 06 23 02 50 30.000000 2  -1.281407358694E-11  4.303711900744E-12
AR GRAC 2024 06 23 02 50 40.000000 2  -1.422912308813E-11 -1.464326923606E-11
AR GRAC 2024 06 23 02 50 50.000000 2  -1.236965217755E-11  5.089748934817E-12
AR GRAC 2024 06 23 02 51  0.000000 2  -1.392026858366E-11  1.512276415205E-11
AR GRAC 2024 06 23 02 51 10.000000 2  -1.134730937685E-11  1.995779409791E-12
AR GRAC 2024 06 23 02 51 20.000000 2  -1.617748816851E-11 -1.497120483140E-11
AR GRAC 2024 06 23 02 51 30.000000 2  -1.452505130062E-11 -5.428192617618E-12
AR GRAC 2024 06 23 02 51 40.000000 2  -1.459490688027E-11 -2.585180984213E-12
AR GRAC 2024 06 23 02 51 50.000000 2  -1.524809271902E-11 -8.802170797795E-12
AR GRAC 2024 06 23 02 52  0.000000 2  -1.813190569910E-11  8.030837279904E-12
AR GRAC 2024 06 23 02 52 10.000000 2  -1.553277471922E-11  3.173847252722E-12
AR GRAC 2024 06 23 02 52 20.000000 2  -1.770379502719E-11 -1.124314617101E-11
AR GRAC 2024 06 23 02 52 30.000000 2  -1.497648012549E-11 -1.211014188235E-11
AR GRAC 2024 06 23 02 52 40.000000 2  -1.675387779898E-11 -7.987135258736E-12
AR GRAC 2024 06 23 02 52 50.000000 2  -1.750202933970E-11 -1.045413408618E-11
AR GRAC 2024 06 23 02 53  0.000000 2  -2.064748719222E-11  7.438869832621E-12
AR GRAC 2024 06 23 02 53 10.000000 2  -1.467921270648E-11 -1.126812879115E-11
AR GRAC 2024 06 23 02 53 20.000000 2  -1.871297214406E-11 -5.515130453021E-12
AR GRAC 2024 06 23 02 53 30.000000 2  -1.805121677134E-11 -3.392130977151E-12
AR GRAC 2024 06 23 02 53 40.000000 2  -2.084676702097E-11 -1.713913212742E-11
AR GRAC 2024 06 23 02 53 50.000000 2  -2.078383992687E-11 -2.086136818846E-12
AR GRAC 2024 06 23 02 54  0.000000 2  -1.904107253814E-11  1.968580734622E-13
AR GRAC 2024 06 23 02 54 10.000000 2  -1.883442707351E-11 -2.773014803892E-11
AR GRAC 2024 06 23 02 54 20.000000 2  -1.832683831082E-11  4.428449523319E-13
AR GRAC 2024 06 23 02 54 30.000000 2  -1.622069666085E-11 -1.208416439830E-11
AR GRAC 2024 06 23 02 54 40.000000 2  -1.829126607122E-11 -2.211173952271E-12
AR GRAC 2024 06 23 02 54 50.000000 2  -1.893556318688E-11 -1.068818471228E-11
AR GRAC 2024 06 23 02 55  0.000000 2  -2.148304797944E-11 -6.235195953302E-12
AR GRAC 2024 06 23 02 55 10.000000 2  -2.038187847664E-11 -1.902221088979E-11
AR GRAC 2024 06 23 02 55 20.000000 2  -2.018445133256E-11 -1.849922298680E-11
AR GRAC 2024 06 23 02 55 30.000000 2  -1.915121013163E-11 -1.516240475188E-12
AR GRAC 2024 06 23 02 55 40.000000 2  -2.023724417211E-11 -1.153325612097E-11
AR GRAC 2024 06 23 02 55 50.000000 2  -2.172882186680E-11 -8.027417977303E-14
AR GRAC 2024 06 23 02 56  0.000000 2  -1.875834210185E-11 -3.267292686404E-12
AR GRAC 2024 06 23 02 56 10.000000 2  -2.087562588071E-11 -1.946431384126E-11
AR GRAC 2024 06 23 02 56 20.000000 2  -2.162166799768E-11 -1.161133515726E-11
AR GRAC 2024 06 23 02 56 30.000000 2  -2.225683005952E-11 -9.588357885448E-12
AR GRAC 2024 06 23 02 56 40.000000 2  -2.108213083274E-11 -4.605381614259E-12
AR GRAC 2024 06 23 02 56 50.000000 2  -1.968796306540E-11 -1.706240877752E-11
AR GRAC 2024 06 23 02 57  0.000000 2  -2.376875606058E-11 -3.009432763754E-12
AR GRAC 2024 06 23 02 57 10.000000 2  -2.207523400188E-11 -7.176459513453E-12
AR GRAC 2024 06 23 02 57 20.000000 2  -2.220522897500E-11 -2.403488649425E-12
AR GRAC 2024 06 23 02 57 30.000000 2  -2.339633348170E-11 -2.487052057354E-11
AR GRAC 2024 06 23 02 57 40.000000 2  -2.156021021438E-11 -1.317755019686E-11
AR GRAC 2024 06 23 02 57 50.000000 2  -2.155270233117E-11 -1.878458152915E-11
AR GRAC 2024 06 23 02 58  0.000000 2  -1.926289162901E-11 -2.971614057254E-12
AR GRAC 2024 06 23 02 58 10.000000 2  -1.954495593148E-11 -1.265865103711E-11
AR GRAC 2024 06 23 02 58 20.000000 2  -2.274287702608E-11 -1.824568621189E-11
AR GRAC 2024 06 23 02 58 30.000000 2  -2.492841003066E-11 -4.782722828889E-12
AR GRAC 2024 06 23 02 58 40.000000 2  -2.222725128953E-11 -1.682976154271E-11
AR GRAC 2024 06 23 02 58 50.000000 2  -2.392182112121E-11 -1.629680071447E-11
AR GRAC 2024 06 23 02 59  0.000000 2  -2.241439672757E-11 -1.237384153474E-11
AR GRAC 2024 06 23 02 59 10.000000 2  -2.286218089842E-11 -2.287088227138E-11
AR GRAC 2024 06 23 02 59 20.000000 2  -2.461714339319E-11  3.762074853031E-12
AR GRAC 2024 06 23 02 59 30.000000 2  -1.937675540853E-11 -1.986496904471E-11
AR GRAC 2024 06 23 02 59 40.000000 2  -2.613335589596E-11 -1.789201599378E-11
AR GRAC 2024 06 23 02 59 50.000000 2  -2.544541313765E-11 -9.729060439223E-12
AR GRAC 2024 06 23 03 00  0.000000 2  -2.085805139718E-11 -2.146610840470E-11
AR GRAC 2024 06 23 03 00 10.000000 2  -2.866343273844E-11 -3.763156019437E-12
AR GRAC 2024 06 23 03 00 20.000000 2  -2.473474376707E-11 -1.375020756977E-11
AR GRAC 2024 06 23 03 00 30.000000 2  -2.422244696487E-11 -1.192725779253E-11
AR GRAC 2024 06 23 03 00 40.000000 2  -1.747026655285E-11 -9.254311726659E-12
AR GRAC 2024 06 23 03 00 50.000000 2  -2.251122899199E-11 -9.221364123679E-12
AR GRAC 2024 06 23 03 01  0.000000 2  -2.770963666854E-11 -1.771841874609E-11
AR GRAC 2024 06 23 03 01 10.000000 2  -2.411125465951E-11 -1.687547497575E-11
AR GRAC 2024 06 23 03 01 20.000000 2  -2.291928972997E-11 -8.422533503971E-12
AR GRAC 2024 06 23 03 01 30.000000 2  -2.572462902417E-11 -1.820958835108E-11
AR GRAC 2024 06 23 03 01 40.000000 2  -2.657591854915E-11 -8.386649881509E-12
AR GRAC 2024 06 23 03 01 50.000000 2  -2.465331758184E-11 -1.604370976349E-11
AR GRAC 2024 06 23 03 02  0.000000 2  -2.334746458665E-11 -2.902077363143E-11
AR GRAC 2024 06 23 03 02 10.000000 2  -2.403648113880E-11 -1.753783403224E-11
AR GRAC 2024 06 23 03 02 20.000000 2  -2.504281504390E-11 -1.995490057916E-11
AR GRAC 2024 06 23 03 02 30.000000 2  -2.326547461629E-11 -7.281964961581E-12
AR GRAC 2024 06 23 03 02 40.000000 2  -2.039559666989E-11 -1.797903319278E-11
AR GRAC 2024 06 23 03 02 50.000000 2  -2.334035742457E-11 -1.478609769345E-11
AR GRAC 2024 06 23 03 03  0.000000 2  -2.357949946408E-11 -1.474316849159E-11
AR GRAC 2024 06 23 03 03 10.000000 2  -2.282891757577E-11 -2.600238383985E-12
AR GRAC 2024 06 23 03 03 20.000000 2  -2.617571090435E-11 -1.242730918172E-11
AR GRAC 2024 06 23 03 03 30.000000 2  -2.696828003967E-11 -3.266438161620E-11
AR GRAC 2024 06 23 03 03 40.000000 2  -2.723169606478E-11 -1.852145693759E-11
AR GRAC 2024 06 23 03 03 50.000000 2  -2.458859851839E-11 -1.979853087031E-11
AR GRAC 2024 06 23 03 04  0.000000 2  -2.542024923891E-11 -2.722560545065E-11
AR GRAC 2024 06 23 03 04 10.000000 2  -2.501643336927E-11 -7.326840414761E-13
AR GRAC 2024 06 23 03 04 20.000000 2  -2.381004941820E-11 -3.450976310271E-11
AR GRAC 2024 06 23 03 04 30.000000 2  -2.328606578395E-11 -2.138684195019E-11
AR GRAC 2024 06 23 03 04 40.000000 2  -2.433214220388E-11 -2.013392230715E-11
AR GRAC 2024 06 23 03 04 50.000000 2  -2.355008028865E-11 -2.176100445672E-11
AR GRAC 2024 06 23 03 05  0.000000 2  -2.752758090918E-11 -1.210808796975E-11
AR GRAC 2024 06 23 03 05 10.000000 2  -2.797414383471E-11 -1.418517213414E-11
AR GRAC 2024 06 23 03 05 20.000000 2  -2.475886162756E-11 -1.189225887904E-11
AR GRAC 2024 06 23 03 05 30.000000 2  -2.377793448249E-11 -1.876934371814E-11
AR GRAC 2024 06 23 03 05 40.000000 2  -2.449099603674E-11 -1.128643272591E-11
AR GRAC 2024 06 23 03 05 50.000000 2  -2.602406137808E-11 -2.133352175471E-11
AR GRAC 2024 06 23 03 06  0.000000 2  -2.838128690397E-11 -2.612061261731E-11
AR GRAC 2024 06 23 03 06 10.000000 2  -2.054333439472E-11 -2.570770332722E-11
AR GRAC 2024 06 23 03 06 20.000000 2  -2.417962705059E-11 -1.690479700667E-11
AR GRAC 2024 06 23 03 06 30.000000 2  -2.547567191924E-11 -1.693188991791E-11
AR GRAC 2024 06 23 03 06 40.000000 2  -2.402289131509E-11 -2.860898670742E-11
AR GRAC 2024 06 23 03 06 50.000000 2  -2.772778534554E-11 -2.504608152820E-11
AR GRAC 2024 06 23 03 07  0.000000 2  -2.438478585720E-11 -2.139317716032E-11
AR GRAC 2024 06 23 03 07 10.000000 2  -2.376817492822E-11 -7.310277383432E-12
AR GRAC 2024 06 23 03 07 20.000000 2  -2.432356746573E-11 -2.186737770027E-11
AR GRAC 2024 06 23 03 07 30.000000 2  -2.427857914711E-11 -2.753447816972E-11
AR GRAC 2024 06 23 03 07 40.000000 2  -2.308510847759E-11 -1.991579644256E-12
AR GRAC 2024 06 23 03 07 50.000000 2  -1.947834255001E-11 -2.314868435827E-11
AR GRAC 2024 06 23 03 08  0.000000 2  -2.619923895886E-11 -3.020578578927E-11
AR GRAC 2024 06 23 03 08 10.000000 2  -2.424305547977E-11 -1.177289342402E-11
AR GRAC 2024 06 23 03 08 20.000000 2  -2.508623170305E-11 -2.421999927005E-11
AR GRAC 2024 06 23 03 08 30.000000 2  -2.508701753279E-11 -2.459710907177E-11
AR GRAC 2024 06 23 03 08 40.000000 2  -2.292386419578E-11 -1.544421882049E-11
AR GRAC 2024 06 23 03 08 50.000000 2  -2.119443336113E-11 -2.765132740834E-11
AR GRAC 2024 06 23 03 09  0.000000 2  -2.103408419663E-11 -2.220843994816E-11
AR GRAC 2024 06 23 03 09 10.000000 2  -2.466394102840E-11 -1.669555119155E-11
AR GRAC 2024 06 23 03 09 20.000000 2  -2.117758052256E-11 -1.731266692506E-11
AR GRAC 2024 06 23 03 09 30.000000 2  -2.110252250720E-11 -1.045978147846E-11
AR GRAC 2024 06 23 03 09 40.000000 2  -1.980493546938E-11 -2.653689941401E-11
AR GRAC 2024 06 23 03 09 50.000000 2  -2.157485128051E-11 -1.737401715551E-11
AR GRAC 2024 06 23 03 10  0.000000 2  -2.033521614986E-11 -2.933113474324E-11
AR GRAC 2024 06 23 03 10 10.000000 2  -1.994408804773E-11 -1.785825480549E-11
AR GRAC 2024 06 23 03 10 20.000000 2  -1.966565799094E-11 -1.523537546122E-11
AR GRAC 2024 06 23 03 10 30.000000 2  -2.139972574144E-11 -1.479249882308E-11
AR GRAC 2024 06 23 03 10 40.000000 2  -1.946604683001E-11 -2.445962182795E-11
AR GRAC 2024 06 23 03 10 50.000000 2  -2.214239729070E-11 -2.656674533141E-11
AR GRAC 2024 06 23 03 11  0.000000 2  -1.975448277181E-11 -2.585387286203E-11
AR GRAC 2024 06 23 03 11 10.000000 2  -1.567911946110E-11 -1.430099788591E-11
AR GRAC 2024 06 23 03 11 20.000000 2  -1.692157351740E-11 -7.918127091500E-12
AR GRAC 2024 06 23 03 11 30.000000 2  -1.931824318568E-11 -1.420525849727E-11
AR GRAC 2024 06 23 03 11 40.000000 2  -1.619978630407E-11 -3.579238988527E-11
AR GRAC 2024 06 23 03 11 50.000000 2  -2.032373921934E-11 -1.507951923052E-11
AR GRAC 2024 06 23 03 12  0.000000 2  -2.051857642127E-11 -2.238665156029E-11
AR GRAC 2024 06 23 03 12 10.000000 2  -1.648237102359E-11 -2.181378515320E-11
AR GRAC 2024 06 23 03 12 20.000000 2  -2.331418912094E-11 -1.758092282866E-11
AR GRAC 2024 06 23 03 12 30.000000 2  -1.894329658414E-11 -1.915805881991E-11
AR GRAC 2024 06 23 03 12 40.000000 2  -1.594235160551E-11 -9.985196697260E-12
AR GRAC 2024 06 23 03 12 50.000000 2  -1.422182163702E-11 -2.216233620234E-11
AR GRAC 2024 06 23 03 13  0.000000 2  -1.681299023615E-11 -1.886947542662E-11
AR GRAC 2024 06 23 03 13 10.000000 2  -1.979298495935E-11 -6.836615908806E-12
AR GRAC 2024 06 23 03 13 20.000000 2  -1.806804705851E-11 -1.658375867186E-11
AR GRAC 2024 06 23 03 13 30.000000 2  -1.269836839846E-11 -1.926090363591E-11
AR GRAC 2024 06 23 03 13 40.000000 2  -1.933705279233E-11 -2.703804888315E-11
AR GRAC 2024 06 23 03 13 50.000000 2  -1.610486570491E-11 -1.081519249158E-11
AR GRAC 2024 06 23 03 14  0.000000 2  -1.609796150548E-11 -5.312340411318E-12
AR GRAC 2024 06 23 03 14 10.000000 2  -2.106431695736E-11 -1.660948982518E-11
AR GRAC 2024 06 23 03 14 20.000000 2  -1.465735172124E-11 -1.993663741040E-11
AR GRAC 2024 06 23 03 14 30.000000 2  -1.496524952571E-11 -2.367379035861E-11
AR GRAC 2024 06 23 03 14 40.000000 2  -1.293533856417E-11 -9.760941187265E-12
AR GRAC 2024 06 23 03 14 50.000000 2  -1.982952690938E-11 -1.489809491051E-11
AR GRAC 2024 06 23 03 15  0.000000 2  -1.756065952374E-11 -1.363524917974E-11
AR GRAC 2024 06 23 03 15 10.000000 2  -1.623593967603E-11 -2.395240256137E-11
AR GRAC 2024 06 23 03 15 20.000000 2  -1.538047814109E-11 -1.658956132189E-11
AR GRAC 2024 06 23 03 15 30.000000 2  -1.436733804844E-11 -7.456719269827E-12
AR GRAC 2024 06 23 03 15 40.000000 2  -1.393032477565E-11 -1.110387823355E-11
AR GRAC 2024 06 23 03 15 50.000000 2  -1.660376870716E-11 -2.187103796680E-11
AR GRAC 2024 06 23 03 16  0.000000 2  -1.361603798461E-11 -1.218819923460E-11
AR GRAC 2024 06 23 03 16 10.000000 2  -1.810645557099E-11 -1.586536284293E-11
AR GRAC 2024 06 23 03 16 20.000000 2  -1.273008348041E-11  1.747434221790E-14
AR GRAC 2024 06 23 03 16 30.000000 2  -1.407219393096E-11 -2.194969032920E-11
AR GRAC 2024 06 23 03 16 40.000000 2  -1.699101449815E-11 -1.445685758605E-11
AR GRAC 2024 06 23 03 16 50.000000 2  -1.396462546294E-11 -3.534025285953E-12
AR GRAC 2024 06 23 03 17  0.000000 2  -1.326371391192E-11 -9.761193589530E-12
AR GRAC 2024 06 23 03 17 10.000000 2  -1.773825530904E-11 -5.368362438612E-12
AR GRAC 2024 06 23 03 17 20.000000 2  -8.586810949784E-12 -2.769553510140E-11
AR GRAC 2024 06 23 03 17 30.000000 2  -1.135471317665E-11  2.947294535163E-12
AR GRAC 2024 06 23 03 17 40.000000 2  -1.530242425829E-11 -3.223988090384E-11
AR GRAC 2024 06 23 03 17 50.000000 2  -1.063510217392E-11 -1.300705463475E-11
AR GRAC 2024 06 23 03 18  0.000000 2  -1.155924835017E-11 -8.834229354993E-12
AR GRAC 2024 06 23 03 18 10.000000 2  -1.195698921819E-11 -1.476140737422E-11
AR GRAC 2024 06 23 03 18 20.000000 2  -1.245951172096E-11 -1.163858419362E-11
AR GRAC 2024 06 23 03 18 30.000000 2  -1.342848141711E-11  1.684236300772E-12
AR GRAC 2024 06 23 03 18 40.000000 2  -1.193542313593E-11 -2.752944140011E-12
AR GRAC 2024 06 23 03 18 50.000000 2  -1.335315278489E-11 -1.092012678200E-11
AR GRAC 2024 06 23 03 19  0.000000 2  -1.001439643017E-11  2.026922873251E-13
AR GRAC 2024 06 23 03 19 10.000000 2  -1.117754239860E-11 -1.394449312964E-11
AR GRAC 2024 06 23 03 19 20.000000 2  -1.029300169403E-11 -1.199167761617E-11
AR GRAC 2024 06 23 03 19 30.000000 2  -1.313436165384E-11  2.411357788792E-13
AR GRAC 2024 06 23 03 19 40.000000 2  -8.897431402755E-12 -1.295605289720E-11
AR GRAC 2024 06 23 03 19 50.000000 2  -1.277902002966E-11 -8.283240413021E-12
AR GRAC 2024 06 23 03 20  0.000000 2  -8.567032500073E-12  8.419569728912E-12
AR GRAC 2024 06 23 03 20 10.000000 2  -9.479429394221E-12 -2.267621203658E-12
AR GRAC 2024 06 23 03 20 20.000000 2  -7.697496286208E-12 -1.205481374444E-11
AR GRAC 2024 06 23 03 20 30.000000 2  -9.562426371568E-12 -9.422007445081E-12
AR GRAC 2024 06 23 03 20 40.000000 2  -9.999350306100E-12 -1.639202228815E-12
AR GRAC 2024 06 23 03 20 50.000000 2  -7.439236726636E-12 -2.186397764226E-12
AR GRAC 2024 06 23 03 21  0.000000 2  -7.893428098649E-12  7.586404594806E-12
AR GRAC 2024 06 23 03 21 10.000000 2  -7.923012072808E-12 -9.770793549246E-12
AR GRAC 2024 06 23 03 21 20.000000 2  -7.504540391889E-12 -3.147991849833E-12
AR GRAC 2024 06 23 03 21 30.000000 2  -9.476195869662E-12 -1.165193267393E-12
AR GRAC 2024 06 23 03 21 40.000000 2  -7.949102313887E-12 -5.262395120359E-12
AR GRAC 2024 06 23 03 21 50.000000 2  -8.626036517023E-12  5.310402725195E-12
AR GRAC 2024 06 23 03 22  0.000000 2  -6.297395330895E-12  4.613197844561E-12
AR GRAC 2024 06 23 03 22 10.000000 2  -7.290445157293E-12 -6.524006595371E-12
AR GRAC 2024 06 23 03 22 20.000000 2  -5.346657144800E-12 -3.591213697945E-12
AR GRAC 2024 06 23 03 22 30.000000 2  -7.685099952248E-12  2.086157982473E-11
AR GRAC 2024 06 23 03 22 40.000000 2  -4.813740118320E-12 -3.265630604474E-12
AR GRAC 2024 06 23 03 22 50.000000 2  -1.060581050066E-11  7.257160150598E-12
AR GRAC 2024 06 23 03 23  0.000000 2  -6.313360858407E-12 -5.010050967841E-12
AR GRAC 2024 06 23 03 23 10.000000 2  -6.656365129226E-12  1.230273608682E-11
AR GRAC 2024 06 23 03 23 20.000000 2  -6.284622561942E-12 -6.447827569176E-14
AR GRAC 2024 06 23 03 23 30.000000 2  -5.491189100648E-12  4.398308106612E-12
AR GRAC 2024 06 23 03 23 40.000000 2  -5.186047338096E-12 -2.288907344911E-12
AR GRAC 2024 06 23 03 23 50.000000 2  -5.216219817195E-12  9.543873503992E-12
AR GRAC 2024 06 23 03 24  0.000000 2  -4.896396656184E-12  4.676656197716E-12
AR GRAC 2024 06 23 03 24 10.000000 2  -3.169562052055E-12  8.979436118273E-12
AR GRAC 2024 06 23 03 24 20.000000 2  -2.401878175518E-12  1.553221613826E-11
AR GRAC 2024 06 23 03 24 30.000000 2  -4.718009403298E-12 -1.515005785754E-12
AR GRAC 2024 06 23 03 24 40.000000 2  -3.942788803779E-12  1.726777054678E-11
AR GRAC 2024 06 23 03 24 50.000000 2  -7.398455979801E-12  2.105453669483E-13
AR GRAC 2024 06 23 03 25  0.000000 2  -1.536208009759E-12  6.633321062571E-12
AR GRAC 2024 06 23 03 25 10.000000 2  -4.873016920537E-12  2.924609165955E-11
AR GRAC 2024 06 23 03 25 20.000000 2  -5.750109589864E-12  1.198886649678E-11
AR GRAC 2024 06 23 03 25 30.000000 2  -1.707826588482E-12  2.611636818264E-12
AR GRAC 2024 06 23 03 25 40.000000 2  -6.651008736813E-12  1.104440584127E-11
AR GRAC 2024 06 23 03 25 50.000000 2  -2.726805543515E-12 -1.019282401538E-11
AR GRAC 2024 06 23 03 26  0.000000 2  -2.045547542115E-12  1.083994265877E-11
AR GRAC 2024 06 23 03 26 10.000000 2  -1.318086590395E-12  1.658270916416E-11
AR GRAC 2024 06 23 03 26 20.000000 2  -2.998620449168E-12  1.198547424502E-11
AR GRAC 2024 06 23 03 26 30.000000 2   3.670258270482E-13  1.349823638280E-11
AR GRAC 2024 06 23 03 26 40.000000 2   9.317589424627E-15  1.603100117931E-11
AR GRAC 2024 06 23 03 26 50.000000 2  -2.626168813663E-12  1.269376097290E-11
AR GRAC 2024 06 23 03 27  0.000000 2  -5.806733674625E-13  1.386652251356E-11
AR GRAC 2024 06 23 03 27 10.000000 2  -1.691709489507E-12  6.599281017483E-12
AR GRAC 2024 06 23 03 27 20.000000 2  -2.492766464166E-13  9.902038390630E-12
AR GRAC 2024 06 23 03 27 30.000000 2   4.948466427747E-14  6.754796375019E-12
AR GRAC 2024 06 23 03 27 40.000000 2  -9.447201050963E-13  1.573755188666E-11
AR GRAC 2024 06 23 03 27 50.000000 2  -1.162887603053E-12  6.780306351095E-12
AR GRAC 2024 06 23 03 28  0.000000 2  -2.499926481103E-12  1.232305837234E-11
AR GRAC 2024 06 23 03 28 10.000000 2  -1.017585972082E-12  1.059581068719E-11
AR GRAC 2024 06 23 03 28 20.000000 2   1.659295937413E-13  7.628561844719E-12
AR GRAC 2024 06 23 03 28 30.000000 2   2.187833247902E-12  1.909131186473E-11
AR GRAC 2024 06 23 03 28 40.000000 2   2.910380053275E-12  1.487405858203E-11
AR GRAC 2024 06 23 03 28 50.000000 2   2.093505707332E-12 -7.533193686904E-12
AR GRAC 2024 06 23 03 29  0.000000 2   2.625638205120E-12  1.399955325276E-11
AR GRAC 2024 06 23 03 29 10.000000 2  -1.121052686445E-12  1.486229715686E-11
AR GRAC 2024 06 23 03 29 20.000000 2  -3.127455163333E-13  1.895041849137E-12
AR GRAC 2024 06 23 03 29 30.000000 2   3.005286124125E-12  5.307784593789E-12
AR GRAC 2024 06 23 03 29 40.000000 2   3.548971012901E-12  5.960525475968E-12
AR GRAC 2024 06 23 03 29 50.000000 2   2.066525986791E-12  2.907326289436E-11
AR GRAC 2024 06 23 03 30  0.000000 2   3.362314333205E-12  1.293600383062E-11
AR GRAC 2024 06 23 03 30 10.000000 2  -1.247600221917E-12  1.839874259890E-11
AR GRAC 2024 06 23 03 30 20.000000 2   4.632954610229E-12  1.449147919719E-11
AR GRAC 2024 06 23 03 30 30.000000 2   1.331643129099E-12  7.734213443300E-12
AR GRAC 2024 06 23 03 30 40.000000 2   5.096202106147E-12  1.649694790495E-11
AR GRAC 2024 06 23 03 30 50.000000 2  -9.533411386708E-13  1.132968111689E-11
AR GRAC 2024 06 23 03 31  0.000000 2   5.203693812655E-12  2.076241262250E-11
AR GRAC 2024 06 23 03 31 10.000000 2   1.494530627727E-12  2.378514399326E-11
AR GRAC 2024 06 23 03 31 20.000000 2   5.672599109191E-12 -1.252127850189E-12
AR GRAC 2024 06 23 03 31 30.000000 2   7.627293761858E-12  1.824060173738E-11
AR GRAC 2024 06 23 03 31 40.000000 2   2.853423877389E-12  1.978332775376E-11
AR GRAC 2024 06 23 03 31 50.000000 2   3.122667055488E-12  3.017605262889E-11
AR GRAC 2024 06 23 03 32  0.000000 2   2.446479433968E-12  6.898779290887E-12
AR GRAC 2024 06 23 03 32 10.000000 2   4.649316088373E-12  1.410150208409E-11
AR GRAC 2024 06 23 03 32 20.000000 2   1.980617926611E-12  2.045422685393E-11
AR GRAC 2024 06 23 03 32 30.000000 2   4.860827886033E-12  1.026694528006E-11
AR GRAC 2024 06 23 03 32 40.000000 2   3.176742072522E-12  2.546966630657E-11
AR GRAC 2024 06 23 03 32 50.000000 2   4.619696118702E-12  1.018238444950E-11
AR GRAC 2024 06 23 03 33  0.000000 2   3.778210383443E-12  2.936510062890E-11
AR GRAC 2024 06 23 03 33 10.000000 2   1.028942382686E-11  1.117781908699E-11
AR GRAC 2024 06 23 03 33 20.000000 2   2.506600395996E-12  2.481053383574E-11
AR GRAC 2024 06 23 03 33 30.000000 2   5.348566641666E-12  1.870324901898E-11
AR GRAC 2024 06 23 03 33 40.000000 2   5.665664118415E-12  3.581596130786E-11
AR GRAC 2024 06 23 03 33 50.000000 2   8.715791977032E-12  1.414867181748E-11
AR GRAC 2024 06 23 03 34  0.000000 2   2.065758588493E-12  1.389138370306E-11
AR GRAC 2024 06 23 03 34 10.000000 2   7.321588647857E-12  3.511409218948E-11
AR GRAC 2024 06 23 03 34 20.000000 2   1.000955308222E-11  1.929679853407E-11
AR GRAC 2024 06 23 03 34 30.000000 2   4.324195949229E-12  1.861950697790E-11
AR GRAC 2024 06 23 03 34 40.000000 2   6.205537386034E-13  2.597221222811E-11
AR GRAC 2024 06 23 03 34 50.000000 2   7.263710032762E-12  3.954917556642E-12
AR GRAC 2024 06 23 03 35  0.000000 2   7.662706406897E-12  3.402762099869E-11
AR GRAC 2024 06 23 03 35 10.000000 2   3.974688633779E-12  1.657032323854E-11
AR GRAC 2024 06 23 03 35 20.000000 2   7.486162731385E-12  3.216302224551E-11
AR GRAC 2024 06 23 03 35 30.000000 2   1.948480656336E-12  1.817572307938E-11
AR GRAC 2024 06 23 03 35 40.000000 2   8.319699963677E-12  2.073842139683E-11
AR GRAC 2024 06 23 03 35 50.000000 2   5.972315090391E-12  3.689111516270E-11
AR GRAC 2024 06 23 03 36  0.000000 2   6.529818352696E-12  1.704381601131E-11
AR GRAC 2024 06 23 03 36 10.000000 2   6.131011497101E-12  1.213651054655E-11
AR GRAC 2024 06 23 03 36 20.000000 2   7.744237542906E-12  2.900920302584E-11
AR GRAC 2024 06 23 03 36 30.000000 2   6.741178795733E-12  2.842189851526E-11
AR GRAC 2024 06 23 03 36 40.000000 2   9.767579106645E-12  2.396458899379E-11
AR GRAC 2024 06 23 03 36 50.000000 2   6.492177455353E-12  2.897727890971E-11
AR GRAC 2024 06 23 03 37  0.000000 2   9.020484879885E-12  1.522996832815E-11
AR GRAC 2024 06 23 03 37 10.000000 2   1.148974231729E-11  1.932265632221E-11
AR GRAC 2024 06 23 03 37 20.000000 2   5.658571267803E-12  2.381534205953E-11
AR GRAC 2024 06 23 03 37 30.000000 2   5.954065799424E-12  1.640802771430E-11
AR GRAC 2024 06 23 03 37 40.000000 2   8.298114799465E-12  1.992071264889E-11
AR GRAC 2024 06 23 03 37 50.000000 2   9.638321391003E-12  3.002339349356E-11
AR GRAC 2024 06 23 03 38  0.000000 2   6.759465383255E-12  3.311607932321E-11
AR GRAC 2024 06 23 03 38 10.000000 2   1.126998841472E-11  3.402875897729E-11
AR GRAC 2024 06 23 03 38 20.000000 2   8.332917689202E-12  2.847143874829E-11
AR GRAC 2024 06 23 03 38 30.000000 2   8.907609892750E-12  2.866411621949E-11
AR GRAC 2024 06 23 03 38 40.000000 2   1.247046823444E-11  1.890679453276E-11
AR GRAC 2024 06 23 03 38 50.000000 2   7.330071445655E-12  2.390946989006E-11
AR GRAC 2024 06 23 03 39  0.000000 2   8.448330576782E-12  3.467214362840E-11
AR GRAC 2024 06 23 03 39 10.000000 2   9.694270559912E-12  2.573481878987E-11
AR GRAC 2024 06 23 03 39 20.000000 2   8.256775471671E-12  2.277748996360E-11
AR GRAC 2024 06 23 03 39 30.000000 2   8.679664625921E-12  3.387016361822E-11
AR GRAC 2024 06 23 03 39 40.000000 2   1.250310445455E-11  2.747283130156E-11
AR GRAC 2024 06 23 03 39 50.000000 2   6.169792975130E-12  2.845550184372E-11
AR GRAC 2024 06 23 03 40  0.000000 2   1.023793116256E-11  2.884816864557E-11
AR GRAC 2024 06 23 03 40 10.000000 2   7.935897598788E-12  8.010835918226E-12
AR GRAC 2024 06 23 03 40 20.000000 2   8.978960804040E-12  3.562350067710E-11
AR GRAC 2024 06 23 03 40 30.000000 2   1.177437314315E-11  1.837616343814E-11
AR GRAC 2024 06 23 03 40 40.000000 2   7.852279590437E-12  3.815882679281E-11
AR GRAC 2024 06 23 03 40 50.000000 2   1.066613897899E-11  2.332148883732E-11
AR GRAC 2024 06 23 03 41  0.000000 2   1.104298423538E-11  2.074415118847E-11
AR GRAC 2024 06 23 03 41 10.000000 2   1.234836451841E-11  2.025681011819E-11
AR GRAC 2024 06 23 03 41 20.000000 2   9.169260836717E-12  3.306947077286E-11
AR GRAC 2024 06 23 03 41 30.000000 2   1.084165396348E-11  1.916212674646E-11
AR GRAC 2024 06 23 03 41 40.000000 2   1.056727535337E-11  4.776478171320E-11
AR GRAC 2024 06 23 03 41 50.000000 2   1.308401737649E-11  2.551743712165E-11
AR GRAC 2024 06 23 03 42  0.000000 2   7.906183520368E-12  1.866008909890E-11
AR GRAC 2024 06 23 03 42 10.000000 2   1.396233042378E-11  4.562274169562E-11
AR GRAC 2024 06 23 03 42 20.000000 2   1.190800496403E-11  3.599539416532E-11
AR GRAC 2024 06 23 03 42 30.000000 2   1.114877894864E-11  1.974804347826E-11
AR GRAC 2024 06 23 03 42 40.000000 2   1.015941324123E-11  3.130069120560E-11
AR GRAC 2024 06 23 03 42 50.000000 2   9.634689747406E-12  3.610333906834E-11
AR GRAC 2024 06 23 03 43  0.000000 2   1.289134424209E-11  2.692598574661E-11
AR GRAC 2024 06 23 03 43 10.000000 2   1.082402396879E-11  2.106862947993E-11
AR GRAC 2024 06 23 03 43 20.000000 2   1.523597047137E-11  2.863127443464E-11
AR GRAC 2024 06 23 03 43 30.000000 2   1.087136717454E-11  2.029391758807E-11
AR GRAC 2024 06 23 03 43 40.000000 2   1.328373175347E-11  2.727655774859E-11
AR GRAC 2024 06 23 03 43 50.000000 2   1.418126466951E-11  2.966919765424E-11
AR GRAC 2024 06 23 03 44  0.000000 2   1.131176662755E-11  3.754183769411E-11
AR GRAC 2024 06 23 03 44 10.000000 2   1.178318640577E-11  2.101447835190E-11
AR GRAC 2024 06 23 03 44 20.000000 2   1.301491726891E-11  2.939711668537E-11
AR GRAC 2024 06 23 03 44 30.000000 2   1.277182960085E-11  2.955975395014E-11
AR GRAC 2024 06 23 03 44 40.000000 2   1.518835404668E-11  3.090238481773E-11
AR GRAC 2024 06 23 03 44 50.000000 2   1.301251380953E-11  3.295501718736E-11
AR GRAC 2024 06 23 03 45  0.000000 2   1.036560334094E-11  2.804765100728E-11
AR GRAC 2024 06 23 03 45 10.000000 2   1.691188335207E-11  2.462028324268E-11
AR GRAC 2024 06 23 03 45 20.000000 2   1.073527378104E-11  2.288291084396E-11
AR GRAC 2024 06 23 03 45 30.000000 2   8.251405635151E-12  2.193553845509E-11
AR GRAC 2024 06 23 03 45 40.000000 2   1.301376107571E-11  3.573816589886E-11
AR GRAC 2024 06 23 03 45 50.000000 2   1.213386335852E-11  2.319079303592E-11
AR GRAC 2024 06 23 03 46  0.000000 2   1.317052716887E-11  3.772342160868E-11
AR GRAC 2024 06 23 03 46 10.000000 2   1.468891154544E-11  2.449604234733E-11
AR GRAC 2024 06 23 03 46 20.000000 2   1.389056751566E-11  2.931866555089E-11
AR GRAC 2024 06 23 03 46 30.000000 2   1.042724327022E-11  3.152128905115E-11
AR GRAC 2024 06 23 03 46 40.000000 2   1.603879876133E-11  2.998390771780E-11
AR GRAC 2024 06 23 03 46 50.000000 2   1.539832844566E-11  2.187652663188E-11
AR GRAC 2024 06 23 03 47  0.000000 2   7.794055331689E-12  2.587914257890E-11
AR GRAC 2024 06 23 03 47 10.000000 2   1.294283690639E-11  3.916176063989E-11
AR GRAC 2024 06 23 03 47 20.000000 2   1.001144306345E-11  2.460437756313E-11
AR GRAC 2024 06 23 03 47 30.000000 2   1.739705254855E-11  2.909699217679E-11
AR GRAC 2024 06 23 03 47 40.000000 2   1.282815607212E-11  3.382960231391E-11
AR GRAC 2024 06 23 03 47 50.000000 2   1.354720155500E-11  2.174221740148E-11
AR GRAC 2024 06 23 03 48  0.000000 2   1.614036508613E-11  3.928482539273E-11
AR GRAC 2024 06 23 03 48 10.000000 2   1.890765148616E-11  2.489743654299E-11
AR GRAC 2024 06 23 03 48 20.000000 2   1.109976086738E-11  3.683004595745E-11
AR GRAC 2024 06 23 03 48 30.000000 2   1.346556460086E-11  3.313264940186E-11
AR GRAC 2024 06 23 03 48 40.000000 2   1.133968700190E-11  2.872525828312E-11
AR GRAC 2024 06 23 03 48 50.000000 2   1.255937541467E-11  2.714786208335E-11
AR GRAC 2024 06 23 03 49  0.000000 2   1.235944940142E-11  2.353046750503E-11
AR GRAC 2024 06 23 03 49 10.000000 2   1.500873036964E-11  3.173306756254E-11
AR GRAC 2024 06 23 03 49 20.000000 2   1.421935659496E-11  3.245567009591E-11
AR GRAC 2024 06 23 03 49 30.000000 2   1.354185947405E-11  2.751827064829E-11
AR GRAC 2024 06 23 03 49 40.000000 2   1.458979291546E-11  3.680087137803E-11
AR GRAC 2024 06 23 03 49 50.000000 2   1.322767329698E-11  2.846346595919E-11
