 2.00 C RINEX VERSION / TYPE
 10.00 INTERVAL
 1 AR # / TYPES OF DATA
 END OF HEADER
AR GRAC 2024 07 06 01 50  0.000000 2  -1.299796641846E-11 -1.232512085014E-13
AR GRAC 2024 07 06 01 50 10.000000 2  -1.666720754467E-11 -1.152277925853E-11
AR GRAC 2024 07 06 01 50 20.000000 2  -1.013558768165E-11  4.377698290675E-12
AR GRAC 2024 07 06 01 50 30.000000 2  -1.666461066363E-11 -1.342182701786E-11
AR GRAC 2024 07 06 01 50 40.000000 2  -1.557565187937E-11 -7.521348127648E-12
AR GRAC 2024 07 06 01 50 50.000000 2  -1.128539622863E-11 -2.087422065983E-14
AR GRAC 2024 07 06 01 51  0.000000 2  -1.539624677749E-11 -6.320395595782E-12
AR GRAC 2024 07 06 01 51 10.000000 2  -1.220825350534E-11 -2.911991828225E-11
AR GRAC 2024 07 06 01 51 20.000000 2  -1.712969002754E-11 -1.671944006854E-11
AR GRAC 2024 07 06 01 51 30.000000 2  -1.407751172577E-11 -5.189645371426E-13
AR GRAC 2024 07 06 01 51 40.000000 2  -9.210241944113E-12 -1.921848617747E-11
AR GRAC 2024 07 06 01 51 50.000000 2  -1.337898108272E-11  1.881991958108E-12
AR GRAC 2024 07 06 01 52  0.000000 2  -1.984759231966E-11 -9.217531252159E-12
AR GRAC 2024 07 06 01 52 10.000000 2  -1.200224381687E-11 -8.417052645149E-12
AR GRAC 2024 07 06 01 52 20.000000 2  -1.140114218312E-11 -2.016572889577E-12
AR GRAC 2024 07 06 01 52 30.000000 2  -1.447182824965E-11 -1.291609354193E-11
AR GRAC 2024 07 06 01 52 40.000000 2  -1.198667293895E-11 -5.215615699744E-12
AR GRAC 2024 07 06 01 52 50.000000 2  -1.372518158155E-11 -1.115135219408E-12
AR GRAC 2024 07 06 01 53  0.000000 2  -1.218894429833E-11  3.485343524207E-12
AR GRAC 2024 07 06 01 53 10.000000 2  -1.511882286032E-11 -1.561417835305E-11
AR GRAC 2024 07 06 01 53 20.000000 2  -1.712699600198E-11 -2.101369599161E-11
AR GRAC 2024 07 06 01 53 30.000000 2  -9.964664510198E-12 -8.413217171543E-12
AR GRAC 2024 07 06 01 53 40.000000 2  -1.084953481223E-11 -4.212736496451E-12
AR GRAC 2024 07 06 01 53 50.000000 2  -1.248361743839E-11 -1.021225552039E-11
AR GRAC 2024 07 06 01 54  0.000000 2  -1.503192362251E-11 -9.011776568035E-12
AR GRAC 2024 07 06 01 54 10.000000 2  -1.296902429199E-11 -1.011293262673E-12
AR GRAC 2024 07 06 01 54 20.000000 2  -1.133660960245E-11 -2.461081165250E-11
AR GRAC 2024 07 06 01 54 30.000000 2  -7.454751226044E-12  1.489667547303E-12
AR GRAC 2024 07 06 01 54 40.000000 2  -1.194368302176E-11 -5.709848826391E-12
AR GRAC 2024 07 06 01 54 50.000000 2  -1.343914476232E-11 -6.093674284786E-13
AR GRAC 2024 07 06 01 55  0.000000 2  -1.166313486761E-11 -1.560888397700E-11
AR GRAC 2024 07 06 01 55 10.000000 2  -1.455398301875E-11 -1.720840483999E-11
AR GRAC 2024 07 06 01 55 20.000000 2  -4.729916978918E-12 -1.380792008510E-11
AR GRAC 2024 07 06 01 55 30.000000 2  -1.210004665908E-11 -1.520743600492E-11
AR GRAC 2024 07 06 01 55 40.000000 2  -1.252118287526E-11  6.930460979410E-13
AR GRAC 2024 07 06 01 55 50.000000 2  -1.359904029663E-11 -3.106470809755E-12
AR GRAC 2024 07 06 01 56  0.000000 2  -1.636506902214E-11 -4.505987163256E-12
AR GRAC 2024 07 06 01 56 10.000000 2  -7.300202109484E-12 -1.870550589422E-11
AR GRAC 2024 07 06 01 56 20.000000 2  -6.224961952156E-12 -1.705020781680E-12
AR GRAC 2024 07 06 01 56 30.000000 2  -1.402987188232E-11 -2.180453560763E-11
AR GRAC 2024 07 06 01 56 40.000000 2  -8.145970877005E-12  1.439594797537E-11
AR GRAC 2024 07 06 01 56 50.000000 2  -1.124104975769E-11 -2.010356811577E-11
AR GRAC 2024 07 06 01 57  0.000000 2  -8.068243989579E-12 -4.803080676241E-12
AR GRAC 2024 07 06 01 57 10.000000 2  -9.368709801005E-12 -9.702597232597E-12
AR GRAC 2024 07 06 01 57 20.000000 2  -1.425721780218E-11 -2.702112622197E-12
AR GRAC 2024 07 06 01 57 30.000000 2  -7.296896593900E-12 -1.830162583982E-11
AR GRAC 2024 07 06 01 57 40.000000 2  -7.412010241681E-12 -1.120113984204E-11
AR GRAC 2024 07 06 01 57 50.000000 2  -9.157755283262E-12 -4.100654711625E-12
AR GRAC 2024 07 06 01 58  0.000000 2  -8.419772691559E-12 -8.100168105707E-12
AR GRAC 2024 07 06 01 58 10.000000 2  -9.760922105306E-12 -3.199682706290E-12
AR GRAC 2024 07 06 01 58 20.000000 2  -6.996870097198E-12 -1.319919347431E-11
AR GRAC 2024 07 06 01 58 30.000000 2  -9.649039380000E-12 -9.598709847791E-12
AR GRAC 2024 07 06 01 58 40.000000 2  -8.055701071485E-12 -1.109822216766E-11
AR GRAC 2024 07 06 01 58 50.000000 2  -1.112308422452E-11 -6.297734469335E-12
AR GRAC 2024 07 06 01 59  0.000000 2  -5.016467709978E-12 -4.597246194837E-12
AR GRAC 2024 07 06 01 59 10.000000 2  -6.938131059259E-12 -1.779675885827E-11
AR GRAC 2024 07 06 01 59 20.000000 2  -1.208211568987E-11 -8.196271786276E-12
AR GRAC 2024 07 06 01 59 30.000000 2  -5.651887378250E-12  5.042172734025E-13
AR GRAC 2024 07 06 01 59 40.000000 2  -8.217196888205E-12 -1.379529476764E-11
AR GRAC 2024 07 06 01 59 50.000000 2  -9.986662538597E-12  7.205194774151E-12
AR GRAC 2024 07 06 02 00  0.000000 2  -8.836914706933E-12 -1.379431811832E-11
AR GRAC 2024 07 06 02 00 10.000000 2  -9.499753414466E-12  6.806171511803E-12
AR GRAC 2024 07 06 02 00 20.000000 2  -9.763955269304E-12 -1.269333856774E-11
AR GRAC 2024 07 06 02 00 30.000000 2  -5.908665917653E-12 -1.569284806269E-11
AR GRAC 2024 07 06 02 00 40.000000 2  -4.601824130090E-12 -1.459236030621E-11
AR GRAC 2024 07 06 02 00 50.000000 2  -8.943266266437E-12  9.081298538681E-13
AR GRAC 2024 07 06 02 01  0.000000 2  -4.672404824158E-12 -1.089137981192E-11
AR GRAC 2024 07 06 02 01 10.000000 2  -1.137592450795E-11 -1.159088797165E-11
AR GRAC 2024 07 06 02 01 20.000000 2  -3.403417521766E-12 -7.090397713405E-12
AR GRAC 2024 07 06 02 01 30.000000 2  -5.574033856010E-12 -8.089908951070E-12
AR GRAC 2024 07 06 02 01 40.000000 2  -2.322256536375E-12 -2.568941587233E-11
AR GRAC 2024 07 06 02 01 50.000000 2  -6.195427851297E-12  5.211074193684E-12
AR GRAC 2024 07 06 02 02  0.000000 2  -7.544007085691E-12  1.051156384158E-11
AR GRAC 2024 07 06 02 02 10.000000 2  -7.398597359765E-12 -1.748794165035E-11
AR GRAC 2024 07 06 02 02 20.000000 2  -7.469971689822E-12 -9.387450886078E-12
AR GRAC 2024 07 06 02 02 30.000000 2  -6.672851507461E-12  1.304199075261E-14
AR GRAC 2024 07 06 02 02 40.000000 2  -4.952145898213E-12  1.613534284482E-12
AR GRAC 2024 07 06 02 02 50.000000 2  -6.683600287799E-12 -5.685973393510E-12
AR GRAC 2024 07 06 02 03  0.000000 2  -3.577889720607E-12 -7.285479511343E-12
AR GRAC 2024 07 06 02 03 10.000000 2  -3.676192596863E-12 -1.428498725559E-11
AR GRAC 2024 07 06 02 03 20.000000 2  -4.712347699554E-12  2.515504948439E-12
AR GRAC 2024 07 06 02 03 30.000000 2  -4.972956074711E-12 -5.784000448733E-12
AR GRAC 2024 07 06 02 03 40.000000 2  -2.946974045001E-12  1.316495740547E-12
AR GRAC 2024 07 06 02 03 50.000000 2  -8.424778236149E-12 -1.128301271858E-11
AR GRAC 2024 07 06 02 04  0.000000 2  -1.640340153205E-13 -3.982519175549E-12
AR GRAC 2024 07 06 02 04 10.000000 2  -3.059017814988E-14  7.417975955715E-12
AR GRAC 2024 07 06 02 04 20.000000 2  -1.970202646862E-12 -3.081529172458E-12
AR GRAC 2024 07 06 02 04 30.000000 2  -6.313722981932E-12 -3.481033603731E-12
AR GRAC 2024 07 06 02 04 40.000000 2  -2.659431702634E-12 -2.980539860059E-12
AR GRAC 2024 07 06 02 04 50.000000 2  -3.684254724218E-12 -2.800440001421E-13
AR GRAC 2024 07 06 02 05  0.000000 2  -3.428007010198E-12 -9.079550479518E-12
AR GRAC 2024 07 06 02 05 10.000000 2   1.124353973640E-12 -1.607905475431E-11
AR GRAC 2024 07 06 02 05 20.000000 2  -3.117844253175E-13 -2.778556031091E-12
AR GRAC 2024 07 06 02 05 30.000000 2  -3.933168894743E-12 -1.197806177161E-11
AR GRAC 2024 07 06 02 05 40.000000 2  -2.407698877511E-13 -4.877563197087E-12
AR GRAC 2024 07 06 02 05 50.000000 2  -2.505583631199E-12 -4.877069234577E-12
AR GRAC 2024 07 06 02 06  0.000000 2  -8.409400020955E-13 -5.765705838115E-13
AR GRAC 2024 07 06 02 06 10.000000 2  -3.497827895382E-12 -1.457607298749E-11
AR GRAC 2024 07 06 02 06 20.000000 2  -2.949616679376E-12  1.722442501129E-11
AR GRAC 2024 07 06 02 06 30.000000 2   3.122430265734E-12  1.224920121931E-12
AR GRAC 2024 07 06 02 06 40.000000 2  -6.400185069422E-12  4.325419796641E-12
AR GRAC 2024 07 06 02 06 50.000000 2  -3.615336762602E-12  1.525916220636E-12
AR GRAC 2024 07 06 02 07  0.000000 2  -3.376279074027E-12 -1.007358519517E-11
AR GRAC 2024 07 06 02 07 10.000000 2  -1.326717056528E-12  3.626913873400E-12
AR GRAC 2024 07 06 02 07 20.000000 2  -1.643597909683E-12  3.527412086382E-12
AR GRAC 2024 07 06 02 07 30.000000 2  -1.635896171130E-12  4.279110702929E-13
AR GRAC 2024 07 06 02 07 40.000000 2  -3.366403076438E-12  2.228409947888E-12
AR GRAC 2024 07 06 02 07 50.000000 2   4.898079771637E-12 -8.971092098353E-12
AR GRAC 2024 07 06 02 08  0.000000 2   3.589699284351E-12  1.202940785178E-11
AR GRAC 2024 07 06 02 08 10.000000 2   2.674735216299E-12  4.829908174797E-12
AR GRAC 2024 07 06 02 08 20.000000 2  -3.076405449831E-12 -6.369590618838E-12
AR GRAC 2024 07 06 02 08 30.000000 2  -5.477437080292E-12  1.263090586984E-11
AR GRAC 2024 07 06 02 08 40.000000 2   2.372807028986E-12  1.493140680542E-11
AR GRAC 2024 07 06 02 08 50.000000 2   3.056009438562E-12  1.243190880101E-11
AR GRAC 2024 07 06 02 09  0.000000 2   7.232520246765E-13 -1.567590458482E-12
AR GRAC 2024 07 06 02 09 10.000000 2   1.320273859858E-12  1.343291276823E-11
AR GRAC 2024 07 06 02 09 20.000000 2   4.166315296233E-12 -1.966658780272E-11
AR GRAC 2024 07 06 02 09 30.000000 2  -2.817222800530E-12  6.033913386300E-12
AR GRAC 2024 07 06 02 09 40.000000 2   4.476612223275E-12  8.034415147073E-12
AR GRAC 2024 07 06 02 09 50.000000 2   5.236540801673E-12  3.734918624376E-12
AR GRAC 2024 07 06 02 10  0.000000 2   4.487919096682E-13  6.835421118012E-12
AR GRAC 2024 07 06 02 10 10.000000 2   1.864375624369E-12  1.653592367201E-11
AR GRAC 2024 07 06 02 10 20.000000 2   6.289825431327E-12  5.736424356362E-12
AR GRAC 2024 07 06 02 10 30.000000 2   7.357446357888E-13  6.336928811551E-12
AR GRAC 2024 07 06 02 10 40.000000 2   2.276671689713E-12  1.123743199188E-11
AR GRAC 2024 07 06 02 10 50.000000 2   3.939228283845E-12 -1.326206679197E-11
AR GRAC 2024 07 06 02 11  0.000000 2   4.181313281726E-12  3.238438597147E-12
AR GRAC 2024 07 06 02 11 10.000000 2  -1.108992346739E-12  1.113894133181E-11
AR GRAC 2024 07 06 02 11 20.000000 2   4.120008154085E-12  1.939444698590E-12
AR GRAC 2024 07 06 02 11 30.000000 2   2.975955853274E-12  1.263994811596E-11
AR GRAC 2024 07 06 02 11 40.000000 2   1.418107059732E-12  1.624045516124E-11
AR GRAC 2024 07 06 02 11 50.000000 2   4.445792692320E-12  1.334095767885E-11
AR GRAC 2024 07 06 02 12  0.000000 2   2.820920363619E-12 -1.058535529196E-12
AR GRAC 2024 07 06 02 12 10.000000 2   8.173372569031E-12  2.214197054873E-11
AR GRAC 2024 07 06 02 12 20.000000 2   4.919372634943E-12  1.584247490138E-11
AR GRAC 2024 07 06 02 12 30.000000 2   9.751672803678E-14  3.042979063173E-12
AR GRAC 2024 07 06 02 12 40.000000 2   8.405979905202E-12  9.443483321714E-12
AR GRAC 2024 07 06 02 12 50.000000 2   1.029504172884E-12  1.554399144121E-11
AR GRAC 2024 07 06 02 13  0.000000 2   3.265948492551E-12  8.644496576893E-12
AR GRAC 2024 07 06 02 13 10.000000 2   9.073424303563E-12  3.945003178296E-12
AR GRAC 2024 07 06 02 13 20.000000 2   7.567789168765E-13  1.904550996079E-11
AR GRAC 2024 07 06 02 13 30.000000 2   1.169491066488E-11  1.204601696170E-11
AR GRAC 2024 07 06 02 13 40.000000 2   1.009325262258E-11  8.846524207629E-12
AR GRAC 2024 07 06 02 13 50.000000 2   6.971263301868E-13  7.247030666541E-12
AR GRAC 2024 07 06 02 14  0.000000 2   1.262769619773E-12  1.024753806117E-11
AR GRAC 2024 07 06 02 14 10.000000 2   6.985090457434E-12  2.374804519700E-11
AR GRAC 2024 07 06 02 14 20.000000 2   5.155025278175E-12  3.704855519593E-11
AR GRAC 2024 07 06 02 14 30.000000 2   1.258736279271E-12 -3.450935934582E-12
AR GRAC 2024 07 06 02 14 40.000000 2   6.893679637548E-12  1.174957266897E-11
AR GRAC 2024 07 06 02 14 50.000000 2   2.262639511516E-12 -2.949920472825E-12
AR GRAC 2024 07 06 02 15  0.000000 2   7.111052632153E-12  2.485058860080E-11
AR GRAC 2024 07 06 02 15 10.000000 2   6.915709324651E-12  3.005109702747E-11
AR GRAC 2024 07 06 02 15 20.000000 2   9.098257737483E-12  1.495160766030E-11
AR GRAC 2024 07 06 02 15 30.000000 2   7.996273782007E-12  8.252116004415E-12
AR GRAC 2024 07 06 02 15 40.000000 2   3.288280021538E-12  2.865262541119E-11
AR GRAC 2024 07 06 02 15 50.000000 2   1.031799385515E-11  1.753137240414E-12
AR GRAC 2024 07 06 02 16  0.000000 2   4.023155506655E-12  2.655364643445E-11
AR GRAC 2024 07 06 02 16 10.000000 2   1.355828210120E-11  1.725415470222E-11
AR GRAC 2024 07 06 02 16 20.000000 2   5.900154496918E-12  2.965466761040E-11
AR GRAC 2024 07 06 02 16 30.000000 2   9.754804602968E-12  1.605517455094E-11
AR GRAC 2024 07 06 02 16 40.000000 2   4.575434215531E-12  2.195568900298E-11
AR GRAC 2024 07 06 02 16 50.000000 2   3.812207060444E-12  1.875619971836E-11
AR GRAC 2024 07 06 02 17  0.000000 2   8.658110686732E-12  1.455671173878E-11
AR GRAC 2024 07 06 02 17 10.000000 2   1.333223548922E-11  2.705722104701E-11
AR GRAC 2024 07 06 02 17 20.000000 2  -1.256628264987E-13  2.175773797242E-11
AR GRAC 2024 07 06 02 17 30.000000 2   1.166130646907E-11  1.885824656156E-11
AR GRAC 2024 07 06 02 17 40.000000 2   1.159685021623E-11  2.375876058391E-11
AR GRAC 2024 07 06 02 17 50.000000 2   9.364818816249E-12  1.905927325685E-11
AR GRAC 2024 07 06 02 18  0.000000 2   6.236785827368E-12  1.675978279769E-11
AR GRAC 2024 07 06 02 18 10.000000 2   8.491580702485E-12  2.896029943633E-11
AR GRAC 2024 07 06 02 18 20.000000 2   8.053763385363E-12  1.766081031418E-11
AR GRAC 2024 07 06 02 18 30.000000 2   1.345893188565E-11  1.666132509737E-11
AR GRAC 2024 07 06 02 18 40.000000 2   6.543440268791E-12  1.336184028006E-11
AR GRAC 2024 07 06 02 18 50.000000 2   6.312725082253E-12  2.646235314208E-11
AR GRAC 2024 07 06 02 19  0.000000 2   9.815345584918E-12  3.076286794745E-11
AR GRAC 2024 07 06 02 19 10.000000 2   7.866045488580E-12  2.016338311595E-11
AR GRAC 2024 07 06 02 19 20.000000 2   1.004097499591E-11  2.516389700780E-11
AR GRAC 2024 07 06 02 19 30.000000 2   8.653655916846E-12  1.836441068659E-11
AR GRAC 2024 07 06 02 19 40.000000 2   1.730349891149E-11  3.096492853794E-11
AR GRAC 2024 07 06 02 19 50.000000 2   6.535268420177E-12  2.876544141772E-11
AR GRAC 2024 07 06 02 20  0.000000 2   1.172798230059E-11  1.006595761605E-11
AR GRAC 2024 07 06 02 20 10.000000 2   4.435244706225E-12  1.216647182306E-11
AR GRAC 2024 07 06 02 20 20.000000 2   1.149012482382E-11  4.106699355577E-11
AR GRAC 2024 07 06 02 20 30.000000 2   1.513178297941E-11  3.256750771841E-11
AR GRAC 2024 07 06 02 20 40.000000 2   7.627446417524E-12  2.796802199556E-11
AR GRAC 2024 07 06 02 20 50.000000 2   1.528901831527E-11  1.356853865375E-11
AR GRAC 2024 07 06 02 21  0.000000 2   1.462254102524E-11  2.886905471622E-11
AR GRAC 2024 07 06 02 21 10.000000 2   7.265292967934E-12  4.236957312775E-11
AR GRAC 2024 07 06 02 21 20.000000 2   1.542225028239E-11  1.907009272717E-11
AR GRAC 2024 07 06 02 21 30.000000 2   9.252479858668E-12  3.387060423798E-11
AR GRAC 2024 07 06 02 21 40.000000 2   1.460515389184E-11  2.887112597605E-11
AR GRAC 2024 07 06 02 21 50.000000 2   1.253648313632E-11  1.877164396147E-11
AR GRAC 2024 07 06 02 22  0.000000 2   1.644305178128E-11  3.017215990941E-11
AR GRAC 2024 07 06 02 22 10.000000 2   9.980815653121E-12  2.227267849320E-11
AR GRAC 2024 07 06 02 22 20.000000 2   8.246623869890E-12  3.427319539284E-11
AR GRAC 2024 07 06 02 22 30.000000 2   1.317033201248E-11  2.597371796809E-11
AR GRAC 2024 07 06 02 22 40.000000 2   1.473352342907E-11  2.837423351831E-11
AR GRAC 2024 07 06 02 22 50.000000 2   1.060932765251E-11  3.007475518624E-11
AR GRAC 2024 07 06 02 23  0.000000 2   1.514194672425E-11  2.147527641827E-11
AR GRAC 2024 07 06 02 23 10.000000 2   1.275198523165E-11  2.937579346440E-11
AR GRAC 2024 07 06 02 23 20.000000 2   7.841254555385E-12  3.387631841711E-11
AR GRAC 2024 07 06 02 23 30.000000 2   1.077993423693E-11  3.197683437484E-11
AR GRAC 2024 07 06 02 23 40.000000 2   1.235335791994E-11  3.367735604276E-11
AR GRAC 2024 07 06 02 23 50.000000 2   1.335364110955E-11  3.097787651396E-11
AR GRAC 2024 07 06 02 24  0.000000 2   1.324025090954E-11  1.027839705708E-11
AR GRAC 2024 07 06 02 24 10.000000 2   1.799282944859E-11  3.627892083968E-11
AR GRAC 2024 07 06 02 24 20.000000 2   1.559582324395E-11  2.257943831907E-11
AR GRAC 2024 07 06 02 24 30.000000 2   1.333066556447E-11  2.217996099285E-11
AR GRAC 2024 07 06 02 24 40.000000 2   8.597986038417E-12  4.098047942658E-11
AR GRAC 2024 07 06 02 24 50.000000 2   1.629160521766E-11  2.738100197963E-11
AR GRAC 2024 07 06 02 25  0.000000 2   1.557256233686E-11  3.038152715518E-11
AR GRAC 2024 07 06 02 25 10.000000 2   1.344262721970E-11  3.048205091116E-11
AR GRAC 2024 07 06 02 25 20.000000 2   1.768984438100E-11  2.238256975595E-11
AR GRAC 2024 07 06 02 25 30.000000 2   1.351744757794E-11  3.858309158278E-11
AR GRAC 2024 07 06 02 25 40.000000 2   1.677057451244E-11  2.788361555539E-11
AR GRAC 2024 07 06 02 25 50.000000 2   1.684941595970E-11  3.248414037760E-11
AR GRAC 2024 07 06 02 26  0.000000 2   1.480257409703E-11  3.308466348106E-11
AR GRAC 2024 07 06 02 26 10.000000 2   1.326184388001E-11  2.778518734536E-11
AR GRAC 2024 07 06 02 26 20.000000 2   1.710650544828E-11  2.708571214538E-11
AR GRAC 2024 07 06 02 26 30.000000 2   1.972260722793E-11  3.308623514053E-11
AR GRAC 2024 07 06 02 26 40.000000 2   1.349162882108E-11  3.148676111508E-11
AR GRAC 2024 07 06 02 26 50.000000 2   1.712134600762E-11  4.668728598167E-11
AR GRAC 2024 07 06 02 27  0.000000 2   1.618625025679E-11  2.148780979538E-11
AR GRAC 2024 07 06 02 27 10.000000 2   1.524495980842E-11  4.328833819178E-11
AR GRAC 2024 07 06 02 27 20.000000 2   1.507281799373E-11  3.238885895596E-11
AR GRAC 2024 07 06 02 27 30.000000 2   1.911913856401E-11  4.168938111393E-11
AR GRAC 2024 07 06 02 27 40.000000 2   1.696345147684E-11  3.468991066624E-11
AR GRAC 2024 07 06 02 27 50.000000 2   1.964201024052E-11  3.089043951188E-11
AR GRAC 2024 07 06 02 28  0.000000 2   2.162708380438E-11  2.389096559474E-11
AR GRAC 2024 07 06 02 28 10.000000 2   1.585837537676E-11  3.399149017813E-11
AR GRAC 2024 07 06 02 28 20.000000 2   1.931661081089E-11  3.409201740356E-11
AR GRAC 2024 07 06 02 28 30.000000 2   1.966190404934E-11  3.189254069169E-11
AR GRAC 2024 07 06 02 28 40.000000 2   1.824127827954E-11  3.289307021204E-11
AR GRAC 2024 07 06 02 28 50.000000 2   2.063568760313E-11  2.569360176008E-11
AR GRAC 2024 07 06 02 29  0.000000 2   1.491562255651E-11  5.169412467532E-11
AR GRAC 2024 07 06 02 29 10.000000 2   1.855210776669E-11  3.429465392224E-11
AR GRAC 2024 07 06 02 29 20.000000 2   2.070208240945E-11  2.549517888473E-11
AR GRAC 2024 07 06 02 29 30.000000 2   2.117755276698E-11  3.129570907978E-11
AR GRAC 2024 07 06 02 29 40.000000 2   1.740702373909E-11  4.579623485990E-11
AR GRAC 2024 07 06 02 29 50.000000 2   2.173981480946E-11  2.819676610255E-11
AR GRAC 2024 07 06 02 30  0.000000 2   2.065141981034E-11  3.249729652044E-11
AR GRAC 2024 07 06 02 30 10.000000 2   1.672707979072E-11  3.309782656280E-11
AR GRAC 2024 07 06 02 30 20.000000 2   2.108960922564E-11  4.319835461564E-11
AR GRAC 2024 07 06 02 30 30.000000 2   2.209121080510E-11  2.269888270401E-11
AR GRAC 2024 07 06 02 30 40.000000 2   2.017232214602E-11  3.209941687454E-11
AR GRAC 2024 07 06 02 30 50.000000 2   2.218127938269E-11  4.149994237146E-11
AR GRAC 2024 07 06 02 31  0.000000 2   2.102840644669E-11  2.430047309210E-11
AR GRAC 2024 07 06 02 31 10.000000 2   2.283158211103E-11  4.640100456643E-11
AR GRAC 2024 07 06 02 31 20.000000 2   1.986321523928E-11  3.320153180164E-11
AR GRAC 2024 07 06 02 31 30.000000 2   1.866544939444E-11  4.210206835942E-11
AR GRAC 2024 07 06 02 31 40.000000 2   2.481725241976E-11  1.820259741547E-11
AR GRAC 2024 07 06 02 31 50.000000 2   2.518036994192E-11  4.120312771527E-11
AR GRAC 2024 07 06 02 32  0.000000 2   2.338470736496E-11  3.620365812695E-11
AR GRAC 2024 07 06 02 32 10.000000 2   2.232651390155E-11  2.930419101821E-11
AR GRAC 2024 07 06 02 32 20.000000 2   2.110911619113E-11  4.710472290004E-11
AR GRAC 2024 07 06 02 32 30.000000 2   2.398664947223E-11  2.550525589340E-11
AR GRAC 2024 07 06 02 32 40.000000 2   2.313481697880E-11  3.970579073864E-11
AR GRAC 2024 07 06 02 32 50.000000 2   1.648601567761E-11  2.040631899569E-11
AR GRAC 2024 07 06 02 33  0.000000 2   2.196092786788E-11  4.260685207425E-11
AR GRAC 2024 07 06 02 33 10.000000 2   2.156072369253E-11  3.470738973999E-11
AR GRAC 2024 07 06 02 33 20.000000 2   1.906291617615E-11  2.710791834060E-11
AR GRAC 2024 07 06 02 33 30.000000 2   2.440339250120E-11  4.750845203350E-11
AR GRAC 2024 07 06 02 33 40.000000 2   2.242892330195E-11  4.500898959092E-11
AR GRAC 2024 07 06 02 33 50.000000 2   2.081064660875E-11  1.790951935365E-11
AR GRAC 2024 07 06 02 34  0.000000 2   2.636458239225E-11  3.081005589545E-11
AR GRAC 2024 07 06 02 34 10.000000 2   2.454379754990E-11  3.231058823272E-11
AR GRAC 2024 07 06 02 34 20.000000 2   2.636118753840E-11  3.201112638851E-11
AR GRAC 2024 07 06 02 34 30.000000 2   2.324975975632E-11  5.221165513825E-11
AR GRAC 2024 07 06 02 34 40.000000 2   2.419683724220E-11  3.681219218343E-11
AR GRAC 2024 07 06 02 34 50.000000 2   2.140257415739E-11  3.581273125275E-11
AR GRAC 2024 07 06 02 35  0.000000 2   2.393582207438E-11  3.531326273065E-11
AR GRAC 2024 07 06 02 35 10.000000 2   2.014922430293E-11  3.141379864569E-11
AR GRAC 2024 07 06 02 35 20.000000 2   2.086663133949E-11  3.831433434409E-11
AR GRAC 2024 07 06 02 35 30.000000 2   2.616422183077E-11  3.281487234719E-11
AR GRAC 2024 07 06 02 35 40.000000 2   2.169243430716E-11  2.661540779436E-11
AR GRAC 2024 07 06 02 35 50.000000 2   2.363074493028E-11  4.111594398282E-11
AR GRAC 2024 07 06 02 36  0.000000 2   2.396710434283E-11  3.631648107238E-11
AR GRAC 2024 07 06 02 36 10.000000 2   2.484695782456E-11  3.751702074006E-11
AR GRAC 2024 07 06 02 36 20.000000 2   2.455417986991E-11  3.041755736177E-11
AR GRAC 2024 07 06 02 36 30.000000 2   2.800415281612E-11  2.411809467417E-11
AR GRAC 2024 07 06 02 36 40.000000 2   2.726941936149E-11  3.231863388020E-11
AR GRAC 2024 07 06 02 36 50.000000 2   2.511958002716E-11  4.411917012281E-11
AR GRAC 2024 07 06 02 37  0.000000 2   2.452476589865E-11  3.101970763586E-11
AR GRAC 2024 07 06 02 37 10.000000 2   2.246471758616E-11  3.492024377993E-11
AR GRAC 2024 07 06 02 37 20.000000 2   2.381916885952E-11  2.422078856923E-11
AR GRAC 2024 07 06 02 37 30.000000 2   2.779623232974E-11  2.942132648620E-11
AR GRAC 2024 07 06 02 37 40.000000 2   2.546203699272E-11  3.352186583871E-11
AR GRAC 2024 07 06 02 37 50.000000 2   2.400739503028E-11  3.052240404866E-11
AR GRAC 2024 07 06 02 38  0.000000 2   2.666439985477E-11  4.062294250984E-11
AR GRAC 2024 07 06 02 38 10.000000 2   2.523846236169E-11  4.912348305908E-11
AR GRAC 2024 07 06 02 38 20.000000 2   1.961486702229E-11  3.712402260603E-11
AR GRAC 2024 07 06 02 38 30.000000 2   2.627921491527E-11  2.222456246814E-11
AR GRAC 2024 07 06 02 38 40.000000 2   2.532133530631E-11  3.082510288688E-11
AR GRAC 2024 07 06 02 38 50.000000 2   2.359864907653E-11  3.162564654602E-11
AR GRAC 2024 07 06 02 39  0.000000 2   2.119370477727E-11  2.652618576182E-11
AR GRAC 2024 07 06 02 39 10.000000 2   2.950107519384E-11  3.582672700175E-11
AR GRAC 2024 07 06 02 39 20.000000 2   2.356740670673E-11  3.452726646258E-11
AR GRAC 2024 07 06 02 39 30.000000 2   2.760727930984E-11  3.382780860983E-11
AR GRAC 2024 07 06 02 39 40.000000 2   2.734185447495E-11  2.152834681357E-11
AR GRAC 2024 07 06 02 39 50.000000 2   1.986674540155E-11  3.912889109947E-11
AR GRAC 2024 07 06 02 40  0.000000 2   2.623430292448E-11  3.762943429075E-11
AR GRAC 2024 07 06 02 40 10.000000 2   1.791532894257E-11  3.642997709052E-11
AR GRAC 2024 07 06 02 40 20.000000 2   2.625292171154E-11  2.483052131963E-11
AR GRAC 2024 07 06 02 40 30.000000 2   2.448361825780E-11  2.843106305939E-11
AR GRAC 2024 07 06 02 40 40.000000 2   2.998289810874E-11  2.413160470061E-11
AR GRAC 2024 07 06 02 40 50.000000 2   2.574656113308E-11  2.593214705471E-11
AR GRAC 2024 07 06 02 41  0.000000 2   2.102057243547E-11  2.653269270958E-11
AR GRAC 2024 07 06 02 41 10.000000 2   2.190738215835E-11  4.273323361836E-11
AR GRAC 2024 07 06 02 41 20.000000 2   2.454695648135E-11  2.633377890748E-11
AR GRAC 2024 07 06 02 41 30.000000 2   2.223754687336E-11  3.083432467688E-11
AR GRAC 2024 07 06 02 41 40.000000 2   2.320485817386E-11  2.243486646458E-11
AR GRAC 2024 07 06 02 41 50.000000 2   2.358181185047E-11  2.803541426788E-11
AR GRAC 2024 07 06 02 42  0.000000 2   2.367030009498E-11  2.753595788885E-11
AR GRAC 2024 07 06 02 42 10.000000 2   2.947661906227E-11  3.453650559981E-11
AR GRAC 2024 07 06 02 42 20.000000 2   1.940801339084E-11  2.003704840936E-11
AR GRAC 2024 07 06 02 42 30.000000 2   2.555194077158E-11  3.563759357061E-11
AR GRAC 2024 07 06 02 42 40.000000 2   2.102478087462E-11  3.653813709925E-11
AR GRAC 2024 07 06 02 42 50.000000 2   2.573607993384E-11  3.263868689207E-11
AR GRAC 2024 07 06 02 43  0.000000 2   2.216890386542E-11  2.093923298641E-11
AR GRAC 2024 07 06 02 43 10.000000 2   2.455827902148E-11  3.413978127975E-11
AR GRAC 2024 07 06 02 43 20.000000 2   2.325124294489E-11  2.824032674376E-11
AR GRAC 2024 07 06 02 43 30.000000 2   1.905798956148E-11  3.354087146912E-11
AR GRAC 2024 07 06 02 43 40.000000 2   2.348779504224E-11  2.714141932036E-11
AR GRAC 2024 07 06 02 43 50.000000 2   2.887711597621E-11  2.774196844468E-11
AR GRAC 2024 07 06 02 44  0.000000 2   2.441218061033E-11  2.084251521373E-11
AR GRAC 2024 07 06 02 44 10.000000 2   2.164504339652E-11  2.224306155929E-11
AR GRAC 2024 07 06 02 44 20.000000 2   2.206399993265E-11  2.104361303268E-11
AR GRAC 2024 07 06 02 44 30.000000 2   2.342617246021E-11  2.964415865558E-11
AR GRAC 2024 07 06 02 44 40.000000 2   2.929473677526E-11  3.104470500115E-11
AR GRAC 2024 07 06 02 44 50.000000 2   2.292832763928E-11  1.754525344455E-11
AR GRAC 2024 07 06 02 45  0.000000 2   2.411759333909E-11  1.084580602412E-11
AR GRAC 2024 07 06 02 45 10.000000 2   1.939382161809E-11  2.724635274343E-11
AR GRAC 2024 07 06 02 45 20.000000 2   1.741360007579E-11  3.094690476102E-11
AR GRAC 2024 07 06 02 45 30.000000 2   2.170454094230E-11  1.884745311209E-11
AR GRAC 2024 07 06 02 45 40.000000 2   2.277905641890E-11  2.684800298747E-11
AR GRAC 2024 07 06 02 45 50.000000 2   2.310112864889E-11  3.244855079076E-11
AR GRAC 2024 07 06 02 46  0.000000 2   2.277864181999E-11  2.014910460701E-11
AR GRAC 2024 07 06 02 46 10.000000 2   2.453521760759E-11  2.114965320932E-11
AR GRAC 2024 07 06 02 46 20.000000 2   2.075012037195E-11  2.035020069124E-11
AR GRAC 2024 07 06 02 46 30.000000 2   1.994812127981E-11  2.445075392155E-11
AR GRAC 2024 07 06 02 46 40.000000 2   2.112525605835E-11  2.725130537895E-11
AR GRAC 2024 07 06 02 46 50.000000 2   2.104022338301E-11  1.635185563342E-11
AR GRAC 2024 07 06 02 47  0.000000 2   3.192469552604E-11  1.705240983141E-11
AR GRAC 2024 07 06 02 47 10.000000 2   2.561799383738E-11  2.065295851006E-11
AR GRAC 2024 07 06 02 47 20.000000 2   2.307927633727E-11  1.195351196498E-11
AR GRAC 2024 07 06 02 47 30.000000 2   1.831103151051E-11  1.195406794385E-11
AR GRAC 2024 07 06 02 47 40.000000 2   1.893507919903E-11  1.195461698383E-11
AR GRAC 2024 07 06 02 47 50.000000 2   2.382083592878E-11  2.685516913015E-11
AR GRAC 2024 07 06 02 48  0.000000 2   2.565584897307E-11  1.315572303873E-11
AR GRAC 2024 07 06 02 48 10.000000 2   2.082115903301E-11  1.635627744356E-11
AR GRAC 2024 07 06 02 48 20.000000 2   2.092804748943E-11  1.165682914778E-11
AR GRAC 2024 07 06 02 48 30.000000 2   1.998793838776E-11  2.175738235410E-11
AR GRAC 2024 07 06 02 48 40.000000 2   2.033845140914E-11  1.875793791128E-11
AR GRAC 2024 07 06 02 48 50.000000 2   1.923975215257E-11  1.155849027601E-11
AR GRAC 2024 07 06 02 49  0.000000 2   2.100846753506E-11  1.815904371316E-11
AR GRAC 2024 07 06 02 49 10.000000 2   2.620279514198E-11  1.625959956952E-11
AR GRAC 2024 07 06 02 49 20.000000 2   1.914197793329E-11  2.276015313718E-11
AR GRAC 2024 07 06 02 49 30.000000 2   2.114779878992E-11  1.986071029858E-11
AR GRAC 2024 07 06 02 49 40.000000 2   1.591325855810E-11  2.046126289235E-11
AR GRAC 2024 07 06 02 49 50.000000 2   1.564085319594E-11  1.336181772865E-11
AR GRAC 2024 07 06 02 50  0.000000 2   2.311586859427E-11  2.676237703669E-11
AR GRAC 2024 07 06 02 50 10.000000 2   1.795841080010E-11  1.706292745984E-11
AR GRAC 2024 07 06 02 50 20.000000 2   1.896146087366E-11  2.176348511129E-11
AR GRAC 2024 07 06 02 50 30.000000 2   1.517798733919E-11  2.186404356175E-11
AR GRAC 2024 07 06 02 50 40.000000 2   1.672365024241E-11  1.216459832171E-11
AR GRAC 2024 07 06 02 50 50.000000 2   1.835910590220E-11  1.826515501346E-11
AR GRAC 2024 07 06 02 51  0.000000 2   1.352475163113E-11  2.056571406228E-11
AR GRAC 2024 07 06 02 51 10.000000 2   1.958748094277E-11  3.266270066915E-12
AR GRAC 2024 07 06 02 51 20.000000 2   1.544428647471E-11  2.516682695575E-11
AR GRAC 2024 07 06 02 51 30.000000 2   1.509299629721E-11  1.726738543817E-11
AR GRAC 2024 07 06 02 51 40.000000 2   1.920772742248E-11  2.576794333464E-11
AR GRAC 2024 07 06 02 51 50.000000 2   1.696050244693E-11  5.668499523936E-12
AR GRAC 2024 07 06 02 52  0.000000 2   1.372238520730E-11  9.169058741432E-12
AR GRAC 2024 07 06 02 52 10.000000 2   1.923454798214E-11  1.396961799710E-11
AR GRAC 2024 07 06 02 52 20.000000 2   1.520220234419E-11  2.087017537955E-11
AR GRAC 2024 07 06 02 52 30.000000 2   1.082049120443E-11  1.137073595003E-11
AR GRAC 2024 07 06 02 52 40.000000 2   1.631896874577E-11  9.071293195773E-12
AR GRAC 2024 07 06 02 52 50.000000 2   1.589644388345E-11  9.871851600063E-12
AR GRAC 2024 07 06 02 53  0.000000 2   1.063448721444E-11  1.827241136176E-11
AR GRAC 2024 07 06 02 53 10.000000 2   1.493727884438E-11  1.237297330564E-11
AR GRAC 2024 07 06 02 53 20.000000 2   1.363354828338E-11  1.417353213962E-11
AR GRAC 2024 07 06 02 53 30.000000 2   1.450782289442E-11  1.017409073656E-11
AR GRAC 2024 07 06 02 53 40.000000 2   1.643977835808E-11  9.746505902700E-13
AR GRAC 2024 07 06 02 53 50.000000 2   1.195574802354E-11  1.687521129778E-11
AR GRAC 2024 07 06 02 54  0.000000 2   8.217130101351E-12  5.075776170899E-12
AR GRAC 2024 07 06 02 54 10.000000 2   1.566415226695E-11  1.117633589842E-11
AR GRAC 2024 07 06 02 54 20.000000 2   9.637218106873E-12  1.017689491706E-11
AR GRAC 2024 07 06 02 54 30.000000 2   1.025406062144E-11  1.057745731281E-11
AR GRAC 2024 07 06 02 54 40.000000 2   8.487161494430E-12  1.667802007610E-11
AR GRAC 2024 07 06 02 54 50.000000 2   1.171380700771E-11  4.178583694336E-12
AR GRAC 2024 07 06 02 55  0.000000 2   9.240386233955E-12  1.767914807604E-11
AR GRAC 2024 07 06 02 55 10.000000 2   1.513289146771E-11  7.179705614757E-12
AR GRAC 2024 07 06 02 55 20.000000 2   5.020604158107E-12  1.318026850855E-11
AR GRAC 2024 07 06 02 55 30.000000 2   1.083300289750E-11  1.218083533344E-11
AR GRAC 2024 07 06 02 55 40.000000 2   1.374484467215E-11  8.081394928250E-12
AR GRAC 2024 07 06 02 55 50.000000 2   7.449784712732E-12  1.818196114500E-11
AR GRAC 2024 07 06 02 56  0.000000 2   1.281448645113E-11  1.958252310308E-11
AR GRAC 2024 07 06 02 56 10.000000 2   8.157529339525E-12  5.383086337796E-12
AR GRAC 2024 07 06 02 56 20.000000 2   1.357169238103E-11  1.358365156467E-11
AR GRAC 2024 07 06 02 56 30.000000 2   1.346325481655E-11  1.148421288621E-11
AR GRAC 2024 07 06 02 56 40.000000 2   4.794630404509E-12  1.728477777574E-11
AR GRAC 2024 07 06 02 56 50.000000 2   5.401432773278E-12  1.028534288988E-11
AR GRAC 2024 07 06 02 57  0.000000 2   6.391696633773E-12  2.985909262898E-12
AR GRAC 2024 07 06 02 57 10.000000 2   6.596096932543E-12  1.238647379109E-11
AR GRAC 2024 07 06 02 57 20.000000 2   7.574783682240E-12  1.978704006200E-11
AR GRAC 2024 07 06 02 57 30.000000 2   6.560345582746E-12  1.118760379476E-11
AR GRAC 2024 07 06 02 57 40.000000 2   6.136174034166E-12  1.758817050335E-11
AR GRAC 2024 07 06 02 57 50.000000 2   2.292519256028E-12  1.148873531032E-11
AR GRAC 2024 07 06 02 58  0.000000 2   2.094864429494E-12  5.589303759407E-12
AR GRAC 2024 07 06 02 58 10.000000 2   3.538003440565E-12  3.989869198917E-12
AR GRAC 2024 07 06 02 58 20.000000 2   3.775087881186E-12  1.239043503215E-11
AR GRAC 2024 07 06 02 58 30.000000 2   7.527383230621E-12  1.009100095151E-11
AR GRAC 2024 07 06 02 58 40.000000 2   4.033579026341E-12  1.979156942500E-11
AR GRAC 2024 07 06 02 58 50.000000 2   3.204099095419E-12  1.179213844626E-11
AR GRAC 2024 07 06 02 59  0.000000 2  -2.323409693805E-12  5.792705724816E-12
AR GRAC 2024 07 06 02 59 10.000000 2   4.632138856514E-12  2.019327240144E-11
AR GRAC 2024 07 06 02 59 20.000000 2   1.814762099275E-12  1.559384218974E-11
AR GRAC 2024 07 06 02 59 30.000000 2   3.729623814647E-12  1.029441115685E-11
AR GRAC 2024 07 06 02 59 40.000000 2  -4.516820945044E-12  1.059497715256E-11
AR GRAC 2024 07 06 02 59 50.000000 2   2.080404425120E-12  9.995546924879E-12
AR GRAC 2024 07 06 03 00  0.000000 2  -1.070367535924E-12  1.569611628172E-11
AR GRAC 2024 07 06 03 00 10.000000 2  -4.150498304420E-13  9.096684343290E-12
AR GRAC 2024 07 06 03 00 20.000000 2  -4.908749622057E-12  1.129725306359E-11
AR GRAC 2024 07 06 03 00 30.000000 2  -6.873247197087E-12  1.489782082420E-11
AR GRAC 2024 07 06 03 00 40.000000 2   1.140384011181E-12  9.998392738741E-12
AR GRAC 2024 07 06 03 00 50.000000 2  -4.441734794639E-13  1.049896454497E-11
AR GRAC 2024 07 06 03 01  0.000000 2  -6.997720545382E-12 -1.040046781337E-11
AR GRAC 2024 07 06 03 01 10.000000 2  -3.051790157388E-12  2.300010529255E-11
AR GRAC 2024 07 06 03 01 20.000000 2  -7.398743943898E-12  2.400674060585E-12
AR GRAC 2024 07 06 03 01 30.000000 2  -9.348881911675E-12  2.101244742439E-12
AR GRAC 2024 07 06 03 01 40.000000 2  -7.908872341755E-12  5.301816277670E-12
AR GRAC 2024 07 06 03 01 50.000000 2  -7.751824356028E-12  8.902387507725E-12
AR GRAC 2024 07 06 03 02  0.000000 2   1.008022441559E-12 -1.697041270531E-12
AR GRAC 2024 07 06 03 02 10.000000 2  -6.202930964011E-12  2.303530630132E-12
AR GRAC 2024 07 06 03 02 20.000000 2  -7.886810995950E-12  1.740410246476E-11
AR GRAC 2024 07 06 03 02 30.000000 2  -6.288614594341E-12  1.640467275910E-11
AR GRAC 2024 07 06 03 02 40.000000 2  -7.949038129118E-12 -3.494750712776E-12
AR GRAC 2024 07 06 03 02 50.000000 2  -5.314763820014E-12  1.950581883514E-11
AR GRAC 2024 07 06 03 03  0.000000 2  -5.366761722525E-12  2.706393269214E-12
AR GRAC 2024 07 06 03 03 10.000000 2  -8.779782456614E-12  8.106964752286E-12
AR GRAC 2024 07 06 03 03 20.000000 2  -9.606814475871E-12  1.030753954412E-11
AR GRAC 2024 07 06 03 03 30.000000 2  -1.165391307761E-11 -2.991887119996E-12
AR GRAC 2024 07 06 03 03 40.000000 2  -1.060292218608E-11  1.670868825243E-11
AR GRAC 2024 07 06 03 03 50.000000 2  -7.916838191957E-12  7.092620219439E-13
AR GRAC 2024 07 06 03 04  0.000000 2  -1.083896861154E-11  1.560983460547E-11
AR GRAC 2024 07 06 03 04 10.000000 2  -1.036782812380E-11  8.710409130086E-12
AR GRAC 2024 07 06 03 04 20.000000 2  -1.387079340276E-11 -3.689014805436E-12
AR GRAC 2024 07 06 03 04 30.000000 2  -1.391540962320E-11  1.411558695451E-12
AR GRAC 2024 07 06 03 04 40.000000 2  -1.444823167357E-11  9.512133268552E-12
AR GRAC 2024 07 06 03 04 50.000000 2  -1.391538533707E-11  1.431271247354E-11
AR GRAC 2024 07 06 03 05  0.000000 2  -1.828738549481E-11 -6.867138693627E-13
AR GRAC 2024 07 06 03 05 10.000000 2  -1.491450712932E-11  1.791386136651E-11
AR GRAC 2024 07 06 03 05 20.000000 2  -1.769520814598E-11 -2.485563838084E-12
AR GRAC 2024 07 06 03 05 30.000000 2  -1.290423670697E-11  4.015013148340E-12
AR GRAC 2024 07 06 03 05 40.000000 2  -1.407134651854E-11  2.291558956480E-11
AR GRAC 2024 07 06 03 05 50.000000 2  -1.358001731899E-11  1.016166751439E-12
AR GRAC 2024 07 06 03 06  0.000000 2  -1.216960213157E-11  1.211674684198E-11
AR GRAC 2024 07 06 03 06 10.000000 2  -1.296174279020E-11  4.017321197924E-12
AR GRAC 2024 07 06 03 06 20.000000 2  -1.620919370948E-11  5.117897858981E-12
AR GRAC 2024 07 06 03 06 30.000000 2  -1.373906977770E-11  4.518475871240E-12
AR GRAC 2024 07 06 03 06 40.000000 2  -1.793871474975E-11  7.319052482135E-12
AR GRAC 2024 07 06 03 06 50.000000 2  -2.523993514192E-11  2.719630510378E-12
AR GRAC 2024 07 06 03 07  0.000000 2  -1.320058298782E-11  7.520211016410E-12
AR GRAC 2024 07 06 03 07 10.000000 2  -1.008405251662E-11 -6.792108650684E-13
AR GRAC 2024 07 06 03 07 20.000000 2  -1.745237114548E-11  4.213659044079E-13
AR GRAC 2024 07 06 03 07 30.000000 2  -1.794697723767E-11  6.021947263762E-12
AR GRAC 2024 07 06 03 07 40.000000 2  -2.609808549825E-11  4.422526147380E-12
AR GRAC 2024 07 06 03 07 50.000000 2  -2.270697171958E-11 -1.376895993055E-12
AR GRAC 2024 07 06 03 08  0.000000 2  -2.398950482707E-11  9.423683187959E-12
AR GRAC 2024 07 06 03 08 10.000000 2  -2.296015634562E-11 -2.057573555980E-11
AR GRAC 2024 07 06 03 08 20.000000 2  -2.085863079482E-11  9.024844239980E-12
AR GRAC 2024 07 06 03 08 30.000000 2  -2.041064539604E-11  2.142542220029E-11
AR GRAC 2024 07 06 03 08 40.000000 2  -2.530143629331E-11 -2.773996093594E-12
AR GRAC 2024 07 06 03 08 50.000000 2  -2.218858256853E-11 -5.673414429225E-12
AR GRAC 2024 07 06 03 09  0.000000 2  -2.752979441634E-11  2.427166323829E-12
AR GRAC 2024 07 06 03 09 10.000000 2  -2.279238603409E-11  1.292774741424E-11
AR GRAC 2024 07 06 03 09 20.000000 2  -2.515053443286E-11 -1.167167317656E-11
AR GRAC 2024 07 06 03 09 30.000000 2  -2.504976087669E-11  1.328909204901E-12
AR GRAC 2024 07 06 03 09 40.000000 2  -3.266900985843E-11  6.829493134214E-12
AR GRAC 2024 07 06 03 09 50.000000 2  -2.126897789834E-11 -1.269926763574E-12
AR GRAC 2024 07 06 03 10  0.000000 2  -2.412824107179E-11  1.730655657846E-12
AR GRAC 2024 07 06 03 10 10.000000 2  -2.693807329979E-11  1.123123902907E-11
AR GRAC 2024 07 06 03 10 20.000000 2  -2.855388668566E-11 -1.026818040317E-11
AR GRAC 2024 07 06 03 10 30.000000 2  -2.600524309782E-11 -1.526759448034E-11
AR GRAC 2024 07 06 03 10 40.000000 2  -2.392851715383E-11  1.273298567278E-11
AR GRAC 2024 07 06 03 10 50.000000 2  -3.163200951173E-11 -1.036642993668E-11
AR GRAC 2024 07 06 03 11  0.000000 2  -2.767258817926E-11  5.534152996978E-12
AR GRAC 2024 07 06 03 11 10.000000 2  -2.956079478422E-11 -2.765260676690E-12
AR GRAC 2024 07 06 03 11 20.000000 2  -3.205653797966E-11 -1.306467867918E-11
AR GRAC 2024 07 06 03 11 30.000000 2  -3.122491848417E-11 -4.640932278234E-13
AR GRAC 2024 07 06 03 11 40.000000 2  -2.769458794238E-11  8.236491350067E-12
AR GRAC 2024 07 06 03 11 50.000000 2  -3.069859297322E-11 -1.262924443843E-12
AR GRAC 2024 07 06 03 12  0.000000 2  -3.385271576950E-11 -1.296233953507E-11
AR GRAC 2024 07 06 03 12 10.000000 2  -3.163692571806E-11  2.273824357968E-11
AR GRAC 2024 07 06 03 12 20.000000 2  -3.440751156214E-11 -1.246116838188E-11
AR GRAC 2024 07 06 03 12 30.000000 2  -3.286371869082E-11  3.739417196030E-12
AR GRAC 2024 07 06 03 12 40.000000 2  -3.799358397338E-11  1.324000197672E-11
AR GRAC 2024 07 06 03 12 50.000000 2  -3.380172530765E-11 -7.459413295385E-12
AR GRAC 2024 07 06 03 13  0.000000 2  -3.036406542867E-11 -8.958824133931E-12
AR GRAC 2024 07 06 03 13 10.000000 2  -3.178385332703E-11 -3.158239295087E-12
AR GRAC 2024 07 06 03 13 20.000000 2  -3.600441819684E-11 -2.757652613206E-12
AR GRAC 2024 07 06 03 13 30.000000 2  -3.245420251985E-11 -1.175706580703E-11
AR GRAC 2024 07 06 03 13 40.000000 2  -3.477343413216E-11  5.743521977464E-12
AR GRAC 2024 07 06 03 13 50.000000 2  -3.345494020701E-11 -1.755589250363E-11
AR GRAC 2024 07 06 03 14  0.000000 2  -3.265979153788E-11 -6.755302914274E-12
AR GRAC 2024 07 06 03 14 10.000000 2  -3.780371155004E-11  6.145286102904E-12
AR GRAC 2024 07 06 03 14 20.000000 2  -3.790535593740E-11 -3.654126046887E-12
AR GRAC 2024 07 06 03 14 30.000000 2  -3.362892256331E-11 -5.653538401318E-12
AR GRAC 2024 07 06 03 14 40.000000 2  -3.331152367836E-11 -8.552952616980E-12
AR GRAC 2024 07 06 03 14 50.000000 2  -3.099565396014E-11 -1.345236162048E-11
AR GRAC 2024 07 06 03 15  0.000000 2  -3.923354002788E-11  8.482268706866E-13
AR GRAC 2024 07 06 03 15 10.000000 2  -3.648523497213E-11 -1.305118513262E-11
AR GRAC 2024 07 06 03 15 20.000000 2  -3.884531585285E-11 -1.750594569479E-12
AR GRAC 2024 07 06 03 15 30.000000 2  -3.558597166942E-11 -8.850004930283E-12
AR GRAC 2024 07 06 03 15 40.000000 2  -4.057253838452E-11 -5.949415439466E-12
AR GRAC 2024 07 06 03 15 50.000000 2  -3.553691715896E-11 -1.144882452730E-11
AR GRAC 2024 07 06 03 16  0.000000 2  -3.841733875465E-11 -6.748235217152E-12
AR GRAC 2024 07 06 03 16 10.000000 2  -3.618935706662E-11 -9.347644186475E-12
AR GRAC 2024 07 06 03 16 20.000000 2  -3.447821195213E-11  6.252946511270E-12
AR GRAC 2024 07 06 03 16 30.000000 2  -3.997708414305E-11 -1.434646412085E-11
AR GRAC 2024 07 06 03 16 40.000000 2  -3.785919147625E-11 -1.744587287134E-11
AR GRAC 2024 07 06 03 16 50.000000 2  -3.965656969473E-11 -3.545278653982E-12
AR GRAC 2024 07 06 03 17  0.000000 2  -3.892382943738E-11 -6.144689358029E-12
AR GRAC 2024 07 06 03 17 10.000000 2  -4.008097673203E-11 -8.444096984139E-12
AR GRAC 2024 07 06 03 17 20.000000 2  -3.170428503063E-11 -1.744350497379E-11
AR GRAC 2024 07 06 03 17 30.000000 2  -4.333860006978E-11 -1.942912410818E-12
AR GRAC 2024 07 06 03 17 40.000000 2  -4.010726126213E-11 -1.674232107118E-11
AR GRAC 2024 07 06 03 17 50.000000 2  -3.823713914941E-11 -9.417259723768E-13
AR GRAC 2024 07 06 03 18  0.000000 2  -3.802855946811E-11  5.958864044558E-12
AR GRAC 2024 07 06 03 18 10.000000 2  -4.312202331325E-11  3.659459020533E-12
AR GRAC 2024 07 06 03 18 20.000000 2  -3.879366619608E-11 -2.363994590360E-11
AR GRAC 2024 07 06 03 18 30.000000 2  -4.082288673768E-11 -1.153935454135E-11
AR GRAC 2024 07 06 03 18 40.000000 2  -4.340910617073E-11 -8.838760452712E-12
AR GRAC 2024 07 06 03 18 50.000000 2  -4.525073718509E-11 -9.438167261622E-12
AR GRAC 2024 07 06 03 19  0.000000 2  -3.945660811966E-11 -1.953757294837E-11
AR GRAC 2024 07 06 03 19 10.000000 2  -4.439026229930E-11 -4.636977433969E-12
AR GRAC 2024 07 06 03 19 20.000000 2  -3.910026816212E-11 -1.133638408840E-11
AR GRAC 2024 07 06 03 19 30.000000 2  -4.329542627191E-11 -5.357877769924E-13
AR GRAC 2024 07 06 03 19 40.000000 2  -4.278469592500E-11 -2.135191546140E-12
AR GRAC 2024 07 06 03 19 50.000000 2  -4.150134749747E-11 -6.834597558042E-12
AR GRAC 2024 07 06 03 20  0.000000 2  -4.161300123928E-11 -2.253400244179E-11
AR GRAC 2024 07 06 03 20 10.000000 2  -4.018111884885E-11 -3.233405080141E-12
AR GRAC 2024 07 06 03 20 20.000000 2  -4.120266280938E-11 -1.373281263012E-11
AR GRAC 2024 07 06 03 20 30.000000 2  -4.490909033539E-11 -6.632212574270E-12
AR GRAC 2024 07 06 03 20 40.000000 2  -4.240530843136E-11 -6.331618389310E-12
AR GRAC 2024 07 06 03 20 50.000000 2  -4.360402316994E-11 -2.333102114283E-11
AR GRAC 2024 07 06 03 21  0.000000 2  -3.882055094051E-11 -9.730425666599E-12
AR GRAC 2024 07 06 03 21 10.000000 2  -4.310823573106E-11 -8.629826020456E-12
AR GRAC 2024 07 06 03 21 20.000000 2  -4.240610987361E-11 -1.572923041815E-11
AR GRAC 2024 07 06 03 21 30.000000 2  -4.222317287472E-11 -2.622863037871E-11
AR GRAC 2024 07 06 03 21 40.000000 2  -4.503269979139E-11 -3.428034548933E-12
AR GRAC 2024 07 06 03 21 50.000000 2  -4.446468540587E-11 -6.927435621668E-12
AR GRAC 2024 07 06 03 22  0.000000 2  -4.347048415676E-11 -8.426838220277E-12
AR GRAC 2024 07 06 03 22 10.000000 2  -3.791269034825E-11 -1.012624012420E-11
AR GRAC 2024 07 06 03 22 20.000000 2  -4.032400455212E-11 -7.725638705158E-12
AR GRAC 2024 07 06 03 22 30.000000 2  -4.651605836625E-11 -4.725042839632E-12
AR GRAC 2024 07 06 03 22 40.000000 2  -4.356353472401E-11 -7.924441484952E-12
AR GRAC 2024 07 06 03 22 50.000000 2  -4.292493444025E-11 -3.923842153974E-12
AR GRAC 2024 07 06 03 23  0.000000 2  -4.173428269638E-11 -3.382324628709E-11
AR GRAC 2024 07 06 03 23 10.000000 2  -3.866579972867E-11 -2.112264183007E-11
AR GRAC 2024 07 06 03 23 20.000000 2  -4.332019118425E-11 -1.052204504082E-11
AR GRAC 2024 07 06 03 23 30.000000 2  -4.038566356335E-11 -8.321442493409E-12
AR GRAC 2024 07 06 03 23 40.000000 2  -4.909673015363E-11 -7.120842110409E-12
AR GRAC 2024 07 06 03 23 50.000000 2  -3.971937709291E-11 -8.120242325771E-12
AR GRAC 2024 07 06 03 24  0.000000 2  -4.261899513858E-11 -2.211964118815E-11
AR GRAC 2024 07 06 03 24 10.000000 2  -3.915526583520E-11 -6.119038435670E-12
AR GRAC 2024 07 06 03 24 20.000000 2  -3.916892504785E-11 -2.501844044434E-11
AR GRAC 2024 07 06 03 24 30.000000 2  -4.496051100866E-11 -1.017838374348E-12
AR GRAC 2024 07 06 03 24 40.000000 2  -4.511451975886E-11 -2.141723604021E-11
AR GRAC 2024 07 06 03 24 50.000000 2  -3.971609846554E-11 -1.121663265741E-11
AR GRAC 2024 07 06 03 25  0.000000 2  -4.229362346453E-11 -2.111603079891E-11
AR GRAC 2024 07 06 03 25 10.000000 2  -4.136735745619E-11 -1.981542881169E-11
AR GRAC 2024 07 06 03 25 20.000000 2  -4.046089158161E-11 -1.711482344735E-11
AR GRAC 2024 07 06 03 25 30.000000 2  -4.414981574774E-11 -2.241422325522E-11
AR GRAC 2024 07 06 03 25 40.000000 2  -4.098308151179E-11 -1.231361974191E-11
AR GRAC 2024 07 06 03 25 50.000000 2  -4.436748538006E-11 -1.221301618864E-11
AR GRAC 2024 07 06 03 26  0.000000 2  -4.087791216634E-11 -1.871241356310E-11
AR GRAC 2024 07 06 03 26 10.000000 2  -4.019317864645E-11 -1.851181014034E-11
AR GRAC 2024 07 06 03 26 20.000000 2  -4.350206653236E-11 -1.901120580405E-11
AR GRAC 2024 07 06 03 26 30.000000 2  -4.169160502943E-11 -1.371060036337E-11
AR GRAC 2024 07 06 03 26 40.000000 2  -4.125615821193E-11 -1.820999601110E-11
AR GRAC 2024 07 06 03 26 50.000000 2  -4.072976678149E-11 -1.780938937990E-11
AR GRAC 2024 07 06 03 27  0.000000 2  -4.423190633207E-11 -1.580878657148E-11
AR GRAC 2024 07 06 03 27 10.000000 2  -3.976889997870E-11 -6.208181538292E-12
AR GRAC 2024 07 06 03 27 20.000000 2  -3.962358566256E-11 -6.307575121933E-12
AR GRAC 2024 07 06 03 27 30.000000 2  -3.669380077564E-11 -2.830696961553E-11
AR GRAC 2024 07 06 03 27 40.000000 2  -4.142857237821E-11 -1.710636493568E-11
AR GRAC 2024 07 06 03 27 50.000000 2  -3.719933042157E-11 -1.430575883449E-11
AR GRAC 2024 07 06 03 28  0.000000 2  -4.016184607103E-11 -6.205150976379E-12
AR GRAC 2024 07 06 03 28 10.000000 2  -3.898929790136E-11 -2.290454804987E-11
AR GRAC 2024 07 06 03 28 20.000000 2  -4.370648634677E-11 -3.040393631304E-11
AR GRAC 2024 07 06 03 28 30.000000 2  -3.779456608788E-11 -1.320333252453E-11
AR GRAC 2024 07 06 03 28 40.000000 2  -4.081927157396E-11 -9.802724604269E-12
AR GRAC 2024 07 06 03 28 50.000000 2  -3.515448349090E-11 -1.290211860960E-11
AR GRAC 2024 07 06 03 29  0.000000 2  -4.016215485181E-11 -2.570151036441E-11
AR GRAC 2024 07 06 03 29 10.000000 2  -3.897443826006E-11 -8.800903582296E-12
AR GRAC 2024 07 06 03 29 20.000000 2  -3.996045508381E-11 -2.500291857235E-12
AR GRAC 2024 07 06 03 29 30.000000 2  -4.333264302936E-11 -3.959968811196E-11
AR GRAC 2024 07 06 03 29 40.000000 2  -4.140243009543E-11 -3.229907660773E-11
AR GRAC 2024 07 06 03 29 50.000000 2  -4.035693307314E-11  9.015297731431E-13
AR GRAC 2024 07 06 03 30  0.000000 2  -3.539631435179E-11 -2.129785930949E-11
AR GRAC 2024 07 06 03 30 10.000000 2  -4.275946957621E-11 -1.659725135106E-11
AR GRAC 2024 07 06 03 30 20.000000 2  -4.147765464424E-11 -4.896639951152E-12
AR GRAC 2024 07 06 03 30 30.000000 2  -4.261619529489E-11 -3.159603481628E-11
AR GRAC 2024 07 06 03 30 40.000000 2  -3.989963220929E-11 -9.295422070954E-12
AR GRAC 2024 07 06 03 30 50.000000 2  -3.325677580546E-11 -1.619481285187E-11
AR GRAC 2024 07 06 03 31  0.000000 2  -4.207608220175E-11 -2.329419990232E-11
AR GRAC 2024 07 06 03 31 10.000000 2  -3.569937054304E-11 -2.209359258043E-11
AR GRAC 2024 07 06 03 31 20.000000 2  -3.830966099905E-11 -9.792979795142E-12
AR GRAC 2024 07 06 03 31 30.000000 2  -3.969533382553E-11 -1.759237026888E-11
AR GRAC 2024 07 06 03 31 40.000000 2  -3.979695392675E-11 -2.019175798784E-11
AR GRAC 2024 07 06 03 31 50.000000 2  -3.893687455792E-11 -1.069114761998E-11
AR GRAC 2024 07 06 03 32  0.000000 2  -4.369466247156E-11 -1.249053638297E-11
AR GRAC 2024 07 06 03 32 10.000000 2  -3.691346880941E-11 -1.118992312005E-11
AR GRAC 2024 07 06 03 32 20.000000 2  -3.377284910067E-11 -2.238931089138E-11
AR GRAC 2024 07 06 03 32 30.000000 2  -3.872439868768E-11 -8.788698067919E-12
AR GRAC 2024 07 06 03 32 40.000000 2  -3.161161263310E-11 -1.998808583925E-11
AR GRAC 2024 07 06 03 32 50.000000 2  -4.054827307254E-11 -9.887473652326E-12
AR GRAC 2024 07 06 03 33  0.000000 2  -3.944781654108E-11 -2.186861369075E-12
AR GRAC 2024 07 06 03 33 10.000000 2  -3.370096215982E-11  2.113752098701E-12
AR GRAC 2024 07 06 03 33 20.000000 2  -4.100471351354E-11 -3.438563322966E-11
AR GRAC 2024 07 06 03 33 30.000000 2  -3.102756593321E-11 -1.278502217289E-11
AR GRAC 2024 07 06 03 33 40.000000 2  -3.333129258709E-11 -1.158440617738E-11
AR GRAC 2024 07 06 03 33 50.000000 2  -3.321684594049E-11 -1.178379355898E-11
AR GRAC 2024 07 06 03 34  0.000000 2  -3.582500615606E-11 -1.888317974208E-11
AR GRAC 2024 07 06 03 34 10.000000 2  -4.079692486614E-11 -9.482564906904E-12
AR GRAC 2024 07 06 03 34 20.000000 2  -3.276087387483E-11 -1.408195088315E-11
AR GRAC 2024 07 06 03 34 30.000000 2  -3.840661469412E-11 -2.158133394214E-11
AR GRAC 2024 07 06 03 34 40.000000 2  -3.985399163464E-11 -9.680718900118E-12
AR GRAC 2024 07 06 03 34 50.000000 2  -3.286303520977E-11 -2.218010324018E-11
AR GRAC 2024 07 06 03 35  0.000000 2  -3.661485697970E-11 -1.117948962570E-11
AR GRAC 2024 07 06 03 35 10.000000 2  -3.487192132279E-11 -1.237887223282E-11
AR GRAC 2024 07 06 03 35 20.000000 2  -3.125136260884E-11 -1.487825487811E-11
AR GRAC 2024 07 06 03 35 30.000000 2  -3.372786425149E-11 -1.397764196054E-11
AR GRAC 2024 07 06 03 35 40.000000 2  -3.340639570526E-11 -1.097702397729E-11
AR GRAC 2024 07 06 03 35 50.000000 2  -3.336216372607E-11 -1.307640627723E-11
AR GRAC 2024 07 06 03 36  0.000000 2  -2.997909906433E-11 -1.547579078776E-11
AR GRAC 2024 07 06 03 36 10.000000 2  -3.208424845247E-11 -1.537517335670E-11
AR GRAC 2024 07 06 03 36 20.000000 2  -3.249408381256E-11 -1.817455561048E-11
AR GRAC 2024 07 06 03 36 30.000000 2  -3.656084116010E-11 -1.657393666754E-11
AR GRAC 2024 07 06 03 36 40.000000 2  -3.087365085808E-11 -1.227332211556E-11
AR GRAC 2024 07 06 03 36 50.000000 2  -2.832303662437E-11 -1.627270193594E-11
AR GRAC 2024 07 06 03 37  0.000000 2  -2.986501324020E-11 -8.072083799993E-12
AR GRAC 2024 07 06 03 37 10.000000 2  -3.553965802205E-11 -7.171464377204E-12
AR GRAC 2024 07 06 03 37 20.000000 2  -3.723448979698E-11 -2.327084532017E-11
AR GRAC 2024 07 06 03 37 30.000000 2  -3.053368322070E-11 -1.017022837474E-11
AR GRAC 2024 07 06 03 37 40.000000 2  -3.295997155761E-11 -6.169606926038E-12
AR GRAC 2024 07 06 03 37 50.000000 2  -2.960151915254E-11 -1.796899087858E-11
AR GRAC 2024 07 06 03 38  0.000000 2  -3.284740882070E-11 -1.216836961054E-11
AR GRAC 2024 07 06 03 38 10.000000 2  -3.727251146612E-11 -7.767749117538E-12
AR GRAC 2024 07 06 03 38 20.000000 2  -2.856093313242E-11 -1.446712888376E-11
AR GRAC 2024 07 06 03 38 30.000000 2  -2.884889375998E-11 -9.666508912765E-12
AR GRAC 2024 07 06 03 38 40.000000 2  -3.106376961215E-11 -8.265888841452E-12
AR GRAC 2024 07 06 03 38 50.000000 2  -3.070340856559E-11 -4.465267565423E-12
AR GRAC 2024 07 06 03 39  0.000000 2  -3.608649837283E-11 -1.376464654063E-11
AR GRAC 2024 07 06 03 39 10.000000 2  -3.255498301491E-11 -1.136402777435E-11
AR GRAC 2024 07 06 03 39 20.000000 2  -2.971758256143E-11 -9.363404149254E-12
AR GRAC 2024 07 06 03 39 30.000000 2  -3.043407539871E-11 -3.362781624341E-12
AR GRAC 2024 07 06 03 39 40.000000 2  -2.974811716405E-11 -3.562161633372E-12
AR GRAC 2024 07 06 03 39 50.000000 2  -2.960913111916E-11 -9.161539582525E-12
AR GRAC 2024 07 06 03 40  0.000000 2  -2.585824783463E-11  6.839084853993E-12
AR GRAC 2024 07 06 03 40 10.000000 2  -3.523492261848E-11 -1.496029515546E-11
AR GRAC 2024 07 06 03 40 20.000000 2  -2.270059140663E-11 -2.255966941034E-11
AR GRAC 2024 07 06 03 40 30.000000 2  -2.518411000574E-11  4.840951858126E-12
AR GRAC 2024 07 06 03 40 40.000000 2  -3.196254719229E-11 -1.655842477022E-11
AR GRAC 2024 07 06 03 40 50.000000 2  -3.126679817833E-11 -1.425780240399E-11
AR GRAC 2024 07 06 03 41  0.000000 2  -2.831557384397E-11 -1.957177041961E-12
AR GRAC 2024 07 06 03 41 10.000000 2  -2.972629781217E-11 -2.456554707916E-12
AR GRAC 2024 07 06 03 41 20.000000 2  -2.428582682179E-11 -1.645593036836E-11
AR GRAC 2024 07 06 03 41 30.000000 2  -3.177528032361E-11 -7.455307204918E-12
AR GRAC 2024 07 06 03 41 40.000000 2  -3.056994934969E-11 -9.254682090121E-12
AR GRAC 2024 07 06 03 41 50.000000 2  -2.597887009681E-11 -1.125405584695E-11
AR GRAC 2024 07 06 03 42  0.000000 2  -2.923857336801E-11  1.465681823956E-13
AR GRAC 2024 07 06 03 42 10.000000 2  -2.752844653620E-11 -5.528064442838E-13
AR GRAC 2024 07 06 03 42 20.000000 2  -2.841376960105E-11 -1.965218265898E-11
AR GRAC 2024 07 06 03 42 30.000000 2  -2.852058519909E-11  4.248443177118E-12
AR GRAC 2024 07 06 03 42 40.000000 2  -2.614705153781E-11  2.249069637125E-12
AR GRAC 2024 07 06 03 42 50.000000 2  -2.926911490952E-11 -2.550304585569E-12
AR GRAC 2024 07 06 03 43  0.000000 2  -2.384384877041E-11  9.250323597387E-12
AR GRAC 2024 07 06 03 43 10.000000 2  -2.301238019586E-11  1.150949669772E-12
AR GRAC 2024 07 06 03 43 20.000000 2  -2.321698562568E-11 -4.348423964656E-12
AR GRAC 2024 07 06 03 43 30.000000 2  -2.094430011368E-11  4.522017797107E-13
AR GRAC 2024 07 06 03 43 40.000000 2  -2.602702428578E-11 -2.947169635073E-12
AR GRAC 2024 07 06 03 43 50.000000 2  -2.595083870016E-11 -1.704654299661E-11
AR GRAC 2024 07 06 03 44  0.000000 2  -2.735963886003E-11 -7.459158074194E-13
AR GRAC 2024 07 06 03 44 10.000000 2  -3.037924425908E-11 -5.945285930231E-12
AR GRAC 2024 07 06 03 44 20.000000 2  -1.983041855724E-11 -6.446598354963E-13
AR GRAC 2024 07 06 03 44 30.000000 2  -2.814382581151E-11  5.255969704604E-12
AR GRAC 2024 07 06 03 44 40.000000 2  -2.179970613747E-11  5.056599236553E-12
AR GRAC 2024 07 06 03 44 50.000000 2  -2.140948356100E-11 -2.042772851915E-12
AR GRAC 2024 07 06 03 45  0.000000 2  -2.280823099832E-11 -1.154214657878E-11
AR GRAC 2024 07 06 03 45 10.000000 2  -2.453036385131E-11 -8.415150629278E-13
AR GRAC 2024 07 06 03 45 20.000000 2  -2.365179233021E-11  4.359112897034E-12
AR GRAC 2024 07 06 03 45 30.000000 2  -2.588079923982E-11 -7.840257089387E-12
AR GRAC 2024 07 06 03 45 40.000000 2  -2.109306479481E-11  1.860372966789E-12
AR GRAC 2024 07 06 03 45 50.000000 2  -2.612232825883E-11  6.361001135546E-12
AR GRAC 2024 07 06 03 46  0.000000 2  -2.287143391344E-11 -7.383643392880E-13
AR GRAC 2024 07 06 03 46 10.000000 2  -2.604120565020E-11  7.762263921907E-12
AR GRAC 2024 07 06 03 46 20.000000 2  -2.208331260911E-11 -9.637104482485E-12
AR GRAC 2024 07 06 03 46 30.000000 2  -2.116004767239E-11  1.166352257831E-11
AR GRAC 2024 07 06 03 46 40.000000 2  -2.534840566615E-11  5.564158508942E-12
AR GRAC 2024 07 06 03 46 50.000000 2  -2.073943794478E-11  1.564788121126E-12
AR GRAC 2024 07 06 03 47  0.000000 2  -1.777648341028E-11  2.065420967937E-12
AR GRAC 2024 07 06 03 47 10.000000 2  -2.147562336297E-11  6.866051997789E-12
AR GRAC 2024 07 06 03 47 20.000000 2  -1.926834386490E-11  1.216668519405E-11
AR GRAC 2024 07 06 03 47 30.000000 2  -1.830249840573E-11 -1.143268552745E-11
AR GRAC 2024 07 06 03 47 40.000000 2  -2.143748373262E-11  1.866794913097E-11
AR GRAC 2024 07 06 03 47 50.000000 2  -2.332177680142E-11 -4.331419771464E-12
AR GRAC 2024 07 06 03 48  0.000000 2  -2.204083790480E-11  1.906921322237E-11
AR GRAC 2024 07 06 03 48 10.000000 2  -2.104257566804E-11  1.616984844632E-11
AR GRAC 2024 07 06 03 48 20.000000 2  -2.443467476965E-11 -5.129519205227E-12
AR GRAC 2024 07 06 03 48 30.000000 2  -2.495965066573E-11  2.157111468615E-11
AR GRAC 2024 07 06 03 48 40.000000 2  -1.868103935432E-11  4.071748146983E-12
AR GRAC 2024 07 06 03 48 50.000000 2  -1.817897395118E-11  1.007237956235E-11
AR GRAC 2024 07 06 03 49  0.000000 2  -2.300345330886E-11  1.447301653523E-11
AR GRAC 2024 07 06 03 49 10.000000 2  -2.584754459078E-11  3.973651702821E-12
AR GRAC 2024 07 06 03 49 20.000000 2  -1.586833615896E-11  1.174285712072E-12
AR GRAC 2024 07 06 03 49 30.000000 2  -1.844730444789E-11  1.337492096243E-11
AR GRAC 2024 07 06 03 49 40.000000 2  -1.688403583611E-11  1.675556611860E-12
AR GRAC 2024 07 06 03 49 50.000000 2  -1.980211133956E-11  7.676189545114E-12
