 2.00 C RINEX VERSION / TYPE
 10.00 INTERVAL
 1 AR # / TYPES OF DATA
 END OF HEADER
AR GRAC 2024 06 13 01 50  0.000000 2   1.369286975472E-11  2.587617099759E-11
AR GRAC 2024 06 13 01 50 10.000000 2   2.127988757428E-11  2.421400580044E-11
AR GRAC 2024 06 13 01 50 20.000000 2   1.801776783328E-11  3.996184286259E-11
AR GRAC 2024 06 13 01 50 30.000000 2   1.814447377069E-11  3.463966960493E-11
AR GRAC 2024 06 13 01 50 40.000000 2   1.982764299968E-11  2.920750100111E-11
AR GRAC 2024 06 13 01 50 50.000000 2   2.073456337182E-11  1.106533007583E-11
AR GRAC 2024 06 13 01 51  0.000000 2   1.700772682411E-11  3.842315354774E-11
AR GRAC 2024 06 13 01 51 10.000000 2   1.886168825294E-11  3.046098095982E-11
AR GRAC 2024 06 13 01 51 20.000000 2   2.408361184092E-11  2.411880591080E-11
AR GRAC 2024 06 13 01 51 30.000000 2   2.471926136005E-11  3.441662579928E-11
AR GRAC 2024 06 13 01 51 40.000000 2   1.503961712113E-11  3.275444845907E-11
AR GRAC 2024 06 13 01 51 50.000000 2   2.294803409797E-11  2.648226256341E-11
AR GRAC 2024 06 13 01 52  0.000000 2   2.141098756625E-11  2.430008277932E-11
AR GRAC 2024 06 13 01 52 10.000000 2   1.966490859040E-11  2.829789527703E-11
AR GRAC 2024 06 13 01 52 20.000000 2   2.086221299880E-11  3.606570944670E-11
AR GRAC 2024 06 13 01 52 30.000000 2   2.836021695263E-11  2.984352348578E-11
AR GRAC 2024 06 13 01 52 40.000000 2   1.927635655263E-11  4.278133403091E-11
AR GRAC 2024 06 13 01 52 50.000000 2   2.540983048971E-11  2.507914015348E-11
AR GRAC 2024 06 13 01 53  0.000000 2   2.250363263789E-11  2.230694969019E-11
AR GRAC 2024 06 13 01 53 10.000000 2   2.192653524025E-11  3.800475212312E-11
AR GRAC 2024 06 13 01 53 20.000000 2   2.584999922450E-11  3.067255824329E-11
AR GRAC 2024 06 13 01 53 30.000000 2   2.308719708466E-11  1.173035973911E-11
AR GRAC 2024 06 13 01 53 40.000000 2   2.278776993492E-11  5.279815820658E-11
AR GRAC 2024 06 13 01 53 50.000000 2   2.171491805814E-11  4.055595789754E-11
AR GRAC 2024 06 13 01 54  0.000000 2   2.658539187406E-11  1.711375485769E-11
AR GRAC 2024 06 13 01 54 10.000000 2   2.565032908297E-11  5.973155303707E-11
AR GRAC 2024 06 13 01 54 20.000000 2   2.520851756505E-11  3.284934130265E-11
AR GRAC 2024 06 13 01 54 30.000000 2   2.301143824102E-11  1.843713549887E-11
AR GRAC 2024 06 13 01 54 40.000000 2   2.748495701865E-11  4.171492665184E-11
AR GRAC 2024 06 13 01 54 50.000000 2   2.034332771683E-11  4.663271505057E-11
AR GRAC 2024 06 13 01 55  0.000000 2   2.657054090638E-11  1.668050246539E-11
AR GRAC 2024 06 13 01 55 10.000000 2   2.501579672576E-11  4.271828724089E-11
AR GRAC 2024 06 13 01 55 20.000000 2   1.887811261481E-11  4.356607088973E-11
AR GRAC 2024 06 13 01 55 30.000000 2   2.586818780015E-11  1.693385189017E-11
AR GRAC 2024 06 13 01 55 40.000000 2   2.569582741030E-11  2.700163530267E-11
AR GRAC 2024 06 13 01 55 50.000000 2   2.227814113742E-11  5.196941141317E-11
AR GRAC 2024 06 13 01 56  0.000000 2   3.057978870125E-11  2.927718831258E-11
AR GRAC 2024 06 13 01 56 10.000000 2   2.353830151625E-11  2.551496514069E-11
AR GRAC 2024 06 13 01 56 20.000000 2   2.131930916527E-11  4.246273818675E-11
AR GRAC 2024 06 13 01 56 30.000000 2   2.461847392610E-11  2.289051066751E-11
AR GRAC 2024 06 13 01 56 40.000000 2   2.762239395548E-11  5.061828386999E-11
AR GRAC 2024 06 13 01 56 50.000000 2   2.346224430017E-11  3.955604940820E-11
AR GRAC 2024 06 13 01 57  0.000000 2   2.979874680342E-11  2.641381904867E-11
AR GRAC 2024 06 13 01 57 10.000000 2   2.440928015268E-11  4.402158498840E-11
AR GRAC 2024 06 13 01 57 20.000000 2   2.716454491902E-11  2.853934796820E-11
AR GRAC 2024 06 13 01 57 30.000000 2   2.318450986749E-11  2.791711133099E-11
AR GRAC 2024 06 13 01 57 40.000000 2   2.585838314306E-11  3.061487174882E-11
AR GRAC 2024 06 13 01 57 50.000000 2   2.617887850942E-11  4.054263175179E-11
AR GRAC 2024 06 13 01 58  0.000000 2   2.520719050159E-11  3.500038453508E-11
AR GRAC 2024 06 13 01 58 10.000000 2   2.754804544203E-11  4.401814329702E-11
AR GRAC 2024 06 13 01 58 20.000000 2   2.115433349326E-11  1.694589607526E-11
AR GRAC 2024 06 13 01 58 30.000000 2   2.839957435885E-11  4.022365079903E-11
AR GRAC 2024 06 13 01 58 40.000000 2   2.563878276352E-11  2.693139981857E-11
AR GRAC 2024 06 13 01 58 50.000000 2   2.497332896034E-11  2.245914738908E-11
AR GRAC 2024 06 13 01 59  0.000000 2   2.553130623584E-11  4.875689435524E-11
AR GRAC 2024 06 13 01 59 10.000000 2   2.670741752753E-11  4.318464336128E-11
AR GRAC 2024 06 13 01 59 20.000000 2   2.552480449225E-11  5.296238794750E-11
AR GRAC 2024 06 13 01 59 30.000000 2   2.917639047029E-11  3.391012817766E-11
AR GRAC 2024 06 13 01 59 40.000000 2   2.331415963064E-11  4.501787137512E-11
AR GRAC 2024 06 13 01 59 50.000000 2   2.987663588749E-11  3.247560900754E-11
AR GRAC 2024 06 13 02 00  0.000000 2   2.944926941195E-11  3.624334513064E-11
AR GRAC 2024 06 13 02 00 10.000000 2   2.534302455393E-11  2.626108358550E-11
AR GRAC 2024 06 13 02 00 20.000000 2   2.335675229614E-11  3.492881678335E-11
AR GRAC 2024 06 13 02 00 30.000000 2   2.912396018795E-11  4.457655078394E-11
AR GRAC 2024 06 13 02 00 40.000000 2   2.745342668475E-11  3.822427790956E-11
AR GRAC 2024 06 13 02 00 50.000000 2   3.307955298570E-11  3.138200810326E-11
AR GRAC 2024 06 13 02 01  0.000000 2   2.951918917637E-11  4.144973600462E-11
AR GRAC 2024 06 13 02 01 10.000000 2   2.629918505193E-11  4.353746183017E-11
AR GRAC 2024 06 13 02 01 20.000000 2   2.550888840436E-11  4.036518688744E-11
AR GRAC 2024 06 13 02 01 30.000000 2   3.113125035537E-11  3.020291308720E-11
AR GRAC 2024 06 13 02 01 40.000000 2   2.893536625581E-11  3.768062944998E-11
AR GRAC 2024 06 13 02 01 50.000000 2   2.679130008121E-11  3.310834939541E-11
AR GRAC 2024 06 13 02 02  0.000000 2   3.179521923524E-11  4.327606675791E-11
AR GRAC 2024 06 13 02 02 10.000000 2   3.204143200763E-11  3.740378493045E-11
AR GRAC 2024 06 13 02 02 20.000000 2   2.957884978616E-11  2.548149712067E-11
AR GRAC 2024 06 13 02 02 30.000000 2   2.893930407810E-11  3.925921046588E-11
AR GRAC 2024 06 13 02 02 40.000000 2   2.601834546423E-11  5.045692336170E-11
AR GRAC 2024 06 13 02 02 50.000000 2   2.679884265888E-11  2.704463215875E-11
AR GRAC 2024 06 13 02 03  0.000000 2   2.968511547685E-11  3.873234025176E-11
AR GRAC 2024 06 13 02 03 10.000000 2   3.588864969095E-11  3.037004675521E-11
AR GRAC 2024 06 13 02 03 20.000000 2   3.059778125314E-11  3.688774979915E-11
AR GRAC 2024 06 13 02 03 30.000000 2   2.495095276223E-11  2.974545262879E-11
AR GRAC 2024 06 13 02 03 40.000000 2   2.853928378344E-11  3.201315601498E-11
AR GRAC 2024 06 13 02 03 50.000000 2   3.041304014184E-11  5.052085139123E-11
AR GRAC 2024 06 13 02 04  0.000000 2   3.097576362077E-11  3.270855461479E-11
AR GRAC 2024 06 13 02 04 10.000000 2   2.941711110815E-11  3.241624677019E-11
AR GRAC 2024 06 13 02 04 20.000000 2   3.032024284422E-11  4.320394042523E-11
AR GRAC 2024 06 13 02 04 30.000000 2   3.161895745230E-11  4.159163638495E-11
AR GRAC 2024 06 13 02 04 40.000000 2   2.753711321468E-11  2.593932534045E-11
AR GRAC 2024 06 13 02 04 50.000000 2   2.615399390116E-11  5.377701756126E-11
AR GRAC 2024 06 13 02 05  0.000000 2   3.116177801910E-11  4.045470555769E-11
AR GRAC 2024 06 13 02 05 10.000000 2   2.460744281951E-11  4.323238989024E-11
AR GRAC 2024 06 13 02 05 20.000000 2   2.723613695688E-11  3.765007750012E-11
AR GRAC 2024 06 13 02 05 30.000000 2   2.828174847092E-11  3.262776160362E-11
AR GRAC 2024 06 13 02 05 40.000000 2   2.931167114584E-11  2.132543967803E-11
AR GRAC 2024 06 13 02 05 50.000000 2   3.205453957822E-11  3.889311789296E-11
AR GRAC 2024 06 13 02 06  0.000000 2   3.021438654827E-11  4.244079740423E-11
AR GRAC 2024 06 13 02 06 10.000000 2   2.403880913771E-11  5.259847418726E-11
AR GRAC 2024 06 13 02 06 20.000000 2   3.303928311493E-11  3.803615061804E-11
AR GRAC 2024 06 13 02 06 30.000000 2   2.926189152097E-11  3.420382380104E-11
AR GRAC 2024 06 13 02 06 40.000000 2   3.088676536755E-11  4.401149583666E-11
AR GRAC 2024 06 13 02 06 50.000000 2   2.975464319377E-11  3.686916050238E-11
AR GRAC 2024 06 13 02 07  0.000000 2   3.177384397257E-11  3.863682984662E-11
AR GRAC 2024 06 13 02 07 10.000000 2   2.989930872332E-11  2.875449878204E-11
AR GRAC 2024 06 13 02 07 20.000000 2   3.544183696524E-11  3.873216330996E-11
AR GRAC 2024 06 13 02 07 30.000000 2   2.714099951728E-11  3.655982808159E-11
AR GRAC 2024 06 13 02 07 40.000000 2   3.319543251390E-11  4.089748678604E-11
AR GRAC 2024 06 13 02 07 50.000000 2   2.345107961987E-11  4.231514791342E-11
AR GRAC 2024 06 13 02 08  0.000000 2   2.962335932111E-11  3.568280740329E-11
AR GRAC 2024 06 13 02 08 10.000000 2   3.017399871630E-11  4.424046198825E-11
AR GRAC 2024 06 13 02 08 20.000000 2   2.840533537551E-11  3.742811963137E-11
AR GRAC 2024 06 13 02 08 30.000000 2   2.729522510792E-11  2.594577157289E-11
AR GRAC 2024 06 13 02 08 40.000000 2   2.907709836797E-11  3.093342595961E-11
AR GRAC 2024 06 13 02 08 50.000000 2   2.991720413070E-11  4.274107109903E-11
AR GRAC 2024 06 13 02 09  0.000000 2   2.785799368965E-11  5.341872083564E-11
AR GRAC 2024 06 13 02 09 10.000000 2   2.945893529116E-11  3.233636969302E-11
AR GRAC 2024 06 13 02 09 20.000000 2   2.874296287092E-11  3.257401293144E-11
AR GRAC 2024 06 13 02 09 30.000000 2   3.021401184800E-11  4.576165835157E-11
AR GRAC 2024 06 13 02 09 40.000000 2   3.366451215014E-11  3.379930016423E-11
AR GRAC 2024 06 13 02 09 50.000000 2   2.898697080977E-11  4.217693902464E-11
AR GRAC 2024 06 13 02 10  0.000000 2   2.698072494589E-11  3.836457887485E-11
AR GRAC 2024 06 13 02 10 10.000000 2   3.046626492753E-11  3.084221419924E-11
AR GRAC 2024 06 13 02 10 20.000000 2   2.550042468852E-11  3.637985052096E-11
AR GRAC 2024 06 13 02 10 30.000000 2   2.854260230944E-11  4.832748090600E-11
AR GRAC 2024 06 13 02 10 40.000000 2   2.755924655151E-11  3.188511607521E-11
AR GRAC 2024 06 13 02 10 50.000000 2   3.024428971155E-11  3.815274485230E-11
AR GRAC 2024 06 13 02 11  0.000000 2   2.901571344305E-11  2.732037165942E-11
AR GRAC 2024 06 13 02 11 10.000000 2   3.281446989134E-11  4.024800284719E-11
AR GRAC 2024 06 13 02 11 20.000000 2   3.134275131100E-11  3.175562243718E-11
AR GRAC 2024 06 13 02 11 30.000000 2   2.884987908292E-11  3.651325075626E-11
AR GRAC 2024 06 13 02 11 40.000000 2   2.554006138522E-11  2.408087097783E-11
AR GRAC 2024 06 13 02 11 50.000000 2   3.056713215877E-11  3.863849171171E-11
AR GRAC 2024 06 13 02 12  0.000000 2   2.324243575380E-11  4.661611027745E-11
AR GRAC 2024 06 13 02 12 10.000000 2   2.755874868587E-11  4.517372934054E-11
AR GRAC 2024 06 13 02 12 20.000000 2   2.788419668776E-11  3.058134301348E-11
AR GRAC 2024 06 13 02 12 30.000000 2   3.192005340602E-11  4.249895574349E-11
AR GRAC 2024 06 13 02 12 40.000000 2   2.833323853313E-11  2.390656943241E-11
AR GRAC 2024 06 13 02 12 50.000000 2   2.830094492090E-11  4.511417975306E-11
AR GRAC 2024 06 13 02 13  0.000000 2   2.769037603378E-11  4.445178600210E-11
AR GRAC 2024 06 13 02 13 10.000000 2   2.794493803027E-11  2.137939478231E-11
AR GRAC 2024 06 13 02 13 20.000000 2   2.911762150837E-11  3.550700011790E-11
AR GRAC 2024 06 13 02 13 30.000000 2   2.665946630120E-11  3.366460582521E-11
AR GRAC 2024 06 13 02 13 40.000000 2   2.797456884196E-11  3.231220846445E-11
AR GRAC 2024 06 13 02 13 50.000000 2   2.752167764519E-11  4.904980588361E-11
AR GRAC 2024 06 13 02 14  0.000000 2   2.449979975838E-11  2.414740456202E-11
AR GRAC 2024 06 13 02 14 10.000000 2   2.836251372651E-11  3.256500277771E-11
AR GRAC 2024 06 13 02 14 20.000000 2   2.899273703061E-11  3.855259861352E-11
AR GRAC 2024 06 13 02 14 30.000000 2   2.315894004346E-11  3.737019374506E-11
AR GRAC 2024 06 13 02 14 40.000000 2   2.312330361909E-11  2.795778365761E-11
AR GRAC 2024 06 13 02 14 50.000000 2   3.049939467648E-11  4.533537781293E-11
AR GRAC 2024 06 13 02 15  0.000000 2   2.317717719136E-11  2.169296339782E-11
AR GRAC 2024 06 13 02 15 10.000000 2   2.430207944604E-11  4.529055255831E-11
AR GRAC 2024 06 13 02 15 20.000000 2   3.005651977306E-11  3.489813993340E-11
AR GRAC 2024 06 13 02 15 30.000000 2   2.245622784947E-11  1.474572026983E-11
AR GRAC 2024 06 13 02 15 40.000000 2   3.129883158204E-11  5.349330353677E-11
AR GRAC 2024 06 13 02 15 50.000000 2   2.965805032118E-11  3.231088313571E-11
AR GRAC 2024 06 13 02 16  0.000000 2   2.248248115455E-11  2.680846343528E-11
AR GRAC 2024 06 13 02 16 10.000000 2   2.632174513073E-11  3.327604164438E-11
AR GRAC 2024 06 13 02 16 20.000000 2   2.170277325908E-11  4.246361595683E-11
AR GRAC 2024 06 13 02 16 30.000000 2   2.209849317425E-11  4.322119051547E-11
AR GRAC 2024 06 13 02 16 40.000000 2   2.157497791533E-11  5.582876522192E-11
AR GRAC 2024 06 13 02 16 50.000000 2   2.245938851564E-11  3.367633255591E-11
AR GRAC 2024 06 13 02 17  0.000000 2   2.226822025386E-11  4.104390091686E-11
AR GRAC 2024 06 13 02 17 10.000000 2   2.389114427126E-11  5.154146900943E-11
AR GRAC 2024 06 13 02 17 20.000000 2   2.552316517856E-11  1.443903763915E-11
AR GRAC 2024 06 13 02 17 30.000000 2   1.887350865870E-11  2.816660099603E-11
AR GRAC 2024 06 13 02 17 40.000000 2   2.251476782789E-11  3.687416344489E-11
AR GRAC 2024 06 13 02 17 50.000000 2   2.617857493281E-11  4.768172315317E-11
AR GRAC 2024 06 13 02 18  0.000000 2   2.140560471930E-11  4.297928332675E-11
AR GRAC 2024 06 13 02 18 10.000000 2   2.163690060453E-11  1.510684112527E-11
AR GRAC 2024 06 13 02 18 20.000000 2   2.609727711711E-11  5.343439232752E-11
AR GRAC 2024 06 13 02 18 30.000000 2   2.490742161132E-11  4.015195120832E-11
AR GRAC 2024 06 13 02 18 40.000000 2   2.620790043317E-11  4.248950150054E-11
AR GRAC 2024 06 13 02 18 50.000000 2   1.927396957313E-11  4.413705512185E-11
AR GRAC 2024 06 13 02 19  0.000000 2   2.378920151147E-11  2.659460499044E-11
AR GRAC 2024 06 13 02 19 10.000000 2   2.007303177842E-11  3.366215292622E-11
AR GRAC 2024 06 13 02 19 20.000000 2   2.112933439324E-11  2.763969782216E-11
AR GRAC 2024 06 13 02 19 30.000000 2   1.910006874883E-11  5.274724407256E-11
AR GRAC 2024 06 13 02 19 40.000000 2   1.674230545867E-11  4.176478607398E-11
AR GRAC 2024 06 13 02 19 50.000000 2   2.731486044294E-11  2.270232613011E-11
AR GRAC 2024 06 13 02 20  0.000000 2   1.981143027407E-11  3.736986414760E-11
AR GRAC 2024 06 13 02 20 10.000000 2   2.001654397787E-11  5.108740167015E-11
AR GRAC 2024 06 13 02 20 20.000000 2   2.087881083301E-11  3.684494029321E-11
AR GRAC 2024 06 13 02 20 30.000000 2   1.814767953967E-11  4.262247499387E-11
AR GRAC 2024 06 13 02 20 40.000000 2   1.654575088050E-11  3.528000461217E-11
AR GRAC 2024 06 13 02 20 50.000000 2   1.264207055013E-11  3.739753992593E-11
AR GRAC 2024 06 13 02 21  0.000000 2   1.907365064502E-11  3.945506768521E-11
AR GRAC 2024 06 13 02 21 10.000000 2   2.182361756586E-11  4.567259417887E-11
AR GRAC 2024 06 13 02 21 20.000000 2   1.220977052102E-11  2.825012099250E-11
AR GRAC 2024 06 13 02 21 30.000000 2   1.358161673404E-11  2.199764502497E-11
AR GRAC 2024 06 13 02 21 40.000000 2   2.193104205184E-11  3.373517090677E-11
AR GRAC 2024 06 13 02 21 50.000000 2   1.561121024118E-11  3.916269045168E-11
AR GRAC 2024 06 13 02 22  0.000000 2   1.636378012260E-11  1.594021095674E-11
AR GRAC 2024 06 13 02 22 10.000000 2   1.214565947816E-11  5.277772663348E-11
AR GRAC 2024 06 13 02 22 20.000000 2   1.819466972919E-11  1.759524470568E-11
AR GRAC 2024 06 13 02 22 30.000000 2   1.907164356996E-11  3.415276048080E-11
AR GRAC 2024 06 13 02 22 40.000000 2   1.234707735359E-11  2.732027104546E-11
AR GRAC 2024 06 13 02 22 50.000000 2   1.832565869886E-11  1.271778255624E-11
AR GRAC 2024 06 13 02 23  0.000000 2   1.667205783151E-11  4.029529140914E-11
AR GRAC 2024 06 13 02 23 10.000000 2   1.782539046924E-11  2.363280057760E-11
AR GRAC 2024 06 13 02 23 20.000000 2   1.360166840270E-11  3.523030478458E-11
AR GRAC 2024 06 13 02 23 30.000000 2   1.210154025599E-11  2.127781111028E-11
AR GRAC 2024 06 13 02 23 40.000000 2   1.522493936479E-11  4.079531504275E-11
AR GRAC 2024 06 13 02 23 50.000000 2   1.531651368236E-11  2.390281722553E-11
AR GRAC 2024 06 13 02 24  0.000000 2   1.224016894785E-11  2.705031511285E-11
AR GRAC 2024 06 13 02 24 10.000000 2   1.735499764732E-11  2.972781396049E-11
AR GRAC 2024 06 13 02 24 20.000000 2   8.628373189545E-12  4.277531107100E-11
AR GRAC 2024 06 13 02 24 30.000000 2   9.397373504361E-12  3.359280562054E-11
AR GRAC 2024 06 13 02 24 40.000000 2   1.160060155575E-11  3.602029785554E-11
AR GRAC 2024 06 13 02 24 50.000000 2   1.062325227785E-11  2.270778877433E-11
AR GRAC 2024 06 13 02 25  0.000000 2   1.131197913118E-11  5.565279573988E-12
AR GRAC 2024 06 13 02 25 10.000000 2   1.071973759759E-11  4.076276816090E-11
AR GRAC 2024 06 13 02 25 20.000000 2   1.021622370034E-11  1.934025335715E-11
AR GRAC 2024 06 13 02 25 30.000000 2   9.165320412341E-12  3.719774141486E-11
AR GRAC 2024 06 13 02 25 40.000000 2   7.093481184384E-12  3.204522411315E-11
AR GRAC 2024 06 13 02 25 50.000000 2   7.537953768122E-12  2.593270390094E-11
AR GRAC 2024 06 13 02 26  0.000000 2   1.404533173793E-11  2.160018518216E-11
AR GRAC 2024 06 13 02 26 10.000000 2   1.240738328051E-11  1.269766323336E-11
AR GRAC 2024 06 13 02 26 20.000000 2   6.440340882125E-12  2.985513919418E-11
AR GRAC 2024 06 13 02 26 30.000000 2   9.490410193824E-12  2.738261527246E-11
AR GRAC 2024 06 13 02 26 40.000000 2   5.926884417279E-12  3.172008836150E-11
AR GRAC 2024 06 13 02 26 50.000000 2   1.296124665928E-11  2.540755800196E-11
AR GRAC 2024 06 13 02 27  0.000000 2   1.044812587142E-11  2.565503018359E-11
AR GRAC 2024 06 13 02 27 10.000000 2   1.035159262995E-12  1.543249902869E-11
AR GRAC 2024 06 13 02 27 20.000000 2   1.059194485592E-11  1.969996388240E-11
AR GRAC 2024 06 13 02 27 30.000000 2   3.629683901531E-13  2.969742854408E-11
AR GRAC 2024 06 13 02 27 40.000000 2   9.084128414771E-12  2.138489385572E-11
AR GRAC 2024 06 13 02 27 50.000000 2   5.906569070652E-12  3.368235551582E-11
AR GRAC 2024 06 13 02 28  0.000000 2   4.648575795130E-12  2.095981374572E-11
AR GRAC 2024 06 13 02 28 10.000000 2   5.594714795609E-12  1.847274720343E-12
AR GRAC 2024 06 13 02 28 20.000000 2   6.779932951867E-12  3.293472786159E-11
AR GRAC 2024 06 13 02 28 30.000000 2   6.814128688387E-12  2.892218756156E-11
AR GRAC 2024 06 13 02 28 40.000000 2   1.964672131580E-12  1.863964017856E-11
AR GRAC 2024 06 13 02 28 50.000000 2   3.616819951174E-12  2.469709159403E-11
AR GRAC 2024 06 13 02 29  0.000000 2   6.051287509273E-12  2.222454165146E-11
AR GRAC 2024 06 13 02 29 10.000000 2   1.020032149024E-12  2.282199082493E-11
AR GRAC 2024 06 13 02 29 20.000000 2   2.734912773680E-12  1.605943850125E-11
AR GRAC 2024 06 13 02 29 30.000000 2  -5.243788042675E-12  1.972688505603E-11
AR GRAC 2024 06 13 02 29 40.000000 2   5.774713172924E-12  2.203432748760E-11
AR GRAC 2024 06 13 02 29 50.000000 2   2.222430139226E-12  1.610176922351E-11
AR GRAC 2024 06 13 02 30  0.000000 2  -4.112684151569E-12  1.694920939710E-11
AR GRAC 2024 06 13 02 30 10.000000 2   1.129566492425E-12  1.764664803172E-11
AR GRAC 2024 06 13 02 30 20.000000 2  -8.862698444058E-13  1.654408381124E-11
AR GRAC 2024 06 13 02 30 30.000000 2  -3.739470105096E-12  2.007151909955E-11
AR GRAC 2024 06 13 02 30 40.000000 2  -4.381403551600E-13  1.412895495045E-11
AR GRAC 2024 06 13 02 30 50.000000 2   5.720329591952E-12  9.676385560875E-12
AR GRAC 2024 06 13 02 31  0.000000 2  -5.394723730234E-12  9.873817041761E-12
AR GRAC 2024 06 13 02 31 10.000000 2  -2.044510827998E-12  1.933124493814E-11
AR GRAC 2024 06 13 02 31 20.000000 2  -1.537728603306E-12  6.288673574939E-12
AR GRAC 2024 06 13 02 31 30.000000 2  -6.502659955637E-12  1.788609711728E-11
AR GRAC 2024 06 13 02 31 40.000000 2  -1.253016245449E-12  1.279352145056E-11
AR GRAC 2024 06 13 02 31 50.000000 2  -4.728444632368E-12  1.489094438034E-11
AR GRAC 2024 06 13 02 32  0.000000 2  -5.630048944411E-12  1.060836401362E-11
AR GRAC 2024 06 13 02 32 10.000000 2   9.450407036787E-13  2.355578405944E-11
AR GRAC 2024 06 13 02 32 20.000000 2  -6.232958160018E-12  1.701320161140E-11
AR GRAC 2024 06 13 02 32 30.000000 2  -4.579392420823E-12  5.200616846890E-12
AR GRAC 2024 06 13 02 32 40.000000 2  -2.045786933955E-12  2.998031944229E-12
AR GRAC 2024 06 13 02 32 50.000000 2  -4.718048868257E-12  1.733544210958E-11
AR GRAC 2024 06 13 02 33  0.000000 2  -6.319834846419E-12  1.254285304092E-11
AR GRAC 2024 06 13 02 33 10.000000 2  -3.778111070524E-12  1.420026336102E-11
AR GRAC 2024 06 13 02 33 20.000000 2  -3.039502785747E-13  1.451767091959E-11
AR GRAC 2024 06 13 02 33 30.000000 2  -6.243163971908E-12  1.367507496131E-11
AR GRAC 2024 06 13 02 33 40.000000 2  -6.684528364859E-12  2.213247814187E-11
AR GRAC 2024 06 13 02 33 50.000000 2  -3.628529117797E-12  1.033988086124E-11
AR GRAC 2024 06 13 02 34  0.000000 2  -1.206475717941E-11  3.972835786476E-13
AR GRAC 2024 06 13 02 34 10.000000 2  -4.587544753798E-12 -3.025317192942E-12
AR GRAC 2024 06 13 02 34 20.000000 2  -1.359305897009E-11  6.952079103367E-12
AR GRAC 2024 06 13 02 34 30.000000 2  -1.203195095639E-11  3.537947365628E-11
AR GRAC 2024 06 13 02 34 40.000000 2  -4.981174327179E-12 -1.403129890921E-12
AR GRAC 2024 06 13 02 34 50.000000 2  -8.797726436249E-12  6.684262518486E-12
AR GRAC 2024 06 13 02 35  0.000000 2  -1.289028259133E-11  8.401650902767E-12
AR GRAC 2024 06 13 02 35 10.000000 2  -7.962761526537E-12  1.308904200303E-11
AR GRAC 2024 06 13 02 35 20.000000 2  -1.616008195315E-11  1.897642806781E-11
AR GRAC 2024 06 13 02 35 30.000000 2  -1.036758959932E-11  5.363815728382E-12
AR GRAC 2024 06 13 02 35 40.000000 2  -5.746808411089E-12  7.091198721970E-12
AR GRAC 2024 06 13 02 35 50.000000 2  -7.798738217712E-12  7.298580143034E-12
AR GRAC 2024 06 13 02 36  0.000000 2  -1.719346887086E-11  1.420596452972E-11
AR GRAC 2024 06 13 02 36 10.000000 2  -1.464878912616E-11  7.693340756121E-12
AR GRAC 2024 06 13 02 36 20.000000 2  -9.647080877195E-12 -4.869280326170E-12
AR GRAC 2024 06 13 02 36 30.000000 2  -1.713773220557E-11  3.228095958943E-12
AR GRAC 2024 06 13 02 36 40.000000 2  -1.937586376066E-11 -2.744530080631E-12
AR GRAC 2024 06 13 02 36 50.000000 2  -1.909905740505E-11  6.472843962213E-12
AR GRAC 2024 06 13 02 37  0.000000 2  -1.061306858369E-11  1.511021169298E-11
AR GRAC 2024 06 13 02 37 10.000000 2  -1.702884881716E-11  2.207584158878E-12
AR GRAC 2024 06 13 02 37 20.000000 2  -1.641669092334E-11  6.164950494547E-12
AR GRAC 2024 06 13 02 37 30.000000 2  -2.253860813262E-11  2.802317189063E-12
AR GRAC 2024 06 13 02 37 40.000000 2  -1.260772042322E-11 -5.250320143924E-12
AR GRAC 2024 06 13 02 37 50.000000 2  -1.609785742207E-11  2.470423767897E-13
AR GRAC 2024 06 13 02 38  0.000000 2  -1.618042852480E-11  8.534405820937E-12
AR GRAC 2024 06 13 02 38 10.000000 2  -2.170748997221E-11  2.961763863676E-12
AR GRAC 2024 06 13 02 38 20.000000 2  -1.503939507652E-11  3.089122924474E-12
AR GRAC 2024 06 13 02 38 30.000000 2  -1.701774832163E-11  1.137647788474E-11
AR GRAC 2024 06 13 02 38 40.000000 2  -2.053901666799E-11 -1.478616881712E-11
AR GRAC 2024 06 13 02 38 50.000000 2  -1.359428975639E-11  9.351185624451E-12
AR GRAC 2024 06 13 02 39  0.000000 2  -2.129657040995E-11 -1.826146178718E-11
AR GRAC 2024 06 13 02 39 10.000000 2  -2.103939418518E-11  6.905888187692E-12
AR GRAC 2024 06 13 02 39 20.000000 2  -1.911013534917E-11 -2.636766022537E-12
AR GRAC 2024 06 13 02 39 30.000000 2  -2.246268275552E-11  3.360580260250E-12
AR GRAC 2024 06 13 02 39 40.000000 2  -2.023057069089E-11  2.697925867087E-12
AR GRAC 2024 06 13 02 39 50.000000 2  -1.673149639669E-11 -5.334732221945E-12
AR GRAC 2024 06 13 02 40  0.000000 2  -1.942565205915E-11  1.322609556598E-12
AR GRAC 2024 06 13 02 40 10.000000 2  -1.837138254024E-11  8.499488005770E-13
AR GRAC 2024 06 13 02 40 20.000000 2  -1.949556835412E-11 -1.219271385244E-11
AR GRAC 2024 06 13 02 40 30.000000 2  -2.132917974185E-11 -7.705378002321E-12
AR GRAC 2024 06 13 02 40 40.000000 2  -1.620394964041E-11 -5.478043799828E-12
AR GRAC 2024 06 13 02 40 50.000000 2  -2.541679540446E-11 -9.040710888253E-12
AR GRAC 2024 06 13 02 41  0.000000 2  -2.493702293271E-11  7.556624596894E-12
AR GRAC 2024 06 13 02 41 10.000000 2  -2.253415509745E-11 -5.646049600072E-12
AR GRAC 2024 06 13 02 41 20.000000 2  -2.111001130845E-11 -1.047871858728E-11
AR GRAC 2024 06 13 02 41 30.000000 2  -2.481909469609E-11  7.978605623404E-12
AR GRAC 2024 06 13 02 41 40.000000 2  -2.489396883076E-11  3.125932021911E-12
AR GRAC 2024 06 13 02 41 50.000000 2  -2.535359075462E-11 -7.236743756328E-12
AR GRAC 2024 06 13 02 42  0.000000 2  -1.932706772401E-11 -2.949424558751E-12
AR GRAC 2024 06 13 02 42 10.000000 2  -2.967809331622E-11 -1.784210452993E-11
AR GRAC 2024 06 13 02 42 20.000000 2  -2.135945934012E-11 -3.914786897430E-12
AR GRAC 2024 06 13 02 42 30.000000 2  -3.020547700849E-11 -6.637468786402E-12
AR GRAC 2024 06 13 02 42 40.000000 2  -2.305357814369E-11 -1.324015463239E-11
AR GRAC 2024 06 13 02 42 50.000000 2  -2.360709544513E-11 -1.335283966730E-11
AR GRAC 2024 06 13 02 43  0.000000 2  -2.554675568311E-11 -4.945528361833E-12
AR GRAC 2024 06 13 02 43 10.000000 2  -2.726498020411E-11 -2.088218920698E-12
AR GRAC 2024 06 13 02 43 20.000000 2  -2.707119077516E-11 -1.571091173824E-11
AR GRAC 2024 06 13 02 43 30.000000 2  -2.770282961362E-11 -2.603604181209E-12
AR GRAC 2024 06 13 02 43 40.000000 2  -2.817106270481E-11 -3.096300993377E-12
AR GRAC 2024 06 13 02 43 50.000000 2  -3.129426232040E-11 -8.288994490790E-12
AR GRAC 2024 06 13 02 44  0.000000 2  -2.855538201729E-11 -2.001169195631E-11
AR GRAC 2024 06 13 02 44 10.000000 2  -2.315797033303E-11 -9.284397035902E-12
AR GRAC 2024 06 13 02 44 20.000000 2  -2.927838527178E-11 -1.223709588521E-11
AR GRAC 2024 06 13 02 44 30.000000 2  -3.018538197175E-11 -2.502979941366E-11
AR GRAC 2024 06 13 02 44 40.000000 2  -2.880062854871E-11 -6.842503560284E-12
AR GRAC 2024 06 13 02 44 50.000000 2  -2.878223701042E-11 -2.772521101591E-11
AR GRAC 2024 06 13 02 45  0.000000 2  -2.791601325103E-11 -3.247918427263E-12
AR GRAC 2024 06 13 02 45 10.000000 2  -2.799373406692E-11 -1.767062884905E-11
AR GRAC 2024 06 13 02 45 20.000000 2  -3.042496810046E-11 -1.392334077893E-11
AR GRAC 2024 06 13 02 45 30.000000 2  -2.922117756099E-11 -2.346605028347E-11
AR GRAC 2024 06 13 02 45 40.000000 2  -2.999987758212E-11 -7.268768486418E-12
AR GRAC 2024 06 13 02 45 50.000000 2  -3.562837871951E-11 -1.600148659409E-11
AR GRAC 2024 06 13 02 46  0.000000 2  -3.234670170604E-11 -1.642420401071E-11
AR GRAC 2024 06 13 02 46 10.000000 2  -3.009983581825E-11 -5.536924217731E-12
AR GRAC 2024 06 13 02 46 20.000000 2  -3.124027425638E-11 -2.779964453081E-11
AR GRAC 2024 06 13 02 46 30.000000 2  -2.606820662110E-11 -1.392236846642E-11
AR GRAC 2024 06 13 02 46 40.000000 2  -3.418387101162E-11 -1.271509200013E-11
AR GRAC 2024 06 13 02 46 50.000000 2  -3.672214268780E-11 -2.651781919050E-11
AR GRAC 2024 06 13 02 47  0.000000 2  -3.015335203749E-11 -2.003054666577E-11
AR GRAC 2024 06 13 02 47 10.000000 2  -3.523711530895E-11 -7.683275023151E-12
AR GRAC 2024 06 13 02 47 20.000000 2  -3.174711882270E-11 -1.760600693013E-11
AR GRAC 2024 06 13 02 47 30.000000 2  -2.857590379601E-11 -2.662874087900E-11
AR GRAC 2024 06 13 02 47 40.000000 2  -3.156118769110E-11 -1.420147419801E-11
AR GRAC 2024 06 13 02 47 50.000000 2  -2.922427924656E-11 -2.563421003243E-11
AR GRAC 2024 06 13 02 48  0.000000 2  -4.358987129582E-11 -1.964695420242E-11
AR GRAC 2024 06 13 02 48 10.000000 2  -3.388153299588E-11 -1.845969037351E-11
AR GRAC 2024 06 13 02 48 20.000000 2  -3.321401140233E-11 -2.889243184978E-11
AR GRAC 2024 06 13 02 48 30.000000 2  -3.210850335611E-11 -2.025517427395E-11
AR GRAC 2024 06 13 02 48 40.000000 2  -3.490018690711E-11 -2.276791775946E-11
AR GRAC 2024 06 13 02 48 50.000000 2  -3.382038052391E-11 -1.054066469525E-11
AR GRAC 2024 06 13 02 49  0.000000 2  -3.158343378495E-11 -2.135341209408E-11
AR GRAC 2024 06 13 02 49 10.000000 2  -3.344601332000E-11 -2.739616172809E-11
AR GRAC 2024 06 13 02 49 20.000000 2  -3.446197840984E-11 -2.020891266830E-11
AR GRAC 2024 06 13 02 49 30.000000 2  -3.474046050833E-11 -8.011665983410E-12
AR GRAC 2024 06 13 02 49 40.000000 2  -3.141704257859E-11 -1.705442211064E-11
AR GRAC 2024 06 13 02 49 50.000000 2  -3.239473966854E-11 -2.442717382534E-11
AR GRAC 2024 06 13 02 50  0.000000 2  -3.494461317533E-11 -2.467993344413E-11
AR GRAC 2024 06 13 02 50 10.000000 2  -3.492844208308E-11 -2.893269478166E-11
AR GRAC 2024 06 13 02 50 20.000000 2  -3.821932700876E-11 -2.920545402740E-11
AR GRAC 2024 06 13 02 50 30.000000 2  -3.408301071928E-11 -1.210821807401E-11
AR GRAC 2024 06 13 02 50 40.000000 2  -3.620868535559E-11 -2.015098157782E-11
AR GRAC 2024 06 13 02 50 50.000000 2  -3.102360035534E-11 -3.053374567075E-11
AR GRAC 2024 06 13 02 51  0.000000 2  -3.756808752975E-11 -1.237651474362E-11
AR GRAC 2024 06 13 02 51 10.000000 2  -3.216219651714E-11 -2.121928154020E-11
AR GRAC 2024 06 13 02 51 20.000000 2  -3.536269541082E-11 -1.680205627408E-11
AR GRAC 2024 06 13 02 51 30.000000 2  -3.623128880248E-11 -1.966482879312E-11
AR GRAC 2024 06 13 02 51 40.000000 2  -3.753910376991E-11 -3.796760128516E-11
AR GRAC 2024 06 13 02 51 50.000000 2  -3.804110151884E-11 -3.761037661865E-11
AR GRAC 2024 06 13 02 52  0.000000 2  -3.591262356939E-11  1.459684283167E-11
AR GRAC 2024 06 13 02 52 10.000000 2  -3.514689234096E-11 -3.688593874784E-11
AR GRAC 2024 06 13 02 52 20.000000 2  -3.474146317850E-11 -1.843871756668E-11
AR GRAC 2024 06 13 02 52 30.000000 2  -3.450281380046E-11 -1.954150036232E-11
AR GRAC 2024 06 13 02 52 40.000000 2  -3.875206058823E-11 -2.960428430177E-11
AR GRAC 2024 06 13 02 52 50.000000 2  -3.438606691053E-11 -3.818706462155E-11
AR GRAC 2024 06 13 02 53  0.000000 2  -4.041166012936E-11 -1.649855490941E-12
AR GRAC 2024 06 13 02 53 10.000000 2  -3.216722374577E-11 -1.772264800193E-11
AR GRAC 2024 06 13 02 53 20.000000 2  -3.824050798240E-11 -8.265434343901E-12
AR GRAC 2024 06 13 02 53 30.000000 2  -3.749801164021E-11 -3.143823049112E-11
AR GRAC 2024 06 13 02 53 40.000000 2  -3.635396497725E-11 -2.449102205759E-11
AR GRAC 2024 06 13 02 53 50.000000 2  -3.788593744281E-11 -1.151381767706E-11
AR GRAC 2024 06 13 02 54  0.000000 2  -3.522119748633E-11 -1.862661413998E-11
AR GRAC 2024 06 13 02 54 10.000000 2  -3.776721296811E-11 -2.634941570490E-11
AR GRAC 2024 06 13 02 54 20.000000 2  -3.751195187807E-11 -3.342221638336E-11
AR GRAC 2024 06 13 02 54 30.000000 2  -3.056682684743E-11 -2.144501590196E-11
AR GRAC 2024 06 13 02 54 40.000000 2  -3.466421941156E-11 -2.165782310437E-11
AR GRAC 2024 06 13 02 54 50.000000 2  -3.861535050054E-11 -3.223062441937E-11
AR GRAC 2024 06 13 02 55  0.000000 2  -3.716323082603E-11 -2.881343427741E-11
AR GRAC 2024 06 13 02 55 10.000000 2  -3.856118549472E-11 -2.231624433857E-11
AR GRAC 2024 06 13 02 55 20.000000 2  -3.625617514547E-11 -2.386905256779E-11
AR GRAC 2024 06 13 02 55 30.000000 2  -3.823179620110E-11 -1.539186660071E-11
AR GRAC 2024 06 13 02 55 40.000000 2  -3.501361353631E-11 -2.349468015972E-11
AR GRAC 2024 06 13 02 55 50.000000 2  -3.703304676805E-11  5.125037221866E-13
AR GRAC 2024 06 13 02 56  0.000000 2  -3.486680735798E-11 -4.272030992847E-11
AR GRAC 2024 06 13 02 56 10.000000 2  -3.679589619110E-11 -1.939313293287E-11
AR GRAC 2024 06 13 02 56 20.000000 2  -3.891538827294E-11 -1.081595230046E-11
AR GRAC 2024 06 13 02 56 30.000000 2  -3.167496473444E-11 -2.128877109320E-11
AR GRAC 2024 06 13 02 56 40.000000 2  -3.249775448744E-11 -3.496159958760E-11
AR GRAC 2024 06 13 02 56 50.000000 2  -3.156707534258E-11 -2.693442344159E-11
AR GRAC 2024 06 13 02 57  0.000000 2  -3.840389464771E-11 -1.216725071390E-11
AR GRAC 2024 06 13 02 57 10.000000 2  -3.659148331558E-11 -2.898008048813E-11
AR GRAC 2024 06 13 02 57 20.000000 2  -3.948779844776E-11 -4.132912328342E-12
AR GRAC 2024 06 13 02 57 30.000000 2  -3.671573114983E-11 -2.908573902560E-11
AR GRAC 2024 06 13 02 57 40.000000 2  -3.554800204197E-11 -3.608858004100E-11
AR GRAC 2024 06 13 02 57 50.000000 2  -2.915688177008E-11 -1.456141110467E-11
AR GRAC 2024 06 13 02 58  0.000000 2  -3.536100232071E-11 -2.292424756967E-11
AR GRAC 2024 06 13 02 58 10.000000 2  -2.987056088588E-11 -1.663708580624E-11
AR GRAC 2024 06 13 02 58 20.000000 2  -3.785504548715E-11 -1.958992690287E-11
AR GRAC 2024 06 13 02 58 30.000000 2  -3.801806092163E-11 -2.383276735685E-11
AR GRAC 2024 06 13 02 58 40.000000 2  -3.446325169687E-11 -1.646561359481E-11
AR GRAC 2024 06 13 02 58 50.000000 2  -3.452007082960E-11 -2.983845809323E-11
AR GRAC 2024 06 13 02 59  0.000000 2  -3.199144074650E-11 -9.991305525980E-12
AR GRAC 2024 06 13 02 59 10.000000 2  -3.031119799601E-11 -2.584415320639E-11
AR GRAC 2024 06 13 02 59 20.000000 2  -3.421805200299E-11 -2.671700707890E-11
AR GRAC 2024 06 13 02 59 30.000000 2  -3.347172192192E-11 -2.004985760751E-11
AR GRAC 2024 06 13 02 59 40.000000 2  -3.522670696809E-11 -2.165270913956E-11
AR GRAC 2024 06 13 02 59 50.000000 2  -3.826438124688E-11 -1.845556520108E-11
AR GRAC 2024 06 13 03 00  0.000000 2  -2.855709765881E-11 -2.466842008442E-11
AR GRAC 2024 06 13 03 00 10.000000 2  -3.675532794789E-11 -1.254128051409E-11
AR GRAC 2024 06 13 03 00 20.000000 2  -3.365849612913E-11 -2.599413913285E-11
AR GRAC 2024 06 13 03 00 30.000000 2  -3.065542611425E-11 -2.271700362544E-11
AR GRAC 2024 06 13 03 00 40.000000 2  -2.398800949543E-11 -7.759864799339E-12
AR GRAC 2024 06 13 03 00 50.000000 2  -3.056096695153E-11 -2.157273318315E-11
AR GRAC 2024 06 13 03 01  0.000000 2  -3.273589385677E-11 -1.098559611334E-11
AR GRAC 2024 06 13 03 01 10.000000 2  -3.145713897701E-11 -2.993846490162E-11
AR GRAC 2024 06 13 03 01 20.000000 2  -2.989176614565E-11 -5.641333320622E-12
AR GRAC 2024 06 13 03 01 30.000000 2  -2.811758464949E-11 -3.030420706041E-11
AR GRAC 2024 06 13 03 01 40.000000 2  -3.688419361603E-11  3.242919387886E-12
AR GRAC 2024 06 13 03 01 50.000000 2  -3.212983698542E-11 -2.417995317860E-11
AR GRAC 2024 06 13 03 02  0.000000 2  -3.128278885933E-11 -1.997283415045E-11
AR GRAC 2024 06 13 03 02 10.000000 2  -2.778040297802E-11 -1.803571007819E-11
AR GRAC 2024 06 13 03 02 20.000000 2  -3.289899255798E-11 -1.330858773879E-11
AR GRAC 2024 06 13 03 02 30.000000 2  -3.035585324773E-11 -3.086147309928E-11
AR GRAC 2024 06 13 03 02 40.000000 2  -2.843992749635E-11 -9.244353546545E-12
AR GRAC 2024 06 13 03 02 50.000000 2  -3.460698047575E-11 -1.460724076419E-11
AR GRAC 2024 06 13 03 03  0.000000 2  -2.794444189935E-11 -1.286012529106E-11
AR GRAC 2024 06 13 03 03 10.000000 2  -2.384860885163E-11 -3.463015247826E-12
AR GRAC 2024 06 13 03 03 20.000000 2  -2.749669068824E-11 -2.393590534111E-11
AR GRAC 2024 06 13 03 03 30.000000 2  -3.083161850825E-11 -2.021879538794E-11
AR GRAC 2024 06 13 03 03 40.000000 2  -2.987949818123E-11 -1.507169042347E-11
AR GRAC 2024 06 13 03 03 50.000000 2  -2.913680061112E-11 -1.566458247837E-11
AR GRAC 2024 06 13 03 04  0.000000 2  -2.872115913155E-11 -7.207481139693E-12
AR GRAC 2024 06 13 03 04 10.000000 2  -2.958570541334E-11 -1.523037945761E-11
AR GRAC 2024 06 13 03 04 20.000000 2  -2.909115656702E-11 -2.291328064785E-11
AR GRAC 2024 06 13 03 04 30.000000 2  -2.618726242798E-11 -4.696179209396E-12
AR GRAC 2024 06 13 03 04 40.000000 2  -2.869151964624E-11 -3.437908985271E-11
AR GRAC 2024 06 13 03 04 50.000000 2  -2.656119248157E-11 -2.164198681376E-11
AR GRAC 2024 06 13 03 05  0.000000 2  -2.419439475154E-11  1.299510499209E-11
AR GRAC 2024 06 13 03 05 10.000000 2  -3.064929213203E-11 -3.393780395600E-11
AR GRAC 2024 06 13 03 05 20.000000 2  -2.761569792287E-11 -7.640711847945E-12
AR GRAC 2024 06 13 03 05 30.000000 2  -2.667841988990E-11  7.706376335681E-12
AR GRAC 2024 06 13 03 05 40.000000 2  -2.616945896095E-11 -9.136537013066E-12
AR GRAC 2024 06 13 03 05 50.000000 2  -2.933063514288E-11  4.205502049034E-13
AR GRAC 2024 06 13 03 06  0.000000 2  -2.771695026271E-11 -1.266236594744E-11
AR GRAC 2024 06 13 03 06 10.000000 2  -2.182109007376E-11 -2.703528373393E-11
AR GRAC 2024 06 13 03 06 20.000000 2  -2.703598109277E-11  3.831795557935E-12
AR GRAC 2024 06 13 03 06 30.000000 2  -3.049529032073E-11 -1.290112461305E-11
AR GRAC 2024 06 13 03 06 40.000000 2  -1.910718284981E-11 -6.204048125930E-12
AR GRAC 2024 06 13 03 06 50.000000 2  -1.690549263078E-11  5.130270665753E-13
AR GRAC 2024 06 13 03 07  0.000000 2  -2.463729741053E-11 -1.326989820111E-11
AR GRAC 2024 06 13 03 07 10.000000 2  -1.601091308145E-11 -7.382824386559E-12
AR GRAC 2024 06 13 03 07 20.000000 2  -2.465463597168E-11  3.954244050253E-12
AR GRAC 2024 06 13 03 07 30.000000 2  -2.144431680839E-11 -7.686865467066E-13
AR GRAC 2024 06 13 03 07 40.000000 2  -1.234277784146E-11 -1.474161938353E-11
AR GRAC 2024 06 13 03 07 50.000000 2  -1.553776031449E-11  1.116544617180E-11
AR GRAC 2024 06 13 03 08  0.000000 2  -1.930603073241E-11 -1.189749080505E-11
AR GRAC 2024 06 13 03 08 10.000000 2  -2.119129524636E-11 -1.575042873903E-11
AR GRAC 2024 06 13 03 08 20.000000 2  -1.544033824408E-11  8.756631704465E-12
AR GRAC 2024 06 13 03 08 30.000000 2  -1.837186132392E-11 -1.972630912783E-11
AR GRAC 2024 06 13 03 08 40.000000 2  -1.577404699915E-11 -7.369249307998E-12
AR GRAC 2024 06 13 03 08 50.000000 2  -1.474832929393E-11  2.947804543865E-12
AR GRAC 2024 06 13 03 09  0.000000 2  -1.115737537083E-11 -5.885141332596E-12
AR GRAC 2024 06 13 03 09 10.000000 2  -1.877073670109E-11  3.619119977663E-13
AR GRAC 2024 06 13 03 09 20.000000 2  -1.100505363921E-11 -1.811038732175E-12
AR GRAC 2024 06 13 03 09 30.000000 2  -1.520099844610E-11  7.760121755254E-13
AR GRAC 2024 06 13 03 09 40.000000 2  -7.486189619599E-12 -5.466940268539E-12
AR GRAC 2024 06 13 03 09 50.000000 2  -1.490815283722E-11  1.540103331324E-12
AR GRAC 2024 06 13 03 10  0.000000 2  -1.019725102969E-11  2.797148146785E-12
AR GRAC 2024 06 13 03 10 10.000000 2  -1.355176647982E-11 -4.815810944470E-12
AR GRAC 2024 06 13 03 10 20.000000 2  -1.330521196691E-11 -1.487695329341E-13
AR GRAC 2024 06 13 03 10 30.000000 2  -1.304646841949E-11  2.068270251246E-12
AR GRAC 2024 06 13 03 10 40.000000 2  -1.292084061272E-11 -7.974692087243E-12
AR GRAC 2024 06 13 03 10 50.000000 2  -1.218951935916E-11  1.072234488697E-11
AR GRAC 2024 06 13 03 11  0.000000 2  -1.252761176046E-11 -4.710623384419E-12
AR GRAC 2024 06 13 03 11 10.000000 2  -6.439298746996E-12  1.216410869601E-12
AR GRAC 2024 06 13 03 11 20.000000 2  -7.342238796115E-12  9.553440503962E-12
AR GRAC 2024 06 13 03 11 30.000000 2  -8.547011189075E-12  8.450472092913E-12
AR GRAC 2024 06 13 03 11 40.000000 2  -8.140930637945E-12  1.990749752545E-11
AR GRAC 2024 06 13 03 11 50.000000 2  -1.458909729135E-11  3.424523034937E-12
AR GRAC 2024 06 13 03 12  0.000000 2  -8.691867538213E-12  5.011550636286E-12
AR GRAC 2024 06 13 03 12 10.000000 2  -7.632848346428E-12  2.398570925211E-12
AR GRAC 2024 06 13 03 12 20.000000 2  -8.669153069019E-12  9.365591635557E-12
AR GRAC 2024 06 13 03 12 30.000000 2  -9.988252412663E-12  5.652611625301E-12
AR GRAC 2024 06 13 03 12 40.000000 2  -6.924062885549E-12  3.249629298291E-12
AR GRAC 2024 06 13 03 12 50.000000 2  -3.098633545931E-12  6.856644592379E-12
AR GRAC 2024 06 13 03 13  0.000000 2  -5.747732151340E-12  1.092366041372E-11
AR GRAC 2024 06 13 03 13 10.000000 2  -7.409069885389E-12  4.810671826172E-12
AR GRAC 2024 06 13 03 13 20.000000 2  -6.670288019844E-12 -2.972316403421E-12
AR GRAC 2024 06 13 03 13 30.000000 2  -4.810997520505E-12  1.874469329755E-11
AR GRAC 2024 06 13 03 13 40.000000 2  -7.446244142117E-12  4.491702149112E-12
AR GRAC 2024 06 13 03 13 50.000000 2  -8.578460858333E-12  1.133870688313E-11
AR GRAC 2024 06 13 03 14  0.000000 2  -1.846539414430E-12  1.518570859338E-11
AR GRAC 2024 06 13 03 14 10.000000 2  -7.596904876006E-12  1.239271445880E-11
AR GRAC 2024 06 13 03 14 20.000000 2  -3.770764516603E-12  6.939713994430E-12
AR GRAC 2024 06 13 03 14 30.000000 2  -9.593889051251E-12  3.476714575956E-12
AR GRAC 2024 06 13 03 14 40.000000 2   1.730678317671E-12  1.916371228372E-11
AR GRAC 2024 06 13 03 14 50.000000 2  -6.698335896366E-12  1.047070936899E-11
AR GRAC 2024 06 13 03 15  0.000000 2  -4.936062843186E-12  1.407770341272E-11
AR GRAC 2024 06 13 03 15 10.000000 2  -1.060010260991E-12  3.447469740236E-11
AR GRAC 2024 06 13 03 15 20.000000 2   4.380307314783E-12 -9.878312577649E-12
AR GRAC 2024 06 13 03 15 30.000000 2  -3.826487466729E-13  2.489867687028E-11
AR GRAC 2024 06 13 03 15 40.000000 2  -1.294821563337E-12  1.098566463492E-11
AR GRAC 2024 06 13 03 15 50.000000 2  -1.013797986532E-11  2.263265096170E-11
AR GRAC 2024 06 13 03 16  0.000000 2  -1.590551800511E-12  2.046963640256E-11
AR GRAC 2024 06 13 03 16 10.000000 2  -7.201860201950E-12  7.506620325337E-12
AR GRAC 2024 06 13 03 16 20.000000 2  -2.690204612896E-12  3.001359924482E-11
AR GRAC 2024 06 13 03 16 30.000000 2   3.638485780028E-12  1.925058029650E-11
AR GRAC 2024 06 13 03 16 40.000000 2   9.116218522252E-14  4.097559097582E-12
AR GRAC 2024 06 13 03 16 50.000000 2   1.304001503132E-12  2.992453507211E-11
AR GRAC 2024 06 13 03 17  0.000000 2   5.627666301716E-13  2.166150939176E-11
AR GRAC 2024 06 13 03 17 10.000000 2   6.731441576022E-13  2.371848377425E-11
AR GRAC 2024 06 13 03 17 20.000000 2   2.535595865216E-12  2.151545261397E-11
AR GRAC 2024 06 13 03 17 30.000000 2   2.637076321199E-12 -3.347575255191E-12
AR GRAC 2024 06 13 03 17 40.000000 2  -1.353915243807E-12  3.093939340837E-11
AR GRAC 2024 06 13 03 17 50.000000 2   5.680354190490E-12  2.583635735909E-11
AR GRAC 2024 06 13 03 18  0.000000 2   3.678271879790E-13  2.142332491961E-11
AR GRAC 2024 06 13 03 18 10.000000 2   2.481246328193E-12  7.850285525801E-12
AR GRAC 2024 06 13 03 18 20.000000 2   5.286921616644E-13  1.770724712691E-11
AR GRAC 2024 06 13 03 18 30.000000 2   3.592401549846E-12  1.907420749125E-11
AR GRAC 2024 06 13 03 18 40.000000 2   6.480049569851E-12  2.046116748255E-11
AR GRAC 2024 06 13 03 18 50.000000 2   1.691202299731E-12  5.888124189612E-12
AR GRAC 2024 06 13 03 19  0.000000 2   4.874162271712E-12  2.577507825230E-11
AR GRAC 2024 06 13 03 19 10.000000 2   3.655083180565E-12  1.255203146283E-11
AR GRAC 2024 06 13 03 19 20.000000 2   8.106854597345E-12  3.792898634059E-11
AR GRAC 2024 06 13 03 19 30.000000 2   1.863424345383E-12  2.547593212776E-11
AR GRAC 2024 06 13 03 19 40.000000 2   7.875806777580E-12  3.888288302445E-11
AR GRAC 2024 06 13 03 19 50.000000 2   3.141311212887E-12  2.630982758045E-11
AR GRAC 2024 06 13 03 20  0.000000 2   8.205384288695E-12  2.141677286904E-11
AR GRAC 2024 06 13 03 20 10.000000 2   5.633107261899E-12  2.312371648328E-11
AR GRAC 2024 06 13 03 20 20.000000 2   6.777199895031E-12  3.688065824958E-11
AR GRAC 2024 06 13 03 20 30.000000 2   1.265137907630E-11  2.272759931643E-11
AR GRAC 2024 06 13 03 20 40.000000 2   7.237337465438E-12  2.268453654086E-11
AR GRAC 2024 06 13 03 20 50.000000 2   8.081112168323E-12  3.045147467517E-11
AR GRAC 2024 06 13 03 21  0.000000 2   2.709862933006E-12  1.792840702286E-11
AR GRAC 2024 06 13 03 21 10.000000 2   1.225552211798E-11  3.393534411811E-11
AR GRAC 2024 06 13 03 21 20.000000 2   8.502602268090E-12  3.919227442584E-11
AR GRAC 2024 06 13 03 21 30.000000 2   1.009684350017E-11  2.718920748268E-11
AR GRAC 2024 06 13 03 21 40.000000 2   9.256450640704E-12  8.036134258038E-12
AR GRAC 2024 06 13 03 21 50.000000 2   1.254479853330E-11  4.679305901090E-11
AR GRAC 2024 06 13 03 22  0.000000 2   8.924781053077E-12  1.681998464120E-11
AR GRAC 2024 06 13 03 22 10.000000 2   1.051549212289E-11  2.916908901918E-12
AR GRAC 2024 06 13 03 22 20.000000 2   9.465010372689E-12  4.836383377116E-11
AR GRAC 2024 06 13 03 22 30.000000 2   1.093815229364E-11  1.848074991651E-11
AR GRAC 2024 06 13 03 22 40.000000 2   1.413872924988E-11  3.726766811818E-11
AR GRAC 2024 06 13 03 22 50.000000 2   1.026053114001E-11  3.281458785254E-11
AR GRAC 2024 06 13 03 23  0.000000 2   1.506404896656E-11  3.330150044611E-11
AR GRAC 2024 06 13 03 23 10.000000 2   1.403835207803E-11  2.489841666176E-11
AR GRAC 2024 06 13 03 23 20.000000 2   1.208968602312E-11  3.647532970108E-11
AR GRAC 2024 06 13 03 23 30.000000 2   1.211067270773E-11  2.432223866755E-11
AR GRAC 2024 06 13 03 23 40.000000 2   1.095240131227E-11  2.942914661963E-11
AR GRAC 2024 06 13 03 23 50.000000 2   1.406997435227E-11  4.761605346126E-11
AR GRAC 2024 06 13 03 24  0.000000 2   1.249525136138E-11  3.508295737253E-11
AR GRAC 2024 06 13 03 24 10.000000 2   1.455686092500E-11  3.820986582692E-11
AR GRAC 2024 06 13 03 24 20.000000 2   1.508085670232E-11  2.625676585877E-11
AR GRAC 2024 06 13 03 24 30.000000 2   1.273937465934E-11  2.096366483184E-11
AR GRAC 2024 06 13 03 24 40.000000 2   1.561188851806E-11  4.341056333845E-11
AR GRAC 2024 06 13 03 24 50.000000 2   1.298612085920E-11  3.277746130070E-11
AR GRAC 2024 06 13 03 25  0.000000 2   1.894281433101E-11  2.702435671076E-11
AR GRAC 2024 06 13 03 25 10.000000 2   1.387529501018E-11  3.092124820081E-11
AR GRAC 2024 06 13 03 25 20.000000 2   1.402582043564E-11  3.614814350628E-11
AR GRAC 2024 06 13 03 25 30.000000 2   1.694164773747E-11  3.087503169796E-11
AR GRAC 2024 06 13 03 25 40.000000 2   1.124849519085E-11  2.804192468508E-11
AR GRAC 2024 06 13 03 25 50.000000 2   1.639281592414E-11  4.477880913289E-11
AR GRAC 2024 06 13 03 26  0.000000 2   1.718310563281E-11  2.862569556394E-11
AR GRAC 2024 06 13 03 26 10.000000 2   2.118942347973E-11  3.304257908954E-11
AR GRAC 2024 06 13 03 26 20.000000 2   1.556282012982E-11  3.414946103675E-11
AR GRAC 2024 06 13 03 26 30.000000 2   1.863390171331E-11  3.433634279681E-11
AR GRAC 2024 06 13 03 26 40.000000 2   1.577125929852E-11  3.564322101357E-11
AR GRAC 2024 06 13 03 26 50.000000 2   2.049334139886E-11  3.848009758056E-11
AR GRAC 2024 06 13 03 27  0.000000 2   2.039811375365E-11  2.656697431491E-11
AR GRAC 2024 06 13 03 27 10.000000 2   1.450545933368E-11  4.612384779668E-11
AR GRAC 2024 06 13 03 27 20.000000 2   1.813432043418E-11  4.266071870762E-11
AR GRAC 2024 06 13 03 27 30.000000 2   1.798750558224E-11  2.413759123132E-11
AR GRAC 2024 06 13 03 27 40.000000 2   1.769091644011E-11  3.275446233686E-11
AR GRAC 2024 06 13 03 27 50.000000 2   2.021909549510E-11  4.231132805232E-11
AR GRAC 2024 06 13 03 28  0.000000 2   1.638291065309E-11  2.692819231487E-11
AR GRAC 2024 06 13 03 28 10.000000 2   1.843125999046E-11  4.225505709221E-11
AR GRAC 2024 06 13 03 28 20.000000 2   1.718445698240E-11  4.349192186948E-11
AR GRAC 2024 06 13 03 28 30.000000 2   2.512664555587E-11  2.178878258374E-11
AR GRAC 2024 06 13 03 28 40.000000 2   2.322870888694E-11  5.224564184059E-11
AR GRAC 2024 06 13 03 28 50.000000 2   1.777831354355E-11  2.607249659226E-11
AR GRAC 2024 06 13 03 29  0.000000 2   2.343902502644E-11  3.914935389759E-11
AR GRAC 2024 06 13 03 29 10.000000 2   1.761569015657E-11  3.289620659208E-11
AR GRAC 2024 06 13 03 29 20.000000 2   2.045979878573E-11  4.265306163820E-11
AR GRAC 2024 06 13 03 29 30.000000 2   2.213409490415E-11  3.732991346594E-11
AR GRAC 2024 06 13 03 29 40.000000 2   2.287470560192E-11  3.836676115698E-11
AR GRAC 2024 06 13 03 29 50.000000 2   2.436448785781E-11  2.842361068733E-11
AR GRAC 2024 06 13 03 30  0.000000 2   2.082043738805E-11  4.528045299823E-11
AR GRAC 2024 06 13 03 30 10.000000 2   1.744088901079E-11  4.301729805700E-11
AR GRAC 2024 06 13 03 30 20.000000 2   2.095679012271E-11  2.012414367092E-11
AR GRAC 2024 06 13 03 30 30.000000 2   1.961996537458E-11  3.475098334094E-11
AR GRAC 2024 06 13 03 30 40.000000 2   2.276270318069E-11  5.441782441329E-11
AR GRAC 2024 06 13 03 30 50.000000 2   1.720728767807E-11  3.716466023818E-11
AR GRAC 2024 06 13 03 31  0.000000 2   2.399756435234E-11  4.412149465227E-11
AR GRAC 2024 06 13 03 31 10.000000 2   1.925280594672E-11  2.839833056212E-11
AR GRAC 2024 06 13 03 31 20.000000 2   2.220654389540E-11  4.305516360104E-11
AR GRAC 2024 06 13 03 31 30.000000 2   3.269241474757E-11  3.976199577926E-11
AR GRAC 2024 06 13 03 31 40.000000 2   2.484997103924E-11  2.752882470591E-11
AR GRAC 2024 06 13 03 31 50.000000 2   1.979229453941E-11  5.629565563714E-11
AR GRAC 2024 06 13 03 32  0.000000 2   2.411283325787E-11  3.385247984711E-11
AR GRAC 2024 06 13 03 32 10.000000 2   2.654326237972E-11  4.781930060260E-11
AR GRAC 2024 06 13 03 32 20.000000 2   1.939647921445E-11  4.561612546028E-11
AR GRAC 2024 06 13 03 32 30.000000 2   2.495230758126E-11  1.592294872343E-11
AR GRAC 2024 06 13 03 32 40.000000 2   1.991070502916E-11  3.313976523756E-11
AR GRAC 2024 06 13 03 32 50.000000 2   2.364902024210E-11  5.116658485793E-11
AR GRAC 2024 06 13 03 33  0.000000 2   2.930208159446E-11  4.270339984402E-11
AR GRAC 2024 06 13 03 33 10.000000 2   2.772191677602E-11  3.346021376638E-11
AR GRAC 2024 06 13 03 33 20.000000 2   1.966673178477E-11  4.406702433513E-11
AR GRAC 2024 06 13 03 33 30.000000 2   1.959213867531E-11  3.124384084785E-11
AR GRAC 2024 06 13 03 33 40.000000 2   2.014180142118E-11  3.247064769840E-11
AR GRAC 2024 06 13 03 33 50.000000 2   2.464702747451E-11  4.480745635638E-11
AR GRAC 2024 06 13 03 34  0.000000 2   1.938105752275E-11  3.397426090457E-11
AR GRAC 2024 06 13 03 34 10.000000 2   3.059135236794E-11  4.639106807036E-11
AR GRAC 2024 06 13 03 34 20.000000 2   2.420625852539E-11  2.914787161634E-11
AR GRAC 2024 06 13 03 34 30.000000 2   1.961733900324E-11  4.098467051850E-11
AR GRAC 2024 06 13 03 34 40.000000 2   2.196282912481E-11  4.026147124025E-11
AR GRAC 2024 06 13 03 34 50.000000 2   2.374827071105E-11  3.598827139073E-11
AR GRAC 2024 06 13 03 35  0.000000 2   2.656599593087E-11  4.213506626938E-11
AR GRAC 2024 06 13 03 35 10.000000 2   1.985221709244E-11  1.971186235072E-11
AR GRAC 2024 06 13 03 35 20.000000 2   2.609615301630E-11  4.156865476834E-11
AR GRAC 2024 06 13 03 35 30.000000 2   1.948507848126E-11  5.158544424955E-11
AR GRAC 2024 06 13 03 35 40.000000 2   2.456480852064E-11  3.873223616835E-11
AR GRAC 2024 06 13 03 35 50.000000 2   1.971089264030E-11  3.775902507330E-11
AR GRAC 2024 06 13 03 36  0.000000 2   2.569812418418E-11  3.524580974301E-11
AR GRAC 2024 06 13 03 36 10.000000 2   2.169913554395E-11  4.778259732330E-11
AR GRAC 2024 06 13 03 36 20.000000 2   2.686552889875E-11  4.320938051805E-11
AR GRAC 2024 06 13 03 36 30.000000 2   2.378154270732E-11  3.678616092295E-11
AR GRAC 2024 06 13 03 36 40.000000 2   2.481137691135E-11  6.007294661714E-11
AR GRAC 2024 06 13 03 36 50.000000 2   1.718578751531E-11  3.593971995008E-11
AR GRAC 2024 06 13 03 37  0.000000 2   2.627383206832E-11  2.704649525176E-11
AR GRAC 2024 06 13 03 37 10.000000 2   2.584180959497E-11  4.762326991092E-11
AR GRAC 2024 06 13 03 37 20.000000 2   2.346926125663E-11  3.903004308636E-11
AR GRAC 2024 06 13 03 37 30.000000 2   2.228613300848E-11  3.881681434614E-11
AR GRAC 2024 06 13 03 37 40.000000 2   2.796261659721E-11  5.478359085820E-11
AR GRAC 2024 06 13 03 37 50.000000 2   2.694815204318E-11  3.989035143870E-11
AR GRAC 2024 06 13 03 38  0.000000 2   2.660302880764E-11  4.561712119155E-11
AR GRAC 2024 06 13 03 38 10.000000 2   3.236487813862E-11  3.942388429601E-11
AR GRAC 2024 06 13 03 38 20.000000 2   2.491871292643E-11  5.477064635162E-11
AR GRAC 2024 06 13 03 38 30.000000 2   2.344246671782E-11  2.593741020573E-11
AR GRAC 2024 06 13 03 38 40.000000 2   2.518017391817E-11  4.433416828098E-11
AR GRAC 2024 06 13 03 38 50.000000 2   2.207863232517E-11  3.685093202810E-11
AR GRAC 2024 06 13 03 39  0.000000 2   2.750315079847E-11  3.825768521426E-11
AR GRAC 2024 06 13 03 39 10.000000 2   2.806998557203E-11  1.870444250873E-11
AR GRAC 2024 06 13 03 39 20.000000 2   2.572709927040E-11  4.451119334226E-11
AR GRAC 2024 06 13 03 39 30.000000 2   2.372653462590E-11  6.079795000780E-11
AR GRAC 2024 06 13 03 39 40.000000 2   2.740490299968E-11  3.430469797117E-11
AR GRAC 2024 06 13 03 39 50.000000 2   2.585986286219E-11  3.225144803998E-11
AR GRAC 2024 06 13 03 40  0.000000 2   2.574652296916E-11  3.588819519340E-11
AR GRAC 2024 06 13 03 40 10.000000 2   1.887613503004E-11  5.066493752315E-11
AR GRAC 2024 06 13 03 40 20.000000 2   2.575552791872E-11  4.759168059643E-11
AR GRAC 2024 06 13 03 40 30.000000 2   2.390850017964E-11  3.650842128611E-11
AR GRAC 2024 06 13 03 40 40.000000 2   2.663313840301E-11  3.500516543298E-11
AR GRAC 2024 06 13 03 40 50.000000 2   2.336672175196E-11  4.852190177429E-11
AR GRAC 2024 06 13 03 41  0.000000 2   2.699664797268E-11  3.999863634752E-11
AR GRAC 2024 06 13 03 41 10.000000 2   2.632456058693E-11  4.046537410707E-11
AR GRAC 2024 06 13 03 41 20.000000 2   2.242031386934E-11  3.079210844636E-11
AR GRAC 2024 06 13 03 41 30.000000 2   2.398498413769E-11  5.309884129612E-11
AR GRAC 2024 06 13 03 41 40.000000 2   2.380867378249E-11  3.910556947706E-11
AR GRAC 2024 06 13 03 41 50.000000 2   2.292195079578E-11  4.605230086163E-11
AR GRAC 2024 06 13 03 42  0.000000 2   2.303735327502E-11  3.864902495265E-11
AR GRAC 2024 06 13 03 42 10.000000 2   2.756785598412E-11  3.789575250823E-11
AR GRAC 2024 06 13 03 42 20.000000 2   2.275459855261E-11  4.906247630387E-11
AR GRAC 2024 06 13 03 42 30.000000 2   2.594709343218E-11  3.802919784635E-11
AR GRAC 2024 06 13 03 42 40.000000 2   2.558387356133E-11  3.454591820939E-11
AR GRAC 2024 06 13 03 42 50.000000 2   1.993857509652E-11  5.389263341149E-11
AR GRAC 2024 06 13 03 43  0.000000 2   2.205841238834E-11  4.179935564341E-11
AR GRAC 2024 06 13 03 43 10.000000 2   2.321725277310E-11  4.486606919318E-11
AR GRAC 2024 06 13 03 43 20.000000 2   2.236964780078E-11  3.968278483590E-11
AR GRAC 2024 06 13 03 43 30.000000 2   1.688949848033E-11  4.452949467493E-11
AR GRAC 2024 06 13 03 43 40.000000 2   2.395501505492E-11  4.328620795135E-11
AR GRAC 2024 06 13 03 43 50.000000 2   2.548001913627E-11  3.834291911753E-11
AR GRAC 2024 06 13 03 44  0.000000 2   1.836875616890E-11  4.162962335963E-11
AR GRAC 2024 06 13 03 44 10.000000 2   2.438267469873E-11  4.684632889940E-11
AR GRAC 2024 06 13 03 44 20.000000 2   2.526835338190E-11  3.760303526890E-11
AR GRAC 2024 06 13 03 44 30.000000 2   2.176614270766E-11  5.325973689851E-11
AR GRAC 2024 06 13 03 44 40.000000 2   2.868342022233E-11  1.812643611598E-11
AR GRAC 2024 06 13 03 44 50.000000 2   2.060611577204E-11  5.036313727169E-11
AR GRAC 2024 06 13 03 45  0.000000 2   1.677580990789E-11  4.072983270098E-11
AR GRAC 2024 06 13 03 45 10.000000 2   2.887042167832E-11  3.457652913985E-11
AR GRAC 2024 06 13 03 45 20.000000 2   1.819425686500E-11  4.367322128940E-11
AR GRAC 2024 06 13 03 45 30.000000 2   1.491518193675E-11  4.708991530045E-11
AR GRAC 2024 06 13 03 45 40.000000 2   2.197362430900E-11  4.600660477583E-11
AR GRAC 2024 06 13 03 45 50.000000 2   2.333395802967E-11  3.250329519422E-11
AR GRAC 2024 06 13 03 46  0.000000 2   2.045486870161E-11  2.787998130971E-11
AR GRAC 2024 06 13 03 46 10.000000 2   2.594933469491E-11  3.963666894702E-11
AR GRAC 2024 06 13 03 46 20.000000 2   1.917685801822E-11  4.871335626544E-11
AR GRAC 2024 06 13 03 46 30.000000 2   1.640537011793E-11  4.588003588157E-11
AR GRAC 2024 06 13 03 46 40.000000 2   2.300912238518E-11  3.427671688150E-11
AR GRAC 2024 06 13 03 46 50.000000 2   2.465440351873E-11  3.914339338773E-11
AR GRAC 2024 06 13 03 47  0.000000 2   9.710564817522E-12  4.233007000476E-11
AR GRAC 2024 06 13 03 47 10.000000 2   2.031887158527E-11  3.737675099980E-11
AR GRAC 2024 06 13 03 47 20.000000 2   1.478959663070E-11  4.347342277833E-11
AR GRAC 2024 06 13 03 47 30.000000 2   2.552888803131E-11  4.796009769881E-11
AR GRAC 2024 06 13 03 47 40.000000 2   1.946585601043E-11  2.957676811799E-11
AR GRAC 2024 06 13 03 47 50.000000 2   2.336466436992E-11  4.081343596418E-11
AR GRAC 2024 06 13 03 48  0.000000 2   1.848900026136E-11  4.171010412057E-11
AR GRAC 2024 06 13 03 48 10.000000 2   2.116133483721E-11  3.843677112703E-11
AR GRAC 2024 06 13 03 48 20.000000 2   2.074079449854E-11  5.195343114051E-11
AR GRAC 2024 06 13 03 48 30.000000 2   2.261059048325E-11  3.319009650449E-11
AR GRAC 2024 06 13 03 48 40.000000 2   1.588781536888E-11  5.061675731333E-11
AR GRAC 2024 06 13 03 48 50.000000 2   2.115346613152E-11  3.698341632941E-11
AR GRAC 2024 06 13 03 49  0.000000 2   1.813418859520E-11  3.215007426949E-11
AR GRAC 2024 06 13 03 49 10.000000 2   2.005197743959E-11  3.130672804330E-11
AR GRAC 2024 06 13 03 49 20.000000 2   1.938440033489E-11  4.124338717770E-11
AR GRAC 2024 06 13 03 49 30.000000 2   1.873650019857E-11  3.789003832910E-11
AR GRAC 2024 06 13 03 49 40.000000 2   1.715145039882E-11  4.130669070679E-11
AR GRAC 2024 06 13 03 49 50.000000 2   1.835784996240E-11  4.158333746784E-11
