 2.00 C RINEX VERSION / TYPE
 10.00 INTERVAL
 1 AR # / TYPES OF DATA
 END OF HEADER
AR GRAC 2024 06 14 01 50  0.000000 2   3.133302298175E-11  3.290600084083E-11
AR GRAC 2024 06 14 01 50 10.000000 2   2.905108445472E-11  2.535429505235E-11
AR GRAC 2024 06 14 01 50 20.000000 2   2.704408745557E-11  4.303258790972E-11
AR GRAC 2024 06 14 01 50 30.000000 2   2.740344583196E-11  2.369088085430E-11
AR GRAC 2024 06 14 01 50 40.000000 2   3.386896318958E-11  9.619173513276E-12
AR GRAC 2024 06 14 01 50 50.000000 2   3.004045623367E-11  4.178745544037E-11
AR GRAC 2024 06 14 01 51  0.000000 2   3.073424154065E-11  3.297574366345E-11
AR GRAC 2024 06 14 01 51 10.000000 2   2.834626283699E-11  3.336402681908E-11
AR GRAC 2024 06 14 01 51 20.000000 2   2.417947266020E-11  2.716231232991E-11
AR GRAC 2024 06 14 01 51 30.000000 2   2.932526790844E-11  2.737059016933E-11
AR GRAC 2024 06 14 01 51 40.000000 2   2.960341347058E-11  3.358886779825E-11
AR GRAC 2024 06 14 01 51 50.000000 2   3.040532062237E-11  3.724714287001E-11
AR GRAC 2024 06 14 01 52  0.000000 2   2.796589869403E-11  3.111541579948E-11
AR GRAC 2024 06 14 01 52 10.000000 2   2.494562369171E-11  3.201368684036E-11
AR GRAC 2024 06 14 01 52 20.000000 2   2.675390291251E-11  2.982195393408E-11
AR GRAC 2024 06 14 01 52 30.000000 2   2.937126930558E-11  3.235021972525E-11
AR GRAC 2024 06 14 01 52 40.000000 2   3.028680084505E-11  2.504848585494E-11
AR GRAC 2024 06 14 01 52 50.000000 2   2.780249641621E-11  2.729674992985E-11
AR GRAC 2024 06 14 01 53  0.000000 2   2.271351336181E-11  4.440500744884E-11
AR GRAC 2024 06 14 01 53 10.000000 2   2.558197924329E-11  4.373267806917E-12
AR GRAC 2024 06 14 01 53 20.000000 2   2.870664990440E-11  4.096152583788E-11
AR GRAC 2024 06 14 01 53 30.000000 2   2.240807886467E-11  4.267977984918E-11
AR GRAC 2024 06 14 01 53 40.000000 2   2.763966139296E-11  1.895802959062E-11
AR GRAC 2024 06 14 01 53 50.000000 2   2.508765764575E-11  3.348627972133E-11
AR GRAC 2024 06 14 01 54  0.000000 2   2.230406657977E-11  3.173452819971E-11
AR GRAC 2024 06 14 01 54 10.000000 2   2.339839780263E-11  1.904277256715E-11
AR GRAC 2024 06 14 01 54 20.000000 2   2.351759759156E-11  3.963101721793E-11
AR GRAC 2024 06 14 01 54 30.000000 2   2.467030919828E-11  2.588925601676E-11
AR GRAC 2024 06 14 01 54 40.000000 2   2.496189539791E-11  3.668749679053E-11
AR GRAC 2024 06 14 01 54 50.000000 2   2.107995202005E-11  4.353573404559E-11
AR GRAC 2024 06 14 01 55  0.000000 2   2.223690676040E-11  1.509396947708E-11
AR GRAC 2024 06 14 01 55 10.000000 2   2.406745809591E-11  1.940220206720E-11
AR GRAC 2024 06 14 01 55 20.000000 2   2.070009962052E-11  3.498043174566E-11
AR GRAC 2024 06 14 01 55 30.000000 2   2.385358924273E-11  4.538866157922E-11
AR GRAC 2024 06 14 01 55 40.000000 2   2.101513581210E-11  2.319688711949E-11
AR GRAC 2024 06 14 01 55 50.000000 2   2.518922570527E-11  2.944511301450E-11
AR GRAC 2024 06 14 01 56  0.000000 2   2.093882359167E-11  2.401333298874E-11
AR GRAC 2024 06 14 01 56 10.000000 2   2.321544866069E-11  3.348155433458E-11
AR GRAC 2024 06 14 01 56 20.000000 2   1.841784190437E-11  2.021977030253E-11
AR GRAC 2024 06 14 01 56 30.000000 2   2.229596889058E-11  3.088798661288E-11
AR GRAC 2024 06 14 01 56 40.000000 2   2.213336111612E-11  2.492619999295E-11
AR GRAC 2024 06 14 01 56 50.000000 2   2.190201839336E-11  2.641441232409E-11
AR GRAC 2024 06 14 01 57  0.000000 2   1.932504330171E-11  3.162262118828E-11
AR GRAC 2024 06 14 01 57 10.000000 2   2.274033739091E-11  3.182083069264E-11
AR GRAC 2024 06 14 01 57 20.000000 2   1.979089288284E-11  1.837903267077E-11
AR GRAC 2024 06 14 01 57 30.000000 2   2.106766844312E-11  3.110723831301E-11
AR GRAC 2024 06 14 01 57 40.000000 2   2.102639416746E-11  2.740543902924E-11
AR GRAC 2024 06 14 01 57 50.000000 2   1.972250314453E-11  2.846363769682E-11
AR GRAC 2024 06 14 01 58  0.000000 2   1.584222510120E-11  1.243183507527E-11
AR GRAC 2024 06 14 01 58 10.000000 2   1.617436046208E-11  2.881002554578E-11
AR GRAC 2024 06 14 01 58 20.000000 2   1.596922247216E-11  1.834822051239E-11
AR GRAC 2024 06 14 01 58 30.000000 2   1.881465643006E-11  2.642640967165E-11
AR GRAC 2024 06 14 01 58 40.000000 2   2.019069980652E-11  1.278460063509E-11
AR GRAC 2024 06 14 01 58 50.000000 2   1.593644313735E-11  1.812278452307E-11
AR GRAC 2024 06 14 01 59  0.000000 2   1.616051736875E-11  2.948097321820E-11
AR GRAC 2024 06 14 01 59 10.000000 2   1.959506515381E-11  3.146915020236E-11
AR GRAC 2024 06 14 01 59 20.000000 2   1.628033992340E-11  1.743733109294E-11
AR GRAC 2024 06 14 01 59 30.000000 2   1.231755929892E-11  2.965551068601E-11
AR GRAC 2024 06 14 01 59 40.000000 2   1.686897496689E-11  2.826368306064E-11
AR GRAC 2024 06 14 01 59 50.000000 2   1.295817619873E-11  1.782185857224E-11
AR GRAC 2024 06 14 02 00  0.000000 2   1.027620349925E-11  1.911002779631E-11
AR GRAC 2024 06 14 02 00 10.000000 2   1.664885243557E-11  3.071819881795E-11
AR GRAC 2024 06 14 02 00 20.000000 2   1.118587080601E-11  9.026363857745E-12
AR GRAC 2024 06 14 02 00 30.000000 2   1.437420755340E-11  2.083453028157E-11
AR GRAC 2024 06 14 02 00 40.000000 2   1.395057246806E-11  3.058269262834E-11
AR GRAC 2024 06 14 02 00 50.000000 2   1.296504136689E-11  1.810085241416E-11
AR GRAC 2024 06 14 02 01  0.000000 2   1.407251572216E-11  1.195901364048E-11
AR GRAC 2024 06 14 02 01 10.000000 2   1.141609463212E-11  2.625716831461E-11
AR GRAC 2024 06 14 02 01 20.000000 2   1.198869996333E-11  2.629532182274E-11
AR GRAC 2024 06 14 02 01 30.000000 2   1.133305775614E-11  2.840347401722E-11
AR GRAC 2024 06 14 02 01 40.000000 2   1.002638597147E-11  1.177162447380E-11
AR GRAC 2024 06 14 02 01 50.000000 2   9.675590190161E-12  3.097977083200E-11
AR GRAC 2024 06 14 02 02  0.000000 2   8.295242964751E-12  8.897919727413E-12
AR GRAC 2024 06 14 02 02 10.000000 2   8.360826787845E-12  1.257606085242E-11
AR GRAC 2024 06 14 02 02 20.000000 2   8.361740987117E-12  2.409420406246E-11
AR GRAC 2024 06 14 02 02 30.000000 2   1.230032915800E-11  2.213234283344E-11
AR GRAC 2024 06 14 02 02 40.000000 2   5.024167713807E-12  2.074047877887E-11
AR GRAC 2024 06 14 02 02 50.000000 2   4.844689753536E-12  8.358616750137E-12
AR GRAC 2024 06 14 02 03  0.000000 2   7.471726362618E-12  2.472674842657E-11
AR GRAC 2024 06 14 02 03 10.000000 2   8.818208316330E-12  2.220488029558E-11
AR GRAC 2024 06 14 02 03 20.000000 2   9.388908921160E-12  1.304300851351E-11
AR GRAC 2024 06 14 02 03 30.000000 2   6.221173749765E-12  1.331113431285E-11
AR GRAC 2024 06 14 02 03 40.000000 2   7.515985230022E-12  1.272925948675E-11
AR GRAC 2024 06 14 02 03 50.000000 2   7.140848242576E-12  3.110738402978E-11
AR GRAC 2024 06 14 02 04  0.000000 2   7.443878846658E-12  8.145502501666E-12
AR GRAC 2024 06 14 02 04 10.000000 2   1.496335499084E-12  2.108361922548E-11
AR GRAC 2024 06 14 02 04 20.000000 2   8.374556256796E-12  1.651735931189E-12
AR GRAC 2024 06 14 02 04 30.000000 2   4.473560844681E-12  7.999851649176E-12
AR GRAC 2024 06 14 02 04 40.000000 2   4.770718976116E-12  1.805796311094E-11
AR GRAC 2024 06 14 02 04 50.000000 2   2.796135501956E-12  8.746072442667E-12
AR GRAC 2024 06 14 02 05  0.000000 2   2.264624685694E-12  1.299417778239E-11
AR GRAC 2024 06 14 02 05 10.000000 2   5.183832529898E-12  4.632285874329E-12
AR GRAC 2024 06 14 02 05 20.000000 2   1.084278608739E-12  8.680388872973E-12
AR GRAC 2024 06 14 02 05 30.000000 2   2.261781907598E-12  1.426848830061E-11
AR GRAC 2024 06 14 02 05 40.000000 2   3.355005943201E-12  2.590658937374E-11
AR GRAC 2024 06 14 02 05 50.000000 2   9.963294295492E-13 -5.453147699022E-13
AR GRAC 2024 06 14 02 06  0.000000 2   1.974935839866E-12  1.543278178862E-11
AR GRAC 2024 06 14 02 06 10.000000 2   4.652454203141E-12  1.981087516256E-11
AR GRAC 2024 06 14 02 06 20.000000 2  -8.286621714336E-13  1.151896373425E-11
AR GRAC 2024 06 14 02 06 30.000000 2   1.914691929311E-12  5.647051836560E-12
AR GRAC 2024 06 14 02 06 40.000000 2   9.149996298835E-13  2.147513937512E-11
AR GRAC 2024 06 14 02 06 50.000000 2   2.677840283229E-14  1.223322224769E-11
AR GRAC 2024 06 14 02 07  0.000000 2   7.472810347950E-13  1.526130784246E-11
AR GRAC 2024 06 14 02 07 10.000000 2  -4.190896490518E-13 -1.143061426762E-11
AR GRAC 2024 06 14 02 07 20.000000 2   5.097062528991E-12  1.120746204175E-11
AR GRAC 2024 06 14 02 07 30.000000 2  -1.753159683399E-12  2.068554182111E-11
AR GRAC 2024 06 14 02 07 40.000000 2  -1.008584559728E-13 -2.996385691650E-12
AR GRAC 2024 06 14 02 07 50.000000 2  -1.221245218667E-12  9.631683471623E-12
AR GRAC 2024 06 14 02 08  0.000000 2  -2.812356033818E-12  3.249756800466E-12
AR GRAC 2024 06 14 02 08 10.000000 2   2.005584283718E-12  7.097823197244E-12
AR GRAC 2024 06 14 02 08 20.000000 2  -3.408171314612E-12  1.395588679343E-11
AR GRAC 2024 06 14 02 08 30.000000 2  -3.586563771668E-12 -2.766052144276E-12
AR GRAC 2024 06 14 02 08 40.000000 2   1.209815559365E-12  1.922201113558E-11
AR GRAC 2024 06 14 02 08 50.000000 2  -5.929946204214E-12 -1.659928488065E-12
AR GRAC 2024 06 14 02 09  0.000000 2  -4.284842879815E-12  2.668127004057E-12
AR GRAC 2024 06 14 02 09 10.000000 2  -2.962988144770E-12  2.618074654911E-14
AR GRAC 2024 06 14 02 09 20.000000 2   2.868366080679E-13  2.384233652522E-12
AR GRAC 2024 06 14 02 09 30.000000 2  -1.663782501528E-12 -3.547715940466E-12
AR GRAC 2024 06 14 02 09 40.000000 2  -4.432079703243E-12  2.910333215742E-12
AR GRAC 2024 06 14 02 09 50.000000 2  -2.731113512427E-12 -9.281621478341E-12
AR GRAC 2024 06 14 02 10  0.000000 2  -6.867398576887E-12  2.602642233673E-11
AR GRAC 2024 06 14 02 10 10.000000 2  -4.523275851098E-12 -1.567553378767E-11
AR GRAC 2024 06 14 02 10 20.000000 2  -5.782386722220E-12  8.502503388852E-12
AR GRAC 2024 06 14 02 10 30.000000 2  -3.175472905459E-12 -1.281945903597E-11
AR GRAC 2024 06 14 02 10 40.000000 2  -7.235290058055E-12 -5.061421767816E-12
AR GRAC 2024 06 14 02 10 50.000000 2  -5.388575870235E-12 -1.239338753151E-11
AR GRAC 2024 06 14 02 11  0.000000 2  -7.407231078504E-12  1.099464182891E-11
AR GRAC 2024 06 14 02 11 10.000000 2  -5.203383297153E-12 -1.307330329062E-12
AR GRAC 2024 06 14 02 11 20.000000 2  -8.103982762631E-12 -4.139302182266E-12
AR GRAC 2024 06 14 02 11 30.000000 2  -8.600868281472E-12 -1.018127596120E-11
AR GRAC 2024 06 14 02 11 40.000000 2  -7.250670983755E-12 -1.099325231541E-11
AR GRAC 2024 06 14 02 11 50.000000 2  -9.150253471590E-12  9.494765217111E-12
AR GRAC 2024 06 14 02 12  0.000000 2  -2.558926811766E-12  2.572786384977E-12
AR GRAC 2024 06 14 02 12 10.000000 2  -8.862680554722E-12 -9.089199011492E-12
AR GRAC 2024 06 14 02 12 20.000000 2  -4.523682643753E-12 -1.143118325692E-11
AR GRAC 2024 06 14 02 12 30.000000 2  -7.900517913495E-12  7.776828660211E-12
AR GRAC 2024 06 14 02 12 40.000000 2  -6.816529979359E-12 -5.625163963102E-12
AR GRAC 2024 06 14 02 12 50.000000 2  -1.137203786000E-11 -8.271535041106E-13
AR GRAC 2024 06 14 02 13  0.000000 2  -7.932795045851E-12 -4.729147629057E-12
AR GRAC 2024 06 14 02 13 10.000000 2  -1.331705839352E-11 -1.423114317362E-11
AR GRAC 2024 06 14 02 13 20.000000 2  -7.845604374501E-12 -7.053143659397E-12
AR GRAC 2024 06 14 02 13 30.000000 2  -8.258307232500E-12 -1.412514463034E-11
AR GRAC 2024 06 14 02 13 40.000000 2  -1.012046349502E-11 -1.122714594903E-11
AR GRAC 2024 06 14 02 13 50.000000 2  -8.609284292416E-12 -5.091516943299E-13
AR GRAC 2024 06 14 02 14  0.000000 2  -1.054576911907E-11 -8.291159425688E-12
AR GRAC 2024 06 14 02 14 10.000000 2  -9.286665186847E-12 -6.803164802338E-12
AR GRAC 2024 06 14 02 14 20.000000 2  -8.149560019877E-12 -9.985176747940E-12
AR GRAC 2024 06 14 02 14 30.000000 2  -1.089260105724E-11 -1.888719042276E-11
AR GRAC 2024 06 14 02 14 40.000000 2  -8.746053360709E-12 -1.429920851864E-11
AR GRAC 2024 06 14 02 14 50.000000 2  -1.230619425807E-11 -1.415122186099E-11
AR GRAC 2024 06 14 02 15  0.000000 2  -1.305805637231E-11 -3.583242643573E-12
AR GRAC 2024 06 14 02 15 10.000000 2  -1.211086699676E-11 -8.105269060088E-12
AR GRAC 2024 06 14 02 15 20.000000 2  -1.431706402738E-11 -1.015728907233E-11
AR GRAC 2024 06 14 02 15 30.000000 2  -9.439710298154E-12 -2.279931451965E-11
AR GRAC 2024 06 14 02 15 40.000000 2  -1.373950779537E-11 -2.891343631531E-12
AR GRAC 2024 06 14 02 15 50.000000 2  -8.011801291841E-12 -2.776337493238E-11
AR GRAC 2024 06 14 02 16  0.000000 2  -1.400950622871E-11 -1.343540730059E-11
AR GRAC 2024 06 14 02 16 10.000000 2  -1.796641654894E-11 -2.492744378968E-11
AR GRAC 2024 06 14 02 16 20.000000 2  -1.106146337720E-11 -1.490947990068E-11
AR GRAC 2024 06 14 02 16 30.000000 2  -1.194605265403E-11 -1.236151458972E-11
AR GRAC 2024 06 14 02 16 40.000000 2  -1.326896145043E-11 -9.953559677867E-12
AR GRAC 2024 06 14 02 16 50.000000 2  -1.325480523950E-11 -1.271560200883E-11
AR GRAC 2024 06 14 02 17  0.000000 2  -1.677223464280E-11 -1.826764607638E-11
AR GRAC 2024 06 14 02 17 10.000000 2  -1.257200680366E-11 -1.736969422461E-11
AR GRAC 2024 06 14 02 17 20.000000 2  -1.131675569227E-11 -2.526174408546E-11
AR GRAC 2024 06 14 02 17 30.000000 2  -1.483065406593E-11 -1.476379435372E-11
AR GRAC 2024 06 14 02 17 40.000000 2  -1.502516167040E-11 -2.031584796225E-11
AR GRAC 2024 06 14 02 17 50.000000 2  -1.490117751413E-11 -1.769790217154E-11
AR GRAC 2024 06 14 02 18  0.000000 2  -1.703176315260E-11 -1.742996025289E-11
AR GRAC 2024 06 14 02 18 10.000000 2  -9.559887603761E-12 -2.449202125832E-11
AR GRAC 2024 06 14 02 18 20.000000 2  -1.315340371344E-11 -1.954408163085E-11
AR GRAC 2024 06 14 02 18 30.000000 2  -1.236196388310E-11 -8.856148453473E-12
AR GRAC 2024 06 14 02 18 40.000000 2  -1.120727816106E-11 -1.664821232261E-11
AR GRAC 2024 06 14 02 18 50.000000 2  -1.556460689500E-11 -2.305028563854E-11
AR GRAC 2024 06 14 02 19  0.000000 2  -6.769124323569E-12 -2.364235369978E-11
AR GRAC 2024 06 14 02 19 10.000000 2  -1.567717483608E-11 -2.247442856818E-11
AR GRAC 2024 06 14 02 19 20.000000 2  -1.628703422130E-11 -2.612649853406E-11
AR GRAC 2024 06 14 02 19 30.000000 2  -1.116238958904E-11 -8.928578362766E-12
AR GRAC 2024 06 14 02 19 40.000000 2  -1.379494088405E-11 -2.458065521960E-11
AR GRAC 2024 06 14 02 19 50.000000 2  -1.453739906232E-11 -1.774273783450E-11
AR GRAC 2024 06 14 02 20  0.000000 2  -1.635306647041E-11 -3.928481845383E-11
AR GRAC 2024 06 14 02 20 10.000000 2  -1.238338598331E-11 -1.189690620323E-11
AR GRAC 2024 06 14 02 20 20.000000 2  -1.453335715662E-11 -1.968899349114E-11
AR GRAC 2024 06 14 02 20 30.000000 2  -1.184402142335E-11 -2.859108609587E-11
AR GRAC 2024 06 14 02 20 40.000000 2  -1.419032513023E-11 -2.348317720835E-11
AR GRAC 2024 06 14 02 20 50.000000 2  -1.288910384672E-11 -2.250526848213E-11
AR GRAC 2024 06 14 02 21  0.000000 2  -1.536361315946E-11 -1.607736339893E-11
AR GRAC 2024 06 14 02 21 10.000000 2  -1.668170983293E-11 -2.608946392257E-11
AR GRAC 2024 06 14 02 21 20.000000 2  -1.167895554571E-11 -1.487156404967E-11
AR GRAC 2024 06 14 02 21 30.000000 2  -1.739225083397E-11 -1.427366471546E-11
AR GRAC 2024 06 14 02 21 40.000000 2  -1.156624709203E-11 -2.466576769222E-11
AR GRAC 2024 06 14 02 21 50.000000 2  -1.584509433383E-11 -3.109787774513E-11
AR GRAC 2024 06 14 02 22  0.000000 2  -1.073287465847E-11 -2.160998463507E-11
AR GRAC 2024 06 14 02 22 10.000000 2  -1.048101536116E-11 -3.313209429034E-11
AR GRAC 2024 06 14 02 22 20.000000 2  -1.074940830792E-11 -3.834420975179E-11
AR GRAC 2024 06 14 02 22 30.000000 2  -1.430746580239E-11 -1.988632349070E-11
AR GRAC 2024 06 14 02 22 40.000000 2  -1.356096658578E-11 -1.632844380539E-11
AR GRAC 2024 06 14 02 22 50.000000 2  -1.412378200505E-11 -2.611055989477E-11
AR GRAC 2024 06 14 02 23  0.000000 2  -1.469722260561E-11 -3.582268162661E-11
AR GRAC 2024 06 14 02 23 10.000000 2  -1.211944173490E-11 -1.559480496127E-11
AR GRAC 2024 06 14 02 23 20.000000 2  -1.182475124761E-11 -2.930693188130E-11
AR GRAC 2024 06 14 02 23 30.000000 2  -1.814475826534E-11 -2.268906243441E-11
AR GRAC 2024 06 14 02 23 40.000000 2  -1.235247928250E-11 -1.440119117707E-11
AR GRAC 2024 06 14 02 23 50.000000 2  -1.355754918053E-11 -3.738332213232E-11
AR GRAC 2024 06 14 02 24  0.000000 2  -1.065022028901E-11 -2.839545612532E-11
AR GRAC 2024 06 14 02 24 10.000000 2  -1.193450373249E-11 -2.136759519322E-11
AR GRAC 2024 06 14 02 24 20.000000 2  -1.354993461183E-11 -2.265973519933E-11
AR GRAC 2024 06 14 02 24 30.000000 2  -1.401177784910E-11 -4.137186773723E-11
AR GRAC 2024 06 14 02 24 40.000000 2  -1.178271803043E-11 -2.420401552794E-11
AR GRAC 2024 06 14 02 24 50.000000 2  -1.587121753466E-11 -3.367615561412E-11
AR GRAC 2024 06 14 02 25  0.000000 2  -1.758460738133E-11 -1.737830712667E-11
AR GRAC 2024 06 14 02 25 10.000000 2  -1.064199162820E-11 -2.990045364082E-11
AR GRAC 2024 06 14 02 25 20.000000 2  -1.546134748009E-11 -3.249260235871E-11
AR GRAC 2024 06 14 02 25 30.000000 2  -1.241877347485E-11 -3.124476025129E-11
AR GRAC 2024 06 14 02 25 40.000000 2  -1.266065377536E-11 -2.732691677110E-11
AR GRAC 2024 06 14 02 25 50.000000 2  -1.069380434898E-11 -2.046907435216E-11
AR GRAC 2024 06 14 02 26  0.000000 2  -1.279977512869E-11 -2.688123335037E-11
AR GRAC 2024 06 14 02 26 10.000000 2  -1.284515809691E-11 -3.142339860540E-11
AR GRAC 2024 06 14 02 26 20.000000 2  -1.467433639879E-11 -3.992555938637E-11
AR GRAC 2024 06 14 02 26 30.000000 2  -1.201090008701E-11 -1.858772163965E-11
AR GRAC 2024 06 14 02 26 40.000000 2  -1.057460542742E-11 -2.103989031610E-11
AR GRAC 2024 06 14 02 26 50.000000 2  -1.266393934163E-11 -4.402206724152E-11
AR GRAC 2024 06 14 02 27  0.000000 2  -1.535145968679E-11 -3.200422912797E-11
AR GRAC 2024 06 14 02 27 10.000000 2  -9.847018166143E-12 -2.764640773256E-11
AR GRAC 2024 06 14 02 27 20.000000 2  -1.703592128477E-11 -1.893858854463E-11
AR GRAC 2024 06 14 02 27 30.000000 2  -1.143935987602E-11 -2.843076642167E-11
AR GRAC 2024 06 14 02 27 40.000000 2  -1.527290446890E-11 -1.395294556977E-11
AR GRAC 2024 06 14 02 27 50.000000 2  -1.004829552897E-11 -4.383513343975E-11
AR GRAC 2024 06 14 02 28  0.000000 2  -1.336161129656E-11 -1.898731866179E-11
AR GRAC 2024 06 14 02 28 10.000000 2  -1.238260709246E-11 -3.457950245589E-11
AR GRAC 2024 06 14 02 28 20.000000 2  -1.282674053776E-11 -2.960168915545E-11
AR GRAC 2024 06 14 02 28 30.000000 2  -1.325036261268E-11 -1.201387860722E-11
AR GRAC 2024 06 14 02 28 40.000000 2  -1.086081832108E-11 -3.015607555334E-11
AR GRAC 2024 06 14 02 28 50.000000 2  -1.286499379249E-11 -2.261826663463E-11
AR GRAC 2024 06 14 02 29  0.000000 2  -9.680607877816E-12 -2.576046841118E-11
AR GRAC 2024 06 14 02 29 10.000000 2  -1.319605362482E-11 -2.698266610146E-11
AR GRAC 2024 06 14 02 29 20.000000 2  -1.116462478024E-11 -3.262487502376E-11
AR GRAC 2024 06 14 02 29 30.000000 2  -1.202234665987E-11 -3.314707883173E-11
AR GRAC 2024 06 14 02 29 40.000000 2  -5.013192552056E-12 -1.680928313208E-11
AR GRAC 2024 06 14 02 29 50.000000 2  -1.140389779136E-11 -3.124149203226E-11
AR GRAC 2024 06 14 02 30  0.000000 2  -1.169403289480E-11 -3.665370090777E-11
AR GRAC 2024 06 14 02 30 10.000000 2  -9.992009823712E-12 -2.692591115350E-11
AR GRAC 2024 06 14 02 30 20.000000 2  -6.965326752872E-12 -3.208812729416E-11
AR GRAC 2024 06 14 02 30 30.000000 2  -7.453209056874E-12 -1.451034258027E-11
AR GRAC 2024 06 14 02 30 40.000000 2  -1.479819045080E-11 -1.292256319313E-11
AR GRAC 2024 06 14 02 30 50.000000 2  -6.555069421293E-12 -1.414478343481E-11
AR GRAC 2024 06 14 02 31  0.000000 2  -1.065065657196E-11 -4.292700570008E-11
AR GRAC 2024 06 14 02 31 10.000000 2  -9.008005279199E-12 -3.065923903645E-11
AR GRAC 2024 06 14 02 31 20.000000 2  -1.157484351422E-11 -6.821459629797E-12
AR GRAC 2024 06 14 02 31 30.000000 2  -7.292849484031E-12 -3.439369275493E-11
AR GRAC 2024 06 14 02 31 40.000000 2  -1.032635782439E-11 -3.352592162220E-11
AR GRAC 2024 06 14 02 31 50.000000 2  -8.270589942072E-12 -2.249815438116E-11
AR GRAC 2024 06 14 02 32  0.000000 2  -4.845664668129E-12 -1.385039131996E-11
AR GRAC 2024 06 14 02 32 10.000000 2  -1.084167044335E-11 -1.164263043613E-11
AR GRAC 2024 06 14 02 32 20.000000 2  -9.826858944628E-12 -3.471486986761E-11
AR GRAC 2024 06 14 02 32 30.000000 2  -4.111790768979E-12 -3.798711692427E-11
AR GRAC 2024 06 14 02 32 40.000000 2  -6.715906910454E-12 -1.676935847128E-11
AR GRAC 2024 06 14 02 32 50.000000 2  -7.784349553841E-12 -2.268160485819E-11
AR GRAC 2024 06 14 02 33  0.000000 2  -6.342685057725E-12 -2.799385723229E-11
AR GRAC 2024 06 14 02 33 10.000000 2  -3.660320744420E-12 -2.264610200753E-11
AR GRAC 2024 06 14 02 33 20.000000 2  -8.212178333189E-12 -3.314835905766E-11
AR GRAC 2024 06 14 02 33 30.000000 2  -8.934209275169E-12 -7.910613136763E-12
AR GRAC 2024 06 14 02 33 40.000000 2  -9.830561711888E-12 -2.487286765440E-11
AR GRAC 2024 06 14 02 33 50.000000 2  -8.591599653940E-12 -1.352512980085E-11
AR GRAC 2024 06 14 02 34  0.000000 2  -3.990295073530E-12 -2.771739088248E-11
AR GRAC 2024 06 14 02 34 10.000000 2  -4.276298065653E-12 -1.624965266511E-11
AR GRAC 2024 06 14 02 34 20.000000 2  -6.074886253760E-12 -2.917191835317E-11
AR GRAC 2024 06 14 02 34 30.000000 2  -7.759073765434E-12 -1.487418695156E-11
AR GRAC 2024 06 14 02 34 40.000000 2  -1.107100609105E-11 -2.410645814910E-11
AR GRAC 2024 06 14 02 34 50.000000 2  -5.561169580393E-12 -1.846872654809E-11
AR GRAC 2024 06 14 02 35  0.000000 2  -6.219800282453E-12 -1.463100127164E-11
AR GRAC 2024 06 14 02 35 10.000000 2  -3.769675977622E-12 -4.364327996220E-11
AR GRAC 2024 06 14 02 35 20.000000 2  -5.350645707752E-12  1.224443615076E-12
AR GRAC 2024 06 14 02 35 30.000000 2  -5.993304377089E-12 -1.692783760388E-11
AR GRAC 2024 06 14 02 35 40.000000 2  -5.470109174649E-12 -1.664012330704E-11
AR GRAC 2024 06 14 02 35 50.000000 2   4.910492246656E-14 -1.799240444134E-11
AR GRAC 2024 06 14 02 36  0.000000 2  -3.742797304723E-12 -2.286469451274E-11
AR GRAC 2024 06 14 02 36 10.000000 2  -4.141017823783E-12 -7.969831392063E-13
AR GRAC 2024 06 14 02 36 20.000000 2  -6.923361623584E-12 -1.634927436489E-11
AR GRAC 2024 06 14 02 36 30.000000 2  -6.244669278205E-12 -3.185156652319E-11
AR GRAC 2024 06 14 02 36 40.000000 2  -2.936366698836E-13 -1.771386336225E-11
AR GRAC 2024 06 14 02 36 50.000000 2  -4.877644295409E-12 -1.159615892893E-11
AR GRAC 2024 06 14 02 37  0.000000 2  -4.036492494419E-12 -1.019845926459E-11
AR GRAC 2024 06 14 02 37 10.000000 2  -5.655179449726E-12 -1.489076223438E-11
AR GRAC 2024 06 14 02 37 20.000000 2  -4.724469513523E-12 -6.353064775644E-12
AR GRAC 2024 06 14 02 37 30.000000 2  -3.023613043968E-12 -2.711537244737E-11
AR GRAC 2024 06 14 02 37 40.000000 2  -3.685797327069E-12 -2.122767760182E-11
AR GRAC 2024 06 14 02 37 50.000000 2  -3.189264173933E-12  5.040013545399E-12
AR GRAC 2024 06 14 02 38  0.000000 2  -4.689724737023E-12 -2.775230045771E-11
AR GRAC 2024 06 14 02 38 10.000000 2  -1.808111819990E-12 -2.244617686165E-12
AR GRAC 2024 06 14 02 38 20.000000 2   2.954493474958E-13 -2.051693190341E-11
AR GRAC 2024 06 14 02 38 30.000000 2  -3.223937826771E-12 -1.356924989038E-11
AR GRAC 2024 06 14 02 38 40.000000 2   1.083380564079E-12 -1.969157129023E-11
AR GRAC 2024 06 14 02 38 50.000000 2  -6.313558183202E-12 -2.038389596004E-11
AR GRAC 2024 06 14 02 39  0.000000 2  -8.189284753796E-13 -3.606218622332E-12
AR GRAC 2024 06 14 02 39 10.000000 2  -3.940030593452E-12 -1.150854932186E-11
AR GRAC 2024 06 14 02 39 20.000000 2   2.454831476983E-12 -2.290087737500E-11
AR GRAC 2024 06 14 02 39 30.000000 2   1.240935739583E-12 -4.893209101797E-12
AR GRAC 2024 06 14 02 39 40.000000 2  -1.717890153047E-13 -9.855539995218E-12
AR GRAC 2024 06 14 02 39 50.000000 2   4.110264646001E-13 -2.827878990003E-12
AR GRAC 2024 06 14 02 40  0.000000 2  -2.631999219266E-12 -2.255021863684E-11
AR GRAC 2024 06 14 02 40 10.000000 2   9.459227021461E-13 -1.249255646846E-11
AR GRAC 2024 06 14 02 40 20.000000 2   1.733889507666E-12 -7.948994110510E-13
AR GRAC 2024 06 14 02 40 30.000000 2  -4.401017744682E-12 -1.316723986788E-11
AR GRAC 2024 06 14 02 40 40.000000 2  -1.540322773844E-12 -8.799587794539E-12
AR GRAC 2024 06 14 02 40 50.000000 2   1.296743962209E-12 -9.051937151228E-12
AR GRAC 2024 06 14 02 41  0.000000 2  -7.376891523851E-13 -5.454285894463E-12
AR GRAC 2024 06 14 02 41 10.000000 2  -4.398317213911E-12 -9.026638811416E-12
AR GRAC 2024 06 14 02 41 20.000000 2  -1.911952150421E-12  5.921005005738E-12
AR GRAC 2024 06 14 02 41 30.000000 2   2.684163655231E-12 -2.721135296258E-11
AR GRAC 2024 06 14 02 41 40.000000 2   1.247978391634E-12  4.546290861135E-12
AR GRAC 2024 06 14 02 41 50.000000 2  -1.114933340964E-12 -2.066070188197E-12
AR GRAC 2024 06 14 02 42  0.000000 2  -1.173277620892E-12 -1.577843758427E-11
AR GRAC 2024 06 14 02 42 10.000000 2  -3.973510973379E-13  4.289198336782E-12
AR GRAC 2024 06 14 02 42 20.000000 2   9.430959702419E-13 -1.713316814811E-11
AR GRAC 2024 06 14 02 42 30.000000 2   1.885936502452E-12 -9.055369843726E-13
AR GRAC 2024 06 14 02 42 40.000000 2   3.301778989107E-12 -5.907910445579E-12
AR GRAC 2024 06 14 02 42 50.000000 2  -7.546141446088E-13  1.187971596095E-11
AR GRAC 2024 06 14 02 43  0.000000 2   5.748676274592E-12 -1.581266194373E-11
AR GRAC 2024 06 14 02 43 10.000000 2   7.284306079332E-13 -9.375037204884E-12
AR GRAC 2024 06 14 02 43 20.000000 2   3.680444837784E-12 -8.774180383989E-13
AR GRAC 2024 06 14 02 43 30.000000 2   1.769965359173E-12  1.094020013470E-11
AR GRAC 2024 06 14 02 43 40.000000 2   5.132039758438E-12 -1.447218647005E-11
AR GRAC 2024 06 14 02 43 50.000000 2   3.620832203944E-13 -2.284570102540E-12
AR GRAC 2024 06 14 02 44  0.000000 2   1.464943943062E-12  1.206303893581E-11
AR GRAC 2024 06 14 02 44 10.000000 2   2.566199206258E-12  7.800647280898E-12
AR GRAC 2024 06 14 02 44 20.000000 2  -8.178203665492E-13 -9.251742601191E-12
AR GRAC 2024 06 14 02 44 30.000000 2   2.652730249006E-12 -1.237413990718E-11
AR GRAC 2024 06 14 02 44 40.000000 2   2.762831413303E-12  7.043462167677E-12
AR GRAC 2024 06 14 02 44 50.000000 2   1.453446304284E-12  9.291062710859E-12
AR GRAC 2024 06 14 02 45  0.000000 2   4.603336375281E-12 -1.074133577222E-11
AR GRAC 2024 06 14 02 45 10.000000 2   4.733128385753E-12 -8.373962872947E-14
AR GRAC 2024 06 14 02 45 20.000000 2   3.783729406182E-12  1.553385198250E-11
AR GRAC 2024 06 14 02 45 30.000000 2   3.266623733664E-12 -1.487855498528E-11
AR GRAC 2024 06 14 02 45 40.000000 2   5.205042668578E-13  1.792903672748E-11
AR GRAC 2024 06 14 02 45 50.000000 2   5.083083693541E-12 -2.673376494136E-12
AR GRAC 2024 06 14 02 46  0.000000 2   9.986845335083E-13  2.114209198337E-12
AR GRAC 2024 06 14 02 46 10.000000 2   2.019007357135E-12  1.915179126399E-11
AR GRAC 2024 06 14 02 46 20.000000 2   9.387715431408E-12 -4.320625020954E-12
AR GRAC 2024 06 14 02 46 30.000000 2   1.793876191255E-13 -2.830468335841E-13
AR GRAC 2024 06 14 02 46 40.000000 2   3.008930344467E-12  1.033452923932E-11
AR GRAC 2024 06 14 02 46 50.000000 2   6.158423163788E-12  2.280210568972E-11
AR GRAC 2024 06 14 02 47  0.000000 2   4.109342640474E-12 -9.760321890984E-12
AR GRAC 2024 06 14 02 47 10.000000 2   1.429478714218E-12 -2.042751818393E-12
AR GRAC 2024 06 14 02 47 20.000000 2  -4.824024751708E-13  7.244817593066E-12
AR GRAC 2024 06 14 02 47 30.000000 2   1.070654849500E-11  1.913238491247E-11
AR GRAC 2024 06 14 02 47 40.000000 2   5.663601965883E-12  2.749995023366E-11
AR GRAC 2024 06 14 02 47 50.000000 2   4.636853834922E-12 -5.724871531693E-13
AR GRAC 2024 06 14 02 48  0.000000 2   1.036278701738E-12 -5.524929038575E-12
AR GRAC 2024 06 14 02 48 10.000000 2   6.796394176611E-12  2.308263129247E-11
AR GRAC 2024 06 14 02 48 20.000000 2   1.089896489032E-11 -3.289812649729E-12
AR GRAC 2024 06 14 02 48 30.000000 2   8.280365976221E-12  1.614774286507E-11
AR GRAC 2024 06 14 02 48 40.000000 2   7.580987920752E-12  1.046529182758E-11
AR GRAC 2024 06 14 02 48 50.000000 2   9.559058405939E-12  1.837284317741E-11
AR GRAC 2024 06 14 02 49  0.000000 2   2.745874057644E-12 -2.609608276000E-12
AR GRAC 2024 06 14 02 49 10.000000 2   5.166442360732E-12  1.948793557083E-11
AR GRAC 2024 06 14 02 49 20.000000 2   5.180582525466E-12  2.051547993986E-11
AR GRAC 2024 06 14 02 49 30.000000 2   4.659829813680E-12  4.963019144960E-12
AR GRAC 2024 06 14 02 49 40.000000 2   6.294617604929E-12  1.424056012000E-11
AR GRAC 2024 06 14 02 49 50.000000 2   1.251159766069E-11  2.208096119144E-12
AR GRAC 2024 06 14 02 50  0.000000 2   7.746555133470E-12  1.875563246378E-11
AR GRAC 2024 06 14 02 50 10.000000 2   6.711077873978E-12  1.566316520929E-11
AR GRAC 2024 06 14 02 50 20.000000 2   1.071316473034E-11  5.680695063653E-12
AR GRAC 2024 06 14 02 50 30.000000 2   3.918121469632E-12  9.168223472078E-12
AR GRAC 2024 06 14 02 50 40.000000 2   5.942552873395E-12  2.147574826306E-11
AR GRAC 2024 06 14 02 50 50.000000 2   8.118032288063E-12  1.109327386895E-11
AR GRAC 2024 06 14 02 51  0.000000 2   9.771060696662E-12  7.360795133138E-12
AR GRAC 2024 06 14 02 51 10.000000 2   8.211683936998E-12  3.022831637778E-11
AR GRAC 2024 06 14 02 51 20.000000 2   5.679858493257E-12  2.076583523192E-11
AR GRAC 2024 06 14 02 51 30.000000 2   9.440268879113E-12  1.875334956769E-11
AR GRAC 2024 06 14 02 51 40.000000 2   6.505290230108E-12  1.065086300406E-11
AR GRAC 2024 06 14 02 51 50.000000 2   9.976640173714E-12  1.262837664301E-11
AR GRAC 2024 06 14 02 52  0.000000 2   5.568319676880E-12  3.122588299043E-11
AR GRAC 2024 06 14 02 52 10.000000 2   1.013948040113E-11  2.493339042176E-11
AR GRAC 2024 06 14 02 52 20.000000 2   1.208479843973E-11  6.089652572353E-14
AR GRAC 2024 06 14 02 52 30.000000 2   8.408574184160E-12  2.381840211174E-11
AR GRAC 2024 06 14 02 52 40.000000 2   1.040821942522E-11  2.039590198122E-11
AR GRAC 2024 06 14 02 52 50.000000 2   6.916985213767E-12  2.964339884670E-11
AR GRAC 2024 06 14 02 53  0.000000 2   9.452596691495E-12  1.665089767455E-11
AR GRAC 2024 06 14 02 53 10.000000 2   1.267055817905E-11  1.555839138079E-11
AR GRAC 2024 06 14 02 53 20.000000 2   1.098576698361E-11  3.190588418467E-11
AR GRAC 2024 06 14 02 53 30.000000 2   6.534300878158E-12  5.103374754040E-12
AR GRAC 2024 06 14 02 53 40.000000 2   1.016247589553E-11  1.763086378281E-11
AR GRAC 2024 06 14 02 53 50.000000 2   1.003438304670E-11  2.426834948277E-11
AR GRAC 2024 06 14 02 54  0.000000 2   1.215956155209E-11  1.562583396009E-11
AR GRAC 2024 06 14 02 54 10.000000 2   8.867731202122E-12  2.783331551348E-11
AR GRAC 2024 06 14 02 54 20.000000 2   1.193782312586E-11  3.167079445920E-11
AR GRAC 2024 06 14 02 54 30.000000 2   9.716885282507E-12  1.963827191143E-11
AR GRAC 2024 06 14 02 54 40.000000 2   1.306231772052E-11  1.797574762652E-11
AR GRAC 2024 06 14 02 54 50.000000 2   7.191383773197E-12  2.493322041885E-11
AR GRAC 2024 06 14 02 55  0.000000 2   1.054767991698E-11  1.968069110458E-11
AR GRAC 2024 06 14 02 55 10.000000 2   1.195979600077E-11  3.844816132137E-11
AR GRAC 2024 06 14 02 55 20.000000 2   9.531950749542E-12  2.879562734093E-11
AR GRAC 2024 06 14 02 55 30.000000 2   1.331240759989E-11  2.225309346515E-11
AR GRAC 2024 06 14 02 55 40.000000 2   8.343914101316E-12  3.913055643401E-11
AR GRAC 2024 06 14 02 55 50.000000 2   1.454464847173E-11  2.272801565006E-11
AR GRAC 2024 06 14 02 56  0.000000 2   1.069493105188E-11  2.992547182279E-11
AR GRAC 2024 06 14 02 56 10.000000 2   9.595870972823E-12  2.370293197829E-11
AR GRAC 2024 06 14 02 56 20.000000 2   1.060499691535E-11  4.408038517534E-11
AR GRAC 2024 06 14 02 56 30.000000 2   1.132371280077E-11  3.021783864798E-11
AR GRAC 2024 06 14 02 56 40.000000 2   1.213789572324E-11  2.692528838777E-11
AR GRAC 2024 06 14 02 56 50.000000 2   1.347623315023E-11  3.314273508415E-11
AR GRAC 2024 06 14 02 57  0.000000 2   1.066896571089E-11  2.851018032768E-11
AR GRAC 2024 06 14 02 57 10.000000 2   1.483797633373E-11  3.826762517978E-11
AR GRAC 2024 06 14 02 57 20.000000 2   1.081064057717E-11  2.088506624587E-11
AR GRAC 2024 06 14 02 57 30.000000 2   1.668588704706E-11  3.708250720380E-11
AR GRAC 2024 06 14 02 57 40.000000 2   1.213396570721E-11  1.733994198228E-11
AR GRAC 2024 06 14 02 57 50.000000 2   1.467506151320E-11  3.135738196880E-11
AR GRAC 2024 06 14 02 58  0.000000 2   1.445864868804E-11  4.358480937272E-11
AR GRAC 2024 06 14 02 58 10.000000 2   1.167500297827E-11  3.083224300870E-11
AR GRAC 2024 06 14 02 58 20.000000 2   1.110720976999E-11  4.326967256718E-11
AR GRAC 2024 06 14 02 58 30.000000 2   1.493071985492E-11  3.121709488130E-11
AR GRAC 2024 06 14 02 58 40.000000 2   1.603528421157E-11  3.810452300912E-11
AR GRAC 2024 06 14 02 58 50.000000 2   1.352967824580E-11  3.268194395667E-11
AR GRAC 2024 06 14 02 59  0.000000 2   1.203918909010E-11  5.241936745781E-11
AR GRAC 2024 06 14 02 59 10.000000 2   1.375946578897E-11  1.626678479416E-11
AR GRAC 2024 06 14 02 59 20.000000 2   2.008412880450E-11  3.758419964139E-11
AR GRAC 2024 06 14 02 59 30.000000 2   1.438560989081E-11  1.346161376814E-11
AR GRAC 2024 06 14 02 59 40.000000 2   1.654866348122E-11  4.541902617894E-11
AR GRAC 2024 06 14 02 59 50.000000 2   1.439883802468E-11  3.485643371159E-11
AR GRAC 2024 06 14 03 00  0.000000 2   1.651374870182E-11  2.763384313043E-11
AR GRAC 2024 06 14 03 00 10.000000 2   1.204008854422E-11  2.189124749530E-11
AR GRAC 2024 06 14 03 00 20.000000 2   1.959070058954E-11  4.239865403211E-11
AR GRAC 2024 06 14 03 00 30.000000 2   1.452193573726E-11  3.683605157012E-11
AR GRAC 2024 06 14 03 00 40.000000 2   1.793534418204E-11  2.844345245445E-11
AR GRAC 2024 06 14 03 00 50.000000 2   1.587101457201E-11  4.305084760903E-11
AR GRAC 2024 06 14 03 01  0.000000 2   1.422010773022E-11  3.534824516427E-11
AR GRAC 2024 06 14 03 01 10.000000 2   1.904131019526E-11  4.503563841296E-11
AR GRAC 2024 06 14 03 01 20.000000 2   1.706924532274E-11  4.490247756950E-11
AR GRAC 2024 06 14 03 01 30.000000 2   1.532973400997E-11  4.476932019548E-11
AR GRAC 2024 06 14 03 01 40.000000 2   1.808331609454E-11  4.463615588257E-11
AR GRAC 2024 06 14 03 01 50.000000 2   1.967887137966E-11  4.450299503911E-11
AR GRAC 2024 06 14 03 02  0.000000 2   1.848513182801E-11  4.436982725675E-11
AR GRAC 2024 06 14 03 02 10.000000 2   2.053652387035E-11  4.423665947439E-11
AR GRAC 2024 06 14 03 02 20.000000 2   1.708218809460E-11  4.410349169204E-11
AR GRAC 2024 06 14 03 02 30.000000 2   1.664003830559E-11  4.397031697079E-11
AR GRAC 2024 06 14 03 02 40.000000 2   1.547460597162E-11  4.383714571898E-11
AR GRAC 2024 06 14 03 02 50.000000 2   1.466334345612E-11  4.370396752829E-11
AR GRAC 2024 06 14 03 03  0.000000 2   2.052689615506E-11  4.357078933759E-11
AR GRAC 2024 06 14 03 03 10.000000 2   1.770061527906E-11  4.343761114689E-11
AR GRAC 2024 06 14 03 03 20.000000 2   2.054765385617E-11  4.330442601730E-11
AR GRAC 2024 06 14 03 03 30.000000 2   1.614005977479E-11  4.317124088771E-11
AR GRAC 2024 06 14 03 03 40.000000 2   2.029811561888E-11  4.303805575812E-11
AR GRAC 2024 06 14 03 03 50.000000 2   1.889210489436E-11  4.290486368963E-11
AR GRAC 2024 06 14 03 04  0.000000 2   1.936894047927E-11  4.277167509059E-11
AR GRAC 2024 06 14 03 04 10.000000 2   2.051469931430E-11  4.263847955266E-11
AR GRAC 2024 06 14 03 04 20.000000 2   2.181477394558E-11  4.250528748417E-11
AR GRAC 2024 06 14 03 04 30.000000 2   1.896036973259E-11  4.237208847679E-11
AR GRAC 2024 06 14 03 04 40.000000 2   1.657553087842E-11  4.223888946941E-11
AR GRAC 2024 06 14 03 04 50.000000 2   2.115549922743E-11  4.210568699259E-11
AR GRAC 2024 06 14 03 05  0.000000 2   1.784413936057E-11  4.197248451576E-11
AR GRAC 2024 06 14 03 05 10.000000 2   2.234158344439E-11  4.183927856949E-11
AR GRAC 2024 06 14 03 05 20.000000 2   1.742724541065E-11  4.170606915377E-11
AR GRAC 2024 06 14 03 05 30.000000 2   1.655281987867E-11  4.157285973805E-11
AR GRAC 2024 06 14 03 05 40.000000 2   2.026484535733E-11  4.143964685288E-11
AR GRAC 2024 06 14 03 05 50.000000 2   1.519431802599E-11  4.130643396771E-11
AR GRAC 2024 06 14 03 06  0.000000 2   1.944708109825E-11  4.117321414365E-11
AR GRAC 2024 06 14 03 06 10.000000 2   2.114316360879E-11  4.103999778904E-11
AR GRAC 2024 06 14 03 06 20.000000 2   1.774751179351E-11  4.090677449553E-11
AR GRAC 2024 06 14 03 06 30.000000 2   2.081481688399E-11  4.077355467147E-11
AR GRAC 2024 06 14 03 06 40.000000 2   2.183230853048E-11  4.064032790851E-11
AR GRAC 2024 06 14 03 06 50.000000 2   2.287632583364E-11  4.050710114556E-11
AR GRAC 2024 06 14 03 07  0.000000 2   2.258668425903E-11  4.037387091316E-11
AR GRAC 2024 06 14 03 07 10.000000 2   2.213260477668E-11  4.024064068076E-11
AR GRAC 2024 06 14 03 07 20.000000 2   2.354457254161E-11  4.010740697891E-11
AR GRAC 2024 06 14 03 07 30.000000 2   1.937012009123E-11  3.997416980761E-11
AR GRAC 2024 06 14 03 07 40.000000 2   2.329748546859E-11  3.984093263631E-11
AR GRAC 2024 06 14 03 07 50.000000 2   2.694943573855E-11  3.970769199557E-11
AR GRAC 2024 06 14 03 08  0.000000 2   1.979639716043E-11  3.957445135483E-11
AR GRAC 2024 06 14 03 08 10.000000 2   2.341128159389E-11  3.944120377519E-11
AR GRAC 2024 06 14 03 08 20.000000 2   1.988156167476E-11  3.930795966500E-11
AR GRAC 2024 06 14 03 08 30.000000 2   2.605916177290E-11  3.917471208537E-11
AR GRAC 2024 06 14 03 08 40.000000 2   2.222395878437E-11  3.904146103628E-11
AR GRAC 2024 06 14 03 08 50.000000 2   2.594585657434E-11  3.890820998720E-11
AR GRAC 2024 06 14 03 09  0.000000 2   2.470595950044E-11  3.877495199922E-11
AR GRAC 2024 06 14 03 09 10.000000 2   2.275310322097E-11  3.864169748069E-11
AR GRAC 2024 06 14 03 09 20.000000 2   2.495686123039E-11  3.850843602327E-11
AR GRAC 2024 06 14 03 09 30.000000 2   2.274223170895E-11  3.837517456584E-11
AR GRAC 2024 06 14 03 09 40.000000 2   2.214865790773E-11  3.824191310842E-11
AR GRAC 2024 06 14 03 09 50.000000 2   2.935349185940E-11  3.810864818155E-11
AR GRAC 2024 06 14 03 10  0.000000 2   2.422027162163E-11  3.797537978523E-11
AR GRAC 2024 06 14 03 10 10.000000 2   2.584910237247E-11  3.784211138891E-11
AR GRAC 2024 06 14 03 10 20.000000 2   2.512039708191E-11  3.770883952314E-11
AR GRAC 2024 06 14 03 10 30.000000 2   2.313087395234E-11  3.757556765738E-11
AR GRAC 2024 06 14 03 10 40.000000 2   2.750486297054E-11  4.259749844526E-11
AR GRAC 2024 06 14 03 10 50.000000 2   2.437947933809E-11  4.309971823879E-11
AR GRAC 2024 06 14 03 11  0.000000 2   2.732139514627E-11  4.479898396692E-11
AR GRAC 2024 06 14 03 11 10.000000 2   2.754847912290E-11  3.695099781709E-11
AR GRAC 2024 06 14 03 11 20.000000 2   2.604193596878E-11  4.477791401558E-11
AR GRAC 2024 06 14 03 11 30.000000 2   2.310115640447E-11  4.071016440621E-11
AR GRAC 2024 06 14 03 11 40.000000 2   2.627817061174E-11  4.168711556507E-11
AR GRAC 2024 06 14 03 11 50.000000 2   2.298595168371E-11  3.566729203652E-11
AR GRAC 2024 06 14 03 12  0.000000 2   2.529638998272E-11  4.154124613742E-11
AR GRAC 2024 06 14 03 12 10.000000 2   2.198236905004E-11  3.817889060453E-11
AR GRAC 2024 06 14 03 12 20.000000 2   2.831495281297E-11  3.612712906609E-11
AR GRAC 2024 06 14 03 12 30.000000 2   2.625990744298E-11  3.659877956252E-11
AR GRAC 2024 06 14 03 12 40.000000 2   2.511804132743E-11  3.854106270240E-11
AR GRAC 2024 06 14 03 12 50.000000 2   2.492622080963E-11  4.336650830106E-11
AR GRAC 2024 06 14 03 13  0.000000 2   2.814931794604E-11  3.609891205403E-11
AR GRAC 2024 06 14 03 13 10.000000 2   2.763031643760E-11  4.157582958464E-11
AR GRAC 2024 06 14 03 13 20.000000 2   2.364999689142E-11  4.457465993535E-11
AR GRAC 2024 06 14 03 13 30.000000 2   3.158453706908E-11  3.951066210317E-11
AR GRAC 2024 06 14 03 13 40.000000 2   2.924151545902E-11  4.025017819043E-11
AR GRAC 2024 06 14 03 13 50.000000 2   2.582474685486E-11  3.739501763800E-11
AR GRAC 2024 06 14 03 14  0.000000 2   2.466246998289E-11  3.941628620718E-11
AR GRAC 2024 06 14 03 14 10.000000 2   2.880781377335E-11  4.545753357066E-11
AR GRAC 2024 06 14 03 14 20.000000 2   3.050851585251E-11  3.107916007883E-11
AR GRAC 2024 06 14 03 14 30.000000 2   2.797343606753E-11  3.733648459847E-11
AR GRAC 2024 06 14 03 14 40.000000 2   2.382505130682E-11  4.118036814327E-11
AR GRAC 2024 06 14 03 14 50.000000 2   3.225863326461E-11  4.741646311701E-11
AR GRAC 2024 06 14 03 15  0.000000 2   2.278160125824E-11  3.051783131758E-11
AR GRAC 2024 06 14 03 15 10.000000 2   2.574640153852E-11  4.595859803835E-11
AR GRAC 2024 06 14 03 15 20.000000 2   2.666586743083E-11  3.082321897718E-11
AR GRAC 2024 06 14 03 15 30.000000 2   2.717384824102E-11  4.812358844752E-11
AR GRAC 2024 06 14 03 15 40.000000 2   2.670645475600E-11  4.330063738123E-11
AR GRAC 2024 06 14 03 15 50.000000 2   2.950886063280E-11  4.477961404459E-11
AR GRAC 2024 06 14 03 16  0.000000 2   3.082710475777E-11  2.876838697818E-11
AR GRAC 2024 06 14 03 16 10.000000 2   2.867702603160E-11  4.109167867083E-11
AR GRAC 2024 06 14 03 16 20.000000 2   2.712360024082E-11  4.931243607897E-11
AR GRAC 2024 06 14 03 16 30.000000 2   2.652220630617E-11  3.811639545659E-11
AR GRAC 2024 06 14 03 16 40.000000 2   3.199271750298E-11  5.586044474204E-11
AR GRAC 2024 06 14 03 16 50.000000 2   2.490980338665E-11  4.305126394266E-11
AR GRAC 2024 06 14 03 17  0.000000 2   2.877350094299E-11  3.138446447171E-11
AR GRAC 2024 06 14 03 17 10.000000 2   2.892761551132E-11  4.110761384069E-11
AR GRAC 2024 06 14 03 17 20.000000 2   2.762317284632E-11  4.946614992618E-11
AR GRAC 2024 06 14 03 17 30.000000 2   2.453908257150E-11  3.573639648091E-11
AR GRAC 2024 06 14 03 17 40.000000 2   2.908425410231E-11  3.895109929042E-11
AR GRAC 2024 06 14 03 17 50.000000 2   2.822314257300E-11  3.649951868523E-11
AR GRAC 2024 06 14 03 18  0.000000 2   2.652063638142E-11  3.176119089954E-11
AR GRAC 2024 06 14 03 18 10.000000 2   3.007503274199E-11  4.723379673499E-11
AR GRAC 2024 06 14 03 18 20.000000 2   2.903543031008E-11  4.822938923232E-11
AR GRAC 2024 06 14 03 18 30.000000 2   2.232286577808E-11  2.467737125755E-11
AR GRAC 2024 06 14 03 18 40.000000 2   2.828352656248E-11  3.387857008819E-11
AR GRAC 2024 06 14 03 18 50.000000 2   2.302043798641E-11  4.109875981206E-11
AR GRAC 2024 06 14 03 19  0.000000 2   2.906382599865E-11  4.942907541605E-11
AR GRAC 2024 06 14 03 19 10.000000 2   2.883094978035E-11  5.393708743529E-11
AR GRAC 2024 06 14 03 19 20.000000 2   2.259011207262E-11  3.099298248599E-11
AR GRAC 2024 06 14 03 19 30.000000 2   2.553256044091E-11  3.271114282222E-11
AR GRAC 2024 06 14 03 19 40.000000 2   2.601319853968E-11  5.694117399813E-11
AR GRAC 2024 06 14 03 19 50.000000 2   2.698965356762E-11  4.184513152650E-11
AR GRAC 2024 06 14 03 20  0.000000 2   2.447625956081E-11  4.860330540812E-11
AR GRAC 2024 06 14 03 20 10.000000 2   2.757549570631E-11  3.834546569159E-11
AR GRAC 2024 06 14 03 20 20.000000 2   2.620233023609E-11  3.823865529773E-11
AR GRAC 2024 06 14 03 20 30.000000 2   2.405590830701E-11  3.547079990840E-11
AR GRAC 2024 06 14 03 20 40.000000 2   2.371200458207E-11  4.556234556308E-11
AR GRAC 2024 06 14 03 20 50.000000 2   2.515116413748E-11  4.257398947272E-11
AR GRAC 2024 06 14 03 21  0.000000 2   2.583994997141E-11  5.088092794314E-11
AR GRAC 2024 06 14 03 21 10.000000 2   2.164338500088E-11  2.869816710660E-11
AR GRAC 2024 06 14 03 21 20.000000 2   2.570807282332E-11  3.596650408055E-11
AR GRAC 2024 06 14 03 21 30.000000 2   2.487177651334E-11  4.948253959358E-11
AR GRAC 2024 06 14 03 21 40.000000 2   2.486467108598E-11  5.296466737414E-11
AR GRAC 2024 06 14 03 21 50.000000 2   2.040175493823E-11  2.967260118170E-11
AR GRAC 2024 06 14 03 22  0.000000 2   2.318922311118E-11  5.240242961779E-11
AR GRAC 2024 06 14 03 22 10.000000 2   2.795044404258E-11  4.597025191067E-11
AR GRAC 2024 06 14 03 22 20.000000 2   2.451172424756E-11  4.419197646710E-11
AR GRAC 2024 06 14 03 22 30.000000 2   1.986626835260E-11  4.489509805583E-11
AR GRAC 2024 06 14 03 22 40.000000 2   2.573431918951E-11  4.948861459519E-11
AR GRAC 2024 06 14 03 22 50.000000 2   2.675357331505E-11  4.854673260613E-11
AR GRAC 2024 06 14 03 23  0.000000 2   2.406803575883E-11  1.841504726485E-11
AR GRAC 2024 06 14 03 23 10.000000 2   2.514002547804E-11  3.860796057853E-11
AR GRAC 2024 06 14 03 23 20.000000 2   2.620051918478E-11  4.664087172035E-11
AR GRAC 2024 06 14 03 23 30.000000 2   2.152401347433E-11  5.402697733636E-11
AR GRAC 2024 06 14 03 23 40.000000 2   1.975507951668E-11  3.963658568029E-11
AR GRAC 2024 06 14 03 23 50.000000 2   2.038217858380E-11  3.568328965642E-11
AR GRAC 2024 06 14 03 24  0.000000 2   2.547996015567E-11  3.949409202453E-11
AR GRAC 2024 06 14 03 24 10.000000 2   2.365097527546E-11  3.528539266329E-11
AR GRAC 2024 06 14 03 24 20.000000 2   2.272115481872E-11  5.176818695940E-11
AR GRAC 2024 06 14 03 24 30.000000 2   1.859465879883E-11  4.478988707701E-11
AR GRAC 2024 06 14 03 24 40.000000 2   2.254333698881E-11  3.432447728824E-11
AR GRAC 2024 06 14 03 24 50.000000 2   2.486935657409E-11  3.706056989072E-11
AR GRAC 2024 06 14 03 25  0.000000 2   1.671649450807E-11  4.480586388023E-11
AR GRAC 2024 06 14 03 25 10.000000 2   1.830152696058E-11  3.576964766050E-11
AR GRAC 2024 06 14 03 25 20.000000 2   2.376002693205E-11  4.193313404843E-11
AR GRAC 2024 06 14 03 25 30.000000 2   2.172585202020E-11  4.222111549268E-11
AR GRAC 2024 06 14 03 25 40.000000 2   2.109289479191E-11  3.038659601717E-11
AR GRAC 2024 06 14 03 25 50.000000 2   2.005769855762E-11  4.619257407135E-11
AR GRAC 2024 06 14 03 26  0.000000 2   1.669105131885E-11  3.499595405132E-11
AR GRAC 2024 06 14 03 26 10.000000 2   2.468878920747E-11  4.149642782170E-11
AR GRAC 2024 06 14 03 26 20.000000 2   2.008963308209E-11  5.000540259648E-11
AR GRAC 2024 06 14 03 26 30.000000 2   1.797084876742E-11  3.025387232403E-11
AR GRAC 2024 06 14 03 26 40.000000 2   1.413035053549E-11  3.193063868867E-11
AR GRAC 2024 06 14 03 26 50.000000 2   1.805862230586E-11  3.708160514759E-11
AR GRAC 2024 06 14 03 27  0.000000 2   1.951563043112E-11  3.550146635001E-11
AR GRAC 2024 06 14 03 27 10.000000 2   1.737134741608E-11  3.655432900818E-11
AR GRAC 2024 06 14 03 27 20.000000 2   1.857196514632E-11  4.908849021712E-11
AR GRAC 2024 06 14 03 27 30.000000 2   1.611686999137E-11  2.016234748603E-11
AR GRAC 2024 06 14 03 27 40.000000 2   1.959133376361E-11  3.463180436869E-11
AR GRAC 2024 06 14 03 27 50.000000 2   1.693852176576E-11  3.055775424365E-11
AR GRAC 2024 06 14 03 28  0.000000 2   1.295332070772E-11  5.548540793487E-11
AR GRAC 2024 06 14 03 28 10.000000 2   1.785964258427E-11  3.711825638519E-11
AR GRAC 2024 06 14 03 28 20.000000 2   1.542773200858E-11  3.035640142035E-11
AR GRAC 2024 06 14 03 28 30.000000 2   1.197475191922E-11  3.903424805607E-11
AR GRAC 2024 06 14 03 28 40.000000 2   1.128636940850E-11  3.625628963722E-11
AR GRAC 2024 06 14 03 28 50.000000 2   1.810661516555E-11  2.573153148888E-11
AR GRAC 2024 06 14 03 29  0.000000 2   1.070222382937E-11  3.951956817350E-11
AR GRAC 2024 06 14 03 29 10.000000 2   1.809012314946E-11  3.043620910859E-11
AR GRAC 2024 06 14 03 29 20.000000 2   1.233286476415E-11  3.209633947510E-11
AR GRAC 2024 06 14 03 29 30.000000 2   1.499276570949E-11  3.756287295098E-11
AR GRAC 2024 06 14 03 29 40.000000 2   1.428853736718E-11  3.473080503746E-11
AR GRAC 2024 06 14 03 29 50.000000 2   1.116078236774E-11  5.282322843025E-11
AR GRAC 2024 06 14 03 30  0.000000 2   1.267903230323E-11  2.605755715368E-11
AR GRAC 2024 06 14 03 30 10.000000 2   1.410846179467E-11  3.104837914547E-11
AR GRAC 2024 06 14 03 30 20.000000 2   1.224459075799E-11  3.739149961879E-11
AR GRAC 2024 06 14 03 30 30.000000 2   1.068085377087E-11  1.985132197513E-11
AR GRAC 2024 06 14 03 30 40.000000 2   1.351418456308E-11  1.816643883934E-11
AR GRAC 2024 06 14 03 30 50.000000 2   1.208888631560E-11  4.080225393666E-11
AR GRAC 2024 06 14 03 31  0.000000 2   1.035785433118E-11  3.668146689173E-11
AR GRAC 2024 06 14 03 31 10.000000 2   9.783510807049E-12  2.458147747852E-11
AR GRAC 2024 06 14 03 31 20.000000 2   1.015925191195E-11  3.615188703954E-11
AR GRAC 2024 06 14 03 31 30.000000 2   1.269671260490E-11  3.333649328807E-11
AR GRAC 2024 06 14 03 31 40.000000 2   7.067265175853E-12  2.305649768330E-11
AR GRAC 2024 06 14 03 31 50.000000 2   1.223834401876E-11  3.351370223004E-11
AR GRAC 2024 06 14 03 32  0.000000 2   8.987460081711E-12  4.078900064930E-11
AR GRAC 2024 06 14 03 32 10.000000 2   1.230755254655E-11  3.049269864386E-11
AR GRAC 2024 06 14 03 32 20.000000 2   6.616864608316E-12  1.950729508482E-11
AR GRAC 2024 06 14 03 32 30.000000 2   7.335648581630E-12  4.552308877082E-11
AR GRAC 2024 06 14 03 32 40.000000 2   7.297019759267E-12  2.908948082414E-11
AR GRAC 2024 06 14 03 32 50.000000 2   9.600808863197E-12  2.216416980505E-11
AR GRAC 2024 06 14 03 33  0.000000 2   7.935307792806E-12  3.602165787875E-11
AR GRAC 2024 06 14 03 33 10.000000 2   7.158700281867E-12  5.363734456587E-11
AR GRAC 2024 06 14 03 33 20.000000 2   5.921431314032E-12  2.079842548186E-11
AR GRAC 2024 06 14 03 33 30.000000 2   4.097127585118E-12  1.144430904210E-11
AR GRAC 2024 06 14 03 33 40.000000 2   6.411694092323E-12  3.822318850322E-11
AR GRAC 2024 06 14 03 33 50.000000 2   4.289314563255E-12  4.031626421597E-11
AR GRAC 2024 06 14 03 34  0.000000 2   6.075813897138E-12  3.705083809202E-11
AR GRAC 2024 06 14 03 34 10.000000 2   6.091533961278E-12  3.434631051791E-11
AR GRAC 2024 06 14 03 34 20.000000 2   4.515458319754E-12  2.270258286918E-11
AR GRAC 2024 06 14 03 34 30.000000 2   4.385049615085E-12  2.883925043218E-11
AR GRAC 2024 06 14 03 34 40.000000 2  -7.570195691012E-14  1.786601769305E-11
AR GRAC 2024 06 14 03 34 50.000000 2   2.035302265266E-12  2.313028241163E-11
AR GRAC 2024 06 14 03 35  0.000000 2   7.288985387488E-12  3.248604510397E-11
AR GRAC 2024 06 14 03 35 10.000000 2   3.225501679985E-12  3.385600133576E-11
AR GRAC 2024 06 14 03 35 20.000000 2  -1.637243292330E-12  3.560796102420E-11
AR GRAC 2024 06 14 03 35 30.000000 2   3.905768937440E-13  1.649041840579E-11
AR GRAC 2024 06 14 03 35 40.000000 2   3.319605224386E-12  3.056366965071E-11
AR GRAC 2024 06 14 03 35 50.000000 2   1.165059151584E-12  2.760122165546E-11
AR GRAC 2024 06 14 03 36  0.000000 2  -1.767274044120E-12  3.847157314940E-11
AR GRAC 2024 06 14 03 36 10.000000 2   4.871768353315E-12  1.029472080499E-11
AR GRAC 2024 06 14 03 36 20.000000 2  -3.846663872847E-12  2.776176510899E-11
AR GRAC 2024 06 14 03 36 30.000000 2   5.999795278655E-12  3.510010684882E-11
AR GRAC 2024 06 14 03 36 40.000000 2  -3.258750691168E-12  3.426305072995E-11
AR GRAC 2024 06 14 03 36 50.000000 2  -4.835653145269E-12  1.173208839106E-11
AR GRAC 2024 06 14 03 37  0.000000 2   4.609421026293E-13  2.790382334916E-11
AR GRAC 2024 06 14 03 37 10.000000 2  -1.654562446253E-12  3.034305792737E-11
AR GRAC 2024 06 14 03 37 20.000000 2  -1.866165208475E-12  1.969028932958E-11
AR GRAC 2024 06 14 03 37 30.000000 2   8.332563697193E-13  1.478362224305E-11
AR GRAC 2024 06 14 03 37 40.000000 2  -2.089065248914E-12  2.577215003907E-11
AR GRAC 2024 06 14 03 37 50.000000 2  -2.625521978647E-12  2.934027673596E-11
AR GRAC 2024 06 14 03 38  0.000000 2  -3.436299855775E-12  1.036219981349E-11
AR GRAC 2024 06 14 03 38 10.000000 2  -2.540195918194E-12  3.951922990242E-12
AR GRAC 2024 06 14 03 38 20.000000 2  -6.365873973790E-12  2.779964106137E-11
AR GRAC 2024 06 14 03 38 30.000000 2  -8.487436448101E-12  1.356905907079E-11
AR GRAC 2024 06 14 03 38 40.000000 2  -5.916293930458E-12  2.092627460204E-11
AR GRAC 2024 06 14 03 38 50.000000 2  -1.406379895354E-12  1.367898763011E-11
AR GRAC 2024 06 14 03 39  0.000000 2  -5.090600684043E-12  2.783599739598E-11
AR GRAC 2024 06 14 03 39 10.000000 2  -5.176430464826E-12  1.746460788488E-11
AR GRAC 2024 06 14 03 39 20.000000 2  -8.957979323598E-12  6.302717028839E-12
AR GRAC 2024 06 14 03 39 30.000000 2  -7.793091692798E-12  1.113362093491E-11
AR GRAC 2024 06 14 03 39 40.000000 2  -3.613464779131E-12  2.083452334267E-11
AR GRAC 2024 06 14 03 39 50.000000 2  -3.369401112285E-12  1.802272220353E-11
AR GRAC 2024 06 14 03 40  0.000000 2  -6.491210780696E-12  2.278852107018E-11
AR GRAC 2024 06 14 03 40 10.000000 2  -5.596731845331E-12  4.528419306205E-12
AR GRAC 2024 06 14 03 40 20.000000 2  -1.113095900174E-11  2.463031167910E-11
AR GRAC 2024 06 14 03 40 30.000000 2  -5.463832511432E-12  1.315490598397E-11
AR GRAC 2024 06 14 03 40 40.000000 2  -1.088480867939E-11  1.183139523853E-11
AR GRAC 2024 06 14 03 40 50.000000 2  -1.020985379574E-11  1.225308396413E-11
AR GRAC 2024 06 14 03 41  0.000000 2  -8.413966572085E-12  8.814695392871E-13
AR GRAC 2024 06 14 03 41 10.000000 2  -9.374471685031E-12  2.831575078577E-11
AR GRAC 2024 06 14 03 41 20.000000 2  -7.490506478969E-12  1.715043385087E-11
AR GRAC 2024 06 14 03 41 30.000000 2  -1.554254121239E-11  1.610571224997E-11
AR GRAC 2024 06 14 03 41 40.000000 2  -8.798456754833E-12  1.587478933029E-11
AR GRAC 2024 06 14 03 41 50.000000 2  -1.255320760535E-11  9.270666699590E-12
AR GRAC 2024 06 14 03 42  0.000000 2  -8.440369930751E-12  2.646339961401E-12
AR GRAC 2024 06 14 03 42 10.000000 2  -7.741515761772E-12  1.850021004446E-11
AR GRAC 2024 06 14 03 42 20.000000 2  -1.208482879739E-11  1.304027805876E-11
AR GRAC 2024 06 14 03 42 30.000000 2  -1.009799188711E-11  1.809704469613E-11
AR GRAC 2024 06 14 03 42 40.000000 2  -1.555961089139E-11  1.454208715251E-12
AR GRAC 2024 06 14 03 42 50.000000 2  -1.460812547316E-11  1.468277062433E-11
AR GRAC 2024 06 14 03 43  0.000000 2  -1.094206062563E-11 -3.854168286604E-12
AR GRAC 2024 06 14 03 43 10.000000 2  -1.119015297091E-11  1.886389135175E-11
AR GRAC 2024 06 14 03 43 20.000000 2  -8.738022458377E-12 -4.057853011941E-12
AR GRAC 2024 06 14 03 43 30.000000 2  -1.092739700809E-11  2.365300143248E-11
AR GRAC 2024 06 14 03 43 40.000000 2  -1.442741412450E-11  4.728532561164E-13
AR GRAC 2024 06 14 03 43 50.000000 2  -1.446793206072E-11 -7.524981072288E-13
AR GRAC 2024 06 14 03 44  0.000000 2  -1.187541297937E-11  1.539444960397E-11
AR GRAC 2024 06 14 03 44 10.000000 2  -1.483585823636E-11  9.808894148311E-12
AR GRAC 2024 06 14 03 44 20.000000 2  -1.442405049568E-11  4.681639190901E-12
AR GRAC 2024 06 14 03 44 30.000000 2  -1.471145948118E-11  8.053797429311E-13
AR GRAC 2024 06 14 03 44 40.000000 2  -1.563235825508E-11  2.847517794474E-12
AR GRAC 2024 06 14 03 44 50.000000 2  -1.342740155175E-11  1.237795543146E-11
AR GRAC 2024 06 14 03 45  0.000000 2  -1.740398623828E-11 -3.293508478094E-12
AR GRAC 2024 06 14 03 45 10.000000 2  -1.643002574270E-11  1.017892367616E-11
AR GRAC 2024 06 14 03 45 20.000000 2  -1.709568250852E-11  3.507753983112E-12
AR GRAC 2024 06 14 03 45 30.000000 2  -1.912959200767E-11 -7.584165500479E-13
AR GRAC 2024 06 14 03 45 40.000000 2  -1.073197346962E-11 -9.499992806306E-12
AR GRAC 2024 06 14 03 45 50.000000 2  -1.500408131072E-11  1.032633180353E-11
AR GRAC 2024 06 14 03 46  0.000000 2  -1.499842090802E-11  1.115715592831E-11
AR GRAC 2024 06 14 03 46 10.000000 2  -2.125201750691E-11 -6.543426391004E-12
AR GRAC 2024 06 14 03 46 20.000000 2  -1.926371388794E-11  1.682959327454E-11
AR GRAC 2024 06 14 03 46 30.000000 2  -1.470773676460E-11 -1.174459141051E-11
AR GRAC 2024 06 14 03 46 40.000000 2  -1.783566870583E-11  8.988023866840E-12
AR GRAC 2024 06 14 03 46 50.000000 2  -1.941630016489E-11 -1.197406583608E-11
AR GRAC 2024 06 14 03 47  0.000000 2  -1.869861730730E-11  9.535344736022E-12
AR GRAC 2024 06 14 03 47 10.000000 2  -1.426014081124E-11  9.586849543386E-12
AR GRAC 2024 06 14 03 47 20.000000 2  -2.121827019641E-11 -7.549444576427E-12
AR GRAC 2024 06 14 03 47 30.000000 2  -2.013166022774E-11 -1.603842384422E-12
AR GRAC 2024 06 14 03 47 40.000000 2  -1.366954032606E-11 -6.226338888915E-12
AR GRAC 2024 06 14 03 47 50.000000 2  -1.193985361969E-11 -2.112842453078E-12
AR GRAC 2024 06 14 03 48  0.000000 2  -2.111497608703E-11  9.284155909339E-12
AR GRAC 2024 06 14 03 48 10.000000 2  -2.050067580972E-11 -3.925551290279E-12
AR GRAC 2024 06 14 03 48 20.000000 2  -1.654909542737E-11 -1.354535667658E-11
AR GRAC 2024 06 14 03 48 30.000000 2  -2.023262807294E-11 -1.553868578946E-12
AR GRAC 2024 06 14 03 48 40.000000 2  -1.833602714107E-11 -3.621780176113E-12
AR GRAC 2024 06 14 03 48 50.000000 2  -1.447900913748E-11 -1.446894470555E-12
AR GRAC 2024 06 14 03 49  0.000000 2  -2.058512908742E-11 -3.683609840766E-12
AR GRAC 2024 06 14 03 49 10.000000 2  -1.660024548378E-11 -1.164392627456E-11
AR GRAC 2024 06 14 03 49 20.000000 2  -2.017482708672E-11 -1.472235007516E-11
AR GRAC 2024 06 14 03 49 30.000000 2  -1.692189097180E-11 -2.035570280043E-12
AR GRAC 2024 06 14 03 49 40.000000 2  -1.989827573545E-11  3.499306096624E-12
AR GRAC 2024 06 14 03 49 50.000000 2  -1.811685176878E-11 -1.113532009656E-11
