 2.00 C RINEX VERSION / TYPE
 10.00 INTERVAL
 1 AR # / TYPES OF DATA
 END OF HEADER
AR GRAC 2024 06 12 01 50  0.000000 2  -1.573682850697E-11 -2.352076172718E-11
AR GRAC 2024 06 12 01 50 10.000000 2  -1.870044223640E-11 -1.086684128099E-11
AR GRAC 2024 06 12 01 50 20.000000 2  -1.456713222270E-11 -2.255292133602E-11
AR GRAC 2024 06 12 01 50 30.000000 2  -1.615821539069E-11 -2.874899970862E-11
AR GRAC 2024 06 12 01 50 40.000000 2  -1.516765879561E-11 -2.678507762810E-11
AR GRAC 2024 06 12 01 50 50.000000 2  -1.585468561993E-11 -7.241159928617E-12
AR GRAC 2024 06 12 01 51  0.000000 2  -1.879484935741E-11 -2.842724146357E-11
AR GRAC 2024 06 12 01 51 10.000000 2  -1.727928564121E-11 -8.223323931522E-12
AR GRAC 2024 06 12 01 51 20.000000 2  -2.097951500024E-11 -1.656940556982E-11
AR GRAC 2024 06 12 01 51 30.000000 2  -1.474065314255E-11 -4.911548945330E-11
AR GRAC 2024 06 12 01 51 40.000000 2  -1.602315675975E-11 -3.161157446918E-11
AR GRAC 2024 06 12 01 51 50.000000 2  -1.966694515576E-11 -2.559765940879E-11
AR GRAC 2024 06 12 01 52  0.000000 2  -1.835040279452E-11 -2.406374578767E-11
AR GRAC 2024 06 12 01 52 10.000000 2  -1.669211296962E-11 -2.214983231552E-11
AR GRAC 2024 06 12 01 52 20.000000 2  -1.666744346707E-11 -8.475920486306E-12
AR GRAC 2024 06 12 01 52 30.000000 2  -1.869260822518E-11 -3.562200881491E-11
AR GRAC 2024 06 12 01 52 40.000000 2  -1.893256211527E-11 -2.021809455965E-11
AR GRAC 2024 06 12 01 52 50.000000 2  -1.604756084961E-11 -3.374418799940E-11
AR GRAC 2024 06 12 01 53  0.000000 2  -1.560686475888E-11  4.859724601902E-12
AR GRAC 2024 06 12 01 53 10.000000 2  -1.520086487239E-11 -1.912636715673E-11
AR GRAC 2024 06 12 01 53 20.000000 2  -1.766259360991E-11 -2.063245928274E-11
AR GRAC 2024 06 12 01 53 30.000000 2  -1.547705713589E-11 -3.150855271139E-11
AR GRAC 2024 06 12 01 53 40.000000 2  -1.368797002826E-11 -6.954645193069E-12
AR GRAC 2024 06 12 01 53 50.000000 2  -1.969443878813E-11 -1.689073880762E-11
AR GRAC 2024 06 12 01 54  0.000000 2  -1.730446862191E-11 -2.898683203190E-11
AR GRAC 2024 06 12 01 54 10.000000 2  -1.851979160306E-11 -4.862929069843E-12
AR GRAC 2024 06 12 01 54 20.000000 2  -1.765630697204E-11 -2.542902520497E-11
AR GRAC 2024 06 12 01 54 30.000000 2  -1.533153812239E-11 -2.176512269025E-11
AR GRAC 2024 06 12 01 54 40.000000 2  -1.625018175577E-11 -2.227122132548E-11
AR GRAC 2024 06 12 01 54 50.000000 2  -1.680638093970E-11 -2.527731843283E-11
AR GRAC 2024 06 12 01 55  0.000000 2  -1.631042176320E-11 -2.434341790647E-11
AR GRAC 2024 06 12 01 55 10.000000 2  -1.546665573393E-11 -8.609517612723E-12
AR GRAC 2024 06 12 01 55 20.000000 2  -1.163965278328E-11 -2.392561669617E-11
AR GRAC 2024 06 12 01 55 30.000000 2  -1.651891644305E-11 -2.660172082614E-11
AR GRAC 2024 06 12 01 55 40.000000 2  -1.656409211181E-11 -7.587820996524E-12
AR GRAC 2024 06 12 01 55 50.000000 2  -1.638036407903E-11 -2.969392440266E-11
AR GRAC 2024 06 12 01 56  0.000000 2  -1.555872965187E-11 -1.943002703175E-11
AR GRAC 2024 06 12 01 56 10.000000 2  -1.478351989437E-11 -2.626613163081E-11
AR GRAC 2024 06 12 01 56 20.000000 2  -1.650747594173E-11 -1.676223569669E-11
AR GRAC 2024 06 12 01 56 30.000000 2  -1.344588676511E-11 -8.748342328335E-12
AR GRAC 2024 06 12 01 56 40.000000 2  -1.184011135663E-11 -1.578444840111E-11
AR GRAC 2024 06 12 01 56 50.000000 2  -1.706152406855E-11 -1.360055557759E-11
AR GRAC 2024 06 12 01 57  0.000000 2  -1.754016897004E-11 -2.170666250911E-11
AR GRAC 2024 06 12 01 57 10.000000 2  -1.453161462689E-11 -2.934277126831E-11
AR GRAC 2024 06 12 01 57 20.000000 2  -1.484553105446E-11 -6.338880809142E-12
AR GRAC 2024 06 12 01 57 30.000000 2  -1.499871060684E-11 -8.054991569584E-12
AR GRAC 2024 06 12 01 57 40.000000 2  -1.502773946949E-11 -2.776110244462E-11
AR GRAC 2024 06 12 01 57 50.000000 2  -1.336951903352E-11 -8.197212873762E-12
AR GRAC 2024 06 12 01 58  0.000000 2  -1.138568319486E-11 -5.933325445545E-12
AR GRAC 2024 06 12 01 58 10.000000 2  -1.580942494972E-11 -1.456943940492E-11
AR GRAC 2024 06 12 01 58 20.000000 2  -1.203075399719E-11 -1.576555205829E-11
AR GRAC 2024 06 12 01 58 30.000000 2  -1.317654058780E-11 -2.941666224845E-12
AR GRAC 2024 06 12 01 58 40.000000 2  -1.390689213093E-11 -2.291778225527E-11
AR GRAC 2024 06 12 01 58 50.000000 2  -1.516221002917E-11 -7.043897583270E-12
AR GRAC 2024 06 12 01 59  0.000000 2  -1.358855302586E-11 -1.471001445652E-11
AR GRAC 2024 06 12 01 59 10.000000 2  -1.043728124761E-11 -8.876131600555E-12
AR GRAC 2024 06 12 01 59 20.000000 2  -1.407220694138E-11 -1.586225074901E-11
AR GRAC 2024 06 12 01 59 30.000000 2  -1.292956366972E-11 -1.523836959394E-11
AR GRAC 2024 06 12 01 59 40.000000 2  -1.278247820091E-11 -1.774489517999E-12
AR GRAC 2024 06 12 01 59 50.000000 2  -1.233392294547E-11 -1.848060940390E-11
AR GRAC 2024 06 12 02 00  0.000000 2  -1.282040966444E-11 -9.756730146027E-12
AR GRAC 2024 06 12 02 00 10.000000 2  -1.299789963161E-11  8.471478726846E-13
AR GRAC 2024 06 12 02 00 20.000000 2  -1.301966260497E-11 -1.436897476004E-11
AR GRAC 2024 06 12 02 00 30.000000 2  -1.207971309786E-11 -4.335097818914E-12
AR GRAC 2024 06 12 02 00 40.000000 2  -1.160566868302E-11 -4.178122084419E-11
AR GRAC 2024 06 12 02 00 50.000000 2  -1.039237012418E-11 -1.077734689686E-11
AR GRAC 2024 06 12 02 01  0.000000 2  -1.131138325366E-11  1.922652835551E-11
AR GRAC 2024 06 12 02 01 10.000000 2  -1.051249799017E-11  1.942040105118E-11
AR GRAC 2024 06 12 02 01 20.000000 2  -8.981435387079E-12  7.574272806177E-12
AR GRAC 2024 06 12 02 01 30.000000 2  -1.259453739216E-11 -2.412185208522E-11
AR GRAC 2024 06 12 02 01 40.000000 2  -9.352098088999E-12  2.566201764975E-11
AR GRAC 2024 06 12 02 01 50.000000 2  -1.204019002554E-11 -3.288410863056E-11
AR GRAC 2024 06 12 02 02  0.000000 2  -1.053841042209E-11 -1.445024135072E-11
AR GRAC 2024 06 12 02 02 10.000000 2  -8.792733902085E-12  1.463630757391E-12
AR GRAC 2024 06 12 02 02 20.000000 2  -9.951897812777E-12 -1.862501689334E-12
AR GRAC 2024 06 12 02 02 30.000000 2  -9.557135464966E-12 -6.968634436860E-12
AR GRAC 2024 06 12 02 02 40.000000 2  -1.264076603807E-11 -1.021476566526E-11
AR GRAC 2024 06 12 02 02 50.000000 2  -1.104055909196E-11 -2.970899784863E-12
AR GRAC 2024 06 12 02 03  0.000000 2  -9.862608993383E-12  4.102965363295E-12
AR GRAC 2024 06 12 02 03 10.000000 2  -6.644606739825E-12  9.176829435242E-12
AR GRAC 2024 06 12 02 03 20.000000 2  -9.347959906147E-12  6.300694341266E-12
AR GRAC 2024 06 12 02 03 30.000000 2  -9.751366381039E-12 -7.745441440998E-12
AR GRAC 2024 06 12 02 03 40.000000 2  -8.668280503110E-12  1.192842179198E-11
AR GRAC 2024 06 12 02 03 50.000000 2  -1.004847594022E-11  7.382283152835E-12
AR GRAC 2024 06 12 02 04  0.000000 2  -1.080264089987E-11  1.406145816105E-12
AR GRAC 2024 06 12 02 04 10.000000 2  -8.183793052952E-12  2.220005646328E-12
AR GRAC 2024 06 12 02 04 20.000000 2  -5.447265902236E-12  1.751386709270E-11
AR GRAC 2024 06 12 02 04 30.000000 2  -8.459169129060E-12 -3.582275101555E-12
AR GRAC 2024 06 12 02 04 40.000000 2  -9.086818103521E-12  1.409158380261E-11
AR GRAC 2024 06 12 02 04 50.000000 2  -8.827006833800E-12  1.354404598457E-13
AR GRAC 2024 06 12 02 05  0.000000 2  -8.241760572625E-12 -3.190701826014E-12
AR GRAC 2024 06 12 02 05 10.000000 2  -9.125192788895E-12  1.282315312962E-11
AR GRAC 2024 06 12 02 05 20.000000 2  -6.134380763773E-12  8.967010294014E-12
AR GRAC 2024 06 12 02 05 30.000000 2  -6.816442375823E-12  2.870863486173E-12
AR GRAC 2024 06 12 02 05 40.000000 2  -4.639461991668E-12 -1.127528192341E-11
AR GRAC 2024 06 12 02 05 50.000000 2  -8.739065027186E-12  2.988857078501E-11
AR GRAC 2024 06 12 02 06  0.000000 2  -7.121253239872E-12 -6.175763025973E-13
AR GRAC 2024 06 12 02 06 10.000000 2  -7.306903346271E-12 -8.343724149096E-12
AR GRAC 2024 06 12 02 06 20.000000 2  -7.464712008243E-12  1.258012617689E-11
AR GRAC 2024 06 12 02 06 30.000000 2  -6.629772685701E-12  7.293978789014E-12
AR GRAC 2024 06 12 02 06 40.000000 2  -8.746748984823E-12  1.862782497697E-11
AR GRAC 2024 06 12 02 06 50.000000 2  -7.144014980281E-12  1.606167455981E-11
AR GRAC 2024 06 12 02 07  0.000000 2  -6.061138570213E-12  8.065523943168E-12
AR GRAC 2024 06 12 02 07 10.000000 2  -5.184227613170E-12  2.329371938392E-12
AR GRAC 2024 06 12 02 07 20.000000 2  -3.395971004405E-12 -1.075678175005E-11
AR GRAC 2024 06 12 02 07 30.000000 2  -6.531048705322E-12  2.263706409822E-11
AR GRAC 2024 06 12 02 07 40.000000 2  -6.433231551639E-12  1.244090767905E-11
AR GRAC 2024 06 12 02 07 50.000000 2  -6.085053034371E-12  2.719475339363E-11
AR GRAC 2024 06 12 02 08  0.000000 2  -3.982817981668E-12  2.876860034917E-11
AR GRAC 2024 06 12 02 08 10.000000 2  -4.177195481875E-12  7.942439241015E-12
AR GRAC 2024 06 12 02 08 20.000000 2  -5.798788099004E-12  1.839628276101E-11
AR GRAC 2024 06 12 02 08 30.000000 2  -7.004240937247E-12  9.710124197759E-12
AR GRAC 2024 06 12 02 08 40.000000 2  -2.794616968393E-12  8.733965807528E-12
AR GRAC 2024 06 12 02 08 50.000000 2  -3.421392292743E-12  3.117781033346E-11
AR GRAC 2024 06 12 02 09  0.000000 2  -6.895049635414E-12  9.051644850322E-12
AR GRAC 2024 06 12 02 09 10.000000 2  -5.097968054646E-12  2.263548376513E-11
AR GRAC 2024 06 12 02 09 20.000000 2  -1.932356618467E-12  1.614931972871E-11
AR GRAC 2024 06 12 02 09 30.000000 2  -5.638327044838E-12  1.514315582651E-11
AR GRAC 2024 06 12 02 09 40.000000 2  -2.754675610880E-12  1.550699672836E-11
AR GRAC 2024 06 12 02 09 50.000000 2  -1.764549010380E-12  1.022082939117E-11
AR GRAC 2024 06 12 02 10  0.000000 2  -7.046091141105E-12  1.769466517754E-11
AR GRAC 2024 06 12 02 10 10.000000 2  -4.465611474352E-12  2.342850045911E-11
AR GRAC 2024 06 12 02 10 20.000000 2  -4.025340390873E-12  9.372334505708E-12
AR GRAC 2024 06 12 02 10 30.000000 2  -3.639622457585E-12  1.231616544861E-11
AR GRAC 2024 06 12 02 10 40.000000 2  -2.391612081987E-12  3.525999978105E-11
AR GRAC 2024 06 12 02 10 50.000000 2  -2.374272002961E-12  1.818382944219E-11
AR GRAC 2024 06 12 02 11  0.000000 2  -1.022125309738E-12  1.836765982366E-11
AR GRAC 2024 06 12 02 11 10.000000 2  -3.835369521976E-12  1.161148954765E-11
AR GRAC 2024 06 12 02 11 20.000000 2  -1.598702507183E-12  2.094532013108E-11
AR GRAC 2024 06 12 02 11 30.000000 2  -3.159710774275E-12  2.404914635490E-11
AR GRAC 2024 06 12 02 11 40.000000 2  -4.891236721205E-12  2.410297308963E-11
AR GRAC 2024 06 12 02 11 50.000000 2  -1.584646259697E-12  3.334680448441E-11
AR GRAC 2024 06 12 02 12  0.000000 2  -2.606972146837E-12  1.164062943260E-11
AR GRAC 2024 06 12 02 12 10.000000 2  -2.749894279300E-12  2.462445351792E-11
AR GRAC 2024 06 12 02 12 20.000000 2   7.226220490042E-13 -1.511719243709E-12
AR GRAC 2024 06 12 02 12 30.000000 2  -4.340657607654E-12  3.328210276821E-11
AR GRAC 2024 06 12 02 12 40.000000 2  -2.667217358435E-12  9.805926903805E-12
AR GRAC 2024 06 12 02 12 50.000000 2  -5.250186678636E-13  2.697975003130E-11
AR GRAC 2024 06 12 02 13  0.000000 2  -1.330174865247E-14  3.223357344928E-11
AR GRAC 2024 06 12 02 13 10.000000 2  -3.370370172187E-12  2.133739365751E-11
AR GRAC 2024 06 12 02 13 20.000000 2  -3.118629269758E-12  2.053121561651E-11
AR GRAC 2024 06 12 02 13 30.000000 2   1.104372778123E-12  2.566503259915E-11
AR GRAC 2024 06 12 02 13 40.000000 2  -7.465942469288E-13  2.004885146789E-11
AR GRAC 2024 06 12 02 13 50.000000 2   1.904135757489E-13  3.048267194217E-11
AR GRAC 2024 06 12 02 14  0.000000 2  -3.070201211319E-12 -1.433513464183E-12
AR GRAC 2024 06 12 02 14 10.000000 2  -4.413467204548E-13  3.896030026374E-11
AR GRAC 2024 06 12 02 14 20.000000 2   1.010768278429E-13  2.369411784831E-11
AR GRAC 2024 06 12 02 14 30.000000 2  -3.682357831202E-14  2.419793358743E-11
AR GRAC 2024 06 12 02 14 40.000000 2  -2.988940909013E-12  2.705174799444E-11
AR GRAC 2024 06 12 02 14 50.000000 2  -9.799017066520E-13  2.940556825815E-11
AR GRAC 2024 06 12 02 15  0.000000 2   1.712498198803E-12  3.098937773061E-11
AR GRAC 2024 06 12 02 15 10.000000 2  -1.498388544317E-13 -1.896812134444E-12
AR GRAC 2024 06 12 02 15 20.000000 2  -1.117789129486E-12  3.680699842135E-11
AR GRAC 2024 06 12 02 15 30.000000 2  -1.989226247915E-13  3.274081353255E-11
AR GRAC 2024 06 12 02 15 40.000000 2  -1.549749586473E-12  2.267461912675E-11
AR GRAC 2024 06 12 02 15 50.000000 2   1.849398672399E-12  2.547843012957E-11
AR GRAC 2024 06 12 02 16  0.000000 2  -7.607554451845E-13  3.057223918468E-11
AR GRAC 2024 06 12 02 16 10.000000 2  -2.074658804127E-13  1.213604477329E-11
AR GRAC 2024 06 12 02 16 20.000000 2  -6.017609912971E-13  2.534985416025E-11
AR GRAC 2024 06 12 02 16 30.000000 2   2.875108571360E-12  4.533366043669E-11
AR GRAC 2024 06 12 02 16 40.000000 2   1.928803037426E-12  2.460746710564E-11
AR GRAC 2024 06 12 02 16 50.000000 2   1.123399333627E-12  3.991127220382E-11
AR GRAC 2024 06 12 02 17  0.000000 2  -3.485112318093E-13  1.601507641780E-11
AR GRAC 2024 06 12 02 17 10.000000 2   4.512105099275E-12  1.879887738532E-11
AR GRAC 2024 06 12 02 17 20.000000 2  -9.706573652485E-13  1.923267795023E-11
AR GRAC 2024 06 12 02 17 30.000000 2   3.770311320095E-12  3.852648755576E-11
AR GRAC 2024 06 12 02 17 40.000000 2   5.956846344315E-13  1.700028486040E-11
AR GRAC 2024 06 12 02 17 50.000000 2   3.694316987740E-12  3.558408429027E-11
AR GRAC 2024 06 12 02 18  0.000000 2   3.994164374244E-12  2.694788489577E-11
AR GRAC 2024 06 12 02 18 10.000000 2   3.218252270579E-12  1.583168318664E-11
AR GRAC 2024 06 12 02 18 20.000000 2   4.570541427967E-12  4.675548143096E-11
AR GRAC 2024 06 12 02 18 30.000000 2   7.735456155830E-13  2.722928132970E-11
AR GRAC 2024 06 12 02 18 40.000000 2   2.784053152946E-12  2.211307352507E-11
AR GRAC 2024 06 12 02 18 50.000000 2   1.843623994788E-12  4.299687342280E-11
AR GRAC 2024 06 12 02 19  0.000000 2   2.883634086723E-12  2.264066885360E-11
AR GRAC 2024 06 12 02 19 10.000000 2   3.465494818194E-12  3.409446336367E-11
AR GRAC 2024 06 12 02 19 20.000000 2   5.235374633816E-12  2.647825535218E-11
AR GRAC 2024 06 12 02 19 30.000000 2   1.959734241205E-12  3.835205417135E-11
AR GRAC 2024 06 12 02 19 40.000000 2   4.644768510781E-12  4.134584341564E-11
AR GRAC 2024 06 12 02 19 50.000000 2   4.791960231398E-12  1.928963412612E-11
AR GRAC 2024 06 12 02 20  0.000000 2   3.239696922189E-12  3.514342636346E-11
AR GRAC 2024 06 12 02 20 10.000000 2   1.314555777600E-12  2.518721342604E-11
AR GRAC 2024 06 12 02 20 20.000000 2   2.569452246456E-12  3.708101187216E-11
AR GRAC 2024 06 12 02 20 30.000000 2   4.093553187395E-12  2.712479893474E-11
AR GRAC 2024 06 12 02 20 40.000000 2   3.402173941874E-12  4.479858844997E-11
AR GRAC 2024 06 12 02 20 50.000000 2   5.305392410115E-12  2.362236968534E-11
AR GRAC 2024 06 12 02 21  0.000000 2   4.886819681554E-12  5.005615713594E-11
AR GRAC 2024 06 12 02 21 10.000000 2   3.604475875760E-12  4.397994468608E-11
AR GRAC 2024 06 12 02 21 20.000000 2   4.863520610549E-12  2.360372661214E-11
AR GRAC 2024 06 12 02 21 30.000000 2   1.251740464753E-12  2.347751507092E-11
AR GRAC 2024 06 12 02 21 40.000000 2   5.884906277565E-12  3.793129699226E-11
AR GRAC 2024 06 12 02 21 50.000000 2   3.630779270986E-12  2.105507955485E-11
AR GRAC 2024 06 12 02 22  0.000000 2   3.101901548119E-12  4.502886258306E-11
AR GRAC 2024 06 12 02 22 10.000000 2   6.537127610062E-12  4.335264439104E-11
AR GRAC 2024 06 12 02 22 20.000000 2   4.738387633652E-12  2.616642319486E-11
AR GRAC 2024 06 12 02 22 30.000000 2   5.522810507530E-12  2.252020445126E-11
AR GRAC 2024 06 12 02 22 40.000000 2   5.518319742132E-12  3.387398347932E-11
AR GRAC 2024 06 12 02 22 50.000000 2   5.009366619430E-12  2.627775948227E-11
AR GRAC 2024 06 12 02 23  0.000000 2   8.415308380694E-12  5.032154207218E-11
AR GRAC 2024 06 12 02 23 10.000000 2   6.900397787890E-12  2.820531655456E-11
AR GRAC 2024 06 12 02 23 20.000000 2   5.487143291821E-12  4.715909260322E-11
AR GRAC 2024 06 12 02 23 30.000000 2   5.755852825612E-12  3.447286900382E-11
AR GRAC 2024 06 12 02 23 40.000000 2   6.954458276615E-12  3.441664314652E-11
AR GRAC 2024 06 12 02 23 50.000000 2   5.770736319355E-12  3.395041886511E-11
AR GRAC 2024 06 12 02 24  0.000000 2   5.996007509945E-12  2.518419327247E-11
AR GRAC 2024 06 12 02 24 10.000000 2   5.295697474289E-12  4.452796811827E-11
AR GRAC 2024 06 12 02 24 20.000000 2   5.207871026786E-12  2.675173624289E-11
AR GRAC 2024 06 12 02 24 30.000000 2   6.975088909233E-12  3.275550664039E-11
AR GRAC 2024 06 12 02 24 40.000000 2   6.926648057209E-12  3.495927852759E-11
AR GRAC 2024 06 12 02 24 50.000000 2   6.489316462660E-12  3.161305245358E-11
AR GRAC 2024 06 12 02 25  0.000000 2   8.473271563558E-12  3.708681972636E-11
AR GRAC 2024 06 12 02 25 10.000000 2   8.433367719440E-12  2.443058602641E-11
AR GRAC 2024 06 12 02 25 20.000000 2   6.204095397144E-12  3.535435832980E-11
AR GRAC 2024 06 12 02 25 30.000000 2   5.117652395609E-12  5.428812260844E-11
AR GRAC 2024 06 12 02 25 40.000000 2   8.846512931926E-12  2.858188512256E-11
AR GRAC 2024 06 12 02 25 50.000000 2   8.394820429081E-12  4.913565734843E-11
AR GRAC 2024 06 12 02 26  0.000000 2   4.319985775353E-12  2.211941567409E-11
AR GRAC 2024 06 12 02 26 10.000000 2   7.670563836881E-12  4.725318053511E-11
AR GRAC 2024 06 12 02 26 20.000000 2   9.827758398750E-12  2.744694575785E-11
AR GRAC 2024 06 12 02 26 30.000000 2   8.646433395654E-12  4.771070691301E-11
AR GRAC 2024 06 12 02 26 40.000000 2   8.243632339255E-12  4.464446867747E-11
AR GRAC 2024 06 12 02 26 50.000000 2   7.186988851271E-12  2.883823214950E-11
AR GRAC 2024 06 12 02 27  0.000000 2   6.491183892482E-12  3.469199233441E-11
AR GRAC 2024 06 12 02 27 10.000000 2   6.395881654159E-12  2.173574861764E-11
AR GRAC 2024 06 12 02 27 20.000000 2   7.904247568968E-12  3.676950410814E-11
AR GRAC 2024 06 12 02 27 30.000000 2   6.779592078704E-12  3.539326470792E-11
AR GRAC 2024 06 12 02 27 40.000000 2   8.601602936864E-12  4.521702456906E-11
AR GRAC 2024 06 12 02 27 50.000000 2   1.094993193340E-11  3.852078031552E-11
AR GRAC 2024 06 12 02 28  0.000000 2   7.715669249342E-12  3.158454053853E-11
AR GRAC 2024 06 12 02 28 10.000000 2   8.000421505838E-12  3.875829171496E-11
AR GRAC 2024 06 12 02 28 20.000000 2   1.085543113732E-11  4.233204758952E-11
AR GRAC 2024 06 12 02 28 30.000000 2   1.024937166388E-11  4.019580154835E-11
AR GRAC 2024 06 12 02 28 40.000000 2   8.345078968131E-12  4.530955471926E-11
AR GRAC 2024 06 12 02 28 50.000000 2   1.017223198035E-11  2.306330300350E-11
AR GRAC 2024 06 12 02 29  0.000000 2   8.236127925498E-12  3.733706052667E-11
AR GRAC 2024 06 12 02 29 10.000000 2   9.657507432648E-12  3.410080898214E-11
AR GRAC 2024 06 12 02 29 20.000000 2   9.455299390670E-12  4.332455921796E-11
AR GRAC 2024 06 12 02 29 30.000000 2   9.852272643551E-12  3.023830491555E-11
AR GRAC 2024 06 12 02 29 40.000000 2   1.000805081169E-11  4.110205578667E-11
AR GRAC 2024 06 12 02 29 50.000000 2   8.010261724756E-12  4.384580545858E-11
AR GRAC 2024 06 12 02 30  0.000000 2   7.996719605941E-12  2.907954953224E-11
AR GRAC 2024 06 12 02 30 10.000000 2   8.261455755609E-12  2.813329430529E-11
AR GRAC 2024 06 12 02 30 20.000000 2   9.270028321351E-12  3.863704495233E-11
AR GRAC 2024 06 12 02 30 30.000000 2   9.272221879186E-12  3.121078742674E-11
AR GRAC 2024 06 12 02 30 40.000000 2   1.080291151673E-11  3.506452767033E-11
AR GRAC 2024 06 12 02 30 50.000000 2   1.139792253635E-11  3.848827506703E-11
AR GRAC 2024 06 12 02 31  0.000000 2   1.107430293301E-11  3.344201651712E-11
AR GRAC 2024 06 12 02 31 10.000000 2   8.927003233850E-12  3.802575962442E-11
AR GRAC 2024 06 12 02 31 20.000000 2   8.397621140133E-12  3.580950119764E-11
AR GRAC 2024 06 12 02 31 30.000000 2   8.643791411800E-12  4.152323970774E-11
AR GRAC 2024 06 12 02 31 40.000000 2   1.101758961841E-11  3.155698272139E-11
AR GRAC 2024 06 12 02 31 50.000000 2   1.004219450651E-11  4.032072245530E-11
AR GRAC 2024 06 12 02 32  0.000000 2   1.230157902626E-11  3.433445888712E-11
AR GRAC 2024 06 12 02 32 10.000000 2   1.305802514728E-11  3.777819376771E-11
AR GRAC 2024 06 12 02 32 20.000000 2   9.836684418396E-12  3.316193153413E-11
AR GRAC 2024 06 12 02 32 30.000000 2   1.054777706150E-11  3.271566698104E-11
AR GRAC 2024 06 12 02 32 40.000000 2   1.157314261785E-11  3.582940888425E-11
AR GRAC 2024 06 12 02 32 50.000000 2   9.760643682188E-12  3.734313899773E-11
AR GRAC 2024 06 12 02 33  0.000000 2   1.218302715655E-11  3.332687251167E-11
AR GRAC 2024 06 12 02 33 10.000000 2   1.162478360101E-11  4.617060553325E-11
AR GRAC 2024 06 12 02 33 20.000000 2   1.242688070502E-11  3.628433664637E-11
AR GRAC 2024 06 12 02 33 30.000000 2   9.105576535828E-12  3.208806831356E-11
AR GRAC 2024 06 12 02 33 40.000000 2   9.548817465899E-12  3.041180154928E-11
AR GRAC 2024 06 12 02 33 50.000000 2   1.051364550975E-11  2.981553198778E-11
AR GRAC 2024 06 12 02 34  0.000000 2   1.083858003348E-11  4.371926431990E-11
AR GRAC 2024 06 12 02 34 10.000000 2   1.102886445364E-11  3.489299127413E-11
AR GRAC 2024 06 12 02 34 20.000000 2   1.270929802372E-11  3.801672171511E-11
AR GRAC 2024 06 12 02 34 30.000000 2   1.340401054040E-11  3.945044291243E-11
AR GRAC 2024 06 12 02 34 40.000000 2   1.072004117419E-11  2.602417240039E-11
AR GRAC 2024 06 12 02 34 50.000000 2   1.285762295244E-11  4.263790015502E-11
AR GRAC 2024 06 12 02 35  0.000000 2   9.081786538079E-12  3.291162134489E-11
AR GRAC 2024 06 12 02 35 10.000000 2   9.740633646893E-12  3.861534703109E-11
AR GRAC 2024 06 12 02 35 20.000000 2   1.187083677884E-11  4.058907376869E-11
AR GRAC 2024 06 12 02 35 30.000000 2   1.264706742110E-11  2.953279287787E-11
AR GRAC 2024 06 12 02 35 40.000000 2   1.189468142038E-11  3.506651913288E-11
AR GRAC 2024 06 12 02 35 50.000000 2   1.151286357914E-11  4.067023801069E-11
AR GRAC 2024 06 12 02 36  0.000000 2   1.246597703536E-11  2.976395865883E-11
AR GRAC 2024 06 12 02 36 10.000000 2   1.406161992401E-11  3.985767965675E-11
AR GRAC 2024 06 12 02 36 20.000000 2   1.043594377581E-11  2.733140103128E-11
AR GRAC 2024 06 12 02 36 30.000000 2   1.382415015794E-11  3.229511796876E-11
AR GRAC 2024 06 12 02 36 40.000000 2   1.347431801552E-11  4.792883451232E-11
AR GRAC 2024 06 12 02 36 50.000000 2   1.201033023035E-11  3.042255336538E-11
AR GRAC 2024 06 12 02 37  0.000000 2   1.142645526808E-11  3.201626810889E-11
AR GRAC 2024 06 12 02 37 10.000000 2   1.145539739456E-11  4.398997832666E-11
AR GRAC 2024 06 12 02 37 20.000000 2   1.146654646234E-11  4.122370153570E-11
AR GRAC 2024 06 12 02 37 30.000000 2   1.307179711696E-11  2.727741123254E-11
AR GRAC 2024 06 12 02 37 40.000000 2   1.131697426743E-11  3.307112916850E-11
AR GRAC 2024 06 12 02 37 50.000000 2   1.212194320616E-11  3.573484216868E-11
AR GRAC 2024 06 12 02 38  0.000000 2   1.286223991898E-11  4.058854988220E-11
AR GRAC 2024 06 12 02 38 10.000000 2   1.244870352635E-11  3.386226368751E-11
AR GRAC 2024 06 12 02 38 20.000000 2   1.228971004824E-11  4.175597020928E-11
AR GRAC 2024 06 12 02 38 30.000000 2   1.232262382411E-11  3.205967782915E-11
AR GRAC 2024 06 12 02 38 40.000000 2   1.082131953489E-11  5.073338971151E-11
AR GRAC 2024 06 12 02 38 50.000000 2   1.301101414108E-11  3.811709975432E-11
AR GRAC 2024 06 12 02 39  0.000000 2   1.191102511761E-11  3.044080612580E-11
AR GRAC 2024 06 12 02 39 10.000000 2   1.210035370514E-11  2.237451196541E-11
AR GRAC 2024 06 12 02 39 20.000000 2   1.102151529764E-11  2.751821860658E-11
AR GRAC 2024 06 12 02 39 30.000000 2   1.477194581934E-11  5.780192297022E-11
AR GRAC 2024 06 12 02 39 40.000000 2   1.626456955228E-11  3.796562716984E-11
AR GRAC 2024 06 12 02 39 50.000000 2   1.399771618060E-11  3.854933386394E-11
AR GRAC 2024 06 12 02 40  0.000000 2   1.162704134361E-11  3.886303431844E-11
AR GRAC 2024 06 12 02 40 10.000000 2   1.216729061254E-11  3.420674160592E-11
AR GRAC 2024 06 12 02 40 20.000000 2   1.363377206270E-11  3.929043895790E-11
AR GRAC 2024 06 12 02 40 30.000000 2   1.253761504338E-11  3.129414088976E-11
AR GRAC 2024 06 12 02 40 40.000000 2   1.509320793347E-11  3.791783900753E-11
AR GRAC 2024 06 12 02 40 50.000000 2   1.350130597599E-11  3.895153991018E-11
AR GRAC 2024 06 12 02 41  0.000000 2   1.193659841109E-11  5.107524125858E-11
AR GRAC 2024 06 12 02 41 10.000000 2   1.263839293636E-11  3.408894000412E-11
AR GRAC 2024 06 12 02 41 20.000000 2   1.213751148199E-11  3.890263458595E-11
AR GRAC 2024 06 12 02 41 30.000000 2   1.201810959778E-11  3.500633463660E-11
AR GRAC 2024 06 12 02 41 40.000000 2   1.390429438253E-11  1.306002875290E-11
AR GRAC 2024 06 12 02 41 50.000000 2   1.116079798025E-11  3.526372596707E-11
AR GRAC 2024 06 12 02 42  0.000000 2   1.163360900669E-11  5.645741513183E-11
AR GRAC 2024 06 12 02 42 10.000000 2   1.441755916043E-11  3.657110725364E-11
AR GRAC 2024 06 12 02 42 20.000000 2   9.140827851584E-12  4.049480542556E-11
AR GRAC 2024 06 12 02 42 30.000000 2   1.211407710255E-11  2.437849748460E-11
AR GRAC 2024 06 12 02 42 40.000000 2   1.121636724472E-11  4.551218776849E-11
AR GRAC 2024 06 12 02 42 50.000000 2   1.178223230786E-11  2.900587929566E-11
AR GRAC 2024 06 12 02 43  0.000000 2   1.141853365333E-11  3.010956761695E-11
AR GRAC 2024 06 12 02 43 10.000000 2   1.165203003528E-11  4.274325685061E-11
AR GRAC 2024 06 12 02 43 20.000000 2   1.260378346829E-11  2.475694649284E-11
AR GRAC 2024 06 12 02 43 30.000000 2   9.489917532357E-12  5.204063568964E-11
AR GRAC 2024 06 12 02 43 40.000000 2   1.434803057615E-11  3.296431877464E-11
AR GRAC 2024 06 12 02 43 50.000000 2   1.319370654396E-11  3.710800416945E-11
AR GRAC 2024 06 12 02 44  0.000000 2   1.007009753362E-11  4.960169081025E-11
AR GRAC 2024 06 12 02 44 10.000000 2   1.331765687312E-11  3.284537572479E-11
AR GRAC 2024 06 12 02 44 20.000000 2   1.264707002319E-11  3.543906140768E-11
AR GRAC 2024 06 12 02 44 30.000000 2   1.274129326351E-11  3.138274362602E-11
AR GRAC 2024 06 12 02 44 40.000000 2   1.045271681710E-11  2.548642547007E-11
AR GRAC 2024 06 12 02 44 50.000000 2   1.263140200075E-11  3.520011018776E-11
AR GRAC 2024 06 12 02 45  0.000000 2   1.315185113593E-11  3.596379097304E-11
AR GRAC 2024 06 12 02 45 10.000000 2   1.419087937438E-11  3.336746851046E-11
AR GRAC 2024 06 12 02 45 20.000000 2   1.321362984308E-11  3.827114666843E-11
AR GRAC 2024 06 12 02 45 30.000000 2   1.231770675042E-11  2.645482791164E-11
AR GRAC 2024 06 12 02 45 40.000000 2   1.049096053085E-11  3.581850788192E-11
AR GRAC 2024 06 12 02 45 50.000000 2   1.293452064205E-11  3.725218397643E-11
AR GRAC 2024 06 12 02 46  0.000000 2   1.411920840660E-11  3.662586206543E-11
AR GRAC 2024 06 12 02 46 10.000000 2   9.481964692581E-12  4.552953847270E-11
AR GRAC 2024 06 12 02 46 20.000000 2   1.457866119492E-11  2.683321100039E-11
AR GRAC 2024 06 12 02 46 30.000000 2   1.348523029354E-11  2.966688700257E-11
AR GRAC 2024 06 12 02 46 40.000000 2   1.281676587778E-11  2.300056152482E-11
AR GRAC 2024 06 12 02 46 50.000000 2   1.124054495316E-11  4.185423882475E-11
AR GRAC 2024 06 12 02 47  0.000000 2   1.541369809566E-11  2.590790602885E-11
AR GRAC 2024 06 12 02 47 10.000000 2   1.236955416567E-11  1.757158134275E-11
AR GRAC 2024 06 12 02 47 20.000000 2   1.068197180015E-11  3.604525011802E-11
AR GRAC 2024 06 12 02 47 30.000000 2   1.068073754440E-11  5.564891950027E-11
AR GRAC 2024 06 12 02 47 40.000000 2   1.114972090349E-11  4.195259070694E-11
AR GRAC 2024 06 12 02 47 50.000000 2   1.256245541620E-11  2.709625752939E-11
AR GRAC 2024 06 12 02 48  0.000000 2   1.264620092672E-11  2.481992562864E-11
AR GRAC 2024 06 12 02 48 10.000000 2   1.265827373476E-11  3.065359771570E-11
AR GRAC 2024 06 12 02 48 20.000000 2   1.329248430076E-11  3.066726039780E-11
AR GRAC 2024 06 12 02 48 30.000000 2   1.115431792070E-11  2.195092545232E-11
AR GRAC 2024 06 12 02 48 40.000000 2   1.303040054329E-11  4.222459187853E-11
AR GRAC 2024 06 12 02 48 50.000000 2   1.341633835278E-11  1.752825488921E-11
AR GRAC 2024 06 12 02 49  0.000000 2   1.104212901670E-11  2.786191936888E-11
AR GRAC 2024 06 12 02 49 10.000000 2   1.312021064709E-11  2.896558166932E-11
AR GRAC 2024 06 12 02 49 20.000000 2   1.182507911035E-11  2.290924394632E-11
AR GRAC 2024 06 12 02 49 30.000000 2   9.864755713684E-12  4.692290306307E-11
AR GRAC 2024 06 12 02 49 40.000000 2   1.016676239723E-11  3.423656497192E-11
AR GRAC 2024 06 12 02 49 50.000000 2   1.449524441449E-11  1.182022361934E-11
AR GRAC 2024 06 12 02 50  0.000000 2   1.220524376011E-11  3.349388821849E-11
AR GRAC 2024 06 12 02 50 10.000000 2   1.085285333824E-11  4.434754646843E-11
AR GRAC 2024 06 12 02 50 20.000000 2   1.262185581746E-11  1.850119883684E-11
AR GRAC 2024 06 12 02 50 30.000000 2   7.879607556716E-12  3.648486027186E-11
AR GRAC 2024 06 12 02 50 40.000000 2   1.063964454734E-11  2.948513612086E-12
AR GRAC 2024 06 12 02 50 50.000000 2   1.159917474569E-11  3.216217223101E-11
AR GRAC 2024 06 12 02 51  0.000000 2   1.269343831434E-11  3.454582800377E-11
AR GRAC 2024 06 12 02 51 10.000000 2   8.389218139615E-12  4.141948242720E-11
AR GRAC 2024 06 12 02 51 20.000000 2   9.882012742823E-12  3.668313222627E-11
AR GRAC 2024 06 12 02 51 30.000000 2   8.677844900995E-12  2.649678566835E-11
AR GRAC 2024 06 12 02 51 40.000000 2   1.177086986909E-11  2.230043406881E-11
AR GRAC 2024 06 12 02 51 50.000000 2   9.414807475294E-12  2.908409103830E-11
AR GRAC 2024 06 12 02 52  0.000000 2   9.323378874493E-12  3.534774209446E-11
AR GRAC 2024 06 12 02 52 10.000000 2   8.278842889009E-12  1.511138610077E-11
AR GRAC 2024 06 12 02 52 20.000000 2   1.150529411326E-11  2.964503642566E-11
AR GRAC 2024 06 12 02 52 30.000000 2   9.678218296227E-12  2.818868576060E-11
AR GRAC 2024 06 12 02 52 40.000000 2   1.132393918218E-11  3.382233382254E-11
AR GRAC 2024 06 12 02 52 50.000000 2   1.087345491424E-11  1.883597965102E-11
AR GRAC 2024 06 12 02 53  0.000000 2   7.593692168129E-12  1.946962556454E-11
AR GRAC 2024 06 12 02 53 10.000000 2   1.190252930938E-11  3.068327189548E-11
AR GRAC 2024 06 12 02 53 20.000000 2   9.254137386949E-12  4.202692013844E-11
AR GRAC 2024 06 12 02 53 30.000000 2   8.435683575281E-12  1.962056038474E-11
AR GRAC 2024 06 12 02 53 40.000000 2   1.014832228668E-11  2.856420135144E-11
AR GRAC 2024 06 12 02 53 50.000000 2   7.604605313516E-12  1.866784504756E-11
AR GRAC 2024 06 12 02 54  0.000000 2   9.292917130255E-12  3.660148920059E-11
AR GRAC 2024 06 12 02 54 10.000000 2   1.172820087575E-11  1.615512758291E-11
AR GRAC 2024 06 12 02 54 20.000000 2   7.035730071464E-12  2.856876887836E-11
AR GRAC 2024 06 12 02 54 30.000000 2   1.004111897795E-11  2.939240517641E-11
AR GRAC 2024 06 12 02 54 40.000000 2   8.363561579405E-12  3.229604778054E-11
AR GRAC 2024 06 12 02 54 50.000000 2   7.315995032009E-12  2.463968265531E-11
AR GRAC 2024 06 12 02 55  0.000000 2   1.039274829390E-11  2.853332327357E-11
AR GRAC 2024 06 12 02 55 10.000000 2   9.521965681214E-12  1.798695567490E-11
AR GRAC 2024 06 12 02 55 20.000000 2   6.302161049965E-12  2.102059325215E-11
AR GRAC 2024 06 12 02 55 30.000000 2   8.458332992345E-12  2.691422779089E-11
AR GRAC 2024 06 12 02 55 40.000000 2   8.036265229661E-12  2.405786160564E-11
AR GRAC 2024 06 12 02 55 50.000000 2   7.378568242511E-12  1.292149460347E-11
AR GRAC 2024 06 12 02 56  0.000000 2   9.533139902484E-12  2.348512877226E-11
AR GRAC 2024 06 12 02 56 10.000000 2   9.588696156526E-12  1.800876114899E-11
AR GRAC 2024 06 12 02 56 20.000000 2   7.307934639378E-12  2.028239035057E-11
AR GRAC 2024 06 12 02 56 30.000000 2   8.235178164395E-12  1.782602017386E-11
AR GRAC 2024 06 12 02 56 40.000000 2   7.848713866332E-12  1.884965447618E-11
AR GRAC 2024 06 12 02 56 50.000000 2   9.077205133379E-12  2.142328155152E-11
AR GRAC 2024 06 12 02 57  0.000000 2   6.582657596094E-12  2.552690871183E-11
AR GRAC 2024 06 12 02 57 10.000000 2   6.459359522953E-12  1.770053895123E-11
AR GRAC 2024 06 12 02 57 20.000000 2   3.682205582112E-12  1.708416394464E-11
AR GRAC 2024 06 12 02 57 30.000000 2   5.820648650567E-12  1.852779214773E-11
AR GRAC 2024 06 12 02 57 40.000000 2   8.419026760464E-12  2.844142109326E-11
AR GRAC 2024 06 12 02 57 50.000000 2   5.924278862618E-12  1.135504277411E-11
AR GRAC 2024 06 12 02 58  0.000000 2   5.428041262995E-12  1.966866426673E-11
AR GRAC 2024 06 12 02 58 10.000000 2   7.519372277609E-12 -3.817711338033E-12
AR GRAC 2024 06 12 02 58 20.000000 2   6.285316885013E-12  1.475591350497E-11
AR GRAC 2024 06 12 02 58 30.000000 2   5.660511989691E-12  1.686953354785E-11
AR GRAC 2024 06 12 02 58 40.000000 2   5.553442688350E-12  1.266315524662E-11
AR GRAC 2024 06 12 02 58 50.000000 2   4.074098697293E-12  2.456677396234E-11
AR GRAC 2024 06 12 02 59  0.000000 2   3.633694907468E-12  2.400394553265E-12
AR GRAC 2024 06 12 02 59 10.000000 2   6.597914055384E-12  2.418401590099E-11
AR GRAC 2024 06 12 02 59 20.000000 2   4.329932679764E-12 -1.236811166856E-14
AR GRAC 2024 06 12 02 59 30.000000 2   5.243415510808E-12  1.728124934819E-11
AR GRAC 2024 06 12 02 59 40.000000 2   5.458621835791E-12  2.574865234223E-12
AR GRAC 2024 06 12 02 59 50.000000 2   4.280493494380E-12  8.108480900604E-12
AR GRAC 2024 06 12 03 00  0.000000 2   6.103818405573E-12  2.157209827436E-11
AR GRAC 2024 06 12 03 00 10.000000 2   2.722579973968E-12 -8.942881157825E-13
AR GRAC 2024 06 12 03 00 20.000000 2   3.148870920955E-12  1.252932566725E-11
AR GRAC 2024 06 12 03 00 30.000000 2   2.625192814867E-12  1.679294030221E-11
AR GRAC 2024 06 12 03 00 40.000000 2   5.310278692466E-12  1.589655317102E-11
AR GRAC 2024 06 12 03 00 50.000000 2   3.756253554726E-12  8.370161334870E-12
AR GRAC 2024 06 12 03 01  0.000000 2   3.608717599919E-13  5.743773946049E-12
AR GRAC 2024 06 12 03 01 10.000000 2   2.661854894490E-12  2.667384108729E-12
AR GRAC 2024 06 12 03 01 20.000000 2   3.768049674363E-12  1.235099435920E-11
AR GRAC 2024 06 12 03 01 30.000000 2   2.846188183140E-13  2.170459992290E-11
AR GRAC 2024 06 12 03 01 40.000000 2   4.109294068216E-12 -3.861789360515E-12
AR GRAC 2024 06 12 03 01 50.000000 2   1.845533274814E-12  2.893181527686E-11
AR GRAC 2024 06 12 03 02  0.000000 2   1.201800594805E-12 -2.544576745492E-12
AR GRAC 2024 06 12 03 02 10.000000 2   1.755552083912E-12  6.969028219089E-12
AR GRAC 2024 06 12 03 02 20.000000 2  -1.321163664580E-12 -2.987364479054E-12
AR GRAC 2024 06 12 03 02 30.000000 2   2.662547916518E-12  1.146623941628E-11
AR GRAC 2024 06 12 03 02 40.000000 2   1.856866223282E-12  8.749844598865E-12
AR GRAC 2024 06 12 03 02 50.000000 2   1.896912531565E-12  1.221344293062E-11
AR GRAC 2024 06 12 03 03  0.000000 2   1.603656877430E-12  3.737045829039E-12
AR GRAC 2024 06 12 03 03 10.000000 2  -8.854121320671E-13  1.020649168480E-12
AR GRAC 2024 06 12 03 03 20.000000 2   3.090629965494E-13 -3.335749862096E-12
AR GRAC 2024 06 12 03 03 30.000000 2  -1.723497748327E-14  9.307848762574E-12
AR GRAC 2024 06 12 03 03 40.000000 2   1.079886437975E-13  3.481447335280E-12
AR GRAC 2024 06 12 03 03 50.000000 2  -4.868622865972E-13 -1.904953191717E-12
AR GRAC 2024 06 12 03 04  0.000000 2  -1.768842450983E-12 -2.331355377846E-12
AR GRAC 2024 06 12 03 04 10.000000 2  -1.248907254741E-13  7.012240180876E-12
AR GRAC 2024 06 12 03 04 20.000000 2  -3.083058981723E-12  9.605837826554E-12
AR GRAC 2024 06 12 03 04 30.000000 2   7.189149449360E-13  3.199434207152E-12
AR GRAC 2024 06 12 03 04 40.000000 2   9.683590734832E-13 -4.716971604979E-12
AR GRAC 2024 06 12 03 04 50.000000 2   1.396612182456E-13  1.117662126043E-11
AR GRAC 2024 06 12 03 05  0.000000 2  -1.667654404326E-12  1.460215954228E-12
AR GRAC 2024 06 12 03 05 10.000000 2  -5.584906452236E-13 -3.716191850772E-12
AR GRAC 2024 06 12 03 05 20.000000 2  -1.614939410498E-12 -9.542600216961E-12
AR GRAC 2024 06 12 03 05 30.000000 2  -1.985281513836E-12 -6.059009630827E-12
AR GRAC 2024 06 12 03 05 40.000000 2  -3.128568151073E-12 -3.665418663035E-12
AR GRAC 2024 06 12 03 05 50.000000 2  -1.670952764175E-12  6.908170650105E-12
AR GRAC 2024 06 12 03 06  0.000000 2  -1.716893229149E-12 -1.578240034321E-12
AR GRAC 2024 06 12 03 06 10.000000 2  -2.325199494752E-12 -7.846520200076E-13
AR GRAC 2024 06 12 03 06 20.000000 2  -3.092048101935E-12  1.398935221136E-12
AR GRAC 2024 06 12 03 06 30.000000 2  -3.455216581599E-12 -1.567477376195E-12
AR GRAC 2024 06 12 03 06 40.000000 2  -3.300802990311E-12 -1.125389191559E-11
AR GRAC 2024 06 12 03 06 50.000000 2  -3.275031070990E-12  3.639692280205E-12
AR GRAC 2024 06 12 03 07  0.000000 2  -2.728629171569E-12 -5.466722127062E-12
AR GRAC 2024 06 12 03 07 10.000000 2  -2.286022282930E-12 -2.231374129523E-13
AR GRAC 2024 06 12 03 07 20.000000 2  -2.983513609778E-12 -1.250955502380E-11
AR GRAC 2024 06 12 03 07 30.000000 2  -3.258209457443E-12  2.724027383869E-12
AR GRAC 2024 06 12 03 07 40.000000 2  -2.360244812094E-12  4.607608999202E-12
AR GRAC 2024 06 12 03 07 50.000000 2  -4.562020032572E-12 -1.910881002043E-11
AR GRAC 2024 06 12 03 08  0.000000 2  -2.820212813281E-12 -1.565230584033E-12
AR GRAC 2024 06 12 03 08 10.000000 2  -3.089146993762E-12 -1.230165188465E-11
AR GRAC 2024 06 12 03 08 20.000000 2  -2.971295518656E-12 -9.628071777346E-12
AR GRAC 2024 06 12 03 08 30.000000 2  -5.382885543553E-12 -9.534494721519E-12
AR GRAC 2024 06 12 03 08 40.000000 2   4.487498968340E-13  8.789083176530E-12
AR GRAC 2024 06 12 03 08 50.000000 2  -2.295361817284E-12 -1.014734130056E-11
AR GRAC 2024 06 12 03 09  0.000000 2  -3.707866912811E-12 -6.643764965258E-12
AR GRAC 2024 06 12 03 09 10.000000 2  -2.024012901725E-12 -1.860190387143E-12
AR GRAC 2024 06 12 03 09 20.000000 2  -5.254722004744E-12 -3.140661689049E-11
AR GRAC 2024 06 12 03 09 30.000000 2  -4.418112577176E-12  1.054695653729E-11
AR GRAC 2024 06 12 03 09 40.000000 2  -5.225000553749E-12 -1.808946915871E-11
AR GRAC 2024 06 12 03 09 50.000000 2  -2.393697436445E-12 -3.185896208305E-12
AR GRAC 2024 06 12 03 10  0.000000 2  -7.041051769408E-12 -1.457232598479E-11
AR GRAC 2024 06 12 03 10 10.000000 2  -4.068412273739E-12 -1.003875628458E-11
AR GRAC 2024 06 12 03 10 20.000000 2  -7.216791834269E-12 -6.655185083582E-12
AR GRAC 2024 06 12 03 10 30.000000 2  -4.262380812886E-12 -8.321616833118E-12
AR GRAC 2024 06 12 03 10 40.000000 2  -6.276136728378E-12 -1.884804812224E-11
AR GRAC 2024 06 12 03 10 50.000000 2  -8.263813244813E-12 -1.122448054641E-11
AR GRAC 2024 06 12 03 11  0.000000 2  -7.876343674496E-12 -1.262091386262E-11
AR GRAC 2024 06 12 03 11 10.000000 2  -7.607459800996E-12 -4.927346725081E-12
AR GRAC 2024 06 12 03 11 20.000000 2  -7.903391482933E-12 -2.067378213066E-11
AR GRAC 2024 06 12 03 11 30.000000 2  -7.701632734336E-12 -1.247021756690E-11
AR GRAC 2024 06 12 03 11 40.000000 2  -6.157448682875E-12 -8.106653369422E-12
AR GRAC 2024 06 12 03 11 50.000000 2  -7.744387596487E-12 -1.931308932224E-11
AR GRAC 2024 06 12 03 12  0.000000 2  -9.745737203359E-12 -1.721952788691E-11
AR GRAC 2024 06 12 03 12 10.000000 2  -8.804520480743E-12 -1.441596494955E-11
AR GRAC 2024 06 12 03 12 20.000000 2  -8.095372462658E-12 -8.024040416485E-13
AR GRAC 2024 06 12 03 12 30.000000 2  -8.130155403074E-12 -2.309884401808E-11
AR GRAC 2024 06 12 03 12 40.000000 2  -8.234764432846E-12 -1.538528505984E-11
AR GRAC 2024 06 12 03 12 50.000000 2  -1.101630852512E-11 -1.829172577295E-11
AR GRAC 2024 06 12 03 13  0.000000 2  -8.101025059104E-12 -2.053816665348E-11
AR GRAC 2024 06 12 03 13 10.000000 2  -8.138109977573E-12 -1.419461076457E-11
AR GRAC 2024 06 12 03 13 20.000000 2  -9.325847385999E-12 -1.499105353742E-11
AR GRAC 2024 06 12 03 13 30.000000 2  -8.057591920074E-12 -1.881749790711E-11
AR GRAC 2024 06 12 03 13 40.000000 2  -1.021387835420E-11 -1.965394166858E-11
AR GRAC 2024 06 12 03 13 50.000000 2  -8.316535828057E-12 -1.674038858923E-11
AR GRAC 2024 06 12 03 14  0.000000 2  -1.035179841152E-11 -1.012683426699E-11
AR GRAC 2024 06 12 03 14 10.000000 2  -9.601467190756E-12 -2.163328197136E-11
AR GRAC 2024 06 12 03 14 20.000000 2  -9.349748406051E-12 -2.943973190228E-11
AR GRAC 2024 06 12 03 14 30.000000 2  -9.090115812849E-12 -2.091617851141E-11
AR GRAC 2024 06 12 03 14 40.000000 2  -9.839244002885E-12 -3.083262464787E-11
AR GRAC 2024 06 12 03 14 50.000000 2  -7.221702402749E-12 -1.497907700654E-11
AR GRAC 2024 06 12 03 15  0.000000 2  -1.264406895157E-11 -2.257552651763E-11
AR GRAC 2024 06 12 03 15 10.000000 2  -9.811897822010E-12 -2.520197939226E-11
AR GRAC 2024 06 12 03 15 20.000000 2  -9.900126725360E-12 -2.025843034992E-11
AR GRAC 2024 06 12 03 15 30.000000 2  -9.991000214649E-12 -2.645488342279E-11
AR GRAC 2024 06 12 03 15 40.000000 2  -1.320270975880E-11 -1.328133696771E-11
AR GRAC 2024 06 12 03 15 50.000000 2  -1.053726116779E-11 -2.212779091904E-11
AR GRAC 2024 06 12 03 16  0.000000 2  -9.604340760194E-12 -1.939424662534E-11
AR GRAC 2024 06 12 03 16 10.000000 2  -9.021944649690E-12 -1.813070180101E-11
AR GRAC 2024 06 12 03 16 20.000000 2  -1.189276368357E-11 -4.045715845669E-11
AR GRAC 2024 06 12 03 16 30.000000 2  -1.084751906355E-11 -4.523616724261E-12
AR GRAC 2024 06 12 03 16 40.000000 2  -1.440109143047E-11 -3.411007587495E-11
AR GRAC 2024 06 12 03 16 50.000000 2  -1.072495911525E-11 -1.554653281111E-11
AR GRAC 2024 06 12 03 17  0.000000 2  -1.143101932555E-11 -3.442299223444E-11
AR GRAC 2024 06 12 03 17 10.000000 2  -9.714781062931E-12 -2.641945169579E-11
AR GRAC 2024 06 12 03 17 20.000000 2  -9.586936279560E-12 -2.276591415384E-11
AR GRAC 2024 06 12 03 17 30.000000 2  -1.327275702540E-11 -3.401237277934E-11
AR GRAC 2024 06 12 03 17 40.000000 2  -1.238881566779E-11 -1.775883780308E-11
AR GRAC 2024 06 12 03 17 50.000000 2  -1.217314964108E-11 -3.168530021691E-11
AR GRAC 2024 06 12 03 18  0.000000 2  -1.117893277947E-11 -2.487176437027E-11
AR GRAC 2024 06 12 03 18 10.000000 2  -1.331896572199E-11 -2.335822681110E-11
AR GRAC 2024 06 12 03 18 20.000000 2  -1.038555526300E-11 -3.908469034530E-11
AR GRAC 2024 06 12 03 18 30.000000 2  -1.310452527742E-11 -1.707116045746E-11
AR GRAC 2024 06 12 03 18 40.000000 2  -1.297841261544E-11 -3.539762580274E-11
AR GRAC 2024 06 12 03 18 50.000000 2  -1.297461964256E-11 -3.535409465183E-11
AR GRAC 2024 06 12 03 19  0.000000 2  -1.094552486841E-11 -3.252056263170E-11
AR GRAC 2024 06 12 03 19 10.000000 2  -1.320155269824E-11 -3.117702970790E-11
AR GRAC 2024 06 12 03 19 20.000000 2  -1.020226524789E-11 -2.405350051082E-11
AR GRAC 2024 06 12 03 19 30.000000 2  -1.060563789568E-11 -2.532997075977E-11
AR GRAC 2024 06 12 03 19 40.000000 2  -1.340813484546E-11 -2.407644222879E-11
AR GRAC 2024 06 12 03 19 50.000000 2  -1.373083331063E-11 -3.895291381117E-11
AR GRAC 2024 06 12 03 20  0.000000 2  -1.391006320545E-11 -2.419938728571E-11
AR GRAC 2024 06 12 03 20 10.000000 2  -1.453871051327E-11 -3.406586124299E-11
AR GRAC 2024 06 12 03 20 20.000000 2  -1.122983043361E-11 -2.618233234386E-11
AR GRAC 2024 06 12 03 20 30.000000 2  -1.313049408785E-11 -2.329880906260E-11
AR GRAC 2024 06 12 03 20 40.000000 2  -1.489221593265E-11 -2.519528509437E-11
AR GRAC 2024 06 12 03 20 50.000000 2  -1.211985112964E-11 -2.560176202981E-11
AR GRAC 2024 06 12 03 21  0.000000 2  -1.034637219649E-11 -2.664823917087E-11
AR GRAC 2024 06 12 03 21 10.000000 2  -1.060299504446E-11 -2.068471609273E-11
AR GRAC 2024 06 12 03 21 20.000000 2  -1.525088041965E-11 -1.790119268097E-11
AR GRAC 2024 06 12 03 21 30.000000 2  -1.502081271865E-11 -3.848767485271E-11
AR GRAC 2024 06 12 03 21 40.000000 2  -1.097480006179E-11 -2.310415400664E-11
AR GRAC 2024 06 12 03 21 50.000000 2  -1.120606558935E-11 -2.069063496923E-11
AR GRAC 2024 06 12 03 22  0.000000 2  -1.414167307562E-11 -1.784711441133E-11
AR GRAC 2024 06 12 03 22 10.000000 2  -1.237469068188E-11 -3.314359550699E-11
AR GRAC 2024 06 12 03 22 20.000000 2  -1.097474975481E-11 -2.684008050535E-11
AR GRAC 2024 06 12 03 22 30.000000 2  -1.675002671286E-11 -4.882656085003E-11
AR GRAC 2024 06 12 03 22 40.000000 2  -1.333880922383E-11 -1.919304819242E-11
AR GRAC 2024 06 12 03 22 50.000000 2  -1.547547506808E-11 -3.804953574438E-11
AR GRAC 2024 06 12 03 23  0.000000 2  -1.123282283161E-11 -1.712601935266E-11
AR GRAC 2024 06 12 03 23 10.000000 2  -1.333946841875E-11 -2.400250657952E-11
AR GRAC 2024 06 12 03 23 20.000000 2  -1.262109514122E-11 -2.540899435299E-11
AR GRAC 2024 06 12 03 23 30.000000 2  -1.081796457969E-11 -2.729548011227E-11
AR GRAC 2024 06 12 03 23 40.000000 2  -1.477630344471E-11 -2.819197132686E-11
AR GRAC 2024 06 12 03 23 50.000000 2  -1.196245446450E-11 -3.035845880239E-11
AR GRAC 2024 06 12 03 24  0.000000 2  -1.367947422004E-11 -2.495494956511E-11
AR GRAC 2024 06 12 03 24 10.000000 2  -1.293863974294E-11 -2.006144035616E-11
AR GRAC 2024 06 12 03 24 20.000000 2  -1.192674691647E-11 -2.556793145259E-11
AR GRAC 2024 06 12 03 24 30.000000 2  -1.226166217172E-11 -3.100442472204E-11
AR GRAC 2024 06 12 03 24 40.000000 2  -1.184535022153E-11 -3.438091825125E-11
AR GRAC 2024 06 12 03 24 50.000000 2  -1.356411944570E-11 -2.541741123130E-11
AR GRAC 2024 06 12 03 25  0.000000 2  -1.513898381655E-11 -1.960390530464E-11
AR GRAC 2024 06 12 03 25 10.000000 2  -1.311386676334E-11 -2.691039925617E-11
AR GRAC 2024 06 12 03 25 20.000000 2  -1.464238279236E-11 -1.779689763615E-11
AR GRAC 2024 06 12 03 25 30.000000 2  -1.078361011597E-11 -2.183339446737E-11
AR GRAC 2024 06 12 03 25 40.000000 2  -1.301038096702E-11 -2.856989124445E-11
AR GRAC 2024 06 12 03 25 50.000000 2  -1.162703180263E-11 -2.893638974266E-11
AR GRAC 2024 06 12 03 26  0.000000 2  -1.209581306644E-11 -2.726288986232E-11
AR GRAC 2024 06 12 03 26 10.000000 2  -1.549995548578E-11 -2.681938872373E-11
AR GRAC 2024 06 12 03 26 20.000000 2  -1.131473387206E-11 -1.950588822408E-11
AR GRAC 2024 06 12 03 26 30.000000 2  -1.345541993797E-11 -2.639239000957E-11
AR GRAC 2024 06 12 03 26 40.000000 2  -1.110188156683E-11 -1.116889219999E-11
AR GRAC 2024 06 12 03 26 50.000000 2  -1.444496605663E-11 -1.941539637396E-11
AR GRAC 2024 06 12 03 27  0.000000 2  -1.246129848614E-11 -2.800189767560E-11
AR GRAC 2024 06 12 03 27 10.000000 2  -1.205427598017E-11 -1.710840150104E-11
AR GRAC 2024 06 12 03 27 20.000000 2  -1.171664241323E-11 -3.012490604193E-11
AR GRAC 2024 06 12 03 27 30.000000 2  -1.236909186186E-11 -2.187141266707E-11
AR GRAC 2024 06 12 03 27 40.000000 2  -1.337328772028E-11 -2.210791966162E-11
AR GRAC 2024 06 12 03 27 50.000000 2  -1.052268168433E-11 -4.024424456878E-12
AR GRAC 2024 06 12 03 28  0.000000 2  -1.235802345873E-11 -3.637093751174E-11
AR GRAC 2024 06 12 03 28 10.000000 2  -1.233119162336E-11 -1.893744189241E-11
AR GRAC 2024 06 12 03 28 20.000000 2  -1.269905014478E-11 -2.457395224809E-11
AR GRAC 2024 06 12 03 28 30.000000 2  -1.346168315708E-11 -1.452046122230E-11
AR GRAC 2024 06 12 03 28 40.000000 2  -1.315491552495E-11 -2.134697280054E-11
AR GRAC 2024 06 12 03 28 50.000000 2  -1.311840479995E-11 -1.049348281879E-11
AR GRAC 2024 06 12 03 29  0.000000 2  -1.130654424253E-11 -2.217999742204E-11
AR GRAC 2024 06 12 03 29 10.000000 2  -1.144390485153E-11 -1.839650827506E-11
AR GRAC 2024 06 12 03 29 20.000000 2  -1.171187886256E-11 -2.134302283519E-11
AR GRAC 2024 06 12 03 29 30.000000 2  -1.270613388810E-11 -2.710953683760E-11
AR GRAC 2024 06 12 03 29 40.000000 2  -1.158155515935E-11 -5.860507391875E-13
AR GRAC 2024 06 12 03 29 50.000000 2  -1.161914401498E-11 -3.848256782679E-11
AR GRAC 2024 06 12 03 30  0.000000 2  -9.815918043665E-12 -1.517908541915E-11
AR GRAC 2024 06 12 03 30 10.000000 2  -1.073619925601E-11 -8.605601474476E-12
AR GRAC 2024 06 12 03 30 20.000000 2  -1.091230578121E-11 -8.052118867508E-12
AR GRAC 2024 06 12 03 30 30.000000 2  -1.163915491764E-11 -2.061863874081E-11
AR GRAC 2024 06 12 03 30 40.000000 2  -1.137419065184E-11 -2.292515829949E-11
AR GRAC 2024 06 12 03 30 50.000000 2  -8.751279215180E-12 -3.241678626920E-12
AR GRAC 2024 06 12 03 31  0.000000 2  -1.389489218129E-11 -2.789819937565E-11
AR GRAC 2024 06 12 03 31 10.000000 2  -9.775363678244E-12 -1.240472047997E-11
AR GRAC 2024 06 12 03 31 20.000000 2  -1.051289003767E-11 -1.742124326742E-11
AR GRAC 2024 06 12 03 31 30.000000 2  -9.749617779775E-12 -6.167766818110E-12
AR GRAC 2024 06 12 03 31 40.000000 2  -1.167797802903E-11 -5.844289462098E-12
AR GRAC 2024 06 12 03 31 50.000000 2  -9.341779953764E-12 -1.352081554357E-11
AR GRAC 2024 06 12 03 32  0.000000 2  -1.067707467578E-11 -4.238734016559E-11
AR GRAC 2024 06 12 03 32 10.000000 2  -1.125251107570E-11  4.066135015496E-12
AR GRAC 2024 06 12 03 32 20.000000 2  -9.130167108462E-12 -2.300039499137E-11
AR GRAC 2024 06 12 03 32 30.000000 2  -9.532367083176E-12 -2.330692062957E-11
AR GRAC 2024 06 12 03 32 40.000000 2  -1.030271007396E-11  1.393655156556E-11
AR GRAC 2024 06 12 03 32 50.000000 2  -9.570479825305E-12 -2.725997899633E-11
AR GRAC 2024 06 12 03 33  0.000000 2  -1.165834616346E-11 -1.864650621408E-11
AR GRAC 2024 06 12 03 33 10.000000 2  -6.366371405747E-12 -1.674303751198E-11
AR GRAC 2024 06 12 03 33 20.000000 2  -1.327500869647E-11 -9.369569356488E-12
AR GRAC 2024 06 12 03 33 30.000000 2  -5.326836628045E-12 -1.051610101083E-11
AR GRAC 2024 06 12 03 33 40.000000 2  -7.142973712515E-12  6.673662815947E-13
AR GRAC 2024 06 12 03 33 50.000000 2  -7.285180271543E-12 -1.530916712844E-11
AR GRAC 2024 06 12 03 34  0.000000 2  -7.148228623605E-12 -2.039570075330E-11
AR GRAC 2024 06 12 03 34 10.000000 2  -1.039859257729E-11  4.627764317588E-12
AR GRAC 2024 06 12 03 34 20.000000 2  -7.116871762053E-12 -1.832877079277E-11
AR GRAC 2024 06 12 03 34 30.000000 2  -9.959100384649E-12 -7.655308678634E-12
AR GRAC 2024 06 12 03 34 40.000000 2  -1.073748208402E-11  8.848153980334E-12
AR GRAC 2024 06 12 03 34 50.000000 2  -1.040330755570E-11 -3.503838538754E-11
AR GRAC 2024 06 12 03 35  0.000000 2  -6.749648149423E-12 -9.174920372057E-12
AR GRAC 2024 06 12 03 35 10.000000 2  -6.321306759288E-12 -1.324146174653E-11
AR GRAC 2024 06 12 03 35 20.000000 2  -8.953816854618E-12 -6.480002623897E-13
AR GRAC 2024 06 12 03 35 30.000000 2  -6.841061137713E-12 -6.904540307551E-12
AR GRAC 2024 06 12 03 35 40.000000 2  -5.446931534286E-12 -5.011083128309E-12
AR GRAC 2024 06 12 03 35 50.000000 2  -6.825325027382E-12 -4.567624924123E-12
AR GRAC 2024 06 12 03 36  0.000000 2  -8.402493978377E-12 -5.294167448183E-12
AR GRAC 2024 06 12 03 36 10.000000 2  -7.888137192047E-12 -6.510712108332E-12
AR GRAC 2024 06 12 03 36 20.000000 2  -7.657078096579E-12  3.572743446575E-12
AR GRAC 2024 06 12 03 36 30.000000 2  -9.307043850881E-12 -2.094380224804E-11
AR GRAC 2024 06 12 03 36 40.000000 2  -4.547713334385E-12  1.172965110458E-11
AR GRAC 2024 06 12 03 36 50.000000 2  -5.085736953098E-12 -2.709689243818E-11
AR GRAC 2024 06 12 03 37  0.000000 2  -8.065537820956E-12  3.926558297257E-12
AR GRAC 2024 06 12 03 37 10.000000 2  -7.531441616193E-12 -5.289988499330E-12
AR GRAC 2024 06 12 03 37 20.000000 2  -9.037512058163E-12 -8.476538047864E-12
AR GRAC 2024 06 12 03 37 30.000000 2  -4.314167079134E-12  2.046912986331E-12
AR GRAC 2024 06 12 03 37 40.000000 2  -6.283006667024E-12 -1.201963875652E-11
AR GRAC 2024 06 12 03 37 50.000000 2  -5.913712661926E-12  1.313381174650E-11
AR GRAC 2024 06 12 03 38  0.000000 2  -5.373935237779E-12  4.427258906703E-12
AR GRAC 2024 06 12 03 38 10.000000 2  -6.828927180680E-12  1.324070800918E-11
AR GRAC 2024 06 12 03 38 20.000000 2  -8.387430507073E-12 -1.277584548570E-11
AR GRAC 2024 06 12 03 38 30.000000 2  -2.760881584116E-12 -9.142401245776E-12
AR GRAC 2024 06 12 03 38 40.000000 2  -3.584302342777E-12  9.041045689884E-12
AR GRAC 2024 06 12 03 38 50.000000 2  -4.008257267762E-12  3.574489662594E-12
AR GRAC 2024 06 12 03 39  0.000000 2  -7.567191664948E-12 -1.493206600034E-11
AR GRAC 2024 06 12 03 39 10.000000 2  -6.589084312891E-12  3.891377237802E-12
AR GRAC 2024 06 12 03 39 20.000000 2  -4.004646874528E-12 -4.035179308748E-12
AR GRAC 2024 06 12 03 39 30.000000 2  -4.876721856201E-12  6.658261181985E-12
AR GRAC 2024 06 12 03 39 40.000000 2  -3.497998982485E-12  9.517021502467E-13
AR GRAC 2024 06 12 03 39 50.000000 2  -4.334159333513E-12 -2.844857162343E-12
AR GRAC 2024 06 12 03 40  0.000000 2  -3.730174155669E-12  1.144858079866E-11
AR GRAC 2024 06 12 03 40 10.000000 2  -8.521226259328E-12 -5.207978579641E-12
AR GRAC 2024 06 12 03 40 20.000000 2  -1.685584072493E-12 -4.864541061633E-12
AR GRAC 2024 06 12 03 40 30.000000 2  -1.473362664511E-12  1.084889556663E-11
AR GRAC 2024 06 12 03 40 40.000000 2  -5.320503152634E-12  1.111233327578E-11
AR GRAC 2024 06 12 03 40 50.000000 2  -2.849581898570E-12 -6.494233102672E-12
AR GRAC 2024 06 12 03 41  0.000000 2  -2.954454606310E-12  1.688920531207E-11
AR GRAC 2024 06 12 03 41 10.000000 2  -6.284817284652E-12  8.926376348153E-13
AR GRAC 2024 06 12 03 41 20.000000 2  -1.233878342381E-12  1.625607114197E-11
AR GRAC 2024 06 12 03 41 30.000000 2  -3.395788424759E-12  7.139505566606E-12
AR GRAC 2024 06 12 03 41 40.000000 2  -3.904238911334E-12  5.102937170043E-12
AR GRAC 2024 06 12 03 41 50.000000 2  -1.775444158011E-12  1.636636833002E-11
AR GRAC 2024 06 12 03 42  0.000000 2  -5.316138588368E-12  1.333979975093E-11
AR GRAC 2024 06 12 03 42 10.000000 2  -3.256340509739E-12  7.543230796936E-12
AR GRAC 2024 06 12 03 42 20.000000 2  -7.306868868642E-13  9.376657436611E-12
AR GRAC 2024 06 12 03 42 30.000000 2  -4.667307772904E-12  8.430088224709E-12
AR GRAC 2024 06 12 03 42 40.000000 2  -2.950199763305E-12  2.544351361544E-11
AR GRAC 2024 06 12 03 42 50.000000 2  -1.447702201174E-12  1.131693870560E-11
AR GRAC 2024 06 12 03 43  0.000000 2  -1.125725055708E-12  5.280368590294E-12
AR GRAC 2024 06 12 03 43 10.000000 2  -2.686620240513E-12 -3.816207332780E-12
AR GRAC 2024 06 12 03 43 20.000000 2  -1.186369470545E-12  1.827721654579E-11
AR GRAC 2024 06 12 03 43 30.000000 2  -4.327628966988E-12  1.366064119462E-11
AR GRAC 2024 06 12 03 43 40.000000 2  -6.205761599043E-12  3.870406425910E-11
AR GRAC 2024 06 12 03 43 50.000000 2  -2.474563522842E-12  1.000748876129E-11
AR GRAC 2024 06 12 03 44  0.000000 2  -1.497010414936E-12  1.330090985269E-11
AR GRAC 2024 06 12 03 44 10.000000 2  -1.597807715130E-12  1.692432825828E-11
AR GRAC 2024 06 12 03 44 20.000000 2  -4.077115706679E-13  1.399775174243E-11
AR GRAC 2024 06 12 03 44 30.000000 2  -3.310997092817E-12  1.612117210559E-11
AR GRAC 2024 06 12 03 44 40.000000 2   2.876749402927E-13  1.584459126402E-11
AR GRAC 2024 06 12 03 44 50.000000 2   1.617551307741E-13  1.457800893889E-11
AR GRAC 2024 06 12 03 45  0.000000 2   1.257245040498E-13  1.158142592245E-11
AR GRAC 2024 06 12 03 45 10.000000 2   1.084810084644E-12  1.925484077736E-11
AR GRAC 2024 06 12 03 45 20.000000 2  -3.290536246259E-12  7.238258169923E-12
AR GRAC 2024 06 12 03 45 30.000000 2  -6.540150602888E-15  2.556167257028E-11
AR GRAC 2024 06 12 03 45 40.000000 2   6.604948250659E-13  1.864508894500E-11
AR GRAC 2024 06 12 03 45 50.000000 2   8.950427747047E-13  3.070850518316E-11
AR GRAC 2024 06 12 03 46  0.000000 2  -1.278405332983E-12  9.851917025239E-12
AR GRAC 2024 06 12 03 46 10.000000 2   1.223065567010E-13  2.229532704290E-11
AR GRAC 2024 06 12 03 46 20.000000 2  -4.867298513019E-13  2.119874067952E-11
AR GRAC 2024 06 12 03 46 30.000000 2   1.054560518771E-12  1.614215011658E-11
AR GRAC 2024 06 12 03 46 40.000000 2   2.461357289860E-12  1.940556049185E-11
AR GRAC 2024 06 12 03 46 50.000000 2   5.344506304530E-13  2.646897111214E-11
AR GRAC 2024 06 12 03 47  0.000000 2   2.308647847546E-12  3.233237982903E-11
AR GRAC 2024 06 12 03 47 10.000000 2   3.499475557424E-13  1.340578776460E-11
AR GRAC 2024 06 12 03 47 20.000000 2   6.069464050275E-13  1.787919638729E-11
AR GRAC 2024 06 12 03 47 30.000000 2  -1.186784611557E-12  1.132260171038E-11
AR GRAC 2024 06 12 03 47 40.000000 2   4.143882285923E-12  3.226600930883E-11
AR GRAC 2024 06 12 03 47 50.000000 2   5.142885900131E-13  2.328941033081E-11
AR GRAC 2024 06 12 03 48  0.000000 2   2.447921206017E-12  9.482817309170E-12
AR GRAC 2024 06 12 03 48 10.000000 2   4.343417119024E-12  2.075621792497E-11
AR GRAC 2024 06 12 03 48 20.000000 2   9.214316592718E-13  3.463962450212E-11
AR GRAC 2024 06 12 03 48 30.000000 2   4.729614594932E-13  2.602302574817E-11
AR GRAC 2024 06 12 03 48 40.000000 2   3.121637063425E-12  3.018642974473E-11
AR GRAC 2024 06 12 03 48 50.000000 2   8.112690749219E-13  1.219982621870E-11
AR GRAC 2024 06 12 03 49  0.000000 2  -1.098967813452E-12  2.866323151052E-11
AR GRAC 2024 06 12 03 49 10.000000 2   4.770588438174E-12  1.607662440672E-11
AR GRAC 2024 06 12 03 49 20.000000 2   4.142171848576E-12  4.065002848219E-11
AR GRAC 2024 06 12 03 49 30.000000 2   3.951664516444E-12  3.610342580451E-11
AR GRAC 2024 06 12 03 49 40.000000 2   7.531025499399E-13  7.616819501510E-12
AR GRAC 2024 06 12 03 49 50.000000 2   1.745618081507E-12  2.117021662140E-11
