 2.00 C RINEX VERSION / TYPE
 10.00 INTERVAL
 1 AR # / TYPES OF DATA
 END OF HEADER
AR GRAC 2024 06 01 01 50  0.000000 2   2.098576304052E-12 -2.300467455418E-11
AR GRAC 2024 06 01 01 50 10.000000 2  -6.891787054236E-12 -9.671007050738E-12
AR GRAC 2024 06 01 01 50 20.000000 2  -1.362541264711E-12 -1.389934087964E-11
AR GRAC 2024 06 01 01 50 30.000000 2  -8.075862027723E-12 -1.123267277803E-11
AR GRAC 2024 06 01 01 50 40.000000 2  -6.078998849440E-12 -2.824006219843E-12
AR GRAC 2024 06 01 01 50 50.000000 2  -2.891040054923E-12 -2.361734072198E-11
AR GRAC 2024 06 01 01 51  0.000000 2  -6.798551738935E-12 -9.244674470388E-12
AR GRAC 2024 06 01 01 51 10.000000 2  -7.113532853043E-12 -2.403800943018E-11
AR GRAC 2024 06 01 01 51 20.000000 2  -6.336529825152E-12 -1.230234317195E-11
AR GRAC 2024 06 01 01 51 30.000000 2  -7.913106801760E-12 -2.199679023998E-12
AR GRAC 2024 06 01 01 51 40.000000 2  -2.083494184471E-12 -2.470901434848E-11
AR GRAC 2024 06 01 01 51 50.000000 2  -5.985658149688E-12 -1.564934987153E-11
AR GRAC 2024 06 01 01 52  0.000000 2  -9.723451210863E-12 -2.004368719610E-11
AR GRAC 2024 06 01 01 52 10.000000 2  -5.406068388086E-12 -1.738602491141E-11
AR GRAC 2024 06 01 01 52 20.000000 2  -2.960587721160E-12 -2.563136161648E-11
AR GRAC 2024 06 01 01 52 30.000000 2  -6.307821018986E-12 -2.364669918209E-11
AR GRAC 2024 06 01 01 52 40.000000 2  -5.238193559465E-12 -1.504036912375E-12
AR GRAC 2024 06 01 01 52 50.000000 2  -8.484983549106E-12 -1.658337703270E-11
AR GRAC 2024 06 01 01 53  0.000000 2  -2.893109200559E-13 -1.826671626459E-11
AR GRAC 2024 06 01 01 53 10.000000 2  -5.481489394332E-12 -3.361605438457E-11
AR GRAC 2024 06 01 01 53 20.000000 2  -6.559673811080E-12 -7.038393739361E-12
AR GRAC 2024 06 01 01 53 30.000000 2  -8.181622046521E-12 -2.481473533600E-11
AR GRAC 2024 06 01 01 53 40.000000 2  -4.413475661325E-12 -2.864807349678E-11
AR GRAC 2024 06 01 01 53 50.000000 2  -1.145483621151E-11 -2.898416966504E-12
AR GRAC 2024 06 01 01 54  0.000000 2  -1.216633998408E-11 -2.380475851160E-11
AR GRAC 2024 06 01 01 54 10.000000 2  -5.386077001068E-12 -1.541309961606E-11
AR GRAC 2024 06 01 01 54 20.000000 2  -8.299203338447E-12 -1.952344189093E-11
AR GRAC 2024 06 01 01 54 30.000000 2  -4.336966116097E-12 -3.502078141371E-11
AR GRAC 2024 06 01 01 54 40.000000 2  -7.523417652755E-12 -2.024912876264E-11
AR GRAC 2024 06 01 01 54 50.000000 2  -1.003766687824E-11 -2.232247199585E-11
AR GRAC 2024 06 01 01 55  0.000000 2  -7.989710455736E-12 -2.390781669859E-11
AR GRAC 2024 06 01 01 55 10.000000 2  -7.948738889318E-12 -2.354516061287E-11
AR GRAC 2024 06 01 01 55 20.000000 2  -5.511912540973E-12 -1.274650524019E-11
AR GRAC 2024 06 01 01 55 30.000000 2  -6.963430700113E-12 -1.938285122682E-11
AR GRAC 2024 06 01 01 55 40.000000 2  -8.522898532759E-12 -2.241919497270E-11
AR GRAC 2024 06 01 01 55 50.000000 2  -9.611978747659E-12 -2.318554202796E-11
AR GRAC 2024 06 01 01 56  0.000000 2  -8.076926280576E-12 -3.361688705183E-11
AR GRAC 2024 06 01 01 56 10.000000 2  -7.565206273930E-12 -2.742523569355E-11
AR GRAC 2024 06 01 01 56 20.000000 2  -6.507615626927E-12 -6.080581784612E-12
AR GRAC 2024 06 01 01 56 30.000000 2  -8.675990481599E-12 -3.383292951353E-11
AR GRAC 2024 06 01 01 56 40.000000 2  -5.666959089490E-12 -8.924277983269E-12
AR GRAC 2024 06 01 01 56 50.000000 2  -8.089450116711E-12 -1.247762743822E-11
AR GRAC 2024 06 01 01 57  0.000000 2  -9.518649757290E-12 -2.955897332457E-11
AR GRAC 2024 06 01 01 57 10.000000 2  -1.187572956640E-11 -3.259132547173E-11
AR GRAC 2024 06 01 01 57 20.000000 2  -1.127738787771E-11 -2.583567561276E-11
AR GRAC 2024 06 01 01 57 30.000000 2  -6.551775181413E-12 -2.918802699536E-11
AR GRAC 2024 06 01 01 57 40.000000 2  -9.112342824746E-12 -3.143337326539E-11
AR GRAC 2024 06 01 01 57 50.000000 2  -9.497909403411E-12 -1.993172640824E-11
AR GRAC 2024 06 01 01 58  0.000000 2  -1.169447264721E-11 -1.819707926010E-11
AR GRAC 2024 06 01 01 58 10.000000 2  -1.033400448547E-11 -3.497842987477E-11
AR GRAC 2024 06 01 01 58 20.000000 2  -9.686064450509E-12 -1.653478222396E-11
AR GRAC 2024 06 01 01 58 30.000000 2  -7.262242890382E-12 -2.586013521377E-11
AR GRAC 2024 06 01 01 58 40.000000 2  -9.405590889466E-12 -2.834548915032E-11
AR GRAC 2024 06 01 01 58 50.000000 2  -1.559009171759E-11 -2.241184147989E-11
AR GRAC 2024 06 01 01 59  0.000000 2  -5.398181034122E-12 -2.766119451547E-11
AR GRAC 2024 06 01 01 59 10.000000 2  -8.170353282821E-12 -3.292154743262E-11
AR GRAC 2024 06 01 01 59 20.000000 2  -8.799769073142E-12 -1.201190362454E-11
AR GRAC 2024 06 01 01 59 30.000000 2  -1.257612416983E-11 -1.486325819366E-11
AR GRAC 2024 06 01 01 59 40.000000 2  -4.506723987052E-12 -2.985761637930E-11
AR GRAC 2024 06 01 01 59 50.000000 2  -1.195511658419E-11 -2.076997081268E-11
AR GRAC 2024 06 01 02 00  0.000000 2  -1.475813048157E-11 -2.622532573049E-11
AR GRAC 2024 06 01 02 00 10.000000 2  -1.370672412376E-11 -3.513167881608E-11
AR GRAC 2024 06 01 02 00 20.000000 2  -9.505314070568E-12 -1.746204049413E-11
AR GRAC 2024 06 01 02 00 30.000000 2  -5.774215307286E-12 -2.259939631266E-11
AR GRAC 2024 06 01 02 00 40.000000 2  -8.129998410600E-12 -2.392675640950E-11
AR GRAC 2024 06 01 02 00 50.000000 2  -8.482733612758E-12 -3.276411433828E-11
AR GRAC 2024 06 01 02 01  0.000000 2  -6.072047812472E-12 -2.264747243907E-11
AR GRAC 2024 06 01 02 01 10.000000 2  -1.101998266945E-11 -3.500683076751E-11
AR GRAC 2024 06 01 02 01 20.000000 2  -1.171704920588E-11 -2.126119072465E-11
AR GRAC 2024 06 01 02 01 30.000000 2  -6.792074281475E-12 -2.379255126250E-11
AR GRAC 2024 06 01 02 01 40.000000 2  -6.039048167789E-12 -2.336391149993E-11
AR GRAC 2024 06 01 02 01 50.000000 2  -1.204609589162E-11 -2.133727396159E-11
AR GRAC 2024 06 01 02 02  0.000000 2  -1.427702053802E-11 -4.151163093824E-11
AR GRAC 2024 06 01 02 02 10.000000 2  -1.202660106919E-11 -2.430699391764E-11
AR GRAC 2024 06 01 02 02 20.000000 2  -8.868886527957E-12 -2.283135659698E-11
AR GRAC 2024 06 01 02 02 30.000000 2  -1.099148376482E-11 -1.916971963112E-11
AR GRAC 2024 06 01 02 02 40.000000 2  -6.456211433525E-12 -3.064008421982E-11
AR GRAC 2024 06 01 02 02 50.000000 2  -1.375416620875E-11 -2.100244630987E-11
AR GRAC 2024 06 01 02 03  0.000000 2  -1.088900324075E-11 -3.220880853694E-11
AR GRAC 2024 06 01 02 03 10.000000 2  -8.728980212258E-12 -2.300517415454E-11
AR GRAC 2024 06 01 02 03 20.000000 2  -7.545713186230E-12 -1.486853869193E-11
AR GRAC 2024 06 01 02 03 30.000000 2  -1.307225681868E-11 -3.646290561155E-11
AR GRAC 2024 06 01 02 03 40.000000 2  -8.416333602268E-12 -1.904527056895E-11
AR GRAC 2024 06 01 02 03 50.000000 2  -1.185948127896E-11 -2.433863527385E-11
AR GRAC 2024 06 01 02 04  0.000000 2  -9.799091225948E-12 -2.273500138150E-11
AR GRAC 2024 06 01 02 04 10.000000 2  -7.885448370659E-12 -1.723836871859E-11
AR GRAC 2024 06 01 02 04 20.000000 2  -5.216142622000E-12 -3.017773184122E-11
AR GRAC 2024 06 01 02 04 30.000000 2  -1.148384599220E-11 -1.627610199395E-11
AR GRAC 2024 06 01 02 04 40.000000 2  -5.981904641766E-12 -3.604446602301E-11
AR GRAC 2024 06 01 02 04 50.000000 2  -6.267327802567E-12 -2.366283904931E-11
AR GRAC 2024 06 01 02 05  0.000000 2  -1.145184554824E-11 -8.269205632738E-12
AR GRAC 2024 06 01 02 05 10.000000 2  -7.634256074529E-12 -3.671857262688E-11
AR GRAC 2024 06 01 02 05 20.000000 2  -8.756291698664E-12 -3.645944657293E-12
AR GRAC 2024 06 01 02 05 30.000000 2  -1.066976802050E-11 -4.993531282915E-11
AR GRAC 2024 06 01 02 05 40.000000 2  -5.205798032232E-12 -7.896685041975E-12
AR GRAC 2024 06 01 02 05 50.000000 2  -9.106097820233E-12 -2.071805574322E-11
AR GRAC 2024 06 01 02 06  0.000000 2  -7.995637138491E-12 -2.082042697971E-11
AR GRAC 2024 06 01 02 06 10.000000 2  -7.799766041372E-12 -2.468479760875E-11
AR GRAC 2024 06 01 02 06 20.000000 2  -1.090324705522E-11 -1.771716974519E-11
AR GRAC 2024 06 01 02 06 30.000000 2  -5.516323075411E-12 -1.499154272944E-11
AR GRAC 2024 06 01 02 06 40.000000 2  -1.169013150171E-11 -1.591391601830E-11
AR GRAC 2024 06 01 02 06 50.000000 2  -9.441384306308E-12 -3.123228758950E-11
AR GRAC 2024 06 01 02 07  0.000000 2  -1.172569680241E-11 -3.116366192879E-11
AR GRAC 2024 06 01 02 07 10.000000 2  -5.883000683826E-12 -6.833035439552E-12
AR GRAC 2024 06 01 02 07 20.000000 2  -5.285111757958E-12 -3.800641051876E-11
AR GRAC 2024 06 01 02 07 30.000000 2  -9.317500763995E-12 -1.574878595589E-11
AR GRAC 2024 06 01 02 07 40.000000 2  -9.599232866919E-12 -2.620116103247E-11
AR GRAC 2024 06 01 02 07 50.000000 2  -3.283091897302E-12 -2.316753559828E-11
AR GRAC 2024 06 01 02 08  0.000000 2  -3.884231478124E-12 -2.019491344984E-11
AR GRAC 2024 06 01 02 08 10.000000 2  -4.862771643688E-12 -3.519128391472E-11
AR GRAC 2024 06 01 02 08 20.000000 2  -8.406613079270E-12 -2.292665189640E-12
AR GRAC 2024 06 01 02 08 30.000000 2  -1.187617278825E-11 -1.923404144288E-11
AR GRAC 2024 06 01 02 08 40.000000 2  -3.903439637493E-12 -2.412841974830E-11
AR GRAC 2024 06 01 02 08 50.000000 2  -4.655923216412E-12 -2.865379808425E-11
AR GRAC 2024 06 01 02 09  0.000000 2  -9.848816207025E-12 -1.419117774681E-11
AR GRAC 2024 06 01 02 09 10.000000 2  -6.958050888933E-12 -1.411255747680E-11
AR GRAC 2024 06 01 02 09 20.000000 2  -2.772503147203E-12 -1.404793555787E-11
AR GRAC 2024 06 01 02 09 30.000000 2  -7.487262546069E-12 -2.543931558463E-11
AR GRAC 2024 06 01 02 09 40.000000 2  -6.052386456595E-12 -2.584069416778E-11
AR GRAC 2024 06 01 02 09 50.000000 2  -3.171110943279E-12 -1.485807483992E-11
AR GRAC 2024 06 01 02 10  0.000000 2  -1.068719245045E-11 -1.510245574432E-11
AR GRAC 2024 06 01 02 10 10.000000 2  -7.795608776562E-12 -3.805837589521E-12
AR GRAC 2024 06 01 02 10 20.000000 2  -4.113965678537E-12 -3.159022002319E-11
AR GRAC 2024 06 01 02 10 30.000000 2  -6.157038420773E-12 -1.082660263524E-11
AR GRAC 2024 06 01 02 10 40.000000 2  -5.108676068982E-12 -3.441498475087E-11
AR GRAC 2024 06 01 02 10 50.000000 2  -5.362964412836E-12 -1.555936803010E-11
AR GRAC 2024 06 01 02 11  0.000000 2  -3.847565061693E-12 -9.115751556377E-12
AR GRAC 2024 06 01 02 11 10.000000 2  -1.084796141804E-11  2.076866022910E-12
AR GRAC 2024 06 01 02 11 20.000000 2  -5.478606283915E-12 -1.617651845809E-11
AR GRAC 2024 06 01 02 11 30.000000 2  -2.852140832538E-12 -2.691190326143E-11
AR GRAC 2024 06 01 02 11 40.000000 2  -1.120603696642E-11 -1.671528887526E-11
AR GRAC 2024 06 01 02 11 50.000000 2  -4.616914923289E-12 -2.847674353268E-12
AR GRAC 2024 06 01 02 12  0.000000 2  -2.748164759994E-12 -5.413059757375E-12
AR GRAC 2024 06 01 02 12 10.000000 2  -1.953229678692E-12  1.176553537756E-12
AR GRAC 2024 06 01 02 12 20.000000 2   6.834028243481E-13 -1.772583295423E-11
AR GRAC 2024 06 01 02 12 30.000000 2  -1.099111253400E-11 -1.790621990960E-11
AR GRAC 2024 06 01 02 12 40.000000 2  -2.216258860460E-12 -7.248606662819E-12
AR GRAC 2024 06 01 02 12 50.000000 2  -6.435320158704E-12 -1.816999502247E-11
AR GRAC 2024 06 01 02 13  0.000000 2  -6.022742200795E-12 -1.537384152275E-12
AR GRAC 2024 06 01 02 13 10.000000 2  -3.848599824247E-12 -3.087877523122E-11
AR GRAC 2024 06 01 02 13 20.000000 2  -8.729348840997E-12 -5.674161661362E-12
AR GRAC 2024 06 01 02 13 30.000000 2  -7.772580322418E-13 -1.645551208317E-12
AR GRAC 2024 06 01 02 13 40.000000 2  -1.839101787526E-12 -9.829408337617E-13
AR GRAC 2024 06 01 02 13 50.000000 2  -6.455715302611E-12 -1.424233300740E-11
AR GRAC 2024 06 01 02 14  0.000000 2  -5.889714063678E-12 -6.882721823032E-12
AR GRAC 2024 06 01 02 14 10.000000 2  -3.753776369603E-12 -7.577114283230E-12
AR GRAC 2024 06 01 02 14 20.000000 2  -4.414731601121E-12 -1.144750527010E-11
AR GRAC 2024 06 01 02 14 30.000000 2  -4.264531002635E-12 -1.242889732106E-11
AR GRAC 2024 06 01 02 14 40.000000 2  -2.359860787685E-12 -2.173229131375E-11
AR GRAC 2024 06 01 02 14 50.000000 2  -6.292656933721E-12 -4.509682557940E-12
AR GRAC 2024 06 01 02 15  0.000000 2   2.056291877224E-13 -1.780075978113E-12
AR GRAC 2024 06 01 02 15 10.000000 2  -2.636625076255E-12 -4.451469574895E-12
AR GRAC 2024 06 01 02 15 20.000000 2  -1.091411141151E-12 -2.579586370899E-11
AR GRAC 2024 06 01 02 15 30.000000 2   2.736884286911E-12 -5.417257788187E-12
AR GRAC 2024 06 01 02 15 40.000000 2  -7.290485055933E-12 -2.610653230053E-12
AR GRAC 2024 06 01 02 15 50.000000 2   7.020578237683E-13  2.594951380511E-12
AR GRAC 2024 06 01 02 16  0.000000 2  -7.150544045764E-12 -2.012044524047E-11
AR GRAC 2024 06 01 02 16 10.000000 2   1.032596642740E-12  1.707158828364E-12
AR GRAC 2024 06 01 02 16 20.000000 2   2.544670637400E-12  2.309763274741E-12
AR GRAC 2024 06 01 02 16 30.000000 2  -1.060091901414E-12 -2.228063393506E-11
AR GRAC 2024 06 01 02 16 40.000000 2  -3.131117110380E-12 -1.448003175697E-11
AR GRAC 2024 06 01 02 16 50.000000 2  -2.764608854344E-12  2.125570986583E-12
AR GRAC 2024 06 01 02 17  0.000000 2  -3.191640961936E-12 -4.991827697726E-12
AR GRAC 2024 06 01 02 17 10.000000 2   6.654777857246E-12 -1.115422684772E-11
AR GRAC 2024 06 01 02 17 20.000000 2  -7.047610325189E-12  1.532374921398E-12
AR GRAC 2024 06 01 02 17 30.000000 2   5.515891129265E-12 -6.113025016741E-12
AR GRAC 2024 06 01 02 17 40.000000 2   6.341769557411E-13  5.925576002097E-12
AR GRAC 2024 06 01 02 17 50.000000 2   1.676119129829E-14 -4.808251778503E-13
AR GRAC 2024 06 01 02 18  0.000000 2  -5.880302755140E-13 -1.605722499409E-11
AR GRAC 2024 06 01 02 18 10.000000 2   2.388890517693E-12 -4.691626861314E-12
AR GRAC 2024 06 01 02 18 20.000000 2   1.092779079032E-12 -7.780028357662E-12
AR GRAC 2024 06 01 02 18 30.000000 2   5.312515835229E-13  9.015701596740E-13
AR GRAC 2024 06 01 02 18 40.000000 2  -6.556877978937E-13  1.771678100450E-13
AR GRAC 2024 06 01 02 18 50.000000 2  -1.569555900180E-12  8.042765238525E-12
AR GRAC 2024 06 01 02 19  0.000000 2   3.454355074553E-12 -1.821863840346E-11
AR GRAC 2024 06 01 02 19 10.000000 2   4.690409519115E-12 -9.569042606905E-12
AR GRAC 2024 06 01 02 19 20.000000 2   4.603387983304E-13  5.831553989699E-12
AR GRAC 2024 06 01 02 19 30.000000 2  -5.373788436805E-13  1.365715093099E-11
AR GRAC 2024 06 01 02 19 40.000000 2   6.823415530516E-12  2.641674552717E-11
AR GRAC 2024 06 01 02 19 50.000000 2  -5.204094533778E-13 -7.169660264789E-12
AR GRAC 2024 06 01 02 20  0.000000 2   3.643811381099E-12 -1.730806643840E-11
AR GRAC 2024 06 01 02 20 10.000000 2   5.197636483538E-13 -1.042747225372E-11
AR GRAC 2024 06 01 02 20 20.000000 2  -1.514187429955E-12  3.247122406028E-12
AR GRAC 2024 06 01 02 20 30.000000 2   8.433853442014E-12  6.408715138434E-12
AR GRAC 2024 06 01 02 20 40.000000 2   1.115693583527E-12 -5.616921858187E-13
AR GRAC 2024 06 01 02 20 50.000000 2   6.142078165516E-12  5.758900301078E-12
AR GRAC 2024 06 01 02 21  0.000000 2   4.406930549650E-12  1.129649238735E-11
AR GRAC 2024 06 01 02 21 10.000000 2   4.253825156703E-12  3.397084046355E-12
AR GRAC 2024 06 01 02 21 20.000000 2   6.630736758273E-12  1.160367461839E-11
AR GRAC 2024 06 01 02 21 30.000000 2  -1.908557730260E-12 -5.900734761921E-12
AR GRAC 2024 06 01 02 21 40.000000 2   1.056729617005E-11  5.653856289395E-12
AR GRAC 2024 06 01 02 21 50.000000 2  -2.580416349346E-12 -2.112554922662E-12
AR GRAC 2024 06 01 02 22  0.000000 2   7.207388331987E-12  1.894803411395E-11
AR GRAC 2024 06 01 02 22 10.000000 2   2.864926611917E-12  3.763623961095E-12
AR GRAC 2024 06 01 02 22 20.000000 2   3.776696403529E-12 -2.021787034664E-12
AR GRAC 2024 06 01 02 22 30.000000 2   7.563218280826E-12  9.579800494541E-12
AR GRAC 2024 06 01 02 22 40.000000 2   5.073510622039E-12  2.020738958108E-11
AR GRAC 2024 06 01 02 22 50.000000 2   6.277448721427E-13 -1.855023730110E-12
AR GRAC 2024 06 01 02 23  0.000000 2   5.558214478951E-12  1.027556165156E-11
AR GRAC 2024 06 01 02 23 10.000000 2   6.370549487239E-12  6.708150094431E-12
AR GRAC 2024 06 01 02 23 20.000000 2   4.469433070170E-12  9.364736416884E-12
AR GRAC 2024 06 01 02 23 30.000000 2   4.004689375253E-13  1.458132226073E-11
AR GRAC 2024 06 01 02 23 40.000000 2   5.456243529905E-12  1.216090683015E-11
AR GRAC 2024 06 01 02 23 50.000000 2   7.894246888129E-12  2.334491757891E-12
AR GRAC 2024 06 01 02 24  0.000000 2   9.032687792176E-12  1.320407672090E-11
AR GRAC 2024 06 01 02 24 10.000000 2   8.866980066857E-12  9.402660074154E-12
AR GRAC 2024 06 01 02 24 20.000000 2   3.139334929167E-12  9.542243731286E-12
AR GRAC 2024 06 01 02 24 30.000000 2   3.987251934873E-12  2.969882673121E-11
AR GRAC 2024 06 01 02 24 40.000000 2   4.461862303240E-12  1.222040958010E-11
AR GRAC 2024 06 01 02 24 50.000000 2   5.281899050080E-12  5.265993370529E-12
AR GRAC 2024 06 01 02 25  0.000000 2   5.410552648272E-12  1.232757559227E-11
AR GRAC 2024 06 01 02 25 10.000000 2   8.699357206821E-12  1.241515657641E-11
AR GRAC 2024 06 01 02 25 20.000000 2   9.095959228878E-12  8.162738714124E-12
AR GRAC 2024 06 01 02 25 30.000000 2   2.854864131555E-12  6.652318453038E-12
AR GRAC 2024 06 01 02 25 40.000000 2   7.725048899176E-12  2.326089841576E-11
AR GRAC 2024 06 01 02 25 50.000000 2   9.887695696931E-12  1.557447920630E-11
AR GRAC 2024 06 01 02 26  0.000000 2   2.549156198628E-12  1.136505820010E-11
AR GRAC 2024 06 01 02 26 10.000000 2   5.162903958522E-12 -6.486361794900E-12
AR GRAC 2024 06 01 02 26 20.000000 2   6.973066221660E-12  2.096721754552E-11
AR GRAC 2024 06 01 02 26 30.000000 2   1.034887193302E-11  1.728579432370E-11
AR GRAC 2024 06 01 02 26 40.000000 2   6.009357074455E-12  3.069837092862E-11
AR GRAC 2024 06 01 02 26 50.000000 2   7.716192268470E-12 -9.309050058581E-12
AR GRAC 2024 06 01 02 27  0.000000 2   5.849250337558E-12  3.283552943434E-11
AR GRAC 2024 06 01 02 27 10.000000 2   6.441223856374E-12  1.639104325359E-12
AR GRAC 2024 06 01 02 27 20.000000 2   9.887229056316E-12  2.583867841910E-11
AR GRAC 2024 06 01 02 27 30.000000 2   8.390274586212E-12  1.173425766277E-11
AR GRAC 2024 06 01 02 27 40.000000 2   1.267515346154E-11  2.041783235540E-11
AR GRAC 2024 06 01 02 27 50.000000 2   9.501265225975E-12  2.212140887137E-11
AR GRAC 2024 06 01 02 28  0.000000 2   9.316753965538E-12  2.537498162980E-11
AR GRAC 2024 06 01 02 28 10.000000 2   4.278603079472E-12  1.281855611240E-11
AR GRAC 2024 06 01 02 28 20.000000 2   1.271161908373E-11  1.208412970383E-11
AR GRAC 2024 06 01 02 28 30.000000 2   1.392305108011E-11  5.957702647191E-12
AR GRAC 2024 06 01 02 28 40.000000 2   1.104354802051E-11  1.321627529638E-11
AR GRAC 2024 06 01 02 28 50.000000 2   1.161315661691E-11  4.170185377572E-11
AR GRAC 2024 06 01 02 29  0.000000 2   9.803619721582E-12  9.503421487256E-12
AR GRAC 2024 06 01 02 29 10.000000 2   1.015049155839E-11  3.101999559996E-11
AR GRAC 2024 06 01 02 29 20.000000 2   1.338491296965E-11  1.535456310708E-11
AR GRAC 2024 06 01 02 29 30.000000 2   1.288529179189E-11  2.066613373486E-11
AR GRAC 2024 06 01 02 29 40.000000 2   1.371283728929E-11  1.228270610221E-11
AR GRAC 2024 06 01 02 29 50.000000 2   8.178218519062E-12  2.543827475054E-11
AR GRAC 2024 06 01 02 30  0.000000 2   1.100690979333E-11  1.279684604810E-11
AR GRAC 2024 06 01 02 30 10.000000 2   1.387065809433E-11  1.453641460675E-11
AR GRAC 2024 06 01 02 30 20.000000 2   1.431694606618E-11  1.527298253146E-11
AR GRAC 2024 06 01 02 30 30.000000 2   8.174304115538E-12  2.955055644627E-11
AR GRAC 2024 06 01 02 30 40.000000 2   1.310478808803E-11  2.713211946781E-11
AR GRAC 2024 06 01 02 30 50.000000 2   1.602786653399E-11  8.842687866661E-12
AR GRAC 2024 06 01 02 31  0.000000 2   1.198398325020E-11  3.118125202484E-11
AR GRAC 2024 06 01 02 31 10.000000 2   1.196136939496E-11  3.269482254376E-11
AR GRAC 2024 06 01 02 31 20.000000 2   1.460173648660E-11  7.989389531893E-12
AR GRAC 2024 06 01 02 31 30.000000 2   9.749761761824E-12  2.237695445606E-11
AR GRAC 2024 06 01 02 31 40.000000 2   1.636327878751E-11  1.612551932262E-11
AR GRAC 2024 06 01 02 31 50.000000 2   1.389662690476E-11  1.588508491412E-11
AR GRAC 2024 06 01 02 32  0.000000 2   1.554389603142E-11  2.289265131628E-11
AR GRAC 2024 06 01 02 32 10.000000 2   1.511814805288E-11  1.304721435058E-11
AR GRAC 2024 06 01 02 32 20.000000 2   1.473702063159E-11  3.718078275816E-11
AR GRAC 2024 06 01 02 32 30.000000 2   1.566007740150E-11  3.136034487650E-11
AR GRAC 2024 06 01 02 32 40.000000 2   1.573948263389E-11  2.562490497571E-11
AR GRAC 2024 06 01 02 32 50.000000 2   1.573167637825E-11  1.037546784599E-11
AR GRAC 2024 06 01 02 33  0.000000 2   1.503871506492E-11  2.453003078440E-11
AR GRAC 2024 06 01 02 33 10.000000 2   1.692771790796E-11  2.496759222981E-11
AR GRAC 2024 06 01 02 33 20.000000 2   1.345556131793E-11  2.761415401897E-11
AR GRAC 2024 06 01 02 33 30.000000 2   1.774179934910E-11  3.013871444080E-11
AR GRAC 2024 06 01 02 33 40.000000 2   1.561370824299E-11  2.350627678616E-11
AR GRAC 2024 06 01 02 33 50.000000 2   1.963017942641E-11  1.306183633476E-11
AR GRAC 2024 06 01 02 34  0.000000 2   1.874287704207E-11  3.149040056494E-11
AR GRAC 2024 06 01 02 34 10.000000 2   2.086040541693E-11  2.446695623881E-11
AR GRAC 2024 06 01 02 34 20.000000 2   2.004701786518E-11  2.327651439649E-11
AR GRAC 2024 06 01 02 34 30.000000 2   1.476540591183E-11  2.274707505689E-11
AR GRAC 2024 06 01 02 34 40.000000 2   1.800616773739E-11  2.945563237766E-11
AR GRAC 2024 06 01 02 34 50.000000 2   1.767671599373E-11  1.620318983153E-11
AR GRAC 2024 06 01 02 35  0.000000 2   1.536739659136E-11  2.855374790778E-11
AR GRAC 2024 06 01 02 35 10.000000 2   1.504500864169E-11  2.797330249382E-11
AR GRAC 2024 06 01 02 35 20.000000 2   1.554467492226E-11  2.686185995859E-11
AR GRAC 2024 06 01 02 35 30.000000 2   2.043414049080E-11  2.695941733744E-11
AR GRAC 2024 06 01 02 35 40.000000 2   1.956854296659E-11  1.269397174181E-11
AR GRAC 2024 06 01 02 35 50.000000 2   1.763422741163E-11  6.798527019125E-12
AR GRAC 2024 06 01 02 36  0.000000 2   2.034807218554E-11  5.389108256870E-11
AR GRAC 2024 06 01 02 36 10.000000 2   1.784915444614E-11  1.734563707945E-11
AR GRAC 2024 06 01 02 36 20.000000 2   2.195989917686E-11  2.397919016128E-11
AR GRAC 2024 06 01 02 36 30.000000 2   1.984819773815E-11  2.570474562369E-11
AR GRAC 2024 06 01 02 36 40.000000 2   2.465129315954E-11  2.689129821598E-11
AR GRAC 2024 06 01 02 36 50.000000 2   1.925789389068E-11  1.372285098056E-11
AR GRAC 2024 06 01 02 37  0.000000 2   1.762762331936E-11  2.882640133539E-11
AR GRAC 2024 06 01 02 37 10.000000 2   1.917683546682E-11  2.983995689432E-11
AR GRAC 2024 06 01 02 37 20.000000 2   1.535319094081E-11  3.473650880825E-11
AR GRAC 2024 06 01 02 37 30.000000 2   2.049105850277E-11  8.705057508163E-12
AR GRAC 2024 06 01 02 37 40.000000 2   1.858285574030E-11  4.398961056529E-11
AR GRAC 2024 06 01 02 37 50.000000 2   2.131513715531E-11  3.233815992765E-11
AR GRAC 2024 06 01 02 38  0.000000 2   2.144936138426E-11  1.808370987677E-11
AR GRAC 2024 06 01 02 38 10.000000 2   1.984678567324E-11  3.317625688060E-11
AR GRAC 2024 06 01 02 38 20.000000 2   1.975406990762E-11  2.690280810624E-11
AR GRAC 2024 06 01 02 38 30.000000 2   2.387345703070E-11  2.912035890201E-11
AR GRAC 2024 06 01 02 38 40.000000 2   1.959079599934E-11  3.951290336590E-11
AR GRAC 2024 06 01 02 38 50.000000 2   2.911499513703E-11  1.432345388130E-11
AR GRAC 2024 06 01 02 39  0.000000 2   1.725205048264E-11  3.100599985095E-11
AR GRAC 2024 06 01 02 39 10.000000 2   2.203554005931E-11  2.973555082719E-11
AR GRAC 2024 06 01 02 39 20.000000 2   1.942724627002E-11  3.590809594112E-11
AR GRAC 2024 06 01 02 39 30.000000 2   2.154194357618E-11  1.658964111917E-11
AR GRAC 2024 06 01 02 39 40.000000 2   1.959880001345E-11  2.889518659066E-11
AR GRAC 2024 06 01 02 39 50.000000 2   2.076364948034E-11  1.553173388513E-11
AR GRAC 2024 06 01 02 40  0.000000 2   2.567449378099E-11  4.197727929145E-11
AR GRAC 2024 06 01 02 40 10.000000 2   1.926371735739E-11  2.793082085062E-11
AR GRAC 2024 06 01 02 40 20.000000 2   2.040889506005E-11  3.068536744144E-11
AR GRAC 2024 06 01 02 40 30.000000 2   2.353357092533E-11  3.435690967835E-11
AR GRAC 2024 06 01 02 40 40.000000 2   2.949792840545E-11  2.501645071651E-11
AR GRAC 2024 06 01 02 40 50.000000 2   2.175090663137E-11  2.939499685328E-11
AR GRAC 2024 06 01 02 41  0.000000 2   1.793000817263E-11  3.076354102016E-11
AR GRAC 2024 06 01 02 41 10.000000 2   2.164726037313E-11  2.611508058414E-11
AR GRAC 2024 06 01 02 41 20.000000 2   2.137990132156E-11  3.685962646216E-11
AR GRAC 2024 06 01 02 41 30.000000 2   2.072962114463E-11  4.282116328191E-11
AR GRAC 2024 06 01 02 41 40.000000 2   2.312879054944E-11  2.519270556056E-11
AR GRAC 2024 06 01 02 41 50.000000 2   2.417300908053E-11  2.401024691567E-11
AR GRAC 2024 06 01 02 42  0.000000 2   2.204014054596E-11  5.150278814536E-11
AR GRAC 2024 06 01 02 42 10.000000 2   2.530966235204E-11  3.596832900965E-11
AR GRAC 2024 06 01 02 42 20.000000 2   1.712872378656E-11  3.394087094710E-11
AR GRAC 2024 06 01 02 42 30.000000 2   2.448947641898E-11  2.633740621427E-11
AR GRAC 2024 06 01 02 42 40.000000 2   2.035687417246E-11  4.201194253595E-11
AR GRAC 2024 06 01 02 42 50.000000 2   2.509424439079E-11  2.616448203929E-11
AR GRAC 2024 06 01 02 43  0.000000 2   2.165367364582E-11  2.711701869995E-11
AR GRAC 2024 06 01 02 43 10.000000 2   2.149513900207E-11  3.254755492899E-11
AR GRAC 2024 06 01 02 43 20.000000 2   2.509813711027E-11  4.115309482078E-11
AR GRAC 2024 06 01 02 43 30.000000 2   2.102118479286E-11  3.845863211227E-11
AR GRAC 2024 06 01 02 43 40.000000 2   2.467719951993E-11  2.837616946971E-11
AR GRAC 2024 06 01 02 43 50.000000 2   2.626161614561E-11  3.567370010504E-11
AR GRAC 2024 06 01 02 44  0.000000 2   2.453252011259E-11  3.678723298206E-11
AR GRAC 2024 06 01 02 44 10.000000 2   2.169832889753E-11  4.381777232720E-11
AR GRAC 2024 06 01 02 44 20.000000 2   2.393128056832E-11  2.455330556927E-11
AR GRAC 2024 06 01 02 44 30.000000 2   2.582315958288E-11  3.032784440249E-11
AR GRAC 2024 06 01 02 44 40.000000 2   2.444435279192E-11  1.277837384517E-11
AR GRAC 2024 06 01 02 44 50.000000 2   2.485714932499E-11  5.180190998377E-11
AR GRAC 2024 06 01 02 45  0.000000 2   2.539628923826E-11  3.915943957988E-11
AR GRAC 2024 06 01 02 45 10.000000 2   2.335984357338E-11  3.066697243370E-11
AR GRAC 2024 06 01 02 45 20.000000 2   2.307375644717E-11  4.605550663062E-11
AR GRAC 2024 06 01 02 45 30.000000 2   2.305938426317E-11  2.159603225416E-11
AR GRAC 2024 06 01 02 45 40.000000 2   2.197565740492E-11  3.529456588103E-11
AR GRAC 2024 06 01 02 45 50.000000 2   2.570211578290E-11  5.340410058619E-11
AR GRAC 2024 06 01 02 46  0.000000 2   2.379157461319E-11  3.038863258253E-11
AR GRAC 2024 06 01 02 46 10.000000 2   2.385369853031E-11  3.614316138045E-11
AR GRAC 2024 06 01 02 46 20.000000 2   2.845284945152E-11  3.182768631982E-11
AR GRAC 2024 06 01 02 46 30.000000 2   2.322441891578E-11  3.623521968588E-11
AR GRAC 2024 06 01 02 46 40.000000 2   2.551342470625E-11  2.848574327807E-11
AR GRAC 2024 06 01 02 46 50.000000 2   2.415973844594E-11  3.415927610217E-11
AR GRAC 2024 06 01 02 47  0.000000 2   3.488040412059E-11  4.117680155180E-11
AR GRAC 2024 06 01 02 47 10.000000 2   2.959342493281E-11  2.705132645664E-11
AR GRAC 2024 06 01 02 47 20.000000 2   2.522424283335E-11  2.731685710966E-11
AR GRAC 2024 06 01 02 47 30.000000 2   2.439899497719E-11  4.673938319710E-11
AR GRAC 2024 06 01 02 47 40.000000 2   2.644620460124E-11  4.726190966364E-11
AR GRAC 2024 06 01 02 47 50.000000 2   3.077621490988E-11  1.460343304616E-11
AR GRAC 2024 06 01 02 48  0.000000 2   2.886565292348E-11  4.927196151083E-11
AR GRAC 2024 06 01 02 48 10.000000 2   2.646448338250E-11  1.218148238530E-11
AR GRAC 2024 06 01 02 48 20.000000 2   2.515412531046E-11  5.081600765178E-11
AR GRAC 2024 06 01 02 48 30.000000 2   2.729626420728E-11  4.228853378585E-11
AR GRAC 2024 06 01 02 48 40.000000 2   3.016444038995E-11  3.836405845781E-11
AR GRAC 2024 06 01 02 48 50.000000 2   3.048960042773E-11  2.215357931823E-11
AR GRAC 2024 06 01 02 49  0.000000 2   2.371032536974E-11  3.407610305040E-11
AR GRAC 2024 06 01 02 49 10.000000 2   2.998959067191E-11  4.438262257711E-11
AR GRAC 2024 06 01 02 49 20.000000 2   2.898857022482E-11  4.631914990449E-11
AR GRAC 2024 06 01 02 49 30.000000 2   3.106583740253E-11  3.004467161172E-11
AR GRAC 2024 06 01 02 49 40.000000 2   2.606360439972E-11  3.727118613739E-11
AR GRAC 2024 06 01 02 49 50.000000 2   3.103012638506E-11  3.344770987956E-11
AR GRAC 2024 06 01 02 50  0.000000 2   3.109653506916E-11  3.751523050544E-11
AR GRAC 2024 06 01 02 50 10.000000 2   2.768260967678E-11  5.214575299339E-11
AR GRAC 2024 06 01 02 50 20.000000 2   2.964380824144E-11  3.338227264060E-11
AR GRAC 2024 06 01 02 50 30.000000 2   2.465585721700E-11  4.055479216336E-11
AR GRAC 2024 06 01 02 50 40.000000 2   2.880473116973E-11  2.133030904683E-11
AR GRAC 2024 06 01 02 50 50.000000 2   3.090776592996E-11  3.426882388968E-11
AR GRAC 2024 06 01 02 51  0.000000 2   2.535322299324E-11  3.742834167597E-11
AR GRAC 2024 06 01 02 51 10.000000 2   2.740806887003E-11  4.106386411462E-11
AR GRAC 2024 06 01 02 51 20.000000 2   2.588699220263E-11  3.706937881653E-11
AR GRAC 2024 06 01 02 51 30.000000 2   2.671050707004E-11  3.921690056030E-11
AR GRAC 2024 06 01 02 51 40.000000 2   2.889258277072E-11  3.084941330167E-11
AR GRAC 2024 06 01 02 51 50.000000 2   2.866368427334E-11  1.664992796413E-11
AR GRAC 2024 06 01 02 52  0.000000 2   3.047124358391E-11  5.412444797903E-11
AR GRAC 2024 06 01 02 52 10.000000 2   2.691183040304E-11  3.169395995650E-11
AR GRAC 2024 06 01 02 52 20.000000 2   2.773131377309E-11  3.543047452648E-11
AR GRAC 2024 06 01 02 52 30.000000 2   2.597010800853E-11  3.512399052163E-11
AR GRAC 2024 06 01 02 52 40.000000 2   3.246650517874E-11  4.223649902046E-11
AR GRAC 2024 06 01 02 52 50.000000 2   2.793949793745E-11  5.148301923663E-11
AR GRAC 2024 06 01 02 53  0.000000 2   2.427621645373E-11  2.300052683035E-11
AR GRAC 2024 06 01 02 53 10.000000 2   3.243592547331E-11  3.267604242740E-11
AR GRAC 2024 06 01 02 53 20.000000 2   2.845439509014E-11  3.006755608381E-11
AR GRAC 2024 06 01 02 53 30.000000 2   2.591810793762E-11  5.871506753019E-11
AR GRAC 2024 06 01 02 53 40.000000 2   3.307789805951E-11  4.067657669027E-11
AR GRAC 2024 06 01 02 53 50.000000 2   2.729312435779E-11  3.724108521563E-11
AR GRAC 2024 06 01 02 54  0.000000 2   2.966543330429E-11  3.175059867799E-11
AR GRAC 2024 06 01 02 54 10.000000 2   3.115891572536E-11  6.166710891931E-11
AR GRAC 2024 06 01 02 54 20.000000 2   2.883453024960E-11  2.241961651051E-11
AR GRAC 2024 06 01 02 54 30.000000 2   2.776823215811E-11  4.566812900064E-11
AR GRAC 2024 06 01 02 54 40.000000 2   2.843733755420E-11  4.313863849470E-11
AR GRAC 2024 06 01 02 54 50.000000 2   2.831541424941E-11  2.929014322750E-11
AR GRAC 2024 06 01 02 55  0.000000 2   2.768644168094E-11  4.442465492693E-11
AR GRAC 2024 06 01 02 55 10.000000 2   3.283398899989E-11  4.603916206602E-11
AR GRAC 2024 06 01 02 55 20.000000 2   2.229195474046E-11  4.674166956264E-11
AR GRAC 2024 06 01 02 55 30.000000 2   2.460537676385E-11  2.051017342075E-11
AR GRAC 2024 06 01 02 55 40.000000 2   2.729048237393E-11  3.846467935831E-11
AR GRAC 2024 06 01 02 55 50.000000 2   2.843097285377E-11  3.470819118223E-11
AR GRAC 2024 06 01 02 56  0.000000 2   3.156704064811E-11  3.756969388369E-11
AR GRAC 2024 06 01 02 56 10.000000 2   3.387187752502E-11  1.172819740630E-11
AR GRAC 2024 06 01 02 56 20.000000 2   2.811697923100E-11  6.263670832007E-11
AR GRAC 2024 06 01 02 56 30.000000 2   2.937240034528E-11  2.816620721380E-11
AR GRAC 2024 06 01 02 56 40.000000 2   2.726946446430E-11  4.904871300782E-11
AR GRAC 2024 06 01 02 56 50.000000 2   3.169379689250E-11  2.922321412635E-11
AR GRAC 2024 06 01 02 57  0.000000 2   2.586032429863E-11  4.713671813983E-11
AR GRAC 2024 06 01 02 57 10.000000 2   2.125188046376E-11  4.092922181731E-11
AR GRAC 2024 06 01 02 57 20.000000 2   2.632846718420E-11  4.239471967926E-11
AR GRAC 2024 06 01 02 57 30.000000 2   2.758361247746E-11  3.073922713592E-11
AR GRAC 2024 06 01 02 57 40.000000 2   3.087731459406E-11  2.516172339928E-11
AR GRAC 2024 06 01 02 57 50.000000 2   2.793320609540E-11  4.951022924971E-11
AR GRAC 2024 06 01 02 58  0.000000 2   2.539290479275E-11  3.903172923758E-11
AR GRAC 2024 06 01 02 58 10.000000 2   2.766077124294E-11  2.283822783666E-11
AR GRAC 2024 06 01 02 58 20.000000 2   2.810688834454E-11  4.320973093219E-11
AR GRAC 2024 06 01 02 58 30.000000 2   3.098881914965E-11  3.298622833214E-11
AR GRAC 2024 06 01 02 58 40.000000 2   2.952772054643E-11  5.247972889588E-11
AR GRAC 2024 06 01 02 58 50.000000 2   3.005954513080E-11  5.876622799494E-11
AR GRAC 2024 06 01 02 59  0.000000 2   1.958969098048E-11  3.373672174956E-11
AR GRAC 2024 06 01 02 59 10.000000 2   3.078040253235E-11  4.960521923780E-11
AR GRAC 2024 06 01 02 59 20.000000 2   2.922425496044E-11  3.505172194163E-11
AR GRAC 2024 06 01 02 59 30.000000 2   2.603125007217E-11  3.242321688912E-11
AR GRAC 2024 06 01 02 59 40.000000 2   2.514774152806E-11  3.686271426995E-11
AR GRAC 2024 06 01 02 59 50.000000 2   2.698355948405E-11  2.842521010238E-11
AR GRAC 2024 06 01 03 00  0.000000 2   2.817113729792E-11  4.391170413398E-11
AR GRAC 2024 06 01 03 00 10.000000 2   2.687282167624E-11  3.840420342849E-11
AR GRAC 2024 06 01 03 00 20.000000 2   2.602821604081E-11  4.114369261954E-11
AR GRAC 2024 06 01 03 00 30.000000 2   2.228361245527E-11  4.201419073757E-11
AR GRAC 2024 06 01 03 00 40.000000 2   2.895963677196E-11  3.453068386783E-11
AR GRAC 2024 06 01 03 00 50.000000 2   3.006830548435E-11  4.924417817964E-11
AR GRAC 2024 06 01 03 01  0.000000 2   1.927434947757E-11  3.732666953304E-11
AR GRAC 2024 06 01 03 01 10.000000 2   2.415194953753E-11  3.275516316514E-11
AR GRAC 2024 06 01 03 01 20.000000 2   2.555346038935E-11  3.464965814270E-11
AR GRAC 2024 06 01 03 01 30.000000 2   2.433577471483E-11  5.161014671184E-11
AR GRAC 2024 06 01 03 01 40.000000 2   2.217586357600E-11  2.564663932614E-11
AR GRAC 2024 06 01 03 01 50.000000 2   2.520851583032E-11  3.316013089116E-11
AR GRAC 2024 06 01 03 02  0.000000 2   2.605964923019E-11  2.147161962118E-11
AR GRAC 2024 06 01 03 02 10.000000 2   2.774543789164E-11  5.585111539919E-11
AR GRAC 2024 06 01 03 02 20.000000 2   2.424217597496E-11  1.886660098982E-11
AR GRAC 2024 06 01 03 02 30.000000 2   2.031550795645E-11  5.145909393045E-11
AR GRAC 2024 06 01 03 02 40.000000 2   2.045383307170E-11  2.673858183477E-11
AR GRAC 2024 06 01 03 02 50.000000 2   2.408108955299E-11  3.222907010714E-11
AR GRAC 2024 06 01 03 03  0.000000 2   2.799631186601E-11  3.847455687378E-11
AR GRAC 2024 06 01 03 03 10.000000 2   2.528802688084E-11  5.640004782648E-11
AR GRAC 2024 06 01 03 03 20.000000 2   2.311256221132E-11  2.674353100085E-11
AR GRAC 2024 06 01 03 03 30.000000 2   2.228494992706E-11  2.598701982770E-11
AR GRAC 2024 06 01 03 03 40.000000 2   2.417110261943E-11  2.185750712369E-11
AR GRAC 2024 06 01 03 03 50.000000 2   2.324524600583E-11  3.983999241619E-11
AR GRAC 2024 06 01 03 04  0.000000 2   2.400045093220E-11  4.919348262078E-11
AR GRAC 2024 06 01 03 04 10.000000 2   2.283066617703E-11  3.817296478914E-11
AR GRAC 2024 06 01 03 04 20.000000 2   1.961893321412E-11  2.106744986796E-11
AR GRAC 2024 06 01 03 04 30.000000 2   2.181377474486E-11  5.305993491800E-11
AR GRAC 2024 06 01 03 04 40.000000 2   2.440552621108E-11  3.117441721434E-11
AR GRAC 2024 06 01 03 04 50.000000 2   2.551700691023E-11  4.784090484877E-11
AR GRAC 2024 06 01 03 05  0.000000 2   2.353230457719E-11  8.492386481540E-12
AR GRAC 2024 06 01 03 05 10.000000 2   2.346661059915E-11  3.065987047579E-11
AR GRAC 2024 06 01 03 05 20.000000 2   1.761995757632E-11  4.640435258274E-11
AR GRAC 2024 06 01 03 05 30.000000 2   2.138951862851E-11  5.007383396816E-11
AR GRAC 2024 06 01 03 05 40.000000 2   2.396382918490E-11  2.285931860468E-11
AR GRAC 2024 06 01 03 05 50.000000 2   1.930078319390E-11  3.590479649707E-11
AR GRAC 2024 06 01 03 06  0.000000 2   2.702849055680E-11  3.442528206943E-11
AR GRAC 2024 06 01 03 06 10.000000 2   1.957681933229E-11  4.080775994897E-11
AR GRAC 2024 06 01 03 06 20.000000 2   2.092898077066E-11  3.019524213999E-11
AR GRAC 2024 06 01 03 06 30.000000 2   2.432496565286E-11  2.824372159760E-11
AR GRAC 2024 06 01 03 06 40.000000 2   2.282371687479E-11  3.151219910014E-11
AR GRAC 2024 06 01 03 06 50.000000 2   1.407735299858E-11  2.246267755135E-11
AR GRAC 2024 06 01 03 07  0.000000 2   2.259202720734E-11  2.292915683710E-11
AR GRAC 2024 06 01 03 07 10.000000 2   2.287695727299E-11  4.430363714780E-11
AR GRAC 2024 06 01 03 07 20.000000 2   2.242154205356E-11  1.732111155894E-11
AR GRAC 2024 06 01 03 07 30.000000 2   2.000548164627E-11  3.214459254330E-11
AR GRAC 2024 06 01 03 07 40.000000 2   1.645746212919E-11  4.766306793691E-11
AR GRAC 2024 06 01 03 07 50.000000 2   1.447617112987E-11  2.993754549818E-11
AR GRAC 2024 06 01 03 08  0.000000 2   1.718646058801E-11  2.196001540333E-11
AR GRAC 2024 06 01 03 08 10.000000 2   1.607212800347E-11  1.236149377304E-11
AR GRAC 2024 06 01 03 08 20.000000 2   1.737146884673E-11  2.366096901740E-11
AR GRAC 2024 06 01 03 08 30.000000 2   1.912962496742E-11  3.010144564164E-11
AR GRAC 2024 06 01 03 08 40.000000 2   1.399800067525E-11  3.630191633408E-11
AR GRAC 2024 06 01 03 08 50.000000 2   1.573548583100E-11  2.616738943584E-11
AR GRAC 2024 06 01 03 09  0.000000 2   9.647991607020E-12  2.759686923426E-11
AR GRAC 2024 06 01 03 09 10.000000 2   1.641992791734E-11  2.457933856448E-11
AR GRAC 2024 06 01 03 09 20.000000 2   1.384780311253E-11  1.985281210259E-11
AR GRAC 2024 06 01 03 09 30.000000 2   1.266756664842E-11  2.686428336729E-11
AR GRAC 2024 06 01 03 09 40.000000 2   8.924866054527E-12  2.906375834444E-11
AR GRAC 2024 06 01 03 09 50.000000 2   1.713160169281E-11  4.053622715272E-11
AR GRAC 2024 06 01 03 10  0.000000 2   1.006279608251E-11  9.959698864248E-12
AR GRAC 2024 06 01 03 10 10.000000 2   1.336502436500E-11  1.011816845586E-11
AR GRAC 2024 06 01 03 10 20.000000 2   1.144131751146E-11  4.111063919843E-11
AR GRAC 2024 06 01 03 10 30.000000 2   9.402601960917E-12  3.230911371777E-11
AR GRAC 2024 06 01 03 10 40.000000 2   1.475056535249E-11  1.182857804760E-11
AR GRAC 2024 06 01 03 10 50.000000 2   5.848564688105E-12  2.400804555158E-11
AR GRAC 2024 06 01 03 11  0.000000 2   6.359765578751E-12  2.300751776596E-11
AR GRAC 2024 06 01 03 11 10.000000 2   9.787334137590E-12  1.928098479487E-11
AR GRAC 2024 06 01 03 11 20.000000 2   1.202642933157E-11  2.539245202993E-11
AR GRAC 2024 06 01 03 11 30.000000 2   7.714840051520E-12  1.376491889221E-11
AR GRAC 2024 06 01 03 11 40.000000 2   1.296583933968E-11  3.031438641776E-11
AR GRAC 2024 06 01 03 11 50.000000 2   8.540365463439E-12  2.462785184121E-11
AR GRAC 2024 06 01 03 12  0.000000 2   2.506767796812E-12  2.865631863747E-11
AR GRAC 2024 06 01 03 12 10.000000 2   4.394886798237E-12 -4.578213676221E-12
AR GRAC 2024 06 01 03 12 20.000000 2   7.346476725567E-12  1.772425088642E-11
AR GRAC 2024 06 01 03 12 30.000000 2   4.602028827461E-12  3.570671536224E-11
AR GRAC 2024 06 01 03 12 40.000000 2   1.611992548993E-12  7.960180258004E-12
AR GRAC 2024 06 01 03 12 50.000000 2   5.111938216479E-12  1.635664520494E-11
AR GRAC 2024 06 01 03 13  0.000000 2   3.406943780912E-12  1.048710684265E-11
AR GRAC 2024 06 01 03 13 10.000000 2   6.940810773348E-12  3.447057569939E-11
AR GRAC 2024 06 01 03 13 20.000000 2   4.058720590519E-13  1.983103264935E-11
AR GRAC 2024 06 01 03 13 30.000000 2   3.645806313096E-12  2.582497366996E-12
AR GRAC 2024 06 01 03 13 40.000000 2   9.460107393625E-13  2.993196315804E-11
AR GRAC 2024 06 01 03 13 50.000000 2   3.411456230354E-12  2.646241906157E-11
AR GRAC 2024 06 01 03 14  0.000000 2   3.480401513864E-12  8.045882536611E-12
AR GRAC 2024 06 01 03 14 10.000000 2   3.964114193150E-12  5.612342621891E-12
AR GRAC 2024 06 01 03 14 20.000000 2   1.983974182856E-12  2.314480378185E-11
AR GRAC 2024 06 01 03 14 30.000000 2   3.582044383332E-12  2.329826262470E-11
AR GRAC 2024 06 01 03 14 40.000000 2   1.606645155458E-12 -2.873276920209E-12
AR GRAC 2024 06 01 03 14 50.000000 2   5.419322109124E-12  1.717918168831E-11
AR GRAC 2024 06 01 03 15  0.000000 2  -1.897000351941E-12  2.429064067944E-11
AR GRAC 2024 06 01 03 15 10.000000 2   1.846295685781E-12  1.725009891873E-11
AR GRAC 2024 06 01 03 15 20.000000 2  -1.714464616283E-12  3.511556496971E-12
AR GRAC 2024 06 01 03 15 30.000000 2  -2.920880117635E-12  1.622801372447E-11
AR GRAC 2024 06 01 03 15 40.000000 2  -2.114704895570E-12  1.352547240874E-11
AR GRAC 2024 06 01 03 15 50.000000 2  -2.377865265801E-12 -2.136071050943E-12
AR GRAC 2024 06 01 03 16  0.000000 2  -1.289401853517E-12  2.436738311129E-11
AR GRAC 2024 06 01 03 16 10.000000 2  -2.163099560581E-12 -5.361588993960E-13
AR GRAC 2024 06 01 03 16 20.000000 2  -3.216288563604E-12  1.956629476496E-11
AR GRAC 2024 06 01 03 16 30.000000 2  -5.173571206857E-12  1.390975095522E-11
AR GRAC 2024 06 01 03 16 40.000000 2  -4.925801953826E-12  1.532220531009E-11
AR GRAC 2024 06 01 03 16 50.000000 2  -4.633303289647E-12  7.091660158415E-12
AR GRAC 2024 06 01 03 17  0.000000 2  -3.172115348171E-12  1.187011339915E-11
AR GRAC 2024 06 01 03 17 10.000000 2  -4.218285876850E-12  8.564567458014E-12
AR GRAC 2024 06 01 03 17 20.000000 2   3.351240454846E-13  2.113021129596E-12
AR GRAC 2024 06 01 03 17 30.000000 2  -1.075490391189E-11  1.770347236862E-11
AR GRAC 2024 06 01 03 17 40.000000 2  -5.210753269841E-12 -7.540738324562E-13
AR GRAC 2024 06 01 03 17 50.000000 2  -5.019783633903E-12  4.994376873874E-12
AR GRAC 2024 06 01 03 18  0.000000 2  -8.948609214743E-12  3.268828567202E-12
AR GRAC 2024 06 01 03 18 10.000000 2  -7.698632530084E-12  6.308279853345E-12
AR GRAC 2024 06 01 03 18 20.000000 2  -1.006271801995E-11 -5.187269884466E-12
AR GRAC 2024 06 01 03 18 30.000000 2  -8.979328565417E-12  9.272180245823E-12
AR GRAC 2024 06 01 03 18 40.000000 2  -7.079260355008E-12 -3.875369643247E-12
AR GRAC 2024 06 01 03 18 50.000000 2  -1.218326568103E-11  5.064079797862E-12
AR GRAC 2024 06 01 03 19  0.000000 2  -7.304199779734E-12  5.620528781974E-12
AR GRAC 2024 06 01 03 19 10.000000 2  -8.796584988202E-12  7.575975437268E-12
AR GRAC 2024 06 01 03 19 20.000000 2  -9.233336317749E-12 -1.141157481011E-11
AR GRAC 2024 06 01 03 19 30.000000 2  -1.089801165977E-11  1.980487128461E-11
AR GRAC 2024 06 01 03 19 40.000000 2  -1.134134626490E-11 -7.502680768323E-12
AR GRAC 2024 06 01 03 19 50.000000 2  -1.070676967224E-11  3.880767235342E-12
AR GRAC 2024 06 01 03 20  0.000000 2  -1.510234645674E-11 -3.049787202294E-12
AR GRAC 2024 06 01 03 20 10.000000 2  -9.389941948990E-12 -4.930339556758E-12
AR GRAC 2024 06 01 03 20 20.000000 2  -1.114780143197E-11  1.129010513551E-11
AR GRAC 2024 06 01 03 20 30.000000 2  -9.150661998969E-12  4.192549953042E-12
AR GRAC 2024 06 01 03 20 40.000000 2  -1.269369071660E-11  5.399520620116E-14
AR GRAC 2024 06 01 03 20 50.000000 2  -1.597307355827E-11  1.293243984124E-11
AR GRAC 2024 06 01 03 21  0.000000 2  -9.681386768656E-12 -3.568115854863E-12
AR GRAC 2024 06 01 03 21 10.000000 2  -9.456112975981E-12 -3.531673000920E-12
AR GRAC 2024 06 01 03 21 20.000000 2  -1.699573468072E-11 -2.583230070824E-12
AR GRAC 2024 06 01 03 21 30.000000 2  -1.635970352243E-11  1.327021305342E-11
AR GRAC 2024 06 01 03 21 40.000000 2  -1.252554657216E-11 -6.443440616136E-13
AR GRAC 2024 06 01 03 21 50.000000 2  -1.584507178243E-11  5.878097054240E-12
AR GRAC 2024 06 01 03 22  0.000000 2  -1.811263292129E-11 -1.477546210382E-11
AR GRAC 2024 06 01 03 22 10.000000 2  -1.455725644195E-11 -2.466020009723E-12
AR GRAC 2024 06 01 03 22 20.000000 2  -1.328555321312E-11 -8.756579662761E-12
AR GRAC 2024 06 01 03 22 30.000000 2  -2.055354150765E-11  7.295860096623E-12
AR GRAC 2024 06 01 03 22 40.000000 2  -1.463130484824E-11 -1.220069965197E-11
AR GRAC 2024 06 01 03 22 50.000000 2  -1.383893173668E-11 -2.885259956301E-12
AR GRAC 2024 06 01 03 23  0.000000 2  -1.367351717962E-11 -2.095082093923E-11
AR GRAC 2024 06 01 03 23 10.000000 2  -1.570837557252E-11  1.957618312246E-12
AR GRAC 2024 06 01 03 23 20.000000 2  -1.460391182984E-11 -4.433943663618E-12
AR GRAC 2024 06 01 03 23 30.000000 2  -1.434271104661E-11  4.329494228406E-12
AR GRAC 2024 06 01 03 23 40.000000 2  -2.447581373688E-11 -5.272067504780E-12
AR GRAC 2024 06 01 03 23 50.000000 2  -1.728408041690E-11 -1.587363226974E-11
AR GRAC 2024 06 01 03 24  0.000000 2  -1.674393436402E-11 -1.772195020941E-12
AR GRAC 2024 06 01 03 24 10.000000 2  -1.826483582434E-11 -1.249275769638E-11
AR GRAC 2024 06 01 03 24 20.000000 2  -1.793777279491E-11 -2.023432289777E-11
AR GRAC 2024 06 01 03 24 30.000000 2  -1.770488616826E-11 -4.223886865273E-12
AR GRAC 2024 06 01 03 24 40.000000 2  -1.505459125417E-11 -1.073345232139E-11
AR GRAC 2024 06 01 03 24 50.000000 2  -1.698159321495E-11  4.960982579599E-12
AR GRAC 2024 06 01 03 25  0.000000 2  -1.971786449395E-11 -2.631958366528E-11
AR GRAC 2024 06 01 03 25 10.000000 2  -1.724338206943E-11 -1.501150007251E-12
AR GRAC 2024 06 01 03 25 20.000000 2  -1.976375833823E-11 -5.182716669022E-12
AR GRAC 2024 06 01 03 25 30.000000 2  -2.112335133198E-11 -2.008328572889E-11
AR GRAC 2024 06 01 03 25 40.000000 2  -1.924311057722E-11 -7.948509472139E-13
AR GRAC 2024 06 01 03 25 50.000000 2  -2.229501305795E-11 -3.994418944914E-12
AR GRAC 2024 06 01 03 26  0.000000 2  -1.853080883185E-11 -1.105998799489E-11
AR GRAC 2024 06 01 03 26 10.000000 2  -2.335926244101E-11 -1.285955630176E-11
AR GRAC 2024 06 01 03 26 20.000000 2  -1.564940538268E-11  5.374875024222E-12
AR GRAC 2024 06 01 03 26 30.000000 2  -2.385300290619E-11 -2.354169463537E-11
AR GRAC 2024 06 01 03 26 40.000000 2  -1.925236706168E-11 -1.131126529247E-11
AR GRAC 2024 06 01 03 26 50.000000 2  -2.132870442761E-11 -4.843834968543E-12
AR GRAC 2024 06 01 03 27  0.000000 2  -2.170502839960E-11 -1.453240566079E-11
AR GRAC 2024 06 01 03 27 10.000000 2  -2.173862131971E-11 -8.367976450652E-12
AR GRAC 2024 06 01 03 27 20.000000 2  -1.999986461165E-11 -2.758654936430E-11
AR GRAC 2024 06 01 03 27 30.000000 2  -1.964320373027E-11 -1.554012127314E-11
AR GRAC 2024 06 01 03 27 40.000000 2  -2.185402726840E-11 -1.134669268266E-11
AR GRAC 2024 06 01 03 27 50.000000 2  -2.093864144570E-11 -2.311026543744E-11
AR GRAC 2024 06 01 03 28  0.000000 2  -2.069209040223E-11 -3.606840087017E-12
AR GRAC 2024 06 01 03 28 10.000000 2  -2.096256501716E-11 -1.875341375246E-11
AR GRAC 2024 06 01 03 28 20.000000 2  -2.256154464642E-11 -1.506198811507E-11
AR GRAC 2024 06 01 03 28 30.000000 2  -2.309123725563E-11 -5.841562043113E-12
AR GRAC 2024 06 01 03 28 40.000000 2  -2.266922413674E-11 -1.921813576333E-11
AR GRAC 2024 06 01 03 28 50.000000 2  -2.330565081199E-11 -3.916712006807E-12
AR GRAC 2024 06 01 03 29  0.000000 2  -2.327040990457E-11 -2.482428845818E-11
AR GRAC 2024 06 01 03 29 10.000000 2  -2.385924270654E-11 -7.053864003320E-12
AR GRAC 2024 06 01 03 29 20.000000 2  -2.471301809026E-11 -3.162644104937E-11
AR GRAC 2024 06 01 03 29 30.000000 2  -3.044728011381E-11 -1.469601697279E-11
AR GRAC 2024 06 01 03 29 40.000000 2  -2.533590524878E-11 -1.400659536271E-11
AR GRAC 2024 06 01 03 29 50.000000 2  -2.623976556870E-11 -1.535317359358E-11
AR GRAC 2024 06 01 03 30  0.000000 2  -1.952579764541E-11 -2.065974995247E-11
AR GRAC 2024 06 01 03 30 10.000000 2  -2.329991928562E-11 -1.443432873227E-11
AR GRAC 2024 06 01 03 30 20.000000 2  -2.016472058775E-11 -1.226990817976E-11
AR GRAC 2024 06 01 03 30 30.000000 2  -2.571227779302E-11 -1.179548819730E-11
AR GRAC 2024 06 01 03 30 40.000000 2  -2.448386111908E-11 -5.532067859360E-12
AR GRAC 2024 06 01 03 30 50.000000 2  -2.349283094449E-11 -4.080064411327E-11
AR GRAC 2024 06 01 03 31  0.000000 2  -2.673029159128E-11 -5.343228030169E-12
AR GRAC 2024 06 01 03 31 10.000000 2  -2.475640352440E-11 -2.016981026642E-11
AR GRAC 2024 06 01 03 31 20.000000 2  -2.852092520489E-11 -2.951439093124E-11
AR GRAC 2024 06 01 03 31 30.000000 2  -2.378516307522E-11 -2.364897340457E-11
AR GRAC 2024 06 01 03 31 40.000000 2  -2.258896888985E-11 -9.232554824823E-12
AR GRAC 2024 06 01 03 31 50.000000 2  -2.386185693481E-11 -3.615213683972E-11
AR GRAC 2024 06 01 03 32  0.000000 2  -2.475019321435E-11 -4.344720763716E-12
AR GRAC 2024 06 01 03 32 10.000000 2  -2.667834182735E-11 -2.610330528119E-11
AR GRAC 2024 06 01 03 32 20.000000 2  -2.053866451912E-11 -2.402388878109E-11
AR GRAC 2024 06 01 03 32 30.000000 2  -2.992578754246E-11 -2.054447410804E-11
AR GRAC 2024 06 01 03 32 40.000000 2  -1.814099911956E-11 -1.277405785316E-11
AR GRAC 2024 06 01 03 32 50.000000 2  -2.917266775371E-11 -2.445864344391E-11
AR GRAC 2024 06 01 03 33  0.000000 2  -2.429907490498E-11 -2.061722841062E-11
AR GRAC 2024 06 01 03 33 10.000000 2  -2.022441242255E-11 -3.055181455047E-11
AR GRAC 2024 06 01 03 33 20.000000 2  -3.046674718066E-11 -2.150340148999E-11
AR GRAC 2024 06 01 03 33 30.000000 2  -2.037392303478E-11 -2.816098743086E-11
AR GRAC 2024 06 01 03 33 40.000000 2  -2.251772553141E-11 -9.929575391088E-12
AR GRAC 2024 06 01 03 33 50.000000 2  -2.431660081625E-11 -2.765316274578E-11
AR GRAC 2024 06 01 03 34  0.000000 2  -2.572853215199E-11 -3.001475110120E-11
AR GRAC 2024 06 01 03 34 10.000000 2  -2.739116052031E-11 -1.189633894866E-11
AR GRAC 2024 06 01 03 34 20.000000 2  -2.186653115521E-11 -1.259192836806E-11
AR GRAC 2024 06 01 03 34 30.000000 2  -2.812494681592E-11 -2.971451557032E-11
AR GRAC 2024 06 01 03 34 40.000000 2  -2.833832647708E-11 -1.805010654832E-11
AR GRAC 2024 06 01 03 34 50.000000 2  -2.662045583968E-11 -2.620697062139E-12
AR GRAC 2024 06 01 03 35  0.000000 2  -2.297181715682E-11 -3.706228726696E-11
AR GRAC 2024 06 01 03 35 10.000000 2  -2.491206373134E-11 -1.206887801503E-11
AR GRAC 2024 06 01 03 35 20.000000 2  -2.625617952223E-11 -2.392246990779E-11
AR GRAC 2024 06 01 03 35 30.000000 2  -2.184489221457E-11 -2.549906293059E-11
AR GRAC 2024 06 01 03 35 40.000000 2  -2.165925251651E-11  4.098345794679E-12
AR GRAC 2024 06 01 03 35 50.000000 2  -2.580313740452E-11 -4.056024613397E-11
AR GRAC 2024 06 01 03 36  0.000000 2  -2.364165634094E-11 -1.486283839058E-11
AR GRAC 2024 06 01 03 36 10.000000 2  -2.376206349741E-11 -1.689643390479E-11
AR GRAC 2024 06 01 03 36 20.000000 2  -2.421662870233E-11 -4.541302403571E-11
AR GRAC 2024 06 01 03 36 30.000000 2  -2.580901638238E-11 -4.617620522063E-12
AR GRAC 2024 06 01 03 36 40.000000 2  -2.629878259608E-11 -1.108421514295E-11
AR GRAC 2024 06 01 03 36 50.000000 2  -2.521771853836E-11 -3.518981286921E-11
AR GRAC 2024 06 01 03 37  0.000000 2  -2.594707088077E-11 -1.818640724127E-11
AR GRAC 2024 06 01 03 37 10.000000 2  -2.820500083489E-11 -2.672800175629E-11
AR GRAC 2024 06 01 03 37 20.000000 2  -2.541556722024E-11 -1.636759824897E-11
AR GRAC 2024 06 01 03 37 30.000000 2  -2.234191824602E-11 -2.049319568209E-11
AR GRAC 2024 06 01 03 37 40.000000 2  -2.070568716483E-11 -1.846779326686E-11
AR GRAC 2024 06 01 03 37 50.000000 2  -2.437017775081E-11 -1.111738912735E-11
AR GRAC 2024 06 01 03 38  0.000000 2  -2.369016961767E-11 -2.162898679603E-11
AR GRAC 2024 06 01 03 38 10.000000 2  -2.619999529829E-11 -2.345958496908E-11
AR GRAC 2024 06 01 03 38 20.000000 2  -2.550098673892E-11 -1.547518363454E-11
AR GRAC 2024 06 01 03 38 30.000000 2  -1.946822217325E-11 -1.862278387055E-11
AR GRAC 2024 06 01 03 38 40.000000 2  -2.470680257605E-11 -8.720383790073E-12
AR GRAC 2024 06 01 03 38 50.000000 2  -2.659830342089E-11 -2.860598216636E-11
AR GRAC 2024 06 01 03 39  0.000000 2  -2.596658825460E-11 -3.166858095205E-11
AR GRAC 2024 06 01 03 39 10.000000 2  -2.654884645459E-11 -2.445518440530E-11
AR GRAC 2024 06 01 03 39 20.000000 2  -2.193486191293E-11 -1.445378539078E-11
AR GRAC 2024 06 01 03 39 30.000000 2  -2.399980908452E-11 -1.894638612665E-11
AR GRAC 2024 06 01 03 39 40.000000 2  -1.793438487996E-11 -9.459989215588E-12
AR GRAC 2024 06 01 03 39 50.000000 2  -2.325376870227E-11 -2.529859134681E-11
AR GRAC 2024 06 01 03 40  0.000000 2  -2.164629413215E-11 -5.744193749130E-12
AR GRAC 2024 06 01 03 40 10.000000 2  -2.803362750270E-11 -1.928379851635E-11
AR GRAC 2024 06 01 03 40 20.000000 2  -2.365943552185E-11 -2.654840063065E-11
AR GRAC 2024 06 01 03 40 30.000000 2  -2.106727813034E-11 -8.417005807615E-12
AR GRAC 2024 06 01 03 40 40.000000 2  -2.455030102821E-11  7.444390590083E-12
AR GRAC 2024 06 01 03 40 50.000000 2  -2.479958426116E-11 -2.318821523684E-11
AR GRAC 2024 06 01 03 41  0.000000 2  -2.212485750164E-11 -2.976982202418E-11
AR GRAC 2024 06 01 03 41 10.000000 2  -2.272587673602E-11 -1.163442606145E-11
AR GRAC 2024 06 01 03 41 20.000000 2  -1.748495445653E-11 -2.381603247947E-11
AR GRAC 2024 06 01 03 41 30.000000 2  -2.952036184944E-11 -1.816163712476E-11
AR GRAC 2024 06 01 03 41 40.000000 2  -2.674784352341E-11 -8.331245415771E-12
AR GRAC 2024 06 01 03 41 50.000000 2  -2.290148105877E-11 -2.489985301279E-11
AR GRAC 2024 06 01 03 42  0.000000 2  -2.368721364887E-11 -1.528746053359E-11
AR GRAC 2024 06 01 03 42 10.000000 2  -2.392619435909E-11 -4.439068904127E-12
AR GRAC 2024 06 01 03 42 20.000000 2  -2.077212880869E-11 -3.053067521019E-11
AR GRAC 2024 06 01 03 42 30.000000 2  -2.787600532350E-11 -1.078828606310E-11
AR GRAC 2024 06 01 03 42 40.000000 2  -2.384015033996E-11 -9.537896514256E-12
AR GRAC 2024 06 01 03 42 50.000000 2  -2.493116650626E-11 -1.631650543843E-11
AR GRAC 2024 06 01 03 43  0.000000 2  -2.011626282217E-11 -1.763611652550E-11
AR GRAC 2024 06 01 03 43 10.000000 2  -2.541107602116E-11 -1.102572633888E-11
AR GRAC 2024 06 01 03 43 20.000000 2  -1.845657307542E-11 -1.476233718600E-11
AR GRAC 2024 06 01 03 43 30.000000 2  -2.348894689863E-11 -1.838194874093E-11
AR GRAC 2024 06 01 03 43 40.000000 2  -2.563990686433E-11 -3.782556212695E-11
AR GRAC 2024 06 01 03 43 50.000000 2  -2.284412763121E-11 -1.161417316486E-11
AR GRAC 2024 06 01 03 44  0.000000 2  -2.175168031804E-11 -9.127786200491E-12
AR GRAC 2024 06 01 03 44 10.000000 2  -2.344643749985E-11 -2.789240019507E-11
AR GRAC 2024 06 01 03 44 20.000000 2  -1.839348638677E-11 -5.116011780881E-12
AR GRAC 2024 06 01 03 44 30.000000 2  -2.407178623098E-11 -2.010162696020E-11
AR GRAC 2024 06 01 03 44 40.000000 2  -1.754028519652E-11 -2.384123974630E-11
AR GRAC 2024 06 01 03 44 50.000000 2  -1.621763140447E-11 -3.753854865840E-12
AR GRAC 2024 06 01 03 45  0.000000 2  -2.179314194384E-11 -4.208470811423E-12
AR GRAC 2024 06 01 03 45 10.000000 2  -2.078103140957E-11  1.240913947119E-12
AR GRAC 2024 06 01 03 45 20.000000 2  -1.997189739977E-11 -1.738170198051E-11
AR GRAC 2024 06 01 03 45 30.000000 2  -2.369255659718E-11 -3.068232126702E-11
AR GRAC 2024 06 01 03 45 40.000000 2  -1.911892172357E-11 -9.402935027825E-12
AR GRAC 2024 06 01 03 45 50.000000 2  -1.968171806088E-11 -7.815552892365E-12
AR GRAC 2024 06 01 03 46  0.000000 2  -2.359111517247E-11 -9.977170131736E-12
AR GRAC 2024 06 01 03 46 10.000000 2  -2.222987245670E-11  5.490212451331E-12
AR GRAC 2024 06 01 03 46 20.000000 2  -2.293740718196E-11 -2.252140834935E-11
AR GRAC 2024 06 01 03 46 30.000000 2  -1.932791600379E-11  7.594974996139E-12
AR GRAC 2024 06 01 03 46 40.000000 2  -1.923694883943E-11 -4.028645039095E-12
AR GRAC 2024 06 01 03 46 50.000000 2  -1.739048141602E-11 -9.407265764982E-12
AR GRAC 2024 06 01 03 47  0.000000 2  -1.434648146809E-11 -2.486388525624E-11
AR GRAC 2024 06 01 03 47 10.000000 2  -2.178262258068E-11 -2.039150445721E-11
AR GRAC 2024 06 01 03 47 20.000000 2  -1.809537589215E-11 -4.081258714230E-13
AR GRAC 2024 06 01 03 47 30.000000 2  -2.004998077287E-11 -1.043374848325E-11
AR GRAC 2024 06 01 03 47 40.000000 2  -1.656769686720E-11  3.726630549289E-12
AR GRAC 2024 06 01 03 47 50.000000 2  -1.674762412085E-11 -1.848699145157E-11
AR GRAC 2024 06 01 03 48  0.000000 2  -2.324809615650E-11 -5.892614087649E-12
AR GRAC 2024 06 01 03 48 10.000000 2  -1.715679855130E-11 -1.353723730335E-11
AR GRAC 2024 06 01 03 48 20.000000 2  -2.014893633884E-11 -6.249860004526E-12
AR GRAC 2024 06 01 03 48 30.000000 2  -2.244693320108E-11  6.037515539598E-12
AR GRAC 2024 06 01 03 48 40.000000 2  -1.711704736285E-11  4.585891996006E-12
AR GRAC 2024 06 01 03 48 50.000000 2  -1.719707536096E-11 -4.460732998257E-12
AR GRAC 2024 06 01 03 49  0.000000 2  -2.047408943773E-11 -9.655358110261E-12
AR GRAC 2024 06 01 03 49 10.000000 2  -1.555792820962E-11  2.470016812611E-12
AR GRAC 2024 06 01 03 49 20.000000 2  -1.308676778056E-11 -9.946089091217E-13
AR GRAC 2024 06 01 03 49 30.000000 2  -1.393110713593E-11 -4.813235747470E-12
AR GRAC 2024 06 01 03 49 40.000000 2  -2.051753905663E-11  5.094138652573E-12
AR GRAC 2024 06 01 03 49 50.000000 2  -1.537575622379E-11 -8.256489242298E-12
