 2.00 C RINEX VERSION / TYPE
 10.00 INTERVAL
 1 AR # / TYPES OF DATA
 END OF HEADER
AR GRAD 2024 06 12 01 05  0.000000 2   4.860996674627E-11  3.511575405457E-11
AR GRAD 2024 06 12 01 05 10.000000 2   4.738567177531E-11  4.906453021647E-11
AR GRAD 2024 06 12 01 05 20.000000 2   4.719346788362E-11  3.416331106898E-11
AR GRAD 2024 06 12 01 05 30.000000 2   4.480555509945E-11  5.542209052800E-11
AR GRAD 2024 06 12 01 05 40.000000 2   5.003417472005E-11  4.449086585256E-11
AR GRAD 2024 06 12 01 05 50.000000 2   4.461257752109E-11  4.066964820471E-11
AR GRAD 2024 06 12 01 06  0.000000 2   4.855540969295E-11  3.812842749862E-11
AR GRAD 2024 06 12 01 06 10.000000 2   4.790752863859E-11  5.232720853843E-11
AR GRAD 2024 06 12 01 06 20.000000 2   4.754825352893E-11  4.540599146674E-11
AR GRAD 2024 06 12 01 06 30.000000 2   5.123669197249E-11  3.131477716023E-11
AR GRAD 2024 06 12 01 06 40.000000 2   4.761724348157E-11  4.716356125090E-11
AR GRAD 2024 06 12 01 06 50.000000 2   4.481289297975E-11  3.946234311547E-11
AR GRAD 2024 06 12 01 07  0.000000 2   4.939136252768E-11  3.138113033319E-11
AR GRAD 2024 06 12 01 07 10.000000 2   4.674984011022E-11  2.195991305465E-11
AR GRAD 2024 06 12 01 07 20.000000 2   5.031354499696E-11  2.938870327651E-11
AR GRAD 2024 06 12 01 07 30.000000 2   5.185806645214E-11  3.962749225983E-11
AR GRAD 2024 06 12 01 07 40.000000 2   4.594614272380E-11  5.177627770969E-11
AR GRAD 2024 06 12 01 07 50.000000 2   4.651164869918E-11  3.545506943592E-11
AR GRAD 2024 06 12 01 08  0.000000 2   4.591671487475E-11  3.325385800057E-11
AR GRAD 2024 06 12 01 08 10.000000 2   5.138442449315E-11  4.420264848592E-11
AR GRAD 2024 06 12 01 08 20.000000 2   4.483764748375E-11  5.054143908945E-11
AR GRAD 2024 06 12 01 08 30.000000 2   4.530633507249E-11  3.193023276338E-11
AR GRAD 2024 06 12 01 08 40.000000 2   5.026234983774E-11  4.797902353193E-11
AR GRAD 2024 06 12 01 08 50.000000 2   4.174271692192E-11  3.012782037737E-11
AR GRAD 2024 06 12 01 09  0.000000 2   4.973434511446E-11  3.424661249030E-11
AR GRAD 2024 06 12 01 09 10.000000 2   4.348597523740E-11  4.664540975696E-11
AR GRAD 2024 06 12 01 09 20.000000 2   3.985257610029E-11  3.767420403422E-11
AR GRAD 2024 06 12 01 09 30.000000 2   4.742738840546E-11  3.581299840016E-11
AR GRAD 2024 06 12 01 09 40.000000 2   4.701517300476E-11  3.718179930612E-11
AR GRAD 2024 06 12 01 09 50.000000 2   4.036013190323E-11  2.841059505709E-11
AR GRAD 2024 06 12 01 10  0.000000 2   4.138555817490E-11  4.163939679169E-11
AR GRAD 2024 06 12 01 10 10.000000 2   4.030225458918E-11  4.733819586322E-11
AR GRAD 2024 06 12 01 10 20.000000 2   4.156528593535E-11  2.559699327498E-11
AR GRAD 2024 06 12 01 10 30.000000 2   4.477856280216E-11  3.581579824385E-11
AR GRAD 2024 06 12 01 10 40.000000 2   4.340969597671E-11  2.866459847262E-11
AR GRAD 2024 06 12 01 10 50.000000 2   4.062787953285E-11  4.793340030451E-11
AR GRAD 2024 06 12 01 11  0.000000 2   4.617305496279E-11  3.972220816162E-11
AR GRAD 2024 06 12 01 11 10.000000 2   3.918558186267E-11  2.694100845191E-11
AR GRAD 2024 06 12 01 11 20.000000 2   4.436885581161E-11  3.797981373843E-11
AR GRAD 2024 06 12 01 11 30.000000 2   4.055138516645E-11  3.455861985469E-11
AR GRAD 2024 06 12 01 11 40.000000 2   3.155441880009E-11  2.523742499705E-11
AR GRAD 2024 06 12 01 11 50.000000 2   3.973964907145E-11  4.569623499040E-11
AR GRAD 2024 06 12 01 12  0.000000 2   3.910328658097E-11  4.424504165823E-11
AR GRAD 2024 06 12 01 12 10.000000 2   4.040826701024E-11  2.044384973809E-11
AR GRAD 2024 06 12 01 12 20.000000 2   3.945934898275E-11  3.168266343723E-11
AR GRAD 2024 06 12 01 12 30.000000 2   4.071144810158E-11  4.220147495348E-11
AR GRAD 2024 06 12 01 12 40.000000 2   3.669494222369E-11  4.625028138250E-11
AR GRAD 2024 06 12 01 12 50.000000 2   3.593332575935E-11  2.704909213280E-11
AR GRAD 2024 06 12 01 13  0.000000 2   3.734515474640E-11  3.069790602273E-11
AR GRAD 2024 06 12 01 13 10.000000 2   3.602163012317E-11  5.075671827282E-11
AR GRAD 2024 06 12 01 13 20.000000 2   4.295473698956E-11  2.171553215025E-11
AR GRAD 2024 06 12 01 13 30.000000 2   4.146174376052E-11  3.278434815290E-11
AR GRAD 2024 06 12 01 13 40.000000 2   4.094599312388E-11  2.449316097164E-11
AR GRAD 2024 06 12 01 13 50.000000 2   3.714056145965E-11  4.951198132042E-11
AR GRAD 2024 06 12 01 14  0.000000 2   3.863377673330E-11  2.588079577037E-11
AR GRAD 2024 06 12 01 14 10.000000 2   3.636990361655E-11  4.309961415538E-11
AR GRAD 2024 06 12 01 14 20.000000 2   4.057441535532E-11  3.290843292314E-11
AR GRAD 2024 06 12 01 14 30.000000 2   3.962168787508E-11  3.749725183133E-11
AR GRAD 2024 06 12 01 14 40.000000 2   3.965406475404E-11  2.725607066434E-11
AR GRAD 2024 06 12 01 14 50.000000 2   4.040284426465E-11  3.691489128266E-11
AR GRAD 2024 06 12 01 15  0.000000 2   3.984429799986E-11  1.911371234897E-11
AR GRAD 2024 06 12 01 15 10.000000 2   3.474275728221E-11  3.672253820475E-11
AR GRAD 2024 06 12 01 15 20.000000 2   3.615705998494E-11  3.218136174210E-11
AR GRAD 2024 06 12 01 15 30.000000 2   3.248564264813E-11  3.796018360758E-11
AR GRAD 2024 06 12 01 15 40.000000 2   3.329840222999E-11  3.436900763987E-11
AR GRAD 2024 06 12 01 15 50.000000 2   4.174126322365E-11  3.257783279254E-11
AR GRAD 2024 06 12 01 16  0.000000 2   3.216075669665E-11  3.408666057747E-11
AR GRAD 2024 06 12 01 16 10.000000 2   3.611432333739E-11  3.198548717553E-11
AR GRAD 2024 06 12 01 16 20.000000 2   3.223667860430E-11  3.024431399767E-11
AR GRAD 2024 06 12 01 16 30.000000 2   3.122868630356E-11  3.043313864803E-11
AR GRAD 2024 06 12 01 16 40.000000 2   3.423247102452E-11  3.477197349500E-11
AR GRAD 2024 06 12 01 16 50.000000 2   2.825292430564E-11  3.152079985913E-11
AR GRAD 2024 06 12 01 17  0.000000 2   2.970915527478E-11  2.897962946002E-11
AR GRAD 2024 06 12 01 17 10.000000 2   3.217523469878E-11  2.573845997444E-11
AR GRAD 2024 06 12 01 17 20.000000 2   2.811109678369E-11  2.854729126700E-11
AR GRAD 2024 06 12 01 17 30.000000 2   3.400288037247E-11  4.248612572866E-11
AR GRAD 2024 06 12 01 17 40.000000 2   3.344984358944E-11  2.169495832982E-11
AR GRAD 2024 06 12 01 17 50.000000 2   2.946335536658E-11  7.903795673503E-12
AR GRAD 2024 06 12 01 18  0.000000 2   2.814204078105E-11  3.090262767902E-11
AR GRAD 2024 06 12 01 18 10.000000 2   2.554499493879E-11  2.553146236095E-11
AR GRAD 2024 06 12 01 18 20.000000 2   3.170785856099E-11  2.108030069947E-11
AR GRAD 2024 06 12 01 18 30.000000 2   2.288530649708E-11  2.522913648828E-11
AR GRAD 2024 06 12 01 18 40.000000 2   3.237247969690E-11  2.027797547932E-11
AR GRAD 2024 06 12 01 18 50.000000 2   2.574815881340E-11  2.185681496902E-11
AR GRAD 2024 06 12 01 19  0.000000 2   1.655107821630E-11  2.078565271291E-11
AR GRAD 2024 06 12 01 19 10.000000 2   2.982339028512E-11  2.852449353108E-11
AR GRAD 2024 06 12 01 19 20.000000 2   2.709972697634E-11  1.324333351316E-11
AR GRAD 2024 06 12 01 19 30.000000 2   2.184265962546E-11  2.555217669398E-11
AR GRAD 2024 06 12 01 19 40.000000 2   2.321164614683E-11  1.878101840713E-11
AR GRAD 2024 06 12 01 19 50.000000 2   1.972357867308E-11  3.592986325129E-11
AR GRAD 2024 06 12 01 20  0.000000 2   2.371682190916E-11  2.613870578316E-11
AR GRAD 2024 06 12 01 20 10.000000 2   1.743503431906E-11  2.001755011749E-11
AR GRAD 2024 06 12 01 20 20.000000 2   2.118345082680E-11  2.661639658674E-11
AR GRAD 2024 06 12 01 20 30.000000 2   2.131233210745E-11  4.525524399668E-11
AR GRAD 2024 06 12 01 20 40.000000 2   2.321384057202E-11  1.890408836414E-11
AR GRAD 2024 06 12 01 20 50.000000 2   1.715916471412E-11  2.644293811693E-11
AR GRAD 2024 06 12 01 21  0.000000 2   2.212185469530E-11  1.937178542577E-11
AR GRAD 2024 06 12 01 21 10.000000 2   2.031081032527E-11  2.227063498894E-11
AR GRAD 2024 06 12 01 21 20.000000 2   1.977675141707E-11  2.156948404608E-11
AR GRAD 2024 06 12 01 21 30.000000 2   1.983873308686E-11  1.984833651603E-11
AR GRAD 2024 06 12 01 21 40.000000 2   1.890655340619E-11  3.322718836185E-11
AR GRAD 2024 06 12 01 21 50.000000 2   1.802384456961E-11  2.838603831157E-11
AR GRAD 2024 06 12 01 22  0.000000 2   2.155531482473E-11  7.414890750013E-12
AR GRAD 2024 06 12 01 22 10.000000 2   1.990249458295E-11  1.583374577285E-11
AR GRAD 2024 06 12 01 22 20.000000 2   1.535447116674E-11  1.060260039487E-11
AR GRAD 2024 06 12 01 22 30.000000 2   1.222858880129E-11  2.060145457006E-11
AR GRAD 2024 06 12 01 22 40.000000 2   1.918820310975E-11  2.352031069908E-11
AR GRAD 2024 06 12 01 22 50.000000 2   1.728714046911E-11  3.680917029514E-11
AR GRAD 2024 06 12 01 23  0.000000 2   2.183411437762E-11  1.612802426332E-11
AR GRAD 2024 06 12 01 23 10.000000 2   1.900609183925E-11  1.672688550169E-11
AR GRAD 2024 06 12 01 23 20.000000 2   2.024453521488E-11  1.239574241862E-11
AR GRAD 2024 06 12 01 23 30.000000 2   1.809149011156E-11  1.964460191739E-11
AR GRAD 2024 06 12 01 23 40.000000 2   2.092734666115E-11  8.423461581031E-12
AR GRAD 2024 06 12 01 23 50.000000 2   1.981262723327E-11  1.075232611281E-11
AR GRAD 2024 06 12 01 24  0.000000 2   1.454829312575E-11 -8.878815217772E-12
AR GRAD 2024 06 12 01 24 10.000000 2   1.429337464359E-11  1.963004758743E-11
AR GRAD 2024 06 12 01 24 20.000000 2   1.789224671200E-11  1.646891130413E-11
AR GRAD 2024 06 12 01 24 30.000000 2   1.046254836240E-11  2.140777485837E-11
AR GRAD 2024 06 12 01 24 40.000000 2   1.488934843474E-11  1.019664214175E-11
AR GRAD 2024 06 12 01 24 50.000000 2   9.284540150589E-12  8.725509897944E-12
AR GRAD 2024 06 12 01 25  0.000000 2   1.196582329749E-11  1.319437267777E-11
AR GRAD 2024 06 12 01 25 10.000000 2   1.563445206632E-11  1.870324034536E-11
AR GRAD 2024 06 12 01 25 20.000000 2   1.280331569931E-11  2.440210880583E-11
AR GRAD 2024 06 12 01 25 30.000000 2   1.158657284700E-11  1.208097944599E-11
AR GRAD 2024 06 12 01 25 40.000000 2   1.240722802276E-11  8.639846650615E-12
AR GRAD 2024 06 12 01 25 50.000000 2   7.253249216521E-12  9.648719323518E-12
AR GRAD 2024 06 12 01 26  0.000000 2   1.404082405898E-11  2.484758926391E-11
AR GRAD 2024 06 12 01 26 10.000000 2   1.010743572172E-11  2.079645830544E-11
AR GRAD 2024 06 12 01 26 20.000000 2   6.288929446652E-12 -1.846660709548E-13
AR GRAD 2024 06 12 01 26 30.000000 2   1.450181988383E-11  2.899420634139E-11
AR GRAD 2024 06 12 01 26 40.000000 2   5.467238640977E-12 -4.306920271813E-12
AR GRAD 2024 06 12 01 26 50.000000 2   6.788451745177E-12 -2.288043235779E-12
AR GRAD 2024 06 12 01 27  0.000000 2   7.122195194720E-12  1.395083007449E-11
AR GRAD 2024 06 12 01 27 10.000000 2   1.118680408724E-11  2.396970469332E-11
AR GRAD 2024 06 12 01 27 20.000000 2   4.962041628281E-12 -9.751418422743E-12
AR GRAD 2024 06 12 01 27 30.000000 2   2.111803570556E-12 -1.022540667590E-12
AR GRAD 2024 06 12 01 27 40.000000 2   3.580675469669E-12  1.134633879907E-11
AR GRAD 2024 06 12 01 27 50.000000 2   4.666321582608E-12  8.145219741740E-12
AR GRAD 2024 06 12 01 28  0.000000 2   3.351286262387E-12  1.080409980231E-11
AR GRAD 2024 06 12 01 28 10.000000 2   6.392963957692E-13  5.382977917578E-12
AR GRAD 2024 06 12 01 28 20.000000 2   5.950759091218E-13  1.191186298904E-11
AR GRAD 2024 06 12 01 28 30.000000 2   8.718497928814E-13  1.101074093013E-11
AR GRAD 2024 06 12 01 28 40.000000 2   9.130066494500E-13 -3.020373664717E-12
AR GRAD 2024 06 12 01 28 50.000000 2   1.900062355717E-12  9.688508675887E-12
AR GRAD 2024 06 12 01 29  0.000000 2  -1.259054058927E-12 -2.032260471019E-11
AR GRAD 2024 06 12 01 29 10.000000 2   1.249748243261E-12  1.098627785967E-11
AR GRAD 2024 06 12 01 29 20.000000 2  -3.413887878986E-12 -1.202483512069E-11
AR GRAD 2024 06 12 01 29 30.000000 2   5.078893902666E-12  9.914053952786E-12
AR GRAD 2024 06 12 01 29 40.000000 2  -5.530667070153E-12  6.129402541077E-13
AR GRAD 2024 06 12 01 29 50.000000 2   3.401753921953E-12 -1.353817058458E-11
AR GRAD 2024 06 12 01 30  0.000000 2  -2.456715386678E-12  1.660717245146E-12
AR GRAD 2024 06 12 01 30 10.000000 2  -1.462357687200E-12  9.449603426137E-12
AR GRAD 2024 06 12 01 30 20.000000 2   1.203820138192E-12 -5.651502703319E-12
AR GRAD 2024 06 12 01 30 30.000000 2   1.023210054012E-12  8.777387670855E-12
AR GRAD 2024 06 12 01 30 40.000000 2  -6.772150982354E-12 -1.057371898372E-11
AR GRAD 2024 06 12 01 30 50.000000 2  -2.527430033924E-13  2.435517239274E-11
AR GRAD 2024 06 12 01 31  0.000000 2  -1.231878097793E-13  2.594064069453E-12
AR GRAD 2024 06 12 01 31 10.000000 2  -2.156119900676E-12 -7.447040380193E-12
AR GRAD 2024 06 12 01 31 20.000000 2  -6.671976773148E-12 -2.438144087666E-12
AR GRAD 2024 06 12 01 31 30.000000 2  -3.084015464880E-12  3.430752426939E-12
AR GRAD 2024 06 12 01 31 40.000000 2   2.391119637360E-12 -1.229035102857E-11
AR GRAD 2024 06 12 01 31 50.000000 2  -3.506563095446E-12  1.083854533901E-11
AR GRAD 2024 06 12 01 32  0.000000 2  -3.129773567048E-12  5.177441374932E-12
AR GRAD 2024 06 12 01 32 10.000000 2  -4.010218806333E-12 -4.373660288104E-12
AR GRAD 2024 06 12 01 32 20.000000 2  -4.068610465896E-12  4.375241488552E-12
AR GRAD 2024 06 12 01 32 30.000000 2  -4.743333763962E-12 -1.335858398725E-12
AR GRAD 2024 06 12 01 32 40.000000 2  -3.213284889905E-12 -8.506955556653E-12
AR GRAD 2024 06 12 01 32 50.000000 2  -4.198312270748E-12 -1.309805649358E-11
AR GRAD 2024 06 12 01 33  0.000000 2  -3.401760644006E-12  4.830844491793E-12
AR GRAD 2024 06 12 01 33 10.000000 2  -2.135102858403E-12  1.169748759661E-12
AR GRAD 2024 06 12 01 33 20.000000 2  -6.142312786866E-12 -1.476135012835E-11
AR GRAD 2024 06 12 01 33 30.000000 2  -8.646069103724E-12 -8.024428560863E-13
AR GRAD 2024 06 12 01 33 40.000000 2  -6.494256955120E-12 -3.403537868207E-12
AR GRAD 2024 06 12 01 33 50.000000 2  -1.109223715483E-12 -6.694631828064E-12
AR GRAD 2024 06 12 01 34  0.000000 2  -5.968320889588E-12 -2.825724029765E-12
AR GRAD 2024 06 12 01 34 10.000000 2  -1.138502920411E-11 -8.636816088703E-12
AR GRAD 2024 06 12 01 34 20.000000 2  -6.175521790990E-13 -1.699790308507E-11
AR GRAD 2024 06 12 01 34 30.000000 2  -1.110560081397E-11 -1.831900083016E-11
AR GRAD 2024 06 12 01 34 40.000000 2  -8.926706596135E-12  6.959913114585E-12
AR GRAD 2024 06 12 01 34 50.000000 2  -8.588280260569E-12 -1.564117758923E-11
AR GRAD 2024 06 12 01 35  0.000000 2  -1.110024658996E-11 -6.992268309497E-12
AR GRAD 2024 06 12 01 35 10.000000 2  -3.706196374104E-12 -1.052335215496E-11
AR GRAD 2024 06 12 01 35 20.000000 2  -1.075514417109E-11 -9.114440105429E-12
AR GRAD 2024 06 12 01 35 30.000000 2  -1.280035018952E-11 -1.917553095476E-11
AR GRAD 2024 06 12 01 35 40.000000 2  -9.333831450797E-12 -3.596611290041E-12
AR GRAD 2024 06 12 01 35 50.000000 2  -1.268556874129E-11 -6.837697508894E-12
AR GRAD 2024 06 12 01 36  0.000000 2  -1.210107968691E-11 -1.007878329407E-11
AR GRAD 2024 06 12 01 36 10.000000 2  -1.471478841553E-11 -1.413986462639E-11
AR GRAD 2024 06 12 01 36 20.000000 2  -7.063597970425E-12  4.139052382085E-12
AR GRAD 2024 06 12 01 36 30.000000 2  -1.173248824482E-11 -4.897027228168E-12
AR GRAD 2024 06 12 01 36 40.000000 2  -6.230413754360E-12 -1.393311074155E-11
AR GRAD 2024 06 12 01 36 50.000000 2  -1.114651860395E-11 -1.454752551061E-11
AR GRAD 2024 06 12 01 37  0.000000 2  -1.351257994386E-11 -1.516193941231E-11
AR GRAD 2024 06 12 01 37 10.000000 2   1.597828857072E-12 -1.577635071193E-11
AR GRAD 2024 06 12 01 37 20.000000 2  -1.188299805777E-11 -1.419742535341E-11
AR GRAD 2024 06 12 01 37 30.000000 2  -9.960188923630E-12 -1.261850433171E-11
AR GRAD 2024 06 12 01 37 40.000000 2  -1.485242658028E-11 -1.440957943244E-11
AR GRAD 2024 06 12 01 37 50.000000 2  -9.302108562592E-12 -1.139065838179E-11
AR GRAD 2024 06 12 01 38  0.000000 2  -1.634936977468E-11 -8.371732994339E-12
AR GRAD 2024 06 12 01 38 10.000000 2  -6.960449144139E-12 -5.922806082387E-12
AR GRAD 2024 06 12 01 38 20.000000 2  -1.044213240181E-11 -1.656388047555E-11
AR GRAD 2024 06 12 01 38 30.000000 2  -1.307662225031E-11 -2.309494956387E-11
AR GRAD 2024 06 12 01 38 40.000000 2  -1.365819089771E-11 -1.882602407299E-11
AR GRAD 2024 06 12 01 38 50.000000 2  -1.139858953753E-11 -1.610709655930E-11
AR GRAD 2024 06 12 01 39  0.000000 2  -8.556102007451E-12 -2.280816854827E-11
AR GRAD 2024 06 12 01 39 10.000000 2  -4.243262859138E-12 -2.309923780031E-11
AR GRAD 2024 06 12 01 39 20.000000 2  -6.728398220524E-12 -1.293030352928E-11
AR GRAD 2024 06 12 01 39 30.000000 2  -1.597623422445E-11 -2.761375329785E-12
AR GRAD 2024 06 12 01 39 40.000000 2  -1.411771567705E-11 -6.179107572835E-12
AR GRAD 2024 06 12 01 39 50.000000 2  -9.447287570297E-12 -9.596839815884E-12
AR GRAD 2024 06 12 01 40  0.000000 2  -9.081052750048E-12 -1.301457205893E-11
AR GRAD 2024 06 12 01 40 10.000000 2  -1.111846639062E-11 -1.746063710284E-11
AR GRAD 2024 06 12 01 40 20.000000 2  -6.437754409422E-12 -2.190670735092E-11
AR GRAD 2024 06 12 01 40 30.000000 2  -8.667317731581E-12 -2.209443739076E-11
AR GRAD 2024 06 12 01 40 40.000000 2  -6.062031519122E-12 -2.228216743061E-11
AR GRAD 2024 06 12 01 40 50.000000 2  -1.115751328135E-11 -2.246989747046E-11
AR GRAD 2024 06 12 01 41  0.000000 2  -8.792742575703E-12 -1.356095357535E-11
AR GRAD 2024 06 12 01 41 10.000000 2  -1.441352072418E-11 -9.602012761289E-12
AR GRAD 2024 06 12 01 41 20.000000 2  -9.336929666925E-12 -5.643076717715E-12
AR GRAD 2024 06 12 01 41 30.000000 2  -9.955212869339E-12 -1.105413330316E-11
AR GRAD 2024 06 12 01 41 40.000000 2  -1.043550228869E-11 -1.335185868118E-11
AR GRAD 2024 06 12 01 41 50.000000 2  -7.790673488273E-12 -1.564958405920E-11
AR GRAD 2024 06 12 01 42  0.000000 2  -6.410807214946E-12 -1.794731030458E-11
AR GRAD 2024 06 12 01 42 10.000000 2  -1.225566523266E-11 -1.216336493332E-11
AR GRAD 2024 06 12 01 42 20.000000 2  -8.264635503741E-12 -6.379421296776E-12
AR GRAD 2024 06 12 01 42 30.000000 2  -9.135998381427E-12 -1.033381019644E-11
AR GRAD 2024 06 12 01 42 40.000000 2  -7.230296222849E-12 -1.428819562665E-11
AR GRAD 2024 06 12 01 42 50.000000 2  -9.410697048018E-12 -1.824258279159E-11
AR GRAD 2024 06 12 01 43  0.000000 2  -7.948644346889E-12 -1.915863995228E-11
AR GRAD 2024 06 12 01 43 10.000000 2  -9.663590457357E-13 -2.007468323517E-11
AR GRAD 2024 06 12 01 43 20.000000 2  -5.496360311330E-12 -2.099074039585E-11
AR GRAD 2024 06 12 01 43 30.000000 2  -8.752567247361E-12 -2.190679235237E-11
AR GRAD 2024 06 12 01 43 40.000000 2  -5.494478570039E-12 -2.237784089976E-11
AR GRAD 2024 06 12 01 43 50.000000 2  -8.307623686199E-12 -1.821889167308E-11
AR GRAD 2024 06 12 01 44  0.000000 2  -8.561518681505E-12 -1.916493699849E-11
AR GRAD 2024 06 12 01 44 10.000000 2  -1.001592992572E-11 -2.011098405863E-11
AR GRAD 2024 06 12 01 44 20.000000 2   2.572101602885E-13 -1.993952572499E-11
AR GRAD 2024 06 12 01 44 30.000000 2  -7.169728677946E-13 -1.976807606496E-11
AR GRAD 2024 06 12 01 44 40.000000 2  -5.452916330279E-12 -1.959661773132E-11
AR GRAD 2024 06 12 01 44 50.000000 2  -3.522518865137E-12 -1.942516807130E-11
AR GRAD 2024 06 12 01 45  0.000000 2  -7.525934736519E-12 -1.925371147238E-11
AR GRAD 2024 06 12 01 45 10.000000 2  -7.636999539706E-12 -1.908225313874E-11
AR GRAD 2024 06 12 01 45 20.000000 2  -8.068498126568E-12 -1.891079480509E-11
AR GRAD 2024 06 12 01 45 30.000000 2  -8.610317320246E-12 -1.873933820618E-11
AR GRAD 2024 06 12 01 45 40.000000 2  -2.834969238530E-12 -1.914437705586E-11
AR GRAD 2024 06 12 01 45 50.000000 2  -1.519369807919E-12 -1.954941590554E-11
AR GRAD 2024 06 12 01 46  0.000000 2  -4.758408510969E-12 -1.995445475522E-11
AR GRAD 2024 06 12 01 46 10.000000 2  -9.420379407099E-12 -2.035949187018E-11
AR GRAD 2024 06 12 01 46 20.000000 2  -6.801420104202E-12 -2.076453071986E-11
AR GRAD 2024 06 12 01 46 30.000000 2  -5.071981463295E-12 -2.116956956955E-11
AR GRAD 2024 06 12 01 46 40.000000 2  -5.901592148999E-12 -2.157460148033E-11
AR GRAD 2024 06 12 01 46 50.000000 2  -6.022230457370E-12 -2.197964033002E-11
AR GRAD 2024 06 12 01 47  0.000000 2  -4.631353026779E-12 -2.238467050608E-11
AR GRAD 2024 06 12 01 47 10.000000 2  -7.062110878725E-12 -2.278970935576E-11
AR GRAD 2024 06 12 01 47 20.000000 2  -7.871140371429E-12 -2.249073670357E-11
AR GRAD 2024 06 12 01 47 30.000000 2  -4.071314899795E-12 -2.219177099028E-11
AR GRAD 2024 06 12 01 47 40.000000 2  -4.572165562822E-12 -2.189279833809E-11
AR GRAD 2024 06 12 01 47 50.000000 2  -4.197481771884E-12 -2.159383262479E-11
AR GRAD 2024 06 12 01 48  0.000000 2  -5.015042634643E-12 -2.129486864622E-11
AR GRAD 2024 06 12 01 48 10.000000 2  -3.970433790773E-12 -2.099589425930E-11
AR GRAD 2024 06 12 01 48 20.000000 2  -8.910112773465E-13 -2.010691960153E-11
AR GRAD 2024 06 12 01 48 30.000000 2  -2.725642845106E-12 -1.921795188264E-11
AR GRAD 2024 06 12 01 48 40.000000 2  -5.038864291096E-12 -1.832897549015E-11
AR GRAD 2024 06 12 01 48 50.000000 2  -1.334992229610E-13 -1.743999909765E-11
AR GRAD 2024 06 12 01 49  0.000000 2   1.290989992860E-12 -2.014102599979E-11
AR GRAD 2024 06 12 01 49 10.000000 2  -9.099751334396E-12 -2.284205116720E-11
AR GRAD 2024 06 12 01 49 20.000000 2   1.867822303075E-12 -2.103707832934E-11
AR GRAD 2024 06 12 01 49 30.000000 2  -1.771008470083E-12 -1.923209855259E-11
AR GRAD 2024 06 12 01 49 40.000000 2  -3.186641759929E-13 -1.742712744945E-11
AR GRAD 2024 06 12 01 49 50.000000 2  -5.615503721745E-12 -1.562214767270E-11
AR GRAD 2024 06 12 01 50  0.000000 2  -5.545456455147E-12 -1.381716616122E-11
AR GRAD 2024 06 12 01 50 10.000000 2  -2.009766485178E-12 -1.751818655416E-11
AR GRAD 2024 06 12 01 50 20.000000 2  -3.123688807616E-12 -2.121920694709E-11
AR GRAD 2024 06 12 01 50 30.000000 2  -1.530032827865E-12 -1.913022171229E-11
AR GRAD 2024 06 12 01 50 40.000000 2  -1.918037994056E-12 -1.704124341639E-11
AR GRAD 2024 06 12 01 50 50.000000 2  -1.280264089187E-12 -1.632225604675E-11
AR GRAD 2024 06 12 01 51  0.000000 2  -8.840533014844E-13 -1.901327532916E-11
AR GRAD 2024 06 12 01 51 10.000000 2  -1.260498975163E-12 -2.170429461157E-11
AR GRAD 2024 06 12 01 51 20.000000 2  -2.945535742399E-12 -2.157864165131E-11
AR GRAD 2024 06 12 01 51 30.000000 2  -1.572088948821E-13 -2.145298869105E-11
AR GRAD 2024 06 12 01 51 40.000000 2  -1.689502270724E-12 -2.132733573079E-11
AR GRAD 2024 06 12 01 51 50.000000 2   8.939059345167E-13 -1.703834469347E-11
AR GRAD 2024 06 12 01 52  0.000000 2  -3.805628989023E-12 -1.994436213404E-11
AR GRAD 2024 06 12 01 52 10.000000 2  -2.596160916454E-12 -2.285037263572E-11
AR GRAD 2024 06 12 01 52 20.000000 2  -2.224216037044E-12 -2.192888232111E-11
AR GRAD 2024 06 12 01 52 30.000000 2  -2.336127168448E-12 -2.100739200650E-11
AR GRAD 2024 06 12 01 52 40.000000 2  -8.480271064364E-13 -2.008590169189E-11
AR GRAD 2024 06 12 01 52 50.000000 2   1.440882135828E-12 -1.916440443839E-11
AR GRAD 2024 06 12 01 53  0.000000 2   1.758159915398E-12 -1.710541430722E-11
AR GRAD 2024 06 12 01 53 10.000000 2   1.336354800690E-13 -1.482070716152E-11
AR GRAD 2024 06 12 01 53 20.000000 2  -8.276747343050E-13 -1.253600175055E-11
AR GRAD 2024 06 12 01 53 30.000000 2  -8.036559698971E-13 -1.025129200277E-11
AR GRAD 2024 06 12 01 53 40.000000 2   3.236593501890E-12 -7.966582254992E-12
AR GRAD 2024 06 12 01 53 50.000000 2   6.425856374781E-12 -5.681872940894E-12
AR GRAD 2024 06 12 01 54  0.000000 2  -8.533392634007E-13 -3.397159289986E-12
AR GRAD 2024 06 12 01 54 10.000000 2  -4.317497151896E-13 -1.112449650627E-12
AR GRAD 2024 06 12 01 54 20.000000 2   8.745781009123E-12 -3.573450129551E-12
AR GRAD 2024 06 12 01 54 30.000000 2  -2.564075471043E-12 -6.034450716896E-12
AR GRAD 2024 06 12 01 54 40.000000 2  -3.944911075322E-13 -8.495450870560E-12
AR GRAD 2024 06 12 01 54 50.000000 2   4.500172370164E-12 -1.073145045050E-11
AR GRAD 2024 06 12 01 55  0.000000 2   2.810901034503E-12 -1.296745003043E-11
AR GRAD 2024 06 12 01 55 10.000000 2  -5.403202191223E-12 -1.520344787564E-11
AR GRAD 2024 06 12 01 55 20.000000 2   1.135692885221E-12 -1.743944398613E-11
AR GRAD 2024 06 12 01 55 30.000000 2   4.028381794807E-12 -1.967544009662E-11
AR GRAD 2024 06 12 01 55 40.000000 2  -2.150787414921E-13 -2.191143447239E-11
AR GRAD 2024 06 12 01 55 50.000000 2   6.121516921836E-12 -1.400243115901E-11
AR GRAD 2024 06 12 01 56  0.000000 2   5.053480203743E-12 -9.533426131858E-12
AR GRAD 2024 06 12 01 56 10.000000 2  -1.806346847273E-12 -5.064416767897E-12
AR GRAD 2024 06 12 01 56 20.000000 2   6.060405649544E-12 -1.038540954623E-11
AR GRAD 2024 06 12 01 56 30.000000 2   2.565436144769E-12 -1.570639972248E-11
AR GRAD 2024 06 12 01 56 40.000000 2  -1.638895616440E-12 -2.102739683763E-11
AR GRAD 2024 06 12 01 56 50.000000 2   6.125720156819E-12 -2.047838461305E-11
AR GRAD 2024 06 12 01 57  0.000000 2  -7.157666928777E-14 -2.096187459721E-11
AR GRAD 2024 06 12 01 57 10.000000 2   9.111976798093E-12 -2.144536284665E-11
AR GRAD 2024 06 12 01 57 20.000000 2  -4.942074527392E-12 -2.192885109609E-11
AR GRAD 2024 06 12 01 57 30.000000 2   4.819779558102E-12 -2.241234108025E-11
AR GRAD 2024 06 12 01 57 40.000000 2   4.624936718323E-12 -1.575832346556E-11
AR GRAD 2024 06 12 01 57 50.000000 2   7.783195962729E-12 -9.104310187691E-12
AR GRAD 2024 06 12 01 58  0.000000 2   6.186047334100E-12 -8.545296414919E-12
AR GRAD 2024 06 12 01 58 10.000000 2   5.269398199031E-12 -7.986277437977E-12
AR GRAD 2024 06 12 01 58 20.000000 2   7.338313984251E-12 -7.427262797843E-12
AR GRAD 2024 06 12 01 58 30.000000 2   4.694640075992E-12 -1.142824550271E-11
AR GRAD 2024 06 12 01 58 40.000000 2   4.438041080468E-12 -1.734922448760E-11
AR GRAD 2024 06 12 01 58 50.000000 2   5.097032605011E-12 -4.660208850760E-12
AR GRAD 2024 06 12 01 59  0.000000 2   5.961158650036E-12 -1.124619061071E-11
AR GRAD 2024 06 12 01 59 10.000000 2   2.413728288422E-12 -1.783217323803E-11
AR GRAD 2024 06 12 01 59 20.000000 2   9.674499916457E-12 -1.473314872880E-11
AR GRAD 2024 06 12 01 59 30.000000 2   3.196460457433E-12 -1.064412620544E-11
AR GRAD 2024 06 12 01 59 40.000000 2   1.129612636069E-11 -1.778510845540E-11
AR GRAD 2024 06 12 01 59 50.000000 2   1.228603763864E-11 -1.048608162108E-11
AR GRAD 2024 06 12 02 00  0.000000 2   4.572912361278E-12 -1.827705868596E-11
AR GRAD 2024 06 12 02 00 10.000000 2   8.199767254080E-12 -4.688032947953E-12
AR GRAD 2024 06 12 02 00 20.000000 2   7.699251826365E-12 -1.176900851080E-11
AR GRAD 2024 06 12 02 00 30.000000 2   8.287234613824E-12 -5.259982120004E-12
AR GRAD 2024 06 12 02 00 40.000000 2   6.831064793683E-12 -5.695954992391E-12
AR GRAD 2024 06 12 02 00 50.000000 2   1.392443885889E-11 -6.131927864778E-12
AR GRAD 2024 06 12 02 01  0.000000 2   1.039833063404E-11  9.867101927186E-12
AR GRAD 2024 06 12 02 01 10.000000 2   1.790425793735E-11 -1.843868373957E-12
AR GRAD 2024 06 12 02 01 20.000000 2   8.059978032215E-12  1.289515976638E-11
AR GRAD 2024 06 12 02 01 30.000000 2   1.343361706596E-11 -2.238580674996E-11
AR GRAD 2024 06 12 02 01 40.000000 2   1.406320806335E-11  1.347322080292E-11
AR GRAD 2024 06 12 02 01 50.000000 2   1.019928065615E-11 -1.902774812712E-11
AR GRAD 2024 06 12 02 02  0.000000 2   1.054311932897E-11 -1.573371467833E-11
AR GRAD 2024 06 12 02 02 10.000000 2   1.571474894657E-11 -1.243967949482E-11
AR GRAD 2024 06 12 02 02 20.000000 2   5.205817981552E-12 -8.490643951808E-12
AR GRAD 2024 06 12 02 02 30.000000 2   1.488410263095E-11 -1.639161202605E-11
AR GRAD 2024 06 12 02 02 40.000000 2   1.242144581637E-11 -1.295257651135E-11
AR GRAD 2024 06 12 02 02 50.000000 2   1.008813432096E-11 -9.513537527206E-12
AR GRAD 2024 06 12 02 03  0.000000 2   1.475216823699E-11  9.795501215715E-12
AR GRAD 2024 06 12 02 03 10.000000 2   1.192506076525E-11 -7.865461754131E-12
AR GRAD 2024 06 12 02 03 20.000000 2   1.516134440216E-11  1.385357627226E-11
AR GRAD 2024 06 12 02 03 30.000000 2   1.342228585222E-11 -2.239738082499E-11
AR GRAD 2024 06 12 02 03 40.000000 2   1.135202608998E-11  1.174165712575E-11
AR GRAD 2024 06 12 02 03 50.000000 2   1.419942028541E-11 -1.277930278959E-11
AR GRAD 2024 06 12 02 04  0.000000 2   1.236345227584E-11 -1.228026014211E-11
AR GRAD 2024 06 12 02 04 10.000000 2   1.509302405278E-11 -1.099121748477E-11
AR GRAD 2024 06 12 02 04 20.000000 2   1.892683232363E-11  1.774782751318E-11
AR GRAD 2024 06 12 02 04 30.000000 2   1.042953137048E-11 -1.084312934579E-11
AR GRAD 2024 06 12 02 04 40.000000 2   1.397549003607E-11  1.211591677680E-11
AR GRAD 2024 06 12 02 04 50.000000 2   9.545999407612E-12  6.764962288269E-12
AR GRAD 2024 06 12 02 05  0.000000 2   1.281308999873E-11 -3.645993229551E-12
AR GRAD 2024 06 12 02 05 10.000000 2   1.084262107182E-11 -1.405694397688E-11
AR GRAD 2024 06 12 02 05 20.000000 2   1.230904787819E-11 -1.606789874764E-11
AR GRAD 2024 06 12 02 05 30.000000 2   1.099663155674E-11  6.361152056489E-12
AR GRAD 2024 06 12 02 05 40.000000 2   1.267279857442E-11  2.690200709768E-12
AR GRAD 2024 06 12 02 05 50.000000 2   1.502371491102E-11 -4.640748722806E-12
AR GRAD 2024 06 12 02 06  0.000000 2   2.165886567318E-11 -1.169785534443E-14
AR GRAD 2024 06 12 02 06 10.000000 2   1.748708296223E-11 -1.617265002474E-11
AR GRAD 2024 06 12 02 06 20.000000 2   1.479043103270E-11 -1.283359529758E-11
AR GRAD 2024 06 12 02 06 30.000000 2   1.816909990515E-11  4.685460786719E-12
AR GRAD 2024 06 12 02 06 40.000000 2   1.899088351853E-11  1.354511988683E-12
AR GRAD 2024 06 12 02 06 50.000000 2   1.338677346058E-11  1.027356585220E-11
AR GRAD 2024 06 12 02 07  0.000000 2   2.007763399980E-11 -9.097375630596E-12
AR GRAD 2024 06 12 02 07 10.000000 2   1.709601731015E-11 -1.201832123404E-11
AR GRAD 2024 06 12 02 07 20.000000 2   1.480111345986E-11 -1.562926350840E-11
AR GRAD 2024 06 12 02 07 30.000000 2   2.048238315067E-11  9.379795551379E-12
AR GRAD 2024 06 12 02 07 40.000000 2   1.858317666414E-11  1.163885220840E-11
AR GRAD 2024 06 12 02 07 50.000000 2   1.304246381034E-11  4.767909591447E-12
AR GRAD 2024 06 12 02 08  0.000000 2   2.211437803712E-11  2.496968994417E-12
AR GRAD 2024 06 12 02 08 10.000000 2   2.123910422536E-11  1.866603226153E-11
AR GRAD 2024 06 12 02 08 20.000000 2   1.934653999502E-11 -1.174490886491E-11
AR GRAD 2024 06 12 02 08 30.000000 2   2.014573403930E-11 -1.554584412589E-11
AR GRAD 2024 06 12 02 08 40.000000 2   1.858371963259E-11 -9.626781143079E-12
AR GRAD 2024 06 12 02 08 50.000000 2   1.976021082872E-11  7.952281194656E-12
AR GRAD 2024 06 12 02 09  0.000000 2   2.218782622909E-11 -6.328652012166E-12
AR GRAD 2024 06 12 02 09 10.000000 2   1.841210170439E-11  5.220410041751E-12
AR GRAD 2024 06 12 02 09 20.000000 2   1.936904109323E-11  3.669475747564E-12
AR GRAD 2024 06 12 02 09 30.000000 2   1.960700178605E-11 -6.981454477029E-12
AR GRAD 2024 06 12 02 09 40.000000 2   2.139432728199E-11 -1.038238852530E-11
AR GRAD 2024 06 12 02 09 50.000000 2   2.162050746768E-11  4.706678623234E-12
AR GRAD 2024 06 12 02 10  0.000000 2   1.746146456594E-11 -9.894252084308E-12
AR GRAD 2024 06 12 02 10 10.000000 2   1.819886429055E-11  1.324481670173E-11
AR GRAD 2024 06 12 02 10 20.000000 2   2.059515578912E-11  4.323889336855E-12
AR GRAD 2024 06 12 02 10 30.000000 2   2.238937854560E-11  1.196296100375E-11
AR GRAD 2024 06 12 02 10 40.000000 2   1.557629546178E-11  2.758203214437E-11
AR GRAD 2024 06 12 02 10 50.000000 2   1.718225214886E-11  1.259110263968E-11
AR GRAD 2024 06 12 02 11  0.000000 2   2.247632462093E-11 -6.589821570369E-12
AR GRAD 2024 06 12 02 11 10.000000 2   2.653388793405E-11  1.289925111170E-11
AR GRAD 2024 06 12 02 11 20.000000 2   2.274798231727E-11  1.283271720224E-13
AR GRAD 2024 06 12 02 11 30.000000 2   2.662697666522E-11  8.317403189795E-12
AR GRAD 2024 06 12 02 11 40.000000 2   2.015056524418E-11  2.779647692575E-11
AR GRAD 2024 06 12 02 11 50.000000 2   2.152773966035E-11  8.655563245308E-13
AR GRAD 2024 06 12 02 12  0.000000 2   2.216981806469E-11  1.954463500764E-11
AR GRAD 2024 06 12 02 12 10.000000 2   1.910556435281E-11  1.136371292204E-11
AR GRAD 2024 06 12 02 12 20.000000 2   2.338110260958E-11  3.557279470989E-11
AR GRAD 2024 06 12 02 12 30.000000 2   2.343410708538E-11  9.321871399792E-12
AR GRAD 2024 06 12 02 12 40.000000 2   2.012647340455E-11  2.560954703509E-12
AR GRAD 2024 06 12 02 12 50.000000 2   1.930624410340E-11  3.000359292613E-13
AR GRAD 2024 06 12 02 13  0.000000 2   1.844374653004E-11  4.039117998400E-12
AR GRAD 2024 06 12 02 13 10.000000 2   2.249819254507E-11  1.328819866642E-11
AR GRAD 2024 06 12 02 13 20.000000 2   2.062272227987E-11  3.847284903852E-12
AR GRAD 2024 06 12 02 13 30.000000 2   2.488663788935E-11  6.056368514334E-12
AR GRAD 2024 06 12 02 13 40.000000 2   2.098254903160E-11  1.600545390668E-11
AR GRAD 2024 06 12 02 13 50.000000 2   2.394758176483E-11  7.974542033662E-12
AR GRAD 2024 06 12 02 14  0.000000 2   2.161857845517E-11 -9.476375413542E-12
AR GRAD 2024 06 12 02 14 10.000000 2   2.211339791836E-11  2.031271505165E-11
AR GRAD 2024 06 12 02 14 20.000000 2   1.770663650424E-11  1.053180286037E-11
AR GRAD 2024 06 12 02 14 30.000000 2   2.403706747534E-11  1.365089465077E-11
AR GRAD 2024 06 12 02 14 40.000000 2   2.493793539726E-11  1.109998204463E-11
AR GRAD 2024 06 12 02 14 50.000000 2   2.034738523504E-11  2.296907282429E-11
AR GRAD 2024 06 12 02 15  0.000000 2   2.696915087086E-11 -1.157183637107E-11
AR GRAD 2024 06 12 02 15 10.000000 2   2.367628142153E-11 -7.202742308837E-12
AR GRAD 2024 06 12 02 15 20.000000 2   2.862700181072E-11  1.818634826067E-11
AR GRAD 2024 06 12 02 15 30.000000 2   2.231476288472E-11  5.285442656461E-12
AR GRAD 2024 06 12 02 15 40.000000 2   2.438139447281E-11  3.587453945020E-11
AR GRAD 2024 06 12 02 15 50.000000 2   2.452540254216E-11  6.373630789813E-12
AR GRAD 2024 06 12 02 16  0.000000 2   2.239924565273E-11  1.054272901618E-11
AR GRAD 2024 06 12 02 16 10.000000 2   2.540980273413E-11  3.253182792595E-11
AR GRAD 2024 06 12 02 16 20.000000 2   2.378395050351E-11  2.523092151874E-11
AR GRAD 2024 06 12 02 16 30.000000 2   2.764009680856E-11  3.740021313481E-12
AR GRAD 2024 06 12 02 16 40.000000 2   2.431782900048E-11  1.808911874457E-11
AR GRAD 2024 06 12 02 16 50.000000 2   2.548712456363E-11  2.046821913348E-11
AR GRAD 2024 06 12 02 17  0.000000 2   2.564589859921E-11  1.046731885196E-11
AR GRAD 2024 06 12 02 17 10.000000 2   2.644133349772E-11  2.732641890546E-11
AR GRAD 2024 06 12 02 17 20.000000 2   3.135697604351E-11  2.328552108077E-11
AR GRAD 2024 06 12 02 17 30.000000 2   2.955825861850E-11  1.932462523335E-11
AR GRAD 2024 06 12 02 17 40.000000 2   2.750735403345E-11  2.444372655674E-11
AR GRAD 2024 06 12 02 17 50.000000 2   2.470187769610E-11  2.395283277279E-11
AR GRAD 2024 06 12 02 18  0.000000 2   2.845465529866E-11  3.333193790422E-11
AR GRAD 2024 06 12 02 18 10.000000 2   2.923185998815E-11  2.124104364620E-11
AR GRAD 2024 06 12 02 18 20.000000 2   2.529103142190E-11  2.874014741472E-11
AR GRAD 2024 06 12 02 18 30.000000 2   2.567233578499E-11  1.827925484588E-11
AR GRAD 2024 06 12 02 18 40.000000 2   2.866746423580E-11  2.532836440583E-11
AR GRAD 2024 06 12 02 18 50.000000 2   2.618115967079E-11  2.252747120790E-11
AR GRAD 2024 06 12 02 19  0.000000 2   3.002686987941E-11  2.646658066319E-11
AR GRAD 2024 06 12 02 19 10.000000 2   2.404723642435E-11  3.292569342173E-11
AR GRAD 2024 06 12 02 19 20.000000 2   2.888507835697E-11  2.022480273534E-11
AR GRAD 2024 06 12 02 19 30.000000 2   2.776351717970E-11  4.636391617852E-11
AR GRAD 2024 06 12 02 19 40.000000 2   3.855930505448E-11  1.211302672749E-11
AR GRAD 2024 06 12 02 19 50.000000 2   3.109126844869E-11  3.339213974773E-11
AR GRAD 2024 06 12 02 20  0.000000 2   2.401591772672E-11  1.744125156800E-11
AR GRAD 2024 06 12 02 20 10.000000 2   3.276996035639E-11 -2.889632326822E-12
AR GRAD 2024 06 12 02 20 20.000000 2   3.441326737463E-11  3.331948605911E-11
AR GRAD 2024 06 12 02 20 30.000000 2   2.705347924847E-11  3.485860211594E-11
AR GRAD 2024 06 12 02 20 40.000000 2   2.897394303647E-11  1.593771642439E-11
AR GRAD 2024 06 12 02 20 50.000000 2   3.184965485792E-11  4.026683847469E-11
AR GRAD 2024 06 12 02 21  0.000000 2   3.589211219901E-11  5.050595358602E-11
AR GRAD 2024 06 12 02 21 10.000000 2   3.477965138110E-11  1.815507293113E-11
AR GRAD 2024 06 12 02 21 20.000000 2   2.892614273109E-11  3.049419397549E-11
AR GRAD 2024 06 12 02 21 30.000000 2   2.818507059688E-11 -5.736686733288E-12
AR GRAD 2024 06 12 02 21 40.000000 2   3.548760590943E-11  2.716243376055E-11
AR GRAD 2024 06 12 02 21 50.000000 2   2.825075937074E-11  2.438155580209E-11
AR GRAD 2024 06 12 02 22  0.000000 2   3.308340407182E-11  2.572067905882E-11
AR GRAD 2024 06 12 02 22 10.000000 2   3.053894290228E-11  4.777980441850E-11
AR GRAD 2024 06 12 02 22 20.000000 2   2.770813092856E-11  2.414892591451E-11
AR GRAD 2024 06 12 02 22 30.000000 2   2.888012398672E-11  2.557805356407E-11
AR GRAD 2024 06 12 02 22 40.000000 2   2.731992410077E-11  1.832717658190E-11
AR GRAD 2024 06 12 02 22 50.000000 2   3.465096612421E-11  3.631630413059E-11
AR GRAD 2024 06 12 02 23  0.000000 2   3.318458702273E-11  3.739543397163E-11
AR GRAD 2024 06 12 02 23 10.000000 2   3.175548365930E-11  1.872456009688E-11
AR GRAD 2024 06 12 02 23 20.000000 2   3.050931035586E-11  4.918368837203E-11
AR GRAD 2024 06 12 02 23 30.000000 2   3.307139284647E-11  1.957281732523E-11
AR GRAD 2024 06 12 02 23 40.000000 2   3.119973723820E-11  4.760195015940E-11
AR GRAD 2024 06 12 02 23 50.000000 2   3.020213593108E-11  3.749108315465E-11
AR GRAD 2024 06 12 02 24  0.000000 2   3.704568943275E-11  1.934021172378E-11
AR GRAD 2024 06 12 02 24 10.000000 2   3.885700441963E-11  2.645934513157E-11
AR GRAD 2024 06 12 02 24 20.000000 2   3.459297431840E-11  1.070847664014E-11
AR GRAD 2024 06 12 02 24 30.000000 2   3.587459496135E-11  2.328761315729E-11
AR GRAD 2024 06 12 02 24 40.000000 2   3.602236564593E-11  3.937674838972E-11
AR GRAD 2024 06 12 02 24 50.000000 2   2.499040037407E-11  2.212588272321E-11
AR GRAD 2024 06 12 02 25  0.000000 2   3.706426138228E-11  2.497502031573E-11
AR GRAD 2024 06 12 02 25 10.000000 2   3.539111365081E-11  2.314415672999E-11
AR GRAD 2024 06 12 02 25 20.000000 2   3.615464524986E-11  3.684329577536E-11
AR GRAD 2024 06 12 02 25 30.000000 2   3.112668109373E-11  5.099243596818E-11
AR GRAD 2024 06 12 02 25 40.000000 2   2.842457345886E-11  4.129157432642E-11
AR GRAD 2024 06 12 02 25 50.000000 2   3.231906062218E-11  3.059071398970E-11
AR GRAD 2024 06 12 02 26  0.000000 2   3.868038875310E-11  3.217985253268E-11
AR GRAD 2024 06 12 02 26 10.000000 2   3.413229421323E-11  4.122899591175E-11
AR GRAD 2024 06 12 02 26 20.000000 2   3.765072281725E-11  3.611813972904E-11
AR GRAD 2024 06 12 02 26 30.000000 2   3.465493517152E-11  3.290728106675E-11
AR GRAD 2024 06 12 02 26 40.000000 2   3.874602721998E-11  2.080642429181E-11
AR GRAD 2024 06 12 02 26 50.000000 2   3.511373483644E-11  4.093556743578E-11
AR GRAD 2024 06 12 02 27  0.000000 2   4.163716593730E-11  2.458471447253E-11
AR GRAD 2024 06 12 02 27 10.000000 2   3.210844090606E-11  3.862386105391E-11
AR GRAD 2024 06 12 02 27 20.000000 2   3.633668019254E-11  5.194300892186E-11
AR GRAD 2024 06 12 02 27 30.000000 2   3.583462693246E-11  1.662215677600E-11
AR GRAD 2024 06 12 02 27 40.000000 2   3.396928918709E-11  4.268130293639E-11
AR GRAD 2024 06 12 02 27 50.000000 2   3.109417584524E-11  3.759045158480E-11
AR GRAD 2024 06 12 02 28  0.000000 2   3.392242042821E-11  4.790960336787E-11
AR GRAD 2024 06 12 02 28 10.000000 2   4.059617572660E-11  3.581875421266E-11
AR GRAD 2024 06 12 02 28 20.000000 2   3.471447782011E-11  5.711790415641E-11
AR GRAD 2024 06 12 02 28 30.000000 2   3.721764563203E-11  2.625705555759E-11
AR GRAD 2024 06 12 02 28 40.000000 2   3.432927206393E-11  2.819620752159E-11
AR GRAD 2024 06 12 02 28 50.000000 2   3.413314422773E-11  2.470536275556E-11
AR GRAD 2024 06 12 02 29  0.000000 2   3.741048790196E-11  3.742452181488E-11
AR GRAD 2024 06 12 02 29 10.000000 2   3.368974890727E-11  4.886367352408E-11
AR GRAD 2024 06 12 02 29 20.000000 2   4.308584045098E-11  3.880282900548E-11
AR GRAD 2024 06 12 02 29 30.000000 2   3.634947551290E-11  4.501198372364E-11
AR GRAD 2024 06 12 02 29 40.000000 2   3.537981019264E-11  2.138114164885E-11
AR GRAD 2024 06 12 02 29 50.000000 2   3.214814178754E-11  6.139029562480E-11
AR GRAD 2024 06 12 02 30  0.000000 2   3.765827233382E-11  3.628946101952E-11
AR GRAD 2024 06 12 02 30 10.000000 2   3.690410477208E-11  2.917861785523E-11
AR GRAD 2024 06 12 02 30 20.000000 2   3.799848283248E-11  3.815778248928E-11
AR GRAD 2024 06 12 02 30 30.000000 2   3.731365563753E-11  4.710694334609E-11
AR GRAD 2024 06 12 02 30 40.000000 2   4.400902905988E-11  4.760610308741E-11
AR GRAD 2024 06 12 02 30 50.000000 2   3.651468363786E-11  2.875526379509E-11
AR GRAD 2024 06 12 02 31  0.000000 2   4.057948074787E-11  4.012442808565E-11
AR GRAD 2024 06 12 02 31 10.000000 2   3.755821348372E-11  4.134359521402E-11
AR GRAD 2024 06 12 02 31 20.000000 2   3.476661666890E-11  3.630275940969E-11
AR GRAD 2024 06 12 02 31 30.000000 2   3.455769004290E-11  4.336192169219E-11
AR GRAD 2024 06 12 02 31 40.000000 2   3.306842299988E-11  2.407108887215E-11
AR GRAD 2024 06 12 02 31 50.000000 2   3.390770650369E-11  2.393025534675E-11
AR GRAD 2024 06 12 02 32  0.000000 2   4.102609571510E-11  4.216942767199E-11
AR GRAD 2024 06 12 02 32 10.000000 2   3.583233709747E-11  2.964859260879E-11
AR GRAD 2024 06 12 02 32 20.000000 2   4.073330561738E-11  3.553776370402E-11
AR GRAD 2024 06 12 02 32 30.000000 2   3.829521075249E-11  3.550693419840E-11
AR GRAD 2024 06 12 02 32 40.000000 2   3.879489438030E-11  3.933610381868E-11
AR GRAD 2024 06 12 02 32 50.000000 2   3.978607721056E-11  3.229527756332E-11
AR GRAD 2024 06 12 02 33  0.000000 2   4.253884397509E-11  3.933444889248E-11
AR GRAD 2024 06 12 02 33 10.000000 2   4.014635845984E-11  4.325361943613E-11
AR GRAD 2024 06 12 02 33 20.000000 2   4.038244391658E-11  4.398279310203E-11
AR GRAD 2024 06 12 02 33 30.000000 2   3.638823270480E-11  4.303197034816E-11
AR GRAD 2024 06 12 02 33 40.000000 2   3.755913982606E-11  3.707114129559E-11
AR GRAD 2024 06 12 02 33 50.000000 2   4.230250871817E-11  2.668031941211E-11
AR GRAD 2024 06 12 02 34  0.000000 2   3.946962895407E-11  2.864949597003E-11
AR GRAD 2024 06 12 02 34 10.000000 2   4.012401869091E-11  3.155867581150E-11
AR GRAD 2024 06 12 02 34 20.000000 2   3.871656120702E-11  3.193785513833E-11
AR GRAD 2024 06 12 02 34 30.000000 2   4.403718015245E-11  3.711703167042E-11
AR GRAD 2024 06 12 02 34 40.000000 2   3.881040627762E-11  2.020621170384E-11
AR GRAD 2024 06 12 02 34 50.000000 2   3.603374196248E-11  4.255539323705E-11
AR GRAD 2024 06 12 02 35  0.000000 2   3.692604208516E-11  4.042457688036E-11
AR GRAD 2024 06 12 02 35 10.000000 2   3.326716679908E-11  3.677375765010E-11
AR GRAD 2024 06 12 02 35 20.000000 2   3.884886856653E-11  2.942293977903E-11
AR GRAD 2024 06 12 02 35 30.000000 2   3.220460703668E-11  4.267212277975E-11
AR GRAD 2024 06 12 02 35 40.000000 2   3.977629683960E-11  5.361130636650E-11
AR GRAD 2024 06 12 02 35 50.000000 2   3.708630624821E-11  3.087049366135E-11
AR GRAD 2024 06 12 02 36  0.000000 2   3.805231130194E-11  4.098968039989E-11
AR GRAD 2024 06 12 02 36 10.000000 2   3.829471115213E-11  3.137886478433E-11
AR GRAD 2024 06 12 02 36 20.000000 2   3.637498288689E-11  4.233805320220E-11
AR GRAD 2024 06 12 02 36 30.000000 2   3.846340260183E-11  2.110723922033E-11
AR GRAD 2024 06 12 02 36 40.000000 2   3.678023510756E-11  4.465643133056E-11
AR GRAD 2024 06 12 02 36 50.000000 2   3.565307424291E-11  3.883561874862E-11
AR GRAD 2024 06 12 02 37  0.000000 2   3.352326749528E-11  3.298480932834E-11
AR GRAD 2024 06 12 02 37 10.000000 2   3.973508674870E-11  4.128400052372E-11
AR GRAD 2024 06 12 02 37 20.000000 2   3.439119128368E-11  4.644319304137E-11
AR GRAD 2024 06 12 02 37 30.000000 2   3.708860996099E-11  2.662238311746E-11
AR GRAD 2024 06 12 02 37 40.000000 2   4.056515540141E-11  2.758157764682E-11
AR GRAD 2024 06 12 02 37 50.000000 2   4.136681622247E-11  4.731077335451E-11
AR GRAD 2024 06 12 02 38  0.000000 2   3.114451405106E-11  3.377996840581E-11
AR GRAD 2024 06 12 02 38 10.000000 2   4.003301509736E-11  2.910916299670E-11
AR GRAD 2024 06 12 02 38 20.000000 2   3.341527055056E-11  4.666835667910E-11
AR GRAD 2024 06 12 02 38 30.000000 2   3.978060242327E-11  3.144755636453E-11
AR GRAD 2024 06 12 02 38 40.000000 2   3.976136087047E-11  4.873675074624E-11
AR GRAD 2024 06 12 02 38 50.000000 2   3.729253711393E-11  3.802595391345E-11
AR GRAD 2024 06 12 02 39  0.000000 2   3.554302685504E-11  2.291515067976E-11
AR GRAD 2024 06 12 02 39 10.000000 2   3.487534566693E-11  5.020435456249E-11
AR GRAD 2024 06 12 02 39 20.000000 2   3.887625638077E-11  1.269355280609E-11
AR GRAD 2024 06 12 02 39 30.000000 2   3.528001502051E-11  5.539275288458E-11
AR GRAD 2024 06 12 02 39 40.000000 2   3.871861165017E-11  4.051195837129E-11
AR GRAD 2024 06 12 02 39 50.000000 2   3.705993151248E-11  4.072115908360E-11
AR GRAD 2024 06 12 02 40  0.000000 2   3.160841380301E-11  4.500036454580E-11
AR GRAD 2024 06 12 02 40 10.000000 2   3.178157390038E-11  3.277956725500E-11
AR GRAD 2024 06 12 02 40 20.000000 2   3.296042952461E-11  4.620877638861E-11
AR GRAD 2024 06 12 02 40 30.000000 2   3.787906446839E-11  2.064797811896E-11
AR GRAD 2024 06 12 02 40 40.000000 2   3.459754358004E-11  1.954718678587E-11
AR GRAD 2024 06 12 02 40 50.000000 2   4.059101665899E-11  2.989639438788E-11
AR GRAD 2024 06 12 02 41  0.000000 2   2.779193195024E-11  4.618560395242E-11
AR GRAD 2024 06 12 02 41 10.000000 2   2.982177352284E-11  3.313481086731E-11
AR GRAD 2024 06 12 02 41 20.000000 2   3.445295090887E-11  2.934402373866E-11
AR GRAD 2024 06 12 02 41 30.000000 2   3.289845479371E-11  3.542323379069E-11
AR GRAD 2024 06 12 02 41 40.000000 2   3.425263198076E-11  9.482442608899E-12
AR GRAD 2024 06 12 02 41 50.000000 2   3.356816213884E-11  2.956165520707E-11
AR GRAD 2024 06 12 02 42  0.000000 2   3.180604390973E-11  4.781086984651E-11
AR GRAD 2024 06 12 02 42 10.000000 2   2.748976567213E-11  3.984008262181E-11
AR GRAD 2024 06 12 02 42 20.000000 2   3.404243206773E-11  4.856929788910E-11
AR GRAD 2024 06 12 02 42 30.000000 2   2.997076198330E-11  3.335851386788E-11
AR GRAD 2024 06 12 02 42 40.000000 2   3.307493515181E-11  3.990772642903E-11
AR GRAD 2024 06 12 02 42 50.000000 2   2.722006300915E-11  4.386694479885E-11
AR GRAD 2024 06 12 02 43  0.000000 2   2.450791306008E-11  7.186161388173E-12
AR GRAD 2024 06 12 02 43 10.000000 2   2.808742648186E-11  3.986538182899E-11
AR GRAD 2024 06 12 02 43 20.000000 2   2.940654317274E-11  3.327460182390E-11
AR GRAD 2024 06 12 02 43 30.000000 2   2.244830536735E-11  1.646381989073E-11
AR GRAD 2024 06 12 02 43 40.000000 2   2.590130887548E-11  2.930303916182E-11
AR GRAD 2024 06 12 02 43 50.000000 2   2.993019720954E-11  4.333225792075E-11
AR GRAD 2024 06 12 02 44  0.000000 2   2.178064499592E-11  3.573148374403E-11
AR GRAD 2024 06 12 02 44 10.000000 2   2.937793758262E-11  2.315070184167E-11
AR GRAD 2024 06 12 02 44 20.000000 2   2.951024841158E-11  3.589992539355E-11
AR GRAD 2024 06 12 02 44 30.000000 2   1.905271773683E-11  4.290915192606E-11
AR GRAD 2024 06 12 02 44 40.000000 2   3.055448949407E-11  4.901837616367E-11
AR GRAD 2024 06 12 02 44 50.000000 2   2.281820218886E-11  1.804759987289E-11
AR GRAD 2024 06 12 02 45  0.000000 2   1.845400394995E-11  1.864682713792E-11
AR GRAD 2024 06 12 02 45 10.000000 2   2.732942171180E-11  4.421605442895E-11
AR GRAD 2024 06 12 02 45 20.000000 2   2.311632829599E-11  3.146528523845E-11
AR GRAD 2024 06 12 02 45 30.000000 2   2.026981534009E-11  2.141450905491E-11
AR GRAD 2024 06 12 02 45 40.000000 2   2.265934315182E-11  3.434374312716E-11
AR GRAD 2024 06 12 02 45 50.000000 2   2.335747394111E-11  2.121296888147E-11
AR GRAD 2024 06 12 02 46  0.000000 2   2.730305564969E-11  4.519220414556E-11
AR GRAD 2024 06 12 02 46 10.000000 2   1.868053281506E-11  3.836143208646E-11
AR GRAD 2024 06 12 02 46 20.000000 2   2.152899733487E-11  5.932066643455E-11
AR GRAD 2024 06 12 02 46 30.000000 2   2.678290401958E-11  1.949896407533E-12
AR GRAD 2024 06 12 02 46 40.000000 2   2.291490608375E-11  2.529913258054E-11
AR GRAD 2024 06 12 02 46 50.000000 2   2.147847177891E-11  3.568836545731E-11
AR GRAD 2024 06 12 02 47  0.000000 2   1.938968430260E-11  2.661760221956E-11
AR GRAD 2024 06 12 02 47 10.000000 2   2.170954041536E-11  3.393683944974E-11
AR GRAD 2024 06 12 02 47 20.000000 2   2.273413401976E-11  4.557607416467E-11
AR GRAD 2024 06 12 02 47 30.000000 2   2.009181709894E-11  4.113531390515E-11
AR GRAD 2024 06 12 02 47 40.000000 2   2.270983748276E-11  5.827455185070E-11
AR GRAD 2024 06 12 02 47 50.000000 2   1.569345348118E-11 -6.856210911510E-12
AR GRAD 2024 06 12 02 48  0.000000 2   2.613169403087E-11  3.636303064214E-11
AR GRAD 2024 06 12 02 48 10.000000 2   1.860234882800E-11  3.535226972273E-11
AR GRAD 2024 06 12 02 48 20.000000 2   2.156752727800E-11  4.328151378963E-11
AR GRAD 2024 06 12 02 48 30.000000 2   2.180777607108E-11  2.652075434262E-11
AR GRAD 2024 06 12 02 48 40.000000 2   1.927094595011E-11  5.705999561734E-11
AR GRAD 2024 06 12 02 48 50.000000 2   2.006907834362E-11  2.983924218825E-11
AR GRAD 2024 06 12 02 49  0.000000 2   2.033787374622E-11  2.893848355390E-11
AR GRAD 2024 06 12 02 49 10.000000 2   1.896641697863E-11  3.605772971871E-11
AR GRAD 2024 06 12 02 49 20.000000 2   1.620624294485E-11  2.965697479262E-11
AR GRAD 2024 06 12 02 49 30.000000 2   1.488914373737E-11  4.303622389012E-11
AR GRAD 2024 06 12 02 49 40.000000 2   2.236589385918E-11  3.696547234977E-11
AR GRAD 2024 06 12 02 49 50.000000 2   1.264886806407E-11  1.504471547342E-11
AR GRAD 2024 06 12 02 50  0.000000 2   1.612096220405E-11  2.333396496856E-11
AR GRAD 2024 06 12 02 50 10.000000 2   1.204972493313E-11  2.789321724983E-11
AR GRAD 2024 06 12 02 50 20.000000 2   1.528738767520E-11  2.398246531921E-11
AR GRAD 2024 06 12 02 50 30.000000 2   1.224114819925E-11  2.529171663768E-11
AR GRAD 2024 06 12 02 50 40.000000 2   1.436451131653E-11  5.400970035790E-12
AR GRAD 2024 06 12 02 50 50.000000 2   1.761397624978E-11  1.648022343592E-11
AR GRAD 2024 06 12 02 51  0.000000 2   1.050138274949E-11  5.139947495403E-11
AR GRAD 2024 06 12 02 51 10.000000 2   1.922181858127E-11  3.913873045103E-11
AR GRAD 2024 06 12 02 51 20.000000 2   7.935363303957E-12  2.482798341918E-11
AR GRAD 2024 06 12 02 51 30.000000 2   1.229482314569E-11  3.306723991847E-11
AR GRAD 2024 06 12 02 51 40.000000 2   7.413967009762E-12  3.756495114970E-12
AR GRAD 2024 06 12 02 51 50.000000 2   1.260231068806E-11  4.881575352278E-11
AR GRAD 2024 06 12 02 52  0.000000 2   5.625402487580E-12  1.053500949671E-11
AR GRAD 2024 06 12 02 52 10.000000 2   1.351133354505E-11  2.899426705671E-11
AR GRAD 2024 06 12 02 52 20.000000 2   4.383659667900E-12  3.533530456082E-12
AR GRAD 2024 06 12 02 52 30.000000 2   1.163282924849E-11  1.799278954995E-11
AR GRAD 2024 06 12 02 52 40.000000 2   5.089815721671E-12  1.683204790826E-11
AR GRAD 2024 06 12 02 52 50.000000 2   4.995081171605E-12  2.718130928669E-11
AR GRAD 2024 06 12 02 53  0.000000 2   2.864988628282E-12  9.540571457856E-12
AR GRAD 2024 06 12 02 53 10.000000 2   4.233257841491E-12  2.919837331986E-12
AR GRAD 2024 06 12 02 53 20.000000 2  -5.972762703258E-14  3.274910204132E-11
AR GRAD 2024 06 12 02 53 30.000000 2   2.475001757360E-12  2.899836447356E-11
AR GRAD 2024 06 12 02 53 40.000000 2   4.997202304735E-12  7.027630647555E-12
AR GRAD 2024 06 12 02 53 50.000000 2   4.627845849592E-12  1.200689547787E-11
AR GRAD 2024 06 12 02 54  0.000000 2   2.709548731217E-12  3.008616619726E-11
AR GRAD 2024 06 12 02 54 10.000000 2   6.459088906091E-12 -2.174567600641E-12
AR GRAD 2024 06 12 02 54 20.000000 2   8.341932288165E-13  2.861469915183E-11
AR GRAD 2024 06 12 02 54 30.000000 2   6.949486559132E-13  2.394396660110E-11
AR GRAD 2024 06 12 02 54 40.000000 2   1.379420362657E-11  3.484323593539E-11
AR GRAD 2024 06 12 02 54 50.000000 2   5.326016103840E-12  1.413251026622E-11
AR GRAD 2024 06 12 02 55  0.000000 2   3.544583680390E-12  1.996177875774E-11
AR GRAD 2024 06 12 02 55 10.000000 2   2.171748241311E-12  1.307105292059E-11
AR GRAD 2024 06 12 02 55 20.000000 2   9.089422790820E-12  3.202032736183E-11
AR GRAD 2024 06 12 02 55 30.000000 2   2.989683804341E-12  2.896959755416E-11
AR GRAD 2024 06 12 02 55 40.000000 2   4.109582465994E-12  1.722887284228E-11
AR GRAD 2024 06 12 02 55 50.000000 2  -7.775664335498E-13  1.302814973958E-11
AR GRAD 2024 06 12 02 56  0.000000 2   5.332271083014E-12  3.346742327714E-11
AR GRAD 2024 06 12 02 56 10.000000 2  -1.024105279746E-12  1.052669930390E-11
AR GRAD 2024 06 12 02 56 20.000000 2   6.180178764581E-12  3.050597621734E-11
AR GRAD 2024 06 12 02 56 30.000000 2   3.822052917213E-12  1.789525472251E-11
AR GRAD 2024 06 12 02 56 40.000000 2   2.305603407846E-12  1.682453308616E-11
AR GRAD 2024 06 12 02 56 50.000000 2   7.652887872023E-12  2.100381500669E-11
AR GRAD 2024 06 12 02 57  0.000000 2  -2.659528413468E-12  1.841309223150E-11
AR GRAD 2024 06 12 02 57 10.000000 2   2.307975425359E-12  2.076237445858E-11
AR GRAD 2024 06 12 02 57 20.000000 2  -4.530919910095E-12  2.014165743913E-11
AR GRAD 2024 06 12 02 57 30.000000 2   4.243464954423E-12  2.513093899648E-11
AR GRAD 2024 06 12 02 57 40.000000 2   3.025111194530E-12  2.316022373883E-11
AR GRAD 2024 06 12 02 57 50.000000 2   1.126018982917E-12  2.401950686959E-11
AR GRAD 2024 06 12 02 58  0.000000 2   1.013529131498E-13  6.508791769444E-12
AR GRAD 2024 06 12 02 58 10.000000 2   2.681311119315E-12  9.748078212690E-12
AR GRAD 2024 06 12 02 58 20.000000 2   1.601414096816E-12  2.555736351717E-11
AR GRAD 2024 06 12 02 58 30.000000 2   2.891545726816E-12  2.404665008782E-11
AR GRAD 2024 06 12 02 58 40.000000 2   2.886698042062E-13  1.718593843625E-11
AR GRAD 2024 06 12 02 58 50.000000 2   5.599872995865E-12  2.622522685125E-11
AR GRAD 2024 06 12 02 59  0.000000 2  -4.803069400539E-12  5.734516594219E-12
AR GRAD 2024 06 12 02 59 10.000000 2  -7.007354765887E-12  2.700380544174E-11
AR GRAD 2024 06 12 02 59 20.000000 2  -5.190607058753E-12  7.443097353732E-12
AR GRAD 2024 06 12 02 59 30.000000 2  -5.361770923085E-12  2.994238884613E-11
AR GRAD 2024 06 12 02 59 40.000000 2  -6.196547181619E-12  1.154167993817E-11
AR GRAD 2024 06 12 02 59 50.000000 2  -3.684004924037E-12 -2.890280517091E-13
AR GRAD 2024 06 12 03 00  0.000000 2  -3.472912929459E-12  2.588026841444E-11
AR GRAD 2024 06 12 03 00 10.000000 2  -9.530575113825E-12  1.799563861642E-12
AR GRAD 2024 06 12 03 00 20.000000 2  -5.390985834824E-12  6.248858635399E-12
AR GRAD 2024 06 12 03 00 30.000000 2  -1.254983270083E-11  1.201815296586E-11
AR GRAD 2024 06 12 03 00 40.000000 2  -9.921040551586E-12  6.897449625343E-12
AR GRAD 2024 06 12 03 00 50.000000 2  -7.950437183601E-12  1.525675072389E-11
AR GRAD 2024 06 12 03 01  0.000000 2  -7.168976350058E-12  1.134604563080E-11
AR GRAD 2024 06 12 03 01 10.000000 2  -1.003586103110E-11  3.285345736778E-12
AR GRAD 2024 06 12 03 01 20.000000 2  -2.598911754206E-12  4.594647579070E-12
AR GRAD 2024 06 12 03 01 30.000000 2  -1.345924587060E-11  1.706394400780E-11
AR GRAD 2024 06 12 03 01 40.000000 2  -6.237556911953E-12 -3.036750755372E-12
AR GRAD 2024 06 12 03 01 50.000000 2  -8.888292012121E-12  1.039255053542E-11
AR GRAD 2024 06 12 03 02  0.000000 2  -1.211852666827E-11 -1.048814507465E-11
AR GRAD 2024 06 12 03 02 10.000000 2  -1.333342637688E-11  5.701156127053E-12
AR GRAD 2024 06 12 03 02 20.000000 2  -1.264913694621E-11  1.117046125737E-11
AR GRAD 2024 06 12 03 02 30.000000 2  -6.540922751347E-12  3.429763417717E-12
AR GRAD 2024 06 12 03 02 40.000000 2  -1.339561100933E-11  8.469072665385E-12
AR GRAD 2024 06 12 03 02 50.000000 2  -1.727791520967E-11  3.788379766140E-12
AR GRAD 2024 06 12 03 03  0.000000 2  -1.318118877935E-11  1.293768477767E-11
AR GRAD 2024 06 12 03 03 10.000000 2  -9.587605882821E-12  1.158699438480E-11
AR GRAD 2024 06 12 03 03 20.000000 2  -7.867717762011E-12 -9.053696160832E-12
AR GRAD 2024 06 12 03 03 30.000000 2  -2.147317219869E-11  1.002561315216E-11
AR GRAD 2024 06 12 03 03 40.000000 2  -8.604622223074E-12  6.684920412364E-12
AR GRAD 2024 06 12 03 03 50.000000 2  -1.487150333435E-11 -1.583577019515E-11
AR GRAD 2024 06 12 03 04  0.000000 2  -8.602539687541E-12  5.373543623954E-12
AR GRAD 2024 06 12 03 04 10.000000 2  -1.090269541315E-11 -1.877143839674E-12
AR GRAD 2024 06 12 03 04 20.000000 2  -8.442943393028E-12 -2.597829937279E-12
AR GRAD 2024 06 12 03 04 30.000000 2  -9.090186069149E-12  1.104148630166E-11
AR GRAD 2024 06 12 03 04 40.000000 2  -1.032833540915E-11  4.860800997819E-12
AR GRAD 2024 06 12 03 04 50.000000 2  -1.743744211524E-11  2.034011327423E-11
