 2.00 C RINEX VERSION / TYPE
 10.00 INTERVAL
 1 AR # / TYPES OF DATA
 END OF HEADER
AR GRAD 2024 06 04 01 05  0.000000 2   2.570362846177E-11  3.448749619217E-11
AR GRAD 2024 06 04 01 05 10.000000 2   3.319444025207E-11  1.352892364109E-11
AR GRAD 2024 06 04 01 05 20.000000 2   2.979236995992E-11  1.954034850593E-11
AR GRAD 2024 06 04 01 05 30.000000 2   3.452428967710E-11  1.141177343594E-11
AR GRAD 2024 06 04 01 05 40.000000 2   3.102446771708E-11  3.062319842151E-11
AR GRAD 2024 06 04 01 05 50.000000 2   2.865776886629E-11  3.351461816403E-11
AR GRAD 2024 06 04 01 06  0.000000 2   2.956915615138E-11  7.456035788778E-12
AR GRAD 2024 06 04 01 06 10.000000 2   2.845745687707E-11  1.760745022006E-11
AR GRAD 2024 06 04 01 06 20.000000 2   3.146913979402E-11  1.467886402706E-11
AR GRAD 2024 06 04 01 06 30.000000 2   3.132021031416E-11  2.651027661282E-11
AR GRAD 2024 06 04 01 06 40.000000 2   3.693330710708E-11  2.368168335043E-11
AR GRAD 2024 06 04 01 06 50.000000 2   3.017462321675E-11  3.136309267848E-11
AR GRAD 2024 06 04 01 07  0.000000 2   3.411249754892E-11 -1.140550501266E-11
AR GRAD 2024 06 04 01 07 10.000000 2   3.226813607982E-11  3.393589922962E-11
AR GRAD 2024 06 04 01 07 20.000000 2   3.229882333811E-11 -9.922701549314E-12
AR GRAD 2024 06 04 01 07 30.000000 2   3.389664937625E-11  1.099869674503E-11
AR GRAD 2024 06 04 01 07 40.000000 2   3.212266910801E-11  1.767008935005E-11
AR GRAD 2024 06 04 01 07 50.000000 2   3.372455439909E-11  2.483148235644E-11
AR GRAD 2024 06 04 01 08  0.000000 2   3.234482473524E-11  2.525287270960E-11
AR GRAD 2024 06 04 01 08 10.000000 2   3.570971990330E-11  1.871426277833E-11
AR GRAD 2024 06 04 01 08 20.000000 2   3.168386386587E-11  2.042564901938E-11
AR GRAD 2024 06 04 01 08 30.000000 2   3.428281269979E-11  2.777703414503E-11
AR GRAD 2024 06 04 01 08 40.000000 2   3.531734626971E-11  3.481841898134E-11
AR GRAD 2024 06 04 01 08 50.000000 2   3.411823254473E-11  2.040979364681E-11
AR GRAD 2024 06 04 01 09  0.000000 2   2.872412897814E-11  3.180117280621E-11
AR GRAD 2024 06 04 01 09 10.000000 2   3.891731728545E-11  1.059254767233E-11
AR GRAD 2024 06 04 01 09 20.000000 2   3.565100992198E-11  2.888391956168E-11
AR GRAD 2024 06 04 01 09 30.000000 2   3.510859311606E-11  2.528528948720E-11
AR GRAD 2024 06 04 01 09 40.000000 2   3.534468898114E-11  1.366665721564E-11
AR GRAD 2024 06 04 01 09 50.000000 2   3.857184016631E-11  3.796802802714E-11
AR GRAD 2024 06 04 01 10  0.000000 2   3.515587473912E-11  1.784938689908E-11
AR GRAD 2024 06 04 01 10 10.000000 2   3.794254840872E-11  2.977075183597E-11
AR GRAD 2024 06 04 01 10 20.000000 2   4.361786279383E-11  2.827210861256E-11
AR GRAD 2024 06 04 01 10 30.000000 2   3.424402428287E-11  2.666346310409E-11
AR GRAD 2024 06 04 01 10 40.000000 2   3.626925149103E-11  3.524482095063E-11
AR GRAD 2024 06 04 01 10 50.000000 2   3.895177236313E-11  2.641617133370E-11
AR GRAD 2024 06 04 01 11  0.000000 2   3.909039064665E-11  2.509751954871E-11
AR GRAD 2024 06 04 01 11 10.000000 2   4.002621498134E-11  2.799886884841E-11
AR GRAD 2024 06 04 01 11 20.000000 2   3.852175523011E-11  1.797021385863E-11
AR GRAD 2024 06 04 01 11 30.000000 2   3.712817206458E-11  1.753155780271E-11
AR GRAD 2024 06 04 01 11 40.000000 2   3.900029951764E-11  1.708289759650E-11
AR GRAD 2024 06 04 01 11 50.000000 2   3.887565963590E-11  2.842423692251E-11
AR GRAD 2024 06 04 01 12  0.000000 2   3.756700506230E-11  6.645573414482E-12
AR GRAD 2024 06 04 01 12 10.000000 2   4.061035535630E-11  2.625690637137E-11
AR GRAD 2024 06 04 01 12 20.000000 2   3.983234575511E-11  1.171823922619E-11
AR GRAD 2024 06 04 01 12 30.000000 2   3.713656812621E-11  2.040956813276E-11
AR GRAD 2024 06 04 01 12 40.000000 2   3.741021728509E-11  3.778089646689E-11
AR GRAD 2024 06 04 01 12 50.000000 2   3.774145926339E-11  2.625222088326E-11
AR GRAD 2024 06 04 01 13  0.000000 2   4.043638687778E-11  1.462354369541E-11
AR GRAD 2024 06 04 01 13 10.000000 2   3.982475807462E-11  1.453486376396E-11
AR GRAD 2024 06 04 01 13 20.000000 2   4.278849149997E-11  2.050618182203E-11
AR GRAD 2024 06 04 01 13 30.000000 2   4.324626767804E-11  1.612749690738E-11
AR GRAD 2024 06 04 01 13 40.000000 2   3.922212901686E-11  2.584881267365E-11
AR GRAD 2024 06 04 01 13 50.000000 2   4.150321405993E-11  1.443012289520E-11
AR GRAD 2024 06 04 01 14  0.000000 2   3.776121776378E-11  2.740143181801E-11
AR GRAD 2024 06 04 01 14 10.000000 2   4.447694643139E-11  3.598273762284E-11
AR GRAD 2024 06 04 01 14 20.000000 2   4.000657791159E-11  3.238404336359E-11
AR GRAD 2024 06 04 01 14 30.000000 2   4.653882487715E-11  3.227534906003E-11
AR GRAD 2024 06 04 01 14 40.000000 2   3.976107290637E-11  3.618664742855E-11
AR GRAD 2024 06 04 01 14 50.000000 2   4.848678403224E-11  3.608794513221E-11
AR GRAD 2024 06 04 01 15  0.000000 2   3.750090862842E-11  3.111924259946E-11
AR GRAD 2024 06 04 01 15 10.000000 2   4.341059803292E-11  3.815053481460E-11
AR GRAD 2024 06 04 01 15 20.000000 2   3.925958516615E-11  3.742182258515E-11
AR GRAD 2024 06 04 01 15 30.000000 2   4.423186816815E-11  2.883311124580E-11
AR GRAD 2024 06 04 01 15 40.000000 2   4.644823761724E-11  3.225440053933E-11
AR GRAD 2024 06 04 01 15 50.000000 2   4.317727772540E-11  3.702568460162E-11
AR GRAD 2024 06 04 01 16  0.000000 2   4.470085065988E-11  3.325696315559E-11
AR GRAD 2024 06 04 01 16 10.000000 2   4.441731704663E-11  4.716824500428E-11
AR GRAD 2024 06 04 01 16 20.000000 2   4.158797958786E-11  3.525952099737E-11
AR GRAD 2024 06 04 01 16 30.000000 2   4.494553340617E-11  1.836079378814E-11
AR GRAD 2024 06 04 01 16 40.000000 2   4.148637336443E-11  3.672206982941E-11
AR GRAD 2024 06 04 01 16 50.000000 2   4.363788150274E-11  3.966334205519E-11
AR GRAD 2024 06 04 01 17  0.000000 2   4.760802516102E-11  2.970461029927E-11
AR GRAD 2024 06 04 01 17 10.000000 2   4.474889903072E-11  3.322587344146E-11
AR GRAD 2024 06 04 01 17 20.000000 2   4.483795626453E-11  4.111713747257E-11
AR GRAD 2024 06 04 01 17 30.000000 2   4.558552493816E-11  2.093840031914E-11
AR GRAD 2024 06 04 01 17 40.000000 2   4.620831495217E-11  2.289965786439E-11
AR GRAD 2024 06 04 01 17 50.000000 2   4.627211808161E-11  3.998091441249E-11
AR GRAD 2024 06 04 01 18  0.000000 2   4.585786958500E-11  4.249216950525E-11
AR GRAD 2024 06 04 01 18 10.000000 2   4.414478504966E-11  3.793342376324E-11
AR GRAD 2024 06 04 01 18 20.000000 2   4.601303713048E-11  3.579467278136E-11
AR GRAD 2024 06 04 01 18 30.000000 2   4.511159848453E-11  4.165591829808E-11
AR GRAD 2024 06 04 01 18 40.000000 2   4.532981282002E-11  4.833716760189E-11
AR GRAD 2024 06 04 01 18 50.000000 2   4.892010754820E-11  2.995840728270E-11
AR GRAD 2024 06 04 01 19  0.000000 2   4.371790082724E-11  3.484965094280E-11
AR GRAD 2024 06 04 01 19 10.000000 2   4.527472147187E-11  3.909089024701E-11
AR GRAD 2024 06 04 01 19 20.000000 2   4.638280384772E-11  3.474212237342E-11
AR GRAD 2024 06 04 01 19 30.000000 2   4.681705370602E-11  3.818336272166E-11
AR GRAD 2024 06 04 01 19 40.000000 2   4.852626633856E-11  3.471459231186E-11
AR GRAD 2024 06 04 01 19 50.000000 2   4.454611679527E-11  3.233582152040E-11
AR GRAD 2024 06 04 01 20  0.000000 2   4.549160007028E-11  3.433704709455E-11
AR GRAD 2024 06 04 01 20 10.000000 2   4.924596841427E-11  2.082724726189E-13
AR GRAD 2024 06 04 01 20 20.000000 2   4.806952405567E-11  4.465949485222E-11
AR GRAD 2024 06 04 01 20 30.000000 2   4.801093203555E-11  3.502071896366E-11
AR GRAD 2024 06 04 01 20 40.000000 2   4.520672378105E-11  2.823193415158E-11
AR GRAD 2024 06 04 01 20 50.000000 2   4.892232799425E-11  3.146315152858E-11
AR GRAD 2024 06 04 01 21  0.000000 2   4.859179378314E-11  2.173436430830E-11
AR GRAD 2024 06 04 01 21 10.000000 2   4.739954262423E-11  3.584557650704E-11
AR GRAD 2024 06 04 01 21 20.000000 2   5.062820301882E-11  2.969678322695E-11
AR GRAD 2024 06 04 01 21 30.000000 2   4.872703976422E-11  1.901799204229E-11
AR GRAD 2024 06 04 01 21 40.000000 2   4.692609495427E-11  1.483919410961E-11
AR GRAD 2024 06 04 01 21 50.000000 2   4.527032568258E-11  3.355040203989E-11
AR GRAD 2024 06 04 01 22  0.000000 2   4.694947555728E-11  3.594160039033E-11
AR GRAD 2024 06 04 01 22 10.000000 2   4.706652081965E-11  4.463279398847E-11
AR GRAD 2024 06 04 01 22 20.000000 2   4.499533037827E-11  4.000399317361E-11
AR GRAD 2024 06 04 01 22 30.000000 2   4.912975234972E-11  3.900518796840E-11
AR GRAD 2024 06 04 01 22 40.000000 2   5.047763942945E-11  5.674637842956E-11
AR GRAD 2024 06 04 01 22 50.000000 2   4.982007167920E-11  2.825756469094E-11
AR GRAD 2024 06 04 01 23  0.000000 2   5.095153118861E-11  3.633875145237E-11
AR GRAD 2024 06 04 01 23 10.000000 2   4.795728050788E-11  4.587993873706E-11
AR GRAD 2024 06 04 01 23 20.000000 2   4.668958622500E-11  4.110111903599E-11
AR GRAD 2024 06 04 01 23 30.000000 2   4.916068246930E-11  4.570229611423E-11
AR GRAD 2024 06 04 01 23 40.000000 2   4.726252722520E-11  4.059347649688E-11
AR GRAD 2024 06 04 01 23 50.000000 2   5.223630208939E-11  4.568465050703E-11
AR GRAD 2024 06 04 01 24  0.000000 2   5.096388588921E-11  4.793582197848E-11
AR GRAD 2024 06 04 01 24 10.000000 2   5.139707409674E-11  4.478699355825E-11
AR GRAD 2024 06 04 01 24 20.000000 2   4.643802356541E-11  4.278816190251E-11
AR GRAD 2024 06 04 01 24 30.000000 2   4.525308947012E-11  3.386932748151E-11
AR GRAD 2024 06 04 01 24 40.000000 2   5.253004975447E-11  4.965049205108E-11
AR GRAD 2024 06 04 01 24 50.000000 2   4.999237135372E-11  4.581165308215E-11
AR GRAD 2024 06 04 01 25  0.000000 2   5.000589525794E-11  4.610281600925E-11
AR GRAD 2024 06 04 01 25 10.000000 2   5.136827074814E-11  2.517396707757E-11
AR GRAD 2024 06 04 01 25 20.000000 2   4.839334141749E-11  4.811512299696E-11
AR GRAD 2024 06 04 01 25 30.000000 2   5.262184785138E-11  2.879627612751E-11
AR GRAD 2024 06 04 01 25 40.000000 2   4.742341588870E-11  6.073742203627E-11
AR GRAD 2024 06 04 01 25 50.000000 2   5.025476562670E-11  3.912857537980E-11
AR GRAD 2024 06 04 01 26  0.000000 2   4.833016972738E-11  4.100971992549E-11
AR GRAD 2024 06 04 01 26 10.000000 2   4.824562624406E-11  5.151086154842E-11
AR GRAD 2024 06 04 01 26 20.000000 2   5.266377264834E-11  4.593200472747E-11
AR GRAD 2024 06 04 01 26 30.000000 2   4.780588425124E-11  5.193314181473E-11
AR GRAD 2024 06 04 01 26 40.000000 2   5.015898113525E-11  4.326427757717E-11
AR GRAD 2024 06 04 01 26 50.000000 2   4.922285148923E-11  4.743541670571E-11
AR GRAD 2024 06 04 01 27  0.000000 2   4.621566671026E-11  3.988654892484E-11
AR GRAD 2024 06 04 01 27 10.000000 2   5.161375840612E-11  4.578767573427E-11
AR GRAD 2024 06 04 01 27 20.000000 2   4.706971618029E-11  3.494880426724E-11
AR GRAD 2024 06 04 01 27 30.000000 2   4.548707244201E-11  4.737992637116E-11
AR GRAD 2024 06 04 01 27 40.000000 2   4.855758503619E-11  5.024105090290E-11
AR GRAD 2024 06 04 01 27 50.000000 2   4.937005665395E-11  2.398217041621E-11
AR GRAD 2024 06 04 01 28  0.000000 2   4.841947676137E-11  4.073328827014E-11
AR GRAD 2024 06 04 01 28 10.000000 2   5.111244413825E-11  3.387440675184E-11
AR GRAD 2024 06 04 01 28 20.000000 2   4.804574446626E-11  3.027552167301E-11
AR GRAD 2024 06 04 01 28 30.000000 2   4.958601237948E-11  3.056663255840E-11
AR GRAD 2024 06 04 01 28 40.000000 2   5.432271993344E-11  3.255774122524E-11
AR GRAD 2024 06 04 01 28 50.000000 2   4.996223920695E-11  4.037884956953E-11
AR GRAD 2024 06 04 01 29  0.000000 2   5.011365281082E-11  4.456995189583E-11
AR GRAD 2024 06 04 01 29 10.000000 2   4.629031186143E-11  3.269105819381E-11
AR GRAD 2024 06 04 01 29 20.000000 2   5.247687701049E-11  3.317215599430E-11
AR GRAD 2024 06 04 01 29 30.000000 2   4.394929906115E-11  3.888325425527E-11
AR GRAD 2024 06 04 01 29 40.000000 2   5.423493945611E-11  2.939434806670E-11
AR GRAD 2024 06 04 01 29 50.000000 2   4.690160759768E-11  4.652544322026E-11
AR GRAD 2024 06 04 01 30  0.000000 2   4.974474304698E-11  3.038653356713E-11
AR GRAD 2024 06 04 01 30 10.000000 2   4.466383166091E-11  2.900762095803E-11
AR GRAD 2024 06 04 01 30 20.000000 2   4.555916408022E-11  2.921871078421E-11
AR GRAD 2024 06 04 01 30 30.000000 2   4.931791433571E-11  4.270979403476E-11
AR GRAD 2024 06 04 01 30 40.000000 2   5.109226930422E-11  5.933087354748E-11
AR GRAD 2024 06 04 01 30 50.000000 2   4.594785316114E-11  4.423195490433E-11
AR GRAD 2024 06 04 01 31  0.000000 2   4.907716941172E-11  3.306303147932E-11
AR GRAD 2024 06 04 01 31 10.000000 2   4.605506948030E-11  4.450410873158E-11
AR GRAD 2024 06 04 01 31 20.000000 2   4.392134225761E-11  5.009518147525E-11
AR GRAD 2024 06 04 01 31 30.000000 2   4.863861396975E-11  4.779624959705E-11
AR GRAD 2024 06 04 01 31 40.000000 2   4.634535810677E-11  4.917731846743E-11
AR GRAD 2024 06 04 01 31 50.000000 2   5.047791698520E-11  4.985838478189E-11
AR GRAD 2024 06 04 01 32  0.000000 2   4.721728216750E-11  4.608945169959E-11
AR GRAD 2024 06 04 01 32 10.000000 2   4.708315681778E-11  4.867051206503E-11
AR GRAD 2024 06 04 01 32 20.000000 2   4.243506934731E-11  3.225156947062E-11
AR GRAD 2024 06 04 01 32 30.000000 2   4.896888797234E-11  5.030263011685E-11
AR GRAD 2024 06 04 01 32 40.000000 2   4.173427575749E-11  4.701368461202E-11
AR GRAD 2024 06 04 01 32 50.000000 2   4.767487446489E-11  4.878473666703E-11
AR GRAD 2024 06 04 01 33  0.000000 2   5.224122870406E-11  5.031578625969E-11
AR GRAD 2024 06 04 01 33 10.000000 2   4.403188924584E-11  5.316683551748E-11
AR GRAD 2024 06 04 01 33 20.000000 2   4.472658354793E-11  4.889787880158E-11
AR GRAD 2024 06 04 01 33 30.000000 2   4.478260123841E-11  6.113892031534E-11
AR GRAD 2024 06 04 01 33 40.000000 2   4.753024362980E-11  4.228996319799E-11
AR GRAD 2024 06 04 01 33 50.000000 2   3.750602953212E-11  5.125100344117E-11
AR GRAD 2024 06 04 01 34  0.000000 2   4.785664226015E-11  3.232204087711E-11
AR GRAD 2024 06 04 01 34 10.000000 2   4.518886653759E-11  4.560307340085E-11
AR GRAD 2024 06 04 01 34 20.000000 2   4.513044798982E-11  3.521410593676E-11
AR GRAD 2024 06 04 01 34 30.000000 2   3.668319120687E-11  2.722513534059E-11
AR GRAD 2024 06 04 01 34 40.000000 2   4.535538611350E-11  3.636616702218E-11
AR GRAD 2024 06 04 01 34 50.000000 2   4.080260782025E-11  3.351719249367E-11
AR GRAD 2024 06 04 01 35  0.000000 2   3.935240674990E-11  5.494821264662E-11
AR GRAD 2024 06 04 01 35 10.000000 2   4.178244555897E-11  2.526923115198E-11
AR GRAD 2024 06 04 01 35 20.000000 2   3.769005593734E-11  3.997025280200E-11
AR GRAD 2024 06 04 01 35 30.000000 2   4.070248305066E-11  4.137126752290E-11
AR GRAD 2024 06 04 01 35 40.000000 2   4.318295027117E-11  2.644228065674E-11
AR GRAD 2024 06 04 01 35 50.000000 2   4.138968334733E-11  5.106329595272E-11
AR GRAD 2024 06 04 01 36  0.000000 2   3.571758513954E-11  4.185430127479E-11
AR GRAD 2024 06 04 01 36 10.000000 2   4.234197714670E-11  2.379530773811E-11
AR GRAD 2024 06 04 01 36 20.000000 2   3.874794235470E-11  4.824631319456E-11
AR GRAD 2024 06 04 01 36 30.000000 2   4.284988336378E-11  3.190731706626E-11
AR GRAD 2024 06 04 01 36 40.000000 2   4.061346745021E-11  4.181831617101E-11
AR GRAD 2024 06 04 01 36 50.000000 2   3.533577250248E-11  4.551931401253E-11
AR GRAD 2024 06 04 01 37  0.000000 2   3.505605181142E-11  2.713031015122E-11
AR GRAD 2024 06 04 01 37 10.000000 2   4.223881314158E-11  4.223130525838E-11
AR GRAD 2024 06 04 01 37 20.000000 2   3.589078687027E-11  2.284229402849E-11
AR GRAD 2024 06 04 01 37 30.000000 2   3.242594040498E-11  3.413328300561E-11
AR GRAD 2024 06 04 01 37 40.000000 2   3.592435376953E-11  4.392427047084E-11
AR GRAD 2024 06 04 01 37 50.000000 2   3.149788763146E-11  2.856525432859E-11
AR GRAD 2024 06 04 01 38  0.000000 2   3.799022901818E-11  3.691624089752E-11
AR GRAD 2024 06 04 01 38 10.000000 2   3.530289602316E-11  1.339721649590E-11
AR GRAD 2024 06 04 01 38 20.000000 2   3.165573705943E-11  4.604819303644E-11
AR GRAD 2024 06 04 01 38 30.000000 2   3.179567026335E-11  3.058917008580E-11
AR GRAD 2024 06 04 01 38 40.000000 2   3.331154449504E-11  3.494014105820E-11
AR GRAD 2024 06 04 01 38 50.000000 2   3.146231539186E-11  3.677111393152E-11
AR GRAD 2024 06 04 01 39  0.000000 2   3.534798842519E-11  3.624208572139E-11
AR GRAD 2024 06 04 01 39 10.000000 2   3.181872126889E-11  1.635304738845E-11
AR GRAD 2024 06 04 01 39 20.000000 2   3.340437301769E-11  4.433401562531E-11
AR GRAD 2024 06 04 01 39 30.000000 2   2.575478372235E-11  1.910497454682E-11
AR GRAD 2024 06 04 01 39 40.000000 2   2.817948652201E-11  3.082593555415E-11
AR GRAD 2024 06 04 01 39 50.000000 2   3.106555984678E-11  3.187689348594E-11
AR GRAD 2024 06 04 01 40  0.000000 2   3.235090667575E-11  3.010784677127E-11
AR GRAD 2024 06 04 01 40 10.000000 2   3.156304037577E-11  4.886879789723E-11
AR GRAD 2024 06 04 01 40 20.000000 2   2.873879086096E-11  2.558974733502E-11
AR GRAD 2024 06 04 01 40 30.000000 2   3.081752214529E-11  3.675069623621E-11
AR GRAD 2024 06 04 01 40 40.000000 2   3.263847178636E-11  2.399164200639E-11
AR GRAD 2024 06 04 01 40 50.000000 2   2.799572726420E-11  3.687258831597E-11
AR GRAD 2024 06 04 01 41  0.000000 2   3.104838261492E-11  3.573353071773E-11
AR GRAD 2024 06 04 01 41 10.000000 2   2.875863609753E-11  3.463446543450E-11
AR GRAD 2024 06 04 01 41 20.000000 2   3.336632359296E-11  3.087540639823E-11
AR GRAD 2024 06 04 01 41 30.000000 2   2.571909352156E-11  2.879633684283E-11
AR GRAD 2024 06 04 01 41 40.000000 2   2.834137959040E-11  2.168726656593E-11
AR GRAD 2024 06 04 01 41 50.000000 2   2.734211121402E-11  4.292820265928E-11
AR GRAD 2024 06 04 01 42  0.000000 2   2.241297772376E-11  5.068912997674E-11
AR GRAD 2024 06 04 01 42 10.000000 2   2.196440251900E-11  4.732005065566E-11
AR GRAD 2024 06 04 01 42 20.000000 2   2.801077772507E-11  4.137097261991E-11
AR GRAD 2024 06 04 01 42 30.000000 2   2.197093375289E-11  3.880189919370E-11
AR GRAD 2024 06 04 01 42 40.000000 2   2.434051571409E-11  2.695281324516E-11
AR GRAD 2024 06 04 01 42 50.000000 2   2.402417847991E-11  5.328373159363E-11
AR GRAD 2024 06 04 01 43  0.000000 2   1.865225161823E-11  2.753464470318E-11
AR GRAD 2024 06 04 01 43 10.000000 2   2.003222587810E-11  3.975555648572E-11
AR GRAD 2024 06 04 01 43 20.000000 2   1.543190401854E-11  3.519646726846E-11
AR GRAD 2024 06 04 01 43 30.000000 2   2.108649192756E-11  3.191737499297E-11
AR GRAD 2024 06 04 01 43 40.000000 2   1.981425440389E-11  2.570827752069E-11
AR GRAD 2024 06 04 01 43 50.000000 2   8.629475606314E-12  3.537918222274E-11
AR GRAD 2024 06 04 01 44  0.000000 2   1.712326634651E-11  2.258008016676E-11
AR GRAD 2024 06 04 01 44 10.000000 2   1.937083132786E-11  2.822097937283E-11
AR GRAD 2024 06 04 01 44 20.000000 2   1.529086232632E-11  2.237187518572E-11
AR GRAD 2024 06 04 01 44 30.000000 2   9.608309807507E-12  3.526277186916E-11
AR GRAD 2024 06 04 01 44 40.000000 2   1.155328350350E-11  1.777365928046E-11
AR GRAD 2024 06 04 01 44 50.000000 2   1.167067918001E-11  3.346455057507E-11
AR GRAD 2024 06 04 01 45  0.000000 2   7.503323483371E-12  1.658543441474E-11
AR GRAD 2024 06 04 01 45 10.000000 2   6.376477904718E-12  3.049632074648E-11
AR GRAD 2024 06 04 01 45 20.000000 2   1.052725961959E-11  2.099720224080E-11
AR GRAD 2024 06 04 01 45 30.000000 2   7.833254010714E-12  1.759808271329E-11
AR GRAD 2024 06 04 01 45 40.000000 2   5.759118442555E-12  3.511895982355E-11
AR GRAD 2024 06 04 01 45 50.000000 2   8.234487744452E-12  3.311983673426E-11
AR GRAD 2024 06 04 01 46  0.000000 2   1.191602198858E-11  1.267070996736E-11
AR GRAD 2024 06 04 01 46 10.000000 2   6.971086034813E-12  2.568157839167E-11
AR GRAD 2024 06 04 01 46 20.000000 2   8.123286765471E-12  1.757244870448E-11
AR GRAD 2024 06 04 01 46 30.000000 2   4.625715175482E-12  2.558331324565E-11
AR GRAD 2024 06 04 01 46 40.000000 2   4.851648596760E-12  3.763418049418E-11
AR GRAD 2024 06 04 01 46 50.000000 2   6.929342082768E-12  1.989503874145E-11
AR GRAD 2024 06 04 01 47  0.000000 2   6.008257693452E-12  2.520589813260E-11
AR GRAD 2024 06 04 01 47 10.000000 2   2.007646436250E-12  2.800675837078E-11
AR GRAD 2024 06 04 01 47 20.000000 2   6.387900191446E-12  2.472761231886E-11
AR GRAD 2024 06 04 01 47 30.000000 2  -3.228124148200E-12  2.682846653168E-11
AR GRAD 2024 06 04 01 47 40.000000 2   1.527968940609E-12  1.701931477693E-11
AR GRAD 2024 06 04 01 47 50.000000 2   2.602524749526E-12  2.472016341626E-11
AR GRAD 2024 06 04 01 48  0.000000 2   1.637648892362E-12  2.168100941835E-11
AR GRAD 2024 06 04 01 48 10.000000 2  -2.523525225590E-12  2.214185258753E-11
AR GRAD 2024 06 04 01 48 20.000000 2   3.377290851495E-12  1.552269250638E-11
AR GRAD 2024 06 04 01 48 30.000000 2   3.862054773207E-12  2.196353342254E-11
AR GRAD 2024 06 04 01 48 40.000000 2   1.116171174584E-12  2.449436833918E-11
AR GRAD 2024 06 04 01 48 50.000000 2   2.857165242245E-12  2.388520457808E-11
AR GRAD 2024 06 04 01 49  0.000000 2  -2.847490472579E-12  3.221603886439E-11
AR GRAD 2024 06 04 01 49 10.000000 2  -5.024885672486E-13  1.391686679092E-11
AR GRAD 2024 06 04 01 49 20.000000 2  -2.986904994173E-12  1.796769330542E-11
AR GRAD 2024 06 04 01 49 30.000000 2  -9.386121437374E-13  3.197852052605E-11
AR GRAD 2024 06 04 01 49 40.000000 2  -3.400053025585E-12  3.384934693651E-11
AR GRAD 2024 06 04 01 49 50.000000 2  -2.642266830680E-12  3.203016324393E-11
AR GRAD 2024 06 04 01 50  0.000000 2   2.523809069718E-13  2.898098080961E-11
AR GRAD 2024 06 04 01 50 10.000000 2  -2.127043983655E-12  4.300180003747E-11
AR GRAD 2024 06 04 01 50 20.000000 2  -5.026037745715E-12  3.034261383816E-11
AR GRAD 2024 06 04 01 50 30.000000 2  -2.904004293980E-12  2.914342725480E-11
AR GRAD 2024 06 04 01 50 40.000000 2  -5.515329512540E-12  2.629423588585E-11
AR GRAD 2024 06 04 01 50 50.000000 2  -3.742029689585E-12  2.188504065470E-11
AR GRAD 2024 06 04 01 51  0.000000 2  -6.786646331719E-12  1.122584750851E-11
AR GRAD 2024 06 04 01 51 10.000000 2  -2.134399861714E-12  2.008664935771E-11
AR GRAD 2024 06 04 01 51 20.000000 2  -5.429137174551E-12  1.755745028531E-11
AR GRAD 2024 06 04 01 51 30.000000 2  -7.372746510526E-12  1.744824770777E-11
AR GRAD 2024 06 04 01 51 40.000000 2  -4.495368920859E-12  2.179904347310E-11
AR GRAD 2024 06 04 01 51 50.000000 2  -6.569651073152E-12  1.106983948951E-11
AR GRAD 2024 06 04 01 52  0.000000 2  -1.299791350939E-11  1.596063038678E-11
AR GRAD 2024 06 04 01 52 10.000000 2  -1.405752337452E-11  2.789141834159E-11
AR GRAD 2024 06 04 01 52 20.000000 2  -9.810493563356E-12  1.547220511433E-11
AR GRAD 2024 06 04 01 52 30.000000 2  -1.249784650770E-11  2.682299000967E-11
AR GRAD 2024 06 04 01 52 40.000000 2  -1.484062352175E-11  1.294377365707E-11
AR GRAD 2024 06 04 01 52 50.000000 2  -1.264840662762E-11 -1.554471883245E-13
AR GRAD 2024 06 04 01 53  0.000000 2  -1.869561103152E-11  9.635332462454E-12
AR GRAD 2024 06 04 01 53 10.000000 2  -1.510458251530E-11  2.064610635233E-11
AR GRAD 2024 06 04 01 53 20.000000 2  -1.847489175533E-11  7.046878271882E-12
AR GRAD 2024 06 04 01 53 30.000000 2  -2.138185635492E-11  2.559764900045E-11
AR GRAD 2024 06 04 01 53 40.000000 2  -2.302813148503E-11  8.948420129884E-12
AR GRAD 2024 06 04 01 53 50.000000 2  -2.255927389339E-11  4.761918637186E-11
AR GRAD 2024 06 04 01 54  0.000000 2  -2.152625820651E-11  1.775994802611E-11
AR GRAD 2024 06 04 01 54 10.000000 2  -2.505612904657E-11  2.460071035770E-11
AR GRAD 2024 06 04 01 54 20.000000 2  -1.798208110193E-11  2.596147082035E-11
AR GRAD 2024 06 04 01 54 30.000000 2  -2.343432912999E-11  3.182222887976E-11
AR GRAD 2024 06 04 01 54 40.000000 2  -2.452084889304E-11  4.382983559426E-12
AR GRAD 2024 06 04 01 54 50.000000 2  -2.525744023651E-11  3.175373505804E-11
AR GRAD 2024 06 04 01 55  0.000000 2  -2.437224554119E-11  1.495448556654E-11
AR GRAD 2024 06 04 01 55 10.000000 2  -2.593433801046E-11  3.205523693706E-11
AR GRAD 2024 06 04 01 55 20.000000 2  -2.634371887300E-11  1.405598033799E-11
AR GRAD 2024 06 04 01 55 30.000000 2  -2.302467765058E-11  1.389672491664E-11
AR GRAD 2024 06 04 01 55 40.000000 2  -2.362616699503E-11  1.530746536471E-11
AR GRAD 2024 06 04 01 55 50.000000 2  -2.621246102119E-11  1.887820455515E-11
AR GRAD 2024 06 04 01 56  0.000000 2  -2.492561712586E-11  2.462893951283E-11
AR GRAD 2024 06 04 01 56 10.000000 2  -2.304168834899E-11  1.300967666928E-11
AR GRAD 2024 06 04 01 56 20.000000 2  -2.709272389767E-11  1.753040941577E-11
AR GRAD 2024 06 04 01 56 30.000000 2  -2.261733161868E-11  2.279113876791E-11
AR GRAD 2024 06 04 01 56 40.000000 2  -2.595975864828E-11  6.231867018952E-12
AR GRAD 2024 06 04 01 56 50.000000 2  -2.863954733090E-11  1.215259403525E-11
AR GRAD 2024 06 04 01 57  0.000000 2  -2.547841451706E-11  2.435331623862E-11
AR GRAD 2024 06 04 01 57 10.000000 2  -2.931512324555E-11 -2.175962318315E-12
AR GRAD 2024 06 04 01 57 20.000000 2  -2.593754030999E-11  1.782475556045E-11
AR GRAD 2024 06 04 01 57 30.000000 2  -2.975071231037E-11  1.364547277255E-11
AR GRAD 2024 06 04 01 57 40.000000 2  -2.645440637383E-11  2.330618684154E-11
AR GRAD 2024 06 04 01 57 50.000000 2  -2.629441803181E-11  3.716899184270E-12
AR GRAD 2024 06 04 01 58  0.000000 2  -2.799536123754E-11 -1.672391283618E-12
AR GRAD 2024 06 04 01 58 10.000000 2  -2.514867827874E-11  2.918317063699E-12
AR GRAD 2024 06 04 01 58 20.000000 2  -2.870223503315E-11 -1.917097904036E-11
AR GRAD 2024 06 04 01 58 30.000000 2  -2.439231629181E-11  2.339724768097E-12
AR GRAD 2024 06 04 01 58 40.000000 2  -2.578821704791E-11 -8.699576649340E-12
AR GRAD 2024 06 04 01 58 50.000000 2  -2.778161901917E-11 -8.278875848755E-12
AR GRAD 2024 06 04 01 59  0.000000 2  -2.947623395366E-11  3.741818053321E-12
AR GRAD 2024 06 04 01 59 10.000000 2  -2.851801780834E-11 -2.307487751221E-12
AR GRAD 2024 06 04 01 59 20.000000 2  -2.731471819561E-11 -1.150679551642E-11
AR GRAD 2024 06 04 01 59 30.000000 2  -3.039030832541E-11 -4.506105558133E-12
AR GRAD 2024 06 04 01 59 40.000000 2  -3.163700898479E-11 -4.305421037049E-12
AR GRAD 2024 06 04 01 59 50.000000 2  -2.916098612582E-11 -9.704732677196E-12
AR GRAD 2024 06 04 02 00  0.000000 2  -3.208674298483E-11 -3.814054974627E-12
AR GRAD 2024 06 04 02 00 10.000000 2  -2.989176961510E-11 -9.763371534854E-12
AR GRAD 2024 06 04 02 00 20.000000 2  -3.011462260116E-11 -5.012693819056E-12
AR GRAD 2024 06 04 02 00 30.000000 2  -3.179092059047E-11 -6.682017786308E-12
AR GRAD 2024 06 04 02 00 40.000000 2  -3.023058886553E-11  8.698655511175E-12
AR GRAD 2024 06 04 02 00 50.000000 2  -3.083265240345E-11 -1.127067623258E-11
AR GRAD 2024 06 04 02 01  0.000000 2  -3.337376555668E-11 -1.190000441936E-11
AR GRAD 2024 06 04 02 01 10.000000 2  -3.289584923905E-11 -2.230934187386E-11
AR GRAD 2024 06 04 02 01 20.000000 2  -3.235944498470E-11 -4.398675867989E-12
AR GRAD 2024 06 04 02 01 30.000000 2  -3.274644444495E-11 -6.918013471108E-12
AR GRAD 2024 06 04 02 01 40.000000 2  -3.203242185390E-11 -1.325735181357E-11
AR GRAD 2024 06 04 02 01 50.000000 2  -3.314759577933E-11 -1.338669453066E-11
AR GRAD 2024 06 04 02 02  0.000000 2  -3.706350504284E-11 -1.451603941216E-11
AR GRAD 2024 06 04 02 02 10.000000 2  -3.206248114229E-11 -2.891539091499E-11
AR GRAD 2024 06 04 02 02 20.000000 2  -3.240589394049E-11 -1.311473846188E-11
AR GRAD 2024 06 04 02 02 30.000000 2  -3.478004342861E-11 -2.120408883199E-11
AR GRAD 2024 06 04 02 02 40.000000 2  -3.597445258352E-11 -3.039344123601E-11
AR GRAD 2024 06 04 02 02 50.000000 2  -3.178943219773E-11 -1.536280130887E-11
AR GRAD 2024 06 04 02 03  0.000000 2  -3.317978530815E-11 -9.552159410675E-12
AR GRAD 2024 06 04 02 03 10.000000 2  -3.385625807484E-11 -1.404151794837E-11
AR GRAD 2024 06 04 02 03 20.000000 2  -3.735664555471E-11 -1.707088290170E-11
AR GRAD 2024 06 04 02 03 30.000000 2  -2.830387313413E-11 -1.854024919701E-11
AR GRAD 2024 06 04 02 03 40.000000 2  -3.368233469914E-11 -2.601961528181E-11
AR GRAD 2024 06 04 02 03 50.000000 2  -3.629060246757E-11 -1.688898673691E-11
AR GRAD 2024 06 04 02 04  0.000000 2  -3.512019147722E-11 -1.600835609905E-11
AR GRAD 2024 06 04 02 04 10.000000 2  -3.340101806248E-11 -2.337730486621E-12
AR GRAD 2024 06 04 02 04 20.000000 2  -3.189798772341E-11 -1.432710807631E-11
AR GRAD 2024 06 04 02 04 30.000000 2  -3.088827110753E-11 -1.109648397474E-11
AR GRAD 2024 06 04 02 04 40.000000 2  -3.470237291969E-11 -1.722586656649E-11
AR GRAD 2024 06 04 02 04 50.000000 2  -3.269511397730E-11 -7.725250994461E-12
AR GRAD 2024 06 04 02 05  0.000000 2  -3.480279259227E-11 -1.271463750258E-11
AR GRAD 2024 06 04 02 05 10.000000 2  -3.271636433988E-11 -1.180402216944E-11
AR GRAD 2024 06 04 02 05 20.000000 2  -3.809664042564E-11 -1.863341425601E-11
AR GRAD 2024 06 04 02 05 30.000000 2  -3.441628232403E-11 -2.124280439053E-11
AR GRAD 2024 06 04 02 05 40.000000 2  -3.324223188383E-11 -2.010220115367E-11
AR GRAD 2024 06 04 02 05 50.000000 2  -3.332576922754E-11 -2.873160043215E-11
AR GRAD 2024 06 04 02 06  0.000000 2  -3.152746466673E-11 -2.237099741564E-11
AR GRAD 2024 06 04 02 06 10.000000 2  -3.197507189578E-11 -3.239039592096E-11
AR GRAD 2024 06 04 02 06 20.000000 2  -3.424657779583E-11 -3.185979952081E-11
AR GRAD 2024 06 04 02 06 30.000000 2  -3.423280062198E-11 -1.039920927148E-11
AR GRAD 2024 06 04 02 06 40.000000 2  -3.694332340043E-11 -2.069861816667E-11
AR GRAD 2024 06 04 02 06 50.000000 2  -3.283230284867E-11 -2.974802695843E-11
AR GRAD 2024 06 04 02 07  0.000000 2  -3.041698490303E-11 -1.576744117215E-11
AR GRAD 2024 06 04 02 07 10.000000 2  -3.406972620690E-11 -2.524685842331E-11
AR GRAD 2024 06 04 02 07 20.000000 2  -3.119784638961E-11 -2.104627409849E-11
AR GRAD 2024 06 04 02 07 30.000000 2  -3.173179427551E-11 -7.185693012834E-12
AR GRAD 2024 06 04 02 07 40.000000 2  -3.122883548978E-11 -1.183511535302E-11
AR GRAD 2024 06 04 02 07 50.000000 2  -2.995299841491E-11 -1.913453943903E-11
AR GRAD 2024 06 04 02 08  0.000000 2  -3.055432643007E-11 -2.051396726099E-11
AR GRAD 2024 06 04 02 08 10.000000 2  -3.327525754937E-11 -2.785339667244E-11
AR GRAD 2024 06 04 02 08 20.000000 2  -3.163858758315E-11 -1.265282670304E-11
AR GRAD 2024 06 04 02 08 30.000000 2  -3.233078735287E-11 -2.258226071417E-11
AR GRAD 2024 06 04 02 08 40.000000 2  -3.114466323728E-11 -2.031169503425E-11
AR GRAD 2024 06 04 02 08 50.000000 2  -3.120176686466E-11 -2.017113732988E-11
AR GRAD 2024 06 04 02 09  0.000000 2  -3.172445292576E-11 -1.854057359030E-11
AR GRAD 2024 06 04 02 09 10.000000 2  -3.175007132206E-11 -2.657001355044E-11
AR GRAD 2024 06 04 02 09 20.000000 2  -3.096783940393E-11 -3.590946290322E-11
AR GRAD 2024 06 04 02 09 30.000000 2  -3.074657542457E-11 -3.301890705298E-11
AR GRAD 2024 06 04 02 09 40.000000 2  -3.095829495536E-11 -3.346834961948E-11
AR GRAD 2024 06 04 02 09 50.000000 2  -3.189533706593E-11 -3.554780775294E-11
AR GRAD 2024 06 04 02 10  0.000000 2  -3.140225926512E-11 -3.614726226675E-11
AR GRAD 2024 06 04 02 10 10.000000 2  -2.900705717290E-11 -3.503672005301E-11
AR GRAD 2024 06 04 02 10 20.000000 2  -3.297392914270E-11 -2.845618012060E-11
AR GRAD 2024 06 04 02 10 30.000000 2  -3.177209884075E-11 -4.164563485731E-11
AR GRAD 2024 06 04 02 10 40.000000 2  -2.702075369010E-11 -4.562509745010E-11
AR GRAD 2024 06 04 02 10 50.000000 2  -2.837885655638E-11 -2.176456410929E-11
AR GRAD 2024 06 04 02 11  0.000000 2  -2.995041714637E-11 -4.664403238652E-11
AR GRAD 2024 06 04 02 11 10.000000 2  -3.112640700742E-11 -2.362350419449E-11
AR GRAD 2024 06 04 02 11 20.000000 2  -2.908315949179E-11 -3.791297484290E-11
AR GRAD 2024 06 04 02 11 30.000000 2  -2.843767756000E-11 -3.066244827488E-11
AR GRAD 2024 06 04 02 11 40.000000 2  -2.998467446558E-11 -3.533192835525E-11
AR GRAD 2024 06 04 02 11 50.000000 2  -3.172020979214E-11 -3.788140287564E-11
AR GRAD 2024 06 04 02 12  0.000000 2  -3.061889977674E-11 -3.686088587140E-11
AR GRAD 2024 06 04 02 12 10.000000 2  -2.651596130165E-11 -3.787037003433E-11
AR GRAD 2024 06 04 02 12 20.000000 2  -2.964227821534E-11 -3.964984937599E-11
AR GRAD 2024 06 04 02 12 30.000000 2  -2.814790761585E-11 -2.804934062794E-11
AR GRAD 2024 06 04 02 12 40.000000 2  -2.757261606534E-11 -2.921883221485E-11
AR GRAD 2024 06 04 02 12 50.000000 2  -2.797901146878E-11 -2.516832749155E-11
AR GRAD 2024 06 04 02 13  0.000000 2  -3.163832390518E-11 -4.168782333225E-11
AR GRAD 2024 06 04 02 13 10.000000 2  -2.651696917599E-11 -4.269731443407E-11
AR GRAD 2024 06 04 02 13 20.000000 2  -2.298770548914E-11 -3.834681877590E-11
AR GRAD 2024 06 04 02 13 30.000000 2  -2.206864031795E-11 -4.877630938038E-11
AR GRAD 2024 06 04 02 13 40.000000 2  -2.138036449273E-11 -3.694581793279E-11
AR GRAD 2024 06 04 02 13 50.000000 2  -1.919171419007E-11 -4.244532850195E-11
AR GRAD 2024 06 04 02 14  0.000000 2  -2.841120567976E-11 -3.059483222323E-11
AR GRAD 2024 06 04 02 14 10.000000 2  -2.752996094979E-11 -3.751434926591E-11
AR GRAD 2024 06 04 02 14 20.000000 2  -2.623849228167E-11 -3.932385667094E-11
AR GRAD 2024 06 04 02 14 30.000000 2  -2.476052869682E-11 -3.693336955712E-11
AR GRAD 2024 06 04 02 14 40.000000 2  -2.677971559784E-11 -4.677289111576E-11
AR GRAD 2024 06 04 02 14 50.000000 2  -2.132518814313E-11 -3.219240846120E-11
AR GRAD 2024 06 04 02 15  0.000000 2  -2.624823101927E-11 -4.289193653029E-11
AR GRAD 2024 06 04 02 15 10.000000 2  -2.347512982614E-11 -2.487145558949E-11
AR GRAD 2024 06 04 02 15 20.000000 2  -2.564330518762E-11 -3.560097702748E-11
AR GRAD 2024 06 04 02 15 30.000000 2  -2.288991045318E-11 -3.192051137302E-11
AR GRAD 2024 06 04 02 15 40.000000 2  -2.903444151769E-11 -4.534004074963E-11
AR GRAD 2024 06 04 02 15 50.000000 2  -2.342990558513E-11 -2.267957870117E-11
AR GRAD 2024 06 04 02 16  0.000000 2  -2.296555653980E-11 -3.225910857885E-11
AR GRAD 2024 06 04 02 16 10.000000 2  -2.221679784586E-11 -2.991864742063E-11
AR GRAD 2024 06 04 02 16 20.000000 2  -2.188762539268E-11 -3.258818909169E-11
AR GRAD 2024 06 04 02 16 30.000000 2  -2.445012421692E-11 -2.928772849242E-11
AR GRAD 2024 06 04 02 16 40.000000 2  -2.053124857626E-11 -1.823727800720E-11
AR GRAD 2024 06 04 02 16 50.000000 2  -2.327748237219E-11 -2.368258041931E-13
AR GRAD 2024 06 04 02 17  0.000000 2  -2.028869607040E-11 -4.749636448032E-11
AR GRAD 2024 06 04 02 17 10.000000 2  -2.719935041084E-11 -2.330592142885E-11
AR GRAD 2024 06 04 02 17 20.000000 2  -2.245354770170E-11 -2.194548015533E-11
AR GRAD 2024 06 04 02 17 30.000000 2  -2.091052157815E-11 -4.025502847727E-11
AR GRAD 2024 06 04 02 17 40.000000 2  -2.487583229682E-11 -1.144459093466E-11
AR GRAD 2024 06 04 02 17 50.000000 2  -2.147271076225E-11 -1.259415315091E-11
AR GRAD 2024 06 04 02 18  0.000000 2  -2.108470342765E-11 -4.003371592565E-11
AR GRAD 2024 06 04 02 18 10.000000 2  -1.799090390553E-11 -1.941328001132E-11
AR GRAD 2024 06 04 02 18 20.000000 2  -2.516503498640E-11 -2.975284602025E-11
AR GRAD 2024 06 04 02 18 30.000000 2  -1.884161403287E-11 -2.825241603166E-11
AR GRAD 2024 06 04 02 18 40.000000 2  -2.233808277241E-11 -3.019198779874E-11
AR GRAD 2024 06 04 02 18 50.000000 2  -2.280263304566E-11 -4.185156041170E-11
AR GRAD 2024 06 04 02 19  0.000000 2  -2.066171019000E-11 -4.090114358313E-11
AR GRAD 2024 06 04 02 19 10.000000 2  -1.936195474783E-11 -2.951071678692E-11
AR GRAD 2024 06 04 02 19 20.000000 2  -2.304306398471E-11 -3.234030057642E-11
AR GRAD 2024 06 04 02 19 30.000000 2  -1.606807221999E-11 -3.667988482392E-11
AR GRAD 2024 06 04 02 19 40.000000 2  -2.428775756902E-11 -3.195946979284E-11
AR GRAD 2024 06 04 02 19 50.000000 2  -2.057241529907E-11 -2.532906002994E-11
AR GRAD 2024 06 04 02 20  0.000000 2  -1.698361243307E-11 -2.407864706233E-11
AR GRAD 2024 06 04 02 20 10.000000 2  -1.920456502158E-11 -1.740823804552E-11
AR GRAD 2024 06 04 02 20 20.000000 2  -2.006963692458E-11 -3.271783191594E-11
AR GRAD 2024 06 04 02 20 30.000000 2  -1.383101272401E-11 -2.647743135853E-11
AR GRAD 2024 06 04 02 20 40.000000 2  -1.782343023171E-11 -4.587703134051E-11
AR GRAD 2024 06 04 02 20 50.000000 2  -1.870884697164E-11 -1.934663367009E-11
AR GRAD 2024 06 04 02 21  0.000000 2  -1.705452098988E-11 -2.081623588779E-11
AR GRAD 2024 06 04 02 21 10.000000 2  -2.404945860512E-11 -2.739583906952E-11
AR GRAD 2024 06 04 02 21 20.000000 2  -1.524104627226E-11 -3.974544651730E-11
AR GRAD 2024 06 04 02 21 30.000000 2  -1.687925840765E-11 -3.419505650859E-11
AR GRAD 2024 06 04 02 21 40.000000 2  -1.415145865075E-11 -1.325467079843E-11
AR GRAD 2024 06 04 02 21 50.000000 2  -1.424487958146E-11 -1.792428878933E-11
AR GRAD 2024 06 04 02 22  0.000000 2  -1.518168923909E-11 -1.436390242859E-11
AR GRAD 2024 06 04 02 22 10.000000 2  -1.512798740444E-11 -1.866352211666E-11
AR GRAD 2024 06 04 02 22 20.000000 2  -1.819656925139E-11 -2.107314669986E-11
AR GRAD 2024 06 04 02 22 30.000000 2  -1.387148208798E-11 -1.393277073575E-11
AR GRAD 2024 06 04 02 22 40.000000 2  -1.357033322519E-11 -2.386239816854E-11
AR GRAD 2024 06 04 02 22 50.000000 2  -1.325935715391E-11 -2.103202507986E-11
AR GRAD 2024 06 04 02 23  0.000000 2  -1.944323001213E-11 -3.193165176718E-11
AR GRAD 2024 06 04 02 23 10.000000 2  -1.478538819155E-11 -3.732128842082E-11
AR GRAD 2024 06 04 02 23 20.000000 2  -1.293636118366E-11 -2.759092433691E-11
AR GRAD 2024 06 04 02 23 30.000000 2  -1.472223384869E-11 -3.270056100901E-11
AR GRAD 2024 06 04 02 23 40.000000 2  -1.596311798024E-11 -2.586020286799E-11
AR GRAD 2024 06 04 02 23 50.000000 2  -1.222997744743E-11 -2.683984631768E-11
AR GRAD 2024 06 04 02 24  0.000000 2  -1.580040438764E-11 -1.578948950753E-11
AR GRAD 2024 06 04 02 24 10.000000 2  -1.412589056143E-11 -7.069134340398E-12
AR GRAD 2024 06 04 02 24 20.000000 2  -1.249682995974E-11 -1.928878237689E-11
AR GRAD 2024 06 04 02 24 30.000000 2  -1.462331991609E-11 -2.009843506900E-11
AR GRAD 2024 06 04 02 24 40.000000 2  -1.647097389035E-11 -1.812808930746E-11
AR GRAD 2024 06 04 02 24 50.000000 2  -8.403698743831E-12 -1.830774594425E-11
AR GRAD 2024 06 04 02 25  0.000000 2  -1.506756351632E-11 -1.509740422956E-11
AR GRAD 2024 06 04 02 25 10.000000 2  -1.608984993851E-11 -2.144706287566E-11
AR GRAD 2024 06 04 02 25 20.000000 2  -9.003266882024E-12 -2.438672701277E-11
AR GRAD 2024 06 04 02 25 30.000000 2  -1.164696377537E-11 -1.493639413541E-11
AR GRAD 2024 06 04 02 25 40.000000 2  -1.144130363367E-11 -1.992605733192E-11
AR GRAD 2024 06 04 02 25 50.000000 2  -1.210863961182E-11 -3.232572542977E-11
AR GRAD 2024 06 04 02 26  0.000000 2  -7.242925443435E-12 -3.220539807058E-11
AR GRAD 2024 06 04 02 26 10.000000 2  -1.136311964661E-11 -1.364507465351E-11
AR GRAD 2024 06 04 02 26 20.000000 2  -1.060377306794E-11 -2.429475023935E-11
AR GRAD 2024 06 04 02 26 30.000000 2  -9.660462534089E-12 -2.864427662078E-12
AR GRAD 2024 06 04 02 26 40.000000 2  -1.201968125725E-11 -2.628411030492E-11
AR GRAD 2024 06 04 02 26 50.000000 2  -8.682593706510E-12 -7.013791023663E-12
AR GRAD 2024 06 04 02 27  0.000000 2  -8.896652511914E-12  4.076519503904E-12
AR GRAD 2024 06 04 02 27 10.000000 2  -7.890894535012E-12 -2.565316709058E-11
AR GRAD 2024 06 04 02 27 20.000000 2  -7.022777324950E-12 -5.272855069238E-12
AR GRAD 2024 06 04 02 27 30.000000 2  -8.807616962148E-12 -2.788255043518E-11
AR GRAD 2024 06 04 02 27 40.000000 2  -1.021975126053E-11  2.877561199304E-13
AR GRAD 2024 06 04 02 27 50.000000 2  -4.125259162047E-12 -2.643193997010E-11
AR GRAD 2024 06 04 02 28  0.000000 2  -8.495898429217E-12 -1.346164065635E-11
AR GRAD 2024 06 04 02 28 10.000000 2  -1.081637210354E-11 -7.821341664604E-12
AR GRAD 2024 06 04 02 28 20.000000 2  -6.127141329026E-12 -1.774104300967E-11
AR GRAD 2024 06 04 02 28 30.000000 2  -9.427194268274E-12 -5.400748858547E-12
AR GRAD 2024 06 04 02 28 40.000000 2  -8.209064504550E-12 -1.800455292668E-12
AR GRAD 2024 06 04 02 28 50.000000 2  -5.213860593267E-12  6.198306299644E-13
AR GRAD 2024 06 04 02 29  0.000000 2  -6.320218220307E-12 -8.089878593409E-12
AR GRAD 2024 06 04 02 29 10.000000 2  -8.721841825154E-12 -2.279959554485E-11
AR GRAD 2024 06 04 02 29 20.000000 2  -5.703596882983E-12  4.250687475615E-12
AR GRAD 2024 06 04 02 29 30.000000 2  -7.253194572732E-12  2.070967529411E-12
AR GRAD 2024 06 04 02 29 40.000000 2  -5.563053923768E-12  3.621245013921E-12
AR GRAD 2024 06 04 02 29 50.000000 2  -6.645230806596E-12 -9.698478131703E-12
AR GRAD 2024 06 04 02 30  0.000000 2  -6.741456351489E-12 -1.419820511162E-11
AR GRAD 2024 06 04 02 30 10.000000 2  -2.922996697116E-12  1.476206483442E-11
AR GRAD 2024 06 04 02 30 20.000000 2  -4.924573335924E-12  6.412336373690E-12
AR GRAD 2024 06 04 02 30 30.000000 2  -8.569454174046E-12 -1.784739543653E-11
AR GRAD 2024 06 04 02 30 40.000000 2  -5.094528097993E-12  4.862867920841E-12
AR GRAD 2024 06 04 02 30 50.000000 2  -4.276279417376E-12 -1.843687182090E-11
AR GRAD 2024 06 04 02 31  0.000000 2  -3.738019442590E-12  1.839338924225E-11
AR GRAD 2024 06 04 02 31 10.000000 2  -9.276362230443E-13 -2.946351062433E-12
AR GRAD 2024 06 04 02 31 20.000000 2  -3.924830078994E-12 -4.126093997719E-12
AR GRAD 2024 06 04 02 31 30.000000 2  -2.413623120812E-12 -1.731584493847E-11
AR GRAD 2024 06 04 02 31 40.000000 2  -2.981334146571E-12 -1.171559290553E-11
AR GRAD 2024 06 04 02 31 50.000000 2   4.919676319971E-13 -1.738533969564E-11
AR GRAD 2024 06 04 02 32  0.000000 2   1.438670363396E-12 -1.372509397801E-11
AR GRAD 2024 06 04 02 32 10.000000 2  -4.852223657592E-12 -9.248506908227E-13
AR GRAD 2024 06 04 02 32 20.000000 2  -2.739918101430E-12 -2.625460959749E-11
AR GRAD 2024 06 04 02 32 30.000000 2  -1.277300856230E-12  2.205628258159E-12
AR GRAD 2024 06 04 02 32 40.000000 2  -2.667815404353E-12 -2.836413048879E-11
AR GRAD 2024 06 04 02 32 50.000000 2   1.311344262345E-12 -3.233899910013E-12
AR GRAD 2024 06 04 02 33  0.000000 2  -3.281863929921E-12  3.563352954719E-13
AR GRAD 2024 06 04 02 33 10.000000 2   4.198195610594E-12  2.156565074088E-12
AR GRAD 2024 06 04 02 33 20.000000 2  -1.336151241732E-13 -5.683205642204E-12
AR GRAD 2024 06 04 02 33 30.000000 2   2.574847453307E-12 -9.842980597252E-12
AR GRAD 2024 06 04 02 33 40.000000 2   3.367285562796E-13 -1.029275796538E-11
AR GRAD 2024 06 04 02 33 50.000000 2   3.522160427899E-12  2.474647277460E-13
AR GRAD 2024 06 04 02 34  0.000000 2  -1.100017212735E-12 -1.174231632067E-11
AR GRAD 2024 06 04 02 34 10.000000 2   1.377522336650E-12  7.217901189932E-12
AR GRAD 2024 06 04 02 34 20.000000 2   4.137472482679E-12 -2.380188580953E-11
AR GRAD 2024 06 04 02 34 30.000000 2   2.498301912568E-12 -2.451673629736E-12
AR GRAD 2024 06 04 02 34 40.000000 2   1.120247015811E-12 -1.012146182838E-11
AR GRAD 2024 06 04 02 34 50.000000 2   6.246976894109E-12 -1.409125507251E-11
AR GRAD 2024 06 04 02 35  0.000000 2   4.743776985811E-12  8.558953025484E-12
AR GRAD 2024 06 04 02 35 10.000000 2   2.239425225120E-12 -1.942084514039E-11
AR GRAD 2024 06 04 02 35 20.000000 2   3.363933047049E-12  1.043935597689E-11
AR GRAD 2024 06 04 02 35 30.000000 2   3.401865811617E-12 -9.900445047117E-12
AR GRAD 2024 06 04 02 35 40.000000 2   3.995241203841E-12  5.919752969069E-12
AR GRAD 2024 06 04 02 35 50.000000 2   3.500865396189E-12 -7.400053660123E-12
AR GRAD 2024 06 04 02 36  0.000000 2   3.206337322384E-12 -1.152986039976E-11
AR GRAD 2024 06 04 02 36 10.000000 2   7.481696685796E-12 -4.319673091446E-12
AR GRAD 2024 06 04 02 36 20.000000 2   5.871682480507E-12 -1.172948630584E-11
AR GRAD 2024 06 04 02 36 30.000000 2   4.126430967755E-12  1.124070021091E-11
AR GRAD 2024 06 04 02 36 40.000000 2   7.284678069097E-12  1.528088246217E-11
AR GRAD 2024 06 04 02 36 50.000000 2   4.784207318503E-12 -8.678935174700E-12
AR GRAD 2024 06 04 02 37  0.000000 2   8.400061028702E-12 -8.028759948542E-12
AR GRAD 2024 06 04 02 37 10.000000 2   8.410179670737E-12 -4.298583190787E-12
AR GRAD 2024 06 04 02 37 20.000000 2   8.813438694133E-12  7.721592462651E-12
AR GRAD 2024 06 04 02 37 30.000000 2   6.153310933704E-12 -1.918234885170E-12
AR GRAD 2024 06 04 02 37 40.000000 2   6.619190438817E-12  1.589193186768E-11
AR GRAD 2024 06 04 02 37 50.000000 2   8.621238271889E-12  4.072099862168E-12
AR GRAD 2024 06 04 02 38  0.000000 2   7.068379735686E-12  1.243226528669E-11
AR GRAD 2024 06 04 02 38 10.000000 2   1.001930049344E-11  6.742426929274E-12
AR GRAD 2024 06 04 02 38 20.000000 2   9.402282771798E-12  1.952587180484E-12
AR GRAD 2024 06 04 02 38 30.000000 2   7.887453710997E-12 -2.067253920129E-12
AR GRAD 2024 06 04 02 38 40.000000 2   1.345014724596E-11  1.824290024599E-11
AR GRAD 2024 06 04 02 38 50.000000 2   1.065392912780E-11  4.443053563952E-12
AR GRAD 2024 06 04 02 39  0.000000 2   1.051340178110E-11 -6.026793213793E-12
AR GRAD 2024 06 04 02 39 10.000000 2   8.741341851748E-12  8.533356313234E-12
AR GRAD 2024 06 04 02 39 20.000000 2   1.199015279424E-11  5.283501500891E-12
AR GRAD 2024 06 04 02 39 30.000000 2   1.162590423237E-11  7.643644397981E-12
AR GRAD 2024 06 04 02 39 40.000000 2   7.778561648963E-12 -2.262130641226E-13
AR GRAD 2024 06 04 02 39 50.000000 2   1.054085724955E-11  4.683926857485E-12
AR GRAD 2024 06 04 02 40  0.000000 2   1.491981364843E-11  4.248406487717E-11
AR GRAD 2024 06 04 02 40 10.000000 2   1.320863991100E-11  1.961419915375E-11
AR GRAD 2024 06 04 02 40 20.000000 2   1.329753494816E-11  2.769433293803E-11
AR GRAD 2024 06 04 02 40 30.000000 2   1.453358874220E-11 -9.705536721527E-12
AR GRAD 2024 06 04 02 40 40.000000 2   1.251010059433E-11  3.297459180707E-11
AR GRAD 2024 06 04 02 40 50.000000 2   9.683792830117E-12  1.878471683758E-11
AR GRAD 2024 06 04 02 41  0.000000 2   1.302586250668E-11  1.362484170625E-11
AR GRAD 2024 06 04 02 41 10.000000 2   1.569880857255E-11  8.294962806910E-12
AR GRAD 2024 06 04 02 41 20.000000 2   1.338767204734E-11  2.806508150877E-11
AR GRAD 2024 06 04 02 41 30.000000 2   1.494690482495E-11  2.478519993410E-11
AR GRAD 2024 06 04 02 41 40.000000 2   1.664990714745E-11  2.075313879080E-12
AR GRAD 2024 06 04 02 41 50.000000 2   1.389582286043E-11  4.259542718543E-11
AR GRAD 2024 06 04 02 42  0.000000 2   1.349221949443E-11  8.255538613833E-12
AR GRAD 2024 06 04 02 42 10.000000 2   1.427416344846E-11  8.965645066639E-12
AR GRAD 2024 06 04 02 42 20.000000 2   1.826732168309E-11  3.786575220044E-11
AR GRAD 2024 06 04 02 42 30.000000 2   1.711419027328E-11  1.764585352837E-11
AR GRAD 2024 06 04 02 42 40.000000 2   1.556154163862E-11  3.341595750106E-11
AR GRAD 2024 06 04 02 42 50.000000 2   1.748966770021E-11  3.168605655635E-11
AR GRAD 2024 06 04 02 43  0.000000 2   2.237343990630E-11  2.103615198701E-11
AR GRAD 2024 06 04 02 43 10.000000 2   1.812509690946E-11  1.184624533884E-11
AR GRAD 2024 06 04 02 43 20.000000 2   1.660506454559E-11  2.680633666430E-11
AR GRAD 2024 06 04 02 43 30.000000 2   2.039136220988E-11  2.444642752120E-11
AR GRAD 2024 06 04 02 43 40.000000 2   1.851057848667E-11  1.389651414774E-11
AR GRAD 2024 06 04 02 43 50.000000 2   1.506247036820E-11  2.523659926867E-11
AR GRAD 2024 06 04 02 44  0.000000 2   2.382161481962E-11  2.535668203185E-11
AR GRAD 2024 06 04 02 44 10.000000 2   1.579208291913E-11  2.417676475686E-11
AR GRAD 2024 06 04 02 44 20.000000 2   1.941432431485E-11  2.453684130876E-11
AR GRAD 2024 06 04 02 44 30.000000 2   1.900824983525E-11  2.168691788651E-11
AR GRAD 2024 06 04 02 44 40.000000 2   1.698247271975E-11  4.556993237620E-12
AR GRAD 2024 06 04 02 44 50.000000 2   2.271185496616E-11  2.336706349249E-11
AR GRAD 2024 06 04 02 45  0.000000 2   1.914038025297E-11  3.926713468272E-11
AR GRAD 2024 06 04 02 45 10.000000 2   2.105047386403E-11  3.766720269027E-11
AR GRAD 2024 06 04 02 45 20.000000 2   1.952030377617E-11  1.306726515188E-11
AR GRAD 2024 06 04 02 45 30.000000 2   2.091052851705E-11  1.440732949609E-11
AR GRAD 2024 06 04 02 45 40.000000 2   2.160007069041E-11  2.023738815415E-11
AR GRAD 2024 06 04 02 45 50.000000 2   2.399375489959E-11  1.977446201576E-12
AR GRAD 2024 06 04 02 46  0.000000 2   2.407214878819E-11  2.752750111190E-11
AR GRAD 2024 06 04 02 46 10.000000 2   1.683440539746E-11  1.266755537271E-11
AR GRAD 2024 06 04 02 46 20.000000 2   2.768209619863E-11  1.619760575666E-11
AR GRAD 2024 06 04 02 46 30.000000 2   1.903277015158E-11  1.921765524493E-11
AR GRAD 2024 06 04 02 46 40.000000 2   2.054617934122E-11  1.939770219450E-11
AR GRAD 2024 06 04 02 46 50.000000 2   2.130806989187E-11  3.082774660546E-11
AR GRAD 2024 06 04 02 47  0.000000 2   2.368031985778E-11  3.817789834271E-12
AR GRAD 2024 06 04 02 47 10.000000 2   2.337603027813E-11  1.848782932301E-11
AR GRAD 2024 06 04 02 47 20.000000 2   2.417318081815E-11  3.667866791540E-12
AR GRAD 2024 06 04 02 47 30.000000 2   2.190713582761E-11  3.219790406517E-11
AR GRAD 2024 06 04 02 47 40.000000 2   2.375635452245E-11  9.817936394430E-12
AR GRAD 2024 06 04 02 47 50.000000 2   2.541148888535E-11  9.397965045066E-12
AR GRAD 2024 06 04 02 48  0.000000 2   2.473722095220E-11  2.636799285860E-11
AR GRAD 2024 06 04 02 48 10.000000 2   2.308117239003E-11  1.121802043619E-11
AR GRAD 2024 06 04 02 48 20.000000 2   2.012147046204E-11  3.510804494344E-11
AR GRAD 2024 06 04 02 48 30.000000 2   2.727462006247E-11  1.001806797241E-11
AR GRAD 2024 06 04 02 48 40.000000 2   2.767086039468E-11  3.584808838664E-11
AR GRAD 2024 06 04 02 48 50.000000 2   2.807102293667E-11  3.504810677790E-11
AR GRAD 2024 06 04 02 49  0.000000 2   2.231919857265E-11  2.951812058671E-11
AR GRAD 2024 06 04 02 49 10.000000 2   2.486919351008E-11  2.670812876415E-11
AR GRAD 2024 06 04 02 49 20.000000 2   2.452426803301E-11  1.997814066956E-11
AR GRAD 2024 06 04 02 49 30.000000 2   2.965140633027E-11  4.097814795823E-11
AR GRAD 2024 06 04 02 49 40.000000 2   2.277000636652E-11  4.170815776083E-11
AR GRAD 2024 06 04 02 49 50.000000 2   2.481979552438E-11  3.517815899690E-11
AR GRAD 2024 06 04 02 50  0.000000 2   2.734945950267E-11  3.874816092986E-11
AR GRAD 2024 06 04 02 50 10.000000 2   2.499165110970E-11  3.903815812278E-11
AR GRAD 2024 06 04 02 50 20.000000 2   2.897812718949E-11  1.446815410533E-11
AR GRAD 2024 06 04 02 50 30.000000 2   3.279137031353E-11  4.165815262192E-11
AR GRAD 2024 06 04 02 50 40.000000 2   2.678952198965E-11  2.540814086904E-11
AR GRAD 2024 06 04 02 50 50.000000 2   3.027735701044E-11  4.361812994125E-11
AR GRAD 2024 06 04 02 51  0.000000 2   3.124106182084E-11  3.304811979632E-11
AR GRAD 2024 06 04 02 51 10.000000 2   2.730674887597E-11  4.148810461846E-11
AR GRAD 2024 06 04 02 51 20.000000 2   2.942865048872E-11  2.711808728961E-11
AR GRAD 2024 06 04 02 51 30.000000 2   2.450270021603E-11  3.594806743945E-11
AR GRAD 2024 06 04 02 51 40.000000 2   3.189034106232E-11  2.317804628782E-11
AR GRAD 2024 06 04 02 51 50.000000 2   2.714348017185E-11  4.407802248196E-11
AR GRAD 2024 06 04 02 52  0.000000 2   3.413152746545E-11  3.427799710742E-11
AR GRAD 2024 06 04 02 52 10.000000 2   2.867608060730E-11  3.701797202105E-11
AR GRAD 2024 06 04 02 52 20.000000 2   2.629885198502E-11  3.593794012380E-11
AR GRAD 2024 06 04 02 52 30.000000 2   3.027183018145E-11  4.436790518314E-11
AR GRAD 2024 06 04 02 52 40.000000 2   3.272979456903E-11  4.697786951113E-11
AR GRAD 2024 06 04 02 52 50.000000 2   3.120417466085E-11  3.376783228037E-11
AR GRAD 2024 06 04 02 53  0.000000 2   3.227681663609E-11  3.076779456213E-11
AR GRAD 2024 06 04 02 53 10.000000 2   2.793638063936E-11  1.266775313119E-11
AR GRAD 2024 06 04 02 53 20.000000 2   3.510937027218E-11  2.885770615524E-11
AR GRAD 2024 06 04 02 53 30.000000 2   3.145222624013E-11  2.456766040604E-11
AR GRAD 2024 06 04 02 53 40.000000 2   3.248380384124E-11  3.920761285081E-11
AR GRAD 2024 06 04 02 53 50.000000 2   3.355848585129E-11  2.116756075976E-11
AR GRAD 2024 06 04 02 54  0.000000 2   3.205745738311E-11  3.959750929927E-11
AR GRAD 2024 06 04 02 54 10.000000 2   3.001631929123E-11  1.878745249650E-11
AR GRAD 2024 06 04 02 54 20.000000 2   3.455361691218E-11  2.999739692755E-11
AR GRAD 2024 06 04 02 54 30.000000 2   3.365128314892E-11  1.775733379783E-11
AR GRAD 2024 06 04 02 54 40.000000 2   3.494234068757E-11  1.701727300740E-11
AR GRAD 2024 06 04 02 54 50.000000 2   3.269716095100E-11  2.311720780079E-11
AR GRAD 2024 06 04 02 55  0.000000 2   3.649257632188E-11  2.687714113769E-11
AR GRAD 2024 06 04 02 55 10.000000 2   3.387380306807E-11  3.483707419760E-11
AR GRAD 2024 06 04 02 55 20.000000 2   3.095778494666E-11  3.312700461167E-11
AR GRAD 2024 06 04 02 55 30.000000 2   3.657491670639E-11  1.906692685683E-11
AR GRAD 2024 06 04 02 55 40.000000 2   3.552149893671E-11  4.319685234511E-11
AR GRAD 2024 06 04 02 55 50.000000 2   3.398062040083E-11  2.060677149751E-11
AR GRAD 2024 06 04 02 56  0.000000 2   3.165830791962E-11  1.980669274426E-11
AR GRAD 2024 06 04 02 56 10.000000 2   3.388642838553E-11  1.394661122700E-11
AR GRAD 2024 06 04 02 56 20.000000 2   3.302481552114E-11  3.838652659627E-11
AR GRAD 2024 06 04 02 56 30.000000 2   3.446955221253E-11  2.017643691010E-11
AR GRAD 2024 06 04 02 56 40.000000 2   3.194858266831E-11  3.998634756641E-11
AR GRAD 2024 06 04 02 56 50.000000 2   3.400204770521E-11  3.839625839497E-11
AR GRAD 2024 06 04 02 57  0.000000 2   3.521364450032E-11  3.115616445393E-11
AR GRAD 2024 06 04 02 57 10.000000 2   3.448706945020E-11  2.100606494304E-11
AR GRAD 2024 06 04 02 57 20.000000 2   3.497920009199E-11  2.182596811617E-11
AR GRAD 2024 06 04 02 57 30.000000 2   3.327498346306E-11  3.108586651979E-11
AR GRAD 2024 06 04 02 57 40.000000 2   3.279532895251E-11  3.296576553402E-11
AR GRAD 2024 06 04 02 57 50.000000 2   3.946444213088E-11  3.156565980822E-11
AR GRAD 2024 06 04 02 58  0.000000 2   3.137709536638E-11  3.519555133447E-11
AR GRAD 2024 06 04 02 58 10.000000 2   3.263301781575E-11  3.493543995758E-11
AR GRAD 2024 06 04 02 58 20.000000 2   3.464404457754E-11  2.362532565414E-11
AR GRAD 2024 06 04 02 58 30.000000 2   3.968617448558E-11  3.434521417267E-11
AR GRAD 2024 06 04 02 58 40.000000 2   3.304903573031E-11  1.120509674629E-11
AR GRAD 2024 06 04 02 58 50.000000 2   3.645954371745E-11  4.046497512067E-11
AR GRAD 2024 06 04 02 59  0.000000 2   3.850950808237E-11  4.003485737369E-11
AR GRAD 2024 06 04 02 59 10.000000 2   3.191271899516E-11  2.230473097886E-11
AR GRAD 2024 06 04 02 59 20.000000 2   3.426913613991E-11  4.821460591886E-11
AR GRAD 2024 06 04 02 59 30.000000 2   3.885215760224E-11  1.907447810812E-11
AR GRAD 2024 06 04 02 59 40.000000 2   3.726853894936E-11  4.543477952808E-13
AR GRAD 2024 06 04 02 59 50.000000 2   3.286902347521E-11  5.069421618598E-11
AR GRAD 2024 06 04 03 00  0.000000 2   3.748066787490E-11  4.524408278583E-11
AR GRAD 2024 06 04 03 00 10.000000 2   3.879913751392E-11  4.615394177954E-11
AR GRAD 2024 06 04 03 00 20.000000 2   3.402905388028E-11  4.332380287853E-11
AR GRAD 2024 06 04 03 00 30.000000 2   3.393404307550E-11  9.403660142238E-12
AR GRAD 2024 06 04 03 00 40.000000 2   3.334668999266E-11  3.024351949432E-11
AR GRAD 2024 06 04 03 00 50.000000 2   3.723512123632E-11  2.686337090274E-11
AR GRAD 2024 06 04 03 01  0.000000 2   3.804952880548E-11  4.628322378131E-11
AR GRAD 2024 06 04 03 01 10.000000 2   3.287898078796E-11  3.924307059866E-11
AR GRAD 2024 06 04 03 01 20.000000 2   3.550194860313E-11  2.881291732981E-11
AR GRAD 2024 06 04 03 01 30.000000 2   3.568332088144E-11  3.092276434913E-11
AR GRAD 2024 06 04 03 01 40.000000 2   3.580587909502E-11  2.762260559175E-11
AR GRAD 2024 06 04 03 01 50.000000 2   3.591038924555E-11  4.351244364820E-11
AR GRAD 2024 06 04 03 02  0.000000 2   3.690448988070E-11  2.741228077863E-11
AR GRAD 2024 06 04 03 02 10.000000 2   3.720989835698E-11  3.795211714341E-11
AR GRAD 2024 06 04 03 02 20.000000 2   3.561400133134E-11  3.889195562823E-11
AR GRAD 2024 06 04 03 02 30.000000 2   3.609518586800E-11  2.538178348055E-11
AR GRAD 2024 06 04 03 02 40.000000 2   3.356443942226E-11  3.256160965859E-11
AR GRAD 2024 06 04 03 02 50.000000 2   3.644139850989E-11  2.985144076373E-11
AR GRAD 2024 06 04 03 03  0.000000 2   3.770728521091E-11  4.517126256376E-11
AR GRAD 2024 06 04 03 03 10.000000 2   3.921164087872E-11  3.541108725691E-11
AR GRAD 2024 06 04 03 03 20.000000 2   3.585961735886E-11  4.238090434150E-11
AR GRAD 2024 06 04 03 03 30.000000 2   3.603922021922E-11  4.834072378501E-11
AR GRAD 2024 06 04 03 03 40.000000 2   3.694380218411E-11  4.076053730651E-11
AR GRAD 2024 06 04 03 03 50.000000 2   3.424708780453E-11  5.854034618169E-11
AR GRAD 2024 06 04 03 04  0.000000 2   4.031606645749E-11  3.371015966369E-11
AR GRAD 2024 06 04 03 04 10.000000 2   3.720207475411E-11  6.473996339018E-11
AR GRAD 2024 06 04 03 04 20.000000 2   3.169811982340E-11  4.183977470040E-11
AR GRAD 2024 06 04 03 04 30.000000 2   3.509129098411E-11  5.556957671793E-11
AR GRAD 2024 06 04 03 04 40.000000 2   3.792000741187E-11  4.865937860976E-11
AR GRAD 2024 06 04 03 04 50.000000 2   3.720316416045E-11  4.131917724637E-11
