 2.00 C RINEX VERSION / TYPE
 10.00 INTERVAL
 1 AR # / TYPES OF DATA
 END OF HEADER
AR GRAD 2024 06 24 01 05  0.000000 2  -8.704408721583E-12 -3.274565341105E-11
AR GRAD 2024 06 24 01 05 10.000000 2  -7.387186348740E-12 -3.832598821640E-11
AR GRAD 2024 06 24 01 05 20.000000 2  -8.720042916910E-12 -2.470631685347E-11
AR GRAD 2024 06 24 01 05 30.000000 2  -9.477545484526E-12 -3.108665061480E-11
AR GRAD 2024 06 24 01 05 40.000000 2  -1.079232016254E-11 -2.824698461246E-11
AR GRAD 2024 06 24 01 05 50.000000 2  -8.435781587157E-12 -2.742732083116E-11
AR GRAD 2024 06 24 01 06  0.000000 2  -1.010525951112E-11 -3.459766154124E-11
AR GRAD 2024 06 24 01 06 10.000000 2  -5.453156155799E-12 -3.510800331008E-11
AR GRAD 2024 06 24 01 06 20.000000 2  -9.222168168010E-12 -3.794834585458E-11
AR GRAD 2024 06 24 01 06 30.000000 2  -1.021476219581E-11 -2.430869568137E-11
AR GRAD 2024 06 24 01 06 40.000000 2  -1.086704771308E-11 -3.109904000986E-11
AR GRAD 2024 06 24 01 06 50.000000 2  -8.573548988811E-12 -2.501939627697E-11
AR GRAD 2024 06 24 01 07  0.000000 2  -4.555856560062E-12 -2.743974665542E-11
AR GRAD 2024 06 24 01 07 10.000000 2  -9.881926006650E-12 -3.281010185763E-11
AR GRAD 2024 06 24 01 07 20.000000 2  -7.872041560275E-12 -3.118045752148E-11
AR GRAD 2024 06 24 01 07 30.000000 2  -4.360632514799E-12 -2.346082009219E-11
AR GRAD 2024 06 24 01 07 40.000000 2  -8.139725872491E-12 -3.527118180857E-11
AR GRAD 2024 06 24 01 07 50.000000 2  -6.646466797072E-12 -2.330154645624E-11
AR GRAD 2024 06 24 01 08  0.000000 2  -5.670050800405E-12 -2.841191171221E-11
AR GRAD 2024 06 24 01 08 10.000000 2  -3.880316640920E-12 -2.178227910543E-11
AR GRAD 2024 06 24 01 08 20.000000 2  -7.327579515382E-12 -3.950265115016E-11
AR GRAD 2024 06 24 01 08 30.000000 2  -4.542807536395E-12 -2.432302276256E-11
AR GRAD 2024 06 24 01 08 40.000000 2  -3.406589897323E-12 -3.456340075259E-11
AR GRAD 2024 06 24 01 08 50.000000 2  -5.766690510528E-12 -1.826377590830E-11
AR GRAD 2024 06 24 01 09  0.000000 2  -4.342616977820E-12 -3.840415485623E-11
AR GRAD 2024 06 24 01 09 10.000000 2  -5.402143142541E-12 -1.849453923342E-11
AR GRAD 2024 06 24 01 09 20.000000 2  -4.515215892148E-12 -2.920491973257E-11
AR GRAD 2024 06 24 01 09 30.000000 2  -6.343374610307E-12 -3.895530772957E-11
AR GRAD 2024 06 24 01 09 40.000000 2  -7.096854787864E-12 -4.254569613282E-11
AR GRAD 2024 06 24 01 09 50.000000 2  -5.310342877235E-12 -2.646608626700E-11
AR GRAD 2024 06 24 01 10  0.000000 2  -6.196868105462E-12 -3.110647850413E-11
AR GRAD 2024 06 24 01 10 10.000000 2  -4.590005459049E-12 -2.747687320726E-11
AR GRAD 2024 06 24 01 10 20.000000 2  -4.732304825783E-12 -2.517727172580E-11
AR GRAD 2024 06 24 01 10 30.000000 2  -2.190559582685E-12 -3.032767093014E-11
AR GRAD 2024 06 24 01 10 40.000000 2  -6.269958077038E-12 -3.450807348204E-11
AR GRAD 2024 06 24 01 10 50.000000 2  -5.381404957067E-12 -2.390847762823E-11
AR GRAD 2024 06 24 01 11  0.000000 2  -4.029266503780E-12 -1.875888507030E-11
AR GRAD 2024 06 24 01 11 10.000000 2  -3.008260958046E-12 -2.841929122588E-11
AR GRAD 2024 06 24 01 11 20.000000 2  -5.683158370989E-12 -2.612970256832E-11
AR GRAD 2024 06 24 01 11 30.000000 2  -4.108478314502E-12 -2.935010914862E-11
AR GRAD 2024 06 24 01 11 40.000000 2  -3.890835570397E-12 -2.882052929642E-11
AR GRAD 2024 06 24 01 11 50.000000 2  -2.301373935171E-12 -2.154094611018E-11
AR GRAD 2024 06 24 01 12  0.000000 2  -2.259834680496E-12 -2.825136478923E-11
AR GRAD 2024 06 24 01 12 10.000000 2  -2.538866686330E-12 -2.478178773302E-11
AR GRAD 2024 06 24 01 12 20.000000 2  -1.687977231948E-12 -2.535221164945E-11
AR GRAD 2024 06 24 01 12 30.000000 2   3.699159237930E-14 -2.920263683648E-11
AR GRAD 2024 06 24 01 12 40.000000 2  -2.580269765212E-12 -2.804306613313E-11
AR GRAD 2024 06 24 01 12 50.000000 2  -4.135314486675E-12 -2.358349453224E-11
AR GRAD 2024 06 24 01 13  0.000000 2  -2.358168781774E-12 -1.824392893701E-11
AR GRAD 2024 06 24 01 13 10.000000 2  -1.126147352454E-12 -3.148436025779E-11
AR GRAD 2024 06 24 01 13 20.000000 2  -1.612593630677E-12 -1.136479972630E-11
AR GRAD 2024 06 24 01 13 30.000000 2  -4.280389248341E-13 -2.957523462244E-11
AR GRAD 2024 06 24 01 13 40.000000 2   2.834339208647E-13 -3.154567579378E-11
AR GRAD 2024 06 24 01 13 50.000000 2  -4.677527028901E-12 -1.083612366504E-11
AR GRAD 2024 06 24 01 14  0.000000 2  -3.678120308326E-12 -2.435656884514E-11
AR GRAD 2024 06 24 01 14 10.000000 2   4.400358387131E-13 -3.153701258474E-11
AR GRAD 2024 06 24 01 14 20.000000 2  -7.653899757910E-13 -1.597746761284E-11
AR GRAD 2024 06 24 01 14 30.000000 2   1.097690623293E-12 -3.210791701957E-11
AR GRAD 2024 06 24 01 14 40.000000 2  -3.006761506441E-12 -2.952837280246E-11
AR GRAD 2024 06 24 01 14 50.000000 2   5.145491780052E-13 -2.488883057983E-11
AR GRAD 2024 06 24 01 15  0.000000 2   5.013044558459E-13 -2.699290010261E-12
AR GRAD 2024 06 24 01 15 10.000000 2  -3.962595768008E-13 -1.565975127349E-11
AR GRAD 2024 06 24 01 15 20.000000 2  -7.623118174031E-13 -1.793021633945E-11
AR GRAD 2024 06 24 01 15 30.000000 2  -1.662681602642E-12 -2.252067976549E-11
AR GRAD 2024 06 24 01 15 40.000000 2  -9.256204743652E-13 -1.496114863941E-11
AR GRAD 2024 06 24 01 15 50.000000 2   2.469876083169E-12 -1.047161749673E-11
AR GRAD 2024 06 24 01 16  0.000000 2   1.564363113875E-12 -3.178208737853E-11
AR GRAD 2024 06 24 01 16 10.000000 2   2.359328661258E-12 -1.252564458404E-12
AR GRAD 2024 06 24 01 16 20.000000 2   2.169376006958E-12 -2.699304148257E-11
AR GRAD 2024 06 24 01 16 30.000000 2  -2.280701452348E-12 -1.366352083559E-11
AR GRAD 2024 06 24 01 16 40.000000 2   3.997840470130E-13 -1.456400278155E-11
AR GRAD 2024 06 24 01 16 50.000000 2   6.803755475682E-12 -7.274485267633E-12
AR GRAD 2024 06 24 01 17  0.000000 2   1.222882147107E-12 -2.378497052091E-11
AR GRAD 2024 06 24 01 17 10.000000 2   3.012642869546E-12 -2.494545889298E-11
AR GRAD 2024 06 24 01 17 20.000000 2   3.991849385765E-12 -2.988594788311E-11
AR GRAD 2024 06 24 01 17 30.000000 2   3.965497201441E-12 -6.664396139978E-13
AR GRAD 2024 06 24 01 17 40.000000 2   5.972832905349E-12 -2.914693486566E-11
AR GRAD 2024 06 24 01 17 50.000000 2   6.587973222505E-12 -1.735743146436E-11
AR GRAD 2024 06 24 01 18  0.000000 2   4.408738131512E-12 -8.679293720358E-13
AR GRAD 2024 06 24 01 18 10.000000 2   4.759822310602E-12 -8.828431041774E-12
AR GRAD 2024 06 24 01 18 20.000000 2   6.236544700805E-12 -1.363893286505E-11
AR GRAD 2024 06 24 01 18 30.000000 2   3.976802394334E-12 -1.249943985121E-11
AR GRAD 2024 06 24 01 18 40.000000 2   7.700910222008E-12 -1.847994673954E-11
AR GRAD 2024 06 24 01 18 50.000000 2   8.568788040231E-12 -4.220456883280E-12
AR GRAD 2024 06 24 01 19  0.000000 2   6.323258756880E-12 -1.573096861107E-11
AR GRAD 2024 06 24 01 19 10.000000 2   5.897643484687E-12 -1.744148228622E-11
AR GRAD 2024 06 24 01 19 20.000000 2   6.643751087471E-12 -9.902000226714E-12
AR GRAD 2024 06 24 01 19 30.000000 2   3.423679525646E-12 -1.379251921008E-11
AR GRAD 2024 06 24 01 19 40.000000 2   9.488260004076E-12  2.576961647544E-12
AR GRAD 2024 06 24 01 19 50.000000 2   1.163127753834E-11 -8.163560973051E-12
AR GRAD 2024 06 24 01 20  0.000000 2   7.381729776046E-12  1.295911945462E-12
AR GRAD 2024 06 24 01 20 10.000000 2   8.889942601509E-12 -4.005461587409E-11
AR GRAD 2024 06 24 01 20 20.000000 2   6.346655406081E-12 -2.095144804176E-12
AR GRAD 2024 06 24 01 20 30.000000 2   1.028339739750E-11  7.314323625940E-12
AR GRAD 2024 06 24 01 20 40.000000 2   1.239645799206E-11 -4.486210881949E-12
AR GRAD 2024 06 24 01 20 50.000000 2   9.023481614689E-12 -4.456747037390E-12
AR GRAD 2024 06 24 01 21  0.000000 2   9.879699489068E-12 -3.317286549620E-12
AR GRAD 2024 06 24 01 21 10.000000 2   9.475693667216E-12 -3.010782248514E-11
AR GRAD 2024 06 24 01 21 20.000000 2   1.074608804719E-11  3.181629872756E-12
AR GRAD 2024 06 24 01 21 30.000000 2   1.067703304242E-11 -2.713891437967E-11
AR GRAD 2024 06 24 01 21 40.000000 2   1.022622264646E-11  4.580537771998E-12
AR GRAD 2024 06 24 01 21 50.000000 2   1.007557925981E-11 -4.060011441626E-12
AR GRAD 2024 06 24 01 22  0.000000 2   1.314934185842E-11 -7.990563072324E-12
AR GRAD 2024 06 24 01 22 10.000000 2   1.011815978225E-11  4.478883843667E-12
AR GRAD 2024 06 24 01 22 20.000000 2   1.201991544492E-11 -2.211672685271E-12
AR GRAD 2024 06 24 01 22 30.000000 2   1.199735970292E-11 -2.309223298691E-11
AR GRAD 2024 06 24 01 22 40.000000 2   1.203535361649E-11 -9.822792752801E-12
AR GRAD 2024 06 24 01 22 50.000000 2   1.526258286422E-11  1.136645248409E-12
AR GRAD 2024 06 24 01 23  0.000000 2   1.356932621821E-11  2.616080529289E-12
AR GRAD 2024 06 24 01 23 10.000000 2   1.378065803831E-11 -8.494488099031E-12
AR GRAD 2024 06 24 01 23 20.000000 2   1.409402802799E-11 -8.685056146485E-12
AR GRAD 2024 06 24 01 23 30.000000 2   1.293191768947E-11 -6.225628953332E-12
AR GRAD 2024 06 24 01 23 40.000000 2   1.545436174866E-11 -1.705620367165E-11
AR GRAD 2024 06 24 01 23 50.000000 2   1.474178244754E-11 -7.056778772441E-12
AR GRAD 2024 06 24 01 24  0.000000 2   1.455141736273E-11  3.802642228878E-12
AR GRAD 2024 06 24 01 24 10.000000 2   1.746000392877E-11 -2.307936394080E-12
AR GRAD 2024 06 24 01 24 20.000000 2   1.277874941280E-11  1.626148174450E-11
AR GRAD 2024 06 24 01 24 30.000000 2   1.807675016618E-11 -7.969104542926E-12
AR GRAD 2024 06 24 01 24 40.000000 2   1.485846862215E-11 -7.289691419943E-12
AR GRAD 2024 06 24 01 24 50.000000 2   1.414955999590E-11  5.029718395250E-12
AR GRAD 2024 06 24 01 25  0.000000 2   1.977700468669E-11 -1.250873319855E-12
AR GRAD 2024 06 24 01 25 10.000000 2   1.453096063614E-11 -6.146712099812E-14
AR GRAD 2024 06 24 01 25 20.000000 2   1.846285450913E-11  9.677937271024E-12
AR GRAD 2024 06 24 01 25 30.000000 2   1.966559207145E-11  6.427338695991E-12
AR GRAD 2024 06 24 01 25 40.000000 2   1.653303188798E-11 -8.893261127518E-12
AR GRAD 2024 06 24 01 25 50.000000 2   1.360016786689E-11  2.686136469504E-12
AR GRAD 2024 06 24 01 26  0.000000 2   1.888963638286E-11  1.480553180055E-11
AR GRAD 2024 06 24 01 26 10.000000 2   1.918741554530E-11 -8.345074631322E-12
AR GRAD 2024 06 24 01 26 20.000000 2   1.968072059488E-11  3.443143394097E-13
AR GRAD 2024 06 24 01 26 30.000000 2   1.722631412515E-11  2.097370367660E-11
AR GRAD 2024 06 24 01 26 40.000000 2   1.720988802856E-11 -4.296910483675E-12
AR GRAD 2024 06 24 01 26 50.000000 2   2.025279770279E-11  7.322475091553E-12
AR GRAD 2024 06 24 01 27  0.000000 2   1.906595714640E-11  8.211858276708E-12
AR GRAD 2024 06 24 01 27 10.000000 2   1.992080458924E-11  8.741236900978E-12
AR GRAD 2024 06 24 01 27 20.000000 2   2.034430957032E-11 -3.189385821417E-12
AR GRAD 2024 06 24 01 27 30.000000 2   1.930829628127E-11  1.801998827933E-11
AR GRAD 2024 06 24 01 27 40.000000 2   2.173598627475E-11  1.550936115646E-11
AR GRAD 2024 06 24 01 27 50.000000 2   2.054196049373E-11  1.722873406440E-11
AR GRAD 2024 06 24 01 28  0.000000 2   2.034247076343E-11 -1.640189893626E-11
AR GRAD 2024 06 24 01 28 10.000000 2   2.379100562389E-11  1.609746710929E-11
AR GRAD 2024 06 24 01 28 20.000000 2   1.921943507122E-11  3.100683598767E-11
AR GRAD 2024 06 24 01 28 30.000000 2   2.134879252547E-11  4.616195013046E-12
AR GRAD 2024 06 24 01 28 40.000000 2   2.130275990331E-11  2.485553646583E-12
AR GRAD 2024 06 24 01 28 50.000000 2   1.894631500299E-11  6.954912774165E-12
AR GRAD 2024 06 24 01 29  0.000000 2   2.209137386910E-11  1.140426988955E-11
AR GRAD 2024 06 24 01 29 10.000000 2   2.088242252729E-11  8.813621707460E-12
AR GRAD 2024 06 24 01 29 20.000000 2   2.439964896794E-11  1.444297199199E-11
AR GRAD 2024 06 24 01 29 30.000000 2   2.408681414046E-11  1.986232359141E-11
AR GRAD 2024 06 24 01 29 40.000000 2   2.501699715440E-11  5.541668252756E-12
AR GRAD 2024 06 24 01 29 50.000000 2   2.244449591460E-11  2.290101441815E-11
AR GRAD 2024 06 24 01 30  0.000000 2   2.173762558844E-11  1.603035239273E-11
AR GRAD 2024 06 24 01 30 10.000000 2   2.334040252738E-11  2.535969698125E-11
AR GRAD 2024 06 24 01 30 20.000000 2   2.406437549229E-11  5.459032097893E-12
AR GRAD 2024 06 24 01 30 30.000000 2   2.488270527123E-11  1.590836663790E-11
AR GRAD 2024 06 24 01 30 40.000000 2   2.599396219105E-11  1.393770081987E-11
AR GRAD 2024 06 24 01 30 50.000000 2   2.701788272275E-11  2.489703061770E-11
AR GRAD 2024 06 24 01 31  0.000000 2   2.165211586413E-11  1.241636047450E-11
AR GRAD 2024 06 24 01 31 10.000000 2   2.633742529623E-11 -2.824311964855E-12
AR GRAD 2024 06 24 01 31 20.000000 2   2.622944396402E-11  4.712501222581E-11
AR GRAD 2024 06 24 01 31 30.000000 2   2.554051414805E-11  1.353433511098E-11
AR GRAD 2024 06 24 01 31 40.000000 2   2.558000686270E-11  1.382365576175E-11
AR GRAD 2024 06 24 01 31 50.000000 2   2.331410065004E-11  3.126297484779E-11
AR GRAD 2024 06 24 01 32  0.000000 2   2.700970350156E-11  3.342228924175E-11
AR GRAD 2024 06 24 01 32 10.000000 2   2.769371537648E-11  1.285160346198E-11
AR GRAD 2024 06 24 01 32 20.000000 2   2.814406346863E-11  3.348091248689E-11
AR GRAD 2024 06 24 01 32 30.000000 2   2.839070645244E-11  1.585022217643E-11
AR GRAD 2024 06 24 01 32 40.000000 2   2.684139022158E-11  2.030953183407E-11
AR GRAD 2024 06 24 01 32 50.000000 2   2.728634679316E-11  2.489883473011E-11
AR GRAD 2024 06 24 01 33  0.000000 2   2.918824210107E-11  2.547813696130E-11
AR GRAD 2024 06 24 01 33 10.000000 2   2.877283133973E-11  2.308743821122E-11
AR GRAD 2024 06 24 01 33 20.000000 2   3.080959445900E-11  3.110673524320E-11
AR GRAD 2024 06 24 01 33 30.000000 2   3.052909314238E-11  1.633603322060E-11
AR GRAD 2024 06 24 01 33 40.000000 2   3.074799442837E-11  2.775532408072E-11
AR GRAD 2024 06 24 01 33 50.000000 2   2.851877414778E-11  3.313461657828E-11
AR GRAD 2024 06 24 01 34  0.000000 2   3.010822147154E-11  2.227390667742E-11
AR GRAD 2024 06 24 01 34 10.000000 2   3.141085308522E-11  1.429319163027E-11
AR GRAD 2024 06 24 01 34 20.000000 2   2.727747194786E-11  4.015247856426E-11
AR GRAD 2024 06 24 01 34 30.000000 2   3.247800292594E-11  4.591759698164E-12
AR GRAD 2024 06 24 01 34 40.000000 2   2.886742581087E-11  2.272104206169E-11
AR GRAD 2024 06 24 01 34 50.000000 2   2.745063377996E-11  3.286032210226E-11
AR GRAD 2024 06 24 01 35  0.000000 2   3.030240988688E-11  1.579959427178E-11
AR GRAD 2024 06 24 01 35 10.000000 2   3.171991141970E-11  2.789886897892E-11
AR GRAD 2024 06 24 01 35 20.000000 2   3.230453057834E-11  2.288814103524E-11
AR GRAD 2024 06 24 01 35 30.000000 2   3.186815047962E-11  3.755740857203E-11
AR GRAD 2024 06 24 01 35 40.000000 2   3.046508531557E-11  8.776675566868E-12
AR GRAD 2024 06 24 01 35 50.000000 2   3.612256674335E-11  3.826594249801E-11
AR GRAD 2024 06 24 01 36  0.000000 2   3.274414767107E-11  2.903520653075E-11
AR GRAD 2024 06 24 01 36 10.000000 2   3.279394811262E-11  4.061446665093E-11
AR GRAD 2024 06 24 01 36 20.000000 2   3.312906546316E-11  9.333723897942E-12
AR GRAD 2024 06 24 01 36 30.000000 2   3.379048083008E-11  2.509297804265E-11
AR GRAD 2024 06 24 01 36 40.000000 2   3.493468708760E-11  4.384223192822E-11
AR GRAD 2024 06 24 01 36 50.000000 2   3.294326617054E-11  1.974148448880E-11
AR GRAD 2024 06 24 01 37  0.000000 2   3.164231029973E-11  3.010073787446E-11
AR GRAD 2024 06 24 01 37 10.000000 2   3.823624750154E-11  1.681998117176E-11
AR GRAD 2024 06 24 01 37 20.000000 2   3.370946924375E-11  2.551922735627E-11
AR GRAD 2024 06 24 01 37 30.000000 2   3.378389235031E-11  2.785846900388E-11
AR GRAD 2024 06 24 01 37 40.000000 2   3.160911463129E-11  3.609770815594E-11
AR GRAD 2024 06 24 01 37 50.000000 2   3.441468637844E-11  2.458694706164E-11
AR GRAD 2024 06 24 01 38  0.000000 2   3.645250767903E-11  3.794618438913E-11
AR GRAD 2024 06 24 01 38 10.000000 2   3.554374156112E-11  1.526541913710E-11
AR GRAD 2024 06 24 01 38 20.000000 2   3.338370552219E-11  4.573465217650E-11
AR GRAD 2024 06 24 01 38 30.000000 2   3.671435030994E-11  1.753388059744E-11
AR GRAD 2024 06 24 01 38 40.000000 2   3.636560150233E-11  3.135310761015E-11
AR GRAD 2024 06 24 01 38 50.000000 2   3.845835802596E-11  4.844233347789E-11
AR GRAD 2024 06 24 01 39  0.000000 2   3.584598243234E-11  1.462155396759E-11
AR GRAD 2024 06 24 01 39 10.000000 2   3.759421593474E-11  3.033077955461E-11
AR GRAD 2024 06 24 01 39 20.000000 2   3.670051068605E-11  3.438999432448E-11
AR GRAD 2024 06 24 01 39 30.000000 2   3.529741776642E-11  2.292921234825E-11
AR GRAD 2024 06 24 01 39 40.000000 2   3.420937144671E-11  4.989842566916E-11
AR GRAD 2024 06 24 01 39 50.000000 2   3.416703031611E-11  2.923764008678E-11
AR GRAD 2024 06 24 01 40  0.000000 2   3.701682363411E-11  2.043684492470E-11
AR GRAD 2024 06 24 01 40 10.000000 2   3.806470763590E-11  3.274605586689E-11
AR GRAD 2024 06 24 01 40 20.000000 2   3.256728567380E-11  2.966526330139E-11
AR GRAD 2024 06 24 01 40 30.000000 2   4.001431477829E-11  3.575446536064E-11
AR GRAD 2024 06 24 01 40 40.000000 2   3.674780965635E-11  2.179366409560E-11
AR GRAD 2024 06 24 01 40 50.000000 2   4.010057216841E-11  2.680286201318E-11
AR GRAD 2024 06 24 01 41  0.000000 2   3.550401292407E-11  3.405205978302E-11
AR GRAD 2024 06 24 01 41 10.000000 2   3.683842814128E-11  3.839125545246E-11
AR GRAD 2024 06 24 01 41 20.000000 2   3.863279141036E-11  1.156044357464E-11
AR GRAD 2024 06 24 01 41 30.000000 2   3.794245473365E-11  2.842963711669E-11
AR GRAD 2024 06 24 01 41 40.000000 2   3.693886863054E-11  3.007882484751E-11
AR GRAD 2024 06 24 01 41 50.000000 2   3.611515600466E-11  4.050800667121E-11
AR GRAD 2024 06 24 01 42  0.000000 2   3.719514279910E-11  2.997719433795E-11
AR GRAD 2024 06 24 01 42 10.000000 2   3.775787321691E-11  5.346372216469E-12
AR GRAD 2024 06 24 01 42 20.000000 2   3.864623204786E-11  3.901555120644E-11
AR GRAD 2024 06 24 01 42 30.000000 2   3.966333164684E-11  5.261472854623E-11
AR GRAD 2024 06 24 01 42 40.000000 2   3.729633962779E-11  3.476390356139E-11
AR GRAD 2024 06 24 01 42 50.000000 2   3.978890827927E-11  4.451307725195E-11
AR GRAD 2024 06 24 01 43  0.000000 2   3.609405135885E-11  2.774224253099E-11
AR GRAD 2024 06 24 01 43 10.000000 2   4.028210404128E-11  3.502141285305E-11
AR GRAD 2024 06 24 01 43 20.000000 2   3.680274834883E-11  3.989057695275E-11
AR GRAD 2024 06 24 01 43 30.000000 2   3.983685603615E-11  2.698974203852E-11
AR GRAD 2024 06 24 01 43 40.000000 2   3.411727844682E-11  3.748890434196E-11
AR GRAD 2024 06 24 01 43 50.000000 2   3.910483742375E-11  4.207805978651E-11
AR GRAD 2024 06 24 01 44  0.000000 2   3.554287419938E-11  2.277721934674E-11
AR GRAD 2024 06 24 01 44 10.000000 2   3.735853640330E-11  3.311637422621E-11
AR GRAD 2024 06 24 01 44 20.000000 2   3.533546372170E-11  3.000552931121E-11
AR GRAD 2024 06 24 01 44 30.000000 2   3.744410337347E-11  4.306467682458E-11
AR GRAD 2024 06 24 01 44 40.000000 2   3.731891531911E-11  5.178382375681E-11
AR GRAD 2024 06 24 01 44 50.000000 2   3.648620988672E-11  2.331296787561E-11
AR GRAD 2024 06 24 01 45  0.000000 2   3.647687013553E-11  2.143211129402E-11
AR GRAD 2024 06 24 01 45 10.000000 2   3.469346684937E-11  3.693125319448E-11
AR GRAD 2024 06 24 01 45 20.000000 2   4.097843245288E-11  1.423039203835E-11
AR GRAD 2024 06 24 01 45 30.000000 2   3.794008857083E-11  5.025952917737E-11
AR GRAD 2024 06 24 01 45 40.000000 2   3.985133750772E-11  2.562866238676E-11
AR GRAD 2024 06 24 01 45 50.000000 2   3.535213441430E-11  5.180779416580E-11
AR GRAD 2024 06 24 01 46  0.000000 2   3.820702781931E-11  3.361692868520E-11
AR GRAD 2024 06 24 01 46 10.000000 2   3.657551345126E-11  4.321605573399E-11
AR GRAD 2024 06 24 01 46 20.000000 2   3.569682743843E-11  2.750518042494E-11
AR GRAD 2024 06 24 01 46 30.000000 2   4.285192339859E-11  2.118430431075E-11
AR GRAD 2024 06 24 01 46 40.000000 2   3.663905637219E-11  4.201342745924E-11
AR GRAD 2024 06 24 01 46 50.000000 2   4.106295165007E-11  4.246254389773E-11
AR GRAD 2024 06 24 01 47  0.000000 2   3.729522940477E-11  4.263166208940E-11
AR GRAD 2024 06 24 01 47 10.000000 2   3.694192521331E-11  2.948077892917E-11
AR GRAD 2024 06 24 01 47 20.000000 2   3.695533115633E-11  3.870988946053E-11
AR GRAD 2024 06 24 01 47 30.000000 2   3.967625533674E-11  2.633899869042E-11
AR GRAD 2024 06 24 01 47 40.000000 2   3.537778750506E-11  3.586810709555E-11
AR GRAD 2024 06 24 01 47 50.000000 2   3.768073700283E-11  2.807721416476E-11
AR GRAD 2024 06 24 01 48  0.000000 2   3.921581809285E-11  4.166631623059E-11
AR GRAD 2024 06 24 01 48 10.000000 2   3.980054480435E-11  3.661541903011E-11
AR GRAD 2024 06 24 01 48 20.000000 2   3.662833231166E-11  3.481451932297E-11
AR GRAD 2024 06 24 01 48 30.000000 2   3.884504870544E-11  2.923361552831E-11
AR GRAD 2024 06 24 01 48 40.000000 2   3.563039793764E-11  2.967271220400E-11
AR GRAD 2024 06 24 01 48 50.000000 2   4.058738761747E-11  4.363180303169E-11
AR GRAD 2024 06 24 01 49  0.000000 2   3.588145405797E-11  3.997089464969E-11
AR GRAD 2024 06 24 01 49 10.000000 2   3.603037659894E-11  3.648998117556E-11
AR GRAD 2024 06 24 01 49 20.000000 2   3.818543051204E-11  3.256906550009E-11
AR GRAD 2024 06 24 01 49 30.000000 2   3.892771174852E-11  3.457814937158E-11
AR GRAD 2024 06 24 01 49 40.000000 2   4.116228191631E-11  2.715723132485E-11
AR GRAD 2024 06 24 01 49 50.000000 2   3.758573660639E-11  4.304631304186E-11
AR GRAD 2024 06 24 01 50  0.000000 2   3.758738112425E-11  3.145539037575E-11
AR GRAD 2024 06 24 01 50 10.000000 2   3.749282481702E-11  4.118446556012E-11
AR GRAD 2024 06 24 01 50 20.000000 2   3.751041491307E-11  3.513353497020E-11
AR GRAD 2024 06 24 01 50 30.000000 2   3.777423165929E-11  1.712260541686E-11
AR GRAD 2024 06 24 01 50 40.000000 2   3.879864485246E-11  4.592167618389E-11
AR GRAD 2024 06 24 01 50 50.000000 2   4.011603896292E-11  3.351074279179E-11
AR GRAD 2024 06 24 01 51  0.000000 2   3.587397393034E-11  2.866980611249E-11
AR GRAD 2024 06 24 01 51 10.000000 2   4.192601821273E-11  3.534886619527E-11
AR GRAD 2024 06 24 01 51 20.000000 2   3.609728488341E-11  2.837792674459E-11
AR GRAD 2024 06 24 01 51 30.000000 2   3.392166408878E-11  2.552698503966E-11
AR GRAD 2024 06 24 01 51 40.000000 2   3.265560738486E-11  3.142604232398E-11
AR GRAD 2024 06 24 01 51 50.000000 2   4.115028803819E-11  3.156509428837E-11
AR GRAD 2024 06 24 01 52  0.000000 2   3.171484602715E-11  3.292414257894E-11
AR GRAD 2024 06 24 01 52 10.000000 2   3.412947008341E-11  3.625319142109E-11
AR GRAD 2024 06 24 01 52 20.000000 2   3.893434533109E-11  2.760223646869E-11
AR GRAD 2024 06 24 01 52 30.000000 2   3.764263553641E-11  2.697128284601E-11
AR GRAD 2024 06 24 01 52 40.000000 2   3.356299960178E-11  3.199032705403E-11
AR GRAD 2024 06 24 01 52 50.000000 2   3.608279994238E-11  3.108936719176E-11
AR GRAD 2024 06 24 01 53  0.000000 2   3.016996374949E-11  2.485840179534E-11
AR GRAD 2024 06 24 01 53 10.000000 2   3.819300778418E-11  2.579743536846E-11
AR GRAD 2024 06 24 01 53 20.000000 2   3.348685911897E-11  2.455646797017E-11
AR GRAD 2024 06 24 01 53 30.000000 2   3.070107362779E-11  2.939549992309E-11
AR GRAD 2024 06 24 01 53 40.000000 2   3.428852687892E-11  2.614453098460E-11
AR GRAD 2024 06 24 01 53 50.000000 2   3.291736327959E-11  3.451355867767E-11
AR GRAD 2024 06 24 01 54  0.000000 2   3.397660625071E-11  3.401257747671E-11
AR GRAD 2024 06 24 01 54 10.000000 2   3.435557394127E-11  3.011160071287E-11
AR GRAD 2024 06 24 01 54 20.000000 2   3.266831596904E-11  2.956062131187E-11
AR GRAD 2024 06 24 01 54 30.000000 2   3.585236968418E-11  2.941964380443E-11
AR GRAD 2024 06 24 01 54 40.000000 2   3.167026710327E-11  2.875865344476E-11
AR GRAD 2024 06 24 01 54 50.000000 2   3.511854348992E-11  3.926766550810E-11
AR GRAD 2024 06 24 01 55  0.000000 2   3.443333812525E-11  1.372667864791E-11
AR GRAD 2024 06 24 01 55 10.000000 2   3.069777071429E-11  3.206569038072E-11
AR GRAD 2024 06 24 01 55 20.000000 2   3.325366371154E-11  3.795469494250E-11
AR GRAD 2024 06 24 01 55 30.000000 2   3.189106617674E-11  2.372369835302E-11
AR GRAD 2024 06 24 01 55 40.000000 2   3.432711753737E-11  3.700270298501E-11
AR GRAD 2024 06 24 01 55 50.000000 2   3.498231218590E-11  3.246170346416E-11
AR GRAD 2024 06 24 01 56  0.000000 2   3.138724002927E-11  2.463070025716E-11
AR GRAD 2024 06 24 01 56 10.000000 2   3.162491449271E-11  3.142969565162E-11
AR GRAD 2024 06 24 01 56 20.000000 2   3.524967123747E-11  2.289868815397E-11
AR GRAD 2024 06 24 01 56 30.000000 2   2.892226735884E-11  3.498767595089E-11
AR GRAD 2024 06 24 01 56 40.000000 2   3.236692858177E-11  2.789666588010E-11
AR GRAD 2024 06 24 01 56 50.000000 2   3.079772895043E-11  3.433565584632E-11
AR GRAD 2024 06 24 01 57  0.000000 2   3.571466733465E-11  3.850463697885E-11
AR GRAD 2024 06 24 01 57 10.000000 2   3.301840398318E-11  1.989362147237E-11
AR GRAD 2024 06 24 01 57 20.000000 2   2.692970846319E-11  4.093260105864E-11
AR GRAD 2024 06 24 01 57 30.000000 2   3.294216288641E-11  1.432158037995E-11
AR GRAD 2024 06 24 01 57 40.000000 2   3.405644863341E-11  3.301055262472E-11
AR GRAD 2024 06 24 01 57 50.000000 2   3.032795889424E-11  2.383952583951E-11
AR GRAD 2024 06 24 01 58  0.000000 2   3.088243896721E-11  3.437850004673E-11
AR GRAD 2024 06 24 01 58 10.000000 2   2.697718611000E-11  3.204746884533E-11
AR GRAD 2024 06 24 01 58 20.000000 2   3.260791289761E-11  1.951643360809E-11
AR GRAD 2024 06 24 01 58 30.000000 2   2.928311412798E-11  3.918539798198E-11
AR GRAD 2024 06 24 01 58 40.000000 2   2.908685271807E-11  2.140436092257E-11
AR GRAD 2024 06 24 01 58 50.000000 2   3.025315067906E-11  2.950332339546E-11
AR GRAD 2024 06 24 01 59  0.000000 2   3.006042290088E-11  1.735228107036E-11
AR GRAD 2024 06 24 01 59 10.000000 2   2.856508432569E-11  2.005123671267E-11
AR GRAD 2024 06 24 01 59 20.000000 2   2.694473637266E-11  2.615018618313E-11
AR GRAD 2024 06 24 01 59 30.000000 2   2.704065790726E-11  3.166914300246E-11
AR GRAD 2024 06 24 01 59 40.000000 2   2.949725533274E-11  2.735808975196E-11
AR GRAD 2024 06 24 01 59 50.000000 2   2.967110931951E-11  2.542703547714E-11
AR GRAD 2024 06 24 02 00  0.000000 2   2.639492444056E-11  2.542598076527E-11
AR GRAD 2024 06 24 02 00 10.000000 2   2.610925017854E-11  2.525492488747E-11
AR GRAD 2024 06 24 02 00 20.000000 2   2.410343452608E-11  3.158386399638E-11
AR GRAD 2024 06 24 02 00 30.000000 2   2.315813513176E-11  2.417280264844E-11
AR GRAD 2024 06 24 02 00 40.000000 2   2.363297404995E-11  2.338173751837E-11
AR GRAD 2024 06 24 02 00 50.000000 2   2.537745187603E-11  3.064067402581E-11
AR GRAD 2024 06 24 02 01  0.000000 2   2.774824293950E-11  3.695960204553E-11
AR GRAD 2024 06 24 02 01 10.000000 2   2.361322422317E-11  2.258853000481E-11
AR GRAD 2024 06 24 02 01 20.000000 2   2.165544653321E-11  3.017746122436E-11
AR GRAD 2024 06 24 02 01 30.000000 2   2.393419143432E-11  1.873638570682E-11
AR GRAD 2024 06 24 02 01 40.000000 2   2.661957806960E-11  3.779530508008E-11
AR GRAD 2024 06 24 02 01 50.000000 2   1.769918760164E-11  1.830422619031E-11
AR GRAD 2024 06 24 02 02  0.000000 2   1.980566752269E-11  3.386314492704E-11
AR GRAD 2024 06 24 02 02 10.000000 2   2.310653578197E-11  2.556206114834E-11
AR GRAD 2024 06 24 02 02 20.000000 2   2.483799797781E-11  2.720097584674E-11
AR GRAD 2024 06 24 02 02 30.000000 2   2.125470459358E-11  3.877988555279E-11
AR GRAD 2024 06 24 02 02 40.000000 2   2.380911787170E-11  1.529879521678E-11
AR GRAD 2024 06 24 02 02 50.000000 2   2.436126994576E-11  3.530770467663E-11
AR GRAD 2024 06 24 02 03  0.000000 2   2.049246362879E-11  3.090661060412E-11
AR GRAD 2024 06 24 02 03 10.000000 2   2.181765879072E-11  2.011551168690E-11
AR GRAD 2024 06 24 02 03 20.000000 2   2.373380485199E-11  3.269440967957E-11
AR GRAD 2024 06 24 02 03 30.000000 2   2.016529825066E-11  2.042330887742E-11
AR GRAD 2024 06 24 02 03 40.000000 2   2.057918419007E-11  2.426220509222E-11
AR GRAD 2024 06 24 02 03 50.000000 2   2.335396979969E-11  3.585109986659E-11
AR GRAD 2024 06 24 02 04  0.000000 2   2.088191251859E-11  1.925999290608E-11
AR GRAD 2024 06 24 02 04 10.000000 2   1.780318947819E-11  3.055888181391E-11
AR GRAD 2024 06 24 02 04 20.000000 2   2.330755900781E-11  3.477776747141E-11
AR GRAD 2024 06 24 02 04 30.000000 2   1.994745688072E-11  1.805665165999E-11
AR GRAD 2024 06 24 02 04 40.000000 2   2.090786745124E-11  2.540553531438E-11
AR GRAD 2024 06 24 02 04 50.000000 2   2.203348094254E-11  1.674441835187E-11
AR GRAD 2024 06 24 02 05  0.000000 2   2.002697313541E-11  2.598329537640E-11
AR GRAD 2024 06 24 02 05 10.000000 2   1.898173111747E-11  1.683217107362E-11
AR GRAD 2024 06 24 02 05 20.000000 2   1.855394483885E-11  2.644104553362E-11
AR GRAD 2024 06 24 02 05 30.000000 2   1.622243138433E-11  4.011991780462E-11
AR GRAD 2024 06 24 02 05 40.000000 2   1.833750512548E-11  4.778788042364E-12
AR GRAD 2024 06 24 02 05 50.000000 2   1.810933694668E-11  3.048765753744E-11
AR GRAD 2024 06 24 02 06  0.000000 2   2.052108656614E-11  2.167652168872E-11
AR GRAD 2024 06 24 02 06 10.000000 2   2.167117874041E-11  3.039538759575E-11
AR GRAD 2024 06 24 02 06 20.000000 2   1.835188945254E-11  3.159424458166E-11
AR GRAD 2024 06 24 02 06 30.000000 2   1.732716574387E-11  1.834310307813E-11
AR GRAD 2024 06 24 02 06 40.000000 2   1.906967812826E-11  1.476195554684E-11
AR GRAD 2024 06 24 02 06 50.000000 2   1.713918069968E-11  2.280081332073E-11
AR GRAD 2024 06 24 02 07  0.000000 2   1.818038948553E-11  2.537966538319E-11
AR GRAD 2024 06 24 02 07 10.000000 2   1.661074403025E-11  1.126851389976E-11
AR GRAD 2024 06 24 02 07 20.000000 2   1.973187585547E-11  3.777736456989E-11
AR GRAD 2024 06 24 02 07 30.000000 2   1.640834863814E-11  2.274620769516E-11
AR GRAD 2024 06 24 02 07 40.000000 2   1.396570272622E-11  4.975050319628E-12
AR GRAD 2024 06 24 02 07 50.000000 2   1.749565249620E-11  7.593890793967E-12
AR GRAD 2024 06 24 02 08  0.000000 2   1.611960911974E-11  2.057272928402E-11
AR GRAD 2024 06 24 02 08 10.000000 2   1.393555323220E-11  1.878156831447E-11
AR GRAD 2024 06 24 02 08 20.000000 2   1.563229927448E-11  1.853040117183E-11
AR GRAD 2024 06 24 02 08 30.000000 2   1.478002269184E-11  2.511923481718E-11
AR GRAD 2024 06 24 02 08 40.000000 2   1.459902684853E-11  1.438806365717E-11
AR GRAD 2024 06 24 02 08 50.000000 2   1.176909264489E-11  1.480689182376E-11
AR GRAD 2024 06 24 02 09  0.000000 2   1.367654860890E-11  1.932571637442E-11
AR GRAD 2024 06 24 02 09 10.000000 2   1.245861226684E-11  1.780453909306E-11
AR GRAD 2024 06 24 02 09 20.000000 2   1.215533576571E-11  2.109336143252E-11
AR GRAD 2024 06 24 02 09 30.000000 2   1.038469137071E-11  1.845217902086E-11
AR GRAD 2024 06 24 02 09 40.000000 2   1.091389045110E-11  2.374099875024E-11
AR GRAD 2024 06 24 02 09 50.000000 2   8.831049606861E-12  1.944980981827E-11
AR GRAD 2024 06 24 02 10  0.000000 2   8.103903832712E-12  5.668621388261E-12
AR GRAD 2024 06 24 02 10 10.000000 2   1.238203810316E-11  2.490743201966E-11
AR GRAD 2024 06 24 02 10 20.000000 2   8.811326668301E-12  1.786624147238E-11
AR GRAD 2024 06 24 02 10 30.000000 2   6.714812299941E-12  4.035046168721E-12
AR GRAD 2024 06 24 02 10 40.000000 2   7.098449866100E-12  8.543847920817E-12
AR GRAD 2024 06 24 02 10 50.000000 2   8.103907302159E-12  2.136265123132E-11
AR GRAD 2024 06 24 02 11  0.000000 2   9.095083193522E-12  1.903145002702E-11
AR GRAD 2024 06 24 02 11 10.000000 2   6.496029842512E-12  2.556024489286E-11
AR GRAD 2024 06 24 02 11 20.000000 2   9.154011750001E-12  6.509039834901E-12
AR GRAD 2024 06 24 02 11 30.000000 2   8.384790257943E-12  1.588783098139E-11
AR GRAD 2024 06 24 02 11 40.000000 2   5.573452289964E-12  2.524662250092E-11
AR GRAD 2024 06 24 02 11 50.000000 2   7.120136945316E-12  4.545411790013E-12
AR GRAD 2024 06 24 02 12  0.000000 2   5.002818471989E-12  2.405419613494E-11
AR GRAD 2024 06 24 02 12 10.000000 2   5.295404306022E-12  6.662979196159E-12
AR GRAD 2024 06 24 02 12 20.000000 2   5.839160318460E-12  1.577176236833E-11
AR GRAD 2024 06 24 02 12 30.000000 2   4.352503600591E-12  7.210540324543E-12
AR GRAD 2024 06 24 02 12 40.000000 2   6.065305376002E-12  1.718931941230E-11
AR GRAD 2024 06 24 02 12 50.000000 2   5.145587515104E-12  1.411809124469E-11
AR GRAD 2024 06 24 02 13  0.000000 2   4.870309884553E-12  1.234686571733E-11
AR GRAD 2024 06 24 02 13 10.000000 2   5.428428973692E-12  4.225634165494E-12
AR GRAD 2024 06 24 02 13 20.000000 2   6.170217982382E-12  2.460440531871E-11
AR GRAD 2024 06 24 02 13 30.000000 2   5.457416202975E-12  1.611316809147E-11
AR GRAD 2024 06 24 02 13 40.000000 2   5.133103143928E-12  2.567193159442E-11
AR GRAD 2024 06 24 02 13 50.000000 2   3.313069436850E-12  2.606939729193E-13
AR GRAD 2024 06 24 02 14  0.000000 2   8.457464763245E-12  1.224945405526E-11
AR GRAD 2024 06 24 02 14 10.000000 2   5.554448394285E-12  1.513820839516E-11
AR GRAD 2024 06 24 02 14 20.000000 2   3.688980978328E-12  1.216696621925E-11
AR GRAD 2024 06 24 02 14 30.000000 2   4.944865697465E-12  8.325718586777E-12
AR GRAD 2024 06 24 02 14 40.000000 2   2.282023094796E-12  3.024466961599E-12
AR GRAD 2024 06 24 02 14 50.000000 2   7.723026211603E-12  2.726321599034E-11
AR GRAD 2024 06 24 02 15  0.000000 2   1.443172187657E-12  1.421962048977E-12
AR GRAD 2024 06 24 02 15 10.000000 2   5.972217078515E-12  2.338070535790E-11
AR GRAD 2024 06 24 02 15 20.000000 2   4.407951000734E-12 -1.020552891327E-12
AR GRAD 2024 06 24 02 15 30.000000 2   6.877395246178E-13 -6.531813284694E-12
AR GRAD 2024 06 24 02 15 40.000000 2   5.522677801184E-12  1.927692554193E-11
AR GRAD 2024 06 24 02 15 50.000000 2   3.939818089826E-12  4.355659929955E-12
AR GRAD 2024 06 24 02 16  0.000000 2   3.788046265552E-12 -2.205608959360E-12
AR GRAD 2024 06 24 02 16 10.000000 2   3.194651574528E-12  2.239312381358E-11
AR GRAD 2024 06 24 02 16 20.000000 2   4.053616383531E-12  2.171849505794E-12
AR GRAD 2024 06 24 02 16 30.000000 2   1.464746293006E-12  2.150575724447E-12
AR GRAD 2024 06 24 02 16 40.000000 2   1.832366940471E-12  1.988930201091E-11
AR GRAD 2024 06 24 02 16 50.000000 2   2.630800091663E-12  1.388022075749E-12
AR GRAD 2024 06 24 02 17  0.000000 2   3.682827480478E-12  1.056741499861E-12
AR GRAD 2024 06 24 02 17 10.000000 2   1.495066332020E-12  7.615459478305E-12
AR GRAD 2024 06 24 02 17 20.000000 2   5.045476189625E-12 -1.048582574936E-11
AR GRAD 2024 06 24 02 17 30.000000 2   4.413262019286E-13  2.628288559015E-11
AR GRAD 2024 06 24 02 17 40.000000 2   2.442882484840E-12  2.571596364673E-12
AR GRAD 2024 06 24 02 17 50.000000 2  -4.235295518159E-14  2.040305641451E-12
AR GRAD 2024 06 24 02 18  0.000000 2   2.842993310388E-13  5.969012176893E-12
AR GRAD 2024 06 24 02 18 10.000000 2   2.035146140153E-12  7.257716563153E-12
AR GRAD 2024 06 24 02 18 20.000000 2   5.584904825932E-13  3.876417849907E-12
AR GRAD 2024 06 24 02 18 30.000000 2   1.998883263771E-12  1.135116306505E-12
AR GRAD 2024 06 24 02 18 40.000000 2   1.449700277358E-12 -5.716184036525E-12
AR GRAD 2024 06 24 02 18 50.000000 2   1.882679125445E-12  1.409251101231E-11
AR GRAD 2024 06 24 02 19  0.000000 2   2.298672320197E-12  7.121203366572E-12
AR GRAD 2024 06 24 02 19 10.000000 2  -1.014475030131E-13  5.998935614752E-13
AR GRAD 2024 06 24 02 19 20.000000 2  -4.984310490383E-13 -5.314177375058E-13
AR GRAD 2024 06 24 02 19 30.000000 2  -2.341392054198E-12  1.202726980509E-11
AR GRAD 2024 06 24 02 19 40.000000 2  -3.020366942663E-12  6.915952619618E-12
AR GRAD 2024 06 24 02 19 50.000000 2   1.300429273814E-12 -2.075365053422E-12
AR GRAD 2024 06 24 02 20  0.000000 2  -2.829254192038E-12  8.873314409630E-12
AR GRAD 2024 06 24 02 20 10.000000 2  -1.728622128251E-12 -4.080081812772E-13
AR GRAD 2024 06 24 02 20 20.000000 2  -2.374299975377E-12 -1.479332498514E-12
AR GRAD 2024 06 24 02 20 30.000000 2  -1.662327176952E-12  8.993397931749E-13
AR GRAD 2024 06 24 02 20 40.000000 2  -2.679632123831E-12  7.408012571430E-12
AR GRAD 2024 06 24 02 20 50.000000 2  -4.134269749462E-12  8.396679185285E-12
AR GRAD 2024 06 24 02 21  0.000000 2  -1.575735852563E-12  3.985345473773E-12
AR GRAD 2024 06 24 02 21 10.000000 2  -2.080509159050E-12 -1.050598844032E-11
AR GRAD 2024 06 24 02 21 20.000000 2  -1.417097884350E-12  1.826726297354E-13
AR GRAD 2024 06 24 02 21 30.000000 2  -8.893588448154E-14 -8.866834404295E-14
AR GRAD 2024 06 24 02 21 40.000000 2  -6.742910266602E-13  1.138999051326E-11
AR GRAD 2024 06 24 02 21 50.000000 2  -9.915783472092E-13 -1.801354529950E-12
AR GRAD 2024 06 24 02 22  0.000000 2  -1.440330493763E-12  1.667298569173E-12
AR GRAD 2024 06 24 02 22 10.000000 2  -1.685820536987E-12  1.675949635148E-12
AR GRAD 2024 06 24 02 22 20.000000 2  -9.748016196326E-13  8.474598627017E-12
AR GRAD 2024 06 24 02 22 30.000000 2  -4.965370020531E-13 -2.656755457991E-12
AR GRAD 2024 06 24 02 22 40.000000 2  -1.734859543349E-12  1.427188922598E-11
AR GRAD 2024 06 24 02 22 50.000000 2  -2.515427970085E-12 -1.538946747814E-11
AR GRAD 2024 06 24 02 23  0.000000 2  -1.881500814524E-12  4.229171266662E-12
AR GRAD 2024 06 24 02 23 10.000000 2  -2.795007714856E-12 -1.092190899353E-12
AR GRAD 2024 06 24 02 23 20.000000 2   1.349475110650E-12 -3.543556073571E-12
AR GRAD 2024 06 24 02 23 30.000000 2  -3.639572584285E-12 -1.229492115756E-11
AR GRAD 2024 06 24 02 23 40.000000 2  -1.071591274916E-12  1.357370899707E-11
AR GRAD 2024 06 24 02 23 50.000000 2  -3.256390599879E-12 -1.145766207605E-11
AR GRAD 2024 06 24 02 24  0.000000 2  -5.302499975560E-13 -3.439034864175E-12
AR GRAD 2024 06 24 02 24 10.000000 2   3.556205622948E-13  2.249589837328E-12
AR GRAD 2024 06 24 02 24 20.000000 2  -6.140712396040E-13 -1.251178761291E-11
AR GRAD 2024 06 24 02 24 30.000000 2  -5.973158599681E-12 -1.121316754726E-11
AR GRAD 2024 06 24 02 24 40.000000 2  -4.625992297558E-12  3.454501767107E-13
AR GRAD 2024 06 24 02 24 50.000000 2  -5.996847116108E-12 -2.120593457777E-11
AR GRAD 2024 06 24 02 25  0.000000 2  -4.360332895529E-13  6.472679597164E-12
AR GRAD 2024 06 24 02 25 10.000000 2  -5.285724982707E-12 -9.028709203884E-12
AR GRAD 2024 06 24 02 25 20.000000 2  -1.600480924006E-12 -4.190101824536E-12
AR GRAD 2024 06 24 02 25 30.000000 2  -4.238816762869E-12 -1.857149503626E-11
AR GRAD 2024 06 24 02 25 40.000000 2  -2.861904723622E-12 -1.266288896656E-11
AR GRAD 2024 06 24 02 25 50.000000 2  -2.452567012326E-12 -3.394287021591E-12
AR GRAD 2024 06 24 02 26  0.000000 2  -6.515278767882E-13 -5.155687075181E-12
AR GRAD 2024 06 24 02 26 10.000000 2  -4.095136556248E-12 -1.377089523143E-12
AR GRAD 2024 06 24 02 26 20.000000 2  -2.933676088515E-12 -2.571849330724E-11
AR GRAD 2024 06 24 02 26 30.000000 2  -3.360449288628E-12  5.690100734340E-12
AR GRAD 2024 06 24 02 26 40.000000 2  -3.891314787757E-12 -1.258130839094E-11
AR GRAD 2024 06 24 02 26 50.000000 2  -5.625202560700E-12 -5.222718958697E-12
AR GRAD 2024 06 24 02 27  0.000000 2  -3.626051715833E-12 -1.671413181470E-11
AR GRAD 2024 06 24 02 27 10.000000 2  -5.496155613960E-12 -1.251554762605E-11
AR GRAD 2024 06 24 02 27 20.000000 2  -3.186657318230E-12 -1.213696330937E-11
AR GRAD 2024 06 24 02 27 30.000000 2  -3.658496249004E-12 -7.968383765322E-12
AR GRAD 2024 06 24 02 27 40.000000 2  -4.124069575423E-12 -1.822980655319E-11
AR GRAD 2024 06 24 02 27 50.000000 2  -5.526482049767E-12  3.968769323598E-12
AR GRAD 2024 06 24 02 28  0.000000 2  -2.350923058655E-12 -2.480265645644E-11
AR GRAD 2024 06 24 02 28 10.000000 2  -4.248047226485E-12 -1.009408528985E-11
AR GRAD 2024 06 24 02 28 20.000000 2  -7.508906148777E-13 -1.940551538904E-11
AR GRAD 2024 06 24 02 28 30.000000 2  -7.293758479132E-12 -1.837694926787E-11
AR GRAD 2024 06 24 02 28 40.000000 2  -3.356555918627E-12 -1.467838350866E-11
AR GRAD 2024 06 24 02 28 50.000000 2  -2.867557970590E-12 -2.522982170405E-11
AR GRAD 2024 06 24 02 29  0.000000 2  -4.623186816016E-12 -8.361258733991E-12
AR GRAD 2024 06 24 02 29 10.000000 2  -5.069368102378E-12 -7.952701865099E-12
AR GRAD 2024 06 24 02 29 20.000000 2   1.191828103222E-12 -7.514145555776E-12
AR GRAD 2024 06 24 02 29 30.000000 2  -3.494423283720E-12 -3.461559164308E-11
AR GRAD 2024 06 24 02 29 40.000000 2  -3.358043010326E-12 -2.004704041658E-11
AR GRAD 2024 06 24 02 29 50.000000 2  -3.977502788938E-12 -9.578491645679E-12
AR GRAD 2024 06 24 02 30  0.000000 2  -5.823255939952E-12 -1.970994548128E-11
AR GRAD 2024 06 24 02 30 10.000000 2  -2.767405011747E-12 -2.092139829435E-11
AR GRAD 2024 06 24 02 30 20.000000 2  -4.405443024269E-12 -2.001285769049E-11
AR GRAD 2024 06 24 02 30 30.000000 2  -5.911510430473E-12 -4.057431474136E-11
AR GRAD 2024 06 24 02 30 40.000000 2  -2.762483167565E-12 -9.955776654469E-12
AR GRAD 2024 06 24 02 30 50.000000 2  -2.058164402796E-12 -2.914724017700E-11
AR GRAD 2024 06 24 02 31  0.000000 2  -3.282779647076E-12 -2.413870839324E-11
AR GRAD 2024 06 24 02 31 10.000000 2  -3.713789692439E-12 -1.750175091658E-12
AR GRAD 2024 06 24 02 31 20.000000 2  -2.840437737447E-12 -3.229164505236E-11
AR GRAD 2024 06 24 02 31 30.000000 2  -4.531772093003E-12 -2.076311692023E-11
AR GRAD 2024 06 24 02 31 40.000000 2  -3.198487048134E-12 -3.113459143278E-11
AR GRAD 2024 06 24 02 31 50.000000 2  -5.919754703793E-12  1.139302140043E-13
AR GRAD 2024 06 24 02 32  0.000000 2  -1.064129321227E-13 -2.980754879034E-11
AR GRAD 2024 06 24 02 32 10.000000 2  -5.200169288233E-12 -1.560903142850E-11
AR GRAD 2024 06 24 02 32 20.000000 2  -4.276639372497E-12 -1.917051586919E-11
AR GRAD 2024 06 24 02 32 30.000000 2  -2.238555044456E-12 -2.221200133545E-11
AR GRAD 2024 06 24 02 32 40.000000 2  -3.453905564332E-12 -1.104348817255E-11
AR GRAD 2024 06 24 02 32 50.000000 2  -1.947775491243E-12 -2.041497873528E-11
AR GRAD 2024 06 24 02 33  0.000000 2  -9.810988826908E-13 -5.836472364434E-12
AR GRAD 2024 06 24 02 33 10.000000 2  -2.867264260221E-13 -3.023796490975E-11
AR GRAD 2024 06 24 02 33 20.000000 2  -1.074991116089E-12 -1.317946186213E-11
AR GRAD 2024 06 24 02 33 30.000000 2  -3.364047538798E-12 -2.900096135461E-11
AR GRAD 2024 06 24 02 33 40.000000 2  -1.074975611998E-12 -2.425246288518E-11
AR GRAD 2024 06 24 02 33 50.000000 2  -2.444285876133E-12 -2.908396613821E-11
AR GRAD 2024 06 24 02 34  0.000000 2  -3.466865683421E-12 -2.712547374217E-11
AR GRAD 2024 06 24 02 34 10.000000 2  -2.707264967761E-12 -2.397698185830E-11
AR GRAD 2024 06 24 02 34 20.000000 2   5.107726849980E-13 -2.297849063804E-11
AR GRAD 2024 06 24 02 34 30.000000 2  -2.922543283768E-12 -3.227000264228E-11
AR GRAD 2024 06 24 02 34 40.000000 2  -1.949267787113E-12 -2.263151818727E-11
AR GRAD 2024 06 24 02 34 50.000000 2  -2.168777310518E-12 -1.978303458550E-11
AR GRAD 2024 06 24 02 35  0.000000 2  -1.091650099309E-12 -2.279455443843E-11
AR GRAD 2024 06 24 02 35 10.000000 2  -2.680204365738E-12 -1.436607516975E-11
AR GRAD 2024 06 24 02 35 20.000000 2  -1.905332228797E-12 -2.028759972517E-11
AR GRAD 2024 06 24 02 35 30.000000 2  -2.883042979698E-12 -1.897912556281E-11
AR GRAD 2024 06 24 02 35 40.000000 2  -1.306260872039E-12 -3.177064861193E-11
AR GRAD 2024 06 24 02 35 50.000000 2  -1.583907918018E-12 -2.075218122344E-11
AR GRAD 2024 06 24 02 36  0.000000 2  -9.818196738476E-14 -2.640371601914E-11
AR GRAD 2024 06 24 02 36 10.000000 2  -1.323342910947E-12 -2.878524849037E-11
AR GRAD 2024 06 24 02 36 20.000000 2  -3.327788131863E-12 -3.795678354956E-11
AR GRAD 2024 06 24 02 36 30.000000 2  -7.265376993602E-13 -2.510832340652E-11
AR GRAD 2024 06 24 02 36 40.000000 2  -2.429708777923E-12 -2.937986659513E-11
AR GRAD 2024 06 24 02 36 50.000000 2  -2.465892941228E-12 -1.893140852416E-11
AR GRAD 2024 06 24 02 37  0.000000 2   9.073824591005E-13 -3.875295570555E-11
AR GRAD 2024 06 24 02 37 10.000000 2  -4.978420562081E-14 -3.866450215551E-11
AR GRAD 2024 06 24 02 37 20.000000 2   1.111693528032E-12 -2.527605381941E-11
AR GRAD 2024 06 24 02 37 30.000000 2  -1.728962296683E-13 -4.412760434835E-11
AR GRAD 2024 06 24 02 37 40.000000 2  -8.871758579512E-13 -1.741915812981E-11
AR GRAD 2024 06 24 02 37 50.000000 2   5.985809721151E-13 -2.770071498570E-11
AR GRAD 2024 06 24 02 38  0.000000 2  -1.736575835388E-12 -3.216226937552E-11
AR GRAD 2024 06 24 02 38 10.000000 2  -2.599665491557E-12 -3.800383271968E-11
AR GRAD 2024 06 24 02 38 20.000000 2  -1.422231473217E-12 -4.018539667694E-11
AR GRAD 2024 06 24 02 38 30.000000 2   1.473550014647E-12 -1.787696379818E-11
AR GRAD 2024 06 24 02 38 40.000000 2  -1.806708103437E-12 -2.845853240563E-11
AR GRAD 2024 06 24 02 38 50.000000 2  -1.954291112619E-12 -3.133009823797E-11
AR GRAD 2024 06 24 02 39  0.000000 2  -2.361101223390E-13 -2.456167214060E-11
AR GRAD 2024 06 24 02 39 10.000000 2  -7.946667954749E-13 -1.878324926152E-11
AR GRAD 2024 06 24 02 39 20.000000 2  -1.046029379109E-13 -2.644482376135E-11
AR GRAD 2024 06 24 02 39 30.000000 2   1.738411172826E-12 -2.593640406612E-11
AR GRAD 2024 06 24 02 39 40.000000 2  -1.288696905265E-12 -3.544798135580E-11
AR GRAD 2024 06 24 02 39 50.000000 2  -7.744477260006E-13 -2.513956751105E-11
AR GRAD 2024 06 24 02 40  0.000000 2   2.681470497035E-12 -3.907115256330E-11
AR GRAD 2024 06 24 02 40 10.000000 2   2.638956761447E-12 -3.625274039298E-11
AR GRAD 2024 06 24 02 40 20.000000 2   1.737679986881E-12 -4.160432762190E-11
AR GRAD 2024 06 24 02 40 30.000000 2   2.445811782270E-12 -2.538592079604E-11
AR GRAD 2024 06 24 02 40 40.000000 2   2.976601387247E-12 -2.611751613590E-11
AR GRAD 2024 06 24 02 40 50.000000 2   6.004211450944E-12 -3.793911018679E-11
AR GRAD 2024 06 24 02 41  0.000000 2   1.961921293828E-12 -2.306071132663E-11
AR GRAD 2024 06 24 02 41 10.000000 2   1.142910744344E-12 -4.169230932716E-11
AR GRAD 2024 06 24 02 41 20.000000 2   3.542550584476E-12 -3.640391113557E-11
AR GRAD 2024 06 24 02 41 30.000000 2   4.490627487919E-12 -2.878551910723E-11
AR GRAD 2024 06 24 02 41 40.000000 2   1.344187998756E-12 -2.519712563598E-11
AR GRAD 2024 06 24 02 41 50.000000 2   2.135449586257E-12 -3.086873465175E-11
AR GRAD 2024 06 24 02 42  0.000000 2   4.988654454807E-12 -2.306034876942E-11
AR GRAD 2024 06 24 02 42 10.000000 2   2.032361475293E-12 -1.580196216933E-11
AR GRAD 2024 06 24 02 42 20.000000 2   6.141939821319E-12 -2.734357879008E-11
AR GRAD 2024 06 24 02 42 30.000000 2   2.626257718241E-12 -3.293519623693E-11
AR GRAD 2024 06 24 02 42 40.000000 2   3.645334468311E-12 -3.191681294257E-11
AR GRAD 2024 06 24 02 42 50.000000 2   3.323272863495E-12 -2.162844209286E-11
AR GRAD 2024 06 24 02 43  0.000000 2   1.499034945653E-12 -2.801006475373E-11
AR GRAD 2024 06 24 02 43 10.000000 2   3.984708830257E-12 -2.683168964790E-11
AR GRAD 2024 06 24 02 43 20.000000 2   1.371086946235E-12 -3.110331783795E-11
AR GRAD 2024 06 24 02 43 30.000000 2   5.597354177378E-12 -3.999495179485E-11
AR GRAD 2024 06 24 02 43 40.000000 2   5.797225980514E-12 -2.840658437642E-11
AR GRAD 2024 06 24 02 43 50.000000 2   2.461127438999E-12 -2.407822205508E-11
AR GRAD 2024 06 24 02 44  0.000000 2   1.086442351014E-12 -2.614986178984E-11
AR GRAD 2024 06 24 02 44 10.000000 2   6.086212263334E-12 -4.013149881854E-11
AR GRAD 2024 06 24 02 44 20.000000 2   2.995224727964E-12 -2.287314608551E-11
AR GRAD 2024 06 24 02 44 30.000000 2   2.639761239459E-12 -2.322479014660E-11
AR GRAD 2024 06 24 02 44 40.000000 2   5.273386761984E-12 -2.111643672420E-11
AR GRAD 2024 06 24 02 44 50.000000 2   4.648880239100E-12 -2.242808543051E-11
AR GRAD 2024 06 24 02 45  0.000000 2   5.462487667057E-12 -2.743973798180E-11
AR GRAD 2024 06 24 02 45 10.000000 2   1.820816501047E-12 -2.405139108708E-11
AR GRAD 2024 06 24 02 45 20.000000 2   7.802913697119E-12 -2.357304802747E-11
AR GRAD 2024 06 24 02 45 30.000000 2   3.902204948059E-12 -2.465470536062E-11
AR GRAD 2024 06 24 02 45 40.000000 2   4.709721761892E-12 -2.008636659778E-11
AR GRAD 2024 06 24 02 45 50.000000 2   6.162703593965E-12 -2.337802694485E-11
AR GRAD 2024 06 24 02 46  0.000000 2   8.043126061008E-12 -3.476969406835E-11
AR GRAD 2024 06 24 02 46 10.000000 2   3.924634055241E-12 -2.730135909013E-11
AR GRAD 2024 06 24 02 46 20.000000 2   7.702827091449E-12 -2.226302996122E-11
AR GRAD 2024 06 24 02 46 30.000000 2   4.620942951200E-12 -2.298470094808E-11
AR GRAD 2024 06 24 02 46 40.000000 2   9.071263705474E-12 -3.061637054991E-11
AR GRAD 2024 06 24 02 46 50.000000 2   8.255721627159E-12 -1.649805118908E-11
AR GRAD 2024 06 24 02 47  0.000000 2   8.336283052746E-12 -3.219972552482E-11
AR GRAD 2024 06 24 02 47 10.000000 2   7.381316911859E-12 -3.402140721920E-11
AR GRAD 2024 06 24 02 47 20.000000 2   6.093950431080E-12 -2.799308874979E-11
AR GRAD 2024 06 24 02 47 30.000000 2   8.486252499329E-12 -1.493477563841E-11
AR GRAD 2024 06 24 02 47 40.000000 2   5.916499061509E-12 -2.731646159271E-11
AR GRAD 2024 06 24 02 47 50.000000 2   8.297589178252E-12 -1.942815353040E-11
AR GRAD 2024 06 24 02 48  0.000000 2   7.257600336680E-12 -2.074984281619E-11
AR GRAD 2024 06 24 02 48 10.000000 2   6.413270088601E-12 -1.681153653788E-11
AR GRAD 2024 06 24 02 48 20.000000 2   8.226975524439E-12 -2.593323299160E-11
AR GRAD 2024 06 24 02 48 30.000000 2   1.056147877487E-11 -2.442492909316E-11
AR GRAD 2024 06 24 02 48 40.000000 2   9.334880958500E-12 -2.537663135183E-11
AR GRAD 2024 06 24 02 48 50.000000 2   1.112639060746E-11 -1.780833293330E-11
AR GRAD 2024 06 24 02 49  0.000000 2   6.786051321567E-12 -2.327003693903E-11
AR GRAD 2024 06 24 02 49 10.000000 2   7.691373579699E-12 -3.016174116022E-11
AR GRAD 2024 06 24 02 49 20.000000 2   1.132989708996E-11 -9.223451863383E-12
AR GRAD 2024 06 24 02 49 30.000000 2   1.035196494498E-11 -2.054516452799E-11
AR GRAD 2024 06 24 02 49 40.000000 2   8.201589581092E-12 -2.017687752986E-11
AR GRAD 2024 06 24 02 49 50.000000 2   9.959252172953E-12 -1.313859090968E-11
AR GRAD 2024 06 24 02 50  0.000000 2   1.075559346447E-11 -1.052030944998E-11
AR GRAD 2024 06 24 02 50 10.000000 2   7.982575538079E-12 -2.200203040592E-11
AR GRAD 2024 06 24 02 50 20.000000 2   1.177497595956E-11 -1.813375144488E-11
AR GRAD 2024 06 24 02 50 30.000000 2   7.086115982186E-12 -1.334547663351E-11
AR GRAD 2024 06 24 02 50 40.000000 2   1.241442278838E-11 -1.484720332789E-11
AR GRAD 2024 06 24 02 50 50.000000 2   1.068382708691E-11  8.710674868039E-13
AR GRAD 2024 06 24 02 51  0.000000 2   1.316593535583E-11 -3.684065899567E-11
AR GRAD 2024 06 24 02 51 10.000000 2   1.057109347974E-11 -2.920239397519E-11
AR GRAD 2024 06 24 02 51 20.000000 2   9.813978622819E-12 -1.118413174572E-11
AR GRAD 2024 06 24 02 51 30.000000 2   1.049296326910E-11 -1.445586966103E-11
AR GRAD 2024 06 24 02 51 40.000000 2   1.063615862051E-11 -1.419760923410E-11
AR GRAD 2024 06 24 02 51 50.000000 2   1.461879922671E-11 -1.530935274385E-11
AR GRAD 2024 06 24 02 52  0.000000 2   1.256910027447E-11 -6.831096886067E-12
AR GRAD 2024 06 24 02 52 10.000000 2   1.197851193235E-11 -2.525284321930E-11
AR GRAD 2024 06 24 02 52 20.000000 2   1.534333944619E-11 -1.056459086879E-11
AR GRAD 2024 06 24 02 52 30.000000 2   1.498239032838E-11 -4.576341909590E-12
AR GRAD 2024 06 24 02 52 40.000000 2   1.388868794278E-11 -1.503809576864E-11
AR GRAD 2024 06 24 02 52 50.000000 2   1.409476528547E-11  3.720149188702E-12
AR GRAD 2024 06 24 02 53  0.000000 2   1.310559039763E-11 -1.978160690808E-11
AR GRAD 2024 06 24 02 53 10.000000 2   1.499408409933E-11 -6.093368431354E-12
AR GRAD 2024 06 24 02 53 20.000000 2   1.330696663970E-11 -1.439513005325E-11
AR GRAD 2024 06 24 02 53 30.000000 2   1.672638416661E-11 -5.256894312217E-12
AR GRAD 2024 06 24 02 53 40.000000 2   1.617415923416E-11 -1.521865966581E-11
AR GRAD 2024 06 24 02 53 50.000000 2   1.577404526443E-11  1.079957043931E-11
AR GRAD 2024 06 24 02 54  0.000000 2   1.806765154155E-11 -1.741220015394E-11
AR GRAD 2024 06 24 02 54 10.000000 2   1.389959067982E-11 -1.429397225583E-11
AR GRAD 2024 06 24 02 54 20.000000 2   1.730244246489E-11 -1.163574705337E-11
AR GRAD 2024 06 24 02 54 30.000000 2   1.717709481597E-11 -8.787524527487E-12
AR GRAD 2024 06 24 02 54 40.000000 2   1.472407612502E-11  7.680695489343E-12
AR GRAD 2024 06 24 02 54 50.000000 2   1.482632940031E-11 -1.831086280865E-12
AR GRAD 2024 06 24 02 55  0.000000 2   1.527265987289E-11 -1.059287119826E-11
AR GRAD 2024 06 24 02 55 10.000000 2   1.817826097983E-11 -1.641465782742E-11
AR GRAD 2024 06 24 02 55 20.000000 2   1.462767927618E-11  2.583554680954E-12
AR GRAD 2024 06 24 02 55 30.000000 2   1.688576015124E-11 -6.668235841972E-12
AR GRAD 2024 06 24 02 55 40.000000 2   1.511845336422E-11 -9.170027584493E-12
AR GRAD 2024 06 24 02 55 50.000000 2   1.888296810582E-11 -2.961823928477E-12
AR GRAD 2024 06 24 02 56  0.000000 2   1.374986062508E-11  1.556379374337E-12
AR GRAD 2024 06 24 02 56 10.000000 2   1.837586159625E-11 -1.554542085336E-11
AR GRAD 2024 06 24 02 56 20.000000 2   1.799014409665E-11 -7.967221500593E-12
AR GRAD 2024 06 24 02 56 30.000000 2   2.001572345367E-11  1.522097378692E-11
AR GRAD 2024 06 24 02 56 40.000000 2   1.758513994143E-11  8.959167609179E-12
AR GRAD 2024 06 24 02 56 50.000000 2   1.913552476196E-11 -4.372640704381E-12
AR GRAD 2024 06 24 02 57  0.000000 2   1.700622455358E-11 -2.353445043013E-11
AR GRAD 2024 06 24 02 57 10.000000 2   1.842452058975E-11 -4.162642724004E-13
AR GRAD 2024 06 24 02 57 20.000000 2   1.661941417819E-11  1.094192098039E-11
AR GRAD 2024 06 24 02 57 30.000000 2   2.189889936055E-11 -4.898968058477E-13
AR GRAD 2024 06 24 02 57 40.000000 2   1.981188303690E-11  1.048284506075E-12
AR GRAD 2024 06 24 02 57 50.000000 2   1.865341908713E-11  5.266462613229E-12
AR GRAD 2024 06 24 02 58  0.000000 2   1.813178426846E-11  3.094638694606E-12
AR GRAD 2024 06 24 02 58 10.000000 2   2.361128480233E-11 -3.067186478758E-12
AR GRAD 2024 06 24 02 58 20.000000 2   2.091190415277E-11  5.200984174586E-12
AR GRAD 2024 06 24 02 58 30.000000 2   1.869572031910E-11  2.729155443304E-12
AR GRAD 2024 06 24 02 58 40.000000 2   1.786340866894E-11  1.287732160488E-11
AR GRAD 2024 06 24 02 58 50.000000 2   2.175886554268E-11  3.015486515004E-12
AR GRAD 2024 06 24 02 59  0.000000 2   2.365256081271E-11 -6.963500414313E-13
AR GRAD 2024 06 24 02 59 10.000000 2   1.978131894398E-11 -4.638188704637E-12
AR GRAD 2024 06 24 02 59 20.000000 2   2.374743804379E-11  8.319969713177E-12
AR GRAD 2024 06 24 02 59 30.000000 2   2.090489586992E-11 -1.874197826896E-15
AR GRAD 2024 06 24 02 59 40.000000 2   2.150758737773E-11  8.856281159819E-12
AR GRAD 2024 06 24 02 59 50.000000 2   1.846631875191E-11  1.594431943246E-12
AR GRAD 2024 06 24 03 00  0.000000 2   2.390783057638E-11 -1.047418987481E-12
AR GRAD 2024 06 24 03 00 10.000000 2   2.137406397706E-11  1.409073031866E-11
AR GRAD 2024 06 24 03 00 20.000000 2   2.545765681594E-11 -3.411125548691E-12
AR GRAD 2024 06 24 03 00 30.000000 2   2.176550259470E-11 -1.003298225749E-11
AR GRAD 2024 06 24 03 00 40.000000 2   2.678009029811E-11 -1.874842295302E-12
AR GRAD 2024 06 24 03 00 50.000000 2   2.010334954061E-11  1.560329643269E-11
AR GRAD 2024 06 24 03 01  0.000000 2   2.223311292016E-11  9.471434921082E-12
AR GRAD 2024 06 24 03 01 10.000000 2   2.563298531766E-11 -1.059043130969E-11
AR GRAD 2024 06 24 03 01 20.000000 2   2.492752879113E-11  1.932770263280E-11
AR GRAD 2024 06 24 03 01 30.000000 2   2.439473449634E-11 -9.454170085688E-12
AR GRAD 2024 06 24 03 01 40.000000 2   2.482597113995E-11  1.253956357153E-12
AR GRAD 2024 06 24 03 01 50.000000 2   2.837636896291E-11  6.692083952958E-12
AR GRAD 2024 06 24 03 02  0.000000 2   2.546925864655E-11 -3.197942399173E-13
AR GRAD 2024 06 24 03 02 10.000000 2   2.243860305895E-11 -7.041672800412E-12
AR GRAD 2024 06 24 03 02 20.000000 2   2.544471751353E-11 -1.263554907406E-12
AR GRAD 2024 06 24 03 02 30.000000 2   2.663819512194E-11  1.652456296797E-11
AR GRAD 2024 06 24 03 02 40.000000 2   2.062984158502E-11 -5.173220792715E-13
AR GRAD 2024 06 24 03 02 50.000000 2   2.643122526402E-11 -1.014921133247E-11
AR GRAD 2024 06 24 03 03  0.000000 2   2.511191254939E-11 -1.411101921076E-12
AR GRAD 2024 06 24 03 03 10.000000 2   2.949896230064E-11  1.075700726411E-11
AR GRAD 2024 06 24 03 03 20.000000 2   2.542720548004E-11  2.085111380432E-12
AR GRAD 2024 06 24 03 03 30.000000 2   2.665047349470E-11  6.523214694104E-12
AR GRAD 2024 06 24 03 03 40.000000 2   2.583819443125E-11 -1.059868165454E-11
AR GRAD 2024 06 24 03 03 50.000000 2   2.708003613017E-11  1.713941488735E-11
AR GRAD 2024 06 24 03 04  0.000000 2   2.277869906586E-11  6.467512289610E-12
AR GRAD 2024 06 24 03 04 10.000000 2   2.679264275718E-11  6.545606938413E-12
AR GRAD 2024 06 24 03 04 20.000000 2   2.613404111174E-11  6.936988418589E-13
AR GRAD 2024 06 24 03 04 30.000000 2   2.690917801085E-11 -1.135821037918E-11
AR GRAD 2024 06 24 03 04 40.000000 2   2.735638104934E-11  1.289877276170E-12
AR GRAD 2024 06 24 03 04 50.000000 2   2.560190427714E-11  7.907963346654E-12
