 2.00 C RINEX VERSION / TYPE
 10.00 INTERVAL
 1 AR # / TYPES OF DATA
 END OF HEADER
AR GRAD 2024 06 27 01 05  0.000000 2  -1.978249855594E-11 -1.862113328116E-12
AR GRAD 2024 06 27 01 05 10.000000 2  -2.420215763910E-11  1.233780699134E-11
AR GRAD 2024 06 27 01 05 20.000000 2  -2.336471988107E-11 -1.386227070632E-11
AR GRAD 2024 06 27 01 05 30.000000 2  -2.285107172928E-11 -1.226234912222E-11
AR GRAD 2024 06 27 01 05 40.000000 2  -2.295243856087E-11 -6.562424648832E-12
AR GRAD 2024 06 27 01 05 50.000000 2  -2.435387135014E-11 -7.262499195776E-12
AR GRAD 2024 06 27 01 06  0.000000 2  -2.341189221655E-11  1.537426544580E-12
AR GRAD 2024 06 27 01 06 10.000000 2  -2.241704044614E-11 -1.626485540219E-13
AR GRAD 2024 06 27 01 06 20.000000 2  -2.480905238189E-11 -8.627215153205E-13
AR GRAD 2024 06 27 01 06 30.000000 2  -2.412993069245E-11 -4.562791117158E-12
AR GRAD 2024 06 27 01 06 40.000000 2  -2.321390475679E-11 -9.962862999868E-12
AR GRAD 2024 06 27 01 06 50.000000 2  -2.366248343100E-11  1.137068304097E-12
AR GRAD 2024 06 27 01 07  0.000000 2  -1.837179713915E-11 -1.406299902917E-11
AR GRAD 2024 06 27 01 07 10.000000 2  -2.544774113655E-11 -1.616306741226E-11
AR GRAD 2024 06 27 01 07 20.000000 2  -2.129195951495E-11 -4.563133291363E-12
AR GRAD 2024 06 27 01 07 30.000000 2  -2.278172442360E-11 -5.363198600505E-12
AR GRAD 2024 06 27 01 07 40.000000 2  -2.343809347993E-11 -2.866326273554E-11
AR GRAD 2024 06 27 01 07 50.000000 2  -2.202871218770E-11  5.236674809062E-12
AR GRAD 2024 06 27 01 08  0.000000 2  -2.257814768480E-11 -7.163389673104E-12
AR GRAD 2024 06 27 01 08 10.000000 2  -1.949155767345E-11 -1.186344945892E-11
AR GRAD 2024 06 27 01 08 20.000000 2  -2.190936668200E-11  7.364898079419E-13
AR GRAD 2024 06 27 01 08 30.000000 2  -2.226960629792E-11 -1.363568654690E-12
AR GRAD 2024 06 27 01 08 40.000000 2  -1.887500919451E-11 -1.886362940851E-11
AR GRAD 2024 06 27 01 08 50.000000 2  -2.456277369001E-11 -7.063686875003E-12
AR GRAD 2024 06 27 01 09  0.000000 2  -1.857611460487E-11 -1.126373994076E-11
AR GRAD 2024 06 27 01 09 10.000000 2  -2.362700139702E-11  1.362027081831E-13
AR GRAD 2024 06 27 01 09 20.000000 2  -1.921596909371E-11 -1.896385132261E-11
AR GRAD 2024 06 27 01 09 30.000000 2  -2.272006367765E-11 -9.863904831819E-12
AR GRAD 2024 06 27 01 09 40.000000 2  -2.229152279432E-11 -1.666395493816E-11
AR GRAD 2024 06 27 01 09 50.000000 2  -2.027252671288E-11 -1.556401015013E-11
AR GRAD 2024 06 27 01 10  0.000000 2  -2.312471568400E-11 -6.664056893119E-12
AR GRAD 2024 06 27 01 10 10.000000 2  -2.257753185797E-11 -1.306410708779E-11
AR GRAD 2024 06 27 01 10 20.000000 2  -2.314364151712E-11 -1.306415566005E-11
AR GRAD 2024 06 27 01 10 30.000000 2  -1.865920438993E-11 -6.264203131906E-12
AR GRAD 2024 06 27 01 10 40.000000 2  -2.287905628839E-11 -3.096424852633E-11
AR GRAD 2024 06 27 01 10 50.000000 2  -2.042951224857E-11 -3.564293825364E-12
AR GRAD 2024 06 27 01 11  0.000000 2  -1.842685032338E-11  7.035660682525E-12
AR GRAD 2024 06 27 01 11 10.000000 2  -2.197040639695E-11 -2.326438174050E-11
AR GRAD 2024 06 27 01 11 20.000000 2  -1.913608507764E-11 -1.176442363665E-11
AR GRAD 2024 06 27 01 11 30.000000 2  -2.200522923601E-11 -1.396446586838E-11
AR GRAD 2024 06 27 01 11 40.000000 2  -2.148223959830E-11 -2.696450528139E-11
AR GRAD 2024 06 27 01 11 50.000000 2  -2.096969126120E-11 -8.564543171885E-12
AR GRAD 2024 06 27 01 12  0.000000 2  -2.030165965894E-11 -8.164584459902E-12
AR GRAD 2024 06 27 01 12 10.000000 2  -1.932353409229E-11 -1.806462097964E-11
AR GRAD 2024 06 27 01 12 20.000000 2  -2.192155311442E-11 -2.696465620233E-11
AR GRAD 2024 06 27 01 12 30.000000 2  -1.971568221182E-11 -6.064693018615E-12
AR GRAD 2024 06 27 01 12 40.000000 2  -2.005063823307E-11 -2.366472642845E-11
AR GRAD 2024 06 27 01 12 50.000000 2  -2.106959572090E-11 -1.616475876765E-11
AR GRAD 2024 06 27 01 13  0.000000 2  -2.136949818488E-11 -1.696479241808E-11
AR GRAD 2024 06 27 01 13 10.000000 2  -1.880486044659E-11 -1.106482180185E-11
AR GRAD 2024 06 27 01 13 20.000000 2  -2.089905679070E-11 -1.466485440027E-11
AR GRAD 2024 06 27 01 13 30.000000 2  -2.160470066737E-11 -3.648820340926E-13
AR GRAD 2024 06 27 01 13 40.000000 2  -1.811066227542E-11 -2.196491079298E-11
AR GRAD 2024 06 27 01 13 50.000000 2  -2.226368915614E-11 -8.064936739272E-12
AR GRAD 2024 06 27 01 14  0.000000 2  -1.936773831590E-11 -2.166496322620E-11
AR GRAD 2024 06 27 01 14 10.000000 2  -2.124273673632E-11  1.335011419988E-12
AR GRAD 2024 06 27 01 14 20.000000 2  -1.943918463698E-11 -1.796501489237E-11
AR GRAD 2024 06 27 01 14 30.000000 2  -1.990675332908E-11 -2.196503569307E-11
AR GRAD 2024 06 27 01 14 40.000000 2  -2.151523924299E-11 -1.476505896714E-11
AR GRAD 2024 06 27 01 14 50.000000 2  -2.173589259968E-11 -2.446508273746E-11
AR GRAD 2024 06 27 01 15  0.000000 2  -1.797693070793E-11 -1.286509787590E-11
AR GRAD 2024 06 27 01 15 10.000000 2  -2.171440457999E-11 -1.016511961410E-11
AR GRAD 2024 06 27 01 15 20.000000 2  -1.886129794015E-11 -1.926513636119E-11
AR GRAD 2024 06 27 01 15 30.000000 2  -2.029069100240E-11 -3.126515366048E-11
AR GRAD 2024 06 27 01 15 40.000000 2  -2.060740640630E-11 -2.476516908212E-11
AR GRAD 2024 06 27 01 15 50.000000 2  -1.647998404408E-11 -7.865185065736E-12
AR GRAD 2024 06 27 01 16  0.000000 2  -2.099279604317E-11 -1.046519901987E-11
AR GRAD 2024 06 27 01 16 10.000000 2  -1.809638203176E-11 -1.896521481526E-11
AR GRAD 2024 06 27 01 16 20.000000 2  -2.005218907586E-11 -1.256522403487E-11
AR GRAD 2024 06 27 01 16 30.000000 2  -1.922241359142E-11 -2.366523643715E-11
AR GRAD 2024 06 27 01 16 40.000000 2  -1.695068391205E-11 -1.716524665463E-11
AR GRAD 2024 06 27 01 16 50.000000 2  -1.758041802413E-11 -2.526525690050E-11
AR GRAD 2024 06 27 01 17  0.000000 2  -1.728777017374E-11 -2.926526382341E-11
AR GRAD 2024 06 27 01 17 10.000000 2  -1.711098276957E-11 -2.626527120797E-11
AR GRAD 2024 06 27 01 17 20.000000 2  -2.002487412001E-11 -1.136527764262E-11
AR GRAD 2024 06 27 01 17 30.000000 2  -1.650392669750E-11 -2.616528174681E-11
AR GRAD 2024 06 27 01 17 40.000000 2  -1.765601380377E-11 -1.656528560157E-11
AR GRAD 2024 06 27 01 17 50.000000 2  -1.787734023317E-11 -1.396528986203E-11
AR GRAD 2024 06 27 01 18  0.000000 2  -1.610052542678E-11 -1.226529034587E-11
AR GRAD 2024 06 27 01 18 10.000000 2  -1.515340804226E-11 -3.036529014344E-11
AR GRAD 2024 06 27 01 18 20.000000 2  -1.558735779339E-11 -1.296529116707E-11
AR GRAD 2024 06 27 01 18 30.000000 2  -1.812502231635E-11 -2.276529312284E-11
AR GRAD 2024 06 27 01 18 40.000000 2  -1.612459644973E-11 -1.656529080574E-11
AR GRAD 2024 06 27 01 18 50.000000 2  -1.328422268021E-11 -1.256528561755E-11
AR GRAD 2024 06 27 01 19  0.000000 2  -1.650512192197E-11 -2.936528104014E-11
AR GRAD 2024 06 27 01 19 10.000000 2  -1.404871531607E-11 -1.926528034324E-11
AR GRAD 2024 06 27 01 19 20.000000 2  -1.514800437863E-11 -2.236527282817E-11
AR GRAD 2024 06 27 01 19 30.000000 2  -1.781645317389E-11 -3.266526285572E-11
AR GRAD 2024 06 27 01 19 40.000000 2  -1.575032985979E-11 -1.166525730179E-11
AR GRAD 2024 06 27 01 19 50.000000 2  -1.365493135230E-11 -2.416524966242E-11
AR GRAD 2024 06 27 01 20  0.000000 2  -1.654634589066E-11 -1.906524070561E-11
AR GRAD 2024 06 27 01 20 10.000000 2  -1.419200000574E-11 -1.906522682782E-11
AR GRAD 2024 06 27 01 20 20.000000 2  -1.556592355012E-11 -1.946521589746E-11
AR GRAD 2024 06 27 01 20 30.000000 2  -1.290876346788E-11 -2.606520554949E-11
AR GRAD 2024 06 27 01 20 40.000000 2  -1.188848759021E-11 -1.746518901724E-11
AR GRAD 2024 06 27 01 20 50.000000 2  -1.746048444717E-11 -1.876517344290E-11
AR GRAD 2024 06 27 01 21  0.000000 2  -1.366307674638E-11 -2.296515928812E-11
AR GRAD 2024 06 27 01 21 10.000000 2  -1.033291074232E-11 -2.736513966817E-11
AR GRAD 2024 06 27 01 21 20.000000 2  -1.412226412201E-11 -2.566512280477E-11
AR GRAD 2024 06 27 01 21 30.000000 2  -1.374445435937E-11  3.489666306031E-14
AR GRAD 2024 06 27 01 21 40.000000 2  -1.467065184613E-11 -1.556508567868E-11
AR GRAD 2024 06 27 01 21 50.000000 2  -1.272646744932E-11 -2.656506264964E-11
AR GRAD 2024 06 27 01 22  0.000000 2  -1.285835587311E-11 -2.476504244731E-11
AR GRAD 2024 06 27 01 22 10.000000 2  -1.109175685327E-11 -1.916501853050E-11
AR GRAD 2024 06 27 01 22 20.000000 2  -1.522985383640E-11 -2.396499318436E-11
AR GRAD 2024 06 27 01 22 30.000000 2  -1.352808923910E-11 -1.896497021925E-11
AR GRAD 2024 06 27 01 22 40.000000 2  -1.353642458540E-11 -3.126494202421E-11
AR GRAD 2024 06 27 01 22 50.000000 2  -1.203409333989E-11 -1.046491539258E-11
AR GRAD 2024 06 27 01 23  0.000000 2  -1.258514820135E-11  6.351122969553E-13
AR GRAD 2024 06 27 01 23 10.000000 2  -1.451313808715E-11 -2.336485865895E-11
AR GRAD 2024 06 27 01 23 20.000000 2  -1.344449378216E-11 -3.326482492239E-11
AR GRAD 2024 06 27 01 23 30.000000 2  -1.356679612402E-11 -2.546479867249E-11
AR GRAD 2024 06 27 01 23 40.000000 2  -1.180562505393E-11  1.352329977600E-13
AR GRAD 2024 06 27 01 23 50.000000 2  -1.230170913052E-11 -2.126473302999E-11
AR GRAD 2024 06 27 01 24  0.000000 2  -1.261512942718E-11 -2.536469992376E-11
AR GRAD 2024 06 27 01 24 10.000000 2  -1.055721742665E-11 -1.276466432554E-11
AR GRAD 2024 06 27 01 24 20.000000 2  -1.108092177043E-11 -3.266462447749E-11
AR GRAD 2024 06 27 01 24 30.000000 2  -8.705222306893E-12 -2.006459234871E-11
AR GRAD 2024 06 27 01 24 40.000000 2  -1.405847053354E-11 -2.016455405429E-11
AR GRAD 2024 06 27 01 24 50.000000 2  -1.154426467614E-11 -3.176451116027E-11
AR GRAD 2024 06 27 01 25  0.000000 2  -8.393257443229E-12 -2.216447511638E-11
AR GRAD 2024 06 27 01 25 10.000000 2  -1.029095558769E-11 -2.626443507125E-11
AR GRAD 2024 06 27 01 25 20.000000 2  -9.429081647416E-12 -3.396438685854E-11
AR GRAD 2024 06 27 01 25 30.000000 2  -9.359986744006E-12 -1.964348388811E-12
AR GRAD 2024 06 27 01 25 40.000000 2  -8.589626405986E-12 -3.664301934797E-12
AR GRAD 2024 06 27 01 25 50.000000 2  -1.045704495217E-11 -3.096425893467E-11
AR GRAD 2024 06 27 01 26  0.000000 2  -8.941755322289E-12 -2.956421218947E-11
AR GRAD 2024 06 27 01 26 10.000000 2  -9.636415797265E-12 -3.664166626366E-12
AR GRAD 2024 06 27 01 26 20.000000 2  -8.383116249788E-12 -2.096411585994E-11
AR GRAD 2024 06 27 01 26 30.000000 2  -9.582799831431E-12 -3.686406735426E-11
AR GRAD 2024 06 27 01 26 40.000000 2  -9.471388950910E-12 -6.664018295521E-12
AR GRAD 2024 06 27 01 26 50.000000 2  -9.475952141014E-12 -1.936397049651E-11
AR GRAD 2024 06 27 01 27  0.000000 2  -1.094311533750E-11 -2.746391482289E-11
AR GRAD 2024 06 27 01 27 10.000000 2  -9.513244358939E-12 -1.456386400367E-11
AR GRAD 2024 06 27 01 27 20.000000 2  -9.302550049717E-12 -1.686381069510E-11
AR GRAD 2024 06 27 01 27 30.000000 2  -7.743140330307E-12 -2.236375494513E-11
AR GRAD 2024 06 27 01 27 40.000000 2  -8.218382571701E-12 -1.356369704053E-11
AR GRAD 2024 06 27 01 27 50.000000 2  -7.461887878424E-12 -1.176364127636E-11
AR GRAD 2024 06 27 01 28  0.000000 2  -1.049695746991E-11 -2.466358194064E-11
AR GRAD 2024 06 27 01 28 10.000000 2  -6.079710086065E-12 -1.963523527798E-12
AR GRAD 2024 06 27 01 28 20.000000 2  -9.480611608270E-12 -9.563462001483E-12
AR GRAD 2024 06 27 01 28 30.000000 2  -6.598852540785E-12 -6.963400776133E-12
AR GRAD 2024 06 27 01 28 40.000000 2  -6.959226597769E-12 -2.546333977005E-11
AR GRAD 2024 06 27 01 28 50.000000 2  -4.428951563135E-12 -1.466327753663E-11
AR GRAD 2024 06 27 01 29  0.000000 2  -9.786723514926E-12 -1.976321363506E-11
AR GRAD 2024 06 27 01 29 10.000000 2  -7.635852020127E-12 -1.286314804672E-11
AR GRAD 2024 06 27 01 29 20.000000 2  -7.611004708419E-12 -6.463083106895E-12
AR GRAD 2024 06 27 01 29 30.000000 2  -7.046885210776E-12 -1.016301279244E-11
AR GRAD 2024 06 27 01 29 40.000000 2  -7.489587942888E-12 -9.062945706406E-12
AR GRAD 2024 06 27 01 29 50.000000 2  -5.688715123964E-12 -6.562876544297E-12
AR GRAD 2024 06 27 01 30  0.000000 2  -8.737111728552E-12 -2.866280823799E-11
AR GRAD 2024 06 27 01 30 10.000000 2  -7.014059472121E-12 -1.562736485355E-12
AR GRAD 2024 06 27 01 30 20.000000 2  -9.307715188867E-12 -8.962663944345E-12
AR GRAD 2024 06 27 01 30 30.000000 2  -5.636350327437E-12 -3.562590110071E-12
AR GRAD 2024 06 27 01 30 40.000000 2  -3.747061688708E-12 -2.036251896265E-11
AR GRAD 2024 06 27 01 30 50.000000 2  -4.130328024043E-12  5.537560427565E-12
AR GRAD 2024 06 27 01 31  0.000000 2  -6.505671001911E-12 -6.262366059745E-12
AR GRAD 2024 06 27 01 31 10.000000 2  -4.286479157734E-12 -1.316228809972E-11
AR GRAD 2024 06 27 01 31 20.000000 2  -6.922833400286E-12  5.837789019553E-12
AR GRAD 2024 06 27 01 31 30.000000 2  -7.746425029209E-12 -2.896212956960E-11
AR GRAD 2024 06 27 01 31 40.000000 2  -6.846764908502E-12  7.337948824959E-12
AR GRAD 2024 06 27 01 31 50.000000 2  -5.832869777456E-12 -1.466197128985E-11
AR GRAD 2024 06 27 01 32  0.000000 2  -3.286034421998E-12 -6.461889183462E-12
AR GRAD 2024 06 27 01 32 10.000000 2  -5.364386452406E-12 -2.161802854783E-12
AR GRAD 2024 06 27 01 32 20.000000 2  -4.676801914488E-12 -2.086172033733E-11
AR GRAD 2024 06 27 01 32 30.000000 2  -3.677305855654E-12 -1.516163410098E-11
AR GRAD 2024 06 27 01 32 40.000000 2  -6.274369478837E-12  2.038449270492E-12
AR GRAD 2024 06 27 01 32 50.000000 2  -4.614858408608E-12 -3.661462192467E-12
AR GRAD 2024 06 27 01 33  0.000000 2  -6.574974939499E-12  9.738628306555E-12
AR GRAD 2024 06 27 01 33 10.000000 2  -4.074923124625E-12  1.103871594826E-11
AR GRAD 2024 06 27 01 33 20.000000 2  -7.480474573107E-12  9.338804903003E-12
AR GRAD 2024 06 27 01 33 30.000000 2  -5.078307566131E-12 -1.036110260089E-11
AR GRAD 2024 06 27 01 33 40.000000 2  -5.149942972071E-12  1.238988620901E-12
AR GRAD 2024 06 27 01 33 50.000000 2  -6.005554126914E-12 -1.516091766018E-11
AR GRAD 2024 06 27 01 34  0.000000 2  -4.665215696392E-12  1.533917610985E-11
AR GRAD 2024 06 27 01 34 10.000000 2  -4.864466468524E-12  6.239273420833E-12
AR GRAD 2024 06 27 01 34 20.000000 2  -5.056297828349E-12 -1.586063225201E-11
AR GRAD 2024 06 27 01 34 30.000000 2  -2.478868239147E-12 -1.536053576001E-11
AR GRAD 2024 06 27 01 34 40.000000 2  -3.538770405181E-12 -1.660437954666E-12
AR GRAD 2024 06 27 01 34 50.000000 2  -7.077602826727E-12  2.613966161580E-11
AR GRAD 2024 06 27 01 35  0.000000 2  -2.439697098858E-12  1.063976164117E-11
AR GRAD 2024 06 27 01 35 10.000000 2  -4.736572679215E-12  7.239864523861E-12
AR GRAD 2024 06 27 01 35 20.000000 2   2.179213163004E-13 -3.360035990760E-12
AR GRAD 2024 06 27 01 35 30.000000 2  -6.031116578376E-12  3.440070927771E-12
AR GRAD 2024 06 27 01 35 40.000000 2  -6.788889329173E-12 -1.845982741666E-11
AR GRAD 2024 06 27 01 35 50.000000 2   8.204944563399E-14  1.674027583221E-11
AR GRAD 2024 06 27 01 36  0.000000 2  -2.469315984327E-12  1.004038692465E-11
AR GRAD 2024 06 27 01 36 10.000000 2  -2.783261468520E-12  1.434049233529E-11
AR GRAD 2024 06 27 01 36 20.000000 2  -2.476005294891E-12  1.274060110884E-11
AR GRAD 2024 06 27 01 36 30.000000 2  -2.069399989910E-12 -8.859289170327E-12
AR GRAD 2024 06 27 01 36 40.000000 2  -2.476658201439E-12  1.440820336304E-12
AR GRAD 2024 06 27 01 36 50.000000 2  -4.443483775374E-12  1.840931053432E-12
AR GRAD 2024 06 27 01 37  0.000000 2  -9.106566412412E-13  1.714104205797E-11
AR GRAD 2024 06 27 01 37 10.000000 2   2.640290601170E-13  3.384115904170E-11
AR GRAD 2024 06 27 01 37 20.000000 2  -1.208854956240E-12  8.441271986959E-12
AR GRAD 2024 06 27 01 37 30.000000 2  -4.657989272072E-12  1.741386874109E-12
AR GRAD 2024 06 27 01 37 40.000000 2  -1.482570901983E-12  2.641502684989E-12
AR GRAD 2024 06 27 01 37 50.000000 2  -6.274501859922E-13  1.404161942969E-11
AR GRAD 2024 06 27 01 38  0.000000 2  -3.644148351134E-12  8.941736240331E-12
AR GRAD 2024 06 27 01 38 10.000000 2  -4.052575115765E-12  3.164186274107E-11
AR GRAD 2024 06 27 01 38 20.000000 2  -2.885514093290E-12  6.441978027405E-12
AR GRAD 2024 06 27 01 38 30.000000 2  -8.941252144061E-13  1.104209605696E-11
AR GRAD 2024 06 27 01 38 40.000000 2  -2.037034386657E-12  2.524221803801E-11
AR GRAD 2024 06 27 01 38 50.000000 2  -2.505380668552E-12  1.024234603381E-11
AR GRAD 2024 06 27 01 39  0.000000 2  -5.333165549806E-13  1.014246932968E-11
AR GRAD 2024 06 27 01 39 10.000000 2  -1.081590763133E-12  1.244259383026E-11
AR GRAD 2024 06 27 01 39 20.000000 2  -2.199702876446E-12  1.024272073408E-11
AR GRAD 2024 06 27 01 39 30.000000 2  -2.118774340004E-12  3.594284939124E-11
AR GRAD 2024 06 27 01 39 40.000000 2  -2.822883528493E-13  4.142975892907E-12
AR GRAD 2024 06 27 01 39 50.000000 2   2.906111495112E-13  1.054310718590E-11
AR GRAD 2024 06 27 01 40  0.000000 2   1.182420697812E-12  1.674323527046E-11
AR GRAD 2024 06 27 01 40 10.000000 2  -1.248490650056E-13  3.844336654568E-11
AR GRAD 2024 06 27 01 40 20.000000 2  -4.957778436919E-13  4.043499042539E-12
AR GRAD 2024 06 27 01 40 30.000000 2   9.732196602427E-13  9.943631855414E-12
AR GRAD 2024 06 27 01 40 40.000000 2  -5.072985217666E-13  1.464376363225E-11
AR GRAD 2024 06 27 01 40 50.000000 2   2.454641741603E-12  1.854390425937E-11
AR GRAD 2024 06 27 01 41  0.000000 2  -2.395687164272E-12  1.184403790322E-11
AR GRAD 2024 06 27 01 41 10.000000 2  -3.353282712268E-12 -2.655823477804E-12
AR GRAD 2024 06 27 01 41 20.000000 2   1.737226031431E-12  2.314431458983E-11
AR GRAD 2024 06 27 01 41 30.000000 2   2.161987385993E-12  2.364445618463E-11
AR GRAD 2024 06 27 01 41 40.000000 2  -8.692834863391E-13  3.834459486041E-11
AR GRAD 2024 06 27 01 41 50.000000 2   4.973956901737E-13  1.564473550708E-11
AR GRAD 2024 06 27 01 42  0.000000 2   2.329434605278E-12  1.964487947315E-11
AR GRAD 2024 06 27 01 42 10.000000 2   1.674293191069E-12  1.224501923469E-11
AR GRAD 2024 06 27 01 42 20.000000 2  -3.044410968982E-13  1.614516680071E-11
AR GRAD 2024 06 27 01 42 30.000000 2  -3.948310862284E-13  1.714531121244E-11
AR GRAD 2024 06 27 01 42 40.000000 2   1.944945506732E-12  8.045456661998E-12
AR GRAD 2024 06 27 01 42 50.000000 2   9.817720367147E-14  3.294560457778E-11
AR GRAD 2024 06 27 01 43  0.000000 2   9.087896993103E-13  2.814575135457E-11
AR GRAD 2024 06 27 01 43 10.000000 2   3.209882012967E-12  4.324590338611E-11
AR GRAD 2024 06 27 01 43 20.000000 2   3.720650523786E-12  1.704605206987E-11
AR GRAD 2024 06 27 01 43 30.000000 2   1.091994807838E-13  1.684620325182E-11
AR GRAD 2024 06 27 01 43 40.000000 2   3.124664155890E-13  4.546355045904E-12
AR GRAD 2024 06 27 01 43 50.000000 2   2.156354522026E-12  3.794651051714E-11
AR GRAD 2024 06 27 01 44  0.000000 2   1.678577741214E-12  1.224666548727E-11
AR GRAD 2024 06 27 01 44 10.000000 2  -4.597110994826E-13  4.154682153867E-11
AR GRAD 2024 06 27 01 44 20.000000 2   3.221091579228E-12  2.744697524815E-11
AR GRAD 2024 06 27 01 44 30.000000 2   3.015883332999E-12  2.804713059024E-11
AR GRAD 2024 06 27 01 44 40.000000 2  -2.048753961620E-12  8.247290871066E-12
AR GRAD 2024 06 27 01 44 50.000000 2   3.121305948081E-12  3.074745319465E-11
AR GRAD 2024 06 27 01 45  0.000000 2   2.520452813473E-12  2.644761319670E-11
AR GRAD 2024 06 27 01 45 10.000000 2   2.221420747003E-13  2.054777181737E-11
AR GRAD 2024 06 27 01 45 20.000000 2   4.960551934496E-12  2.004793206445E-11
AR GRAD 2024 06 27 01 45 30.000000 2   1.268535949027E-12  3.204810028468E-11
AR GRAD 2024 06 27 01 45 40.000000 2   6.453933307921E-12  2.284826321197E-11
AR GRAD 2024 06 27 01 45 50.000000 2   9.421096715256E-13  2.674842639050E-11
AR GRAD 2024 06 27 01 46  0.000000 2   3.463888897937E-12  2.714859587138E-11
AR GRAD 2024 06 27 01 46 10.000000 2   3.443285370372E-12  2.334875869037E-11
AR GRAD 2024 06 27 01 46 20.000000 2   1.449068621172E-12  4.648932280804E-12
AR GRAD 2024 06 27 01 46 30.000000 2   7.839930094011E-12  3.254909883288E-11
AR GRAD 2024 06 27 01 46 40.000000 2   3.163606312681E-12  2.624927011863E-11
AR GRAD 2024 06 27 01 46 50.000000 2   4.509391991758E-12  4.604944203734E-11
AR GRAD 2024 06 27 01 47  0.000000 2   1.186956349181E-12  2.514961329469E-11
AR GRAD 2024 06 27 01 47 10.000000 2   4.339182225338E-12  3.024978878496E-11
AR GRAD 2024 06 27 01 47 20.000000 2   2.095641151931E-12  3.814996582530E-11
AR GRAD 2024 06 27 01 47 30.000000 2   2.545232470966E-12  1.735013695214E-11
AR GRAD 2024 06 27 01 47 40.000000 2   3.960799136588E-12  3.135031470536E-11
AR GRAD 2024 06 27 01 47 50.000000 2   3.787554905127E-12  2.105049294598E-11
AR GRAD 2024 06 27 01 48  0.000000 2   4.242666981624E-12  2.725066700071E-11
AR GRAD 2024 06 27 01 48 10.000000 2   2.600625877841E-12  2.095085216425E-11
AR GRAD 2024 06 27 01 48 20.000000 2   2.385226131191E-12  3.555103433861E-11
AR GRAD 2024 06 27 01 48 30.000000 2   4.842785894521E-12  3.245121185658E-11
AR GRAD 2024 06 27 01 48 40.000000 2   4.281575094467E-12  3.265139547626E-11
AR GRAD 2024 06 27 01 48 50.000000 2   5.830637622023E-12  2.785157694751E-11
AR GRAD 2024 06 27 01 49  0.000000 2   4.494488982376E-12  2.745176135022E-11
AR GRAD 2024 06 27 01 49 10.000000 2   3.593150516706E-12  3.515195079462E-11
AR GRAD 2024 06 27 01 49 20.000000 2   8.354717959125E-12  1.705213401038E-11
AR GRAD 2024 06 27 01 49 30.000000 2   4.154422899444E-12  3.005232174225E-11
AR GRAD 2024 06 27 01 49 40.000000 2   7.522594526466E-12  3.465251349755E-11
AR GRAD 2024 06 27 01 49 50.000000 2   1.881778803961E-12  1.325270188729E-11
AR GRAD 2024 06 27 01 50  0.000000 2   2.357459713553E-12  2.725289265093E-11
AR GRAD 2024 06 27 01 50 10.000000 2   5.038332164670E-12  2.785307921804E-11
AR GRAD 2024 06 27 01 50 20.000000 2   5.546884566249E-12  4.055327254560E-11
AR GRAD 2024 06 27 01 50 30.000000 2   1.061285824847E-12  3.275347007503E-11
AR GRAD 2024 06 27 01 50 40.000000 2   9.028323227911E-12  3.495366496242E-11
AR GRAD 2024 06 27 01 50 50.000000 2   4.449685411800E-12  3.755385932780E-11
AR GRAD 2024 06 27 01 51  0.000000 2   4.140547713721E-12  2.525405579101E-11
AR GRAD 2024 06 27 01 51 10.000000 2   6.949460538280E-12  3.865425687866E-11
AR GRAD 2024 06 27 01 51 20.000000 2   3.287791263198E-12  3.995445294058E-11
AR GRAD 2024 06 27 01 51 30.000000 2   3.409550202935E-12  2.815465222072E-11
AR GRAD 2024 06 27 01 51 40.000000 2   4.738802666243E-12  4.315485122031E-11
AR GRAD 2024 06 27 01 51 50.000000 2   5.890198051528E-12  3.415505378523E-11
AR GRAD 2024 06 27 01 52  0.000000 2   6.231542625662E-12  4.215525845064E-11
AR GRAD 2024 06 27 01 52 10.000000 2   5.786183598228E-12  4.025545868869E-11
AR GRAD 2024 06 27 01 52 20.000000 2   7.297910539772E-12  3.935566456059E-11
AR GRAD 2024 06 27 01 52 30.000000 2   8.481862781573E-12  3.145586915942E-11
AR GRAD 2024 06 27 01 52 40.000000 2   6.520134692573E-12  4.705607431488E-11
AR GRAD 2024 06 27 01 52 50.000000 2   8.274998741786E-12  4.945628628850E-11
AR GRAD 2024 06 27 01 53  0.000000 2   5.146435794884E-12  4.285649612967E-11
AR GRAD 2024 06 27 01 53 10.000000 2   8.645924254314E-12  3.135670195720E-11
AR GRAD 2024 06 27 01 53 20.000000 2   5.973226253897E-12  3.205691614938E-11
AR GRAD 2024 06 27 01 53 30.000000 2   7.019969675004E-12  1.045712388209E-11
AR GRAD 2024 06 27 01 53 40.000000 2   8.965959918950E-12  4.275733933579E-11
AR GRAD 2024 06 27 01 53 50.000000 2   7.255953650420E-12  4.805755099424E-11
AR GRAD 2024 06 27 01 54  0.000000 2   7.558694122001E-12  4.085776508789E-11
AR GRAD 2024 06 27 01 54 10.000000 2   7.362234086261E-12  3.450797980697E-11
AR GRAD 2024 06 27 01 54 20.000000 2   7.593723393151E-12  2.815819626079E-11
AR GRAD 2024 06 27 01 54 30.000000 2   8.672986807901E-12  3.485841476580E-11
AR GRAD 2024 06 27 01 54 40.000000 2   5.003692772620E-12  1.735863189301E-11
AR GRAD 2024 06 27 01 54 50.000000 2   7.193304979447E-12  4.095885089428E-11
AR GRAD 2024 06 27 01 55  0.000000 2   9.456213589942E-12  5.455907253760E-11
AR GRAD 2024 06 27 01 55 10.000000 2   6.440614534753E-12  2.255929297534E-11
AR GRAD 2024 06 27 01 55 20.000000 2   9.129119335483E-12  5.215951628945E-11
AR GRAD 2024 06 27 01 55 30.000000 2   8.821898073164E-12  3.655974134542E-11
AR GRAD 2024 06 27 01 55 40.000000 2   6.878387616427E-12  3.355996730514E-11
AR GRAD 2024 06 27 01 55 50.000000 2   7.372431658215E-12  1.956019027305E-11
AR GRAD 2024 06 27 01 56  0.000000 2   6.350262763549E-12  4.956042173876E-11
AR GRAD 2024 06 27 01 56 10.000000 2   4.996479792407E-12  2.366064288939E-11
AR GRAD 2024 06 27 01 56 20.000000 2   9.480603802015E-12  1.766087449895E-11
AR GRAD 2024 06 27 01 56 30.000000 2   7.950755505359E-12  4.546110710102E-11
AR GRAD 2024 06 27 01 56 40.000000 2   6.669694744416E-12  3.796133546397E-11
AR GRAD 2024 06 27 01 56 50.000000 2   7.078747310540E-12  4.886156410033E-11
AR GRAD 2024 06 27 01 57  0.000000 2   5.969111489812E-12  3.546180016301E-11
AR GRAD 2024 06 27 01 57 10.000000 2   9.991785177021E-12  5.076202999610E-11
AR GRAD 2024 06 27 01 57 20.000000 2   5.680529397561E-12  4.636226819121E-11
AR GRAD 2024 06 27 01 57 30.000000 2   7.897608782226E-12  2.316250490020E-11
AR GRAD 2024 06 27 01 57 40.000000 2   5.252277345685E-12  5.046274162424E-11
AR GRAD 2024 06 27 01 57 50.000000 2   7.150844152926E-12  5.576298450771E-11
AR GRAD 2024 06 27 01 58  0.000000 2   8.180428556770E-12  6.246320821690E-11
AR GRAD 2024 06 27 01 58 10.000000 2   7.092425605149E-12  3.536345868915E-11
AR GRAD 2024 06 27 01 58 20.000000 2   6.894248626849E-12  4.226369601512E-11
AR GRAD 2024 06 27 01 58 30.000000 2   5.937719500110E-12  4.586393764772E-11
AR GRAD 2024 06 27 01 58 40.000000 2   8.167283689631E-12  3.566418341205E-11
AR GRAD 2024 06 27 01 58 50.000000 2   6.640997213953E-12  4.246442433797E-11
AR GRAD 2024 06 27 01 59  0.000000 2   9.003246065342E-12  3.726467051601E-11
AR GRAD 2024 06 27 01 59 10.000000 2   1.033573573950E-11  5.346490958291E-11
AR GRAD 2024 06 27 01 59 20.000000 2   4.431394053789E-12  2.986516242642E-11
AR GRAD 2024 06 27 01 59 30.000000 2   5.932573442918E-12  4.036541240149E-11
AR GRAD 2024 06 27 01 59 40.000000 2   6.635926617232E-12  4.256565933058E-11
AR GRAD 2024 06 27 01 59 50.000000 2   8.869000152345E-12  3.196590908638E-11
AR GRAD 2024 06 27 02 00  0.000000 2   3.705100028867E-12  4.256615546150E-11
AR GRAD 2024 06 27 02 00 10.000000 2   5.754806787356E-12  3.006641116632E-11
AR GRAD 2024 06 27 02 00 20.000000 2   3.803682629283E-12  2.576666310872E-11
AR GRAD 2024 06 27 02 00 30.000000 2   8.871743617522E-12  3.616691668373E-11
AR GRAD 2024 06 27 02 00 40.000000 2   7.483486920423E-12  3.726717198727E-11
AR GRAD 2024 06 27 02 00 50.000000 2   7.579538559288E-12  6.166742810843E-11
AR GRAD 2024 06 27 02 01  0.000000 2   8.040755561378E-12  2.116768392513E-11
AR GRAD 2024 06 27 02 01 10.000000 2   5.239128141737E-12  3.596794043159E-11
AR GRAD 2024 06 27 02 01 20.000000 2   6.675688647706E-12  2.866820322800E-11
AR GRAD 2024 06 27 02 01 30.000000 2   5.027037380118E-12  3.876846066397E-11
AR GRAD 2024 06 27 02 01 40.000000 2   5.526290796504E-12  3.656872374358E-11
AR GRAD 2024 06 27 02 01 50.000000 2   3.047740879114E-12  3.726898303857E-11
AR GRAD 2024 06 27 02 02  0.000000 2   2.518750832903E-12  2.456924420857E-11
AR GRAD 2024 06 27 02 02 10.000000 2   6.107747987927E-12  5.546951092894E-11
AR GRAD 2024 06 27 02 02 20.000000 2   5.821508639731E-12  3.466977399613E-11
AR GRAD 2024 06 27 02 02 30.000000 2   6.750783525938E-12  4.107003973020E-11
AR GRAD 2024 06 27 02 02 40.000000 2   7.165683411220E-12  3.617030633341E-11
AR GRAD 2024 06 27 02 02 50.000000 2   5.788747085844E-12  3.177057575354E-11
AR GRAD 2024 06 27 02 03  0.000000 2   5.711351530602E-12  2.867084174241E-11
AR GRAD 2024 06 27 02 03 10.000000 2   5.453585499859E-12  4.037111617228E-11
AR GRAD 2024 06 27 02 03 20.000000 2   6.392207943517E-12  4.167138509259E-11
AR GRAD 2024 06 27 02 03 30.000000 2   4.392350632515E-12  4.547165421975E-11
AR GRAD 2024 06 27 02 03 40.000000 2   4.652606425126E-12  2.567192812497E-11
AR GRAD 2024 06 27 02 03 50.000000 2   9.210026838402E-12  3.237219867169E-11
AR GRAD 2024 06 27 02 04  0.000000 2   3.375534877656E-12  2.687247646627E-11
AR GRAD 2024 06 27 02 04 10.000000 2   3.684131558851E-12  4.587275351242E-11
AR GRAD 2024 06 27 02 04 20.000000 2   6.752582000502E-12  2.657302676512E-11
AR GRAD 2024 06 27 02 04 30.000000 2   5.412853758963E-12  4.387331123401E-11
AR GRAD 2024 06 27 02 04 40.000000 2   3.852492543727E-12  3.067358519959E-11
AR GRAD 2024 06 27 02 04 50.000000 2   4.695779789315E-12  4.317386725905E-11
AR GRAD 2024 06 27 02 05  0.000000 2   4.369890733991E-12  4.167414330292E-11
AR GRAD 2024 06 27 02 05 10.000000 2   5.772850947272E-12  4.587442925530E-11
AR GRAD 2024 06 27 02 05 20.000000 2   4.644980147045E-12  2.067470673828E-11
AR GRAD 2024 06 27 02 05 30.000000 2   4.360044877222E-12  4.257499561233E-11
AR GRAD 2024 06 27 02 05 40.000000 2   4.809002588507E-12  4.117528540348E-11
AR GRAD 2024 06 27 02 05 50.000000 2   2.710653533231E-12  2.557556770533E-11
AR GRAD 2024 06 27 02 06  0.000000 2   6.898230250907E-12  3.507585194518E-11
AR GRAD 2024 06 27 02 06 10.000000 2   8.249792342319E-12  2.267614047924E-11
AR GRAD 2024 06 27 02 06 20.000000 2   3.914210535555E-12  4.517642857027E-11
AR GRAD 2024 06 27 02 06 30.000000 2   3.192653173084E-12  3.057671824069E-11
AR GRAD 2024 06 27 02 06 40.000000 2   6.261516912603E-12  2.307700731896E-11
AR GRAD 2024 06 27 02 06 50.000000 2   6.610984329414E-12  3.447730295703E-11
AR GRAD 2024 06 27 02 07  0.000000 2   3.873101925983E-12  4.217759128067E-11
AR GRAD 2024 06 27 02 07 10.000000 2   4.509726359708E-12  4.237788245320E-11
AR GRAD 2024 06 27 02 07 20.000000 2   5.016260410523E-12  3.717818761184E-11
AR GRAD 2024 06 27 02 07 30.000000 2   2.816070293621E-12  1.637847669989E-11
AR GRAD 2024 06 27 02 07 40.000000 2   2.021038935165E-12  3.487877694996E-11
AR GRAD 2024 06 27 02 07 50.000000 2   8.521271253718E-13  3.947907625812E-11
AR GRAD 2024 06 27 02 08  0.000000 2   4.114458340004E-12  3.127937492353E-11
AR GRAD 2024 06 27 02 08 10.000000 2   2.604989791585E-12  4.157967373186E-11
AR GRAD 2024 06 27 02 08 20.000000 2   3.792010976056E-12  2.817996877513E-11
AR GRAD 2024 06 27 02 08 30.000000 2   2.509720296168E-12  3.868027426135E-11
AR GRAD 2024 06 27 02 08 40.000000 2   3.451767517648E-12  4.018058108457E-11
AR GRAD 2024 06 27 02 08 50.000000 2   1.437179043308E-12  4.568088962653E-11
AR GRAD 2024 06 27 02 09  0.000000 2   7.029999412461E-13  3.908118967333E-11
AR GRAD 2024 06 27 02 09 10.000000 2   1.698074406781E-12  3.008148938277E-11
AR GRAD 2024 06 27 02 09 20.000000 2   1.895553809403E-12  3.298180131783E-11
AR GRAD 2024 06 27 02 09 30.000000 2   2.225744978948E-12  3.308210996811E-11
AR GRAD 2024 06 27 02 09 40.000000 2  -2.514590966007E-12  2.698241630128E-11
AR GRAD 2024 06 27 02 09 50.000000 2   5.074211992424E-13  2.168272679459E-11
AR GRAD 2024 06 27 02 10  0.000000 2  -3.070385308848E-12  3.788303698515E-11
AR GRAD 2024 06 27 02 10 10.000000 2  -1.041519518200E-12  4.568334599497E-11
AR GRAD 2024 06 27 02 10 20.000000 2  -9.022190004641E-13  1.818366117401E-11
AR GRAD 2024 06 27 02 10 30.000000 2  -2.474743934083E-12  2.768397490416E-11
AR GRAD 2024 06 27 02 10 40.000000 2  -1.216794243489E-12  2.988429295692E-11
AR GRAD 2024 06 27 02 10 50.000000 2   5.365203181902E-13  3.078460750205E-11
AR GRAD 2024 06 27 02 11  0.000000 2  -4.147160045931E-13  3.628492298291E-11
AR GRAD 2024 06 27 02 11 10.000000 2  -1.240372604974E-12  3.118523841938E-11
AR GRAD 2024 06 27 02 11 20.000000 2   9.317634554543E-13  2.198555920652E-11
AR GRAD 2024 06 27 02 11 30.000000 2  -2.223692584236E-12  2.498588141941E-11
AR GRAD 2024 06 27 02 11 40.000000 2  -8.933660560449E-13  4.188619590062E-11
AR GRAD 2024 06 27 02 11 50.000000 2  -2.757513835328E-12  2.268652279924E-11
AR GRAD 2024 06 27 02 12  0.000000 2   1.572990977923E-12  2.758684600201E-11
AR GRAD 2024 06 27 02 12 10.000000 2  -2.170765954143E-12  3.818717217441E-11
AR GRAD 2024 06 27 02 12 20.000000 2   2.355886210940E-13  3.058749434293E-11
AR GRAD 2024 06 27 02 12 30.000000 2  -6.895756209969E-13  2.868782121579E-11
AR GRAD 2024 06 27 02 12 40.000000 2  -3.049227537133E-12  3.278814719732E-11
AR GRAD 2024 06 27 02 12 50.000000 2  -4.710340190811E-12  1.688847672821E-11
AR GRAD 2024 06 27 02 13  0.000000 2  -2.090059679147E-12  2.608880472765E-11
AR GRAD 2024 06 27 02 13 10.000000 2  -2.706729371887E-12  3.168913395579E-11
AR GRAD 2024 06 27 02 13 20.000000 2  -1.427799501894E-12  1.668946404687E-11
AR GRAD 2024 06 27 02 13 30.000000 2  -4.387927955013E-12  2.498979842502E-11
AR GRAD 2024 06 27 02 13 40.000000 2  -6.375877473555E-13  2.509013136143E-11
AR GRAD 2024 06 27 02 13 50.000000 2  -7.614762986830E-12  3.609046395070E-11
AR GRAD 2024 06 27 02 14  0.000000 2   7.999025432911E-14  2.369080105702E-11
AR GRAD 2024 06 27 02 14 10.000000 2  -2.821895495053E-12  2.739113276473E-11
AR GRAD 2024 06 27 02 14 20.000000 2  -3.461969860091E-12  1.929147119828E-11
AR GRAD 2024 06 27 02 14 30.000000 2  -4.669030786997E-12  2.739180930689E-11
AR GRAD 2024 06 27 02 14 40.000000 2  -2.830087726668E-12  2.819215173810E-11
AR GRAD 2024 06 27 02 14 50.000000 2  -7.998427766463E-13  2.679249183624E-11
AR GRAD 2024 06 27 02 15  0.000000 2  -6.476867653316E-12  2.159282821990E-11
AR GRAD 2024 06 27 02 15 10.000000 2  -3.721399056966E-12  3.369317325141E-11
AR GRAD 2024 06 27 02 15 20.000000 2  -7.409800312393E-13  2.459351472472E-11
AR GRAD 2024 06 27 02 15 30.000000 2  -4.765561643222E-12  2.019386047269E-11
AR GRAD 2024 06 27 02 15 40.000000 2  -3.273505598533E-12  2.909420447617E-11
AR GRAD 2024 06 27 02 15 50.000000 2  -3.820836876056E-12  2.549455264955E-11
AR GRAD 2024 06 27 02 16  0.000000 2  -3.840505604508E-12  2.149489961023E-11
AR GRAD 2024 06 27 02 16 10.000000 2  -4.023789114405E-12  2.729524418987E-11
AR GRAD 2024 06 27 02 16 20.000000 2  -2.138120193049E-12  2.679559352181E-11
AR GRAD 2024 06 27 02 16 30.000000 2  -3.341140081617E-12  1.489594385340E-11
AR GRAD 2024 06 27 02 16 40.000000 2  -5.097248144403E-12  2.229629501860E-11
AR GRAD 2024 06 27 02 16 50.000000 2  -4.009701425056E-12  1.959664895634E-11
AR GRAD 2024 06 27 02 17  0.000000 2  -4.482268289169E-12  2.209700131206E-11
AR GRAD 2024 06 27 02 17 10.000000 2  -5.181866220838E-12  1.909735043715E-11
AR GRAD 2024 06 27 02 17 20.000000 2  -3.653513255819E-12  2.989771277773E-11
AR GRAD 2024 06 27 02 17 30.000000 2  -8.197913702046E-12  1.879806553473E-11
AR GRAD 2024 06 27 02 17 40.000000 2  -5.790826585611E-12  3.009842375334E-11
AR GRAD 2024 06 27 02 17 50.000000 2  -8.113285217271E-12  2.349878278074E-11
AR GRAD 2024 06 27 02 18  0.000000 2  -6.507956500090E-12  2.419913922025E-11
AR GRAD 2024 06 27 02 18 10.000000 2  -4.597579261745E-12  2.859950297418E-11
AR GRAD 2024 06 27 02 18 20.000000 2  -9.200141516674E-12  2.739986015854E-11
AR GRAD 2024 06 27 02 18 30.000000 2  -6.496644368303E-12  7.000225919762E-12
AR GRAD 2024 06 27 02 18 40.000000 2  -5.367280404844E-12  1.890058769216E-11
AR GRAD 2024 06 27 02 18 50.000000 2  -7.348040578781E-12  1.730094886798E-11
AR GRAD 2024 06 27 02 19  0.000000 2  -7.853638746280E-12  2.280131465582E-11
AR GRAD 2024 06 27 02 19 10.000000 2  -8.525645467383E-12  1.680168157381E-11
AR GRAD 2024 06 27 02 19 20.000000 2  -8.133635258367E-12  3.000204945591E-11
AR GRAD 2024 06 27 02 19 30.000000 2  -9.490113556110E-12  1.320241659053E-11
AR GRAD 2024 06 27 02 19 40.000000 2  -7.321421247042E-12  2.450278695221E-11
AR GRAD 2024 06 27 02 19 50.000000 2  -7.027851824798E-12  1.790315985739E-11
AR GRAD 2024 06 27 02 20  0.000000 2  -1.011819707880E-11  3.640352949641E-11
AR GRAD 2024 06 27 02 20 10.000000 2  -8.317780492151E-12  4.703900897268E-12
AR GRAD 2024 06 27 02 20 20.000000 2  -8.994425863829E-12  3.480427404612E-11
AR GRAD 2024 06 27 02 20 30.000000 2  -9.267148680381E-12  1.020464702323E-11
AR GRAD 2024 06 27 02 20 40.000000 2  -1.122375196255E-11  1.640502143851E-11
AR GRAD 2024 06 27 02 20 50.000000 2  -7.880408131600E-12  2.780539687386E-11
AR GRAD 2024 06 27 02 21  0.000000 2  -8.238853176079E-12  1.390577496901E-11
AR GRAD 2024 06 27 02 21 10.000000 2  -1.129891666340E-11  1.460614962312E-11
AR GRAD 2024 06 27 02 21 20.000000 2  -1.036777348001E-11  1.950653180649E-11
AR GRAD 2024 06 27 02 21 30.000000 2  -9.365596839728E-12  1.530691372265E-11
AR GRAD 2024 06 27 02 21 40.000000 2  -6.728162298131E-12  2.600729527569E-11
AR GRAD 2024 06 27 02 21 50.000000 2  -1.054874243511E-11  1.180767549708E-11
AR GRAD 2024 06 27 02 22  0.000000 2  -8.074225316124E-12  1.920806048938E-11
AR GRAD 2024 06 27 02 22 10.000000 2  -8.593725557560E-12  2.084424619670E-13
AR GRAD 2024 06 27 02 22 20.000000 2  -8.913680557554E-12  9.008828405488E-12
AR GRAD 2024 06 27 02 22 30.000000 2  -7.322776066077E-12  2.970921772483E-11
AR GRAD 2024 06 27 02 22 40.000000 2  -9.416488422342E-12  1.680960058648E-11
AR GRAD 2024 06 27 02 22 50.000000 2  -1.086270309814E-11  1.570998886535E-11
AR GRAD 2024 06 27 02 23  0.000000 2  -8.571967788362E-12  1.861037712825E-11
AR GRAD 2024 06 27 02 23 10.000000 2  -1.113439895839E-11  1.191077011325E-11
AR GRAD 2024 06 27 02 23 20.000000 2  -1.282263271257E-11  2.511115967940E-11
AR GRAD 2024 06 27 02 23 30.000000 2  -1.036964698137E-11  1.241155182102E-11
AR GRAD 2024 06 27 02 23 40.000000 2  -9.725539817929E-12 -1.588053365024E-12
AR GRAD 2024 06 27 02 23 50.000000 2  -1.134349211784E-11  3.671234150016E-11
AR GRAD 2024 06 27 02 24  0.000000 2  -9.262385129716E-12 -1.348726599154E-11
AR GRAD 2024 06 27 02 24 10.000000 2  -1.145836724115E-11  1.081313250745E-11
AR GRAD 2024 06 27 02 24 20.000000 2  -1.265714876658E-11  1.771352856061E-11
AR GRAD 2024 06 27 02 24 30.000000 2  -1.427327440268E-11  2.291392596498E-11
AR GRAD 2024 06 27 02 24 40.000000 2  -1.350795517108E-11  3.001432782868E-11
AR GRAD 2024 06 27 02 24 50.000000 2  -1.388354969184E-11  2.431472384545E-11
AR GRAD 2024 06 27 02 25  0.000000 2  -1.224527857585E-11  7.915126887248E-12
AR GRAD 2024 06 27 02 25 10.000000 2  -1.303101983957E-11  1.731552921880E-11
AR GRAD 2024 06 27 02 25 20.000000 2  -1.283082494419E-11  2.491593042997E-11
AR GRAD 2024 06 27 02 25 30.000000 2  -1.205736985949E-11  6.516336949203E-12
AR GRAD 2024 06 27 02 25 40.000000 2  -1.319877020178E-11  1.321674193699E-11
AR GRAD 2024 06 27 02 25 50.000000 2  -1.486540057716E-11  1.791714519805E-11
AR GRAD 2024 06 27 02 26  0.000000 2  -1.260971275313E-11  1.301755665067E-11
AR GRAD 2024 06 27 02 26 10.000000 2  -1.413071309270E-11  5.317964818508E-12
AR GRAD 2024 06 27 02 26 20.000000 2  -1.351066741123E-11  1.461837421945E-11
AR GRAD 2024 06 27 02 26 30.000000 2  -1.470132349191E-11  1.591878191765E-11
AR GRAD 2024 06 27 02 26 40.000000 2  -1.389166299354E-11  1.781919230226E-11
AR GRAD 2024 06 27 02 26 50.000000 2  -1.399738918523E-11  1.451960687099E-11
AR GRAD 2024 06 27 02 27  0.000000 2  -1.555153922306E-11 -5.379979014369E-12
AR GRAD 2024 06 27 02 27 10.000000 2  -1.690882503458E-11 -8.179565531841E-12
AR GRAD 2024 06 27 02 27 20.000000 2  -1.555212902904E-11  3.002085038895E-11
AR GRAD 2024 06 27 02 27 30.000000 2  -1.626305340396E-11  1.402126331707E-11
AR GRAD 2024 06 27 02 27 40.000000 2  -1.491760014127E-11  3.216825406310E-13
AR GRAD 2024 06 27 02 27 50.000000 2  -1.617918472807E-11  2.492210084137E-11
AR GRAD 2024 06 27 02 28  0.000000 2  -1.492926962610E-11  2.242252043760E-11
AR GRAD 2024 06 27 02 28 10.000000 2  -1.797683182869E-11  1.882294146938E-11
AR GRAD 2024 06 27 02 28 20.000000 2  -1.554084812228E-11  1.812336218598E-11
AR GRAD 2024 06 27 02 28 30.000000 2  -1.447924679460E-11  2.122378488234E-11
AR GRAD 2024 06 27 02 28 40.000000 2  -1.563965797147E-11  2.424207752941E-12
AR GRAD 2024 06 27 02 28 50.000000 2  -1.493703424837E-11  1.512463071451E-11
AR GRAD 2024 06 27 02 29  0.000000 2  -1.654041660581E-11  6.425056233578E-12
AR GRAD 2024 06 27 02 29 10.000000 2  -1.771507940340E-11  8.525485872823E-12
AR GRAD 2024 06 27 02 29 20.000000 2  -1.391676530960E-11  1.942591053294E-11
AR GRAD 2024 06 27 02 29 30.000000 2  -1.755673557924E-11  3.926339722099E-12
AR GRAD 2024 06 27 02 29 40.000000 2  -1.497865546873E-11  1.412676919887E-11
AR GRAD 2024 06 27 02 29 50.000000 2  -1.823091851094E-11  6.227198444397E-12
AR GRAD 2024 06 27 02 30  0.000000 2  -1.658900794510E-11  1.352762953738E-11
AR GRAD 2024 06 27 02 30 10.000000 2  -1.228051688118E-11 -4.071936798161E-12
AR GRAD 2024 06 27 02 30 20.000000 2  -1.989582630590E-11  3.284956399778E-13
AR GRAD 2024 06 27 02 30 30.000000 2  -1.729436038822E-11  1.482892975080E-11
AR GRAD 2024 06 27 02 30 40.000000 2  -1.817031941576E-11  4.629366334719E-12
AR GRAD 2024 06 27 02 30 50.000000 2  -1.683496397842E-11 -3.570199040917E-12
AR GRAD 2024 06 27 02 31  0.000000 2  -1.451525965396E-11 -1.646976131864E-11
AR GRAD 2024 06 27 02 31 10.000000 2  -1.728345071228E-11 -2.769322314869E-12
AR GRAD 2024 06 27 02 31 20.000000 2  -1.943776216373E-11  1.333111745994E-11
AR GRAD 2024 06 27 02 31 30.000000 2  -1.659820371425E-11 -1.076844429598E-11
AR GRAD 2024 06 27 02 31 40.000000 2  -1.572369838498E-11  6.831998074913E-12
AR GRAD 2024 06 27 02 31 50.000000 2  -1.685845039956E-11  1.293244157596E-11
AR GRAD 2024 06 27 02 32  0.000000 2  -1.787870719527E-11 -7.767115943469E-12
AR GRAD 2024 06 27 02 32 10.000000 2  -1.932199365784E-11  6.233327656119E-12
AR GRAD 2024 06 27 02 32 20.000000 2  -2.008500310513E-11 -1.456622669704E-11
AR GRAD 2024 06 27 02 32 30.000000 2  -1.836483916329E-11  3.134219229636E-12
AR GRAD 2024 06 27 02 32 40.000000 2  -1.763684337464E-11  5.334668037177E-12
AR GRAD 2024 06 27 02 32 50.000000 2  -1.848255229420E-11  2.043511540539E-11
AR GRAD 2024 06 27 02 33  0.000000 2  -1.857769493796E-11  1.935564989536E-12
AR GRAD 2024 06 27 02 33 10.000000 2  -1.935471748149E-11  5.536015222629E-12
AR GRAD 2024 06 27 02 33 20.000000 2  -1.722399653459E-11  5.936465728718E-12
AR GRAD 2024 06 27 02 33 30.000000 2  -2.191219601599E-11 -3.963081599001E-12
AR GRAD 2024 06 27 02 33 40.000000 2  -1.816369450680E-11  1.333737200543E-11
AR GRAD 2024 06 27 02 33 50.000000 2  -2.081072987548E-11 -1.026217305578E-11
AR GRAD 2024 06 27 02 34  0.000000 2  -2.082692525385E-11 -1.226171681551E-11
AR GRAD 2024 06 27 02 34 10.000000 2  -1.815003008998E-11  6.238739993364E-12
AR GRAD 2024 06 27 02 34 20.000000 2  -1.859768242185E-11  8.639196129312E-12
AR GRAD 2024 06 27 02 34 30.000000 2  -2.037597174320E-11 -1.603440416467E-13
AR GRAD 2024 06 27 02 34 40.000000 2  -2.124453564456E-11 -7.459886007533E-12
AR GRAD 2024 06 27 02 34 50.000000 2  -1.761156498414E-11 -1.375942415560E-11
AR GRAD 2024 06 27 02 35  0.000000 2  -2.050398739684E-11  7.541038106462E-12
AR GRAD 2024 06 27 02 35 10.000000 2  -2.289145262235E-11  2.841497219810E-12
AR GRAD 2024 06 27 02 35 20.000000 2  -2.021532767571E-11 -2.558038850187E-12
AR GRAD 2024 06 27 02 35 30.000000 2  -2.170572402371E-11 -6.957574707339E-12
AR GRAD 2024 06 27 02 35 40.000000 2  -2.269633959939E-11 -4.857106904177E-12
AR GRAD 2024 06 27 02 35 50.000000 2  -1.912454569708E-11 -4.556642389797E-12
AR GRAD 2024 06 27 02 36  0.000000 2  -2.244395815032E-11  2.843825001875E-12
AR GRAD 2024 06 27 02 36 10.000000 2  -2.134805179854E-11 -5.255705159274E-12
AR GRAD 2024 06 27 02 36 20.000000 2  -2.244488969683E-11  9.447637984439E-13
AR GRAD 2024 06 27 02 36 30.000000 2  -2.013157869574E-11 -7.354766969059E-12
AR GRAD 2024 06 27 02 36 40.000000 2  -2.343288757478E-11  2.145705054607E-12
AR GRAD 2024 06 27 02 36 50.000000 2  -2.535356299904E-11 -3.653822470279E-12
AR GRAD 2024 06 27 02 37  0.000000 2  -2.110885598261E-11  1.334665190866E-11
AR GRAD 2024 06 27 02 37 10.000000 2  -2.477987606775E-11 -1.255287453844E-11
AR GRAD 2024 06 27 02 37 20.000000 2  -2.265156638648E-11 -7.752399416860E-12
AR GRAD 2024 06 27 02 37 30.000000 2  -2.467183402022E-11 -1.535192285795E-11
AR GRAD 2024 06 27 02 37 40.000000 2  -2.296129779367E-11 -4.951445069928E-12
AR GRAD 2024 06 27 02 37 50.000000 2  -2.132706511393E-11 -1.065096622010E-11
AR GRAD 2024 06 27 02 38  0.000000 2  -2.378337284059E-11 -1.845048766547E-11
AR GRAD 2024 06 27 02 38 10.000000 2  -2.388661837771E-11 -1.075000592016E-11
AR GRAD 2024 06 27 02 38 20.000000 2  -2.382810962431E-11 -1.749525979818E-12
AR GRAD 2024 06 27 02 38 30.000000 2  -2.161120067623E-11 -4.904339738140E-14
AR GRAD 2024 06 27 02 38 40.000000 2  -2.425546395679E-11 -1.448559479832E-12
AR GRAD 2024 06 27 02 38 50.000000 2  -2.365375777191E-11 -1.644807380574E-11
AR GRAD 2024 06 27 02 39  0.000000 2  -2.292832763928E-11 -2.364759082996E-11
AR GRAD 2024 06 27 02 39 10.000000 2  -2.344340173377E-11 -1.747103655324E-12
AR GRAD 2024 06 27 02 39 20.000000 2  -2.255536209195E-11 -1.524661473462E-11
AR GRAD 2024 06 27 02 39 30.000000 2  -2.342821769918E-11 -1.824612856638E-11
AR GRAD 2024 06 27 02 39 40.000000 2  -2.333594428805E-11 -1.044563741059E-11
AR GRAD 2024 06 27 02 39 50.000000 2  -2.401820409226E-11 -1.674514867045E-11
AR GRAD 2024 06 27 02 40  0.000000 2  -2.169852839073E-11 -2.244653464836E-12
AR GRAD 2024 06 27 02 40 10.000000 2  -2.413606120522E-11 -2.344416327738E-11
AR GRAD 2024 06 27 02 40 20.000000 2  -2.237193763577E-11 -4.343668653928E-12
AR GRAD 2024 06 27 02 40 30.000000 2  -2.254814911173E-11 -1.004317549264E-11
AR GRAD 2024 06 27 02 40 40.000000 2  -2.294236502165E-11 -2.974267707123E-11
AR GRAD 2024 06 27 02 40 50.000000 2  -2.014876286649E-11 -4.342185465356E-12
AR GRAD 2024 06 27 02 41  0.000000 2  -2.472743017290E-11 -9.141684804981E-12
AR GRAD 2024 06 27 02 41 10.000000 2  -2.425780062931E-11 -1.441186254537E-12
AR GRAD 2024 06 27 02 41 20.000000 2  -2.197325481290E-11 -3.694068662075E-11
AR GRAD 2024 06 27 02 41 30.000000 2  -2.104228249977E-11 -4.640186672400E-12
AR GRAD 2024 06 27 02 41 40.000000 2  -2.520502556669E-11 -2.723968620111E-11
AR GRAD 2024 06 27 02 41 50.000000 2  -2.546507796297E-11 -1.323918231988E-11
AR GRAD 2024 06 27 02 42  0.000000 2  -1.991571491056E-11 -2.323868007748E-11
AR GRAD 2024 06 27 02 42 10.000000 2  -2.047248655324E-11 -8.381734976221E-13
AR GRAD 2024 06 27 02 42 20.000000 2  -2.025869229316E-11 -1.523767050038E-11
AR GRAD 2024 06 27 02 42 30.000000 2  -2.171153187791E-11 -2.493716171059E-11
AR GRAD 2024 06 27 02 42 40.000000 2  -2.162713237663E-11 -1.943665367543E-11
AR GRAD 2024 06 27 02 42 50.000000 2  -2.198803986109E-11 -2.133614812605E-11
AR GRAD 2024 06 27 02 43  0.000000 2  -2.758288215887E-11 -1.483563792648E-11
AR GRAD 2024 06 27 02 43 10.000000 2  -2.169790562501E-11 -1.753512612890E-11
AR GRAD 2024 06 27 02 43 20.000000 2  -2.381614176705E-11 -2.173461584321E-11
AR GRAD 2024 06 27 02 43 30.000000 2  -1.915132288866E-11  2.265897322204E-12
AR GRAD 2024 06 27 02 43 40.000000 2  -2.223430467518E-11 -2.223358823439E-11
AR GRAD 2024 06 27 02 43 50.000000 2  -2.220994395341E-11 -4.533074002971E-12
AR GRAD 2024 06 27 02 44  0.000000 2  -2.499908613451E-11 -2.413255706379E-11
AR GRAD 2024 06 27 02 44 10.000000 2  -2.276184275785E-11 -3.873204187932E-11
AR GRAD 2024 06 27 02 44 20.000000 2  -2.125643237816E-11 -6.131522373165E-12
AR GRAD 2024 06 27 02 44 30.000000 2  -2.433067462781E-11 -2.523100478546E-11
AR GRAD 2024 06 27 02 44 40.000000 2  -2.273847082845E-11 -1.673048678763E-11
AR GRAD 2024 06 27 02 44 50.000000 2  -1.903502702683E-11 -9.129964145815E-12
AR GRAD 2024 06 27 02 45  0.000000 2  -1.967772993161E-11 -2.622944396402E-11
AR GRAD 2024 06 27 02 45 10.000000 2  -2.024666198586E-11 -3.542892021424E-11
AR GRAD 2024 06 27 02 45 20.000000 2  -2.431935382241E-11 -1.322839667667E-11
AR GRAD 2024 06 27 02 45 30.000000 2  -2.283408011283E-11 -3.282787236492E-11
AR GRAD 2024 06 27 02 45 40.000000 2  -2.053869747887E-11 -2.192734882556E-11
AR GRAD 2024 06 27 02 45 50.000000 2  -2.285246644695E-11 -2.682682201383E-11
AR GRAD 2024 06 27 02 46  0.000000 2  -2.126204420860E-11 -3.092629277668E-11
AR GRAD 2024 06 27 02 46 10.000000 2  -2.357384253082E-11 -9.425763988768E-12
AR GRAD 2024 06 27 02 46 20.000000 2  -1.964355067496E-11 -1.992523507299E-11
AR GRAD 2024 06 27 02 46 30.000000 2  -2.269314770820E-11  3.075294793126E-12
AR GRAD 2024 06 27 02 46 40.000000 2  -2.193095531566E-11 -3.292417033451E-11
AR GRAD 2024 06 27 02 46 50.000000 2  -2.227203144134E-11 -2.442363845889E-11
AR GRAD 2024 06 27 02 47  0.000000 2  -2.029674171788E-11 -1.912310587660E-11
AR GRAD 2024 06 27 02 47 10.000000 2  -2.129947954121E-11 -1.452257238077E-11
AR GRAD 2024 06 27 02 47 20.000000 2  -2.132446302872E-11 -2.222203497604E-11
AR GRAD 2024 06 27 02 47 30.000000 2  -2.261116294200E-11 -2.022149982184E-11
AR GRAD 2024 06 27 02 47 40.000000 2  -2.292656342551E-11 -1.642096181254E-11
AR GRAD 2024 06 27 02 47 50.000000 2  -2.287445927118E-11 -3.512042393017E-11
AR GRAD 2024 06 27 02 48  0.000000 2  -2.159249515299E-11 -2.561988295124E-11
AR GRAD 2024 06 27 02 48 10.000000 2  -2.097393266010E-11 -4.451934307315E-11
AR GRAD 2024 06 27 02 48 20.000000 2  -2.105082601289E-11 -2.081879980909E-11
AR GRAD 2024 06 27 02 48 30.000000 2  -1.932193641196E-11 -2.621826020177E-11
AR GRAD 2024 06 27 02 48 40.000000 2  -2.289684414292E-11 -5.917714235304E-12
AR GRAD 2024 06 27 02 48 50.000000 2  -1.754407383259E-11 -2.581716958272E-11
AR GRAD 2024 06 27 02 49  0.000000 2  -2.194338287465E-11 -2.921662217714E-11
AR GRAD 2024 06 27 02 49 10.000000 2  -2.424301558113E-11 -2.851607838750E-11
AR GRAD 2024 06 27 02 49 20.000000 2  -1.834622211094E-11 -2.971552864883E-11
AR GRAD 2024 06 27 02 49 30.000000 2  -2.419028345690E-11 -2.481498166673E-11
AR GRAD 2024 06 27 02 49 40.000000 2  -1.918312557414E-11 -2.921442948667E-11
AR GRAD 2024 06 27 02 49 50.000000 2  -1.954020278916E-11 -2.931387771410E-11
AR GRAD 2024 06 27 02 50  0.000000 2  -1.846716876641E-11 -3.251332883480E-11
AR GRAD 2024 06 27 02 50 10.000000 2  -2.116641931171E-11 -2.811277599601E-11
AR GRAD 2024 06 27 02 50 20.000000 2  -2.001357413128E-11 -3.501222228808E-11
AR GRAD 2024 06 27 02 50 30.000000 2  -2.300685163215E-11 -2.721166694752E-11
AR GRAD 2024 06 27 02 50 40.000000 2  -1.791523179806E-11 -1.351111150044E-11
AR GRAD 2024 06 27 02 50 50.000000 2  -2.169337105784E-11 -2.751055633299E-11
AR GRAD 2024 06 27 02 51  0.000000 2  -2.047945667216E-11 -2.640999745285E-11
AR GRAD 2024 06 27 02 51 10.000000 2  -1.947880398645E-11 -2.240943888787E-11
AR GRAD 2024 06 27 02 51 20.000000 2  -2.203617843755E-11 -4.150887966681E-11
AR GRAD 2024 06 27 02 51 30.000000 2  -2.066997614736E-11 -3.450831981278E-11
AR GRAD 2024 06 27 02 51 40.000000 2  -2.374955614115E-11 -1.900775717378E-11
AR GRAD 2024 06 27 02 51 50.000000 2  -1.709948502238E-11 -2.640719587443E-11
AR GRAD 2024 06 27 02 52  0.000000 2  -2.179451064066E-11 -2.780663026225E-11
AR GRAD 2024 06 27 02 52 10.000000 2  -2.135742971365E-11 -4.220606503180E-11
AR GRAD 2024 06 27 02 52 20.000000 2  -1.760673377926E-11 -2.710550013607E-11
AR GRAD 2024 06 27 02 52 30.000000 2  -1.948126555906E-11 -1.820493235327E-11
AR GRAD 2024 06 27 02 52 40.000000 2  -1.794985861336E-11 -3.910436557897E-11
AR GRAD 2024 06 27 02 52 50.000000 2  -1.894538866065E-11 -4.020379515413E-11
AR GRAD 2024 06 27 02 53  0.000000 2  -1.936981131045E-11 -4.340322545815E-11
AR GRAD 2024 06 27 02 53 10.000000 2  -1.713989193630E-11 -2.690265718530E-11
AR GRAD 2024 06 27 02 53 20.000000 2  -1.913159387856E-11 -3.040208362837E-11
AR GRAD 2024 06 27 02 53 30.000000 2  -1.741182198423E-11 -2.190151185411E-11
AR GRAD 2024 06 27 02 53 40.000000 2  -1.778200676983E-11 -3.730093664500E-11
AR GRAD 2024 06 27 02 53 50.000000 2  -1.948295864918E-11 -1.960036299931E-11
AR GRAD 2024 06 27 02 54  0.000000 2  -1.703289592703E-11 -2.699978608744E-11
AR GRAD 2024 06 27 02 54 10.000000 2  -1.900442997416E-11 -2.599920972957E-11
AR GRAD 2024 06 27 02 54 20.000000 2  -1.843400605772E-11 -2.389863480723E-11
AR GRAD 2024 06 27 02 54 30.000000 2  -1.710927580167E-11 -3.649805110917E-11
AR GRAD 2024 06 27 02 54 40.000000 2  -1.999470033986E-11 -3.529747327757E-11
AR GRAD 2024 06 27 02 54 50.000000 2  -1.889099467134E-11 -2.699689430341E-11
AR GRAD 2024 06 27 02 55  0.000000 2  -1.942164484792E-11 -3.119630942461E-11
AR GRAD 2024 06 27 02 55 10.000000 2  -1.739735092099E-11 -2.809572886842E-11
AR GRAD 2024 06 27 02 55 20.000000 2  -1.837045272846E-11 -2.819514760555E-11
AR GRAD 2024 06 27 02 55 30.000000 2  -1.999426665900E-11 -2.889456035549E-11
AR GRAD 2024 06 27 02 55 40.000000 2  -2.133870337373E-11 -3.339397161572E-11
AR GRAD 2024 06 27 02 55 50.000000 2  -1.707689198382E-11 -4.069338616075E-11
AR GRAD 2024 06 27 02 56  0.000000 2  -1.836100368968E-11 -2.759279783826E-11
AR GRAD 2024 06 27 02 56 10.000000 2  -1.570591573463E-11 -3.639220869101E-11
AR GRAD 2024 06 27 02 56 20.000000 2  -1.758787039619E-11 -3.509162058157E-11
AR GRAD 2024 06 27 02 56 30.000000 2  -1.756471010306E-11 -2.089103022518E-11
AR GRAD 2024 06 27 02 56 40.000000 2  -1.532077936739E-11 -2.039044107172E-11
AR GRAD 2024 06 27 02 56 50.000000 2  -1.498932054866E-11 -2.208984557772E-11
AR GRAD 2024 06 27 02 57  0.000000 2  -2.011424360404E-11 -3.318924995943E-11
AR GRAD 2024 06 27 02 57 10.000000 2  -1.737248886413E-11 -2.158865620994E-11
AR GRAD 2024 06 27 02 57 20.000000 2  -2.002132140633E-11 -3.228805764421E-11
AR GRAD 2024 06 27 02 57 30.000000 2  -1.791163571629E-11 -2.938746468395E-11
AR GRAD 2024 06 27 02 57 40.000000 2  -1.652672616814E-11 -7.586864296527E-12
AR GRAD 2024 06 27 02 57 50.000000 2  -1.725757210747E-11 -3.958626482170E-11
AR GRAD 2024 06 27 02 58  0.000000 2  -1.838667586240E-11 -3.308566615123E-11
AR GRAD 2024 06 27 02 58 10.000000 2  -1.628276680155E-11 -3.718506405570E-11
AR GRAD 2024 06 27 02 58 20.000000 2  -1.564110646557E-11 -2.878446613008E-11
AR GRAD 2024 06 27 02 58 30.000000 2  -2.069586169107E-11 -2.218386238595E-11
AR GRAD 2024 06 27 02 58 40.000000 2  -1.387326278163E-11 -2.118325827249E-11
AR GRAD 2024 06 27 02 58 50.000000 2  -1.586559876532E-11 -2.808265252285E-11
AR GRAD 2024 06 27 02 59  0.000000 2  -1.758046139222E-11 -1.908204844137E-11
AR GRAD 2024 06 27 02 59 10.000000 2  -1.953863286441E-11 -3.528144096321E-11
AR GRAD 2024 06 27 02 59 20.000000 2  -1.294427846160E-11 -1.388083224751E-11
AR GRAD 2024 06 27 02 59 30.000000 2  -1.764530015158E-11 -3.878022208914E-11
AR GRAD 2024 06 27 02 59 40.000000 2  -1.772705073011E-11 -3.117961444588E-11
AR GRAD 2024 06 27 02 59 50.000000 2  -1.681653774566E-11 -1.957900334915E-11
AR GRAD 2024 06 27 03 00  0.000000 2  -1.523487586086E-11 -2.097839089943E-11
AR GRAD 2024 06 27 03 00 10.000000 2  -1.823468459561E-11 -1.977777837336E-11
AR GRAD 2024 06 27 03 00 20.000000 2  -1.344550946275E-11 -4.377716245063E-11
AR GRAD 2024 06 27 03 00 30.000000 2  -1.812422607828E-11 -8.476547588843E-12
AR GRAD 2024 06 27 03 00 40.000000 2  -1.206872015519E-11 -2.977593172027E-11
AR GRAD 2024 06 27 03 00 50.000000 2  -1.517366440829E-11 -2.847531412054E-11
AR GRAD 2024 06 27 03 01  0.000000 2  -1.722661943648E-11 -6.574698684786E-12
AR GRAD 2024 06 27 03 01 10.000000 2  -1.551223732799E-11 -2.327407884473E-11
AR GRAD 2024 06 27 03 01 20.000000 2  -1.278446619402E-11 -4.673459969712E-12
AR GRAD 2024 06 27 03 01 30.000000 2  -1.529204540773E-11 -2.597283672856E-11
AR GRAD 2024 06 27 03 01 40.000000 2  -1.478716628311E-11 -1.767221959048E-11
AR GRAD 2024 06 27 03 01 50.000000 2  -1.293199835412E-11 -3.197159204049E-11
AR GRAD 2024 06 27 03 02  0.000000 2  -1.454025701925E-11 -2.897097145516E-11
AR GRAD 2024 06 27 03 02 10.000000 2  -1.521604543753E-11 -3.417034363795E-11
AR GRAD 2024 06 27 03 02 20.000000 2  -1.647432537610E-11 -2.916971872380E-11
AR GRAD 2024 06 27 03 02 30.000000 2  -1.364333472587E-11 -9.569091179162E-12
AR GRAD 2024 06 27 03 02 40.000000 2  -1.844974520382E-11 -1.766846564888E-11
AR GRAD 2024 06 27 03 02 50.000000 2  -1.554853815144E-11 -3.656783209571E-11
AR GRAD 2024 06 27 03 03  0.000000 2  -1.516376087196E-11 -2.626720542465E-11
AR GRAD 2024 06 27 03 03 10.000000 2  -1.294362186877E-11 -3.756657485088E-11
AR GRAD 2024 06 27 03 03 20.000000 2  -1.411774516735E-11 -6.165941455333E-12
AR GRAD 2024 06 27 03 03 30.000000 2  -1.591440174087E-11 -2.216530951837E-11
AR GRAD 2024 06 27 03 03 40.000000 2  -1.427648277375E-11 -2.166467699682E-11
AR GRAD 2024 06 27 03 03 50.000000 2  -1.495331289347E-11 -2.496403951613E-11
AR GRAD 2024 06 27 03 04  0.000000 2  -1.653775380528E-11 -1.226340470145E-11
AR GRAD 2024 06 27 03 04 10.000000 2  -1.466237548042E-11 -2.536276744181E-11
AR GRAD 2024 06 27 03 04 20.000000 2  -1.582697861657E-11 -2.636213122797E-11
AR GRAD 2024 06 27 03 04 30.000000 2  -1.331748166605E-11 -8.861489667056E-12
AR GRAD 2024 06 27 03 04 40.000000 2  -1.320771703811E-11 -4.026084673980E-11
AR GRAD 2024 06 27 03 04 50.000000 2  -1.682639964862E-11 -3.460209983125E-12
