 2.00 C RINEX VERSION / TYPE
 10.00 INTERVAL
 1 AR # / TYPES OF DATA
 END OF HEADER
AR GRAD 2024 06 10 01 05  0.000000 2  -2.335294457811E-11 -2.699869841583E-11
AR GRAD 2024 06 10 01 05 10.000000 2  -2.826501879771E-11 -2.624194958556E-11
AR GRAD 2024 06 10 01 05 20.000000 2  -2.757229340677E-11 -2.548520249002E-11
AR GRAD 2024 06 10 01 05 30.000000 2  -2.770499107907E-11 -2.472845539447E-11
AR GRAD 2024 06 10 01 05 40.000000 2  -2.681138817906E-11 -3.049170985148E-11
AR GRAD 2024 06 10 01 05 50.000000 2  -2.654397361634E-11 -2.619496633494E-11
AR GRAD 2024 06 10 01 06  0.000000 2  -2.790561878796E-11 -2.189822455312E-11
AR GRAD 2024 06 10 01 06 10.000000 2  -2.566614802635E-11 -2.629814942201E-11
AR GRAD 2024 06 10 01 06 20.000000 2  -2.914914490337E-11 -3.069807255618E-11
AR GRAD 2024 06 10 01 06 30.000000 2  -3.026372555337E-11 -3.509799742507E-11
AR GRAD 2024 06 10 01 06 40.000000 2  -2.806319759907E-11 -3.362680967012E-11
AR GRAD 2024 06 10 01 06 50.000000 2  -2.813695630655E-11 -3.215562885406E-11
AR GRAD 2024 06 10 01 07  0.000000 2  -2.218629620299E-11 -3.068444803800E-11
AR GRAD 2024 06 10 01 07 10.000000 2  -3.125941519522E-11 -2.921326375249E-11
AR GRAD 2024 06 10 01 07 20.000000 2  -2.557375491929E-11 -2.774208640588E-11
AR GRAD 2024 06 10 01 07 30.000000 2  -2.506134709479E-11 -2.627090732454E-11
AR GRAD 2024 06 10 01 07 40.000000 2  -2.722941663813E-11 -2.479972997793E-11
AR GRAD 2024 06 10 01 07 50.000000 2  -2.543369334584E-11 -2.332855089660E-11
AR GRAD 2024 06 10 01 08  0.000000 2  -2.462663059588E-11 -2.185737528471E-11
AR GRAD 2024 06 10 01 08 10.000000 2  -2.420869581188E-11 -2.403731033662E-11
AR GRAD 2024 06 10 01 08 20.000000 2  -2.553575059738E-11 -2.621724538854E-11
AR GRAD 2024 06 10 01 08 30.000000 2  -2.395283624224E-11 -2.839718390990E-11
AR GRAD 2024 06 10 01 08 40.000000 2  -2.060878551147E-11 -3.551045221761E-11
AR GRAD 2024 06 10 01 08 50.000000 2  -2.869884017931E-11 -3.218872390853E-11
AR GRAD 2024 06 10 01 09  0.000000 2  -2.160101784943E-11 -2.886699906890E-11
AR GRAD 2024 06 10 01 09 10.000000 2  -2.700135948164E-11 -2.596027386115E-11
AR GRAD 2024 06 10 01 09 20.000000 2  -2.125236271688E-11 -3.043354804277E-11
AR GRAD 2024 06 10 01 09 30.000000 2  -2.771119618494E-11 -3.490682395912E-11
AR GRAD 2024 06 10 01 09 40.000000 2  -2.759720056644E-11 -3.091010086775E-11
AR GRAD 2024 06 10 01 09 50.000000 2  -2.299965079500E-11 -3.020337799309E-11
AR GRAD 2024 06 10 01 10  0.000000 2  -2.747589308849E-11 -2.949665511842E-11
AR GRAD 2024 06 10 01 10 10.000000 2  -2.686411509911E-11 -2.354993804132E-11
AR GRAD 2024 06 10 01 10 20.000000 2  -2.743751059686E-11 -1.760322096422E-11
AR GRAD 2024 06 10 01 10 30.000000 2  -2.107412161445E-11 -2.737650037221E-11
AR GRAD 2024 06 10 01 10 40.000000 2  -2.469570381525E-11 -3.211977905870E-11
AR GRAD 2024 06 10 01 10 50.000000 2  -2.349930840195E-11 -3.292973185798E-11
AR GRAD 2024 06 10 01 11  0.000000 2  -2.206031884944E-11 -3.373968118781E-11
AR GRAD 2024 06 10 01 11 10.000000 2  -2.499928736244E-11 -3.454963398708E-11
AR GRAD 2024 06 10 01 11 20.000000 2  -2.209531169139E-11 -1.817292323569E-11
AR GRAD 2024 06 10 01 11 30.000000 2  -2.605953126900E-11 -2.763620929325E-11
AR GRAD 2024 06 10 01 11 40.000000 2  -2.449382016656E-11 -2.245949780322E-11
AR GRAD 2024 06 10 01 11 50.000000 2  -2.296243750699E-11 -2.717778606331E-11
AR GRAD 2024 06 10 01 12  0.000000 2  -2.425063101719E-11 -3.189607605814E-11
AR GRAD 2024 06 10 01 12 10.000000 2  -2.296471693364E-11 -3.224603223329E-11
AR GRAD 2024 06 10 01 12 20.000000 2  -2.523460954085E-11 -3.259599187788E-11
AR GRAD 2024 06 10 01 12 30.000000 2  -2.330552591190E-11 -3.294594805303E-11
AR GRAD 2024 06 10 01 12 40.000000 2  -2.248970627783E-11 -3.088924255268E-11
AR GRAD 2024 06 10 01 12 50.000000 2  -2.342676053146E-11 -3.388253566605E-11
AR GRAD 2024 06 10 01 13  0.000000 2  -2.507519192285E-11 -3.552583227595E-11
AR GRAD 2024 06 10 01 13 10.000000 2  -2.129799288320E-11 -3.065913148359E-11
AR GRAD 2024 06 10 01 13 20.000000 2  -2.304916674190E-11 -2.440742920273E-11
AR GRAD 2024 06 10 01 13 30.000000 2  -2.435456177008E-11 -1.815572692188E-11
AR GRAD 2024 06 10 01 13 40.000000 2  -2.058426519513E-11 -2.305902691013E-11
AR GRAD 2024 06 10 01 13 50.000000 2  -2.668722881571E-11 -2.796232516367E-11
AR GRAD 2024 06 10 01 14  0.000000 2  -2.097259518830E-11 -3.070562554219E-11
AR GRAD 2024 06 10 01 14 10.000000 2  -2.278607857953E-11 -2.671893088724E-11
AR GRAD 2024 06 10 01 14 20.000000 2  -2.011185315509E-11 -2.278223269758E-11
AR GRAD 2024 06 10 01 14 30.000000 2  -2.294529670432E-11 -2.747553400073E-11
AR GRAD 2024 06 10 01 14 40.000000 2  -2.424652839617E-11 -1.635884136486E-11
AR GRAD 2024 06 10 01 14 50.000000 2  -2.374820652629E-11 -2.793214617935E-11
AR GRAD 2024 06 10 01 15  0.000000 2  -1.795037382624E-11 -2.123545263244E-11
AR GRAD 2024 06 10 01 15 10.000000 2  -2.325621119292E-11 -1.453875995289E-11
AR GRAD 2024 06 10 01 15 20.000000 2  -2.074554937559E-11 -7.842069008057E-12
AR GRAD 2024 06 10 01 15 30.000000 2  -2.327014622661E-11 -1.145377412706E-12
AR GRAD 2024 06 10 01 15 40.000000 2  -2.347159619442E-11 -7.488687621404E-12
AR GRAD 2024 06 10 01 15 50.000000 2  -1.731915132142E-11 -1.383199891430E-11
AR GRAD 2024 06 10 01 16  0.000000 2  -2.372710188048E-11 -1.541531138849E-11
AR GRAD 2024 06 10 01 16 10.000000 2  -2.008914215534E-11 -2.255362563375E-11
AR GRAD 2024 06 10 01 16 20.000000 2  -2.168376589395E-11 -2.969193640956E-11
AR GRAD 2024 06 10 01 16 30.000000 2  -2.237893204082E-11 -5.845253968351E-12
AR GRAD 2024 06 10 01 16 40.000000 2  -1.897084052349E-11 -1.480356982830E-11
AR GRAD 2024 06 10 01 16 50.000000 2  -1.741162942992E-11 -2.376188655562E-11
AR GRAD 2024 06 10 01 17  0.000000 2  -1.883620343035E-11 -1.578520300582E-11
AR GRAD 2024 06 10 01 17 10.000000 2  -2.050753490634E-11 -2.613852190247E-11
AR GRAD 2024 06 10 01 17 20.000000 2  -2.157338023501E-11 -1.887184332416E-11
AR GRAD 2024 06 10 01 17 30.000000 2  -1.794770061736E-11 -2.637516247073E-11
AR GRAD 2024 06 10 01 17 40.000000 2  -1.732239698904E-11 -1.868848305275E-11
AR GRAD 2024 06 10 01 17 50.000000 2  -1.722281518790E-11 -2.448680667955E-11
AR GRAD 2024 06 10 01 18  0.000000 2  -1.653390445389E-11 -3.028512857162E-11
AR GRAD 2024 06 10 01 18 10.000000 2  -1.573453867199E-11 -2.963845141535E-11
AR GRAD 2024 06 10 01 18 20.000000 2  -1.572868571498E-11 -3.276177593103E-11
AR GRAD 2024 06 10 01 18 30.000000 2  -1.929554779845E-11 -2.110010430267E-11
AR GRAD 2024 06 10 01 18 40.000000 2  -1.764061466347E-11 -9.438430939590E-12
AR GRAD 2024 06 10 01 18 50.000000 2  -1.112761272015E-11 -3.081175592445E-11
AR GRAD 2024 06 10 01 19  0.000000 2  -1.607127798897E-11 -1.536508767441E-11
AR GRAD 2024 06 10 01 19 10.000000 2  -1.385040519775E-11 -2.514841633550E-11
AR GRAD 2024 06 10 01 19 20.000000 2  -1.659094389650E-11 -2.706174694056E-11
AR GRAD 2024 06 10 01 19 30.000000 2  -1.780903202686E-11 -3.048507973835E-11
AR GRAD 2024 06 10 01 19 40.000000 2  -1.469952458366E-11 -1.550841226272E-11
AR GRAD 2024 06 10 01 19 50.000000 2  -1.262329130114E-11 -2.448174649117E-11
AR GRAD 2024 06 10 01 20  0.000000 2  -1.623772644122E-11 -1.517508167737E-11
AR GRAD 2024 06 10 01 20 10.000000 2  -1.418822611482E-11 -1.239341528708E-11
AR GRAD 2024 06 10 01 20 20.000000 2  -1.398267005653E-11 -9.611748896798E-12
AR GRAD 2024 06 10 01 20 30.000000 2  -1.249861065339E-11 -1.387508944545E-11
AR GRAD 2024 06 10 01 20 40.000000 2  -1.221040196037E-11 -1.167842732241E-11
AR GRAD 2024 06 10 01 20 50.000000 2  -1.504724470025E-11 -2.768176486645E-11
AR GRAD 2024 06 10 01 21  0.000000 2  -1.328960552716E-11 -3.825104295807E-12
AR GRAD 2024 06 10 01 21 10.000000 2  -1.053644931720E-11 -1.031844575061E-11
AR GRAD 2024 06 10 01 21 20.000000 2  -1.284683730923E-11 -3.741788129341E-12
AR GRAD 2024 06 10 01 21 30.000000 2  -1.144095408689E-11 -2.810513106966E-11
AR GRAD 2024 06 10 01 21 40.000000 2  -1.468198132515E-11 -4.488474696085E-12
AR GRAD 2024 06 10 01 21 50.000000 2  -1.150796645477E-11 -2.211181758527E-11
AR GRAD 2024 06 10 01 22  0.000000 2  -1.091086682808E-11 -2.446516426946E-11
AR GRAD 2024 06 10 01 22 10.000000 2  -9.744052786864E-12 -1.104851193173E-11
AR GRAD 2024 06 10 01 22 20.000000 2  -1.316746104513E-11 -4.471858213589E-12
AR GRAD 2024 06 10 01 22 30.000000 2  -1.090468687570E-11 -1.988520632878E-11
AR GRAD 2024 06 10 01 22 40.000000 2  -1.182718419729E-11 -5.308554811012E-12
AR GRAD 2024 06 10 01 22 50.000000 2  -8.955380707831E-12 -2.896190579027E-11
AR GRAD 2024 06 10 01 23  0.000000 2  -1.082947100051E-11 -9.905257170040E-12
AR GRAD 2024 06 10 01 23 10.000000 2  -1.155972539912E-11 -7.958607731173E-12
AR GRAD 2024 06 10 01 23 20.000000 2  -1.181204006134E-11 -1.151196152294E-11
AR GRAD 2024 06 10 01 23 30.000000 2  -1.238429324368E-11 -4.965314617800E-12
AR GRAD 2024 06 10 01 23 40.000000 2  -8.565953502071E-12 -5.058670062702E-12
AR GRAD 2024 06 10 01 23 50.000000 2  -8.719558061698E-12 -2.158202609681E-11
AR GRAD 2024 06 10 01 24  0.000000 2  -8.909054050044E-12 -3.417537780548E-11
AR GRAD 2024 06 10 01 24 10.000000 2  -5.998917074895E-12 -1.333873896753E-11
AR GRAD 2024 06 10 01 24 20.000000 2  -7.398834149519E-12 -1.320209826877E-11
AR GRAD 2024 06 10 01 24 30.000000 2  -4.821015114898E-12 -2.945545543587E-11
AR GRAD 2024 06 10 01 24 40.000000 2  -9.704170626790E-12 -3.438818457421E-12
AR GRAD 2024 06 10 01 24 50.000000 2  -7.756226216848E-12 -2.538217899750E-11
AR GRAD 2024 06 10 01 25  0.000000 2  -4.249546894930E-12 -1.648554036338E-11
AR GRAD 2024 06 10 01 25 10.000000 2  -6.974863395182E-12  4.110970461615E-13
AR GRAD 2024 06 10 01 25 20.000000 2  -4.465908545748E-12 -1.688226815288E-11
AR GRAD 2024 06 10 01 25 30.000000 2  -4.995190459184E-12  1.034365627005E-12
AR GRAD 2024 06 10 01 25 40.000000 2  -3.723008012990E-12 -3.589980689025E-13
AR GRAD 2024 06 10 01 25 50.000000 2  -8.381510763211E-12 -1.198236562056E-11
AR GRAD 2024 06 10 01 26  0.000000 2  -4.045854797019E-12 -8.305732837610E-12
AR GRAD 2024 06 10 01 26 10.000000 2  -6.198507852828E-12 -9.469102585369E-12
AR GRAD 2024 06 10 01 26 20.000000 2  -3.578269625049E-12 -5.902471220121E-12
AR GRAD 2024 06 10 01 26 30.000000 2  -3.500207719151E-12 -8.455842796795E-12
AR GRAD 2024 06 10 01 26 40.000000 2  -4.599576362146E-12  2.090786745124E-12
AR GRAD 2024 06 10 01 26 50.000000 2  -4.704029266805E-12 -1.501258492520E-11
AR GRAD 2024 06 10 01 27  0.000000 2  -7.071423308025E-12 -1.192595848465E-11
AR GRAD 2024 06 10 01 27 10.000000 2  -5.274303563341E-12 -2.349334268792E-12
AR GRAD 2024 06 10 01 27 20.000000 2  -4.934359344733E-12  1.597291851736E-12
AR GRAD 2024 06 10 01 27 30.000000 2  -1.280617539096E-12 -4.076082353588E-12
AR GRAD 2024 06 10 01 27 40.000000 2  -2.889895137428E-12  1.041053875050E-11
AR GRAD 2024 06 10 01 27 50.000000 2  -7.662621080186E-13 -7.028386661730E-13
AR GRAD 2024 06 10 01 28  0.000000 2  -4.134807947420E-12 -2.334621905520E-11
AR GRAD 2024 06 10 01 28 10.000000 2   1.159264538205E-14 -1.649597233984E-12
AR GRAD 2024 06 10 01 28 20.000000 2  -5.447953720095E-12  1.862702180000E-11
AR GRAD 2024 06 10 01 28 30.000000 2  -3.135297197646E-13  1.943639693636E-12
AR GRAD 2024 06 10 01 28 40.000000 2  -2.004929642446E-12 -9.509743686964E-12
AR GRAD 2024 06 10 01 28 50.000000 2   1.908343491910E-12 -1.995312769176E-11
AR GRAD 2024 06 10 01 29  0.000000 2  -1.995299975591E-12  1.613489073252E-12
AR GRAD 2024 06 10 01 29 10.000000 2  -1.890845336208E-12 -3.079895062943E-12
AR GRAD 2024 06 10 01 29 20.000000 2  -1.202791338750E-12 -4.763280481851E-12
AR GRAD 2024 06 10 01 29 30.000000 2   5.990301028651E-13 -9.726669122911E-12
AR GRAD 2024 06 10 01 29 40.000000 2  -1.758831036543E-12  7.994195989859E-14
AR GRAD 2024 06 10 01 29 50.000000 2   7.837218287537E-13 -2.934458503013E-13
AR GRAD 2024 06 10 01 30  0.000000 2  -3.268624086672E-12 -1.568683724584E-11
AR GRAD 2024 06 10 01 30 10.000000 2  -5.238474042567E-13 -1.199022565262E-11
AR GRAD 2024 06 10 01 30 20.000000 2  -2.934521332529E-12 -1.999361960714E-11
AR GRAD 2024 06 10 01 30 30.000000 2   2.810854847490E-12  1.274298895571E-11
AR GRAD 2024 06 10 01 30 40.000000 2   4.139336443054E-12 -6.004025401851E-13
AR GRAD 2024 06 10 01 30 50.000000 2   3.628438695336E-12 -4.753799350693E-12
AR GRAD 2024 06 10 01 31  0.000000 2  -4.886711152917E-13 -3.507192800067E-12
AR GRAD 2024 06 10 01 31 10.000000 2   4.296182767177E-12  3.249408337888E-12
AR GRAD 2024 06 10 01 31 20.000000 2   1.112213186133E-12  5.336014616275E-12
AR GRAD 2024 06 10 01 31 30.000000 2  -1.009235121689E-12  9.261390482643E-14
AR GRAD 2024 06 10 01 31 40.000000 2   1.411137808167E-12 -9.507856741503E-13
AR GRAD 2024 06 10 01 31 50.000000 2   1.529616602651E-12  1.978581187778E-11
AR GRAD 2024 06 10 01 32  0.000000 2   4.577273889778E-12 -6.417587815333E-12
AR GRAD 2024 06 10 01 32 10.000000 2   1.661018544930E-12 -1.340988951826E-12
AR GRAD 2024 06 10 01 32 20.000000 2   3.895650729085E-12 -9.443918086785E-13
AR GRAD 2024 06 10 01 32 30.000000 2   5.295008355388E-12  7.262204726466E-12
AR GRAD 2024 06 10 01 32 40.000000 2   1.415986360283E-12  4.278799536905E-12
AR GRAD 2024 06 10 01 32 50.000000 2   3.154291498136E-12 -2.524607042517E-12
AR GRAD 2024 06 10 01 33  0.000000 2   2.524182902627E-12  2.903198861870E-11
AR GRAD 2024 06 10 01 33 10.000000 2   4.271694543229E-12  1.948857741851E-11
AR GRAD 2024 06 10 01 33 20.000000 2   2.320098757211E-12  2.407517414593E-11
AR GRAD 2024 06 10 01 33 30.000000 2   1.854678953819E-12  6.121760216804E-12
AR GRAD 2024 06 10 01 33 40.000000 2   4.999060627259E-12  2.150835065606E-11
AR GRAD 2024 06 10 01 33 50.000000 2   2.355126293638E-12  4.094940098814E-12
AR GRAD 2024 06 10 01 34  0.000000 2   3.546484503639E-12  2.621152947468E-11
AR GRAD 2024 06 10 01 34 10.000000 2   3.932596435996E-12 -5.871884575792E-12
AR GRAD 2024 06 10 01 34 20.000000 2   3.003093650492E-12  4.614470264230E-11
AR GRAD 2024 06 10 01 34 30.000000 2   9.595860564482E-12 -2.211871311109E-11
AR GRAD 2024 06 10 01 34 40.000000 2   4.572947055748E-12  2.963787548715E-11
AR GRAD 2024 06 10 01 34 50.000000 2   6.514158787038E-13  1.263445424671E-11
AR GRAD 2024 06 10 01 35  0.000000 2   7.215488623258E-12  2.320103310860E-11
AR GRAD 2024 06 10 01 35 10.000000 2   4.342045386435E-12  1.417761914813E-11
AR GRAD 2024 06 10 01 35 20.000000 2   1.078930261106E-11  3.035419832154E-11
AR GRAD 2024 06 10 01 35 30.000000 2   3.017664460328E-12  2.050777516555E-12
AR GRAD 2024 06 10 01 35 40.000000 2   1.523860139636E-12  1.334735533903E-11
AR GRAD 2024 06 10 01 35 50.000000 2   1.068506047530E-11  1.107393430427E-11
AR GRAD 2024 06 10 01 36  0.000000 2   7.529432806408E-12  8.030511151891E-12
AR GRAD 2024 06 10 01 36 10.000000 2   6.486978922776E-12  1.207708932860E-11
AR GRAD 2024 06 10 01 36 20.000000 2   7.595191836574E-12  2.556366056339E-11
AR GRAD 2024 06 10 01 36 30.000000 2   6.271652468193E-12  2.066023567504E-11
AR GRAD 2024 06 10 01 36 40.000000 2   7.903162499434E-12 -1.303191387268E-12
AR GRAD 2024 06 10 01 36 50.000000 2   5.441435062953E-12  3.447338248197E-11
AR GRAD 2024 06 10 01 37  0.000000 2   9.588605083544E-12  2.230994902708E-11
AR GRAD 2024 06 10 01 37 10.000000 2   1.093647915285E-11  1.372652078807E-11
AR GRAD 2024 06 10 01 37 20.000000 2   7.838099093382E-12  1.029309189965E-11
AR GRAD 2024 06 10 01 37 30.000000 2   6.958912612820E-12  3.503965867457E-11
AR GRAD 2024 06 10 01 37 40.000000 2   8.044519911321E-12 -1.593773073585E-12
AR GRAD 2024 06 10 01 37 50.000000 2   9.634529285485E-12  2.866279436020E-11
AR GRAD 2024 06 10 01 38  0.000000 2   7.835908137632E-12  1.846935972216E-11
AR GRAD 2024 06 10 01 38 10.000000 2   5.644259799126E-12  1.730592405491E-11
AR GRAD 2024 06 10 01 38 20.000000 2   7.450723198132E-12  3.097248499340E-11
AR GRAD 2024 06 10 01 38 30.000000 2   1.107181794163E-11  2.126904902200E-11
AR GRAD 2024 06 10 01 38 40.000000 2   9.139291753946E-12  2.068561294477E-11
AR GRAD 2024 06 10 01 38 50.000000 2   1.082311150424E-11  1.484217262981E-11
AR GRAD 2024 06 10 01 39  0.000000 2   9.120244490179E-12  6.048734429998E-12
AR GRAD 2024 06 10 01 39 10.000000 2   8.049758776218E-12  2.525529264885E-11
AR GRAD 2024 06 10 01 39 20.000000 2   1.039908003458E-11  3.306185186736E-11
AR GRAD 2024 06 10 01 39 30.000000 2   9.582963762800E-12  3.824840791311E-11
AR GRAD 2024 06 10 01 39 40.000000 2   1.046350592976E-11  1.592496447211E-11
AR GRAD 2024 06 10 01 39 50.000000 2   1.246371148650E-11  4.352152319087E-11
AR GRAD 2024 06 10 01 40  0.000000 2   1.195662839570E-11 -4.941924040130E-12
AR GRAD 2024 06 10 01 40 10.000000 2   9.731986917727E-12  3.187462793708E-11
AR GRAD 2024 06 10 01 40 20.000000 2   8.837475022616E-12  4.325117694548E-11
AR GRAD 2024 06 10 01 40 30.000000 2   1.281035433981E-11  8.887734298524E-12
AR GRAD 2024 06 10 01 40 40.000000 2   1.237608539956E-11  2.196428282308E-11
AR GRAD 2024 06 10 01 40 50.000000 2   1.435423828411E-11  4.840083195345E-11
AR GRAD 2024 06 10 01 41  0.000000 2   8.387694185041E-12  1.345738537967E-11
AR GRAD 2024 06 10 01 41 10.000000 2   8.530036919863E-12  2.264393186846E-11
AR GRAD 2024 06 10 01 41 20.000000 2   1.489569578794E-11  1.714047480339E-11
AR GRAD 2024 06 10 01 41 30.000000 2   1.490895948364E-11  3.212702326394E-11
AR GRAD 2024 06 10 01 41 40.000000 2   1.134142866427E-11  3.536356971146E-11
AR GRAD 2024 06 10 01 41 50.000000 2   1.282040706235E-11 -1.309886660944E-12
AR GRAD 2024 06 10 01 42  0.000000 2   1.282979104900E-11  3.802665821118E-11
AR GRAD 2024 06 10 01 42 10.000000 2   1.552537612359E-11  2.086319832173E-11
AR GRAD 2024 06 10 01 42 20.000000 2   1.458166053181E-11  4.469973696741E-11
AR GRAD 2024 06 10 01 42 30.000000 2   1.231697556447E-11 -1.683718811075E-12
AR GRAD 2024 06 10 01 42 40.000000 2   1.524963835764E-11  3.197282022471E-11
AR GRAD 2024 06 10 01 42 50.000000 2   1.441431436017E-11  1.576936151104E-11
AR GRAD 2024 06 10 01 43  0.000000 2   1.347728959683E-11  2.265589625627E-11
AR GRAD 2024 06 10 01 43 10.000000 2   1.734037045897E-11  2.634243344291E-11
AR GRAD 2024 06 10 01 43 20.000000 2   1.764285939565E-11  2.830897148642E-11
AR GRAD 2024 06 10 01 43 30.000000 2   1.258912505492E-11  1.991550674374E-11
AR GRAD 2024 06 10 01 43 40.000000 2   1.132893084899E-11  4.221203941945E-11
AR GRAD 2024 06 10 01 43 50.000000 2   1.654820377950E-11  3.110857405009E-11
AR GRAD 2024 06 10 01 44  0.000000 2   1.764117497915E-11  1.907510607801E-11
AR GRAD 2024 06 10 01 44 10.000000 2   1.242940819712E-11  2.708163554521E-11
AR GRAD 2024 06 10 01 44 20.000000 2   1.537912679150E-11  9.018166421959E-12
AR GRAD 2024 06 10 01 44 30.000000 2   1.612657923866E-11  3.534469938948E-11
AR GRAD 2024 06 10 01 44 40.000000 2   1.210681034591E-11  5.345122955358E-11
AR GRAD 2024 06 10 01 44 50.000000 2   1.588259385121E-11  1.576775515710E-11
AR GRAD 2024 06 10 01 45  0.000000 2   1.544672202647E-11  3.209428209305E-11
AR GRAD 2024 06 10 01 45 10.000000 2   1.390145984437E-11  3.098080819663E-11
AR GRAD 2024 06 10 01 45 20.000000 2   1.952842922093E-11  2.768732812464E-11
AR GRAD 2024 06 10 01 45 30.000000 2   1.754461333159E-11  2.233385525130E-11
AR GRAD 2024 06 10 01 45 40.000000 2   1.949581815430E-11  3.427037820192E-11
AR GRAD 2024 06 10 01 45 50.000000 2   1.433365752479E-11  2.835690189606E-11
AR GRAD 2024 06 10 01 46  0.000000 2   1.821281493675E-11  1.763342076522E-11
AR GRAD 2024 06 10 01 46 10.000000 2   1.826482368128E-11  3.606994217198E-11
AR GRAD 2024 06 10 01 46 20.000000 2   1.702127327974E-11  4.407646123084E-11
AR GRAD 2024 06 10 01 46 30.000000 2   2.329317294603E-11  8.922979542747E-12
AR GRAD 2024 06 10 01 46 40.000000 2   1.618855570429E-11  5.310949596771E-11
AR GRAD 2024 06 10 01 46 50.000000 2   1.815090439061E-11  3.208601440097E-11
AR GRAD 2024 06 10 01 47  0.000000 2   1.459508555679E-11  2.629252544850E-11
AR GRAD 2024 06 10 01 47 10.000000 2   1.840792449026E-11  5.272904682330E-11
AR GRAD 2024 06 10 01 47 20.000000 2   1.770701814341E-11  4.304555323298E-11
AR GRAD 2024 06 10 01 47 30.000000 2   1.602981289373E-11  2.035207072315E-11
AR GRAD 2024 06 10 01 47 40.000000 2   1.838097209161E-11  2.984858540889E-11
AR GRAD 2024 06 10 01 47 50.000000 2   1.770322777261E-11  2.406509019837E-11
AR GRAD 2024 06 10 01 48  0.000000 2   1.977652590301E-11  1.551160415392E-11
AR GRAD 2024 06 10 01 48 10.000000 2   1.638514844637E-11  4.561811345338E-11
AR GRAD 2024 06 10 01 48 20.000000 2   1.691214703003E-11  2.554461850379E-11
AR GRAD 2024 06 10 01 48 30.000000 2   1.850112077428E-11  3.660112837811E-11
AR GRAD 2024 06 10 01 48 40.000000 2   1.843637395527E-11  3.904762971296E-11
AR GRAD 2024 06 10 01 48 50.000000 2   2.164352377876E-11  2.713413521649E-11
AR GRAD 2024 06 10 01 49  0.000000 2   2.085808782637E-11  3.015064586886E-11
AR GRAD 2024 06 10 01 49 10.000000 2   1.844350193403E-11  3.666714848416E-11
AR GRAD 2024 06 10 01 49 20.000000 2   2.375168464686E-11  4.435365269506E-11
AR GRAD 2024 06 10 01 49 30.000000 2   1.988272220477E-11  2.020015404947E-11
AR GRAD 2024 06 10 01 49 40.000000 2   2.381902314275E-11  3.038665152832E-11
AR GRAD 2024 06 10 01 49 50.000000 2   1.712568975520E-11  1.496315224503E-11
AR GRAD 2024 06 10 01 50  0.000000 2   1.769800452023E-11  4.050964771962E-11
AR GRAD 2024 06 10 01 50 10.000000 2   2.151409259077E-11  5.152614446224E-11
AR GRAD 2024 06 10 01 50 20.000000 2   2.194219979323E-11  3.784265262263E-11
AR GRAD 2024 06 10 01 50 30.000000 2   1.609825987792E-11  2.583913985554E-11
AR GRAD 2024 06 10 01 50 40.000000 2   2.543572817648E-11  3.337563905803E-11
AR GRAD 2024 06 10 01 50 50.000000 2   2.072670854392E-11  3.228213182882E-11
AR GRAD 2024 06 10 01 51  0.000000 2   1.857265209682E-11  8.838626011642E-12
AR GRAD 2024 06 10 01 51 10.000000 2   2.280212997585E-11  3.262512135449E-11
AR GRAD 2024 06 10 01 51 20.000000 2   1.889834295998E-11  2.185161079860E-11
AR GRAD 2024 06 10 01 51 30.000000 2   1.888653296256E-11  2.838809916306E-11
AR GRAD 2024 06 10 01 51 40.000000 2   1.940764736419E-11  2.052458723811E-11
AR GRAD 2024 06 10 01 51 50.000000 2   2.268681943696E-11  4.840108175364E-11
AR GRAD 2024 06 10 01 52  0.000000 2   2.104505979206E-11  3.546756638384E-11
AR GRAD 2024 06 10 01 52 10.000000 2   2.144858075870E-11  3.840405077282E-11
AR GRAD 2024 06 10 01 52 20.000000 2   2.300866441818E-11  3.970054493485E-11
AR GRAD 2024 06 10 01 52 30.000000 2   2.631146689414E-11  2.691702416513E-11
AR GRAD 2024 06 10 01 52 40.000000 2   2.188677537818E-11  5.403350683553E-11
AR GRAD 2024 06 10 01 52 50.000000 2   2.384340468120E-11  2.780999042162E-11
AR GRAD 2024 06 10 01 53  0.000000 2   1.925226991717E-11  3.671647361148E-11
AR GRAD 2024 06 10 01 53 10.000000 2   2.635720287858E-11  3.930295325305E-11
AR GRAD 2024 06 10 01 53 20.000000 2   2.166296482475E-11  5.043943387961E-11
AR GRAD 2024 06 10 01 53 30.000000 2   2.314261976499E-11  3.255591629614E-11
AR GRAD 2024 06 10 01 53 40.000000 2   2.510467354833E-11  3.363239201026E-11
AR GRAD 2024 06 10 01 53 50.000000 2   2.379442129441E-11  3.802887518778E-11
AR GRAD 2024 06 10 01 54  0.000000 2   2.530298540138E-11  4.103534873012E-11
AR GRAD 2024 06 10 01 54 10.000000 2   2.526766296196E-11  2.669182236348E-11
AR GRAD 2024 06 10 01 54 20.000000 2   2.158130098240E-11  3.495830014355E-11
AR GRAD 2024 06 10 01 54 30.000000 2   2.585392490373E-11  5.110477319104E-11
AR GRAD 2024 06 10 01 54 40.000000 2   2.032462219359E-11  4.787124516237E-11
AR GRAD 2024 06 10 01 54 50.000000 2   2.332672249805E-11  2.648772000347E-11
AR GRAD 2024 06 10 01 55  0.000000 2   2.535597599940E-11  3.991419000871E-11
AR GRAD 2024 06 10 01 55 10.000000 2   2.270322298215E-11  3.318066307822E-11
AR GRAD 2024 06 10 01 55 20.000000 2   2.628294457074E-11  4.532712746808E-11
AR GRAD 2024 06 10 01 55 30.000000 2   2.515177129070E-11  3.548359869820E-11
AR GRAD 2024 06 10 01 55 40.000000 2   2.308922671113E-11  3.069006507261E-11
AR GRAD 2024 06 10 01 55 50.000000 2   2.580195085367E-11  4.992652818947E-11
AR GRAD 2024 06 10 01 56  0.000000 2   2.130861806449E-11  3.808300202968E-11
AR GRAD 2024 06 10 01 56 10.000000 2   2.148137744074E-11  2.311946294131E-11
AR GRAD 2024 06 10 01 56 20.000000 2   2.755210989913E-11  3.453592620217E-11
AR GRAD 2024 06 10 01 56 30.000000 2   2.492349902850E-11  3.451238947405E-11
AR GRAD 2024 06 10 01 56 40.000000 2   2.282652365737E-11  3.129884892927E-11
AR GRAD 2024 06 10 01 56 50.000000 2   2.387445102725E-11  4.030531464139E-11
AR GRAD 2024 06 10 01 57  0.000000 2   2.523913543440E-11  5.838177163930E-11
AR GRAD 2024 06 10 01 57 10.000000 2   2.530849835258E-11  4.967823374891E-11
AR GRAD 2024 06 10 01 57 20.000000 2   2.046429171954E-11  4.853468321686E-11
AR GRAD 2024 06 10 01 57 30.000000 2   2.500081738854E-11  2.169114887707E-11
AR GRAD 2024 06 10 01 57 40.000000 2   2.365955348305E-11  4.278759985210E-11
AR GRAD 2024 06 10 01 57 50.000000 2   2.275555265052E-11  3.867405701241E-11
AR GRAD 2024 06 10 01 58  0.000000 2   2.548363776944E-11  3.402051557133E-11
AR GRAD 2024 06 10 01 58 10.000000 2   2.010104756256E-11  3.905696599471E-11
AR GRAD 2024 06 10 01 58 20.000000 2   2.577064950327E-11  3.931341710506E-11
AR GRAD 2024 06 10 01 58 30.000000 2   2.119024747338E-11  4.879986692519E-11
AR GRAD 2024 06 10 01 58 40.000000 2   2.419880615334E-11  2.027632055313E-11
AR GRAD 2024 06 10 01 58 50.000000 2   2.353139384736E-11  5.093277535839E-11
AR GRAD 2024 06 10 01 59  0.000000 2   2.514755764738E-11  4.301922013061E-11
AR GRAD 2024 06 10 01 59 10.000000 2   2.579602503827E-11  3.141566867759E-11
AR GRAD 2024 06 10 01 59 20.000000 2   1.971995657046E-11  3.130212061775E-11
AR GRAD 2024 06 10 01 59 30.000000 2   2.288276686191E-11  2.400856076445E-11
AR GRAD 2024 06 10 01 59 40.000000 2   2.293583031832E-11  4.895500671509E-11
AR GRAD 2024 06 10 01 59 50.000000 2   2.427331946553E-11  2.134144944099E-11
AR GRAD 2024 06 10 02 00  0.000000 2   1.800825981391E-11  4.810789613896E-11
AR GRAD 2024 06 10 02 00 10.000000 2   2.062027978922E-11  2.311433509872E-11
AR GRAD 2024 06 10 02 00 20.000000 2   2.054354082681E-11  3.549077698395E-11
AR GRAD 2024 06 10 02 00 30.000000 2   2.468956983304E-11  4.604722159129E-11
AR GRAD 2024 06 10 02 00 40.000000 2   2.179844672823E-11  3.775365436942E-11
AR GRAD 2024 06 10 02 00 50.000000 2   2.353993042159E-11  3.864010500454E-11
AR GRAD 2024 06 10 02 01  0.000000 2   2.582484226465E-11  3.647653359917E-11
AR GRAD 2024 06 10 02 01 10.000000 2   2.015614584960E-11  2.688296807385E-11
AR GRAD 2024 06 10 02 01 20.000000 2   2.161873978446E-11  3.896940409254E-11
AR GRAD 2024 06 10 02 01 30.000000 2   2.076038126131E-11  4.144584328514E-11
AR GRAD 2024 06 10 02 01 40.000000 2   2.338537523350E-11  4.353227847642E-11
AR GRAD 2024 06 10 02 01 50.000000 2   1.512767515421E-11  3.939871345837E-11
AR GRAD 2024 06 10 02 02  0.000000 2   1.780453909306E-11  2.480514058045E-11
AR GRAD 2024 06 10 02 02 10.000000 2   2.051756681221E-11  2.900157197727E-11
AR GRAD 2024 06 10 02 02 20.000000 2   2.383545444351E-11  5.012800591286E-11
AR GRAD 2024 06 10 02 02 30.000000 2   2.295307346967E-11  4.343443313348E-11
AR GRAD 2024 06 10 02 02 40.000000 2   2.429729681341E-11  3.412086238552E-11
AR GRAD 2024 06 10 02 02 50.000000 2   2.054867560830E-11  3.578729326770E-11
AR GRAD 2024 06 10 02 03  0.000000 2   2.095731574392E-11  4.728371513774E-11
AR GRAD 2024 06 10 02 03 10.000000 2   2.050462057090E-11  3.548013965959E-11
AR GRAD 2024 06 10 02 03 20.000000 2   2.258988308912E-11  3.018657199205E-11
AR GRAD 2024 06 10 02 03 30.000000 2   1.744344599319E-11  3.666299555616E-11
AR GRAD 2024 06 10 02 03 40.000000 2   2.138782033423E-11  1.428941426990E-11
AR GRAD 2024 06 10 02 03 50.000000 2   2.569945124764E-11  4.613583820534E-11
AR GRAD 2024 06 10 02 04  0.000000 2   1.826280272843E-11  3.000225415328E-11
AR GRAD 2024 06 10 02 04 10.000000 2   1.834981472326E-11  1.611867410378E-11
AR GRAD 2024 06 10 02 04 20.000000 2   2.415081155893E-11  4.769509787117E-11
AR GRAD 2024 06 10 02 04 30.000000 2   1.992191654698E-11  4.443151749300E-11
AR GRAD 2024 06 10 02 04 40.000000 2   2.032525189821E-11  3.318793503904E-11
AR GRAD 2024 06 10 02 04 50.000000 2   1.759943059343E-11  5.217434470572E-11
AR GRAD 2024 06 10 02 05  0.000000 2   2.144001122473E-11  2.401076386327E-11
AR GRAD 2024 06 10 02 05 10.000000 2   1.933917262442E-11  4.865718591929E-11
AR GRAD 2024 06 10 02 05 20.000000 2   2.059708827107E-11  2.166359452938E-11
AR GRAD 2024 06 10 02 05 30.000000 2   1.676102659443E-11  3.116000860115E-11
AR GRAD 2024 06 10 02 05 40.000000 2   1.833570968668E-11  4.501641767685E-11
AR GRAD 2024 06 10 02 05 50.000000 2   1.720616357725E-11  3.389282951516E-11
AR GRAD 2024 06 10 02 06  0.000000 2   2.251772553141E-11  1.357924016288E-11
AR GRAD 2024 06 10 02 06 10.000000 2   2.349710877259E-11  4.333564757042E-11
AR GRAD 2024 06 10 02 06 20.000000 2   1.862751966564E-11  4.972055319546E-12
AR GRAD 2024 06 10 02 06 30.000000 2   1.849233093043E-11  4.091846653176E-11
AR GRAD 2024 06 10 02 06 40.000000 2   2.109817008600E-11  3.295486800114E-11
AR GRAD 2024 06 10 02 06 50.000000 2   2.373252636079E-11  1.236127693260E-11
AR GRAD 2024 06 10 02 07  0.000000 2   1.903125573799E-11  2.531768197866E-11
AR GRAD 2024 06 10 02 07 10.000000 2   1.836522600662E-11  2.581408177493E-11
AR GRAD 2024 06 10 02 07 20.000000 2   1.823515990984E-11  1.812048774918E-11
AR GRAD 2024 06 10 02 07 30.000000 2   1.543116329161E-11  2.495688725124E-11
AR GRAD 2024 06 10 02 07 40.000000 2   1.545623698473E-11  1.819328888930E-11
AR GRAD 2024 06 10 02 07 50.000000 2   1.348926612771E-11  1.589688667161E-12
AR GRAD 2024 06 10 02 08  0.000000 2   1.949642183807E-11  3.231609077559E-11
AR GRAD 2024 06 10 02 08 10.000000 2   1.509356875595E-11  2.886248184897E-11
AR GRAD 2024 06 10 02 08 20.000000 2   1.715046854533E-11  1.635888126350E-11
AR GRAD 2024 06 10 02 08 30.000000 2   1.564713462965E-11  2.147527641827E-11
AR GRAD 2024 06 10 02 08 40.000000 2   1.585531532455E-11  1.711167318952E-11
AR GRAD 2024 06 10 02 08 50.000000 2   1.537669297447E-11  1.922806878996E-11
AR GRAD 2024 06 10 02 09  0.000000 2   1.335551114146E-11  1.884460035934E-12
AR GRAD 2024 06 10 02 09 10.000000 2   1.567992437279E-11  2.478085445179E-11
AR GRAD 2024 06 10 02 09 20.000000 2   1.308777392017E-11  7.437244396724E-12
AR GRAD 2024 06 10 02 09 30.000000 2   1.477938084415E-11  3.239363638441E-11
AR GRAD 2024 06 10 02 09 40.000000 2   9.230622342871E-12  9.370025588762E-12
AR GRAD 2024 06 10 02 09 50.000000 2   8.989136691950E-12  2.242641489181E-11
AR GRAD 2024 06 10 02 10  0.000000 2   9.070252361687E-12  1.047280144550E-11
AR GRAD 2024 06 10 02 10 10.000000 2   1.066928576737E-11  1.898918695897E-11
AR GRAD 2024 06 10 02 10 20.000000 2   7.434925938798E-12  3.699557327153E-11
AR GRAD 2024 06 10 02 10 30.000000 2   8.343953132595E-12  2.366196127923E-11
AR GRAD 2024 06 10 02 10 40.000000 2   1.040974337979E-11  4.284834986823E-11
AR GRAD 2024 06 10 02 10 50.000000 2   1.083591810030E-11  8.044728945500E-12
AR GRAD 2024 06 10 02 11  0.000000 2   1.183358706164E-11  2.937110971102E-11
AR GRAD 2024 06 10 02 11 10.000000 2   1.067051481896E-11  4.081749174767E-11
AR GRAD 2024 06 10 02 11 20.000000 2   1.169448565763E-11  1.926386827833E-11
AR GRAD 2024 06 10 02 11 30.000000 2   6.585001207510E-12  2.847025046271E-11
AR GRAD 2024 06 10 02 11 40.000000 2   8.723307666492E-12  2.864663020685E-11
AR GRAD 2024 06 10 02 11 50.000000 2   8.943749386925E-12 -4.969929090666E-13
AR GRAD 2024 06 10 02 12  0.000000 2   1.033666294920E-11  5.497938909693E-11
AR GRAD 2024 06 10 02 12 10.000000 2   5.154222534887E-12  2.276575976345E-11
AR GRAD 2024 06 10 02 12 20.000000 2   1.090625159628E-11  2.845213474545E-11
AR GRAD 2024 06 10 02 12 30.000000 2   7.659795540904E-12  1.955850585655E-11
AR GRAD 2024 06 10 02 12 40.000000 2   5.686896266399E-12  1.664488165354E-11
AR GRAD 2024 06 10 02 12 50.000000 2   4.127680836019E-12  1.428125499803E-11
AR GRAD 2024 06 10 02 13  0.000000 2   6.057686036814E-12  2.338762516985E-11
AR GRAD 2024 06 10 02 13 10.000000 2   5.596743988395E-12  1.586399241138E-11
AR GRAD 2024 06 10 02 13 20.000000 2   8.143809411554E-12  3.658036373810E-11
AR GRAD 2024 06 10 02 13 30.000000 2   4.154226008329E-12  1.926673404151E-11
AR GRAD 2024 06 10 02 13 40.000000 2   9.624109668926E-12  1.370310115378E-11
AR GRAD 2024 06 10 02 13 50.000000 2   3.995841201324E-13  2.109466247513E-12
AR GRAD 2024 06 10 02 14  0.000000 2   1.053474755347E-11  5.855831011065E-12
AR GRAD 2024 06 10 02 14 10.000000 2   5.802554617351E-12  4.264219879979E-11
AR GRAD 2024 06 10 02 14 20.000000 2   3.627650697197E-12  7.428562973089E-12
AR GRAD 2024 06 10 02 14 30.000000 2   5.962159585482E-12  3.207492257906E-11
AR GRAD 2024 06 10 02 14 40.000000 2   5.199060799932E-12  1.297128463668E-11
AR GRAD 2024 06 10 02 14 50.000000 2   8.835732492884E-12  1.326764566267E-11
AR GRAD 2024 06 10 02 15  0.000000 2   1.648226802438E-12  3.589400651705E-11
AR GRAD 2024 06 10 02 15 10.000000 2   5.016747000458E-12  2.884036412465E-11
AR GRAD 2024 06 10 02 15 20.000000 2   7.903192857095E-12  2.476724771452E-12
AR GRAD 2024 06 10 02 15 30.000000 2   2.097845118107E-12 -2.569193501608E-13
AR GRAD 2024 06 10 02 15 40.000000 2   3.293721632242E-12 -1.740562880458E-12
AR GRAD 2024 06 10 02 15 50.000000 2   2.843353590770E-12  2.594579238957E-11
AR GRAD 2024 06 10 02 16  0.000000 2   4.825644224493E-12  1.675214827968E-11
AR GRAD 2024 06 10 02 16 10.000000 2   3.640921331788E-12 -1.085149765184E-11
AR GRAD 2024 06 10 02 16 20.000000 2   6.605021217465E-12  1.955485079419E-11
AR GRAD 2024 06 10 02 16 30.000000 2   4.593706925266E-12  1.647120287385E-11
AR GRAD 2024 06 10 02 16 40.000000 2   1.993736339218E-12  1.500755769657E-11
AR GRAD 2024 06 10 02 16 50.000000 2   4.333257710987E-12  3.973905839810E-12
AR GRAD 2024 06 10 02 17  0.000000 2   3.298910190158E-12  3.331025733022E-11
AR GRAD 2024 06 10 02 17 10.000000 2   1.720986200771E-12  2.110660084209E-11
AR GRAD 2024 06 10 02 17 20.000000 2   4.859162985177E-12  1.071295049199E-11
AR GRAD 2024 06 10 02 17 30.000000 2  -1.328065912451E-12  1.547929839862E-11
AR GRAD 2024 06 10 02 17 40.000000 2   5.930785376695E-13  1.335564211308E-11
AR GRAD 2024 06 10 02 17 50.000000 2  -2.201165031496E-12 -2.928015252132E-12
AR GRAD 2024 06 10 02 18  0.000000 2   1.729107850824E-13  1.508832989106E-11
AR GRAD 2024 06 10 02 18 10.000000 2   1.884635893526E-12 -3.135329018980E-12
AR GRAD 2024 06 10 02 18 20.000000 2  -3.227092638253E-12  6.251014029318E-12
AR GRAD 2024 06 10 02 18 30.000000 2   6.618624918964E-13  1.036735367693E-11
AR GRAD 2024 06 10 02 18 40.000000 2   6.596487679006E-13 -3.156307463656E-12
AR GRAD 2024 06 10 02 18 50.000000 2   4.528874291646E-13  1.955002999765E-11
AR GRAD 2024 06 10 02 19  0.000000 2  -1.907492826886E-12  2.247636798902E-11
AR GRAD 2024 06 10 02 19 10.000000 2  -2.297135788878E-12  1.201270593415E-11
AR GRAD 2024 06 10 02 19 20.000000 2  -2.075484966182E-12 -2.240958070152E-12
AR GRAD 2024 06 10 02 19 30.000000 2  -5.792435541635E-12  2.551537627016E-11
AR GRAD 2024 06 10 02 19 40.000000 2  -4.698019751004E-12  8.721711720894E-12
AR GRAD 2024 06 10 02 19 50.000000 2   3.180413018448E-13  2.256804292056E-11
AR GRAD 2024 06 10 02 20  0.000000 2  -5.036387973334E-12  3.504377343866E-12
AR GRAD 2024 06 10 02 20 10.000000 2  -5.139036331897E-12  1.104070914554E-11
AR GRAD 2024 06 10 02 20 20.000000 2  -2.091738240950E-12  1.837703947349E-11
AR GRAD 2024 06 10 02 20 30.000000 2  -3.520761156575E-12 -8.276631116577E-12
AR GRAD 2024 06 10 02 20 40.000000 2  -5.199973698161E-12  4.869694491400E-12
AR GRAD 2024 06 10 02 20 50.000000 2  -3.652713548297E-12  1.678602222499E-11
AR GRAD 2024 06 10 02 21  0.000000 2  -6.229905480382E-12  7.622351534675E-12
AR GRAD 2024 06 10 02 21 10.000000 2  -8.282477134691E-12 -1.902132271137E-11
AR GRAD 2024 06 10 02 21 20.000000 2  -4.682075473855E-12 -9.244999731040E-12
AR GRAD 2024 06 10 02 21 30.000000 2  -4.275023911260E-12  1.285132590623E-11
AR GRAD 2024 06 10 02 21 40.000000 2  -1.279201679479E-12  1.416764795759E-11
AR GRAD 2024 06 10 02 21 50.000000 2  -7.616283471956E-12 -4.486029169665E-12
AR GRAD 2024 06 10 02 22  0.000000 2  -1.811626261332E-12 -8.459708628061E-12
AR GRAD 2024 06 10 02 22 10.000000 2  -6.558485959179E-12  9.076611857950E-12
AR GRAD 2024 06 10 02 22 20.000000 2  -3.054166945390E-12  2.917293143168E-11
AR GRAD 2024 06 10 02 22 30.000000 2  -2.936354501562E-12 -2.117075091623E-11
AR GRAD 2024 06 10 02 22 40.000000 2  -4.015030929255E-12  2.602556538334E-11
AR GRAD 2024 06 10 02 22 50.000000 2  -7.365846647900E-12 -1.004811598510E-11
AR GRAD 2024 06 10 02 23  0.000000 2  -4.149670190801E-12  2.208199335191E-12
AR GRAD 2024 06 10 02 23 10.000000 2  -7.971818517805E-12 -4.795485623182E-12
AR GRAD 2024 06 10 02 23 20.000000 2  -8.070590203080E-12 -6.959174122384E-12
AR GRAD 2024 06 10 02 23 30.000000 2  -5.930575475155E-12 -1.261285954152E-11
AR GRAD 2024 06 10 02 23 40.000000 2  -5.022821568390E-12 -3.996548317980E-12
AR GRAD 2024 06 10 02 23 50.000000 2  -8.746795822356E-12  7.779761210247E-12
AR GRAD 2024 06 10 02 24  0.000000 2  -6.132397107478E-12  3.446072854157E-12
AR GRAD 2024 06 10 02 24 10.000000 2  -6.417492839222E-12 -1.019761792370E-11
AR GRAD 2024 06 10 02 24 20.000000 2  -1.160196071159E-11  6.098691864020E-12
AR GRAD 2024 06 10 02 24 30.000000 2  -1.157889929770E-11 -4.885002558713E-12
AR GRAD 2024 06 10 02 24 40.000000 2  -1.179000213430E-11 -1.608695490186E-12
AR GRAD 2024 06 10 02 24 50.000000 2  -1.104136487101E-11  9.257607701263E-12
AR GRAD 2024 06 10 02 25  0.000000 2  -9.638118428357E-12 -1.972608708323E-11
AR GRAD 2024 06 10 02 25 10.000000 2  -1.234308922432E-11 -1.040978414579E-11
AR GRAD 2024 06 10 02 25 20.000000 2  -9.954457397265E-12 -2.171347997237E-11
AR GRAD 2024 06 10 02 25 30.000000 2  -8.021187013207E-12  9.072821487155E-12
AR GRAD 2024 06 10 02 25 40.000000 2  -1.110036802060E-11 -1.854087890163E-11
AR GRAD 2024 06 10 02 25 50.000000 2  -1.176795553365E-11 -2.714577911414E-12
AR GRAD 2024 06 10 02 26  0.000000 2  -9.762694992699E-12 -3.218278291431E-12
AR GRAD 2024 06 10 02 26 10.000000 2  -1.124918214135E-11  1.528019139170E-12
AR GRAD 2024 06 10 02 26 20.000000 2  -1.170147312379E-11 -1.406568438111E-11
AR GRAD 2024 06 10 02 26 30.000000 2  -1.268670411780E-11  1.930612137171E-12
AR GRAD 2024 06 10 02 26 40.000000 2  -1.378773571009E-11 -9.573091451498E-12
AR GRAD 2024 06 10 02 26 50.000000 2  -1.253143682572E-11 -8.596798620197E-12
AR GRAD 2024 06 10 02 27  0.000000 2  -1.416625497463E-11 -1.341050447773E-11
AR GRAD 2024 06 10 02 27 10.000000 2  -1.585096984225E-11 -1.394421210443E-11
AR GRAD 2024 06 10 02 27 20.000000 2  -1.238802810333E-11 -5.557919575960E-12
AR GRAD 2024 06 10 02 27 30.000000 2  -1.277808674843E-11 -8.821629191025E-12
AR GRAD 2024 06 10 02 27 40.000000 2  -1.433755805053E-11 -1.095534166856E-11
AR GRAD 2024 06 10 02 27 50.000000 2  -1.660049875341E-11 -1.396905160989E-11
AR GRAD 2024 06 10 02 28  0.000000 2  -1.228728750691E-11 -9.682763271734E-12
AR GRAD 2024 06 10 02 28 10.000000 2  -1.670482502325E-11 -5.936476570739E-12
AR GRAD 2024 06 10 02 28 20.000000 2  -1.194402042548E-11 -2.433019063997E-11
AR GRAD 2024 06 10 02 28 30.000000 2  -1.378616058118E-11 -9.233906174411E-12
AR GRAD 2024 06 10 02 28 40.000000 2  -1.417348963889E-11 -7.247621339884E-12
AR GRAD 2024 06 10 02 28 50.000000 2  -1.437598911441E-11 -1.646133923616E-11
AR GRAD 2024 06 10 02 29  0.000000 2  -1.627976052576E-11 -1.537505713023E-11
AR GRAD 2024 06 10 02 29 10.000000 2  -1.580365699416E-11 -1.428877502430E-11
AR GRAD 2024 06 10 02 29 20.000000 2  -1.183950854022E-11 -9.952494557652E-12
AR GRAD 2024 06 10 02 29 30.000000 2  -1.475421000652E-11 -1.388621596182E-11
AR GRAD 2024 06 10 02 29 40.000000 2  -1.180444717669E-11 -1.979993773105E-11
AR GRAD 2024 06 10 02 29 50.000000 2  -1.794532057675E-11 -1.270365843770E-11
AR GRAD 2024 06 10 02 30  0.000000 2  -1.422947957380E-11 -1.870738286502E-11
AR GRAD 2024 06 10 02 30 10.000000 2  -1.112171552770E-11 -2.529110774974E-11
AR GRAD 2024 06 10 02 30 20.000000 2  -1.746709027417E-11 -2.256483194740E-11
AR GRAD 2024 06 10 02 30 30.000000 2  -1.724543945147E-11 -1.285855710104E-11
AR GRAD 2024 06 10 02 30 40.000000 2  -1.619214137771E-11 -2.718228593601E-11
AR GRAD 2024 06 10 02 30 50.000000 2  -1.447613296596E-11 -1.184601288590E-11
AR GRAD 2024 06 10 02 31  0.000000 2  -1.266623351343E-11 -2.438974369690E-11
AR GRAD 2024 06 10 02 31 10.000000 2  -1.659857147562E-11 -2.176347296823E-11
AR GRAD 2024 06 10 02 31 20.000000 2  -1.760003254248E-11 -2.339720431288E-11
AR GRAD 2024 06 10 02 31 30.000000 2  -1.526967267906E-11 -2.529593548517E-11
AR GRAD 2024 06 10 02 31 40.000000 2  -1.372729707683E-11 -2.719466839218E-11
AR GRAD 2024 06 10 02 31 50.000000 2  -1.709725590271E-11 -2.883839868295E-11
AR GRAD 2024 06 10 02 32  0.000000 2  -1.752073312822E-11 -1.486213582758E-11
AR GRAD 2024 06 10 02 32 10.000000 2  -1.712704457424E-11 -2.141586907811E-11
AR GRAD 2024 06 10 02 32 20.000000 2  -1.868468227362E-11 -2.037960772361E-11
AR GRAD 2024 06 10 02 32 30.000000 2  -1.746255917645E-11 -2.294334340569E-11
AR GRAD 2024 06 10 02 32 40.000000 2  -1.695856129136E-11 -2.308708259291E-11
AR GRAD 2024 06 10 02 32 50.000000 2  -1.787817116572E-11 -2.323082004541E-11
AR GRAD 2024 06 10 02 33  0.000000 2  -1.452634887378E-11 -2.337456270207E-11
AR GRAD 2024 06 10 02 33 10.000000 2  -1.991130524348E-11 -2.351830188929E-11
AR GRAD 2024 06 10 02 33 20.000000 2  -1.627776559376E-11 -2.366204281123E-11
AR GRAD 2024 06 10 02 33 30.000000 2  -2.192367121179E-11 -2.839578745750E-11
AR GRAD 2024 06 10 02 33 40.000000 2  -1.735589970353E-11 -2.987952940625E-11
AR GRAD 2024 06 10 02 33 50.000000 2  -1.981049178867E-11 -3.035327197920E-11
AR GRAD 2024 06 10 02 34  0.000000 2  -1.883982726769E-11 -3.082701802160E-11
AR GRAD 2024 06 10 02 34 10.000000 2  -1.770612996499E-11 -2.953409738993E-11
AR GRAD 2024 06 10 02 34 20.000000 2  -1.685427318543E-11 -2.824118196243E-11
AR GRAD 2024 06 10 02 34 30.000000 2  -1.976904057122E-11 -2.694826133076E-11
AR GRAD 2024 06 10 02 34 40.000000 2  -2.196728736414E-11 -2.565534416854E-11
AR GRAD 2024 06 10 02 34 50.000000 2  -1.704868711483E-11 -2.436242874104E-11
AR GRAD 2024 06 10 02 35  0.000000 2  -1.790474712937E-11 -2.306951157882E-11
AR GRAD 2024 06 10 02 35 10.000000 2  -2.124323286723E-11 -2.177659962077E-11
AR GRAD 2024 06 10 02 35 20.000000 2  -1.776465606562E-11 -2.048368592800E-11
AR GRAD 2024 06 10 02 35 30.000000 2  -2.096034804056E-11 -1.919077223522E-11
AR GRAD 2024 06 10 02 35 40.000000 2  -2.311854006842E-11 -2.846452587524E-11
AR GRAD 2024 06 10 02 35 50.000000 2  -1.880701670787E-11 -2.696828177440E-11
AR GRAD 2024 06 10 02 36  0.000000 2  -2.090510924091E-11 -2.692203925070E-11
AR GRAD 2024 06 10 02 36 10.000000 2  -2.152917774612E-11 -2.687579672700E-11
AR GRAD 2024 06 10 02 36 20.000000 2  -2.144954699967E-11 -3.144955476597E-11
AR GRAD 2024 06 10 02 36 30.000000 2  -1.762197852917E-11 -3.078331339834E-11
AR GRAD 2024 06 10 02 36 40.000000 2  -2.431692694427E-11 -3.151373953458E-11
AR GRAD 2024 06 10 02 36 50.000000 2  -2.395964503188E-11 -3.224416914027E-11
AR GRAD 2024 06 10 02 37  0.000000 2  -2.009245027301E-11 -3.297459527651E-11
AR GRAD 2024 06 10 02 37 10.000000 2  -2.428818257627E-11 -2.919835900839E-11
AR GRAD 2024 06 10 02 37 20.000000 2  -2.122244220637E-11 -2.971212512137E-11
AR GRAD 2024 06 10 02 37 30.000000 2  -2.330154472152E-11 -2.919088928910E-11
AR GRAD 2024 06 10 02 37 40.000000 2  -2.294789185064E-11 -2.866965692627E-11
AR GRAD 2024 06 10 02 37 50.000000 2  -2.066050108773E-11 -3.100842152493E-11
AR GRAD 2024 06 10 02 38  0.000000 2  -2.239635039925E-11 -3.334718959302E-11
AR GRAD 2024 06 10 02 38 10.000000 2  -2.294061815511E-11 -2.568095909539E-11
AR GRAD 2024 06 10 02 38 20.000000 2  -2.421736769453E-11 -2.618330205428E-11
AR GRAD 2024 06 10 02 38 30.000000 2  -2.025945383677E-11 -2.668564327846E-11
AR GRAD 2024 06 10 02 38 40.000000 2  -2.453339267849E-11 -2.718798623735E-11
AR GRAD 2024 06 10 02 38 50.000000 2  -2.369125208512E-11 -2.769033093097E-11
AR GRAD 2024 06 10 02 39  0.000000 2  -2.310028383856E-11 -2.819267388987E-11
AR GRAD 2024 06 10 02 39 10.000000 2  -2.228456655318E-11 -2.869502031821E-11
AR GRAD 2024 06 10 02 39 20.000000 2  -2.094024779964E-11 -2.919736327711E-11
AR GRAD 2024 06 10 02 39 30.000000 2  -2.410587528201E-11 -2.884114128077E-11
AR GRAD 2024 06 10 02 39 40.000000 2  -2.288918880822E-11 -2.848491928442E-11
AR GRAD 2024 06 10 02 39 50.000000 2  -2.374033955532E-11 -2.812869902280E-11
AR GRAD 2024 06 10 02 40  0.000000 2  -2.045508207260E-11 -2.777247529173E-11
AR GRAD 2024 06 10 02 40 10.000000 2  -2.239057723952E-11 -2.741625676483E-11
AR GRAD 2024 06 10 02 40 20.000000 2  -2.178637652228E-11 -2.706003823794E-11
AR GRAD 2024 06 10 02 40 30.000000 2  -2.180323283030E-11 -2.670381971104E-11
AR GRAD 2024 06 10 02 40 40.000000 2  -2.190555549453E-11 -2.634760291886E-11
AR GRAD 2024 06 10 02 40 50.000000 2  -1.803154500712E-11 -2.599138439197E-11
AR GRAD 2024 06 10 02 41  0.000000 2  -2.247516235621E-11 -2.563516933451E-11
AR GRAD 2024 06 10 02 41 10.000000 2  -2.366269506726E-11 -2.527895427706E-11
AR GRAD 2024 06 10 02 41 20.000000 2  -2.116611573511E-11 -2.492274268906E-11
AR GRAD 2024 06 10 02 41 30.000000 2  -1.767432554478E-11 -2.519986129490E-11
AR GRAD 2024 06 10 02 41 40.000000 2  -2.391175972505E-11 -2.547698337019E-11
AR GRAD 2024 06 10 02 41 50.000000 2  -2.482727044784E-11 -2.575410544547E-11
AR GRAD 2024 06 10 02 42  0.000000 2  -1.879751909684E-11 -2.603122925549E-11
AR GRAD 2024 06 10 02 42 10.000000 2  -1.941560974494E-11 -2.630835306550E-11
AR GRAD 2024 06 10 02 42 20.000000 2  -1.636257275506E-11 -2.658547861023E-11
AR GRAD 2024 06 10 02 42 30.000000 2  -1.839305097118E-11 -2.686260242024E-11
AR GRAD 2024 06 10 02 42 40.000000 2  -1.875582675281E-11 -2.713972969970E-11
AR GRAD 2024 06 10 02 42 50.000000 2  -2.043809566032E-11 -2.741685871388E-11
AR GRAD 2024 06 10 02 43  0.000000 2  -2.763754329560E-11 -2.839465468307E-11
AR GRAD 2024 06 10 02 43 10.000000 2  -2.020922838797E-11 -2.937244891754E-11
AR GRAD 2024 06 10 02 43 20.000000 2  -2.165757677364E-11 -3.035024662146E-11
AR GRAD 2024 06 10 02 43 30.000000 2  -1.627814723293E-11 -3.132804779482E-11
AR GRAD 2024 06 10 02 43 40.000000 2  -2.028727880132E-11 -3.230584549874E-11
AR GRAD 2024 06 10 02 43 50.000000 2  -2.035620283447E-11 -3.161797559881E-11
AR GRAD 2024 06 10 02 44  0.000000 2  -2.461010562005E-11 -3.093011263777E-11
AR GRAD 2024 06 10 02 44 10.000000 2  -2.038175184182E-11 -3.024224967674E-11
AR GRAD 2024 06 10 02 44 20.000000 2  -1.874053169593E-11 -2.955438324626E-11
AR GRAD 2024 06 10 02 44 30.000000 2  -2.201098678323E-11 -2.886652201994E-11
AR GRAD 2024 06 10 02 44 40.000000 2  -2.157757653110E-11 -2.817866252836E-11
AR GRAD 2024 06 10 02 44 50.000000 2  -1.504369719074E-11 -2.937579693385E-11
AR GRAD 2024 06 10 02 45  0.000000 2  -1.670747221127E-11 -3.057294001296E-11
AR GRAD 2024 06 10 02 45 10.000000 2  -1.924725309688E-11 -3.177007962263E-11
AR GRAD 2024 06 10 02 45 20.000000 2  -2.054468921375E-11 -3.073555299160E-11
AR GRAD 2024 06 10 02 45 30.000000 2  -2.020558026450E-11 -2.970102983002E-11
AR GRAD 2024 06 10 02 45 40.000000 2  -1.783243865072E-11 -2.866651013789E-11
AR GRAD 2024 06 10 02 45 50.000000 2  -2.021640667371E-11 -2.763198697631E-11
AR GRAD 2024 06 10 02 46  0.000000 2  -1.890207608490E-11 -2.659746728417E-11
AR GRAD 2024 06 10 02 46 10.000000 2  -1.994228393531E-11 -2.556294585732E-11
AR GRAD 2024 06 10 02 46 20.000000 2  -1.499973756314E-11 -2.926675915504E-11
AR GRAD 2024 06 10 02 46 30.000000 2  -1.948117014927E-11 -3.297057418750E-11
AR GRAD 2024 06 10 02 46 40.000000 2  -1.786780966240E-11 -3.227439149267E-11
AR GRAD 2024 06 10 02 46 50.000000 2  -1.714216268933E-11 -3.046320487532E-11
AR GRAD 2024 06 10 02 47  0.000000 2  -1.826117902726E-11 -2.865202519686E-11
AR GRAD 2024 06 10 02 47 10.000000 2  -1.765136647958E-11 -2.772584418997E-11
AR GRAD 2024 06 10 02 47 20.000000 2  -1.772133481626E-11 -2.679966491781E-11
AR GRAD 2024 06 10 02 47 30.000000 2  -2.016183574260E-11 -2.587348391092E-11
AR GRAD 2024 06 10 02 47 40.000000 2  -2.009433938688E-11 -2.936730372771E-11
AR GRAD 2024 06 10 02 47 50.000000 2  -1.904317849244E-11 -2.959112468948E-11
AR GRAD 2024 06 10 02 48  0.000000 2  -1.850977530971E-11 -2.981494912069E-11
AR GRAD 2024 06 10 02 48 10.000000 2  -1.791128356743E-11 -3.044127450114E-11
AR GRAD 2024 06 10 02 48 20.000000 2  -1.609947765380E-11 -3.106759988158E-11
AR GRAD 2024 06 10 02 48 30.000000 2  -1.475625004133E-11 -3.169392526203E-11
AR GRAD 2024 06 10 02 48 40.000000 2  -1.969452378958E-11 -3.232025411193E-11
AR GRAD 2024 06 10 02 48 50.000000 2  -1.236084672118E-11 -2.197408227600E-11
AR GRAD 2024 06 10 02 49  0.000000 2  -1.829722658109E-11 -2.241791127733E-11
AR GRAD 2024 06 10 02 49 10.000000 2  -1.977943676901E-11 -2.286174027866E-11
AR GRAD 2024 06 10 02 49 20.000000 2  -1.311929644782E-11 -2.594557034497E-11
AR GRAD 2024 06 10 02 49 30.000000 2  -1.966631024697E-11 -2.902940388072E-11
AR GRAD 2024 06 10 02 49 40.000000 2  -1.481659239744E-11 -2.539323612494E-11
AR GRAD 2024 06 10 02 49 50.000000 2  -1.506638737381E-11 -2.924706657415E-11
AR GRAD 2024 06 10 02 50  0.000000 2  -1.324325024643E-11 -2.829590381448E-11
AR GRAD 2024 06 10 02 50 10.000000 2  -1.785205490379E-11 -2.734473932009E-11
AR GRAD 2024 06 10 02 50 20.000000 2  -1.589284606696E-11 -8.078574267878E-12
AR GRAD 2024 06 10 02 50 30.000000 2  -1.842313801514E-11 -1.153241044327E-11
AR GRAD 2024 06 10 02 50 40.000000 2  -1.384798439114E-11 -1.498625182283E-11
AR GRAD 2024 06 10 02 50 50.000000 2  -1.806020957784E-11 -2.088509053200E-11
AR GRAD 2024 06 10 02 51  0.000000 2  -1.671669573600E-11 -2.678393097588E-11
AR GRAD 2024 06 10 02 51 10.000000 2  -1.490433991502E-11 -2.511777071057E-11
AR GRAD 2024 06 10 02 51 20.000000 2  -1.743478451888E-11 -1.871161212086E-11
AR GRAD 2024 06 10 02 51 30.000000 2  -1.717240932786E-11 -3.292545402989E-11
AR GRAD 2024 06 10 02 51 40.000000 2  -1.783439541880E-11 -6.659297245581E-12
AR GRAD 2024 06 10 02 51 50.000000 2  -1.012993248312E-11 -2.738314609785E-11
AR GRAD 2024 06 10 02 52  0.000000 2  -1.594929223414E-11 -2.865698997545E-11
AR GRAD 2024 06 10 02 52 10.000000 2  -1.480856236247E-11 -3.218083438616E-11
AR GRAD 2024 06 10 02 52 20.000000 2  -1.103802466096E-11 -2.849468404287E-11
AR GRAD 2024 06 10 02 52 30.000000 2  -1.370020590030E-11 -3.101853149334E-11
AR GRAD 2024 06 10 02 52 40.000000 2  -1.247451534431E-11 -1.396238073076E-11
AR GRAD 2024 06 10 02 52 50.000000 2  -1.222167072407E-11 -1.037623025696E-11
AR GRAD 2024 06 10 02 53  0.000000 2  -1.382599590372E-11 -1.065008151113E-11
AR GRAD 2024 06 10 02 53 10.000000 2  -1.045340116551E-11 -1.092393276531E-11
AR GRAD 2024 06 10 02 53 20.000000 2  -1.438679037014E-11 -1.119778575420E-11
AR GRAD 2024 06 10 02 53 30.000000 2  -8.383593298744E-12 -7.216640913327E-12
AR GRAD 2024 06 10 02 53 40.000000 2  -1.091590446506E-11 -3.235495421930E-12
AR GRAD 2024 06 10 02 53 50.000000 2  -1.357020312093E-11  7.456480094828E-13
AR GRAD 2024 06 10 02 54  0.000000 2  -1.082722019680E-11  4.726791440895E-12
AR GRAD 2024 06 10 02 54 10.000000 2  -1.283772914362E-11 -1.430706508126E-11
AR GRAD 2024 06 10 02 54 20.000000 2  -1.169957880576E-11 -1.269092383266E-11
AR GRAD 2024 06 10 02 54 30.000000 2  -1.127173094445E-11 -3.279478077989E-11
AR GRAD 2024 06 10 02 54 40.000000 2  -1.433315185290E-11 -1.798864529556E-11
AR GRAD 2024 06 10 02 54 50.000000 2  -1.293548514830E-11 -1.416250363512E-11
AR GRAD 2024 06 10 02 55  0.000000 2  -1.348458584377E-11 -3.025636685638E-11
AR GRAD 2024 06 10 02 55 10.000000 2  -9.968129620341E-12 -2.069023251339E-11
AR GRAD 2024 06 10 02 55 20.000000 2  -1.271707912587E-11 -1.689409549754E-11
AR GRAD 2024 06 10 02 55 30.000000 2  -1.499386205472E-11 -2.570796006629E-11
AR GRAD 2024 06 10 02 55 40.000000 2  -1.441596755164E-11 -9.711825961489E-12
AR GRAD 2024 06 10 02 55 50.000000 2  -1.083982469757E-11 -2.750569216836E-11
AR GRAD 2024 06 10 02 56  0.000000 2  -1.167323876450E-11 -8.459559441842E-12
AR GRAD 2024 06 10 02 56 10.000000 2  -8.158005521119E-12  2.136571952346E-12
AR GRAD 2024 06 10 02 56 20.000000 2  -1.061713651024E-11 -2.060730058817E-11
AR GRAD 2024 06 10 02 56 30.000000 2  -8.009411710252E-12 -2.618116834441E-11
AR GRAD 2024 06 10 02 56 40.000000 2  -7.093929610402E-12 -3.175503957009E-11
AR GRAD 2024 06 10 02 56 50.000000 2  -6.665730033911E-12 -2.710891407187E-11
AR GRAD 2024 06 10 02 57  0.000000 2  -1.556821685456E-11 -2.666278829666E-11
AR GRAD 2024 06 10 02 57 10.000000 2  -9.329034940386E-12 -1.934666142567E-11
AR GRAD 2024 06 10 02 57 20.000000 2  -1.292518522766E-11  1.229463471135E-12
AR GRAD 2024 06 10 02 57 30.000000 2  -9.673607401228E-12 -2.141441017567E-11
AR GRAD 2024 06 10 02 57 40.000000 2  -9.519135479863E-12 -1.812829053538E-11
AR GRAD 2024 06 10 02 57 50.000000 2  -1.158136780921E-11 -1.093216749765E-11
AR GRAD 2024 06 10 02 58  0.000000 2  -1.077236390368E-11 -3.736045327274E-12
AR GRAD 2024 06 10 02 58 10.000000 2  -7.226237403596E-12 -2.000992600781E-11
AR GRAD 2024 06 10 02 58 20.000000 2  -7.284665058671E-12 -1.384380717701E-11
AR GRAD 2024 06 10 02 58 30.000000 2  -1.401422641129E-11  1.423126753160E-13
AR GRAD 2024 06 10 02 58 40.000000 2  -4.875446400765E-12 -8.411570051603E-12
AR GRAD 2024 06 10 02 58 50.000000 2  -5.813620418404E-12 -1.724045559093E-11
AR GRAD 2024 06 10 02 59  0.000000 2  -8.639114597309E-12 -2.606933939553E-11
AR GRAD 2024 06 10 02 59 10.000000 2  -1.238840974249E-11 -2.103224061925E-12
AR GRAD 2024 06 10 02 59 20.000000 2  -2.172154817126E-12 -1.320711161962E-11
AR GRAD 2024 06 10 02 59 30.000000 2  -9.185656575650E-12 -2.439099790197E-11
AR GRAD 2024 06 10 02 59 40.000000 2  -1.027230470824E-11 -1.976488590849E-11
AR GRAD 2024 06 10 02 59 50.000000 2  -9.180369138495E-12 -2.093377554635E-11
AR GRAD 2024 06 10 03 00  0.000000 2  -5.667740582416E-12 -2.210266518421E-11
AR GRAD 2024 06 10 03 00 10.000000 2  -9.014246814265E-12 -2.399655647800E-11
AR GRAD 2024 06 10 03 00 20.000000 2  -3.022282294221E-12  1.159551404548E-12
AR GRAD 2024 06 10 03 00 30.000000 2  -8.514842476937E-12 -2.976434029800E-11
AR GRAD 2024 06 10 03 00 40.000000 2  -4.480748237723E-12 -9.588233852720E-12
AR GRAD 2024 06 10 03 00 50.000000 2  -9.381413181020E-12 -2.211212983549E-11
AR GRAD 2024 06 10 03 01  0.000000 2  -7.212564746839E-12 -2.526024745278E-12
AR GRAD 2024 06 10 03 01 10.000000 2  -5.303918328842E-12 -2.306992097356E-11
AR GRAD 2024 06 10 03 01 20.000000 2  -2.946320054251E-12 -1.843381870759E-11
AR GRAD 2024 06 10 03 01 30.000000 2  -6.251378321248E-12 -1.837771775037E-11
AR GRAD 2024 06 10 03 01 40.000000 2  -2.741894168309E-12 -1.145161483002E-11
AR GRAD 2024 06 10 03 01 50.000000 2  -1.991772849083E-12 -2.416551507511E-11
AR GRAD 2024 06 10 03 02  0.000000 2  -3.947900166501E-12  7.370581575628E-12
AR GRAD 2024 06 10 03 02 10.000000 2  -5.055584857000E-12 -2.394331781452E-11
AR GRAD 2024 06 10 03 02 20.000000 2  -5.767244320998E-12 -5.587223392278E-12
AR GRAD 2024 06 10 03 02 30.000000 2  -3.373801238382E-12 -2.255112763194E-11
AR GRAD 2024 06 10 03 02 40.000000 2  -1.037365679468E-11 -1.063503191762E-11
AR GRAD 2024 06 10 03 02 50.000000 2  -6.295426853431E-12 -1.740893713909E-11
AR GRAD 2024 06 10 03 03  0.000000 2  -4.232269482790E-12 -2.750284548714E-11
AR GRAD 2024 06 10 03 03 10.000000 2  -2.140038363532E-12  2.833249043363E-12
AR GRAD 2024 06 10 03 03 20.000000 2  -1.885649188876E-12 -1.753065921595E-11
AR GRAD 2024 06 10 03 03 30.000000 2  -4.949534705700E-12 -8.724569677820E-12
AR GRAD 2024 06 10 03 03 40.000000 2  -3.247728908723E-12 -2.988479472568E-12
AR GRAD 2024 06 10 03 03 50.000000 2  -3.876962553079E-12 -6.572391936244E-12
AR GRAD 2024 06 10 03 04  0.000000 2  -6.042783894794E-12 -2.368630465377E-11
AR GRAD 2024 06 10 03 04 10.000000 2  -3.541495872603E-12 -2.156021541855E-11
AR GRAD 2024 06 10 03 04 20.000000 2  -5.246581814833E-12 -1.486413075957E-11
AR GRAD 2024 06 10 03 04 30.000000 2  -1.707944224418E-12 -1.298043486933E-12
AR GRAD 2024 06 10 03 04 40.000000 2  -2.844251093329E-12 -3.285196073510E-11
AR GRAD 2024 06 10 03 04 50.000000 2  -4.713905914916E-12 -5.235878137305E-12
