 2.00 C RINEX VERSION / TYPE
 10.00 INTERVAL
 1 AR # / TYPES OF DATA
 END OF HEADER
AR GRAD 2024 06 26 01 05  0.000000 2   4.161333430619E-11  4.390343297245E-11
AR GRAD 2024 06 26 01 05 10.000000 2   4.370960884903E-11  4.250833018915E-11
AR GRAD 2024 06 26 01 05 20.000000 2   4.141676931968E-11  3.371322318535E-11
AR GRAD 2024 06 26 01 05 30.000000 2   4.060244154780E-11  3.861812258865E-11
AR GRAD 2024 06 26 01 05 40.000000 2   4.544568193987E-11  3.782301555288E-11
AR GRAD 2024 06 26 01 05 50.000000 2   4.001576500712E-11  2.052790402940E-11
AR GRAD 2024 06 26 01 06  0.000000 2   4.429415167984E-11  3.783279939329E-11
AR GRAD 2024 06 26 01 06 10.000000 2   4.110003656854E-11  4.013769178135E-11
AR GRAD 2024 06 26 01 06 20.000000 2   4.256563504446E-11  4.814258020014E-11
AR GRAD 2024 06 26 01 06 30.000000 2   4.492047706028E-11  2.454747342895E-11
AR GRAD 2024 06 26 01 06 40.000000 2   4.568508418790E-11  3.395236522485E-11
AR GRAD 2024 06 26 01 06 50.000000 2   3.952866159396E-11  4.765724967437E-11
AR GRAD 2024 06 26 01 07  0.000000 2   4.414536097785E-11  2.636213816687E-11
AR GRAD 2024 06 26 01 07 10.000000 2   4.248056073575E-11  3.126702716183E-11
AR GRAD 2024 06 26 01 07 20.000000 2   4.440401518702E-11  2.667191120742E-11
AR GRAD 2024 06 26 01 07 30.000000 2   4.484906543367E-11  4.807679948593E-11
AR GRAD 2024 06 26 01 07 40.000000 2   4.063206021643E-11  4.518168478240E-11
AR GRAD 2024 06 26 01 07 50.000000 2   4.249426158176E-11  2.978656904462E-11
AR GRAD 2024 06 26 01 08  0.000000 2   4.052951377287E-11  3.799145026351E-11
AR GRAD 2024 06 26 01 08 10.000000 2   4.429443270504E-11  4.079633159071E-11
AR GRAD 2024 06 26 01 08 20.000000 2   4.023328198377E-11  4.630121633320E-11
AR GRAD 2024 06 26 01 08 30.000000 2   4.048499036013E-11  3.410609641930E-11
AR GRAD 2024 06 26 01 08 40.000000 2   4.655877766657E-11  1.091097264622E-11
AR GRAD 2024 06 26 01 08 50.000000 2   3.812147472693E-11  5.341585854191E-11
AR GRAD 2024 06 26 01 09  0.000000 2   4.439242723420E-11  1.072073159414E-11
AR GRAD 2024 06 26 01 09 10.000000 2   3.989995833731E-11  4.832561434354E-11
AR GRAD 2024 06 26 01 09 20.000000 2   3.676669038666E-11  9.130487164943E-12
AR GRAD 2024 06 26 01 09 30.000000 2   4.339704984258E-11  2.333536315569E-11
AR GRAD 2024 06 26 01 09 40.000000 2   4.413524060110E-11  1.914023627092E-11
AR GRAD 2024 06 26 01 09 50.000000 2   3.768485176692E-11  4.554511282007E-11
AR GRAD 2024 06 26 01 10  0.000000 2   3.771673945385E-11  2.164998562371E-11
AR GRAD 2024 06 26 01 10 10.000000 2   3.876026236083E-11  4.315485815920E-11
AR GRAD 2024 06 26 01 10 20.000000 2   3.941880502567E-11  3.135973425383E-11
AR GRAD 2024 06 26 01 10 30.000000 2   3.953851829275E-11  3.646460564055E-11
AR GRAD 2024 06 26 01 10 40.000000 2   3.986828228664E-11  3.326947398130E-11
AR GRAD 2024 06 26 01 10 50.000000 2   3.995001551793E-11  3.077434487797E-11
AR GRAD 2024 06 26 01 11  0.000000 2   4.192489411192E-11  3.687921149020E-11
AR GRAD 2024 06 26 01 11 10.000000 2   3.791617367299E-11  2.738408284853E-11
AR GRAD 2024 06 26 01 11 20.000000 2   4.100357553494E-11  3.408895041246E-11
AR GRAD 2024 06 26 01 11 30.000000 2   3.700510037286E-11  3.419381791603E-11
AR GRAD 2024 06 26 01 11 40.000000 2   3.175457119475E-11  3.789868419091E-11
AR GRAD 2024 06 26 01 11 50.000000 2   3.699749187569E-11  4.280354889974E-11
AR GRAD 2024 06 26 01 12  0.000000 2   3.804679141184E-11  2.730841074106E-11
AR GRAD 2024 06 26 01 12 10.000000 2   3.801005690751E-11  1.911327346393E-11
AR GRAD 2024 06 26 01 12 20.000000 2   3.705040788060E-11  3.391813913067E-11
AR GRAD 2024 06 26 01 12 30.000000 2   3.782118021545E-11  4.002299880401E-11
AR GRAD 2024 06 26 01 12 40.000000 2   3.551441779548E-11  4.222786009755E-11
AR GRAD 2024 06 26 01 12 50.000000 2   3.434993608997E-11  2.583272137868E-11
AR GRAD 2024 06 26 01 13  0.000000 2   3.485755434296E-11  3.103758569600E-11
AR GRAD 2024 06 26 01 13 10.000000 2   3.542125620593E-11  3.104243945229E-11
AR GRAD 2024 06 26 01 13 20.000000 2   4.100713171806E-11  2.434729848289E-11
AR GRAD 2024 06 26 01 13 30.000000 2   3.745787013898E-11  3.965215655821E-11
AR GRAD 2024 06 26 01 13 40.000000 2   3.804047007949E-11  2.715701101497E-11
AR GRAD 2024 06 26 01 13 50.000000 2   3.694475281257E-11  1.126186990885E-11
AR GRAD 2024 06 26 01 14  0.000000 2   3.777452309284E-11  3.796672351508E-11
AR GRAD 2024 06 26 01 14 10.000000 2   3.469938572587E-11  4.997157895814E-11
AR GRAD 2024 06 26 01 14 20.000000 2   3.833365569417E-11  2.207643096108E-11
AR GRAD 2024 06 26 01 14 30.000000 2   3.780275398269E-11  1.798128486385E-11
AR GRAD 2024 06 26 01 14 40.000000 2   3.765522962884E-11  4.168613371158E-11
AR GRAD 2024 06 26 01 14 50.000000 2   3.886541088960E-11  2.689098770048E-11
AR GRAD 2024 06 26 01 15  0.000000 2   3.579297622180E-11  1.449583768992E-11
AR GRAD 2024 06 26 01 15 10.000000 2   3.254442548783E-11  2.800068683861E-11
AR GRAD 2024 06 26 01 15 20.000000 2   3.397546827211E-11  4.250553381491E-11
AR GRAD 2024 06 26 01 15 30.000000 2   3.310745427809E-11  2.581038334448E-11
AR GRAD 2024 06 26 01 15 40.000000 2   3.384473257206E-11  2.491522960169E-11
AR GRAD 2024 06 26 01 15 50.000000 2   3.783473187524E-11  1.942007665789E-11
AR GRAD 2024 06 26 01 16  0.000000 2   3.152814467833E-11  2.592492366615E-11
AR GRAD 2024 06 26 01 16 10.000000 2   3.460304959235E-11  2.592976527938E-11
AR GRAD 2024 06 26 01 16 20.000000 2   3.165208373179E-11  3.173461146644E-11
AR GRAD 2024 06 26 01 16 30.000000 2   3.164737916173E-11  2.503945488452E-11
AR GRAD 2024 06 26 01 16 40.000000 2   3.455607675007E-11  2.584429718844E-11
AR GRAD 2024 06 26 01 16 50.000000 2   2.780269937885E-11  2.654913788813E-11
AR GRAD 2024 06 26 01 17  0.000000 2   3.201862386337E-11  2.215398003935E-11
AR GRAD 2024 06 26 01 17 10.000000 2   3.188571282009E-11  1.905881875930E-11
AR GRAD 2024 06 26 01 17 20.000000 2   2.750748587244E-11  3.966366124430E-11
AR GRAD 2024 06 26 01 17 30.000000 2   3.147441335338E-11  1.786849834762E-11
AR GRAD 2024 06 26 01 17 40.000000 2   3.199781412055E-11  1.877333531686E-11
AR GRAD 2024 06 26 01 17 50.000000 2   2.940182819433E-11  2.427817322181E-11
AR GRAD 2024 06 26 01 18  0.000000 2   2.773965432357E-11  2.598300914702E-11
AR GRAD 2024 06 26 01 18 10.000000 2   2.558871343983E-11  2.148784275513E-11
AR GRAD 2024 06 26 01 18 20.000000 2   3.042903776174E-11  3.199267933907E-11
AR GRAD 2024 06 26 01 18 30.000000 2   2.373612070783E-11  2.009751219612E-11
AR GRAD 2024 06 26 01 18 40.000000 2   3.075411106335E-11  2.700234653930E-11
AR GRAD 2024 06 26 01 18 50.000000 2   2.659758871482E-11  1.100717867547E-11
AR GRAD 2024 06 26 01 19  0.000000 2   1.912464978049E-11  1.961200993272E-11
AR GRAD 2024 06 26 01 19 10.000000 2   2.913095806245E-11  2.541684050728E-11
AR GRAD 2024 06 26 01 19 20.000000 2   2.635770421366E-11  5.721670533199E-12
AR GRAD 2024 06 26 01 19 30.000000 2   2.246716354626E-11  4.092650177090E-11
AR GRAD 2024 06 26 01 19 40.000000 2   2.501809870381E-11  1.743132894971E-11
AR GRAD 2024 06 26 01 19 50.000000 2   2.032951584852E-11  8.836157500136E-12
AR GRAD 2024 06 26 01 20  0.000000 2   2.459225358076E-11  2.604098360559E-11
AR GRAD 2024 06 26 01 20 10.000000 2   1.913914166041E-11  2.464580796391E-11
AR GRAD 2024 06 26 01 20 20.000000 2   2.227109122122E-11  2.425063275191E-11
AR GRAD 2024 06 26 01 20 30.000000 2   2.332734352906E-11  8.055461679646E-12
AR GRAD 2024 06 26 01 20 40.000000 2   2.394998262212E-11  2.206028068552E-11
AR GRAD 2024 06 26 01 20 50.000000 2   1.835798700556E-11  1.906510539718E-11
AR GRAD 2024 06 26 01 21  0.000000 2   2.331407636391E-11  2.036992623189E-11
AR GRAD 2024 06 26 01 21 10.000000 2   2.028063307569E-11  2.827474886169E-11
AR GRAD 2024 06 26 01 21 20.000000 2   2.047922942339E-11  1.117957115770E-11
AR GRAD 2024 06 26 01 21 30.000000 2   2.068418700207E-11  3.648438842707E-11
AR GRAD 2024 06 26 01 21 40.000000 2   2.153727370058E-11  9.889208375802E-12
AR GRAD 2024 06 26 01 21 50.000000 2   1.929711598847E-11  4.794026287058E-12
AR GRAD 2024 06 26 01 22  0.000000 2   2.178003610798E-11  1.429884509407E-11
AR GRAD 2024 06 26 01 22 10.000000 2   2.156504662343E-11  1.570366059411E-11
AR GRAD 2024 06 26 01 22 20.000000 2   1.540060613758E-11  1.380847519661E-11
AR GRAD 2024 06 26 01 22 30.000000 2   1.612586453259E-11  2.161328928330E-11
AR GRAD 2024 06 26 01 22 40.000000 2   2.160015395714E-11  7.418105192614E-12
AR GRAD 2024 06 26 01 22 50.000000 2   1.856421440183E-11  2.772291771147E-11
AR GRAD 2024 06 26 01 23  0.000000 2   2.427165760044E-11  1.752773100272E-11
AR GRAD 2024 06 26 01 23 10.000000 2   2.054761048809E-11  3.932542225887E-12
AR GRAD 2024 06 26 01 23 20.000000 2   1.921744360867E-11  1.203735462002E-11
AR GRAD 2024 06 26 01 23 30.000000 2   1.879396464843E-11  1.074216497005E-11
AR GRAD 2024 06 26 01 23 40.000000 2   2.117223237008E-11  2.194697201752E-11
AR GRAD 2024 06 26 01 23 50.000000 2   2.112564637113E-11  2.085178384126E-11
AR GRAD 2024 06 26 01 24  0.000000 2   1.753893037748E-11  3.365659487220E-11
AR GRAD 2024 06 26 01 24 10.000000 2   1.666897522790E-11  2.436139831530E-11
AR GRAD 2024 06 26 01 24 20.000000 2   1.787529499420E-11  1.736620396098E-11
AR GRAD 2024 06 26 01 24 30.000000 2   1.240761052929E-11  1.487100893816E-11
AR GRAD 2024 06 26 01 24 40.000000 2   1.766197084418E-11  1.687581671628E-11
AR GRAD 2024 06 26 01 24 50.000000 2   1.109231630159E-11  1.818062020376E-11
AR GRAD 2024 06 26 01 25  0.000000 2   1.343185198482E-11  1.218542280967E-11
AR GRAD 2024 06 26 01 25 10.000000 2   1.830815186954E-11  1.769022428544E-11
AR GRAD 2024 06 26 01 25 20.000000 2   1.463236129484E-11  1.859502829493E-11
AR GRAD 2024 06 26 01 25 30.000000 2   1.443593942302E-11  2.389982829698E-11
AR GRAD 2024 06 26 01 25 40.000000 2   1.261275892755E-11  1.300462949133E-11
AR GRAD 2024 06 26 01 25 50.000000 2   1.044658803906E-11  2.210942887104E-11
AR GRAD 2024 06 26 01 26  0.000000 2   1.584955257317E-11  1.201422815400E-11
AR GRAD 2024 06 26 01 26 10.000000 2   1.200821646979E-11 -8.980975685358E-12
AR GRAD 2024 06 26 01 26 20.000000 2   9.200163200718E-12  1.272382199602E-11
AR GRAD 2024 06 26 01 26 30.000000 2   1.543436906060E-11  1.552861832177E-11
AR GRAD 2024 06 26 01 26 40.000000 2   7.814443536702E-12  2.623341301133E-11
AR GRAD 2024 06 26 01 26 50.000000 2   8.821866848141E-12  5.538209214145E-12
AR GRAD 2024 06 26 01 27  0.000000 2   8.281983605862E-12  1.004300202029E-11
AR GRAD 2024 06 26 01 27 10.000000 2   1.232374445548E-11  2.584779612569E-11
AR GRAD 2024 06 26 01 27 20.000000 2   7.457561478075E-12  3.752585048256E-12
AR GRAD 2024 06 26 01 27 30.000000 2   3.954598367523E-12  1.657379203497E-12
AR GRAD 2024 06 26 01 27 40.000000 2   4.878468289060E-12  1.496217039154E-11
AR GRAD 2024 06 26 01 27 50.000000 2   5.817142774422E-12  2.266957671929E-12
AR GRAD 2024 06 26 01 28  0.000000 2   6.092058715129E-12  1.597174996426E-11
AR GRAD 2024 06 26 01 28 10.000000 2   1.607189858630E-12  5.676538232524E-12
AR GRAD 2024 06 26 01 28 20.000000 2   5.253125191784E-12  1.678132632854E-11
AR GRAD 2024 06 26 01 28 30.000000 2   4.836114148032E-12  4.886110179653E-12
AR GRAD 2024 06 26 01 28 40.000000 2   6.157817311614E-12  4.590900142681E-12
AR GRAD 2024 06 26 01 28 50.000000 2   6.488369737323E-12 -6.604317353415E-12
AR GRAD 2024 06 26 01 29  0.000000 2   1.531378322761E-12  2.700469622224E-12
AR GRAD 2024 06 26 01 29 10.000000 2   4.319685668192E-12  2.290525234760E-11
AR GRAD 2024 06 26 01 29 20.000000 2   2.723982281058E-12  1.111003389981E-11
AR GRAD 2024 06 26 01 29 30.000000 2   5.353608615449E-12 -2.028518325536E-11
AR GRAD 2024 06 26 01 29 40.000000 2   1.177854255102E-12  1.921959813522E-11
AR GRAD 2024 06 26 01 29 50.000000 2   4.944702633458E-12  1.122437906509E-11
AR GRAD 2024 06 26 01 30  0.000000 2   1.209669300492E-12 -1.170841093349E-12
AR GRAD 2024 06 26 01 30 10.000000 2   6.477147377476E-13  1.423393954786E-11
AR GRAD 2024 06 26 01 30 20.000000 2   3.115765674980E-12  2.338716460076E-12
AR GRAD 2024 06 26 01 30 30.000000 2   4.418878457590E-12 -1.625650482284E-11
AR GRAD 2024 06 26 01 30 40.000000 2  -2.983783359278E-12  1.484827018283E-11
AR GRAD 2024 06 26 01 30 50.000000 2   2.343360314822E-12 -2.546952882973E-12
AR GRAD 2024 06 26 01 31  0.000000 2   2.864254623411E-12  3.457819534175E-12
AR GRAD 2024 06 26 01 31 10.000000 2   4.855949084677E-13  5.862595998940E-12
AR GRAD 2024 06 26 01 31 20.000000 2  -4.509837382011E-12  1.067368741135E-12
AR GRAD 2024 06 26 01 31 30.000000 2  -1.301930026461E-12 -3.427858040819E-12
AR GRAD 2024 06 26 01 31 40.000000 2   4.365312365057E-12  8.976916432424E-12
AR GRAD 2024 06 26 01 31 50.000000 2  -5.303236013309E-14 -6.418313797107E-12
AR GRAD 2024 06 26 01 32  0.000000 2   4.759372420910E-14 -4.913543530383E-12
AR GRAD 2024 06 26 01 32 10.000000 2  -4.572667385797E-14  9.291227509589E-12
AR GRAD 2024 06 26 01 32 20.000000 2   2.398132690692E-13 -8.804004400509E-12
AR GRAD 2024 06 26 01 32 30.000000 2  -3.142719808349E-12  1.090076553328E-11
AR GRAD 2024 06 26 01 32 40.000000 2  -2.795195498673E-12 -1.194469544975E-12
AR GRAD 2024 06 26 01 32 50.000000 2  -9.530767017610E-13 -7.089702956653E-12
AR GRAD 2024 06 26 01 33  0.000000 2  -5.241699544030E-13 -8.084937233588E-12
AR GRAD 2024 06 26 01 33 10.000000 2  -8.321910326646E-13  1.019825716930E-12
AR GRAD 2024 06 26 01 33 20.000000 2  -4.062714574482E-12 -3.875409541887E-12
AR GRAD 2024 06 26 01 33 30.000000 2  -7.762378413656E-12  4.229355581031E-12
AR GRAD 2024 06 26 01 33 40.000000 2  -4.360826370148E-12 -2.365883097072E-12
AR GRAD 2024 06 26 01 33 50.000000 2  -1.964665192686E-12 -5.261121833328E-12
AR GRAD 2024 06 26 01 34  0.000000 2  -6.190798308020E-12 -3.356361846438E-12
AR GRAD 2024 06 26 01 34 10.000000 2  -8.253404903957E-12  1.074840043358E-11
AR GRAD 2024 06 26 01 34 20.000000 2  -2.443649449457E-12 -7.346839282774E-12
AR GRAD 2024 06 26 01 34 30.000000 2  -1.141502864455E-11  1.025791951381E-11
AR GRAD 2024 06 26 01 34 40.000000 2  -7.557919567969E-12 -1.023732140726E-11
AR GRAD 2024 06 26 01 34 50.000000 2  -7.666832446684E-12 -1.143256409680E-11
AR GRAD 2024 06 26 01 35  0.000000 2  -9.864812959559E-12 -4.127809205556E-12
AR GRAD 2024 06 26 01 35 10.000000 2  -5.684001446599E-12 -5.023055322378E-12
AR GRAD 2024 06 26 01 35 20.000000 2  -1.084992512501E-11 -1.841829640192E-11
AR GRAD 2024 06 26 01 35 30.000000 2  -1.361991682630E-11  2.186456094302E-12
AR GRAD 2024 06 26 01 35 40.000000 2  -1.123748229886E-11 -1.008790815639E-12
AR GRAD 2024 06 26 01 35 50.000000 2  -1.203158839919E-11 -1.000403839629E-11
AR GRAD 2024 06 26 01 36  0.000000 2  -1.341255665560E-11  2.700713134032E-12
AR GRAD 2024 06 26 01 36 10.000000 2  -1.606482308292E-11 -1.609453542661E-11
AR GRAD 2024 06 26 01 36 20.000000 2  -1.057830559259E-11 -1.498978892400E-11
AR GRAD 2024 06 26 01 36 30.000000 2  -1.339173216763E-11 -9.385037018361E-12
AR GRAD 2024 06 26 01 36 40.000000 2  -1.040991858686E-11 -5.680288704679E-12
AR GRAD 2024 06 26 01 36 50.000000 2  -1.391878105828E-11 -5.175539684321E-12
AR GRAD 2024 06 26 01 37  0.000000 2  -1.475360805747E-11 -2.297079540470E-11
AR GRAD 2024 06 26 01 37 10.000000 2  -3.293948664176E-12 -6.866047227300E-12
AR GRAD 2024 06 26 01 37 20.000000 2  -1.624285601853E-11 -1.861303862774E-12
AR GRAD 2024 06 26 01 37 30.000000 2  -1.342533636345E-11 -4.756557994701E-12
AR GRAD 2024 06 26 01 37 40.000000 2  -1.688572892622E-11 -1.915181728485E-11
AR GRAD 2024 06 26 01 37 50.000000 2  -1.482030297095E-11 -1.264707435999E-11
AR GRAD 2024 06 26 01 38  0.000000 2  -1.733370565138E-11 -1.114232664468E-11
AR GRAD 2024 06 26 01 38 10.000000 2  -1.286978336401E-11 -1.803759051844E-11
AR GRAD 2024 06 26 01 38 20.000000 2  -1.598600592179E-11 -1.903284821414E-11
AR GRAD 2024 06 26 01 38 30.000000 2  -1.832416510195E-11 -8.728108513711E-12
AR GRAD 2024 06 26 01 38 40.000000 2  -1.831387298756E-11 -3.523368879640E-12
AR GRAD 2024 06 26 01 38 50.000000 2  -1.627580709096E-11 -8.018630030804E-12
AR GRAD 2024 06 26 01 39  0.000000 2  -1.263395030954E-11 -1.591389520161E-11
AR GRAD 2024 06 26 01 39 10.000000 2  -1.059985953178E-11 -1.120915599923E-11
AR GRAD 2024 06 26 01 39 20.000000 2  -1.139701354125E-11 -1.920442103953E-11
AR GRAD 2024 06 26 01 39 30.000000 2  -2.013722348593E-11 -1.409968496124E-11
AR GRAD 2024 06 26 01 39 40.000000 2  -1.905798262258E-11 -9.094949619814E-12
AR GRAD 2024 06 26 01 39 50.000000 2  -1.517006312235E-11 -1.289021667183E-11
AR GRAD 2024 06 26 01 40  0.000000 2  -1.449642489382E-11 -1.728548207347E-11
AR GRAD 2024 06 26 01 40 10.000000 2  -1.733296492445E-11  5.192489775825E-13
AR GRAD 2024 06 26 01 40 20.000000 2  -1.188573371669E-11 -2.437602029948E-11
AR GRAD 2024 06 26 01 40 30.000000 2  -1.638676000448E-11 -1.907128795164E-11
AR GRAD 2024 06 26 01 40 40.000000 2  -1.076466780298E-11 -1.556656019364E-11
AR GRAD 2024 06 26 01 40 50.000000 2  -1.728744924989E-11 -1.166183035556E-11
AR GRAD 2024 06 26 01 41  0.000000 2  -1.322980960894E-11 -2.025710502118E-11
AR GRAD 2024 06 26 01 41 10.000000 2  -1.849441433333E-11 -1.875237291837E-11
AR GRAD 2024 06 26 01 41 20.000000 2  -1.455016575974E-11 -9.447650994865E-12
AR GRAD 2024 06 26 01 41 30.000000 2  -1.715023609239E-11 -7.142921237130E-12
AR GRAD 2024 06 26 01 41 40.000000 2  -1.671275791371E-11 -2.093819909121E-11
AR GRAD 2024 06 26 01 41 50.000000 2  -1.329904589231E-11 -1.483347299158E-11
AR GRAD 2024 06 26 01 42  0.000000 2  -1.357424329190E-11 -1.812875023710E-11
AR GRAD 2024 06 26 01 42 10.000000 2  -1.854794443035E-11 -1.602402932566E-11
AR GRAD 2024 06 26 01 42 20.000000 2  -1.483999034768E-11 -2.351930455946E-11
AR GRAD 2024 06 26 01 42 30.000000 2  -1.686043145377E-11 -2.461458641079E-11
AR GRAD 2024 06 26 01 42 40.000000 2  -1.499104833325E-11 -2.660986882230E-11
AR GRAD 2024 06 26 01 42 50.000000 2  -1.491271862941E-11 -2.610514755752E-11
AR GRAD 2024 06 26 01 43  0.000000 2  -1.712528729936E-11 -1.450042343143E-11
AR GRAD 2024 06 26 01 43 10.000000 2  -1.128721161675E-11 -1.819570709383E-11
AR GRAD 2024 06 26 01 43 20.000000 2  -1.619083166149E-11 -1.899099107139E-11
AR GRAD 2024 06 26 01 43 30.000000 2  -1.616358262513E-11 -2.548627628385E-11
AR GRAD 2024 06 26 01 43 40.000000 2  -1.569837489168E-11 -2.158156292564E-11
AR GRAD 2024 06 26 01 43 50.000000 2  -1.815908534653E-11 -1.837684344974E-11
AR GRAD 2024 06 26 01 44  0.000000 2  -1.625528010807E-11 -1.867212981455E-11
AR GRAD 2024 06 26 01 44 10.000000 2  -1.947925674928E-11 -1.956741886577E-11
AR GRAD 2024 06 26 01 44 20.000000 2  -1.188708940308E-11 -2.586270260452E-11
AR GRAD 2024 06 26 01 44 30.000000 2  -1.231054147510E-11 -1.255799197269E-11
AR GRAD 2024 06 26 01 44 40.000000 2  -1.811024941123E-11 -5.753284133825E-12
AR GRAD 2024 06 26 01 44 50.000000 2  -1.366090747468E-11 -2.874856949719E-11
AR GRAD 2024 06 26 01 45  0.000000 2  -1.729583316845E-11 -2.394386078297E-11
AR GRAD 2024 06 26 01 45 10.000000 2  -1.735112227508E-11 -4.439152604535E-12
AR GRAD 2024 06 26 01 45 20.000000 2  -1.730573843950E-11 -2.873444537865E-11
AR GRAD 2024 06 26 01 45 30.000000 2  -2.018446521035E-11 -3.122973407654E-11
AR GRAD 2024 06 26 01 45 40.000000 2  -1.528781615190E-11 -1.942503276287E-11
AR GRAD 2024 06 26 01 45 50.000000 2  -1.250491290378E-11 -1.952032806229E-11
AR GRAD 2024 06 26 01 46  0.000000 2  -1.501979617069E-11 -3.521561861564E-11
AR GRAD 2024 06 26 01 46 10.000000 2  -1.974680315098E-11 -3.821091013045E-11
AR GRAD 2024 06 26 01 46 20.000000 2  -1.555556204680E-11 -1.360621684765E-11
AR GRAD 2024 06 26 01 46 30.000000 2  -1.611454893136E-11 -1.020151151054E-11
AR GRAD 2024 06 26 01 46 40.000000 2  -1.701537695464E-11 -2.989680725207E-11
AR GRAD 2024 06 26 01 46 50.000000 2  -1.580345923569E-11 -1.079210939364E-11
AR GRAD 2024 06 26 01 47  0.000000 2  -1.647783472170E-11 -2.338740832941E-11
AR GRAD 2024 06 26 01 47 10.000000 2  -1.715674650959E-11 -2.728271081276E-11
AR GRAD 2024 06 26 01 47 20.000000 2  -1.804597443700E-11 -2.087801459494E-11
AR GRAD 2024 06 26 01 47 30.000000 2  -1.667365898128E-11 -4.973317764556E-12
AR GRAD 2024 06 26 01 47 40.000000 2  -1.548872835544E-11 -1.716861895706E-11
AR GRAD 2024 06 26 01 47 50.000000 2  -1.489273288025E-11 -1.476392445798E-11
AR GRAD 2024 06 26 01 48  0.000000 2  -1.354067465792E-11 -3.015922581118E-11
AR GRAD 2024 06 26 01 48 10.000000 2  -1.638408679561E-11 -4.165452704985E-11
AR GRAD 2024 06 26 01 48 20.000000 2  -1.576175821805E-11 -2.949839591343E-12
AR GRAD 2024 06 26 01 48 30.000000 2  -1.576441581441E-11 -1.624514758825E-11
AR GRAD 2024 06 26 01 48 40.000000 2  -1.649310375773E-11 -2.204045800036E-11
AR GRAD 2024 06 26 01 48 50.000000 2  -1.410085156278E-11 -9.835764147592E-12
AR GRAD 2024 06 26 01 49  0.000000 2  -1.281110981188E-11 -1.973107267850E-11
AR GRAD 2024 06 26 01 49 10.000000 2  -2.011959869541E-11 -2.042638280741E-11
AR GRAD 2024 06 26 01 49 20.000000 2  -1.086598953176E-11 -1.592169625309E-11
AR GRAD 2024 06 26 01 49 30.000000 2  -1.463222772113E-11 -2.401700366361E-11
AR GRAD 2024 06 26 01 49 40.000000 2  -1.308086798602E-11 -1.431231869131E-11
AR GRAD 2024 06 26 01 49 50.000000 2  -1.774901753349E-11 -1.540763176766E-11
AR GRAD 2024 06 26 01 50  0.000000 2  -1.514633383992E-11 -2.040294842798E-11
AR GRAD 2024 06 26 01 50 10.000000 2  -1.475792751893E-11 -7.982588114824E-13
AR GRAD 2024 06 26 01 50 20.000000 2  -1.539619300106E-11 -3.209357432588E-11
AR GRAD 2024 06 26 01 50 30.000000 2  -1.354770982898E-11 -3.488889038783E-11
AR GRAD 2024 06 26 01 50 40.000000 2  -1.582631595221E-11  5.415789778446E-12
AR GRAD 2024 06 26 01 50 50.000000 2  -1.304198329194E-11 -2.487953072727E-11
AR GRAD 2024 06 26 01 51  0.000000 2  -1.513148807641E-11 -2.117484659836E-11
AR GRAD 2024 06 26 01 51 10.000000 2  -1.485454814709E-11 -2.527016616793E-11
AR GRAD 2024 06 26 01 51 20.000000 2  -1.506725473555E-11 -2.496548280606E-11
AR GRAD 2024 06 26 01 51 30.000000 2  -1.146418637105E-11  3.439190121926E-12
AR GRAD 2024 06 26 01 51 40.000000 2  -1.303817730863E-11 -5.056133463299E-12
AR GRAD 2024 06 26 01 51 50.000000 2  -1.246059592314E-11 -1.095145155117E-11
AR GRAD 2024 06 26 01 52  0.000000 2  -1.625811638095E-11 -3.284677738136E-11
AR GRAD 2024 06 26 01 52 10.000000 2  -1.408081984344E-11 -2.184210277922E-11
AR GRAD 2024 06 26 01 52 20.000000 2  -1.442404442414E-11 -8.437426105012E-12
AR GRAD 2024 06 26 01 52 30.000000 2  -1.559199297452E-11 -3.093274594801E-11
AR GRAD 2024 06 26 01 52 40.000000 2  -1.614048304732E-11 -2.728080565270E-12
AR GRAD 2024 06 26 01 52 50.000000 2  -1.351257994386E-11 -1.842340516256E-11
AR GRAD 2024 06 26 01 53  0.000000 2  -1.303827011634E-11 -2.351873210071E-11
AR GRAD 2024 06 26 01 53 10.000000 2  -1.387583537654E-11 -2.291406474286E-11
AR GRAD 2024 06 26 01 53 20.000000 2  -1.451525531715E-11 -5.609391857259E-12
AR GRAD 2024 06 26 01 53 30.000000 2  -1.497332813294E-11 -3.690472580309E-11
AR GRAD 2024 06 26 01 53 40.000000 2  -9.801336825488E-12 -8.300055087673E-12
AR GRAD 2024 06 26 01 53 50.000000 2  -8.383303599924E-12 -1.289538614779E-11
AR GRAD 2024 06 26 01 54  0.000000 2  -1.579175332167E-11 -1.559072142221E-11
AR GRAD 2024 06 26 01 54 10.000000 2  -1.583781369940E-11 -1.078605173926E-11
AR GRAD 2024 06 26 01 54 20.000000 2  -6.946780390510E-12 -3.348138433168E-11
AR GRAD 2024 06 26 01 54 30.000000 2  -1.707851221555E-11  7.023273022183E-12
AR GRAD 2024 06 26 01 54 40.000000 2  -1.417317825603E-11 -2.347206283504E-11
AR GRAD 2024 06 26 01 54 50.000000 2  -1.065407831402E-11 -1.316739686036E-11
AR GRAD 2024 06 26 01 55  0.000000 2  -1.142892117750E-11 -1.676273356233E-11
AR GRAD 2024 06 26 01 55 10.000000 2  -1.751744582723E-11 -1.105807372753E-11
AR GRAD 2024 06 26 01 55 20.000000 2  -1.330147970935E-11 -2.115341408981E-11
AR GRAD 2024 06 26 01 55 30.000000 2  -1.145559775512E-11 -1.924875016324E-11
AR GRAD 2024 06 26 01 55 40.000000 2  -1.368119766781E-11 -7.544092087142E-12
AR GRAD 2024 06 26 01 55 50.000000 2  -1.127037525805E-11 -2.939435587296E-12
AR GRAD 2024 06 26 01 56  0.000000 2  -1.207610660775E-11 -6.934776971418E-12
AR GRAD 2024 06 26 01 56 10.000000 2  -1.404397084737E-11 -1.433012129098E-11
AR GRAD 2024 06 26 01 56 20.000000 2  -1.016433031492E-11 -4.425464768948E-12
AR GRAD 2024 06 26 01 56 30.000000 2  -1.030214195202E-11 -2.292080934774E-11
AR GRAD 2024 06 26 01 56 40.000000 2  -1.504216196047E-11 -1.151615261485E-11
AR GRAD 2024 06 26 01 56 50.000000 2  -9.830729980065E-12 -8.311498191083E-12
AR GRAD 2024 06 26 01 57  0.000000 2  -1.480091570139E-11 -3.306848501625E-12
AR GRAD 2024 06 26 01 57 10.000000 2  -6.398680196806E-12 -1.560219661800E-11
AR GRAD 2024 06 26 01 57 20.000000 2  -1.754235992579E-11  7.702454993264E-12
AR GRAD 2024 06 26 01 57 30.000000 2  -1.014698394752E-11 -1.869289271983E-11
AR GRAD 2024 06 26 01 57 40.000000 2  -1.106223099234E-11  6.411758710773E-12
AR GRAD 2024 06 26 01 57 50.000000 2  -7.137516272460E-12 -1.688359348162E-11
AR GRAD 2024 06 26 01 58  0.000000 2  -1.056215618439E-11 -5.878948803467E-12
AR GRAD 2024 06 26 01 58 10.000000 2  -9.230458411502E-12 -1.137429646997E-11
AR GRAD 2024 06 26 01 58 20.000000 2  -1.043908362530E-11 -9.069652147364E-12
AR GRAD 2024 06 26 01 58 30.000000 2  -1.026620021632E-11 -8.365006604061E-12
AR GRAD 2024 06 26 01 58 40.000000 2  -1.049384364127E-11 -1.586035990042E-11
AR GRAD 2024 06 26 01 58 50.000000 2  -8.474062597463E-12  9.844284241944E-12
AR GRAD 2024 06 26 01 59  0.000000 2  -7.858159435659E-12 -2.855107296418E-11
AR GRAD 2024 06 26 01 59 10.000000 2  -1.140604971583E-11 -2.424642778220E-11
AR GRAD 2024 06 26 01 59 20.000000 2  -5.831533173017E-12  4.958212659889E-12
AR GRAD 2024 06 26 01 59 30.000000 2  -1.054441169795E-11  3.462853484862E-12
AR GRAD 2024 06 26 01 59 40.000000 2  -6.101237137041E-12  3.767494129170E-12
AR GRAD 2024 06 26 01 59 50.000000 2  -4.831341923750E-12 -4.127867318793E-12
AR GRAD 2024 06 26 02 00  0.000000 2  -9.406486006780E-12 -5.223229401080E-12
AR GRAD 2024 06 26 02 00 10.000000 2  -6.851265648561E-12 -5.118589146286E-12
AR GRAD 2024 06 26 02 00 20.000000 2  -7.456531919692E-12  7.286050235367E-12
AR GRAD 2024 06 26 02 00 30.000000 2  -5.389753747476E-12  6.906834587768E-13
AR GRAD 2024 06 26 02 00 40.000000 2  -7.979223184962E-12  1.119531897742E-11
AR GRAD 2024 06 26 02 00 50.000000 2  -1.863710791597E-12  7.599955387239E-12
AR GRAD 2024 06 26 02 01  0.000000 2  -5.287721215746E-12 -1.199541160846E-11
AR GRAD 2024 06 26 02 01 10.000000 2   1.150288848548E-12 -1.519077919010E-11
AR GRAD 2024 06 26 02 01 20.000000 2  -4.659799022338E-12  9.213855373114E-12
AR GRAD 2024 06 26 02 01 30.000000 2  -1.800833896067E-12  3.118489407677E-12
AR GRAD 2024 06 26 02 01 40.000000 2  -3.459974277573E-12 -1.017688277399E-11
AR GRAD 2024 06 26 02 01 50.000000 2  -3.409190030973E-12  1.322774875745E-11
AR GRAD 2024 06 26 02 02  0.000000 2  -5.312868200935E-12  4.532377511496E-12
AR GRAD 2024 06 26 02 02 10.000000 2  -4.720565843601E-13  7.237003964849E-12
AR GRAD 2024 06 26 02 02 20.000000 2  -8.387958730371E-12  1.424163564856E-11
AR GRAD 2024 06 26 02 02 30.000000 2  -1.624968063753E-12 -1.765373784657E-11
AR GRAD 2024 06 26 02 02 40.000000 2  -4.752300549610E-12 -7.849111985370E-12
AR GRAD 2024 06 26 02 02 50.000000 2  -4.984309406181E-12  2.225551340440E-11
AR GRAD 2024 06 26 02 03  0.000000 2   1.496840439140E-13  8.560141311065E-12
AR GRAD 2024 06 26 02 03 10.000000 2  -2.745917859412E-12  1.476476232942E-11
AR GRAD 2024 06 26 02 03 20.000000 2  -2.205227537036E-12  1.076938711819E-11
AR GRAD 2024 06 26 02 03 30.000000 2  -2.348069004857E-12 -4.925991038685E-12
AR GRAD 2024 06 26 02 03 40.000000 2  -3.911833530712E-12  2.478629497829E-12
AR GRAD 2024 06 26 02 03 50.000000 2  -3.585785965030E-12  1.948325008272E-11
AR GRAD 2024 06 26 02 04  0.000000 2  -4.599514779463E-12 -5.712130855123E-12
AR GRAD 2024 06 26 02 04 10.000000 2   1.872678661446E-12 -4.207511075660E-12
AR GRAD 2024 06 26 02 04 20.000000 2   3.190835399722E-12  1.859710649366E-11
AR GRAD 2024 06 26 02 04 30.000000 2  -5.914623391751E-12  4.017244436411E-13
AR GRAD 2024 06 26 02 04 40.000000 2  -1.746653603002E-12  2.700634507691E-11
AR GRAD 2024 06 26 02 04 50.000000 2  -4.335316394072E-12  9.010961248002E-12
AR GRAD 2024 06 26 02 05  0.000000 2  -9.790309838872E-13  5.015572592665E-12
AR GRAD 2024 06 26 02 05 10.000000 2  -2.415550832274E-12  5.201916913715E-13
AR GRAD 2024 06 26 02 05 20.000000 2  -2.420430392572E-12 -2.475197997953E-12
AR GRAD 2024 06 26 02 05 30.000000 2  -2.734254229281E-12  2.362941613210E-11
AR GRAD 2024 06 26 02 05 40.000000 2  -1.930852830054E-12  1.133402659920E-11
AR GRAD 2024 06 26 02 05 50.000000 2  -6.671736730787E-13 -9.861359125118E-12
AR GRAD 2024 06 26 02 06  0.000000 2   5.837236510126E-12  3.324325190124E-11
AR GRAD 2024 06 26 02 06 10.000000 2   1.422264432963E-12  1.247859020975E-12
AR GRAD 2024 06 26 02 06 20.000000 2  -1.757177411389E-12  1.215246826780E-11
AR GRAD 2024 06 26 02 06 30.000000 2   1.745603770038E-12  9.557079086453E-12
AR GRAD 2024 06 26 02 06 40.000000 2   3.262196285672E-12 -8.538315020290E-12
AR GRAD 2024 06 26 02 06 50.000000 2  -4.531258994325E-13  2.146629055066E-11
AR GRAD 2024 06 26 02 07  0.000000 2   4.316691535472E-12  1.487089791585E-11
AR GRAD 2024 06 26 02 07 10.000000 2   2.290134228089E-12  2.087550098062E-11
AR GRAD 2024 06 26 02 07 20.000000 2   1.742598144776E-12  2.578010721566E-11
AR GRAD 2024 06 26 02 07 30.000000 2   5.334963807530E-12 -1.361528771671E-11
AR GRAD 2024 06 26 02 07 40.000000 2   1.127923600873E-12  5.989311477328E-12
AR GRAD 2024 06 26 02 07 50.000000 2  -1.272792309916E-12  6.293917210326E-12
AR GRAD 2024 06 26 02 08  0.000000 2   6.603966505592E-12  1.779851439843E-11
AR GRAD 2024 06 26 02 08 10.000000 2   5.886467962374E-12  2.010311535294E-11
AR GRAD 2024 06 26 02 08 20.000000 2   5.020394256566E-12  8.307718228628E-12
AR GRAD 2024 06 26 02 08 30.000000 2   5.990308075965E-12  1.561231526004E-11
AR GRAD 2024 06 26 02 08 40.000000 2   4.586963621434E-12  9.816916377026E-12
AR GRAD 2024 06 26 02 08 50.000000 2   6.441313628314E-12 -6.784895453631E-13
AR GRAD 2024 06 26 02 09  0.000000 2   7.736835477834E-12  1.472610748621E-11
AR GRAD 2024 06 26 02 09 10.000000 2   6.495895835124E-12  3.183070473867E-11
AR GRAD 2024 06 26 02 09 20.000000 2   4.517047326458E-12  1.153529789050E-11
AR GRAD 2024 06 26 02 09 30.000000 2   5.603976050567E-12  4.639891769409E-12
AR GRAD 2024 06 26 02 09 40.000000 2   7.445175552456E-12  2.214448763249E-11
AR GRAD 2024 06 26 02 09 50.000000 2   6.446432797291E-12  2.504907913037E-11
AR GRAD 2024 06 26 02 10  0.000000 2   5.791853108228E-12 -2.446330681430E-12
AR GRAD 2024 06 26 02 10 10.000000 2   3.739515207907E-12  8.958263818248E-12
AR GRAD 2024 06 26 02 10 20.000000 2   3.533696555855E-12  2.486285136105E-11
AR GRAD 2024 06 26 02 10 30.000000 2   9.337159517786E-12  8.567442762175E-12
AR GRAD 2024 06 26 02 10 40.000000 2   3.718853783946E-12  2.077202992945E-11
AR GRAD 2024 06 26 02 10 50.000000 2   4.998620007496E-12  2.557661894775E-11
AR GRAD 2024 06 26 02 11  0.000000 2   8.275003078595E-12  1.208120756213E-11
AR GRAD 2024 06 26 02 11 10.000000 2   1.356514119782E-11  5.857921569694E-13
AR GRAD 2024 06 26 02 11 20.000000 2   9.228014186125E-12  2.319037670229E-11
AR GRAD 2024 06 26 02 11 30.000000 2   1.189017807823E-11  2.529496230530E-11
AR GRAD 2024 06 26 02 11 40.000000 2   7.658218677264E-12  2.339954618957E-11
AR GRAD 2024 06 26 02 11 50.000000 2   7.186006997784E-12  3.410412924287E-11
AR GRAD 2024 06 26 02 12  0.000000 2   8.052486628884E-12  5.108711630814E-12
AR GRAD 2024 06 26 02 12 10.000000 2   9.101920606103E-12  8.113292156164E-12
AR GRAD 2024 06 26 02 12 20.000000 2   7.303937836489E-12  2.531787453297E-11
AR GRAD 2024 06 26 02 12 30.000000 2   1.039952065435E-11  1.582245445775E-11
AR GRAD 2024 06 26 02 12 40.000000 2   8.222402793356E-12  2.232703431859E-11
AR GRAD 2024 06 26 02 12 50.000000 2   6.886133590428E-12  2.543161167767E-11
AR GRAD 2024 06 26 02 13  0.000000 2   4.723646387234E-12  2.883618864524E-11
AR GRAD 2024 06 26 02 13 10.000000 2   9.799743481975E-12  2.814076749402E-11
AR GRAD 2024 06 26 02 13 20.000000 2   8.877364988946E-12  1.704534430269E-11
AR GRAD 2024 06 26 02 13 30.000000 2   9.636394980583E-12  3.254992109181E-11
AR GRAD 2024 06 26 02 13 40.000000 2   8.636586237842E-12  2.155449603525E-11
AR GRAD 2024 06 26 02 13 50.000000 2   1.267858561194E-11  1.385906667206E-11
AR GRAD 2024 06 26 02 14  0.000000 2   7.582798104699E-12  2.486364239496E-11
AR GRAD 2024 06 26 02 14 10.000000 2   7.127766259163E-12  1.676821181906E-11
AR GRAD 2024 06 26 02 14 20.000000 2   6.738231066866E-12  3.097278683528E-11
AR GRAD 2024 06 26 02 14 30.000000 2   8.504775009244E-12  1.587735498632E-11
AR GRAD 2024 06 26 02 14 40.000000 2   1.271530537111E-11  2.808192567372E-11
AR GRAD 2024 06 26 02 14 50.000000 2   7.748325418777E-12  3.868649497973E-11
AR GRAD 2024 06 26 02 15  0.000000 2   1.338340896440E-11  2.379106460448E-11
AR GRAD 2024 06 26 02 15 10.000000 2   1.136037444671E-11  8.195629071228E-12
AR GRAD 2024 06 26 02 15 20.000000 2   1.385810650262E-11  3.150019828313E-11
AR GRAD 2024 06 26 02 15 30.000000 2   1.210288119724E-11  2.280476328609E-11
AR GRAD 2024 06 26 02 15 40.000000 2   1.079976125890E-11  3.270933177091E-11
AR GRAD 2024 06 26 02 15 50.000000 2   1.244760891583E-11  2.341389235272E-11
AR GRAD 2024 06 26 02 16  0.000000 2   1.159781125304E-11  2.181845676352E-11
AR GRAD 2024 06 26 02 16 10.000000 2   1.226330148540E-11  2.502301837959E-11
AR GRAD 2024 06 26 02 16 20.000000 2   1.027629717432E-11  2.002758202335E-11
AR GRAD 2024 06 26 02 16 30.000000 2   1.387760913130E-11  3.823214314580E-11
AR GRAD 2024 06 26 02 16 40.000000 2   1.208331698588E-11  2.603670230805E-11
AR GRAD 2024 06 26 02 16 50.000000 2   1.422474464607E-11  2.514126407061E-11
AR GRAD 2024 06 26 02 17  0.000000 2   1.191855468485E-11  2.824582234773E-11
AR GRAD 2024 06 26 02 17 10.000000 2   1.164881646004E-11  5.550383069819E-12
AR GRAD 2024 06 26 02 17 20.000000 2   1.758648955630E-11  2.795493871111E-11
AR GRAD 2024 06 26 02 17 30.000000 2   1.652497756688E-11  3.645949861464E-11
AR GRAD 2024 06 26 02 17 40.000000 2   1.452400005819E-11  3.176405319327E-11
AR GRAD 2024 06 26 02 17 50.000000 2   1.282116426915E-11  2.876860555334E-11
AR GRAD 2024 06 26 02 18  0.000000 2   1.599592854007E-11  1.717316046312E-11
AR GRAD 2024 06 26 02 18 10.000000 2   1.735183871587E-11  2.787771402613E-11
AR GRAD 2024 06 26 02 18 20.000000 2   1.139788870924E-11  3.608226564755E-11
AR GRAD 2024 06 26 02 18 30.000000 2   1.468090926604E-11  2.868681681090E-11
AR GRAD 2024 06 26 02 18 40.000000 2   1.657359839646E-11  1.309137086930E-11
AR GRAD 2024 06 26 02 18 50.000000 2   1.349696136105E-11  1.679591882242E-11
AR GRAD 2024 06 26 02 19  0.000000 2   1.771534655082E-11  4.110047024941E-11
AR GRAD 2024 06 26 02 19 10.000000 2   1.385495624479E-11  5.170501526930E-11
AR GRAD 2024 06 26 02 19 20.000000 2   1.620898207322E-11  1.120956712869E-11
AR GRAD 2024 06 26 02 19 30.000000 2   1.654643609628E-11  2.921411376700E-11
AR GRAD 2024 06 26 02 19 40.000000 2   2.390402112362E-11  1.481866018782E-11
AR GRAD 2024 06 26 02 19 50.000000 2   1.615160089008E-11  4.212320769970E-11
AR GRAD 2024 06 26 02 20  0.000000 2   1.230239521366E-11  1.732775034569E-11
AR GRAD 2024 06 26 02 20 10.000000 2   1.959878613567E-11  3.053229544192E-11
AR GRAD 2024 06 26 02 20 20.000000 2   2.016399200389E-11  3.413684265818E-11
AR GRAD 2024 06 26 02 20 30.000000 2   1.736684233922E-11  2.824137972091E-11
AR GRAD 2024 06 26 02 20 40.000000 2   1.691750385613E-11  3.324592337539E-11
AR GRAD 2024 06 26 02 20 50.000000 2   1.901588955744E-11  2.165046440739E-11
AR GRAD 2024 06 26 02 21  0.000000 2   2.241491540989E-11  4.045500393013E-11
AR GRAD 2024 06 26 02 21 10.000000 2   2.121113527875E-11  3.035954126984E-11
AR GRAD 2024 06 26 02 21 20.000000 2   1.797915288870E-11  3.096408199288E-11
AR GRAD 2024 06 26 02 21 30.000000 2   1.634786229998E-11  3.516862148722E-11
AR GRAD 2024 06 26 02 21 40.000000 2   2.273680375919E-11  4.737315748016E-11
AR GRAD 2024 06 26 02 21 50.000000 2   1.802242383109E-11  2.317769066951E-11
AR GRAD 2024 06 26 02 22  0.000000 2   2.154054365433E-11  3.538222839716E-11
AR GRAD 2024 06 26 02 22 10.000000 2   1.919854900057E-11  2.708676338781E-11
AR GRAD 2024 06 26 02 22 20.000000 2   1.572080486623E-11  3.129129941271E-11
AR GRAD 2024 06 26 02 22 30.000000 2   1.775238289703E-11  3.489583275118E-11
AR GRAD 2024 06 26 02 22 40.000000 2   1.677580470372E-11  1.930036165609E-11
AR GRAD 2024 06 26 02 22 50.000000 2   2.118057465528E-11  3.640489645851E-11
AR GRAD 2024 06 26 02 23  0.000000 2   2.001160348541E-11  3.900942416313E-11
AR GRAD 2024 06 26 02 23 10.000000 2   2.098786422433E-11  3.691395800143E-11
AR GRAD 2024 06 26 02 23 20.000000 2   1.711124818227E-11  3.391848607537E-11
AR GRAD 2024 06 26 02 23 30.000000 2   2.035573619386E-11  4.072301176827E-11
AR GRAD 2024 06 26 02 23 40.000000 2   1.805915139652E-11  3.772754331166E-11
AR GRAD 2024 06 26 02 23 50.000000 2   1.858974432722E-11  3.173206836182E-11
AR GRAD 2024 06 26 02 24  0.000000 2   2.378641207612E-11  3.553659450040E-11
AR GRAD 2024 06 26 02 24 10.000000 2   2.608936851278E-11  2.824111777766E-11
AR GRAD 2024 06 26 02 24 20.000000 2   2.350670526285E-11  4.214564461313E-11
AR GRAD 2024 06 26 02 24 30.000000 2   2.400471141306E-11  3.295016690052E-11
AR GRAD 2024 06 26 02 24 40.000000 2   2.372755117386E-11  3.505468831877E-11
AR GRAD 2024 06 26 02 24 50.000000 2   1.742817869188E-11  3.405921378263E-11
AR GRAD 2024 06 26 02 25  0.000000 2   2.344299060431E-11  3.486373689743E-11
AR GRAD 2024 06 26 02 25 10.000000 2   2.330907168668E-11  1.886825418129E-11
AR GRAD 2024 06 26 02 25 20.000000 2   2.450343226934E-11  4.137277326288E-11
AR GRAD 2024 06 26 02 25 30.000000 2   1.897296382503E-11  3.397729320120E-11
AR GRAD 2024 06 26 02 25 40.000000 2   1.680375803781E-11  3.398181042114E-11
AR GRAD 2024 06 26 02 25 50.000000 2   1.979011399200E-11  3.068632847825E-11
AR GRAD 2024 06 26 02 26  0.000000 2   2.669418332213E-11  4.039084691709E-11
AR GRAD 2024 06 26 02 26 10.000000 2   2.217669797799E-11  3.929536210312E-11
AR GRAD 2024 06 26 02 26 20.000000 2   2.522569306218E-11  2.699987455834E-11
AR GRAD 2024 06 26 02 26 30.000000 2   2.327748931108E-11  2.880438942920E-11
AR GRAD 2024 06 26 02 26 40.000000 2   2.523200745563E-11  4.080890833591E-11
AR GRAD 2024 06 26 02 26 50.000000 2   2.311849323089E-11  2.881341693017E-11
AR GRAD 2024 06 26 02 27  0.000000 2   2.998398057619E-11  3.961793046403E-11
AR GRAD 2024 06 26 02 27 10.000000 2   2.010917994621E-11  2.872244109220E-11
AR GRAD 2024 06 26 02 27 20.000000 2   2.718003773439E-11  4.352695287535E-11
AR GRAD 2024 06 26 02 27 30.000000 2   2.429695680761E-11  2.953146061024E-11
AR GRAD 2024 06 26 02 27 40.000000 2   2.172976035220E-11  2.163596905802E-11
AR GRAD 2024 06 26 02 27 50.000000 2   2.307554321235E-11  3.754048114035E-11
AR GRAD 2024 06 26 02 28  0.000000 2   2.302674197152E-11  3.454498145872E-11
AR GRAD 2024 06 26 02 28 10.000000 2   2.618240693697E-11  2.674948977599E-11
AR GRAD 2024 06 26 02 28 20.000000 2   2.320285977242E-11  3.755399810568E-11
AR GRAD 2024 06 26 02 28 30.000000 2   2.566524076597E-11  3.275850077311E-11
AR GRAD 2024 06 26 02 28 40.000000 2   2.228763527901E-11  2.936300855239E-11
AR GRAD 2024 06 26 02 28 50.000000 2   2.340632375419E-11  3.126750941496E-11
AR GRAD 2024 06 26 02 29  0.000000 2   2.551667904749E-11  2.687200809093E-11
AR GRAD 2024 06 26 02 29 10.000000 2   2.313777121288E-11  4.357651392506E-11
AR GRAD 2024 06 26 02 29 20.000000 2   2.932599302286E-11  8.381014632297E-12
AR GRAD 2024 06 26 02 29 30.000000 2   2.524696424144E-11  3.228551453960E-11
AR GRAD 2024 06 26 02 29 40.000000 2   2.484140150527E-11  2.969001433595E-11
AR GRAD 2024 06 26 02 29 50.000000 2   2.020286021809E-11  3.179451493751E-11
AR GRAD 2024 06 26 02 30  0.000000 2   2.693303392809E-11  4.949901252771E-11
AR GRAD 2024 06 26 02 30 10.000000 2   2.693628479988E-11  8.203506450533E-12
AR GRAD 2024 06 26 02 30 20.000000 2   2.653697400712E-11  4.810800716126E-11
AR GRAD 2024 06 26 02 30 30.000000 2   2.467359476455E-11  8.612501337102E-12
AR GRAD 2024 06 26 02 30 40.000000 2   3.113611451999E-11  2.981699609439E-11
AR GRAD 2024 06 26 02 30 50.000000 2   2.519449232574E-11  2.422148939751E-11
AR GRAD 2024 06 26 02 31  0.000000 2   2.919510466715E-11  4.522598268109E-11
AR GRAD 2024 06 26 02 31 10.000000 2   2.786697955726E-11  3.363047340610E-11
AR GRAD 2024 06 26 02 31 20.000000 2   2.437416761480E-11  2.533496676338E-11
AR GRAD 2024 06 26 02 31 30.000000 2   2.296791229428E-11  4.323945715368E-11
AR GRAD 2024 06 26 02 31 40.000000 2   2.284879403736E-11  1.864394576223E-11
AR GRAD 2024 06 26 02 31 50.000000 2   2.388484722504E-11  4.254843699592E-11
AR GRAD 2024 06 26 02 32  0.000000 2   2.930203649165E-11  1.815292360874E-11
AR GRAD 2024 06 26 02 32 10.000000 2   2.539296550808E-11  2.675741225810E-11
AR GRAD 2024 06 26 02 32 20.000000 2   2.879099736397E-11  3.366190312604E-11
AR GRAD 2024 06 26 02 32 30.000000 2   2.860696575457E-11  4.446638543487E-11
AR GRAD 2024 06 26 02 32 40.000000 2   2.762068525286E-11  8.070868626198E-12
AR GRAD 2024 06 26 02 32 50.000000 2   2.766403252308E-11  3.417536045824E-11
AR GRAD 2024 06 26 02 33  0.000000 2   3.066883552671E-11  2.497983764282E-11
AR GRAD 2024 06 26 02 33 10.000000 2   2.786824417067E-11  3.108432261589E-11
AR GRAD 2024 06 26 02 33 20.000000 2   2.685734620811E-11  2.928880402098E-11
AR GRAD 2024 06 26 02 33 30.000000 2   2.606105262148E-11  4.919328486230E-11
AR GRAD 2024 06 26 02 33 40.000000 2   2.573160261254E-11  1.859776568858E-11
AR GRAD 2024 06 26 02 33 50.000000 2   3.126745043436E-11  4.180224916217E-11
AR GRAD 2024 06 26 02 34  0.000000 2   2.761394064799E-11  3.430672759763E-11
AR GRAD 2024 06 26 02 34 10.000000 2   2.716561871285E-11  2.201120188894E-11
AR GRAD 2024 06 26 02 34 20.000000 2   2.867650561456E-11  2.921568195702E-11
AR GRAD 2024 06 26 02 34 30.000000 2   3.234326695356E-11  2.132015571032E-11
AR GRAD 2024 06 26 02 34 40.000000 2   2.774263804795E-11  4.002463638297E-11
AR GRAD 2024 06 26 02 34 50.000000 2   2.839893077644E-11  2.582910968441E-11
AR GRAD 2024 06 26 02 35  0.000000 2   2.609478085003E-11  1.643358192582E-11
AR GRAD 2024 06 26 02 35 10.000000 2   2.316010924708E-11  1.973805494049E-11
AR GRAD 2024 06 26 02 35 20.000000 2   2.801030414556E-11  2.834252971207E-11
AR GRAD 2024 06 26 02 35 30.000000 2   2.267869399220E-11  3.514700336327E-11
AR GRAD 2024 06 26 02 35 40.000000 2   2.946919097635E-11  2.905147129806E-11
AR GRAD 2024 06 26 02 35 50.000000 2   2.752325277411E-11  4.085594362824E-11
AR GRAD 2024 06 26 02 36  0.000000 2   2.596641998642E-11  2.476041247035E-11
AR GRAD 2024 06 26 02 36 10.000000 2   2.770222939930E-11  1.776488157967E-11
AR GRAD 2024 06 26 02 36 20.000000 2   2.677868343737E-11  3.826935296436E-11
AR GRAD 2024 06 26 02 36 30.000000 2   2.786532636578E-11  2.737381675499E-11
AR GRAD 2024 06 26 02 36 40.000000 2   2.717413793984E-11  3.227828421215E-11
AR GRAD 2024 06 26 02 36 50.000000 2   2.646171302911E-11  2.788274819365E-11
AR GRAD 2024 06 26 02 37  0.000000 2   2.381695188292E-11  3.118721600415E-11
AR GRAD 2024 06 26 02 37 10.000000 2   2.946466334808E-11  2.049167953377E-11
AR GRAD 2024 06 26 02 37 20.000000 2   2.600044311796E-11  3.219614505556E-11
AR GRAD 2024 06 26 02 37 30.000000 2   2.863250261886E-11  2.460060453957E-11
AR GRAD 2024 06 26 02 37 40.000000 2   3.083673247306E-11  2.940506518834E-11
AR GRAD 2024 06 26 02 37 50.000000 2   2.935907073010E-11  2.370952739694E-11
AR GRAD 2024 06 26 02 38  0.000000 2   2.333493294426E-11  3.081399024829E-11
AR GRAD 2024 06 26 02 38 10.000000 2   3.047740185225E-11  3.191845052153E-11
AR GRAD 2024 06 26 02 38 20.000000 2   2.538958800147E-11  3.242290810834E-11
AR GRAD 2024 06 26 02 38 30.000000 2   2.991214220760E-11  2.642736376957E-11
AR GRAD 2024 06 26 02 38 40.000000 2   2.960704598154E-11  2.613182240041E-11
AR GRAD 2024 06 26 02 38 50.000000 2   3.025532255285E-11  2.273627813798E-11
AR GRAD 2024 06 26 02 39  0.000000 2   2.696833208138E-11  2.124073139598E-11
AR GRAD 2024 06 26 02 39 10.000000 2   2.672229451606E-11  2.014518933613E-11
AR GRAD 2024 06 26 02 39 20.000000 2   2.806643285835E-11  2.104964293148E-11
AR GRAD 2024 06 26 02 39 30.000000 2   2.627799366994E-11  2.655409572783E-11
AR GRAD 2024 06 26 02 39 40.000000 2   2.933751158674E-11  3.165855078091E-11
AR GRAD 2024 06 26 02 39 50.000000 2   2.833244056033E-11  2.476300067777E-11
AR GRAD 2024 06 26 02 40  0.000000 2   2.254909106658E-11  2.276745111884E-11
AR GRAD 2024 06 26 02 40 10.000000 2   2.370699470067E-11  3.707190110447E-11
AR GRAD 2024 06 26 02 40 20.000000 2   2.513265810744E-11  2.767635079448E-11
AR GRAD 2024 06 26 02 40 30.000000 2   2.819566628787E-11  2.638080032202E-11
AR GRAD 2024 06 26 02 40 40.000000 2   2.650253454195E-11  2.168524561308E-11
AR GRAD 2024 06 26 02 40 50.000000 2   2.920358746494E-11  1.878969549396E-11
AR GRAD 2024 06 26 02 41  0.000000 2   2.085805139718E-11  3.379414109661E-11
AR GRAD 2024 06 26 02 41 10.000000 2   2.247445632375E-11  1.689858496190E-11
AR GRAD 2024 06 26 02 41 20.000000 2   2.422839012750E-11  1.090302934742E-11
AR GRAD 2024 06 26 02 41 30.000000 2   2.472641189022E-11  2.430747443605E-11
AR GRAD 2024 06 26 02 41 40.000000 2   2.603703190551E-11  2.971191695456E-11
AR GRAD 2024 06 26 02 41 50.000000 2   2.465642447158E-11  1.251635947663E-11
AR GRAD 2024 06 26 02 42  0.000000 2   2.332153567486E-11  2.532079927675E-11
AR GRAD 2024 06 26 02 42 10.000000 2   2.000704810157E-11  1.652524124485E-11
AR GRAD 2024 06 26 02 42 20.000000 2   2.616825853230E-11  1.672968014121E-11
AR GRAD 2024 06 26 02 42 30.000000 2   2.356793059322E-11  3.133412279643E-11
AR GRAD 2024 06 26 02 42 40.000000 2   2.765926897241E-11  2.693855902236E-11
AR GRAD 2024 06 26 02 42 50.000000 2   2.062503813571E-11  2.224299563980E-11
AR GRAD 2024 06 26 02 43  0.000000 2   1.948672820329E-11  2.524743435151E-11
AR GRAD 2024 06 26 02 43 10.000000 2   2.228001984295E-11  1.875186811384E-11
AR GRAD 2024 06 26 02 43 20.000000 2   2.275941587970E-11  2.975630852831E-11
AR GRAD 2024 06 26 02 43 30.000000 2   1.856010310719E-11  3.026073835954E-11
AR GRAD 2024 06 26 02 43 40.000000 2   1.973477804784E-11  1.486517159366E-11
AR GRAD 2024 06 26 02 43 50.000000 2   2.297499690496E-11  2.686960723364E-11
AR GRAD 2024 06 26 02 44  0.000000 2   1.748997474627E-11  1.807403705867E-11
AR GRAD 2024 06 26 02 44 10.000000 2   2.079362550200E-11  1.157846735156E-11
AR GRAD 2024 06 26 02 44 20.000000 2   2.459618446415E-11  1.698289946173E-11
AR GRAD 2024 06 26 02 44 30.000000 2   1.544344513382E-11  3.878733098595E-11
AR GRAD 2024 06 26 02 44 40.000000 2   2.169685785203E-11  2.439175771085E-11
AR GRAD 2024 06 26 02 44 50.000000 2   1.955154614597E-11  2.309618642171E-11
AR GRAD 2024 06 26 02 45  0.000000 2   1.411290181941E-11  1.870061223930E-11
AR GRAD 2024 06 26 02 45 10.000000 2   2.141363128483E-11  3.400504183793E-11
AR GRAD 2024 06 26 02 45 20.000000 2   1.991207025653E-11  4.809467928080E-12
AR GRAD 2024 06 26 02 45 30.000000 2   1.707016472619E-11  1.591389173217E-11
AR GRAD 2024 06 26 02 45 40.000000 2   1.740535840455E-11  1.691831570672E-11
AR GRAD 2024 06 26 02 45 50.000000 2   1.877783518955E-11  2.232273914327E-11
AR GRAD 2024 06 26 02 46  0.000000 2   2.333057358417E-11  1.392716237475E-11
AR GRAD 2024 06 26 02 46 10.000000 2   1.630567035560E-11  2.683158382977E-11
AR GRAD 2024 06 26 02 46 20.000000 2   1.860001735965E-11  3.203600579260E-11
AR GRAD 2024 06 26 02 46 30.000000 2   2.086006714586E-11  1.324042611661E-11
AR GRAD 2024 06 26 02 46 40.000000 2   1.926938296426E-11  2.734484513822E-11
AR GRAD 2024 06 26 02 46 50.000000 2   1.759385345745E-11  1.404926522341E-11
AR GRAD 2024 06 26 02 47  0.000000 2   1.619796310970E-11  3.095368406036E-11
AR GRAD 2024 06 26 02 47 10.000000 2   1.693964239713E-11  1.805809668465E-11
AR GRAD 2024 06 26 02 47 20.000000 2   1.839928209790E-11  7.562518319904E-12
AR GRAD 2024 06 26 02 47 30.000000 2   1.662074297637E-11  2.026693222967E-11
AR GRAD 2024 06 26 02 47 40.000000 2   1.745312748491E-11  2.017134549670E-11
AR GRAD 2024 06 26 02 47 50.000000 2   1.335935875812E-11  2.157576027562E-11
AR GRAD 2024 06 26 02 48  0.000000 2   2.127348644465E-11  2.758017078608E-11
AR GRAD 2024 06 26 02 48 10.000000 2   1.430389227203E-11  2.078458585797E-11
AR GRAD 2024 06 26 02 48 20.000000 2   1.737289825887E-11  2.538899819549E-11
AR GRAD 2024 06 26 02 48 30.000000 2   1.780627208181E-11  4.693407554962E-12
AR GRAD 2024 06 26 02 48 40.000000 2   1.553744632954E-11  3.059782288650E-11
AR GRAD 2024 06 26 02 48 50.000000 2   1.814323344340E-11  2.300222685936E-11
AR GRAD 2024 06 26 02 49  0.000000 2   1.800948452868E-11  9.406635192999E-12
AR GRAD 2024 06 26 02 49 10.000000 2   1.662969935368E-11  2.351104380627E-11
AR GRAD 2024 06 26 02 49 20.000000 2   1.378254628481E-11  1.601545285279E-11
AR GRAD 2024 06 26 02 49 30.000000 2   1.411198415069E-11  2.031985864293E-11
AR GRAD 2024 06 26 02 49 40.000000 2   1.771200720813E-11  2.532426351953E-11
AR GRAD 2024 06 26 02 49 50.000000 2   1.004342355809E-11  1.522866728554E-11
AR GRAD 2024 06 26 02 50  0.000000 2   1.459536831672E-11  7.933072601607E-12
AR GRAD 2024 06 26 02 50 10.000000 2   1.043180732768E-11  8.037473464562E-12
AR GRAD 2024 06 26 02 50 20.000000 2   1.419908374906E-11  1.944187692782E-11
AR GRAD 2024 06 26 02 50 30.000000 2   1.207372396506E-11  1.844627749159E-11
AR GRAD 2024 06 26 02 50 40.000000 2   1.104534953084E-11  2.055067921392E-11
AR GRAD 2024 06 26 02 50 50.000000 2   1.632826339415E-11  1.245508036984E-11
AR GRAD 2024 06 26 02 51  0.000000 2   1.037598479359E-11  1.495947810071E-11
AR GRAD 2024 06 26 02 51 10.000000 2   1.713249160595E-11  1.586387791963E-11
AR GRAD 2024 06 26 02 51 20.000000 2   7.422311897043E-12  1.436827566648E-11
AR GRAD 2024 06 26 02 51 30.000000 2   9.932064719276E-12  5.372670624365E-12
AR GRAD 2024 06 26 02 51 40.000000 2   8.088397139561E-12 -5.022931723331E-12
AR GRAD 2024 06 26 02 51 50.000000 2   9.771486571275E-12  2.218146326338E-11
AR GRAD 2024 06 26 02 52  0.000000 2   6.937165251963E-12  8.985856329857E-12
AR GRAD 2024 06 26 02 52 10.000000 2   1.142249055758E-11  1.019025142046E-11
AR GRAD 2024 06 26 02 52 20.000000 2   3.527275693749E-12  1.049464508351E-11
AR GRAD 2024 06 26 02 52 30.000000 2   9.946142867645E-12  1.039903753386E-11
AR GRAD 2024 06 26 02 52 40.000000 2   6.015555675115E-12  1.300342819532E-11
AR GRAD 2024 06 26 02 52 50.000000 2   6.928866768535E-12  2.200781917816E-11
AR GRAD 2024 06 26 02 53  0.000000 2   3.817370464870E-12  1.421221040160E-11
AR GRAD 2024 06 26 02 53 10.000000 2   6.148162708108E-12  5.516597595401E-12
AR GRAD 2024 06 26 02 53 20.000000 2   2.986415368472E-12  4.220987708664E-12
AR GRAD 2024 06 26 02 53 30.000000 2   2.556125450193E-12  1.202537375233E-11
AR GRAD 2024 06 26 02 53 40.000000 2   6.739919386489E-12  1.732975915547E-11
AR GRAD 2024 06 26 02 53 50.000000 2   5.150003687393E-12  1.743414440591E-11
AR GRAD 2024 06 26 02 54  0.000000 2   2.282511853136E-12  8.038531645882E-12
AR GRAD 2024 06 26 02 54 10.000000 2   8.193264643130E-12  1.542914450717E-12
AR GRAD 2024 06 26 02 54 20.000000 2   1.661289053372E-12  4.247297392262E-12
AR GRAD 2024 06 26 02 54 30.000000 2   2.076086481548E-12  1.135168174737E-11
AR GRAD 2024 06 26 02 54 40.000000 2   1.099281863454E-11  1.245606135597E-11
AR GRAD 2024 06 26 02 54 50.000000 2   5.264031831959E-12  1.126044830296E-11
AR GRAD 2024 06 26 02 55  0.000000 2   1.687768739871E-12  1.648246968598E-13
AR GRAD 2024 06 26 02 55 10.000000 2   2.960646484917E-12  1.736920503259E-11
AR GRAD 2024 06 26 02 55 20.000000 2   5.943572457118E-12  1.257358626938E-11
AR GRAD 2024 06 26 02 55 30.000000 2   2.529255450912E-12  6.277961223794E-12
AR GRAD 2024 06 26 02 55 40.000000 2   5.145823437497E-12  2.982339418825E-12
AR GRAD 2024 06 26 02 55 50.000000 2   1.533967587284E-13 -9.613285861798E-12
AR GRAD 2024 06 26 02 56  0.000000 2   2.822460364385E-12  4.591093564349E-12
AR GRAD 2024 06 26 02 56 10.000000 2   9.361677015193E-13  2.309546651147E-11
AR GRAD 2024 06 26 02 56 20.000000 2   4.941395383151E-12  3.899842688365E-12
AR GRAD 2024 06 26 02 56 30.000000 2   3.649737630174E-12  1.180421385638E-11
AR GRAD 2024 06 26 02 56 40.000000 2   5.143145891812E-12 -6.914126389479E-13
AR GRAD 2024 06 26 02 56 50.000000 2   8.145887610278E-12  1.551295723823E-11
AR GRAD 2024 06 26 02 57  0.000000 2  -1.471436579352E-12  6.417329775216E-12
AR GRAD 2024 06 26 02 57 10.000000 2   3.770893753502E-12  4.021697905254E-12
AR GRAD 2024 06 26 02 57 20.000000 2  -3.578634784340E-12  2.102606803944E-11
AR GRAD 2024 06 26 02 57 30.000000 2   3.607020064578E-12 -2.069560451831E-12
AR GRAD 2024 06 26 02 57 40.000000 2   2.568171586850E-12  2.253480388403E-11
AR GRAD 2024 06 26 02 57 50.000000 2   3.378627455933E-12 -4.260826066971E-12
AR GRAD 2024 06 26 02 58  0.000000 2  -1.542881626496E-13  1.094354121212E-11
AR GRAD 2024 06 26 02 58 10.000000 2   1.592354395043E-12 -5.209741194218E-14
AR GRAD 2024 06 26 02 58 20.000000 2   5.774317655971E-13  2.752270199941E-12
AR GRAD 2024 06 26 02 58 30.000000 2   3.565805420033E-12  5.256633236334E-12
AR GRAD 2024 06 26 02 58 40.000000 2   1.089034678409E-12  1.716099658211E-11
AR GRAD 2024 06 26 02 58 50.000000 2   4.522792296929E-12  5.365357030190E-12
AR GRAD 2024 06 26 02 59  0.000000 2  -3.030198271123E-12  6.769721935806E-12
AR GRAD 2024 06 26 02 59 10.000000 2  -8.875381332651E-12  8.774084757357E-12
AR GRAD 2024 06 26 02 59 20.000000 2  -3.678236968480E-12  1.127844345694E-11
AR GRAD 2024 06 26 02 59 30.000000 2  -1.105711876226E-12  1.782800578172E-12
AR GRAD 2024 06 26 02 59 40.000000 2  -5.750339874405E-12 -1.512840634016E-12
AR GRAD 2024 06 26 02 59 50.000000 2  -3.407273812053E-12 -4.908482474641E-12
AR GRAD 2024 06 26 03 00  0.000000 2  -1.586836348086E-12  1.209587291440E-11
AR GRAD 2024 06 26 03 00 10.000000 2  -6.961287449259E-12  9.400228859202E-12
AR GRAD 2024 06 26 03 00 20.000000 2  -6.511240331630E-12 -1.095415858715E-12
AR GRAD 2024 06 26 03 00 30.000000 2  -9.699598763069E-12  7.308940778994E-12
AR GRAD 2024 06 26 03 00 40.000000 2  -1.047983141239E-11 -8.986704609637E-12
AR GRAD 2024 06 26 03 00 50.000000 2  -4.775767021431E-12  6.117645886400E-12
AR GRAD 2024 06 26 03 01  0.000000 2  -5.131029715694E-12  1.052199820328E-11
AR GRAD 2024 06 26 03 01 10.000000 2  -9.221151620054E-12 -1.147364755288E-11
AR GRAD 2024 06 26 03 01 20.000000 2  -4.024219759508E-12  1.830702906977E-12
AR GRAD 2024 06 26 03 01 30.000000 2  -1.078240448316E-11 -5.649481533629E-13
AR GRAD 2024 06 26 03 01 40.000000 2  -5.009657185612E-12  1.743939888332E-11
AR GRAD 2024 06 26 03 01 50.000000 2  -9.786285497249E-12 -2.005624659407E-11
AR GRAD 2024 06 26 03 02  0.000000 2  -1.021146361913E-11  1.514809631897E-11
AR GRAD 2024 06 26 03 02 10.000000 2  -9.758604514742E-12 -8.947552768146E-12
AR GRAD 2024 06 26 03 02 20.000000 2  -1.064882383661E-11  6.656791003840E-12
AR GRAD 2024 06 26 03 02 30.000000 2  -6.891259698300E-12 -5.438868973251E-12
AR GRAD 2024 06 26 03 02 40.000000 2  -1.078247040265E-11  3.265480117212E-12
AR GRAD 2024 06 26 03 02 50.000000 2  -1.510271248339E-11  3.769819959670E-12
AR GRAD 2024 06 26 03 03  0.000000 2  -1.132143771093E-11 -9.425834245069E-12
AR GRAD 2024 06 26 03 03 10.000000 2  -1.058450202485E-11 -6.121493069389E-12
AR GRAD 2024 06 26 03 03 20.000000 2  -6.296006251072E-12  8.082848626523E-12
AR GRAD 2024 06 26 03 03 30.000000 2  -1.729476631351E-11 -3.412809965186E-12
AR GRAD 2024 06 26 03 03 40.000000 2  -6.916642172200E-12 -2.210846783424E-11
AR GRAD 2024 06 26 03 03 50.000000 2  -1.184693315670E-11 -3.204132488846E-12
AR GRAD 2024 06 26 03 04  0.000000 2  -8.594828841690E-12 -2.499796160002E-12
AR GRAD 2024 06 26 03 04 10.000000 2  -8.983633281723E-12  1.070454315466E-11
AR GRAD 2024 06 26 03 04 20.000000 2  -8.813616503289E-12 -6.491119707713E-12
AR GRAD 2024 06 26 03 04 30.000000 2  -1.008562504345E-11 -1.088678626415E-11
AR GRAD 2024 06 26 03 04 40.000000 2  -9.414854312828E-12  1.917552054642E-12
AR GRAD 2024 06 26 03 04 50.000000 2  -1.499608770494E-11 -9.778114082315E-12
