 2.00 C RINEX VERSION / TYPE
 10.00 INTERVAL
 1 AR # / TYPES OF DATA
 END OF HEADER
AR GRAD 2024 06 20 01 05  0.000000 2   1.233079610641E-11 -9.252165873719E-12
AR GRAD 2024 06 20 01 05 10.000000 2   9.117976339235E-12 -7.457378356328E-13
AR GRAD 2024 06 20 01 05 20.000000 2   1.002199365163E-11  1.030689097438E-12
AR GRAD 2024 06 20 01 05 30.000000 2   9.852865918980E-12 -1.085288369590E-11
AR GRAD 2024 06 20 01 05 40.000000 2   8.636241895232E-12 -3.986459166244E-12
AR GRAD 2024 06 20 01 05 50.000000 2   7.754197457743E-12  1.006996569464E-11
AR GRAD 2024 06 20 01 06  0.000000 2   9.726088857909E-12 -8.363611019024E-12
AR GRAD 2024 06 20 01 06 10.000000 2   9.662655224563E-12 -2.047719112330E-11
AR GRAD 2024 06 20 01 06 20.000000 2   8.876801203817E-12 -9.950766773070E-12
AR GRAD 2024 06 20 01 06 30.000000 2   1.049548729176E-11 -4.904345592832E-12
AR GRAD 2024 06 20 01 06 40.000000 2   8.836346584995E-12 -7.607926441611E-12
AR GRAD 2024 06 20 01 06 50.000000 2   9.434887766890E-12 -1.162150670836E-11
AR GRAD 2024 06 20 01 07  0.000000 2   1.255155875068E-11  8.149110184395E-13
AR GRAD 2024 06 20 01 07 10.000000 2   6.919799802607E-12 -1.130867188087E-11
AR GRAD 2024 06 20 01 07 20.000000 2   1.111641074331E-11 -7.582256003613E-12
AR GRAD 2024 06 20 01 07 30.000000 2   9.583513670142E-12 -2.045584188148E-11
AR GRAD 2024 06 20 01 07 40.000000 2   8.122415066925E-12 -4.089427147608E-12
AR GRAD 2024 06 20 01 07 50.000000 2   8.530082022673E-12 -6.173014356625E-12
AR GRAD 2024 06 20 01 08  0.000000 2   9.211320942115E-12 -3.726601058990E-12
AR GRAD 2024 06 20 01 08 10.000000 2   1.202749011497E-11 -1.951019033830E-11
AR GRAD 2024 06 20 01 08 20.000000 2   9.077642283695E-12 -8.123778559577E-12
AR GRAD 2024 06 20 01 08 30.000000 2   7.681296571027E-12 -1.366736931963E-11
AR GRAD 2024 06 20 01 08 40.000000 2   9.699490342852E-12 -5.750960905410E-12
AR GRAD 2024 06 20 01 08 50.000000 2   6.064183009913E-12 -1.361455306131E-11
AR GRAD 2024 06 20 01 09  0.000000 2   1.092593376883E-11 -1.998814655457E-11
AR GRAD 2024 06 20 01 09 10.000000 2   7.389892517362E-12 -9.661740157929E-12
AR GRAD 2024 06 20 01 09 20.000000 2   9.987927152011E-12 -4.855336618870E-12
AR GRAD 2024 06 20 01 09 30.000000 2   8.651462359011E-12 -1.369893348063E-11
AR GRAD 2024 06 20 01 09 40.000000 2   8.429000553090E-12 -7.202530672573E-12
AR GRAD 2024 06 20 01 09 50.000000 2   9.171115256112E-12 -1.582613033679E-11
AR GRAD 2024 06 20 01 10  0.000000 2   6.694864714690E-12 -1.005972648932E-11
AR GRAD 2024 06 20 01 10 10.000000 2   7.626737782984E-12 -1.295332504453E-11
AR GRAD 2024 06 20 01 10 20.000000 2   8.684463738418E-12 -1.417692699346E-11
AR GRAD 2024 06 20 01 10 30.000000 2   1.190309829868E-11 -1.303052891283E-11
AR GRAD 2024 06 20 01 10 40.000000 2   4.950061194275E-12 -1.757413312098E-11
AR GRAD 2024 06 20 01 10 50.000000 2   7.486002269463E-12 -7.347734400087E-12
AR GRAD 2024 06 20 01 11  0.000000 2   9.288071180225E-12 -1.835134127992E-11
AR GRAD 2024 06 20 01 11 10.000000 2   5.799601250633E-12 -1.222494501463E-11
AR GRAD 2024 06 20 01 11 20.000000 2   9.275130143094E-12 -2.493855122410E-11
AR GRAD 2024 06 20 01 11 30.000000 2   7.024131276623E-12 -1.735216137444E-11
AR GRAD 2024 06 20 01 11 40.000000 2   6.398303328131E-12 -1.494576684635E-11
AR GRAD 2024 06 20 01 11 50.000000 2   7.904469613573E-12 -9.129375207195E-12
AR GRAD 2024 06 20 01 12  0.000000 2   6.293045078098E-12 -2.349298706961E-11
AR GRAD 2024 06 20 01 12 10.000000 2   9.160020832122E-12 -2.033659872447E-11
AR GRAD 2024 06 20 01 12 20.000000 2   5.273300893172E-12 -1.938020924297E-11
AR GRAD 2024 06 20 01 12 30.000000 2   7.437900989560E-12 -2.432382247008E-11
AR GRAD 2024 06 20 01 12 40.000000 2   6.847459231574E-12 -2.980743776804E-11
AR GRAD 2024 06 20 01 12 50.000000 2   6.206540489884E-12 -7.811050417583E-12
AR GRAD 2024 06 20 01 13  0.000000 2   7.708873470125E-12 -2.973466611822E-11
AR GRAD 2024 06 20 01 13 10.000000 2   7.618961017641E-12 -1.685828386611E-11
AR GRAD 2024 06 20 01 13 20.000000 2   5.959943909922E-12 -1.661190282554E-11
AR GRAD 2024 06 20 01 13 30.000000 2   8.020846140044E-12 -2.859552004908E-11
AR GRAD 2024 06 20 01 13 40.000000 2   1.035920481340E-11 -1.748914207900E-11
AR GRAD 2024 06 20 01 13 50.000000 2   5.197774936155E-12 -1.658276120586E-11
AR GRAD 2024 06 20 01 14  0.000000 2   7.248480028005E-12 -2.375638227803E-11
AR GRAD 2024 06 20 01 14 10.000000 2   7.090296665763E-12 -3.026000283679E-11
AR GRAD 2024 06 20 01 14 20.000000 2   7.172423679286E-12 -2.137362682675E-11
AR GRAD 2024 06 20 01 14 30.000000 2   8.653005395542E-12 -1.384724973574E-11
AR GRAD 2024 06 20 01 14 40.000000 2   6.505781590532E-12 -2.606087567969E-11
AR GRAD 2024 06 20 01 14 50.000000 2   5.440100626919E-12 -1.504450210243E-11
AR GRAD 2024 06 20 01 15  0.000000 2   8.727248090867E-12 -2.681812931449E-11
AR GRAD 2024 06 20 01 15 10.000000 2   4.640185805038E-12 -2.476175861577E-11
AR GRAD 2024 06 20 01 15 20.000000 2   7.759629744308E-12 -2.237538626604E-11
AR GRAD 2024 06 20 01 15 30.000000 2   5.853898962793E-12 -2.343901982227E-11
AR GRAD 2024 06 20 01 15 40.000000 2   7.061536685254E-12 -2.119265006539E-11
AR GRAD 2024 06 20 01 15 50.000000 2   1.126706193622E-11 -1.179627749648E-11
AR GRAD 2024 06 20 01 16  0.000000 2   5.070820933289E-12 -3.019991201558E-11
AR GRAD 2024 06 20 01 16 10.000000 2   8.273824333993E-12 -1.962354584384E-11
AR GRAD 2024 06 20 01 16 20.000000 2   6.355350273823E-12 -2.765718210007E-11
AR GRAD 2024 06 20 01 16 30.000000 2   8.334989816394E-12 -2.487081374181E-11
AR GRAD 2024 06 20 01 16 40.000000 2   8.205999248168E-12 -3.055445133016E-11
AR GRAD 2024 06 20 01 16 50.000000 2   7.503749357984E-12 -2.307808978641E-11
AR GRAD 2024 06 20 01 17  0.000000 2   8.172328265499E-12 -3.319172367511E-11
AR GRAD 2024 06 20 01 17 10.000000 2   9.171461333446E-12 -2.164536605509E-11
AR GRAD 2024 06 20 01 17 20.000000 2   5.851515452737E-12 -1.396900477235E-11
AR GRAD 2024 06 20 01 17 30.000000 2   9.440531689719E-12 -1.701264996934E-11
AR GRAD 2024 06 20 01 17 40.000000 2   6.977274227132E-12 -2.050628937489E-11
AR GRAD 2024 06 20 01 17 50.000000 2   5.998205838270E-12 -3.993992983564E-11
AR GRAD 2024 06 20 01 18  0.000000 2   8.661803045651E-12 -1.039357575700E-11
AR GRAD 2024 06 20 01 18 10.000000 2   8.852694619033E-12 -2.445722270539E-11
AR GRAD 2024 06 20 01 18 20.000000 2   7.811246441336E-12 -3.446086471737E-11
AR GRAD 2024 06 20 01 18 30.000000 2   6.135764205745E-12 -2.285451342066E-11
AR GRAD 2024 06 20 01 18 40.000000 2   9.524101125813E-12 -3.293815914462E-11
AR GRAD 2024 06 20 01 18 50.000000 2   8.965619913148E-12 -3.058180791937E-11
AR GRAD 2024 06 20 01 19  0.000000 2   6.474327150785E-12 -2.974545956769E-11
AR GRAD 2024 06 20 01 19 10.000000 2   9.400420546146E-12 -1.991910802968E-11
AR GRAD 2024 06 20 01 19 20.000000 2   1.001920248156E-11 -3.511275992185E-11
AR GRAD 2024 06 20 01 19 30.000000 2   5.898983124891E-12 -1.056641232844E-11
AR GRAD 2024 06 20 01 19 40.000000 2   6.964357909811E-12 -3.476006288361E-11
AR GRAD 2024 06 20 01 19 50.000000 2   7.198651397200E-12 -2.497371927312E-11
AR GRAD 2024 06 20 01 20  0.000000 2   6.594367846918E-12 -2.977737501020E-11
AR GRAD 2024 06 20 01 20 10.000000 2   9.123149284640E-12 -2.284103114980E-11
AR GRAD 2024 06 20 01 20 20.000000 2   7.023187153371E-12 -2.444468932827E-11
AR GRAD 2024 06 20 01 20 30.000000 2   8.607499261959E-12 -3.393834518972E-11
AR GRAD 2024 06 20 01 20 40.000000 2   9.869002316754E-12 -3.450200194988E-11
AR GRAD 2024 06 20 01 20 50.000000 2   5.333684015285E-12 -1.921566378238E-11
AR GRAD 2024 06 20 01 21  0.000000 2   8.718527635954E-12 -1.935932837649E-11
AR GRAD 2024 06 20 01 21 10.000000 2   1.312345371263E-11 -3.057298511577E-11
AR GRAD 2024 06 20 01 21 20.000000 2   7.130698809199E-12 -2.274665178437E-11
AR GRAD 2024 06 20 01 21 30.000000 2   9.016252154603E-12 -3.515031321566E-11
AR GRAD 2024 06 20 01 21 40.000000 2   6.334753034631E-12 -2.978397736775E-11
AR GRAD 2024 06 20 01 21 50.000000 2   1.025406842770E-11 -2.466764119358E-11
AR GRAD 2024 06 20 01 22  0.000000 2   8.615093881337E-12 -2.659130901583E-11
AR GRAD 2024 06 20 01 22 10.000000 2   1.021731310669E-11 -3.003497450749E-11
AR GRAD 2024 06 20 01 22 20.000000 2   6.576062177438E-12 -1.951864711525E-11
AR GRAD 2024 06 20 01 22 30.000000 2   5.434110626756E-12 -2.874231408434E-11
AR GRAD 2024 06 20 01 22 40.000000 2   9.131496774006E-12 -2.854598328550E-11
AR GRAD 2024 06 20 01 22 50.000000 2   8.456718832150E-12 -2.673965562860E-11
AR GRAD 2024 06 20 01 23  0.000000 2   8.102879478500E-12 -2.435332664696E-11
AR GRAD 2024 06 20 01 23 10.000000 2   5.500588699803E-12 -2.700699906766E-11
AR GRAD 2024 06 20 01 23 20.000000 2   8.918593294438E-12 -2.729067319351E-11
AR GRAD 2024 06 20 01 23 30.000000 2   6.994433678076E-12 -3.106434554034E-11
AR GRAD 2024 06 20 01 23 40.000000 2   8.202328573292E-12 -1.070802214259E-11
AR GRAD 2024 06 20 01 23 50.000000 2   8.063427529847E-12 -2.169170051913E-11
AR GRAD 2024 06 20 01 24  0.000000 2   7.626457625143E-12 -3.517537650044E-11
AR GRAD 2024 06 20 01 24 10.000000 2   7.921471638361E-12 -2.222905713667E-11
AR GRAD 2024 06 20 01 24 20.000000 2   9.718671180325E-12 -8.542733360983E-12
AR GRAD 2024 06 20 01 24 30.000000 2   1.011187748118E-11 -2.819641568841E-11
AR GRAD 2024 06 20 01 24 40.000000 2   6.283181874095E-12 -2.212009742042E-11
AR GRAD 2024 06 20 01 24 50.000000 2   7.948450057860E-12 -2.384377938147E-11
AR GRAD 2024 06 20 01 25  0.000000 2   9.327750377652E-12 -1.840746478854E-11
AR GRAD 2024 06 20 01 25 10.000000 2   1.025451772108E-11 -2.918114708206E-11
AR GRAD 2024 06 20 01 25 20.000000 2   8.959550983068E-12 -1.787483355775E-11
AR GRAD 2024 06 20 01 25 30.000000 2   9.101969178360E-12 -3.138851678575E-11
AR GRAD 2024 06 20 01 25 40.000000 2   9.314389537440E-12 -3.182220459363E-11
AR GRAD 2024 06 20 01 25 50.000000 2   9.525383086462E-12 -2.731589260341E-11
AR GRAD 2024 06 20 01 26  0.000000 2   8.810605023335E-12 -1.517958155006E-11
AR GRAD 2024 06 20 01 26 10.000000 2   7.057413681233E-12 -5.523271510294E-12
AR GRAD 2024 06 20 01 26 20.000000 2   8.965059597466E-12 -3.972695783450E-11
AR GRAD 2024 06 20 01 26 30.000000 2   7.228411879473E-12 -2.496065333590E-11
AR GRAD 2024 06 20 01 26 40.000000 2   9.246280824327E-12 -2.034434773424E-11
AR GRAD 2024 06 20 01 26 50.000000 2   8.219982854107E-12 -2.885803922215E-11
AR GRAD 2024 06 20 01 27  0.000000 2   7.120192456467E-12 -2.002173427051E-11
AR GRAD 2024 06 20 01 27 10.000000 2   8.988023866840E-12 -2.531543030759E-11
AR GRAD 2024 06 20 01 27 20.000000 2   7.520696738983E-12 -1.885912606636E-11
AR GRAD 2024 06 20 01 27 30.000000 2   9.552765696530E-12 -2.265282579572E-11
AR GRAD 2024 06 20 01 27 40.000000 2   9.202217113313E-12 -1.481652127377E-11
AR GRAD 2024 06 20 01 27 50.000000 2   1.012280103491E-11 -1.268022145617E-11
AR GRAD 2024 06 20 01 28  0.000000 2   6.456178473779E-12 -2.158392041485E-11
AR GRAD 2024 06 20 01 28 10.000000 2   9.202470382941E-12 -1.782762132363E-11
AR GRAD 2024 06 20 01 28 20.000000 2   6.543908644130E-12 -1.836132287880E-11
AR GRAD 2024 06 20 01 28 30.000000 2   8.713725921372E-12 -1.725502726813E-11
AR GRAD 2024 06 20 01 28 40.000000 2   9.214839828686E-12 -9.938728659509E-12
AR GRAD 2024 06 20 01 28 50.000000 2   9.726965760626E-12 -1.447243280078E-11
AR GRAD 2024 06 20 01 29  0.000000 2   5.958138496465E-12 -2.498613989321E-11
AR GRAD 2024 06 20 01 29 10.000000 2   8.231839689066E-12 -3.441984197661E-11
AR GRAD 2024 06 20 01 29 20.000000 2   7.081110437596E-12 -1.644355485109E-11
AR GRAD 2024 06 20 01 29 30.000000 2   8.127483928921E-12 -5.407261444157E-12
AR GRAD 2024 06 20 01 29 40.000000 2   5.875799846677E-12 -1.924097339789E-11
AR GRAD 2024 06 20 01 29 50.000000 2   1.060774992151E-11 -8.534682509331E-12
AR GRAD 2024 06 20 01 30  0.000000 2   6.707229389946E-12 -1.752839366709E-11
AR GRAD 2024 06 20 01 30 10.000000 2   8.919762498061E-12 -1.970210800062E-11
AR GRAD 2024 06 20 01 30 20.000000 2   7.341982057041E-12 -1.450582015616E-11
AR GRAD 2024 06 20 01 30 30.000000 2   7.140512139903E-12 -7.039533886366E-12
AR GRAD 2024 06 20 01 30 40.000000 2   9.647391392698E-12 -9.993246681550E-12
AR GRAD 2024 06 20 01 30 50.000000 2   1.052185508860E-11 -1.087696425983E-11
AR GRAD 2024 06 20 01 31  0.000000 2   9.447814926233E-12 -2.539068087726E-11
AR GRAD 2024 06 20 01 31 10.000000 2   1.027712723950E-11 -9.224397287677E-12
AR GRAD 2024 06 20 01 31 20.000000 2   7.280731573189E-12 -2.602811889629E-11
AR GRAD 2024 06 20 01 31 30.000000 2   8.005698534652E-12 -1.004183628611E-11
AR GRAD 2024 06 20 01 31 40.000000 2   8.642976091766E-12  1.358444346594E-11
AR GRAD 2024 06 20 01 31 50.000000 2   9.961275727888E-12 -2.353928163501E-11
AR GRAD 2024 06 20 01 32  0.000000 2   1.161639274355E-11 -9.363000826046E-12
AR GRAD 2024 06 20 01 32 10.000000 2   8.644029936278E-12 -9.096725976654E-12
AR GRAD 2024 06 20 01 32 20.000000 2   6.556020917120E-12 -7.920448151510E-12
AR GRAD 2024 06 20 01 32 30.000000 2   1.181808730738E-11 -2.067417764762E-11
AR GRAD 2024 06 20 01 32 40.000000 2   9.193471504909E-12 -1.079013113125E-13
AR GRAD 2024 06 20 01 32 50.000000 2   9.679784751526E-12 -6.111628564343E-12
AR GRAD 2024 06 20 01 33  0.000000 2   6.164232319028E-12 -8.095355982785E-12
AR GRAD 2024 06 20 01 33 10.000000 2   1.031669888407E-11 -2.958908465467E-11
AR GRAD 2024 06 20 01 33 20.000000 2   5.763950081117E-12  2.752718192278E-11
AR GRAD 2024 06 20 01 33 30.000000 2   9.971933868924E-12 -1.816654639220E-11
AR GRAD 2024 06 20 01 33 40.000000 2   8.126286102361E-12  9.269723010019E-12
AR GRAD 2024 06 20 01 33 50.000000 2   8.787868870097E-12 -2.781401324536E-11
AR GRAD 2024 06 20 01 34  0.000000 2   1.122517009899E-11  1.812256182794E-12
AR GRAD 2024 06 20 01 34 10.000000 2   8.195111256271E-12 -1.300147836614E-11
AR GRAD 2024 06 20 01 34 20.000000 2   1.310967220197E-11  1.592478406087E-11
AR GRAD 2024 06 20 01 34 30.000000 2   7.538374438565E-12 -1.739895033603E-11
AR GRAD 2024 06 20 01 34 40.000000 2   1.088897982199E-11 -1.662689300477E-12
AR GRAD 2024 06 20 01 34 50.000000 2   9.620184857062E-12  1.352357288653E-11
AR GRAD 2024 06 20 01 35  0.000000 2   1.116776029292E-11 -5.630166905607E-12
AR GRAD 2024 06 20 01 35 10.000000 2   1.093158202847E-11 -2.490390879628E-11
AR GRAD 2024 06 20 01 35 20.000000 2   1.359173017190E-11  8.542351721819E-12
AR GRAD 2024 06 20 01 35 30.000000 2   7.032822241237E-12 -5.571390137432E-12
AR GRAD 2024 06 20 01 35 40.000000 2   1.013479664774E-11  5.774866695951E-12
AR GRAD 2024 06 20 01 35 50.000000 2   1.238279357524E-11  2.401122920284E-12
AR GRAD 2024 06 20 01 36  0.000000 2   1.084637241133E-11 -8.572620911751E-12
AR GRAD 2024 06 20 01 36 10.000000 2   1.191300356973E-11  9.553632190906E-12
AR GRAD 2024 06 20 01 36 20.000000 2   1.290353761341E-11  1.519884803951E-12
AR GRAD 2024 06 20 01 36 30.000000 2   1.345491860288E-11  6.816137064491E-12
AR GRAD 2024 06 20 01 36 40.000000 2   1.189653150296E-11  1.493238692418E-11
AR GRAD 2024 06 20 01 36 50.000000 2   1.046240004354E-11  8.288639739840E-12
AR GRAD 2024 06 20 01 37  0.000000 2   1.293239647315E-11  2.324887895047E-12
AR GRAD 2024 06 20 01 37 10.000000 2   1.466491338087E-11  1.571137100628E-12
AR GRAD 2024 06 20 01 37 20.000000 2   1.523496259703E-11  8.627384397164E-12
AR GRAD 2024 06 20 01 37 30.000000 2   8.637686919888E-12  6.873631004656E-12
AR GRAD 2024 06 20 01 37 40.000000 2   1.504106214578E-11 -1.911012320610E-11
AR GRAD 2024 06 20 01 37 50.000000 2   1.529241490383E-11  2.282611946680E-11
AR GRAD 2024 06 20 01 38  0.000000 2   8.447093718944E-12  3.372364887344E-12
AR GRAD 2024 06 20 01 38 10.000000 2   1.197862382202E-11  1.556860716734E-11
AR GRAD 2024 06 20 01 38 20.000000 2   1.356689847271E-11  3.504850056013E-12
AR GRAD 2024 06 20 01 38 30.000000 2   1.279105207169E-11  4.381090976113E-12
AR GRAD 2024 06 20 01 38 40.000000 2   1.188012188624E-11  5.217330907581E-12
AR GRAD 2024 06 20 01 38 50.000000 2   1.058327817743E-11  1.132356968608E-11
AR GRAD 2024 06 20 01 39  0.000000 2   1.412893673586E-11 -1.300192484059E-12
AR GRAD 2024 06 20 01 39 10.000000 2   1.589091531973E-11  1.126604538826E-11
AR GRAD 2024 06 20 01 39 20.000000 2   1.347509517163E-11  1.855228123904E-11
AR GRAD 2024 06 20 01 39 30.000000 2   1.174488978295E-11  1.436851766040E-11
AR GRAD 2024 06 20 01 39 40.000000 2   1.395506973867E-11 -2.054524952944E-11
AR GRAD 2024 06 20 01 39 50.000000 2   1.410673574481E-11  2.395098529229E-11
AR GRAD 2024 06 20 01 40  0.000000 2   1.478039392266E-11  1.341721785758E-11
AR GRAD 2024 06 20 01 40 10.000000 2   1.364140571336E-11  3.344885674862E-14
AR GRAD 2024 06 20 01 40 20.000000 2   1.556094836319E-11  1.739967891989E-11
AR GRAD 2024 06 20 01 40 30.000000 2   1.562502384422E-11 -6.094089642639E-12
AR GRAD 2024 06 20 01 40 40.000000 2   1.502517034402E-11 -2.778618806397E-13
AR GRAD 2024 06 20 01 40 50.000000 2   1.558926772394E-11  2.204836660469E-11
AR GRAD 2024 06 20 01 41  0.000000 2   1.284578259736E-11  1.448459321235E-11
AR GRAD 2024 06 20 01 41 10.000000 2   1.129323891347E-11  1.615081852979E-11
AR GRAD 2024 06 20 01 41 20.000000 2   1.585442020724E-11  1.114704509253E-11
AR GRAD 2024 06 20 01 41 30.000000 2   1.690607549787E-11  2.583267801060E-12
AR GRAD 2024 06 20 01 41 40.000000 2   1.357774656596E-11  1.673949173719E-11
AR GRAD 2024 06 20 01 41 50.000000 2   1.434477883699E-11  1.469571339618E-11
AR GRAD 2024 06 20 01 42  0.000000 2   1.704433989780E-11  2.021193455659E-11
AR GRAD 2024 06 20 01 42 10.000000 2   1.496847958082E-11 -4.411844153895E-12
AR GRAD 2024 06 20 01 42 20.000000 2   1.346827597365E-11  1.635437445191E-11
AR GRAD 2024 06 20 01 42 30.000000 2   1.374925780867E-11  1.931059305516E-11
AR GRAD 2024 06 20 01 42 40.000000 2   1.741174739112E-11  2.893680954574E-11
AR GRAD 2024 06 20 01 42 50.000000 2   1.408065591207E-11  2.188302837547E-11
AR GRAD 2024 06 20 01 43  0.000000 2   1.636244785497E-11 -1.250757418643E-12
AR GRAD 2024 06 20 01 43 10.000000 2   1.873084673476E-11  3.435545944952E-11
AR GRAD 2024 06 20 01 43 20.000000 2   1.905425470183E-11  1.307167221687E-11
AR GRAD 2024 06 20 01 43 30.000000 2   1.522693776623E-11  2.607885261907E-12
AR GRAD 2024 06 20 01 43 40.000000 2   1.887934426847E-11  2.807409686667E-11
AR GRAD 2024 06 20 01 43 50.000000 2   1.561400314598E-11  1.838030769252E-11
AR GRAD 2024 06 20 01 44  0.000000 2   1.552454345632E-11 -4.348203654775E-14
AR GRAD 2024 06 20 01 44 10.000000 2   1.551880672579E-11  2.453272654468E-11
AR GRAD 2024 06 20 01 44 20.000000 2   1.966421990518E-11  7.808935789666E-12
AR GRAD 2024 06 20 01 44 30.000000 2   1.892850980123E-11  1.792514227328E-11
AR GRAD 2024 06 20 01 44 40.000000 2   1.464647327032E-11  2.934134879506E-11
AR GRAD 2024 06 20 01 44 50.000000 2   1.924266128384E-11  9.807554074426E-12
AR GRAD 2024 06 20 01 45  0.000000 2   1.768082381892E-11  3.673375839619E-11
AR GRAD 2024 06 20 01 45 10.000000 2   1.560378909415E-11  1.223996251576E-11
AR GRAD 2024 06 20 01 45 20.000000 2   1.751686989904E-11  1.353616524424E-11
AR GRAD 2024 06 20 01 45 30.000000 2   1.534401772307E-11  1.227236801765E-11
AR GRAD 2024 06 20 01 45 40.000000 2   2.154000762478E-11  2.380856622963E-11
AR GRAD 2024 06 20 01 45 50.000000 2   1.720242698289E-11  1.616476570654E-11
AR GRAD 2024 06 20 01 46  0.000000 2   1.730106335973E-11  2.543096462582E-11
AR GRAD 2024 06 20 01 46 10.000000 2   1.674832147969E-11  3.333716289133E-11
AR GRAD 2024 06 20 01 46 20.000000 2   1.562684877332E-11  1.067336150018E-11
AR GRAD 2024 06 20 01 46 30.000000 2   1.970161707388E-11  2.818955485706E-11
AR GRAD 2024 06 20 01 46 40.000000 2   1.850516094526E-11  4.478575496569E-11
AR GRAD 2024 06 20 01 46 50.000000 2   1.978103444933E-11  2.294194521857E-11
AR GRAD 2024 06 20 01 47  0.000000 2   1.845491121033E-11 -6.441860499889E-12
AR GRAD 2024 06 20 01 47 10.000000 2   1.825318542148E-11  3.584433097559E-11
AR GRAD 2024 06 20 01 47 20.000000 2   1.661169465872E-11  1.945052105490E-11
AR GRAD 2024 06 20 01 47 30.000000 2   1.689717636644E-11  7.216713771713E-12
AR GRAD 2024 06 20 01 47 40.000000 2   1.842697869292E-11  4.200290115719E-11
AR GRAD 2024 06 20 01 47 50.000000 2   1.797645886314E-11  3.300909198756E-11
AR GRAD 2024 06 20 01 48  0.000000 2   1.784725318921E-11  1.695278683059E-12
AR GRAD 2024 06 20 01 48 10.000000 2   1.746687343374E-11  2.463146527021E-11
AR GRAD 2024 06 20 01 48 20.000000 2   1.967936751057E-11  1.741765238983E-11
AR GRAD 2024 06 20 01 48 30.000000 2   2.071600356535E-11  3.808384163584E-11
AR GRAD 2024 06 20 01 48 40.000000 2   1.931481190265E-11  3.046002339246E-11
AR GRAD 2024 06 20 01 48 50.000000 2   2.042151690806E-11  3.834620468379E-11
AR GRAD 2024 06 20 01 49  0.000000 2   1.967331506036E-11  7.662385483054E-12
AR GRAD 2024 06 20 01 49 10.000000 2   1.914644311152E-11  4.483856688720E-11
AR GRAD 2024 06 20 01 49 20.000000 2   2.219491951339E-11  1.830474660736E-11
AR GRAD 2024 06 20 01 49 30.000000 2   1.976489978628E-11  2.320092555574E-11
AR GRAD 2024 06 20 01 49 40.000000 2   2.083824952870E-11  3.802710576983E-11
AR GRAD 2024 06 20 01 49 50.000000 2   1.622945354496E-11  2.628328110710E-11
AR GRAD 2024 06 20 01 50  0.000000 2   1.674459355894E-11  1.783945734191E-11
AR GRAD 2024 06 20 01 50 10.000000 2   1.921070767741E-11  1.368563335574E-11
AR GRAD 2024 06 20 01 50 20.000000 2   2.022343924268E-11  2.685180723605E-11
AR GRAD 2024 06 20 01 50 30.000000 2   1.787482488413E-11  5.338798153565E-11
AR GRAD 2024 06 20 01 50 40.000000 2   2.460280243421E-11  2.404415382073E-11
AR GRAD 2024 06 20 01 50 50.000000 2   1.676219926749E-11  3.255033048655E-11
AR GRAD 2024 06 20 01 51  0.000000 2   2.156732951952E-11  1.450649669832E-11
AR GRAD 2024 06 20 01 51 10.000000 2   2.162880985423E-11  4.315266546873E-11
AR GRAD 2024 06 20 01 51 20.000000 2   1.943411924443E-11  2.953883665446E-11
AR GRAD 2024 06 20 01 51 30.000000 2   1.866349089163E-11  3.609500545676E-11
AR GRAD 2024 06 20 01 51 40.000000 2   1.931658479004E-11  1.374116966046E-11
AR GRAD 2024 06 20 01 51 50.000000 2   1.915522081231E-11  2.058733392096E-11
AR GRAD 2024 06 20 01 52  0.000000 2   2.263603193775E-11  4.532350189601E-11
AR GRAD 2024 06 20 01 52 10.000000 2   2.070392988995E-11  3.623966751687E-11
AR GRAD 2024 06 20 01 52 20.000000 2   2.061561338307E-11  2.290582827580E-11
AR GRAD 2024 06 20 01 52 30.000000 2   2.266213258717E-11  4.137198916787E-11
AR GRAD 2024 06 20 01 52 40.000000 2   2.263533631364E-11  3.045815336056E-11
AR GRAD 2024 06 20 01 52 50.000000 2   2.356342378163E-11  3.381431246119E-11
AR GRAD 2024 06 20 01 53  0.000000 2   2.258314542314E-11  3.461047420883E-11
AR GRAD 2024 06 20 01 53 10.000000 2   2.276328257833E-11  4.259663455297E-11
AR GRAD 2024 06 20 01 53 20.000000 2   2.268070800615E-11  3.520279207025E-11
AR GRAD 2024 06 20 01 53 30.000000 2   2.225582565463E-11  3.390894856570E-11
AR GRAD 2024 06 20 01 53 40.000000 2   2.399350336468E-11  2.109510136017E-11
AR GRAD 2024 06 20 01 53 50.000000 2   2.160238654625E-11  4.565125708011E-11
AR GRAD 2024 06 20 01 54  0.000000 2   2.248075857414E-11  2.157740999764E-11
AR GRAD 2024 06 20 01 54 10.000000 2   2.082478460508E-11  3.467356263220E-11
AR GRAD 2024 06 20 01 54 20.000000 2   2.558529256513E-11  3.945971674413E-11
AR GRAD 2024 06 20 01 54 30.000000 2   2.222992102896E-11  3.333586531817E-11
AR GRAD 2024 06 20 01 54 40.000000 2   2.123687857514E-11  2.285201715357E-11
AR GRAD 2024 06 20 01 54 50.000000 2   2.375788281384E-11  3.625816660802E-11
AR GRAD 2024 06 20 01 55  0.000000 2   2.460058545761E-11  2.306431434729E-11
AR GRAD 2024 06 20 01 55 10.000000 2   2.218720346336E-11  3.195046310855E-11
AR GRAD 2024 06 20 01 55 20.000000 2   2.322343012340E-11  3.430660963644E-11
AR GRAD 2024 06 20 01 55 30.000000 2   2.535736724762E-11  3.429275266531E-11
AR GRAD 2024 06 20 01 55 40.000000 2   2.154509556873E-11  3.004889739811E-11
AR GRAD 2024 06 20 01 55 50.000000 2   2.322581016401E-11  4.294504335478E-11
AR GRAD 2024 06 20 01 56  0.000000 2   2.395067651151E-11  3.118118263590E-11
AR GRAD 2024 06 20 01 56 10.000000 2   1.987336510634E-11  2.695732352620E-11
AR GRAD 2024 06 20 01 56 20.000000 2   2.577224197942E-11  5.067346542376E-11
AR GRAD 2024 06 20 01 56 30.000000 2   2.256963539671E-11  3.671960999152E-11
AR GRAD 2024 06 20 01 56 40.000000 2   2.166561548222E-11  2.711574194347E-11
AR GRAD 2024 06 20 01 56 50.000000 2   2.385653653791E-11  4.993188154612E-11
AR GRAD 2024 06 20 01 57  0.000000 2   1.949336525531E-11  3.068802156836E-11
AR GRAD 2024 06 20 01 57 10.000000 2   2.551845193488E-11  3.311415724960E-11
AR GRAD 2024 06 20 01 57 20.000000 2   2.178414046372E-11  2.695029269195E-11
AR GRAD 2024 06 20 01 57 30.000000 2   2.210007350734E-11  3.086642746952E-11
AR GRAD 2024 06 20 01 57 40.000000 2   1.945685279559E-11  4.376255954841E-11
AR GRAD 2024 06 20 01 57 50.000000 2   2.371208090990E-11  3.381869437269E-11
AR GRAD 2024 06 20 01 58  0.000000 2   2.428755113693E-11  4.371482342780E-11
AR GRAD 2024 06 20 01 58 10.000000 2   2.717983650646E-11  4.938095418683E-11
AR GRAD 2024 06 20 01 58 20.000000 2   2.468909972297E-11  4.129708380818E-11
AR GRAD 2024 06 20 01 58 30.000000 2   2.358475567621E-11  3.303321158277E-11
AR GRAD 2024 06 20 01 58 40.000000 2   2.436565532671E-11  3.863933825676E-11
AR GRAD 2024 06 20 01 58 50.000000 2   2.276864287387E-11  3.163546508089E-11
AR GRAD 2024 06 20 01 59  0.000000 2   2.397428089385E-11  3.319159183612E-11
AR GRAD 2024 06 20 01 59 10.000000 2   2.851403314852E-11  4.394771699334E-11
AR GRAD 2024 06 20 01 59 20.000000 2   2.243922235523E-11  4.346384363529E-11
AR GRAD 2024 06 20 01 59 30.000000 2   2.298663516476E-11  3.736996476156E-11
AR GRAD 2024 06 20 01 59 40.000000 2   2.394824442919E-11  4.572608611197E-11
AR GRAD 2024 06 20 01 59 50.000000 2   2.621466238528E-11  3.293220557365E-11
AR GRAD 2024 06 20 02 00  0.000000 2   2.291695132273E-11  3.371832674182E-11
AR GRAD 2024 06 20 02 00 10.000000 2   2.420152793448E-11  3.531444928151E-11
AR GRAD 2024 06 20 02 00 20.000000 2   2.143060555404E-11  3.521056363143E-11
AR GRAD 2024 06 20 02 00 30.000000 2   2.644266056118E-11  3.708668094848E-11
AR GRAD 2024 06 20 02 00 40.000000 2   2.609341735738E-11  4.398280004092E-11
AR GRAD 2024 06 20 02 00 50.000000 2   2.649161098822E-11  3.267891512948E-11
AR GRAD 2024 06 20 02 01  0.000000 2   2.565197707027E-11  3.287503255733E-11
AR GRAD 2024 06 20 02 01 10.000000 2   2.486402229940E-11  4.907114645181E-11
AR GRAD 2024 06 20 02 01 20.000000 2   2.376851666874E-11  4.376725371014E-11
AR GRAD 2024 06 20 02 01 30.000000 2   2.395126284804E-11  3.211336752074E-11
AR GRAD 2024 06 20 02 01 40.000000 2   2.351365629982E-11  2.588947632665E-11
AR GRAD 2024 06 20 02 01 50.000000 2   2.382353515851E-11  5.018558832393E-11
AR GRAD 2024 06 20 02 02  0.000000 2   2.353992001325E-11  4.061169803227E-11
AR GRAD 2024 06 20 02 02 10.000000 2   2.576137393684E-11  4.314780477355E-11
AR GRAD 2024 06 20 02 02 20.000000 2   2.312214655853E-11  3.869391265732E-11
AR GRAD 2024 06 20 02 02 30.000000 2   2.654339595343E-11  2.013001917933E-11
AR GRAD 2024 06 20 02 02 40.000000 2   2.622048064782E-11  2.505612210768E-11
AR GRAD 2024 06 20 02 02 50.000000 2   2.448271099742E-11  6.216222675492E-11
AR GRAD 2024 06 20 02 03  0.000000 2   2.568780257950E-11  2.714833045869E-11
AR GRAD 2024 06 20 02 03 10.000000 2   2.547833818922E-11  3.451443297831E-11
AR GRAD 2024 06 20 02 03 20.000000 2   2.583490192609E-11  4.576053772021E-11
AR GRAD 2024 06 20 02 03 30.000000 2   2.641187789310E-11  3.815663757178E-11
AR GRAD 2024 06 20 02 03 40.000000 2   2.418500642809E-11  2.574273259837E-11
AR GRAD 2024 06 20 02 03 50.000000 2   2.683473408760E-11  4.001883546767E-11
AR GRAD 2024 06 20 02 04  0.000000 2   2.415902720931E-11  5.135493072461E-11
AR GRAD 2024 06 20 02 04 10.000000 2   2.445083371883E-11  3.495102818274E-11
AR GRAD 2024 06 20 02 04 20.000000 2   2.501704052249E-11  3.818712360215E-11
AR GRAD 2024 06 20 02 04 30.000000 2   2.653619338155E-11  3.087322064665E-11
AR GRAD 2024 06 20 02 04 40.000000 2   2.332623157131E-11  3.183931243655E-11
AR GRAD 2024 06 20 02 04 50.000000 2   2.459491638129E-11  4.127541017307E-11
AR GRAD 2024 06 20 02 05  0.000000 2   2.396302427321E-11  4.351149648918E-11
AR GRAD 2024 06 20 02 05 10.000000 2   2.564613625633E-11  4.723759230996E-11
AR GRAD 2024 06 20 02 05 20.000000 2   2.514421830468E-11  4.132367711907E-11
AR GRAD 2024 06 20 02 05 30.000000 2   2.509374825987E-11  2.954976888181E-11
AR GRAD 2024 06 20 02 05 40.000000 2   2.700618027818E-11  3.157585651281E-11
AR GRAD 2024 06 20 02 05 50.000000 2   2.366258231024E-11  4.486194402076E-11
AR GRAD 2024 06 20 02 06  0.000000 2   2.676051914785E-11  4.383803389740E-11
AR GRAD 2024 06 20 02 06 10.000000 2   2.893301917495E-11  5.288411722426E-11
AR GRAD 2024 06 20 02 06 20.000000 2   2.606888489798E-11  3.665020370525E-11
AR GRAD 2024 06 20 02 06 30.000000 2   2.432159681987E-11  2.116628400328E-11
AR GRAD 2024 06 20 02 06 40.000000 2   2.722497921548E-11  4.587237187326E-11
AR GRAD 2024 06 20 02 06 50.000000 2   2.598420263678E-11  3.712845308979E-11
AR GRAD 2024 06 20 02 07  0.000000 2   2.313102834273E-11  3.205453263933E-11
AR GRAD 2024 06 20 02 07 10.000000 2   2.546053125274E-11  3.373061205347E-11
AR GRAD 2024 06 20 02 07 20.000000 2   2.578276481202E-11  4.330669156616E-11
AR GRAD 2024 06 20 02 07 30.000000 2   2.536651444451E-11  3.180276875181E-11
AR GRAD 2024 06 20 02 07 40.000000 2   2.617156664997E-11  3.462884493044E-11
AR GRAD 2024 06 20 02 07 50.000000 2   2.288763449598E-11  3.950492016846E-11
AR GRAD 2024 06 20 02 08  0.000000 2   2.568899259980E-11  3.527099445844E-11
AR GRAD 2024 06 20 02 08 10.000000 2   2.703819286520E-11  3.534706902175E-11
AR GRAD 2024 06 20 02 08 20.000000 2   2.684744440651E-11  3.802314713086E-11
AR GRAD 2024 06 20 02 08 30.000000 2   2.456260715655E-11  2.620921535357E-11
AR GRAD 2024 06 20 02 08 40.000000 2   2.605956596347E-11  4.511528650664E-11
AR GRAD 2024 06 20 02 08 50.000000 2   2.288468546607E-11  3.149135813230E-11
AR GRAD 2024 06 20 02 09  0.000000 2   2.426943541967E-11  3.817742996737E-11
AR GRAD 2024 06 20 02 09 10.000000 2   2.350589167754E-11  3.325349717809E-11
AR GRAD 2024 06 20 02 09 20.000000 2   2.655736915103E-11  4.412956458588E-11
AR GRAD 2024 06 20 02 09 30.000000 2   2.570163873394E-11  2.320563186053E-11
AR GRAD 2024 06 20 02 09 40.000000 2   2.349969524529E-11  4.120169830313E-11
AR GRAD 2024 06 20 02 09 50.000000 2   2.630672416015E-11  4.127776245810E-11
AR GRAD 2024 06 20 02 10  0.000000 2   1.995082050954E-11  3.581382759799E-11
AR GRAD 2024 06 20 02 10 10.000000 2   2.283408531700E-11  2.285988759398E-11
AR GRAD 2024 06 20 02 10 20.000000 2   2.691009741429E-11  2.518594707790E-11
AR GRAD 2024 06 20 02 10 30.000000 2   2.358644529687E-11  4.670201725343E-11
AR GRAD 2024 06 20 02 10 40.000000 2   2.320753658691E-11  4.563807318170E-11
AR GRAD 2024 06 20 02 10 50.000000 2   2.498232697101E-11  2.789413144910E-11
AR GRAD 2024 06 20 02 11  0.000000 2   2.520361523650E-11  3.184019020663E-11
AR GRAD 2024 06 20 02 11 10.000000 2   2.465415892272E-11  3.268624954034E-11
AR GRAD 2024 06 20 02 11 20.000000 2   2.550318636829E-11  2.822230470156E-11
AR GRAD 2024 06 20 02 11 30.000000 2   2.474580609868E-11  5.056836199779E-11
AR GRAD 2024 06 20 02 11 40.000000 2   2.435615945040E-11  3.030441522722E-11
AR GRAD 2024 06 20 02 11 50.000000 2   2.284478682613E-11  3.539047180312E-11
AR GRAD 2024 06 20 02 12  0.000000 2   2.884552492699E-11  3.033652148932E-11
AR GRAD 2024 06 20 02 12 10.000000 2   2.381326212608E-11  2.789257193270E-11
AR GRAD 2024 06 20 02 12 20.000000 2   2.778407191817E-11  3.477862442480E-11
AR GRAD 2024 06 20 02 12 30.000000 2   2.720735095552E-11  3.611467375153E-11
AR GRAD 2024 06 20 02 12 40.000000 2   2.478055781407E-11  2.642072151338E-11
AR GRAD 2024 06 20 02 12 50.000000 2   2.187030764822E-11  4.472677089806E-11
AR GRAD 2024 06 20 02 13  0.000000 2   2.516792850515E-11  3.295282102744E-11
AR GRAD 2024 06 20 02 13 10.000000 2   2.538760521253E-11  3.108886759140E-11
AR GRAD 2024 06 20 02 13 20.000000 2   2.417908408214E-11  3.149491084597E-11
AR GRAD 2024 06 20 02 13 30.000000 2   2.425579181953E-11  4.124095509539E-11
AR GRAD 2024 06 20 02 13 40.000000 2   2.606959960405E-11  2.308699759146E-11
AR GRAD 2024 06 20 02 13 50.000000 2   2.036988459853E-11  3.365303868907E-11
AR GRAD 2024 06 20 02 14  0.000000 2   2.515415653548E-11  2.930907946896E-11
AR GRAD 2024 06 20 02 14 10.000000 2   2.610006655246E-11  2.647512070686E-11
AR GRAD 2024 06 20 02 14 20.000000 2   2.420411093773E-11  3.713116619730E-11
AR GRAD 2024 06 20 02 14 30.000000 2   2.307249530320E-11  3.564720393867E-11
AR GRAD 2024 06 20 02 14 40.000000 2   2.586908118274E-11  2.964323578269E-11
AR GRAD 2024 06 20 02 14 50.000000 2   2.632108073164E-11  3.108927698614E-11
AR GRAD 2024 06 20 02 15  0.000000 2   2.393155291991E-11  3.779531201897E-11
AR GRAD 2024 06 20 02 15 10.000000 2   2.440533018733E-11  2.268134638439E-11
AR GRAD 2024 06 20 02 15 20.000000 2   2.715255624508E-11  3.302738291189E-11
AR GRAD 2024 06 20 02 15 30.000000 2   2.401104488847E-11  3.662341263588E-11
AR GRAD 2024 06 20 02 15 40.000000 2   2.611778328332E-11  1.165944597814E-11
AR GRAD 2024 06 20 02 15 50.000000 2   2.372673758855E-11  3.052547450921E-11
AR GRAD 2024 06 20 02 16  0.000000 2   2.365923602865E-11  4.356150856699E-11
AR GRAD 2024 06 20 02 16 10.000000 2   2.313226867001E-11  3.377753632350E-11
AR GRAD 2024 06 20 02 16 20.000000 2   2.559848513717E-11  3.041356749778E-11
AR GRAD 2024 06 20 02 16 30.000000 2   2.719011647778E-11  2.525959129362E-11
AR GRAD 2024 06 20 02 16 40.000000 2   2.497376264121E-11  3.318562091792E-11
AR GRAD 2024 06 20 02 16 50.000000 2   2.461461069692E-11  3.849164390002E-11
AR GRAD 2024 06 20 02 17  0.000000 2   2.467494437941E-11  2.201766893806E-11
AR GRAD 2024 06 20 02 17 10.000000 2   2.463609004300E-11  3.365369788400E-11
AR GRAD 2024 06 20 02 17 20.000000 2   2.509178455290E-11  3.935972034408E-11
AR GRAD 2024 06 20 02 17 30.000000 2   2.221657059709E-11  2.456573659770E-11
AR GRAD 2024 06 20 02 17 40.000000 2   2.480719102360E-11  2.278175911807E-11
AR GRAD 2024 06 20 02 17 50.000000 2   2.214508611209E-11  4.295777969454E-11
AR GRAD 2024 06 20 02 18  0.000000 2   2.260327688908E-11  2.695379683337E-11
AR GRAD 2024 06 20 02 18 10.000000 2   2.636389023758E-11  2.928981709949E-11
AR GRAD 2024 06 20 02 18 20.000000 2   2.195664830507E-11  3.367583295555E-11
AR GRAD 2024 06 20 02 18 30.000000 2   2.327191390983E-11  4.322184971040E-11
AR GRAD 2024 06 20 02 18 40.000000 2   2.490900714858E-11  1.899786404580E-11
AR GRAD 2024 06 20 02 18 50.000000 2   2.330274688489E-11  3.201388112939E-11
AR GRAD 2024 06 20 02 19  0.000000 2   2.289978970338E-11  3.220989447383E-11
AR GRAD 2024 06 20 02 19 10.000000 2   2.195855650089E-11  2.253590543344E-11
AR GRAD 2024 06 20 02 19 20.000000 2   2.261812785675E-11  3.938191786568E-11
AR GRAD 2024 06 20 02 19 30.000000 2   2.297710112453E-11  1.350792828286E-11
AR GRAD 2024 06 20 02 19 40.000000 2   2.627294562463E-11  4.076393736452E-11
AR GRAD 2024 06 20 02 19 50.000000 2   2.524758353772E-11  3.513994997761E-11
AR GRAD 2024 06 20 02 20  0.000000 2   2.205428027702E-11  2.403595551759E-11
AR GRAD 2024 06 20 02 20 10.000000 2   2.468778306786E-11  2.006196077320E-11
AR GRAD 2024 06 20 02 20 20.000000 2   2.270562730888E-11  2.673796427322E-11
AR GRAD 2024 06 20 02 20 30.000000 2   2.058685687201E-11  2.908396960766E-11
AR GRAD 2024 06 20 02 20 40.000000 2   2.369443356798E-11  2.651997545178E-11
AR GRAD 2024 06 20 02 20 50.000000 2   2.405619280166E-11  1.941597924104E-11
AR GRAD 2024 06 20 02 21  0.000000 2   2.538214256831E-11  3.428198003252E-11
AR GRAD 2024 06 20 02 21 10.000000 2   2.299740953227E-11  2.327798370727E-11
AR GRAD 2024 06 20 02 21 20.000000 2   1.921501152635E-11  2.822398217917E-11
AR GRAD 2024 06 20 02 21 30.000000 2   2.172834134839E-11  3.052998479025E-11
AR GRAD 2024 06 20 02 21 40.000000 2   2.567016738064E-11  2.765597993670E-11
AR GRAD 2024 06 20 02 21 50.000000 2   2.040825321237E-11  2.025197891331E-11
AR GRAD 2024 06 20 02 22  0.000000 2   2.252173968154E-11  2.156797483666E-11
AR GRAD 2024 06 20 02 22 10.000000 2   2.330691889485E-11  2.900397109984E-11
AR GRAD 2024 06 20 02 22 20.000000 2   2.376098276469E-11  2.857996304895E-11
AR GRAD 2024 06 20 02 22 30.000000 2   2.385439241970E-11  2.325595965802E-11
AR GRAD 2024 06 20 02 22 40.000000 2   2.104636256939E-11  3.656195485258E-11
AR GRAD 2024 06 20 02 22 50.000000 2   2.196140838628E-11  3.185794683613E-11
AR GRAD 2024 06 20 02 23  0.000000 2   2.386093406193E-11  1.606393490450E-11
AR GRAD 2024 06 20 02 23 10.000000 2   2.038844440500E-11  2.906992355167E-11
AR GRAD 2024 06 20 02 23 20.000000 2   1.986267574028E-11  2.782591171369E-11
AR GRAD 2024 06 20 02 23 30.000000 2   2.298411114210E-11  2.079190118687E-11
AR GRAD 2024 06 20 02 23 40.000000 2   2.224194439737E-11  3.009788945851E-11
AR GRAD 2024 06 20 02 23 50.000000 2   2.274542013070E-11  1.655387632526E-11
AR GRAD 2024 06 20 02 24  0.000000 2   2.300977984537E-11  2.983985974980E-11
AR GRAD 2024 06 20 02 24 10.000000 2   2.164794211945E-11  2.869584604659E-11
AR GRAD 2024 06 20 02 24 20.000000 2   2.024121495414E-11  1.605183000408E-11
AR GRAD 2024 06 20 02 24 30.000000 2   1.826115647585E-11  1.251781317491E-11
AR GRAD 2024 06 20 02 24 40.000000 2   2.030539798803E-11  2.433379366062E-11
AR GRAD 2024 06 20 02 24 50.000000 2   1.746003168435E-11  3.642977586260E-11
AR GRAD 2024 06 20 02 25  0.000000 2   2.284889291659E-11  3.414575913685E-11
AR GRAD 2024 06 20 02 25 10.000000 2   2.091569105411E-11  1.503173280293E-11
AR GRAD 2024 06 20 02 25 20.000000 2   2.040365446043E-11  2.608771185186E-11
AR GRAD 2024 06 20 02 25 30.000000 2   2.074458139989E-11  1.801368776366E-11
AR GRAD 2024 06 20 02 25 40.000000 2   1.940823543545E-11  1.931966218949E-11
AR GRAD 2024 06 20 02 25 50.000000 2   1.839832799999E-11  2.714563816786E-11
AR GRAD 2024 06 20 02 26  0.000000 2   2.152014330625E-11  1.073161438186E-11
AR GRAD 2024 06 20 02 26 10.000000 2   1.900554193190E-11  1.806758562206E-11
AR GRAD 2024 06 20 02 26 20.000000 2   2.008885072180E-11  2.706355625715E-11
AR GRAD 2024 06 20 02 26 30.000000 2   1.933774147755E-11  1.621953092668E-11
AR GRAD 2024 06 20 02 26 40.000000 2   2.194470299921E-11  2.024550145585E-11
AR GRAD 2024 06 20 02 26 50.000000 2   2.109183314114E-11  2.758146662452E-11
AR GRAD 2024 06 20 02 27  0.000000 2   1.817010257532E-11  2.581744019958E-11
AR GRAD 2024 06 20 02 27 10.000000 2   1.909792289589E-11  8.793406974794E-12
AR GRAD 2024 06 20 02 27 20.000000 2   1.739430821601E-11  2.242937259533E-11
AR GRAD 2024 06 20 02 27 30.000000 2   1.692392753716E-11  1.526533933982E-11
AR GRAD 2024 06 20 02 27 40.000000 2   1.904950329423E-11  1.822130467344E-11
AR GRAD 2024 06 20 02 27 50.000000 2   1.872839036632E-11  1.106726862932E-11
AR GRAD 2024 06 20 02 28  0.000000 2   1.911977173807E-11  1.845323026328E-11
AR GRAD 2024 06 20 02 28 10.000000 2   1.777351876786E-11  1.381919231824E-11
AR GRAD 2024 06 20 02 28 20.000000 2   1.836745859574E-11  1.540515284781E-11
AR GRAD 2024 06 20 02 28 30.000000 2   1.951382978815E-11  9.401113568175E-12
AR GRAD 2024 06 20 02 28 40.000000 2   1.967694063243E-11  2.942707189035E-11
AR GRAD 2024 06 20 02 28 50.000000 2   1.823296374992E-11  4.153030783854E-12
AR GRAD 2024 06 20 02 29  0.000000 2   1.968917390238E-11  1.678898860213E-11
AR GRAD 2024 06 20 02 29 10.000000 2   1.586813666576E-11  1.287494590108E-11
AR GRAD 2024 06 20 02 29 20.000000 2   1.990235233562E-11  8.490899823521E-12
AR GRAD 2024 06 20 02 29 30.000000 2   1.643812343188E-11  1.750685360569E-11
AR GRAD 2024 06 20 02 29 40.000000 2   1.909439967251E-11  2.868280613022E-11
AR GRAD 2024 06 20 02 29 50.000000 2   1.747226842375E-11  1.380876142598E-11
AR GRAD 2024 06 20 02 30  0.000000 2   1.734701444989E-11  1.133471181497E-11
AR GRAD 2024 06 20 02 30 10.000000 2   2.111380514869E-11  2.740663165163E-12
AR GRAD 2024 06 20 02 30 20.000000 2   1.544469586945E-11  2.313661241760E-11
AR GRAD 2024 06 20 02 30 30.000000 2   1.779909900024E-11  1.110256244580E-11
AR GRAD 2024 06 20 02 30 40.000000 2   1.795769435931E-11  9.448510550347E-12
AR GRAD 2024 06 20 02 30 50.000000 2   1.771438551401E-11  1.905445592976E-11
AR GRAD 2024 06 20 02 31  0.000000 2   2.000575920202E-11 -8.779596841202E-12
AR GRAD 2024 06 20 02 31 10.000000 2   1.662071175135E-11  3.309635204785E-11
AR GRAD 2024 06 20 02 31 20.000000 2   1.406328178910E-11  1.017229269568E-11
AR GRAD 2024 06 20 02 31 30.000000 2   1.584641272367E-11  8.768235269796E-12
AR GRAD 2024 06 20 02 31 40.000000 2   1.737654291289E-11  9.241781602151E-13
AR GRAD 2024 06 20 02 31 50.000000 2   1.977566374545E-11  1.994011900042E-11
AR GRAD 2024 06 20 02 32  0.000000 2   1.608057957625E-11  2.084605925379E-11
AR GRAD 2024 06 20 02 32 10.000000 2   1.596854766472E-11  3.611998937794E-12
AR GRAD 2024 06 20 02 32 20.000000 2   1.453074986724E-11  9.217938912176E-12
AR GRAD 2024 06 20 02 32 30.000000 2   1.465894593211E-11 -1.266125008656E-12
AR GRAD 2024 06 20 02 32 40.000000 2   1.740299918063E-11  1.150981220055E-11
AR GRAD 2024 06 20 02 32 50.000000 2   1.480602793147E-11  1.875748037797E-12
AR GRAD 2024 06 20 02 33  0.000000 2   1.478224313789E-11  9.821682529776E-12
AR GRAD 2024 06 20 02 33 10.000000 2   1.738658869654E-11  1.097761638535E-11
AR GRAD 2024 06 20 02 33 20.000000 2   1.821058928653E-11  2.103548455215E-12
AR GRAD 2024 06 20 02 33 30.000000 2   1.270720507984E-11  1.148948210877E-11
AR GRAD 2024 06 20 02 33 40.000000 2   1.602091376229E-11  1.855412091328E-12
AR GRAD 2024 06 20 02 33 50.000000 2   1.457829169882E-11  6.181342764033E-12
AR GRAD 2024 06 20 02 34  0.000000 2   1.244302490905E-11  2.468727132443E-11
AR GRAD 2024 06 20 02 34 10.000000 2   1.657871583072E-11 -6.768003041682E-13
AR GRAD 2024 06 20 02 34 20.000000 2   1.389893061754E-11 -1.008728216516E-13
AR GRAD 2024 06 20 02 34 30.000000 2   1.397010458704E-11  2.688505147674E-11
AR GRAD 2024 06 20 02 34 40.000000 2   1.388269447317E-11 -9.019020773271E-12
AR GRAD 2024 06 20 02 34 50.000000 2   1.530661361548E-11 -6.453096303843E-12
AR GRAD 2024 06 20 02 35  0.000000 2   1.368843666888E-11  1.158282757902E-11
AR GRAD 2024 06 20 02 35 10.000000 2   1.358911247418E-11  3.328750036030E-12
AR GRAD 2024 06 20 02 35 20.000000 2   1.302186396906E-11  5.654672043109E-12
AR GRAD 2024 06 20 02 35 30.000000 2   9.620183989700E-12 -3.509407608265E-12
AR GRAD 2024 06 20 02 35 40.000000 2   1.204307573804E-11 -5.673488154972E-12
AR GRAD 2024 06 20 02 35 50.000000 2   1.407714830121E-11  3.832430900408E-12
AR GRAD 2024 06 20 02 36  0.000000 2   1.006573817353E-11  1.188834967969E-11
AR GRAD 2024 06 20 02 36 10.000000 2   1.160041333825E-11 -4.465733772357E-12
AR GRAD 2024 06 20 02 36 20.000000 2   1.175588619506E-11  2.310181993620E-12
AR GRAD 2024 06 20 02 36 30.000000 2   1.097550782897E-11  5.886096731550E-12
AR GRAD 2024 06 20 02 36 40.000000 2   1.248904625550E-11 -1.177987395129E-12
AR GRAD 2024 06 20 02 36 50.000000 2   7.128743775842E-12  5.187925176259E-12
AR GRAD 2024 06 20 02 37  0.000000 2   9.659132868545E-12 -9.146162126272E-12
AR GRAD 2024 06 20 02 37 10.000000 2   8.880346111240E-12 -6.440251110185E-12
AR GRAD 2024 06 20 02 37 20.000000 2   9.262285383116E-12  9.015659746536E-12
AR GRAD 2024 06 20 02 37 30.000000 2   7.083770202365E-12 -1.601843137300E-11
AR GRAD 2024 06 20 02 37 40.000000 2   1.122007001197E-11 -4.425228358664E-13
AR GRAD 2024 06 20 02 37 50.000000 2   1.221368405718E-11 -1.417661561059E-11
AR GRAD 2024 06 20 02 38  0.000000 2   9.023074822034E-12 -3.450708035285E-12
AR GRAD 2024 06 20 02 38 10.000000 2   9.080005844431E-12  1.675198174622E-12
AR GRAD 2024 06 20 02 38 20.000000 2   8.202691997861E-12  4.321102069910E-12
AR GRAD 2024 06 20 02 38 30.000000 2   1.130230024154E-11 -1.640299354677E-11
AR GRAD 2024 06 20 02 38 40.000000 2   1.215034496627E-11 -1.207709019596E-11
AR GRAD 2024 06 20 02 38 50.000000 2   9.343258805528E-12 -6.931188695908E-12
AR GRAD 2024 06 20 02 39  0.000000 2   1.021738943452E-11 -1.090528709002E-11
AR GRAD 2024 06 20 02 39 10.000000 2   7.943507830677E-12  4.910612715070E-12
AR GRAD 2024 06 20 02 39 20.000000 2   9.957193056187E-12 -1.553488457665E-12
AR GRAD 2024 06 20 02 39 30.000000 2   9.256337883679E-12  2.332410089720E-12
AR GRAD 2024 06 20 02 39 40.000000 2   9.485595468817E-12 -1.879169389540E-11
AR GRAD 2024 06 20 02 39 50.000000 2   9.910075364494E-12  4.442044334359E-13
AR GRAD 2024 06 20 02 40  0.000000 2   9.734035626152E-12 -1.201990069977E-11
AR GRAD 2024 06 20 02 40 10.000000 2   6.877153360674E-12 -2.827400813477E-11
AR GRAD 2024 06 20 02 40 20.000000 2   9.796374648985E-12  6.718880009651E-13
AR GRAD 2024 06 20 02 40 30.000000 2   1.053484122854E-11  5.687780108010E-12
AR GRAD 2024 06 20 02 40 40.000000 2   8.662184684816E-12 -1.358632737564E-11
AR GRAD 2024 06 20 02 40 50.000000 2   1.128184958649E-11 -1.154043700879E-11
AR GRAD 2024 06 20 02 41  0.000000 2   5.450748359614E-12 -7.634547508073E-12
AR GRAD 2024 06 20 02 41 10.000000 2   7.761334110123E-12 -8.968658281316E-12
AR GRAD 2024 06 20 02 41 20.000000 2   1.121704031742E-11 -1.563276938454E-11
AR GRAD 2024 06 20 02 41 30.000000 2   9.569301948065E-12 -5.626883074067E-12
AR GRAD 2024 06 20 02 41 40.000000 2   7.403467595923E-12 -1.398099604838E-11
AR GRAD 2024 06 20 02 41 50.000000 2   7.850136339582E-12 -2.015112469250E-12
AR GRAD 2024 06 20 02 42  0.000000 2   1.076480744822E-11 -1.969923009437E-11
AR GRAD 2024 06 20 02 42 10.000000 2   1.026504228840E-11 -8.563344477963E-12
AR GRAD 2024 06 20 02 42 20.000000 2   9.674774002766E-12 -1.553746194205E-11
AR GRAD 2024 06 20 02 42 30.000000 2   8.197132209120E-12 -1.831158141785E-11
AR GRAD 2024 06 20 02 42 40.000000 2   8.145001166582E-12 -1.939570205833E-11
AR GRAD 2024 06 20 02 42 50.000000 2   9.689846147687E-12 -7.879820927703E-12
AR GRAD 2024 06 20 02 43  0.000000 2   3.772086375892E-12 -2.335394377884E-11
AR GRAD 2024 06 20 02 43 10.000000 2   7.631557712162E-12 -8.480638066799E-13
AR GRAD 2024 06 20 02 43 20.000000 2   7.785616769340E-12 -2.580218677606E-11
AR GRAD 2024 06 20 02 43 30.000000 2   8.634110787442E-12 -7.046311450987E-12
AR GRAD 2024 06 20 02 43 40.000000 2   6.223960583029E-12 -1.496043566807E-11
AR GRAD 2024 06 20 02 43 50.000000 2   8.027499671936E-12 -1.753456407849E-11
AR GRAD 2024 06 20 02 44  0.000000 2   5.897868565058E-12 -1.477868868949E-11
AR GRAD 2024 06 20 02 44 10.000000 2   9.321783796257E-12 -2.880281950446E-11
AR GRAD 2024 06 20 02 44 20.000000 2   8.519174081456E-12 -4.936945817435E-12
AR GRAD 2024 06 20 02 44 30.000000 2   5.245371845208E-12 -2.124107834067E-11
AR GRAD 2024 06 20 02 44 40.000000 2   9.524228627988E-12 -1.580520783695E-11
AR GRAD 2024 06 20 02 44 50.000000 2   8.291232284074E-12 -1.987933775927E-11
AR GRAD 2024 06 20 02 45  0.000000 2   7.948730215701E-12 -1.316347031377E-11
AR GRAD 2024 06 20 02 45 10.000000 2   1.029786672602E-11 -2.433760658282E-11
AR GRAD 2024 06 20 02 45 20.000000 2   3.041980079291E-12 -2.091174282348E-11
AR GRAD 2024 06 20 02 45 30.000000 2   5.400811308592E-12 -1.391587539645E-11
AR GRAD 2024 06 20 02 45 40.000000 2   7.932919078579E-12 -2.477001069534E-11
AR GRAD 2024 06 20 02 45 50.000000 2   5.223636193735E-12 -5.924147457315E-12
AR GRAD 2024 06 20 02 46  0.000000 2   7.269550846706E-12 -2.552828781699E-11
AR GRAD 2024 06 20 02 46 10.000000 2   3.910550269021E-12 -1.414242507825E-11
AR GRAD 2024 06 20 02 46 20.000000 2   6.880655767372E-12 -1.828656670533E-11
AR GRAD 2024 06 20 02 46 30.000000 2   7.687513819965E-12 -3.143070526068E-11
AR GRAD 2024 06 20 02 46 40.000000 2   3.629833846691E-12 -3.009484675354E-11
AR GRAD 2024 06 20 02 46 50.000000 2   5.702395153295E-12 -1.429899081085E-11
AR GRAD 2024 06 20 02 47  0.000000 2   6.558997268924E-12 -2.794313565258E-11
AR GRAD 2024 06 20 02 47 10.000000 2   7.256845298287E-12 -2.452728124769E-11
AR GRAD 2024 06 20 02 47 20.000000 2   6.212634139774E-12 -1.969142557345E-11
AR GRAD 2024 06 20 02 47 30.000000 2   3.918467113284E-12 -3.246557189751E-11
AR GRAD 2024 06 20 02 47 40.000000 2   6.200546586593E-12 -2.822972237915E-11
AR GRAD 2024 06 20 02 47 50.000000 2   2.947700243616E-12 -1.883387196200E-11
AR GRAD 2024 06 20 02 48  0.000000 2   6.092537498809E-12 -1.947801989144E-11
AR GRAD 2024 06 20 02 48 10.000000 2   7.051518223500E-12 -1.425216802214E-11
AR GRAD 2024 06 20 02 48 20.000000 2   4.689949817394E-12 -2.777632117368E-11
AR GRAD 2024 06 20 02 48 30.000000 2   6.991275180307E-12 -1.973047419890E-11
AR GRAD 2024 06 20 02 48 40.000000 2   5.207570052262E-12 -2.798462850340E-11
AR GRAD 2024 06 20 02 48 50.000000 2   7.353085154649E-12 -2.768878008819E-11
AR GRAD 2024 06 20 02 49  0.000000 2   3.035337606261E-12 -1.455293524577E-11
AR GRAD 2024 06 20 02 49 10.000000 2   2.754137196082E-12 -2.986709143893E-11
AR GRAD 2024 06 20 02 49 20.000000 2   7.327243846389E-12 -4.471247157245E-12
AR GRAD 2024 06 20 02 49 30.000000 2   1.620415173570E-12 -3.120540284507E-11
AR GRAD 2024 06 20 02 49 40.000000 2   7.995989287357E-12 -3.606956053281E-11
AR GRAD 2024 06 20 02 49 50.000000 2   5.887838393920E-12 -3.942372123200E-11
AR GRAD 2024 06 20 02 50  0.000000 2   6.108672161859E-12 -2.892788439346E-11
AR GRAD 2024 06 20 02 50 10.000000 2   5.731861166258E-12 -2.252204499287E-11
AR GRAD 2024 06 20 02 50 20.000000 2   5.275804966509E-12 -2.639621160538E-11
AR GRAD 2024 06 20 02 50 30.000000 2   1.812031536104E-12 -3.243037088874E-11
AR GRAD 2024 06 20 02 50 40.000000 2   7.844347567343E-12 -3.474453363905E-11
AR GRAD 2024 06 20 02 50 50.000000 2   2.735674534127E-12 -2.951869998435E-11
AR GRAD 2024 06 20 02 51  0.000000 2   3.743545837903E-12 -1.719287039126E-11
AR GRAD 2024 06 20 02 51 10.000000 2   5.180827555157E-12 -1.422703534842E-11
AR GRAD 2024 06 20 02 51 20.000000 2   2.837983537410E-12 -4.055120128577E-11
AR GRAD 2024 06 20 02 51 30.000000 2   5.727211673662E-12 -1.607537193637E-11
AR GRAD 2024 06 20 02 51 40.000000 2   3.013204919952E-13 -1.908954244678E-11
AR GRAD 2024 06 20 02 51 50.000000 2   5.499959862543E-12 -2.682371512408E-11
AR GRAD 2024 06 20 02 52  0.000000 2  -1.832047426091E-13 -3.042788590535E-11
AR GRAD 2024 06 20 02 52 10.000000 2   3.336711549423E-12 -4.017205665341E-11
AR GRAD 2024 06 20 02 52 20.000000 2   4.856172755585E-12 -1.955623336880E-11
AR GRAD 2024 06 20 02 52 30.000000 2   5.178432335717E-12 -2.423040587618E-11
AR GRAD 2024 06 20 02 52 40.000000 2   3.741140643804E-12 -1.671458457753E-11
AR GRAD 2024 06 20 02 52 50.000000 2   2.666222711362E-12 -2.771876131402E-11
AR GRAD 2024 06 20 02 53  0.000000 2   4.620027017205E-12 -2.078293613594E-11
AR GRAD 2024 06 20 02 53 10.000000 2   3.485365425090E-12 -3.058711617321E-11
AR GRAD 2024 06 20 02 53 20.000000 2   3.894308053115E-12 -2.767129581027E-11
AR GRAD 2024 06 20 02 53 30.000000 2   2.643429529089E-12 -3.323547340117E-11
AR GRAD 2024 06 20 02 53 40.000000 2   1.977647212659E-12 -3.435965401088E-11
AR GRAD 2024 06 20 02 53 50.000000 2   2.872271214274E-12 -3.298383788319E-11
AR GRAD 2024 06 20 02 54  0.000000 2   6.077749414857E-12 -2.076802445294E-11
AR GRAD 2024 06 20 02 54 10.000000 2   2.899532393699E-12 -2.934220574846E-11
AR GRAD 2024 06 20 02 54 20.000000 2   2.566021613942E-12 -3.068639092829E-11
AR GRAD 2024 06 20 02 54 30.000000 2   5.321338855668E-12 -2.393057800532E-11
AR GRAD 2024 06 20 02 54 40.000000 2   4.080313777827E-12 -2.611476312975E-11
AR GRAD 2024 06 20 02 54 50.000000 2   4.777012119206E-12 -3.413895208193E-11
AR GRAD 2024 06 20 02 55  0.000000 2   3.910437511995E-12 -3.547313831564E-11
AR GRAD 2024 06 20 02 55 10.000000 2   4.709708317785E-12 -3.404732745738E-11
AR GRAD 2024 06 20 02 55 20.000000 2   5.030868950595E-12 -2.311152311196E-11
AR GRAD 2024 06 20 02 55 30.000000 2   4.103118018961E-12 -2.751571193116E-11
AR GRAD 2024 06 20 02 55 40.000000 2   6.385608730154E-13 -2.521990775939E-11
AR GRAD 2024 06 20 02 55 50.000000 2   4.210346914862E-12 -2.657409708950E-11
AR GRAD 2024 06 20 02 56  0.000000 2   5.848189987834E-12 -3.526829175926E-11
AR GRAD 2024 06 20 02 56 10.000000 2   3.639270308720E-12 -3.035248788419E-11
AR GRAD 2024 06 20 02 56 20.000000 2   4.891264043100E-12 -3.900668330004E-11
AR GRAD 2024 06 20 02 56 30.000000 2   4.030199351329E-12 -1.448088003675E-11
AR GRAD 2024 06 20 02 56 40.000000 2   4.293079346879E-12 -3.452507724155E-11
AR GRAD 2024 06 20 02 56 50.000000 2   5.696831027746E-12 -2.747928100344E-11
AR GRAD 2024 06 20 02 57  0.000000 2   3.352042601823E-12 -2.373348045870E-11
AR GRAD 2024 06 20 02 57 10.000000 2   1.713591725114E-12 -4.041767615037E-11
AR GRAD 2024 06 20 02 57 20.000000 2   2.353156948812E-12 -2.952188146721E-11
AR GRAD 2024 06 20 02 57 30.000000 2   3.104469155704E-12 -2.142608486466E-11
AR GRAD 2024 06 20 02 57 40.000000 2   4.534202874273E-12 -2.211028755916E-11
AR GRAD 2024 06 20 02 57 50.000000 2   4.340417348453E-12 -3.919449140244E-11
AR GRAD 2024 06 20 02 58  0.000000 2   1.676158235646E-12 -1.450869806241E-11
AR GRAD 2024 06 20 02 58 10.000000 2   2.808383517058E-12 -2.035290512514E-11
AR GRAD 2024 06 20 02 58 20.000000 2   4.667482546294E-12 -1.808711166951E-11
AR GRAD 2024 06 20 02 58 30.000000 2   8.512043066927E-13 -3.691131775230E-11
AR GRAD 2024 06 20 02 58 40.000000 2   5.524230812376E-12 -2.514552802091E-11
AR GRAD 2024 06 20 02 58 50.000000 2   4.149510162560E-12 -3.169974005512E-11
AR GRAD 2024 06 20 02 59  0.000000 2   1.684514832311E-12 -2.759395316410E-11
AR GRAD 2024 06 20 02 59 10.000000 2   2.286276203078E-12 -2.692816282457E-11
AR GRAD 2024 06 20 02 59 20.000000 2   4.873924180915E-12 -2.452237891915E-11
AR GRAD 2024 06 20 02 59 30.000000 2   2.461144623604E-13 -1.757658948942E-11
AR GRAD 2024 06 20 02 59 40.000000 2   3.610384127078E-12 -4.408080497842E-11
AR GRAD 2024 06 20 02 59 50.000000 2   3.011512914042E-12 -2.319502229176E-11
AR GRAD 2024 06 20 03 00  0.000000 2   2.827030710223E-12 -2.426924113064E-11
AR GRAD 2024 06 20 03 00 10.000000 2   3.523743525701E-13 -1.300345421618E-11
AR GRAD 2024 06 20 03 00 20.000000 2   4.729853227831E-12 -2.765767649626E-11
AR GRAD 2024 06 20 03 00 30.000000 2   2.272659192998E-13 -3.422189615021E-11
AR GRAD 2024 06 20 03 00 40.000000 2   4.679003278579E-12 -2.079611483019E-11
AR GRAD 2024 06 20 03 00 50.000000 2   3.693424472512E-12 -3.553033561809E-11
AR GRAD 2024 06 20 03 01  0.000000 2   1.968145047979E-12 -2.829455766906E-11
AR GRAD 2024 06 20 03 01 10.000000 2   2.043233204158E-12 -3.857877906022E-11
AR GRAD 2024 06 20 03 01 20.000000 2   6.482822091647E-12 -1.385300554824E-11
AR GRAD 2024 06 20 03 01 30.000000 2   1.522103840537E-12 -1.376723041124E-11
AR GRAD 2024 06 20 03 01 40.000000 2   2.312751552769E-12 -2.475145782777E-11
AR GRAD 2024 06 20 03 01 50.000000 2   6.110325787012E-12 -3.499568343446E-11
AR GRAD 2024 06 20 03 02  0.000000 2   1.918467554957E-12 -1.239991182650E-11
AR GRAD 2024 06 20 03 02 10.000000 2   2.607640882737E-12 -2.592414304059E-11
AR GRAD 2024 06 20 03 02 20.000000 2   1.262786641747E-12 -2.089837504438E-11
AR GRAD 2024 06 20 03 02 30.000000 2   5.050517296046E-12 -2.589260576780E-11
AR GRAD 2024 06 20 03 02 40.000000 2   8.889748204059E-13 -2.007683429228E-11
AR GRAD 2024 06 20 03 02 50.000000 2   2.886139894784E-12 -2.482106881141E-11
AR GRAD 2024 06 20 03 03  0.000000 2   1.612122436413E-12 -2.233530374540E-11
AR GRAD 2024 06 20 03 03 10.000000 2   6.102458382368E-12 -2.736953719218E-11
AR GRAD 2024 06 20 03 03 20.000000 2   2.262430260497E-12 -2.701377142811E-11
AR GRAD 2024 06 20 03 03 30.000000 2   3.204694268202E-13 -8.638006976369E-12
AR GRAD 2024 06 20 03 03 40.000000 2   1.891102725804E-12 -1.470224636480E-11
AR GRAD 2024 06 20 03 03 50.000000 2   1.213746659602E-12 -3.280648322446E-11
AR GRAD 2024 06 20 03 04  0.000000 2   3.636843647417E-12 -1.219072238989E-11
AR GRAD 2024 06 20 03 04 10.000000 2   2.856921947278E-12 -8.094962200555E-12
AR GRAD 2024 06 20 03 04 20.000000 2   1.903894359875E-12 -2.678920800470E-11
AR GRAD 2024 06 20 03 04 30.000000 2   4.836844466616E-12 -7.763447870679E-12
AR GRAD 2024 06 20 03 04 40.000000 2   5.421877790485E-12 -2.919769287457E-11
AR GRAD 2024 06 20 03 04 50.000000 2   1.657899403699E-12 -1.670193670866E-11
