 2.00 C RINEX VERSION / TYPE
 10.00 INTERVAL
 1 AR # / TYPES OF DATA
 END OF HEADER
AR GRAD 2024 06 19 01 05  0.000000 2   3.880184715199E-11  4.048878940455E-11
AR GRAD 2024 06 19 01 05 10.000000 2   3.715815849459E-11  2.951871386214E-11
AR GRAD 2024 06 19 01 05 20.000000 2   3.740356288584E-11  5.471863934181E-11
AR GRAD 2024 06 19 01 05 30.000000 2   3.527287142924E-11  3.732856038163E-11
AR GRAD 2024 06 19 01 05 40.000000 2   3.975464402117E-11  3.076847804317E-11
AR GRAD 2024 06 19 01 05 50.000000 2   3.462639897034E-11  4.366839528869E-11
AR GRAD 2024 06 19 01 06  0.000000 2   3.855516947371E-11  2.377830571332E-11
AR GRAD 2024 06 19 01 06 10.000000 2   3.824289843135E-11  4.508821788152E-11
AR GRAD 2024 06 19 01 06 20.000000 2   3.750609545161E-11  2.624812346641E-11
AR GRAD 2024 06 19 01 06 30.000000 2   4.125186303661E-11  6.272802416385E-11
AR GRAD 2024 06 19 01 06 40.000000 2   3.751343333191E-11  3.612793397778E-11
AR GRAD 2024 06 19 01 06 50.000000 2   3.491462327587E-11  4.064783579172E-11
AR GRAD 2024 06 19 01 07  0.000000 2   3.931741043850E-11  3.504772860818E-11
AR GRAD 2024 06 19 01 07 10.000000 2   3.690709890480E-11  2.942762700187E-11
AR GRAD 2024 06 19 01 07 20.000000 2   4.024760386079E-11  3.250751751116E-11
AR GRAD 2024 06 19 01 07 30.000000 2   4.170739795195E-11  5.953740278564E-11
AR GRAD 2024 06 19 01 07 40.000000 2   3.607078177814E-11  2.882729471798E-11
AR GRAD 2024 06 19 01 07 50.000000 2   3.602138726189E-11  3.171718096495E-11
AR GRAD 2024 06 19 01 08  0.000000 2   3.562431599713E-11  5.041706288567E-11
AR GRAD 2024 06 19 01 08 10.000000 2   4.139107459555E-11  3.368694559414E-11
AR GRAD 2024 06 19 01 08 20.000000 2   3.447776092402E-11  3.737682385818E-11
AR GRAD 2024 06 19 01 08 30.000000 2   3.532670336814E-11  3.278670043794E-11
AR GRAD 2024 06 19 01 08 40.000000 2   3.970836853773E-11  3.341656812372E-11
AR GRAD 2024 06 19 01 08 50.000000 2   3.202670073588E-11  4.080643808968E-11
AR GRAD 2024 06 19 01 09  0.000000 2   3.892259431426E-11  3.504630960438E-11
AR GRAD 2024 06 19 01 09 10.000000 2   3.321264444023E-11  2.663617069965E-11
AR GRAD 2024 06 19 01 09 20.000000 2   3.001810258696E-11  4.251603583083E-11
AR GRAD 2024 06 19 01 09 30.000000 2   3.760354180815E-11  4.725589364263E-11
AR GRAD 2024 06 19 01 09 40.000000 2   3.651491609080E-11  2.134574808577E-11
AR GRAD 2024 06 19 01 09 50.000000 2   2.998171502733E-11  4.972560557759E-11
AR GRAD 2024 06 19 01 10  0.000000 2   3.092338191069E-11  4.193545857789E-11
AR GRAD 2024 06 19 01 10 10.000000 2   3.004826595876E-11  2.554530718901E-11
AR GRAD 2024 06 19 01 10 20.000000 2   3.159119493779E-11  4.575515660799E-11
AR GRAD 2024 06 19 01 10 30.000000 2   3.455860597690E-11  3.263499886996E-11
AR GRAD 2024 06 19 01 10 40.000000 2   3.270883910944E-11  3.087484087838E-11
AR GRAD 2024 06 19 01 10 50.000000 2   3.031987508284E-11  2.988468153498E-11
AR GRAD 2024 06 19 01 11  0.000000 2   3.509293203252E-11  5.042451525772E-11
AR GRAD 2024 06 19 01 11 10.000000 2   2.863229792149E-11  3.186435490465E-11
AR GRAD 2024 06 19 01 11 20.000000 2   3.391456906976E-11  4.207418441426E-11
AR GRAD 2024 06 19 01 11 30.000000 2   3.059472813982E-11  3.391401048880E-11
AR GRAD 2024 06 19 01 11 40.000000 2   2.118251060668E-11  2.879384057575E-11
AR GRAD 2024 06 19 01 11 50.000000 2   2.957678546522E-11  4.555366847625E-11
AR GRAD 2024 06 19 01 12  0.000000 2   2.868031853676E-11  3.147348701105E-11
AR GRAD 2024 06 19 01 12 10.000000 2   3.009076321447E-11  3.010330526521E-11
AR GRAD 2024 06 19 01 12 20.000000 2   2.928391903967E-11  2.671312129832E-11
AR GRAD 2024 06 19 01 12 30.000000 2   3.040285037614E-11  3.701293785352E-11
AR GRAD 2024 06 19 01 12 40.000000 2   2.643300855976E-11  2.588274906901E-11
AR GRAD 2024 06 19 01 12 50.000000 2   2.543296302726E-11  3.548256133357E-11
AR GRAD 2024 06 19 01 13  0.000000 2   2.719340204405E-11  2.724236287943E-11
AR GRAD 2024 06 19 01 13 10.000000 2   2.572288736180E-11  2.639216796496E-11
AR GRAD 2024 06 19 01 13 20.000000 2   3.217100544295E-11  3.064197159897E-11
AR GRAD 2024 06 19 01 13 30.000000 2   3.118482208575E-11  4.629176902915E-11
AR GRAD 2024 06 19 01 13 40.000000 2   3.056919647970E-11  3.744156720775E-11
AR GRAD 2024 06 19 01 13 50.000000 2   2.682845612334E-11  2.026135856315E-11
AR GRAD 2024 06 19 01 14  0.000000 2   2.834779980199E-11  3.694115152664E-11
AR GRAD 2024 06 19 01 14 10.000000 2   2.624547280894E-11  2.835093791675E-11
AR GRAD 2024 06 19 01 14 20.000000 2   3.044589233503E-11  2.115072700315E-11
AR GRAD 2024 06 19 01 14 30.000000 2   2.996645986908E-11  3.072050946962E-11
AR GRAD 2024 06 19 01 14 40.000000 2   2.928392597856E-11  2.169029018895E-11
AR GRAD 2024 06 19 01 14 50.000000 2   3.017635447078E-11  2.597006810989E-11
AR GRAD 2024 06 19 01 15  0.000000 2   2.946903832068E-11  3.378984592128E-11
AR GRAD 2024 06 19 01 15 10.000000 2   2.456076141077E-11  3.412961926963E-11
AR GRAD 2024 06 19 01 15 20.000000 2   2.600255774587E-11  2.904939136461E-11
AR GRAD 2024 06 19 01 15 30.000000 2   2.216688985146E-11  2.725915673740E-11
AR GRAD 2024 06 19 01 15 40.000000 2   2.293943507370E-11  2.727892391141E-11
AR GRAD 2024 06 19 01 15 50.000000 2   3.160127715063E-11  3.368869072595E-11
AR GRAD 2024 06 19 01 16  0.000000 2   2.209478260073E-11  2.326844966705E-11
AR GRAD 2024 06 19 01 16 10.000000 2   2.584168642961E-11  2.454820895170E-11
AR GRAD 2024 06 19 01 16 20.000000 2   2.179301357430E-11  3.310796775624E-11
AR GRAD 2024 06 19 01 16 30.000000 2   2.120636305447E-11  2.431771624345E-11
AR GRAD 2024 06 19 01 16 40.000000 2   2.379327637692E-11  2.588746751686E-11
AR GRAD 2024 06 19 01 16 50.000000 2   1.858528782261E-11  3.149721802820E-11
AR GRAD 2024 06 19 01 17  0.000000 2   1.976111288493E-11  1.714696266919E-11
AR GRAD 2024 06 19 01 17 10.000000 2   2.212415667335E-11  2.317670534657E-11
AR GRAD 2024 06 19 01 17 20.000000 2   1.795108506286E-11  2.580644552219E-11
AR GRAD 2024 06 19 01 17 30.000000 2   2.361848217003E-11  4.044618459598E-11
AR GRAD 2024 06 19 01 17 40.000000 2   2.342658532439E-11  2.904592191766E-11
AR GRAD 2024 06 19 01 17 50.000000 2   1.938238458621E-11  2.243565402904E-11
AR GRAD 2024 06 19 01 18  0.000000 2   1.785756091610E-11  2.736538426418E-11
AR GRAD 2024 06 19 01 18 10.000000 2   1.555934200925E-11  3.309511345528E-11
AR GRAD 2024 06 19 01 18 20.000000 2   2.137399805757E-11  2.261483882104E-11
AR GRAD 2024 06 19 01 18 30.000000 2   1.309836353963E-11  1.865456053518E-11
AR GRAD 2024 06 19 01 18 40.000000 2   2.220264250230E-11  3.239428170154E-11
AR GRAD 2024 06 19 01 18 50.000000 2   1.548933724338E-11  2.667399981449E-11
AR GRAD 2024 06 19 01 19  0.000000 2   6.244353558532E-12  2.609371572981E-11
AR GRAD 2024 06 19 01 19 10.000000 2   1.957291446975E-11  1.537342822489E-11
AR GRAD 2024 06 19 01 19 20.000000 2   1.697354062857E-11  2.774313938303E-11
AR GRAD 2024 06 19 01 19 30.000000 2   1.196248135271E-11  3.560284705939E-11
AR GRAD 2024 06 19 01 19 40.000000 2   1.298873161804E-11  2.985255098675E-11
AR GRAD 2024 06 19 01 19 50.000000 2   9.609635136243E-12  3.689225661074E-11
AR GRAD 2024 06 19 01 20  0.000000 2   1.297166714320E-11  3.344195406707E-11
AR GRAD 2024 06 19 01 20 10.000000 2   7.688488734559E-12  2.444165182747E-11
AR GRAD 2024 06 19 01 20 20.000000 2   1.102010410009E-11  1.520134886024E-11
AR GRAD 2024 06 19 01 20 30.000000 2   1.104194600338E-11  3.240104018420E-11
AR GRAD 2024 06 19 01 20 40.000000 2   1.336277616337E-11  2.505073058712E-11
AR GRAD 2024 06 19 01 20 50.000000 2   6.906513121824E-12  1.856041882686E-11
AR GRAD 2024 06 19 01 21  0.000000 2   1.205233048779E-11  1.811010195973E-11
AR GRAD 2024 06 19 01 21 10.000000 2   1.044823429164E-11  4.876978682011E-11
AR GRAD 2024 06 19 01 21 20.000000 2   9.392461634838E-12  2.792946429686E-11
AR GRAD 2024 06 19 01 21 30.000000 2   1.010302431992E-11  2.281914240898E-11
AR GRAD 2024 06 19 01 21 40.000000 2   8.698685868835E-12  2.149881661584E-11
AR GRAD 2024 06 19 01 21 50.000000 2   8.464313451528E-12  3.001849116502E-11
AR GRAD 2024 06 19 01 22  0.000000 2   1.158329248491E-11  1.008816120918E-11
AR GRAD 2024 06 19 01 22 10.000000 2   9.738203299303E-12  2.449782737779E-11
AR GRAD 2024 06 19 01 22 20.000000 2   5.555865229684E-12  2.620749277316E-11
AR GRAD 2024 06 19 01 22 30.000000 2   2.207241117311E-12  2.379715521861E-11
AR GRAD 2024 06 19 01 22 40.000000 2   9.004752672681E-12  3.247681637508E-11
AR GRAD 2024 06 19 01 22 50.000000 2   7.313279322407E-12  1.237647137553E-11
AR GRAD 2024 06 19 01 23  0.000000 2   1.120946044320E-11  1.166612813297E-11
AR GRAD 2024 06 19 01 23 10.000000 2   8.668951841095E-12  2.766577765489E-11
AR GRAD 2024 06 19 01 23 20.000000 2   1.035552026074E-11  2.273542812348E-11
AR GRAD 2024 06 19 01 23 30.000000 2   7.980231059301E-12  3.122507807873E-11
AR GRAD 2024 06 19 01 23 40.000000 2   1.064173055232E-11  2.043471988844E-11
AR GRAD 2024 06 19 01 23 50.000000 2   9.632827521755E-12  1.286436148579E-11
AR GRAD 2024 06 19 01 24  0.000000 2   4.392232671319E-12  2.630400237902E-11
AR GRAD 2024 06 19 01 24 10.000000 2   4.011989091640E-12  1.548363694204E-11
AR GRAD 2024 06 19 01 24 20.000000 2   7.681542034399E-12  1.129327360794E-11
AR GRAD 2024 06 19 01 24 30.000000 2   3.756812569367E-13  2.051290387550E-11
AR GRAD 2024 06 19 01 24 40.000000 2   4.894655861176E-12  1.478253457143E-11
AR GRAD 2024 06 19 01 24 50.000000 2  -4.632171382579E-13  1.482216085980E-11
AR GRAD 2024 06 19 01 25  0.000000 2   1.868989121454E-12  2.304178549350E-11
AR GRAD 2024 06 19 01 25 10.000000 2   5.472624523689E-12  1.109140904121E-11
AR GRAD 2024 06 19 01 25 20.000000 2   2.639095756166E-12  1.324102719830E-11
AR GRAD 2024 06 19 01 25 30.000000 2   1.942880535274E-12  2.190064102292E-11
AR GRAD 2024 06 19 01 25 40.000000 2   2.994478146348E-12  1.645025608787E-11
AR GRAD 2024 06 19 01 25 50.000000 2  -2.284419398438E-12  1.485986680927E-11
AR GRAD 2024 06 19 01 26  0.000000 2   3.970596854780E-12  1.579947631059E-11
AR GRAD 2024 06 19 01 26 10.000000 2   8.403329844042E-14  1.043908536003E-11
AR GRAD 2024 06 19 01 26 20.000000 2  -3.698183686368E-12  1.035868786581E-11
AR GRAD 2024 06 19 01 26 30.000000 2   4.298537654296E-12  4.008288059104E-12
AR GRAD 2024 06 19 01 26 40.000000 2  -3.987339972089E-12  1.067788826109E-11
AR GRAD 2024 06 19 01 26 50.000000 2  -3.219392851264E-12  2.077748563478E-11
AR GRAD 2024 06 19 01 27  0.000000 2  -2.752597628997E-12 -7.772921195581E-12
AR GRAD 2024 06 19 01 27 10.000000 2   1.266337620702E-12  2.285666968194E-11
AR GRAD 2024 06 19 01 27 20.000000 2  -5.111028787697E-12 -5.823740795163E-12
AR GRAD 2024 06 19 01 27 30.000000 2  -7.013454920990E-12  2.024584493110E-11
AR GRAD 2024 06 19 01 27 40.000000 2  -5.806042712581E-12 -7.224570334335E-12
AR GRAD 2024 06 19 01 27 50.000000 2  -4.977343624063E-12  8.625011295449E-12
AR GRAD 2024 06 19 01 28  0.000000 2  -6.402145740630E-12  1.674458835477E-11
AR GRAD 2024 06 19 01 28 10.000000 2  -8.699913185695E-12  1.204416514439E-11
AR GRAD 2024 06 19 01 28 20.000000 2  -9.291723640503E-12  2.173737752298E-12
AR GRAD 2024 06 19 01 28 30.000000 2  -8.820945709975E-12  1.907330890449E-11
AR GRAD 2024 06 19 01 28 40.000000 2  -8.820876321036E-12  5.712877653580E-12
AR GRAD 2024 06 19 01 28 50.000000 2  -8.095155622223E-12  8.822444511059E-12
AR GRAD 2024 06 19 01 29  0.000000 2  -1.046644455133E-11  1.034200589750E-11
AR GRAD 2024 06 19 01 29 10.000000 2  -8.448629816582E-12  2.051569417821E-12
AR GRAD 2024 06 19 01 29 20.000000 2  -1.291912323648E-11  1.241128944410E-12
AR GRAD 2024 06 19 01 29 30.000000 2  -4.655877679921E-12  8.180683561121E-12
AR GRAD 2024 06 19 01 29 40.000000 2  -1.517476075352E-11  3.700236297921E-12
AR GRAD 2024 06 19 01 29 50.000000 2  -6.100989938945E-12  5.097875246940E-13
AR GRAD 2024 06 19 01 30  0.000000 2  -1.218098972383E-11  8.939335383040E-12
AR GRAD 2024 06 19 01 30 10.000000 2  -1.098563861407E-11  5.898880776206E-12
AR GRAD 2024 06 19 01 30 20.000000 2  -8.510869092815E-12 -5.621576988635E-12
AR GRAD 2024 06 19 01 30 30.000000 2  -8.861167875851E-12  3.907963362637E-12
AR GRAD 2024 06 19 01 30 40.000000 2  -1.603222762880E-11 -1.676249417049E-11
AR GRAD 2024 06 19 01 30 50.000000 2  -9.666380543227E-12  1.387703927463E-11
AR GRAD 2024 06 19 01 31  0.000000 2  -9.975731178613E-12 -6.313426344218E-12
AR GRAD 2024 06 19 01 31 10.000000 2  -1.189895751375E-11 -5.738996517596E-13
AR GRAD 2024 06 19 01 31 20.000000 2  -1.618733445896E-11 -6.414369469604E-12
AR GRAD 2024 06 19 01 31 30.000000 2  -1.245940937228E-11  1.328515509408E-11
AR GRAD 2024 06 19 01 31 40.000000 2  -7.794757027335E-12 -1.320531965027E-11
AR GRAD 2024 06 19 01 31 50.000000 2  -1.277963498914E-11 -6.175800756208E-12
AR GRAD 2024 06 19 01 32  0.000000 2  -1.249672240689E-11 -1.101628337163E-11
AR GRAD 2024 06 19 01 32 10.000000 2  -1.386508009099E-11 -6.316768288994E-12
AR GRAD 2024 06 19 01 32 20.000000 2  -1.373325671933E-11 -1.156725409901E-11
AR GRAD 2024 06 19 01 32 30.000000 2  -1.395304184693E-11  2.102257170428E-12
AR GRAD 2024 06 19 01 32 40.000000 2  -1.275588315530E-11 -1.334823831328E-11
AR GRAD 2024 06 19 01 32 50.000000 2  -1.429846085282E-11  3.031269462869E-12
AR GRAD 2024 06 19 01 33  0.000000 2  -1.278665107823E-11 -5.379229613828E-12
AR GRAD 2024 06 19 01 33 10.000000 2  -1.170444383775E-11  9.880271947815E-12
AR GRAD 2024 06 19 01 33 20.000000 2  -1.604721737436E-11 -2.125023421118E-11
AR GRAD 2024 06 19 01 33 30.000000 2  -1.726183085360E-11 -2.246073639578E-11
AR GRAD 2024 06 19 01 33 40.000000 2  -1.606589687675E-11 -2.891243451250E-12
AR GRAD 2024 06 19 01 33 50.000000 2  -1.052980445893E-11  5.318246711072E-12
AR GRAD 2024 06 19 01 34  0.000000 2  -1.512184474861E-11  1.657734713389E-12
AR GRAD 2024 06 19 01 34 10.000000 2  -2.056836298503E-11 -1.151278031242E-11
AR GRAD 2024 06 19 01 34 20.000000 2  -9.698308128803E-12 -3.513300761426E-12
AR GRAD 2024 06 19 01 34 30.000000 2  -2.016732787713E-11 -1.242381978545E-11
AR GRAD 2024 06 19 01 34 40.000000 2  -1.823940304346E-11  8.965658944426E-12
AR GRAD 2024 06 19 01 34 50.000000 2  -1.761690099356E-11 -1.331486657041E-11
AR GRAD 2024 06 19 01 35  0.000000 2  -2.017090140749E-11  8.464606619796E-12
AR GRAD 2024 06 19 01 35 10.000000 2  -1.307076929330E-11 -2.029592466313E-11
AR GRAD 2024 06 19 01 35 20.000000 2  -1.975687669020E-11  3.553542876622E-12
AR GRAD 2024 06 19 01 35 30.000000 2  -2.152826701629E-11 -1.859699026718E-11
AR GRAD 2024 06 19 01 35 40.000000 2  -1.796709482582E-11  1.562470964243E-12
AR GRAD 2024 06 19 01 35 50.000000 2  -2.131532797489E-11 -5.658070366399E-12
AR GRAD 2024 06 19 01 36  0.000000 2  -2.075717896177E-11 -6.528614020923E-12
AR GRAD 2024 06 19 01 36 10.000000 2  -2.279348064460E-11 -7.219157997090E-12
AR GRAD 2024 06 19 01 36 20.000000 2  -1.609279376424E-11 -9.649706381176E-12
AR GRAD 2024 06 19 01 36 30.000000 2  -2.034517519733E-11 -1.370025620728E-11
AR GRAD 2024 06 19 01 36 40.000000 2  -1.521143974670E-11 -6.700809612042E-12
AR GRAD 2024 06 19 01 36 50.000000 2  -1.965075151211E-11 -1.184136642907E-11
AR GRAD 2024 06 19 01 37  0.000000 2  -2.188251836677E-11 -3.151922516390E-12
AR GRAD 2024 06 19 01 37 10.000000 2  -7.596248283170E-12 -8.912485333079E-12
AR GRAD 2024 06 19 01 37 20.000000 2  -1.996451094721E-11 -1.047304690888E-11
AR GRAD 2024 06 19 01 37 30.000000 2  -1.889759008999E-11 -2.045361623126E-11
AR GRAD 2024 06 19 01 37 40.000000 2  -2.292578279994E-11 -8.094182442353E-12
AR GRAD 2024 06 19 01 37 50.000000 2  -1.785771357177E-11 -2.217475335298E-11
AR GRAD 2024 06 19 01 38  0.000000 2  -2.469281550066E-11 -2.235532765849E-11
AR GRAD 2024 06 19 01 38 10.000000 2  -1.559754929381E-11 -1.415590127757E-11
AR GRAD 2024 06 19 01 38 20.000000 2  -1.882493987082E-11 -8.126480391391E-12
AR GRAD 2024 06 19 01 38 30.000000 2  -2.172084560825E-11 -1.288706034247E-11
AR GRAD 2024 06 19 01 38 40.000000 2  -2.220933506547E-11 -1.496764517883E-11
AR GRAD 2024 06 19 01 38 50.000000 2  -2.020115845436E-11 -2.688229630218E-12
AR GRAD 2024 06 19 01 39  0.000000 2  -1.770780223842E-11 -1.078881775585E-11
AR GRAD 2024 06 19 01 39 10.000000 2  -1.310869988946E-11 -2.357941099318E-11
AR GRAD 2024 06 19 01 39 20.000000 2  -1.548052658285E-11 -1.524000196873E-11
AR GRAD 2024 06 19 01 39 30.000000 2  -2.442900395860E-11 -9.760601181463E-12
AR GRAD 2024 06 19 01 39 40.000000 2  -2.267242470155E-11 -1.424119763088E-11
AR GRAD 2024 06 19 01 39 50.000000 2  -1.799092819166E-11 -1.113179860790E-11
AR GRAD 2024 06 19 01 40  0.000000 2  -1.699593243920E-11 -1.290240223689E-11
AR GRAD 2024 06 19 01 40 10.000000 2  -1.963949489148E-11 -2.271300855727E-11
AR GRAD 2024 06 19 01 40 20.000000 2  -1.492131418424E-11 -1.252361929438E-11
AR GRAD 2024 06 19 01 40 30.000000 2  -1.724316349427E-11 -1.399422938642E-11
AR GRAD 2024 06 19 01 40 40.000000 2  -1.489248308006E-11 -2.915483826582E-11
AR GRAD 2024 06 19 01 40 50.000000 2  -1.929856448257E-11 -7.855459338568E-12
AR GRAD 2024 06 19 01 41  0.000000 2  -1.714705287481E-11 -1.316607933788E-11
AR GRAD 2024 06 19 01 41 10.000000 2  -2.265498899590E-11 -6.646698816337E-12
AR GRAD 2024 06 19 01 41 20.000000 2  -1.774812935507E-11 -2.799731974035E-11
AR GRAD 2024 06 19 01 41 30.000000 2  -1.818647316076E-11 -1.463795057388E-11
AR GRAD 2024 06 19 01 41 40.000000 2  -1.905369785560E-11 -1.458858034376E-11
AR GRAD 2024 06 19 01 41 50.000000 2  -1.663270736418E-11 -1.504921187667E-11
AR GRAD 2024 06 19 01 42  0.000000 2  -1.510932004511E-11 -7.769846398220E-12
AR GRAD 2024 06 19 01 42 10.000000 2  -2.103496196670E-11 -3.025048267435E-11
AR GRAD 2024 06 19 01 42 20.000000 2  -1.685216029224E-11 -1.537112277739E-11
AR GRAD 2024 06 19 01 42 30.000000 2  -1.738868944667E-11 -1.248176301899E-11
AR GRAD 2024 06 19 01 42 40.000000 2  -1.534043551910E-11 -1.898240419018E-11
AR GRAD 2024 06 19 01 42 50.000000 2  -1.766332392850E-11 -1.243305371851E-11
AR GRAD 2024 06 19 01 43  0.000000 2  -1.606188272663E-11 -1.966370295758E-11
AR GRAD 2024 06 19 01 43 10.000000 2  -9.430539682498E-12 -3.247434959830E-11
AR GRAD 2024 06 19 01 43 20.000000 2  -1.381714274246E-11 -9.655006828757E-12
AR GRAD 2024 06 19 01 43 30.000000 2  -1.693115092571E-11 -5.685666781136E-12
AR GRAD 2024 06 19 01 43 40.000000 2  -1.360474840423E-11 -2.996632109120E-11
AR GRAD 2024 06 19 01 43 50.000000 2  -1.678759214974E-11 -2.565698868640E-11
AR GRAD 2024 06 19 01 44  0.000000 2  -1.720947516437E-11 -2.685764804999E-11
AR GRAD 2024 06 19 01 44 10.000000 2  -1.829072310278E-11 -1.990832151910E-11
AR GRAD 2024 06 19 01 44 20.000000 2  -8.549452812368E-12 -2.247898742147E-11
AR GRAD 2024 06 19 01 44 30.000000 2  -9.460454121479E-12 -2.508966472081E-11
AR GRAD 2024 06 19 01 44 40.000000 2  -1.379944856300E-11 -2.576033483748E-11
AR GRAD 2024 06 19 01 44 50.000000 2  -1.193168480684E-11 -3.246101304422E-11
AR GRAD 2024 06 19 01 45  0.000000 2  -1.597878426796E-11 -2.179168998029E-11
AR GRAD 2024 06 19 01 45 10.000000 2  -1.602985973126E-11 -2.611237441552E-11
AR GRAD 2024 06 19 01 45 20.000000 2  -1.632321881828E-11 -1.947305858230E-11
AR GRAD 2024 06 19 01 45 30.000000 2  -1.643061728340E-11 -1.961374465620E-11
AR GRAD 2024 06 19 01 45 40.000000 2  -1.129609773776E-11 -2.582443633936E-11
AR GRAD 2024 06 19 01 45 50.000000 2  -1.007935141600E-11 -2.505512464168E-11
AR GRAD 2024 06 19 01 46  0.000000 2  -1.323538067338E-11 -1.365582300017E-11
AR GRAD 2024 06 19 01 46 10.000000 2  -1.763168604174E-11 -3.292651915010E-11
AR GRAD 2024 06 19 01 46 20.000000 2  -1.529460065541E-11 -2.467722380606E-11
AR GRAD 2024 06 19 01 46 30.000000 2  -1.327289406855E-11 -2.048792385745E-11
AR GRAD 2024 06 19 01 46 40.000000 2  -1.424093048347E-11 -1.873862696955E-11
AR GRAD 2024 06 19 01 46 50.000000 2  -1.410272940094E-11 -1.792933336520E-11
AR GRAD 2024 06 19 01 47  0.000000 2  -1.235303873082E-11 -2.708004827323E-11
AR GRAD 2024 06 19 01 47 10.000000 2  -1.536015759029E-11 -3.316075886106E-11
AR GRAD 2024 06 19 01 47 20.000000 2  -1.625732881649E-11 -2.507147441044E-11
AR GRAD 2024 06 19 01 47 30.000000 2  -1.262639298671E-11 -1.971219194818E-11
AR GRAD 2024 06 19 01 47 40.000000 2  -1.298493257362E-11 -2.323291038719E-11
AR GRAD 2024 06 19 01 47 50.000000 2  -1.254132908635E-11 -2.306363607041E-11
AR GRAD 2024 06 19 01 48  0.000000 2  -1.327296779430E-11 -1.716435847621E-11
AR GRAD 2024 06 19 01 48 10.000000 2  -1.223017433855E-11 -1.968508689387E-11
AR GRAD 2024 06 19 01 48 20.000000 2  -9.032513452467E-12 -1.005581555524E-11
AR GRAD 2024 06 19 01 48 30.000000 2  -1.138009218110E-11 -2.698654667788E-11
AR GRAD 2024 06 19 01 48 40.000000 2  -1.342816483008E-11 -1.806728378018E-11
AR GRAD 2024 06 19 01 48 50.000000 2  -8.452725498709E-12 -2.386802734622E-11
AR GRAD 2024 06 19 01 49  0.000000 2  -7.217755473160E-12 -2.909875986001E-11
AR GRAD 2024 06 19 01 49 10.000000 2  -1.722681719496E-11 -2.748950719833E-11
AR GRAD 2024 06 19 01 49 20.000000 2  -6.532774755180E-12 -1.945025390748E-11
AR GRAD 2024 06 19 01 49 30.000000 2  -1.035165529684E-11 -3.545100324409E-11
AR GRAD 2024 06 19 01 49 40.000000 2  -8.417189688303E-12 -1.504175256573E-11
AR GRAD 2024 06 19 01 49 50.000000 2  -1.367602038560E-11 -2.383250714832E-11
AR GRAD 2024 06 19 01 50  0.000000 2  -1.359480410190E-11 -2.406326006510E-11
AR GRAD 2024 06 19 01 50 10.000000 2  -1.045573870539E-11 -2.949401486929E-11
AR GRAD 2024 06 19 01 50 20.000000 2  -1.105308639754E-11 -1.551477869788E-11
AR GRAD 2024 06 19 01 50 30.000000 2  -1.000612006447E-11 -1.263554191833E-11
AR GRAD 2024 06 19 01 50 40.000000 2  -1.003215566175E-11 -1.785630844575E-11
AR GRAD 2024 06 19 01 50 50.000000 2  -9.955065417844E-12 -2.943707430592E-11
AR GRAD 2024 06 19 01 51  0.000000 2  -8.857238727178E-12 -1.853784660499E-11
AR GRAD 2024 06 19 01 51 10.000000 2  -9.953968205245E-12 -1.306862083827E-11
AR GRAD 2024 06 19 01 51 20.000000 2  -1.137376737931E-11 -3.266939496704E-11
AR GRAD 2024 06 19 01 51 30.000000 2  -8.784347381441E-12 -1.814017512591E-11
AR GRAD 2024 06 19 01 51 40.000000 2  -1.011564790265E-11 -2.547095867556E-11
AR GRAD 2024 06 19 01 51 50.000000 2  -7.969889505299E-12 -1.790174085359E-11
AR GRAD 2024 06 19 01 52  0.000000 2  -1.231103153448E-11 -2.432252489692E-11
AR GRAD 2024 06 19 01 52 10.000000 2  -1.089834906348E-11 -2.325331420472E-11
AR GRAD 2024 06 19 01 52 20.000000 2  -1.045649244275E-11 -1.888410261497E-11
AR GRAD 2024 06 19 01 52 30.000000 2  -1.061011608433E-11 -2.382489518171E-11
AR GRAD 2024 06 19 01 52 40.000000 2  -9.041217427508E-12 -1.663569455801E-11
AR GRAD 2024 06 19 01 52 50.000000 2  -6.804989731435E-12 -1.370649167082E-11
AR GRAD 2024 06 19 01 53  0.000000 2  -6.399035381438E-12 -1.948729545787E-11
AR GRAD 2024 06 19 01 53 10.000000 2  -8.388048068630E-12 -3.204810028468E-11
AR GRAD 2024 06 19 01 53 20.000000 2  -8.942746716756E-12 -1.421890209741E-11
AR GRAD 2024 06 19 01 53 30.000000 2  -8.864346756621E-12 -2.078971370056E-11
AR GRAD 2024 06 19 01 53 40.000000 2  -4.939404787963E-12 -2.581052732653E-11
AR GRAD 2024 06 19 01 53 50.000000 2  -2.275553009912E-12 -2.800133735992E-11
AR GRAD 2024 06 19 01 54  0.000000 2  -8.676168290755E-12 -3.103215601152E-11
AR GRAD 2024 06 19 01 54 10.000000 2  -8.889834181292E-12 -1.622297435278E-11
AR GRAD 2024 06 19 01 54 20.000000 2   2.030878042776E-13 -2.881379509989E-11
AR GRAD 2024 06 19 01 54 30.000000 2  -1.030325477713E-11 -3.364461834132E-11
AR GRAD 2024 06 19 01 54 40.000000 2  -8.480406481215E-12 -1.649544910387E-11
AR GRAD 2024 06 19 01 54 50.000000 2  -3.687374190708E-12 -3.130627354575E-11
AR GRAD 2024 06 19 01 55  0.000000 2  -5.329449988961E-12 -5.957108938082E-12
AR GRAD 2024 06 19 01 55 10.000000 2  -1.339474971912E-11 -2.263794360302E-11
AR GRAD 2024 06 19 01 55 20.000000 2  -6.752142681782E-12 -1.011877734380E-11
AR GRAD 2024 06 19 01 55 30.000000 2  -4.384334909013E-12 -2.292961827355E-11
AR GRAD 2024 06 19 01 55 40.000000 2  -8.293448393315E-12 -1.480045946911E-11
AR GRAD 2024 06 19 01 55 50.000000 2  -2.234794163961E-12 -3.465130266056E-11
AR GRAD 2024 06 19 01 56  0.000000 2  -2.903281781652E-12 -1.873214777737E-11
AR GRAD 2024 06 19 01 56 10.000000 2  -1.017247831109E-11 -4.573000398495E-12
AR GRAD 2024 06 19 01 56 20.000000 2  -2.255779981211E-12 -3.238385254400E-11
AR GRAD 2024 06 19 01 56 30.000000 2  -5.976089848675E-12 -3.584704148102E-12
AR GRAD 2024 06 19 01 56 40.000000 2  -9.469274322993E-12 -6.315563089859E-12
AR GRAD 2024 06 19 01 56 50.000000 2  -2.442324337562E-12  1.393578611883E-12
AR GRAD 2024 06 19 01 57  0.000000 2  -8.268456232197E-12 -2.413728245054E-11
AR GRAD 2024 06 19 01 57 10.000000 2   6.129712080798E-13  2.151851613563E-12
AR GRAD 2024 06 19 01 57 20.000000 2  -1.276010200280E-11 -7.469014989825E-12
AR GRAD 2024 06 19 01 57 30.000000 2  -4.031934942167E-12 -3.507988691198E-11
AR GRAD 2024 06 19 01 57 40.000000 2  -4.154470604339E-12 -2.926075701182E-11
AR GRAD 2024 06 19 01 57 50.000000 2  -3.196107115945E-13 -9.031632212941E-12
AR GRAD 2024 06 19 01 58  0.000000 2  -2.166802111001E-12 -2.928250697476E-11
AR GRAD 2024 06 19 01 58 10.000000 2  -2.880564927213E-12 -2.006339018534E-11
AR GRAD 2024 06 19 01 58 20.000000 2  -4.934134698042E-13 -4.484269726379E-12
AR GRAD 2024 06 19 01 58 30.000000 2  -3.175744172842E-12 -2.700515332188E-11
AR GRAD 2024 06 19 01 58 40.000000 2  -3.864827728683E-12 -1.711604122323E-11
AR GRAD 2024 06 19 01 58 50.000000 2  -3.239837868471E-12 -2.830693318634E-11
AR GRAD 2024 06 19 01 59  0.000000 2  -2.598254944530E-12 -1.674782881822E-11
AR GRAD 2024 06 19 01 59 10.000000 2  -5.652885711610E-12 -7.988723398078E-12
AR GRAD 2024 06 19 01 59 20.000000 2   1.558395123016E-12 -2.157962003535E-11
AR GRAD 2024 06 19 01 59 30.000000 2  -5.104082087537E-12 -2.507051684308E-11
AR GRAD 2024 06 19 01 59 40.000000 2   2.768013466006E-12 -1.813141997653E-11
AR GRAD 2024 06 19 01 59 50.000000 2   3.747863998316E-12  1.564767239393E-11
AR GRAD 2024 06 19 02 00  0.000000 2  -3.603920764247E-12 -1.892323624186E-11
AR GRAD 2024 06 19 02 00 10.000000 2   2.860813257295E-13 -8.394144754287E-12
AR GRAD 2024 06 19 02 00 20.000000 2  -7.288759981856E-13 -1.510505782953E-11
AR GRAD 2024 06 19 02 00 30.000000 2  -5.263759805633E-13 -1.663597211377E-11
AR GRAD 2024 06 19 02 00 40.000000 2  -7.635809302561E-13 -2.475688577752E-11
AR GRAD 2024 06 19 02 00 50.000000 2   5.538727029103E-12 -2.387780945190E-11
AR GRAD 2024 06 19 02 01  0.000000 2   2.092177559671E-12  2.031267298461E-12
AR GRAD 2024 06 19 02 01 10.000000 2   9.327955075022E-12 -2.488966324710E-11
AR GRAD 2024 06 19 02 01 20.000000 2  -4.242276831472E-13 -1.807058669367E-11
AR GRAD 2024 06 19 02 01 30.000000 2   4.604379811451E-12 -1.773151590834E-11
AR GRAD 2024 06 19 02 01 40.000000 2   5.485512651754E-12 -2.762449340457E-12
AR GRAD 2024 06 19 02 01 50.000000 2   2.043877437088E-12  9.266615252912E-12
AR GRAD 2024 06 19 02 02  0.000000 2   2.338013463388E-12  9.145677271061E-12
AR GRAD 2024 06 19 02 02 10.000000 2   7.515501242172E-12  2.574735346803E-12
AR GRAD 2024 06 19 02 02 20.000000 2  -3.073781246893E-12 -7.986204579591E-12
AR GRAD 2024 06 19 02 02 30.000000 2   6.566587985174E-12 -8.671509148760E-13
AR GRAD 2024 06 19 02 02 40.000000 2   4.012472212128E-12 -1.613809953727E-11
AR GRAD 2024 06 19 02 02 50.000000 2   1.703091010233E-12  5.280949722658E-12
AR GRAD 2024 06 19 02 03  0.000000 2   5.753609394477E-12 -9.800045974381E-13
AR GRAD 2024 06 19 02 03 10.000000 2   3.641663359755E-12  1.237904136836E-11
AR GRAD 2024 06 19 02 03 20.000000 2   6.810330077656E-12  5.638082015147E-12
AR GRAD 2024 06 19 02 03 30.000000 2   5.188622101415E-12  1.247121112977E-12
AR GRAD 2024 06 19 02 03 40.000000 2   3.348736435718E-12  7.226159341039E-12
AR GRAD 2024 06 19 02 03 50.000000 2   6.027052988633E-12 -2.184809408043E-12
AR GRAD 2024 06 19 02 04  0.000000 2   4.343951847535E-12  5.494224433050E-12
AR GRAD 2024 06 19 02 04 10.000000 2   6.416951171817E-12 -6.367455391079E-13
AR GRAD 2024 06 19 02 04 20.000000 2   9.992076610565E-12  1.079227939654E-11
AR GRAD 2024 06 19 02 04 30.000000 2   2.289562419863E-12 -9.728697882017E-12
AR GRAD 2024 06 19 02 04 40.000000 2   5.517273703876E-12 -1.137967498011E-11
AR GRAD 2024 06 19 02 04 50.000000 2   1.446008894221E-12  2.344934142695E-11
AR GRAD 2024 06 19 02 05  0.000000 2   4.450465603684E-12  9.048360151420E-12
AR GRAD 2024 06 19 02 05 10.000000 2   2.312495681056E-12  7.447374314462E-12
AR GRAD 2024 06 19 02 05 20.000000 2   4.122799324158E-12 -2.733616718403E-12
AR GRAD 2024 06 19 02 05 30.000000 2   2.657960657126E-12 -9.084607198451E-12
AR GRAD 2024 06 19 02 05 40.000000 2   4.667747091625E-12 -8.355985174624E-13
AR GRAD 2024 06 19 02 05 50.000000 2   6.605442321589E-12  1.299340409572E-11
AR GRAD 2024 06 19 02 06  0.000000 2   1.320826694545E-11  1.029240408179E-11
AR GRAD 2024 06 19 02 06 10.000000 2   8.711186286203E-12  4.421405082333E-12
AR GRAD 2024 06 19 02 06 20.000000 2   6.653719242244E-12  8.170400987717E-12
AR GRAD 2024 06 19 02 06 30.000000 2   9.638088938058E-12 -8.720605834678E-12
AR GRAD 2024 06 19 02 06 40.000000 2   1.055509759457E-11  2.313838357026E-11
AR GRAD 2024 06 19 02 06 50.000000 2   5.221978665454E-12  1.105737203189E-11
AR GRAD 2024 06 19 02 07  0.000000 2   1.138298136305E-11  1.335636115596E-11
AR GRAD 2024 06 19 02 07 10.000000 2   8.830752969147E-12  1.180534142664E-11
AR GRAD 2024 06 19 02 07 20.000000 2   6.190362892428E-12  1.434432520681E-11
AR GRAD 2024 06 19 02 07 30.000000 2   1.188108205569E-11  9.733302705484E-12
AR GRAD 2024 06 19 02 07 40.000000 2   1.009199755014E-11 -3.977209186989E-13
AR GRAD 2024 06 19 02 07 50.000000 2   5.329794331571E-12  7.691251281694E-12
AR GRAD 2024 06 19 02 08  0.000000 2   1.318183930066E-11  2.369022165938E-11
AR GRAD 2024 06 19 02 08 10.000000 2   1.256883052497E-11  3.009190119307E-12
AR GRAD 2024 06 19 02 08 20.000000 2   1.127077511182E-11  2.273815510878E-11
AR GRAD 2024 06 19 02 08 30.000000 2   1.145942802455E-11  8.437119058957E-12
AR GRAD 2024 06 19 02 08 40.000000 2   1.008177308998E-11  2.362607852413E-11
AR GRAD 2024 06 19 02 08 50.000000 2   1.068392249670E-11  2.781503846694E-11
AR GRAD 2024 06 19 02 09  0.000000 2   1.325837009625E-11  9.653992882885E-12
AR GRAD 2024 06 19 02 09 10.000000 2   1.005002765037E-11  3.555294600388E-11
AR GRAD 2024 06 19 02 09 20.000000 2   1.083675250230E-11  2.811897849980E-12
AR GRAD 2024 06 19 02 09 30.000000 2   1.089984959929E-11  2.801084537929E-11
AR GRAD 2024 06 19 02 09 40.000000 2   1.295919795086E-11  1.266978882919E-11
AR GRAD 2024 06 19 02 09 50.000000 2   1.312025314781E-11  1.471873317671E-11
AR GRAD 2024 06 19 02 10  0.000000 2   9.318657824553E-12  2.001767328286E-11
AR GRAD 2024 06 19 02 10 10.000000 2   9.782392777768E-12  2.678661112365E-11
AR GRAD 2024 06 19 02 10 20.000000 2   1.259092483052E-11  1.359554829827E-11
AR GRAD 2024 06 19 02 10 30.000000 2   1.404098972507E-11  2.723448029596E-11
AR GRAD 2024 06 19 02 10 40.000000 2   7.314785929746E-12  2.836340884382E-11
AR GRAD 2024 06 19 02 10 50.000000 2   9.030077033345E-12  7.372338850509E-12
AR GRAD 2024 06 19 02 11  0.000000 2   1.402278380219E-11  1.977126101727E-11
AR GRAD 2024 06 19 02 11 10.000000 2   1.715434738703E-11  1.955018612276E-11
AR GRAD 2024 06 19 02 11 20.000000 2   1.379459827616E-11  3.714910670749E-11
AR GRAD 2024 06 19 02 11 30.000000 2   1.819046129004E-11  1.258802350551E-11
AR GRAD 2024 06 19 02 11 40.000000 2   1.219549114473E-11  2.977694132933E-11
AR GRAD 2024 06 19 02 11 50.000000 2   1.320135147032E-11  2.181584947414E-11
AR GRAD 2024 06 19 02 12  0.000000 2   1.366254158419E-11  1.978476063536E-11
AR GRAD 2024 06 19 02 12 10.000000 2   1.059532930142E-11  2.467366935766E-11
AR GRAD 2024 06 19 02 12 20.000000 2   1.490313775165E-11  2.558257425345E-11
AR GRAD 2024 06 19 02 12 30.000000 2   1.517213438218E-11  2.391147696512E-11
AR GRAD 2024 06 19 02 12 40.000000 2   1.196148301935E-11  2.501037571490E-11
AR GRAD 2024 06 19 02 12 50.000000 2   1.089522569386E-11  2.117927361267E-11
AR GRAD 2024 06 19 02 13  0.000000 2   1.035535632937E-11  2.535816868987E-11
AR GRAD 2024 06 19 02 13 10.000000 2   1.409693368981E-11  3.380706131706E-11
AR GRAD 2024 06 19 02 13 20.000000 2   1.183987456688E-11  2.231595117030E-11
AR GRAD 2024 06 19 02 13 30.000000 2   1.645701457054E-11  2.965483761330E-11
AR GRAD 2024 06 19 02 13 40.000000 2   1.270595954839E-11  1.581372185977E-11
AR GRAD 2024 06 19 02 13 50.000000 2   1.523871653863E-11  1.798260498842E-11
AR GRAD 2024 06 19 02 14  0.000000 2   1.294023048437E-11  4.300148778724E-11
AR GRAD 2024 06 19 02 14 10.000000 2   1.409515473089E-11  1.108036145475E-11
AR GRAD 2024 06 19 02 14 20.000000 2   9.368960468548E-12  3.004923740391E-11
AR GRAD 2024 06 19 02 14 30.000000 2   1.535832919175E-11  3.216810845474E-11
AR GRAD 2024 06 19 02 14 40.000000 2   1.616125636095E-11  7.866977902449E-12
AR GRAD 2024 06 19 02 14 50.000000 2   1.231865043999E-11  3.882584531656E-11
AR GRAD 2024 06 19 02 15  0.000000 2   1.819696129890E-11  1.274470806667E-11
AR GRAD 2024 06 19 02 15 10.000000 2   1.537820565334E-11  3.858357036646E-11
AR GRAD 2024 06 19 02 15 20.000000 2   2.034434773424E-11  2.171243046467E-11
AR GRAD 2024 06 19 02 15 30.000000 2   1.347096132559E-11  2.809128450687E-11
AR GRAD 2024 06 19 02 15 40.000000 2   1.634571297759E-11  2.643014106185E-11
AR GRAD 2024 06 19 02 15 50.000000 2   1.619400273600E-11  3.431899209261E-11
AR GRAD 2024 06 19 02 16  0.000000 2   1.359126960282E-11  2.436783934356E-11
AR GRAD 2024 06 19 02 16 10.000000 2   1.687571783704E-11  3.582669230728E-11
AR GRAD 2024 06 19 02 16 20.000000 2   1.575841714063E-11  2.632553029736E-11
AR GRAD 2024 06 19 02 16 30.000000 2   1.862808692021E-11  2.468437433623E-11
AR GRAD 2024 06 19 02 16 40.000000 2   1.624182559279E-11  2.414321173538E-11
AR GRAD 2024 06 19 02 16 50.000000 2   1.670525176523E-11  3.894205097277E-11
AR GRAD 2024 06 19 02 17  0.000000 2   1.760811288443E-11  1.375088324457E-11
AR GRAD 2024 06 19 02 17 10.000000 2   1.795106945035E-11  3.532971484810E-11
AR GRAD 2024 06 19 02 17 20.000000 2   2.227373840924E-11  3.816854471372E-11
AR GRAD 2024 06 19 02 17 30.000000 2   2.092344873750E-11  3.391737238290E-11
AR GRAD 2024 06 19 02 17 40.000000 2   1.861777225443E-11  1.829619442062E-11
AR GRAD 2024 06 19 02 17 50.000000 2   1.627570127283E-11  2.302501592166E-11
AR GRAD 2024 06 19 02 18  0.000000 2   1.972104944625E-11  4.711383366773E-11
AR GRAD 2024 06 19 02 18 10.000000 2   2.095635991128E-11  2.234265029932E-11
AR GRAD 2024 06 19 02 18 20.000000 2   1.665431161035E-11  5.331146982201E-11
AR GRAD 2024 06 19 02 18 30.000000 2   1.706603781904E-11  2.937027704375E-11
AR GRAD 2024 06 19 02 18 40.000000 2   2.032059590040E-11  8.079086011303E-12
AR GRAD 2024 06 19 02 18 50.000000 2   1.740600719113E-11  4.769789077597E-11
AR GRAD 2024 06 19 02 19  0.000000 2   2.146035432693E-11  3.479669677398E-11
AR GRAD 2024 06 19 02 19 10.000000 2   1.557664067176E-11  3.129549744352E-11
AR GRAD 2024 06 19 02 19 20.000000 2   2.008975451273E-11  3.491429714786E-11
AR GRAD 2024 06 19 02 19 30.000000 2   1.916661794554E-11  3.293309028263E-11
AR GRAD 2024 06 19 02 19 40.000000 2   2.965980586134E-11  4.167188816240E-11
AR GRAD 2024 06 19 02 19 50.000000 2   2.246083527502E-11  3.090067784983E-11
AR GRAD 2024 06 19 02 20  0.000000 2   1.566776569595E-11  3.533946399403E-11
AR GRAD 2024 06 19 02 20 10.000000 2   2.379579519540E-11  2.721825022312E-11
AR GRAD 2024 06 19 02 20 20.000000 2   2.553910208314E-11  4.873703524089E-11
AR GRAD 2024 06 19 02 20 30.000000 2   1.856094097863E-11  3.214581378863E-11
AR GRAD 2024 06 19 02 20 40.000000 2   2.057842438119E-11  3.092459274767E-11
AR GRAD 2024 06 19 02 20 50.000000 2   2.308469908285E-11  3.880336676976E-11
AR GRAD 2024 06 19 02 21  0.000000 2   2.718380728850E-11  4.423214225446E-11
AR GRAD 2024 06 19 02 21 10.000000 2   2.575048507758E-11  2.952091349151E-11
AR GRAD 2024 06 19 02 21 20.000000 2   2.008695293432E-11  3.509968010684E-11
AR GRAD 2024 06 19 02 21 30.000000 2   1.979837474519E-11  5.061844693399E-11
AR GRAD 2024 06 19 02 21 40.000000 2   2.659550531192E-11  3.000720852353E-11
AR GRAD 2024 06 19 02 21 50.000000 2   1.970218953262E-11  3.935596987192E-11
AR GRAD 2024 06 19 02 22  0.000000 2   2.444431115856E-11  4.317472768189E-11
AR GRAD 2024 06 19 02 22 10.000000 2   2.196989985770E-11  3.229348385925E-11
AR GRAD 2024 06 19 02 22 20.000000 2   1.901809786042E-11  3.823223682087E-11
AR GRAD 2024 06 19 02 22 30.000000 2   2.042577045003E-11  3.989098634749E-11
AR GRAD 2024 06 19 02 22 40.000000 2   1.846235664349E-11  4.587973403969E-11
AR GRAD 2024 06 19 02 22 50.000000 2   2.593242807991E-11  4.108847984075E-11
AR GRAD 2024 06 19 02 23  0.000000 2   2.449395200554E-11  2.641722257612E-11
AR GRAD 2024 06 19 02 23 10.000000 2   2.339313638633E-11  5.059596144830E-11
AR GRAD 2024 06 19 02 23 20.000000 2   2.216460175120E-11  3.022470121405E-11
AR GRAD 2024 06 19 02 23 30.000000 2   2.425944688189E-11  3.436343570806E-11
AR GRAD 2024 06 19 02 23 40.000000 2   2.230233185629E-11  5.132216873704E-11
AR GRAD 2024 06 19 02 23 50.000000 2   2.158275815012E-11  1.825089732121E-11
AR GRAD 2024 06 19 02 24  0.000000 2   2.829468603860E-11  4.709962628247E-11
AR GRAD 2024 06 19 02 24 10.000000 2   2.980448179923E-11  3.363835252013E-11
AR GRAD 2024 06 19 02 24 20.000000 2   2.591996582646E-11  4.773707470984E-11
AR GRAD 2024 06 19 02 24 30.000000 2   2.665128014112E-11  3.331579456756E-11
AR GRAD 2024 06 19 02 24 40.000000 2   2.708704441301E-11  3.029451342562E-11
AR GRAD 2024 06 19 02 24 50.000000 2   1.616964027951E-11  4.323322949640E-11
AR GRAD 2024 06 19 02 25  0.000000 2   2.803294228693E-11  4.466194081232E-11
AR GRAD 2024 06 19 02 25 10.000000 2   2.628244670511E-11  2.801064588609E-11
AR GRAD 2024 06 19 02 25 20.000000 2   2.744907079411E-11  3.772935783242E-11
AR GRAD 2024 06 19 02 25 30.000000 2   2.268446021303E-11  4.239806422612E-11
AR GRAD 2024 06 19 02 25 40.000000 2   1.994859138987E-11  4.843676154609E-11
AR GRAD 2024 06 19 02 25 50.000000 2   2.332051739218E-11  3.659546624069E-11
AR GRAD 2024 06 19 02 26  0.000000 2   2.967531081977E-11  4.287415908411E-11
AR GRAD 2024 06 19 02 26 10.000000 2   2.506451469986E-11  3.824285679799E-11
AR GRAD 2024 06 19 02 26 20.000000 2   2.871101273394E-11  5.378154865898E-11
AR GRAD 2024 06 19 02 26 30.000000 2   2.620253666819E-11  3.429023731627E-11
AR GRAD 2024 06 19 02 26 40.000000 2   3.028109707426E-11  4.608892434366E-11
AR GRAD 2024 06 19 02 26 50.000000 2   2.613582267275E-11  2.766760778816E-11
AR GRAD 2024 06 19 02 27  0.000000 2   3.227118572369E-11  3.833628900440E-11
AR GRAD 2024 06 19 02 27 10.000000 2   2.368547892539E-11  3.898497150101E-11
AR GRAD 2024 06 19 02 27 20.000000 2   2.746201877013E-11  3.377364707347E-11
AR GRAD 2024 06 19 02 27 30.000000 2   2.685846510475E-11  5.431232200093E-11
AR GRAD 2024 06 19 02 27 40.000000 2   2.535914360446E-11  4.370099421225E-11
AR GRAD 2024 06 19 02 27 50.000000 2   2.252526117019E-11  4.808966419523E-11
AR GRAD 2024 06 19 02 28  0.000000 2   2.501848034298E-11  5.251833343212E-11
AR GRAD 2024 06 19 02 28 10.000000 2   3.196984690867E-11  2.258699303981E-11
AR GRAD 2024 06 19 02 28 20.000000 2   2.576136873267E-11  4.011565385431E-11
AR GRAD 2024 06 19 02 28 30.000000 2   2.810382135343E-11  5.750431381069E-11
AR GRAD 2024 06 19 02 28 40.000000 2   2.596772970265E-11  3.063297532302E-11
AR GRAD 2024 06 19 02 28 50.000000 2   2.541874523365E-11  3.635162657001E-11
AR GRAD 2024 06 19 02 29  0.000000 2   2.828579905023E-11  6.218027481797E-11
AR GRAD 2024 06 19 02 29 10.000000 2   2.459077386163E-11  4.842892753487E-11
AR GRAD 2024 06 19 02 29 20.000000 2   3.410123919356E-11  3.674757720340E-11
AR GRAD 2024 06 19 02 29 30.000000 2   2.718072468488E-11  3.428621969670E-11
AR GRAD 2024 06 19 02 29 40.000000 2   2.646489798142E-11  4.938486078410E-11
AR GRAD 2024 06 19 02 29 50.000000 2   2.366707697876E-11  3.946349844131E-11
AR GRAD 2024 06 19 02 30  0.000000 2   2.852598712799E-11  5.237213440701E-11
AR GRAD 2024 06 19 02 30 10.000000 2   2.811203353437E-11  2.212076702368E-11
AR GRAD 2024 06 19 02 30 20.000000 2   2.896993929469E-11  4.778940090877E-11
AR GRAD 2024 06 19 02 30 30.000000 2   2.870887728934E-11  3.614802901453E-11
AR GRAD 2024 06 19 02 30 40.000000 2   3.511113969012E-11  4.608665879480E-11
AR GRAD 2024 06 19 02 30 50.000000 2   2.765803731875E-11  4.584527896201E-11
AR GRAD 2024 06 19 02 31  0.000000 2   3.130679396279E-11  3.901390321914E-11
AR GRAD 2024 06 19 02 31 10.000000 2   2.867230237957E-11  3.617251984056E-11
AR GRAD 2024 06 19 02 31 20.000000 2   2.541986933446E-11  4.963113600653E-11
AR GRAD 2024 06 19 02 31 30.000000 2   2.548893908438E-11  4.313974871772E-11
AR GRAD 2024 06 19 02 31 40.000000 2   2.388554111443E-11  6.120835782664E-11
AR GRAD 2024 06 19 02 31 50.000000 2   2.514382105301E-11  2.819696733047E-11
AR GRAD 2024 06 19 02 32  0.000000 2   3.203388596051E-11  5.092557625597E-11
AR GRAD 2024 06 19 02 32 10.000000 2   2.677185730049E-11  3.847417870406E-11
AR GRAD 2024 06 19 02 32 20.000000 2   3.138203932829E-11  4.284278140587E-11
AR GRAD 2024 06 19 02 32 30.000000 2   2.913185317976E-11  4.061137537370E-11
AR GRAD 2024 06 19 02 32 40.000000 2   2.996893011531E-11  3.816997412587E-11
AR GRAD 2024 06 19 02 32 50.000000 2   3.032156817295E-11  4.087856789181E-11
AR GRAD 2024 06 19 02 33  0.000000 2   3.341225213171E-11  5.207715855771E-11
AR GRAD 2024 06 19 02 33 10.000000 2   3.151818736558E-11  3.228574699254E-11
AR GRAD 2024 06 19 02 33 20.000000 2   3.171134882463E-11  4.991433308343E-11
AR GRAD 2024 06 19 02 33 30.000000 2   2.716296458594E-11  4.158291766476E-11
AR GRAD 2024 06 19 02 33 40.000000 2   2.828907767760E-11  5.501149882847E-11
AR GRAD 2024 06 19 02 33 50.000000 2   3.282418434281E-11  3.137007320575E-11
AR GRAD 2024 06 19 02 34  0.000000 2   3.043428356553E-11  4.916865178894E-11
AR GRAD 2024 06 19 02 34 10.000000 2   3.114371260882E-11  3.266722309325E-11
AR GRAD 2024 06 19 02 34 20.000000 2   2.955151748307E-11  5.821579329712E-11
AR GRAD 2024 06 19 02 34 30.000000 2   3.460134609390E-11  4.738436032437E-11
AR GRAD 2024 06 19 02 34 40.000000 2   2.998051459868E-11  5.003292918859E-11
AR GRAD 2024 06 19 02 34 50.000000 2   2.682510290286E-11  3.955149055490E-11
AR GRAD 2024 06 19 02 35  0.000000 2   2.798345756505E-11  4.663005398475E-11
AR GRAD 2024 06 19 02 35 10.000000 2   2.486783522160E-11  4.164860817335E-11
AR GRAD 2024 06 19 02 35 20.000000 2   2.919424424430E-11  4.196716585358E-11
AR GRAD 2024 06 19 02 35 30.000000 2   2.323772424484E-11  4.898571825951E-11
AR GRAD 2024 06 19 02 35 40.000000 2   3.094866724007E-11  4.062426783857E-11
AR GRAD 2024 06 19 02 35 50.000000 2   2.805351090318E-11  5.452281681695E-11
AR GRAD 2024 06 19 02 36  0.000000 2   2.927895773053E-11  3.641136350763E-11
AR GRAD 2024 06 19 02 36 10.000000 2   2.929658599049E-11  4.470990591643E-11
AR GRAD 2024 06 19 02 36 20.000000 2   2.727304146410E-11  4.616844753724E-11
AR GRAD 2024 06 19 02 36 30.000000 2   2.908667751100E-11  3.433698117505E-11
AR GRAD 2024 06 19 02 36 40.000000 2   2.802699045068E-11  4.683551463325E-11
AR GRAD 2024 06 19 02 36 50.000000 2   2.666345789992E-11  4.462404751271E-11
AR GRAD 2024 06 19 02 37  0.000000 2   2.490739212102E-11  4.304258338639E-11
AR GRAD 2024 06 19 02 37 10.000000 2   3.056565070492E-11  4.238110556942E-11
AR GRAD 2024 06 19 02 37 20.000000 2   2.519065685214E-11  3.555963509760E-11
AR GRAD 2024 06 19 02 37 30.000000 2   2.774414205320E-11  5.120815577131E-11
AR GRAD 2024 06 19 02 37 40.000000 2   3.130313022681E-11  4.162667432972E-11
AR GRAD 2024 06 19 02 37 50.000000 2   3.169263462777E-11  4.193519143048E-11
AR GRAD 2024 06 19 02 38  0.000000 2   2.212960197034E-11  4.324370722619E-11
AR GRAD 2024 06 19 02 38 10.000000 2   3.035764001291E-11  4.260222036256E-11
AR GRAD 2024 06 19 02 38 20.000000 2   2.431218941445E-11  5.003072955923E-11
AR GRAD 2024 06 19 02 38 30.000000 2   3.044572233213E-11  4.161923583546E-11
AR GRAD 2024 06 19 02 38 40.000000 2   3.064817150067E-11  3.479774107751E-11
AR GRAD 2024 06 19 02 38 50.000000 2   2.809603764919E-11  4.220624544304E-11
AR GRAD 2024 06 19 02 39  0.000000 2   2.676818662561E-11  3.318474661729E-11
AR GRAD 2024 06 19 02 39 10.000000 2   2.536757783000E-11  5.502323943696E-11
AR GRAD 2024 06 19 02 39 20.000000 2   2.959893441457E-11  3.868173489852E-11
AR GRAD 2024 06 19 02 39 30.000000 2   2.612560862092E-11  3.404022549947E-11
AR GRAD 2024 06 19 02 39 40.000000 2   2.921599420724E-11  4.003871539870E-11
AR GRAD 2024 06 19 02 39 50.000000 2   2.787807137916E-11  4.287720525853E-11
AR GRAD 2024 06 19 02 40  0.000000 2   2.239081142719E-11  4.526569050145E-11
AR GRAD 2024 06 19 02 40 10.000000 2   2.267751438023E-11  3.362417289043E-11
AR GRAD 2024 06 19 02 40 20.000000 2   2.374099181135E-11  4.229264854994E-11
AR GRAD 2024 06 19 02 40 30.000000 2   2.885993874435E-11  3.095112707796E-11
AR GRAD 2024 06 19 02 40 40.000000 2   2.529293788300E-11  5.076960379879E-11
AR GRAD 2024 06 19 02 40 50.000000 2   3.119240282734E-11  4.991806967780E-11
AR GRAD 2024 06 19 02 41  0.000000 2   1.883015444959E-11  3.122654218535E-11
AR GRAD 2024 06 19 02 41 10.000000 2   2.078411921735E-11  3.298500708682E-11
AR GRAD 2024 06 19 02 41 20.000000 2   2.522508590896E-11  3.791347097382E-11
AR GRAD 2024 06 19 02 41 30.000000 2   2.365541096339E-11  2.704193466374E-11
AR GRAD 2024 06 19 02 41 40.000000 2   2.508086967279E-11  3.813039467504E-11
AR GRAD 2024 06 19 02 41 50.000000 2   2.434335198698E-11  5.084885290607E-11
AR GRAD 2024 06 19 02 42  0.000000 2   2.277060658085E-11  4.039730355787E-11
AR GRAD 2024 06 19 02 42 10.000000 2   1.868543687833E-11  3.378575544333E-11
AR GRAD 2024 06 19 02 42 20.000000 2   2.479753728746E-11  4.026420863390E-11
AR GRAD 2024 06 19 02 42 30.000000 2   2.056088459212E-11  4.354265212281E-11
AR GRAD 2024 06 19 02 42 40.000000 2   2.315607254555E-11  2.879109277376E-11
AR GRAD 2024 06 19 02 42 50.000000 2   1.831478371739E-11  5.144953907354E-11
AR GRAD 2024 06 19 02 43  0.000000 2   1.533473868720E-11  3.444797572194E-11
AR GRAD 2024 06 19 02 43 10.000000 2   1.881844159668E-11  1.681641284557E-11
AR GRAD 2024 06 19 02 43 20.000000 2   2.018072167709E-11  4.729484859300E-11
AR GRAD 2024 06 19 02 43 30.000000 2   1.391774022419E-11  4.677327622438E-11
AR GRAD 2024 06 19 02 43 40.000000 2   1.658473358646E-11  3.892170613584E-11
AR GRAD 2024 06 19 02 43 50.000000 2   2.087397095452E-11  3.464013451082E-11
AR GRAD 2024 06 19 02 44  0.000000 2   1.246749925521E-11  2.526855460983E-11
AR GRAD 2024 06 19 02 44 10.000000 2   2.015374152287E-11  5.560698082552E-11
AR GRAD 2024 06 19 02 44 20.000000 2   2.020678763204E-11  3.465539660796E-11
AR GRAD 2024 06 19 02 44 30.000000 2   9.994060266860E-12  3.149381103129E-11
AR GRAD 2024 06 19 02 44 40.000000 2   2.177772198686E-11  3.914222418411E-11
AR GRAD 2024 06 19 02 44 50.000000 2   1.351215493661E-11  2.357063502711E-11
AR GRAD 2024 06 19 02 45  0.000000 2   9.246786496220E-12  4.477904852473E-11
AR GRAD 2024 06 19 02 45 10.000000 2   1.821994291551E-11  3.214745136759E-11
AR GRAD 2024 06 19 02 45 20.000000 2   1.383404328592E-11  4.594585475970E-11
AR GRAD 2024 06 19 02 45 30.000000 2   1.103558650711E-11  3.489425762226E-11
AR GRAD 2024 06 19 02 45 40.000000 2   1.318034830583E-11  1.389265265328E-11
AR GRAD 2024 06 19 02 45 50.000000 2   1.422470041063E-11  4.685105081670E-11
AR GRAD 2024 06 19 02 46  0.000000 2   1.739149449453E-11  5.193944579984E-11
AR GRAD 2024 06 19 02 46 10.000000 2   9.447988398581E-12  3.810783286151E-11
AR GRAD 2024 06 19 02 46 20.000000 2   1.252432012266E-11  2.511622333723E-11
AR GRAD 2024 06 19 02 46 30.000000 2   1.753989661846E-11  3.086460947932E-11
AR GRAD 2024 06 19 02 46 40.000000 2   1.333469359238E-11  3.838299122982E-11
AR GRAD 2024 06 19 02 46 50.000000 2   1.231524257572E-11  2.638136931132E-11
AR GRAD 2024 06 19 02 47  0.000000 2   1.045872936867E-11  5.399975258613E-11
AR GRAD 2024 06 19 02 47 10.000000 2   1.252212569747E-11  2.673812386778E-11
AR GRAD 2024 06 19 02 47 20.000000 2   1.317898481318E-11  3.000650075635E-11
AR GRAD 2024 06 19 02 47 30.000000 2   1.087273500400E-11  4.092486766138E-11
AR GRAD 2024 06 19 02 47 40.000000 2   1.339311907905E-11  2.786323602399E-11
AR GRAD 2024 06 19 02 47 50.000000 2   6.383660093590E-12  3.215160429559E-11
AR GRAD 2024 06 19 02 48  0.000000 2   1.669662498538E-11  3.867996548057E-11
AR GRAD 2024 06 19 02 48 10.000000 2   9.874494451279E-12  4.594832500593E-11
AR GRAD 2024 06 19 02 48 20.000000 2   1.212598597922E-11  3.944668550138E-11
AR GRAD 2024 06 19 02 48 30.000000 2   1.226751773081E-11  2.689503827980E-11
AR GRAD 2024 06 19 02 48 40.000000 2   9.991651603314E-12  3.579339255544E-11
AR GRAD 2024 06 19 02 48 50.000000 2   1.051129409207E-11  3.714174107161E-11
AR GRAD 2024 06 19 02 49  0.000000 2   1.050340717179E-11  3.646008842062E-11
AR GRAD 2024 06 19 02 49 10.000000 2   9.455622916599E-12  2.373843482895E-11
AR GRAD 2024 06 19 02 49 20.000000 2   6.986002488302E-12  3.696677686182E-11
AR GRAD 2024 06 19 02 49 30.000000 2   5.870627768634E-12  4.150511878631E-11
AR GRAD 2024 06 19 02 49 40.000000 2   1.323797148289E-11  4.653345764272E-11
AR GRAD 2024 06 19 02 49 50.000000 2   3.505377845631E-12  2.207178884106E-11
AR GRAD 2024 06 19 02 50  0.000000 2   6.554908959372E-12  3.677012166969E-11
AR GRAD 2024 06 19 02 50 10.000000 2   2.988308385465E-12  1.299845214103E-11
AR GRAD 2024 06 19 02 50 20.000000 2   5.851770457088E-12  2.761678039032E-11
AR GRAD 2024 06 19 02 50 30.000000 2   2.839513346675E-12  4.302510778209E-11
AR GRAD 2024 06 19 02 50 40.000000 2   5.254616620293E-12  2.512342590910E-11
AR GRAD 2024 06 19 02 50 50.000000 2   7.954558886580E-12  3.074174942386E-11
AR GRAD 2024 06 19 02 51  0.000000 2   1.279314761765E-12  3.824006389319E-11
AR GRAD 2024 06 19 02 51 10.000000 2   9.633709628643E-12  3.601837925138E-11
AR GRAD 2024 06 19 02 51 20.000000 2  -1.192607427744E-12  3.099669132478E-11
AR GRAD 2024 06 19 02 51 30.000000 2   3.004368455406E-12  2.818500120794E-11
AR GRAD 2024 06 19 02 51 40.000000 2  -2.100776583941E-12  3.344330715138E-11
AR GRAD 2024 06 19 02 51 50.000000 2   3.069439667713E-12  3.326161568395E-11
AR GRAD 2024 06 19 02 52  0.000000 2  -3.578576887944E-12  2.431991413809E-11
AR GRAD 2024 06 19 02 52 10.000000 2   4.237886083724E-12  3.722821703689E-11
AR GRAD 2024 06 19 02 52 20.000000 2  -4.511483200909E-12  3.402651424511E-11
AR GRAD 2024 06 19 02 52 30.000000 2   2.805457472235E-12  3.762480604852E-11
AR GRAD 2024 06 19 02 52 40.000000 2  -4.440219025792E-12  1.115309927746E-11
AR GRAD 2024 06 19 02 52 50.000000 2  -4.368935335036E-12  3.703138837241E-11
AR GRAD 2024 06 19 02 53  0.000000 2  -6.576292028299E-12  1.837967451845E-11
AR GRAD 2024 06 19 02 53 10.000000 2  -4.806820740055E-12  1.854795830813E-11
AR GRAD 2024 06 19 02 53 20.000000 2  -9.058540376139E-12  5.702624136794E-11
AR GRAD 2024 06 19 02 53 30.000000 2  -6.745257997987E-12  3.242452140118E-11
AR GRAD 2024 06 19 02 53 40.000000 2  -4.497996159564E-12  1.866279700224E-11
AR GRAD 2024 06 19 02 53 50.000000 2  -4.103454121634E-12  3.240107140923E-11
AR GRAD 2024 06 19 02 54  0.000000 2  -6.336267014545E-12  2.583934108347E-11
AR GRAD 2024 06 19 02 54 10.000000 2  -2.482306677917E-12  2.964761422475E-11
AR GRAD 2024 06 19 02 54 20.000000 2  -8.194707933062E-12  2.044587936456E-11
AR GRAD 2024 06 19 02 54 30.000000 2  -8.318062384716E-12  2.885414303322E-11
AR GRAD 2024 06 19 02 54 40.000000 2   4.233481620819E-12  3.479240506810E-11
AR GRAD 2024 06 19 02 54 50.000000 2  -3.912073356233E-12  2.745066500498E-11
AR GRAD 2024 06 19 02 55  0.000000 2  -5.350567211515E-12  1.967891995192E-11
AR GRAD 2024 06 19 02 55 10.000000 2  -6.927401794560E-12  2.621717426488E-11
AR GRAD 2024 06 19 02 55 20.000000 2  -3.843689960498E-13  3.818542704259E-11
AR GRAD 2024 06 19 02 55 30.000000 2  -6.167919473776E-12  2.395367411367E-11
AR GRAD 2024 06 19 02 55 40.000000 2  -4.996606427221E-12  3.379192065056E-11
AR GRAD 2024 06 19 02 55 50.000000 2  -9.678592996498E-12  2.506016401338E-11
AR GRAD 2024 06 19 02 56  0.000000 2  -3.679311195992E-12  3.084841063150E-11
AR GRAD 2024 06 19 02 56 10.000000 2  -1.017990032548E-11  3.392664621460E-11
AR GRAD 2024 06 19 02 56 20.000000 2  -2.685220101828E-12  2.077488181484E-11
AR GRAD 2024 06 19 02 56 30.000000 2  -5.413381982261E-12  1.773311358866E-11
AR GRAD 2024 06 19 02 56 40.000000 2  -7.208858076452E-12  1.703134681896E-11
AR GRAD 2024 06 19 02 56 50.000000 2  -2.065434195203E-12  1.902957305622E-11
AR GRAD 2024 06 19 02 57  0.000000 2  -1.137002384605E-11  3.060780101594E-11
AR GRAD 2024 06 19 02 57 10.000000 2  -7.613791541683E-12  1.745602447312E-11
AR GRAD 2024 06 19 02 57 20.000000 2  -1.347397280554E-11  2.169424535847E-11
AR GRAD 2024 06 19 02 57 30.000000 2  -4.864253964898E-12  1.655246426036E-11
AR GRAD 2024 06 19 02 57 40.000000 2  -6.499657582981E-12  2.446068000928E-11
AR GRAD 2024 06 19 02 57 50.000000 2  -7.939715725158E-12  1.786889212985E-11
AR GRAD 2024 06 19 02 58  0.000000 2  -8.901895713620E-12  2.722710425174E-11
AR GRAD 2024 06 19 02 58 10.000000 2  -6.546026307813E-12  1.656531335714E-11
AR GRAD 2024 06 19 02 58 20.000000 2  -7.711871939653E-12  1.941351940316E-11
AR GRAD 2024 06 19 02 58 30.000000 2  -6.419260522444E-12  1.883172263961E-11
AR GRAD 2024 06 19 02 58 40.000000 2  -8.975628400243E-12  3.136992401953E-11
AR GRAD 2024 06 19 02 58 50.000000 2  -3.453878025597E-12  1.108812087286E-11
AR GRAD 2024 06 19 02 59  0.000000 2  -1.377673929798E-11  1.286631825387E-11
AR GRAD 2024 06 19 02 59 10.000000 2  -1.571922279842E-11  9.734510073023E-12
AR GRAD 2024 06 19 02 59 20.000000 2  -1.447948792116E-11  1.903270076264E-11
AR GRAD 2024 06 19 02 59 30.000000 2  -1.481611361376E-11  1.337089119979E-11
AR GRAD 2024 06 19 02 59 40.000000 2  -1.481209599419E-11  1.277907640818E-11
AR GRAD 2024 06 19 02 59 50.000000 2  -1.255825044649E-11 -1.312739847381E-12
AR GRAD 2024 06 19 03 00  0.000000 2  -1.245752806467E-11  2.393543870050E-11
AR GRAD 2024 06 19 03 00 10.000000 2  -1.852167030858E-11  1.141361657964E-11
AR GRAD 2024 06 19 03 00 20.000000 2  -1.450420946542E-11  2.029179255181E-11
AR GRAD 2024 06 19 03 00 30.000000 2  -2.150618745589E-11  3.969967150158E-12
AR GRAD 2024 06 19 03 00 40.000000 2  -1.874731619944E-11  1.490813548999E-11
AR GRAD 2024 06 19 03 00 50.000000 2  -1.653127808254E-11  7.886304456695E-12
AR GRAD 2024 06 19 03 01  0.000000 2  -1.606213773098E-11  1.263446985922E-11
AR GRAD 2024 06 19 03 01 10.000000 2  -1.880713293434E-11  9.872632225627E-12
AR GRAD 2024 06 19 03 01 20.000000 2  -1.184933227927E-11  9.514926173348E-12
AR GRAD 2024 06 19 03 01 30.000000 2  -2.231595984392E-11  9.157217518985E-12
AR GRAD 2024 06 19 03 01 40.000000 2  -1.536239885302E-11  8.799505395174E-12
AR GRAD 2024 06 19 03 01 50.000000 2  -1.733012518212E-11  8.441793271363E-12
AR GRAD 2024 06 19 03 02  0.000000 2  -2.082901906508E-11  8.084077678105E-12
AR GRAD 2024 06 19 03 02 10.000000 2  -2.211820830655E-11  7.726361217486E-12
AR GRAD 2024 06 19 03 02 20.000000 2  -2.179201784303E-11  7.368637817973E-12
AR GRAD 2024 06 19 03 02 30.000000 2  -1.544843766799E-11  7.010913984778E-12
AR GRAD 2024 06 19 03 02 40.000000 2  -2.191413196739E-11  6.653190151584E-12
AR GRAD 2024 06 19 03 02 50.000000 2  -2.580310271005E-11  6.295458945815E-12
AR GRAD 2024 06 19 03 03  0.000000 2  -2.228607229315E-11  5.937731209493E-12
AR GRAD 2024 06 19 03 03 10.000000 2  -1.829324712543E-11  5.579996100596E-12
AR GRAD 2024 06 19 03 03 20.000000 2  -1.700825244533E-11  5.222260558019E-12
AR GRAD 2024 06 19 03 03 30.000000 2  -2.990196631969E-11  4.864521545994E-12
AR GRAD 2024 06 19 03 03 40.000000 2  -1.788468852182E-11  4.506778630842E-12
AR GRAD 2024 06 19 03 03 50.000000 2  -2.364299554747E-11  4.149035715689E-12
AR GRAD 2024 06 19 03 04  0.000000 2  -1.759256976208E-11  3.791288897409E-12
AR GRAD 2024 06 19 03 04 10.000000 2  -2.011112283651E-11  3.433541862288E-12
AR GRAD 2024 06 19 03 04 20.000000 2  -1.720115716530E-11  3.075791140880E-12
AR GRAD 2024 06 19 03 04 30.000000 2  -1.765608319271E-11  2.718036516344E-12
AR GRAD 2024 06 19 03 04 40.000000 2  -1.872128493896E-11  2.360278205521E-12
AR GRAD 2024 06 19 03 04 50.000000 2  -2.609709150170E-11  2.002519677857E-12
