 2.00 C RINEX VERSION / TYPE
 10.00 INTERVAL
 1 AR # / TYPES OF DATA
 END OF HEADER
AR GRAD 2024 06 08 01 05  0.000000 2   2.052583623902E-11  5.753840459644E-11
AR GRAD 2024 06 08 01 05 10.000000 2   3.078866328554E-11  2.768356203997E-11
AR GRAD 2024 06 08 01 05 20.000000 2   2.283384939461E-11  4.359872185500E-11
AR GRAD 2024 06 08 01 05 30.000000 2   2.832406011122E-11  4.310387463624E-11
AR GRAD 2024 06 08 01 05 40.000000 2   2.680481010764E-11  5.397902611004E-11
AR GRAD 2024 06 08 01 05 50.000000 2   2.281966282602E-11  3.235417142533E-11
AR GRAD 2024 06 08 01 06  0.000000 2   2.761770846738E-11  4.480931944939E-11
AR GRAD 2024 06 08 01 06 10.000000 2   2.007335790644E-11  6.385444950574E-11
AR GRAD 2024 06 08 01 06 20.000000 2   2.686124239704E-11  3.205959109298E-11
AR GRAD 2024 06 08 01 06 30.000000 2   2.577808452808E-11  5.131472330389E-11
AR GRAD 2024 06 08 01 06 40.000000 2   3.756076005779E-11  3.803985598738E-11
AR GRAD 2024 06 08 01 06 50.000000 2   2.223836392812E-11  4.512498014142E-11
AR GRAD 2024 06 08 01 07  0.000000 2   2.561633197229E-11  4.851010565465E-11
AR GRAD 2024 06 08 01 07 10.000000 2   2.756376550617E-11  4.699522368479E-11
AR GRAD 2024 06 08 01 07 20.000000 2   2.288423443797E-11  4.891033758558E-11
AR GRAD 2024 06 08 01 07 30.000000 2   3.032619641519E-11  4.160545172271E-11
AR GRAD 2024 06 08 01 07 40.000000 2   2.704523757724E-11  3.970055881264E-11
AR GRAD 2024 06 08 01 07 50.000000 2   2.839384803666E-11  5.228566538062E-11
AR GRAD 2024 06 08 01 08  0.000000 2   2.516887913362E-11  3.652077251726E-11
AR GRAD 2024 06 08 01 08 10.000000 2   2.617062296040E-11  4.665586667008E-11
AR GRAD 2024 06 08 01 08 20.000000 2   2.682863133041E-11  5.017096113558E-11
AR GRAD 2024 06 08 01 08 30.000000 2   2.455563183346E-11  4.739605583004E-11
AR GRAD 2024 06 08 01 08 40.000000 2   3.358916270124E-11  4.921114210577E-11
AR GRAD 2024 06 08 01 08 50.000000 2   2.912418223255E-11  4.823623098171E-11
AR GRAD 2024 06 08 01 09  0.000000 2   2.415127473010E-11  4.618130877709E-11
AR GRAD 2024 06 08 01 09 10.000000 2   3.114374036439E-11  3.898638703537E-11
AR GRAD 2024 06 08 01 09 20.000000 2   2.986368097257E-11  4.627146235614E-11
AR GRAD 2024 06 08 01 09 30.000000 2   3.307779744555E-11  5.727653074050E-11
AR GRAD 2024 06 08 01 09 40.000000 2   3.008011548178E-11  4.113160159691E-11
AR GRAD 2024 06 08 01 09 50.000000 2   3.476853874251E-11  5.467666597259E-11
AR GRAD 2024 06 08 01 10  0.000000 2   2.724359453310E-11  5.951172193930E-11
AR GRAD 2024 06 08 01 10 10.000000 2   3.234865500468E-11  4.091678038054E-11
AR GRAD 2024 06 08 01 10 20.000000 2   3.587764460522E-11  5.395183605428E-11
AR GRAD 2024 06 08 01 10 30.000000 2   2.964899853408E-11  4.211688983680E-11
AR GRAD 2024 06 08 01 10 40.000000 2   3.031082329574E-11  4.686193447179E-11
AR GRAD 2024 06 08 01 10 50.000000 2   3.566314951686E-11  4.776697787312E-11
AR GRAD 2024 06 08 01 11  0.000000 2   3.367866055481E-11  4.712201809309E-11
AR GRAD 2024 06 08 01 11 10.000000 2   3.286760447141E-11  5.181705065027E-11
AR GRAD 2024 06 08 01 11 20.000000 2   3.425576836080E-11  5.164208644048E-11
AR GRAD 2024 06 08 01 11 30.000000 2   2.993965145248E-11  4.881711354598E-11
AR GRAD 2024 06 08 01 11 40.000000 2   2.963079087648E-11  4.604214232096E-11
AR GRAD 2024 06 08 01 11 50.000000 2   3.304809551019E-11  2.861716419389E-11
AR GRAD 2024 06 08 01 12  0.000000 2   3.187697328322E-11  5.886217901985E-11
AR GRAD 2024 06 08 01 12 10.000000 2   3.599892606232E-11  5.283719642368E-11
AR GRAD 2024 06 08 01 12 20.000000 2   2.942756802127E-11  6.511221423144E-11
AR GRAD 2024 06 08 01 12 30.000000 2   3.002365370208E-11  3.759722047580E-11
AR GRAD 2024 06 08 01 12 40.000000 2   3.037722851040E-11  6.318222334212E-11
AR GRAD 2024 06 08 01 12 50.000000 2   3.181894678295E-11  4.188722979581E-11
AR GRAD 2024 06 08 01 13  0.000000 2   2.810491075977E-11  4.258222593978E-11
AR GRAD 2024 06 08 01 13 10.000000 2   3.364133277506E-11  4.574721851336E-11
AR GRAD 2024 06 08 01 13 20.000000 2   3.816625834818E-11  4.920221521876E-11
AR GRAD 2024 06 08 01 13 30.000000 2   3.277043220118E-11  5.441719991284E-11
AR GRAD 2024 06 08 01 13 40.000000 2   3.075403126607E-11  6.024217930056E-11
AR GRAD 2024 06 08 01 13 50.000000 2   3.708260434832E-11  4.410716930581E-11
AR GRAD 2024 06 08 01 14  0.000000 2   3.284037972118E-11  5.007214434749E-11
AR GRAD 2024 06 08 01 14 10.000000 2   3.470811138495E-11  5.096711941377E-11
AR GRAD 2024 06 08 01 14 20.000000 2   3.443549612125E-11  5.414209011678E-11
AR GRAD 2024 06 08 01 14 30.000000 2   3.691442637677E-11  5.861705565380E-11
AR GRAD 2024 06 08 01 14 40.000000 2   3.166173226377E-11  5.319202023291E-11
AR GRAD 2024 06 08 01 14 50.000000 2   3.872747608713E-11  5.238698363996E-11
AR GRAD 2024 06 08 01 15  0.000000 2   2.904554548266E-11  5.424194080006E-11
AR GRAD 2024 06 08 01 15 10.000000 2   3.178987281749E-11  5.126689350821E-11
AR GRAD 2024 06 08 01 15 20.000000 2   3.105697643502E-11  5.738184233328E-11
AR GRAD 2024 06 08 01 15 30.000000 2   3.717552654603E-11  6.025678567223E-11
AR GRAD 2024 06 08 01 15 40.000000 2   3.647588481259E-11  3.978173346297E-11
AR GRAD 2024 06 08 01 15 50.000000 2   3.452111166369E-11  5.387667048606E-11
AR GRAD 2024 06 08 01 16  0.000000 2   3.015401123241E-11  4.924161078890E-11
AR GRAD 2024 06 08 01 16 10.000000 2   3.546725760306E-11  6.449653311424E-11
AR GRAD 2024 06 08 01 16 20.000000 2   3.330358905318E-11  4.825147226217E-11
AR GRAD 2024 06 08 01 16 30.000000 2   3.565694267627E-11  5.457639548623E-11
AR GRAD 2024 06 08 01 16 40.000000 2   3.687402119756E-11  6.169131178124E-11
AR GRAD 2024 06 08 01 16 50.000000 2   3.088032260457E-11  5.084623694307E-11
AR GRAD 2024 06 08 01 17  0.000000 2   4.031032452279E-11  5.050115534089E-11
AR GRAD 2024 06 08 01 17 10.000000 2   3.379962629224E-11  5.764606500480E-11
AR GRAD 2024 06 08 01 17 20.000000 2   2.907537752228E-11  6.433097110570E-11
AR GRAD 2024 06 08 01 17 30.000000 2   3.301429615798E-11  4.911587803136E-11
AR GRAD 2024 06 08 01 17 40.000000 2   3.261765510465E-11  4.877078255139E-11
AR GRAD 2024 06 08 01 17 50.000000 2   3.595444775240E-11  5.012567791396E-11
AR GRAD 2024 06 08 01 18  0.000000 2   3.366719750209E-11  4.337057102344E-11
AR GRAD 2024 06 08 01 18 10.000000 2   2.959419861948E-11  5.656546758770E-11
AR GRAD 2024 06 08 01 18 20.000000 2   3.367913933849E-11  3.876035603589E-11
AR GRAD 2024 06 08 01 18 30.000000 2   3.223614430947E-11  5.167523700611E-11
AR GRAD 2024 06 08 01 18 40.000000 2   3.180273058789E-11  3.741011667113E-11
AR GRAD 2024 06 08 01 18 50.000000 2   3.953446944815E-11  6.688499754048E-11
AR GRAD 2024 06 08 01 19  0.000000 2   2.911965113483E-11  4.392987015822E-11
AR GRAD 2024 06 08 01 19 10.000000 2   3.364506589998E-11  3.659474459572E-11
AR GRAD 2024 06 08 01 19 20.000000 2   3.293593522913E-11  5.083960682994E-11
AR GRAD 2024 06 08 01 19 30.000000 2   3.003312182281E-11  5.042447362436E-11
AR GRAD 2024 06 08 01 19 40.000000 2   3.614181523504E-11  4.174933315726E-11
AR GRAD 2024 06 08 01 19 50.000000 2   2.369262772084E-11  5.718418794043E-11
AR GRAD 2024 06 08 01 20  0.000000 2   3.166164552759E-11  6.441903954713E-11
AR GRAD 2024 06 08 01 20 10.000000 2   2.962713407939E-11  3.783389226908E-11
AR GRAD 2024 06 08 01 20 20.000000 2   3.315326138620E-11  4.157874045063E-11
AR GRAD 2024 06 08 01 20 30.000000 2   3.175759655250E-11  4.910358231136E-11
AR GRAD 2024 06 08 01 20 40.000000 2   3.136977136386E-11  4.352842392086E-11
AR GRAD 2024 06 08 01 20 50.000000 2   2.793634247544E-11  4.197325820243E-11
AR GRAD 2024 06 08 01 21  0.000000 2   3.364301545683E-11  4.881809193003E-11
AR GRAD 2024 06 08 01 21 10.000000 2   3.007958118695E-11  5.222292043250E-11
AR GRAD 2024 06 08 01 21 20.000000 2   3.273205664844E-11  2.578774346840E-11
AR GRAD 2024 06 08 01 21 30.000000 2   3.258409861373E-11  6.482256398321E-11
AR GRAD 2024 06 08 01 21 40.000000 2   3.381550595094E-11  6.346738412599E-11
AR GRAD 2024 06 08 01 21 50.000000 2   2.725765793632E-11  5.473220140995E-11
AR GRAD 2024 06 08 01 22  0.000000 2   2.757336026171E-11  4.617701360177E-11
AR GRAD 2024 06 08 01 22 10.000000 2   3.262380296465E-11  7.009181429707E-11
AR GRAD 2024 06 08 01 22 20.000000 2   2.239497823298E-11  3.788662786275E-11
AR GRAD 2024 06 08 01 22 30.000000 2   3.337208287491E-11  4.858142707564E-11
AR GRAD 2024 06 08 01 22 40.000000 2   3.548215540827E-11  4.324622951413E-11
AR GRAD 2024 06 08 01 22 50.000000 2   3.117385863338E-11  6.841101990451E-11
AR GRAD 2024 06 08 01 23  0.000000 2   3.625190425627E-11  6.041581124272E-11
AR GRAD 2024 06 08 01 23 10.000000 2   3.101629023061E-11  3.814060178797E-11
AR GRAD 2024 06 08 01 23 20.000000 2   2.536309530454E-11  2.560538413243E-11
AR GRAD 2024 06 08 01 23 30.000000 2   2.972089588327E-11  5.695016680463E-11
AR GRAD 2024 06 08 01 23 40.000000 2   2.447512331694E-11  5.372494463196E-11
AR GRAD 2024 06 08 01 23 50.000000 2   3.382032848220E-11  3.711971702236E-11
AR GRAD 2024 06 08 01 24  0.000000 2   3.583455754352E-11  6.536448465821E-11
AR GRAD 2024 06 08 01 24 10.000000 2   2.922200675881E-11  4.878925735641E-11
AR GRAD 2024 06 08 01 24 20.000000 2   2.690697144259E-11  5.488401746967E-11
AR GRAD 2024 06 08 01 24 30.000000 2   2.155158690398E-11  5.079877837821E-11
AR GRAD 2024 06 08 01 24 40.000000 2   3.142290941338E-11  5.703353761488E-11
AR GRAD 2024 06 08 01 24 50.000000 2   2.551145059093E-11  3.520828767423E-11
AR GRAD 2024 06 08 01 25  0.000000 2   3.058538491918E-11  4.708303885659E-11
AR GRAD 2024 06 08 01 25 10.000000 2   3.500878406615E-11  6.505778554766E-11
AR GRAD 2024 06 08 01 25 20.000000 2   2.865496034898E-11  5.486253118470E-11
AR GRAD 2024 06 08 01 25 30.000000 2   3.115567179246E-11  3.413726593071E-11
AR GRAD 2024 06 08 01 25 40.000000 2   2.543674992861E-11  5.024200153136E-11
AR GRAD 2024 06 08 01 25 50.000000 2   2.814926763905E-11  5.644673617411E-11
AR GRAD 2024 06 08 01 26  0.000000 2   2.755709375968E-11  5.187146198682E-11
AR GRAD 2024 06 08 01 26 10.000000 2   2.461721278213E-11  4.898619010429E-11
AR GRAD 2024 06 08 01 26 20.000000 2   2.630720641328E-11  6.535090524284E-11
AR GRAD 2024 06 08 01 26 30.000000 2   2.561212353314E-11  2.152562850188E-11
AR GRAD 2024 06 08 01 26 40.000000 2   2.575818378037E-11  5.823034415764E-11
AR GRAD 2024 06 08 01 26 50.000000 2   2.316201050401E-11  5.633505814617E-11
AR GRAD 2024 06 08 01 27  0.000000 2   2.253223128912E-11  4.322976698834E-11
AR GRAD 2024 06 08 01 27 10.000000 2   2.715858961333E-11  6.174446370855E-11
AR GRAD 2024 06 08 01 27 20.000000 2   2.093673671932E-11  4.554917554245E-11
AR GRAD 2024 06 08 01 27 30.000000 2   1.921078400524E-11  4.066387157553E-11
AR GRAD 2024 06 08 01 27 40.000000 2   2.122298344009E-11  3.857856395451E-11
AR GRAD 2024 06 08 01 27 50.000000 2   1.923611790688E-11  6.772325061855E-11
AR GRAD 2024 06 08 01 28  0.000000 2   2.544671764970E-11  3.678794421869E-11
AR GRAD 2024 06 08 01 28 10.000000 2   1.958970312355E-11  5.635262742554E-11
AR GRAD 2024 06 08 01 28 20.000000 2   2.202775635507E-11  5.073731018657E-11
AR GRAD 2024 06 08 01 28 30.000000 2   2.671067013404E-11  5.727198576500E-11
AR GRAD 2024 06 08 01 28 40.000000 2   3.032065223896E-11  4.099666092716E-11
AR GRAD 2024 06 08 01 28 50.000000 2   2.766128472109E-11  5.083132872952E-11
AR GRAD 2024 06 08 01 29  0.000000 2   2.180010165442E-11  3.775599624611E-11
AR GRAD 2024 06 08 01 29 10.000000 2   1.819257418323E-11  4.547066195792E-11
AR GRAD 2024 06 08 01 29 20.000000 2   2.799407407272E-11  4.350532087360E-11
AR GRAD 2024 06 08 01 29 30.000000 2   1.541518822312E-11  3.443997517727E-11
AR GRAD 2024 06 08 01 29 40.000000 2   2.587618314065E-11  2.764462790628E-11
AR GRAD 2024 06 08 01 29 50.000000 2   2.149985398048E-11  5.433927960374E-11
AR GRAD 2024 06 08 01 30  0.000000 2   1.715827306625E-11  5.706392650073E-11
AR GRAD 2024 06 08 01 30 10.000000 2   1.472136301750E-11  3.329856876344E-11
AR GRAD 2024 06 08 01 30 20.000000 2   1.623898931991E-11  4.061320724169E-11
AR GRAD 2024 06 08 01 30 30.000000 2   2.303879136079E-11  4.349784074598E-11
AR GRAD 2024 06 08 01 30 40.000000 2   2.272545866766E-11  5.330247354607E-11
AR GRAD 2024 06 08 01 30 50.000000 2   1.781695103953E-11  4.713710324844E-11
AR GRAD 2024 06 08 01 31  0.000000 2   2.227269930988E-11  5.407172973260E-11
AR GRAD 2024 06 08 01 31 10.000000 2   1.492363350952E-11  3.338635271022E-11
AR GRAD 2024 06 08 01 31 20.000000 2   1.028969357636E-11  4.946097004188E-11
AR GRAD 2024 06 08 01 31 30.000000 2   1.639357573302E-11  4.999558753105E-11
AR GRAD 2024 06 08 01 31 40.000000 2   2.046753218299E-11  3.223019767740E-11
AR GRAD 2024 06 08 01 31 50.000000 2   2.067288180918E-11  4.177480236733E-11
AR GRAD 2024 06 08 01 32  0.000000 2   2.144371659407E-11  4.342940937430E-11
AR GRAD 2024 06 08 01 32 10.000000 2   1.670395592679E-11  2.344400888699E-11
AR GRAD 2024 06 08 01 32 20.000000 2   1.820715453404E-11  5.234860808723E-11
AR GRAD 2024 06 08 01 32 30.000000 2   1.467792207221E-11  3.263320169644E-11
AR GRAD 2024 06 08 01 32 40.000000 2   7.889039248254E-12  3.499779285820E-11
AR GRAD 2024 06 08 01 32 50.000000 2   1.717495763665E-11  3.992238137296E-11
AR GRAD 2024 06 08 01 33  0.000000 2   2.028286046063E-11  2.502696314077E-11
AR GRAD 2024 06 08 01 33 10.000000 2   1.125602649282E-11  4.505154582723E-11
AR GRAD 2024 06 08 01 33 20.000000 2   9.614425575122E-12  4.782612153531E-11
AR GRAD 2024 06 08 01 33 30.000000 2   6.342366302287E-12  2.215069447309E-11
AR GRAD 2024 06 08 01 33 40.000000 2   1.371952204621E-11  2.774526441929E-11
AR GRAD 2024 06 08 01 33 50.000000 2   2.946021464972E-12  4.547983517567E-11
AR GRAD 2024 06 08 01 34  0.000000 2   6.800298605475E-12  4.413439405604E-11
AR GRAD 2024 06 08 01 34 10.000000 2   8.642930121594E-12  5.498895436218E-11
AR GRAD 2024 06 08 01 34 20.000000 2   8.587715608077E-12  3.017351299373E-11
AR GRAD 2024 06 08 01 34 30.000000 2  -2.099818582901E-12  3.782806359820E-11
AR GRAD 2024 06 08 01 34 40.000000 2   1.055810907452E-11  4.297261504971E-11
AR GRAD 2024 06 08 01 34 50.000000 2   3.599894037379E-12  2.803715939970E-11
AR GRAD 2024 06 08 01 35  0.000000 2   2.777675875767E-12  5.934169822197E-11
AR GRAD 2024 06 08 01 35 10.000000 2   3.839386274185E-12  3.474624060695E-11
AR GRAD 2024 06 08 01 35 20.000000 2  -2.774819870405E-12  4.491077995605E-11
AR GRAD 2024 06 08 01 35 30.000000 2  -4.834152609462E-12  3.783530780344E-11
AR GRAD 2024 06 08 01 35 40.000000 2  -2.869482863127E-12  4.075983994767E-11
AR GRAD 2024 06 08 01 35 50.000000 2   2.610321247348E-12  3.727436068135E-11
AR GRAD 2024 06 08 01 36  0.000000 2  -7.631457098201E-12  4.201888489930E-11
AR GRAD 2024 06 08 01 36 10.000000 2  -2.907266875157E-12  3.083340527343E-11
AR GRAD 2024 06 08 01 36 20.000000 2  -3.423384188975E-12  2.230791593116E-11
AR GRAD 2024 06 08 01 36 30.000000 2  -1.927563143822E-12  4.109243154082E-11
AR GRAD 2024 06 08 01 36 40.000000 2  -3.324216553066E-12  2.608693469575E-11
AR GRAD 2024 06 08 01 36 50.000000 2  -1.278098113455E-11  4.607144526991E-11
AR GRAD 2024 06 08 01 37  0.000000 2  -7.178586284434E-12  2.910594334993E-11
AR GRAD 2024 06 08 01 37 10.000000 2  -3.038058303192E-12  4.683043883236E-11
AR GRAD 2024 06 08 01 37 20.000000 2  -1.116240693627E-11  3.217493285690E-11
AR GRAD 2024 06 08 01 37 30.000000 2  -1.530702647967E-11  2.282942411502E-11
AR GRAD 2024 06 08 01 37 40.000000 2  -1.054750037310E-11  4.092391356347E-11
AR GRAD 2024 06 08 01 37 50.000000 2  -1.403487482482E-11  3.492839698027E-11
AR GRAD 2024 06 08 01 38  0.000000 2  -7.256005258444E-12  4.016287649677E-11
AR GRAD 2024 06 08 01 38 10.000000 2  -1.374565305329E-11  3.740735152191E-11
AR GRAD 2024 06 08 01 38 20.000000 2  -1.859950041205E-11  4.749182644370E-11
AR GRAD 2024 06 08 01 38 30.000000 2  -1.825701048674E-11  4.579629730994E-11
AR GRAD 2024 06 08 01 38 40.000000 2  -1.729383303228E-11  2.731076129137E-11
AR GRAD 2024 06 08 01 38 50.000000 2  -1.836094991325E-11  4.035522610524E-11
AR GRAD 2024 06 08 01 39  0.000000 2  -1.133516284307E-11  2.395968319580E-11
AR GRAD 2024 06 08 01 39 10.000000 2  -1.915606562264E-11  5.203414435440E-11
AR GRAD 2024 06 08 01 39 20.000000 2  -1.291616553295E-11  3.395859635158E-11
AR GRAD 2024 06 08 01 39 30.000000 2  -2.311529093135E-11  2.610304333794E-11
AR GRAD 2024 06 08 01 39 40.000000 2  -2.169554293163E-11  4.578748838413E-11
AR GRAD 2024 06 08 01 39 50.000000 2  -1.592705134446E-11  2.636193173478E-11
AR GRAD 2024 06 08 01 40  0.000000 2  -1.262946691671E-11  1.430636945715E-11
AR GRAD 2024 06 08 01 40 10.000000 2  -2.144952965244E-11  3.223080830006E-11
AR GRAD 2024 06 08 01 40 20.000000 2  -1.530081443490E-11  2.717523601981E-11
AR GRAD 2024 06 08 01 40 30.000000 2  -2.403569183962E-11  3.099966464082E-11
AR GRAD 2024 06 08 01 40 40.000000 2  -1.395614960403E-11  2.195408958794E-11
AR GRAD 2024 06 08 01 40 50.000000 2  -2.399931468833E-11  2.775851076775E-11
AR GRAD 2024 06 08 01 41  0.000000 2  -1.316439665611E-11  1.710293018320E-11
AR GRAD 2024 06 08 01 41 10.000000 2  -1.744358650579E-11  1.914734516772E-11
AR GRAD 2024 06 08 01 41 20.000000 2  -1.515755923553E-11  3.170175580380E-11
AR GRAD 2024 06 08 01 41 30.000000 2  -2.498319086330E-11  2.177616420518E-11
AR GRAD 2024 06 08 01 41 40.000000 2  -2.118906265725E-11  2.041056733348E-11
AR GRAD 2024 06 08 01 41 50.000000 2  -1.813376705739E-11  4.118497209937E-11
AR GRAD 2024 06 08 01 42  0.000000 2  -2.651752428751E-11  2.623936484758E-11
AR GRAD 2024 06 08 01 42 10.000000 2  -2.645686794644E-11  2.855376005084E-11
AR GRAD 2024 06 08 01 42 20.000000 2  -2.106602045582E-11  1.016815104338E-11
AR GRAD 2024 06 08 01 42 30.000000 2  -2.748425445565E-11  3.170253989881E-11
AR GRAD 2024 06 08 01 42 40.000000 2  -2.380400737634E-11  1.656691971108E-11
AR GRAD 2024 06 08 01 42 50.000000 2  -2.361326759126E-11  2.215130162631E-11
AR GRAD 2024 06 08 01 43  0.000000 2  -2.902824335071E-11  1.439567822586E-11
AR GRAD 2024 06 08 01 43 10.000000 2  -2.975462584653E-11  2.007005152349E-11
AR GRAD 2024 06 08 01 43 20.000000 2  -3.177242496877E-11  2.565441956093E-11
AR GRAD 2024 06 08 01 43 30.000000 2  -2.897224994636E-11  2.011878684482E-11
AR GRAD 2024 06 08 01 43 40.000000 2  -3.378796201159E-11  2.319314879040E-11
AR GRAD 2024 06 08 01 43 50.000000 2  -3.986797697531E-11  2.014751039614E-11
AR GRAD 2024 06 08 01 44  0.000000 2  -3.539675844100E-11  1.607186606023E-11
AR GRAD 2024 06 08 01 44 10.000000 2  -3.643452900493E-11  2.202621765535E-11
AR GRAD 2024 06 08 01 44 20.000000 2  -3.620875821397E-11  2.057056781857E-11
AR GRAD 2024 06 08 01 44 30.000000 2  -3.757335761967E-11  2.107491264836E-11
AR GRAD 2024 06 08 01 44 40.000000 2  -4.457018781823E-11  1.374925520659E-11
AR GRAD 2024 06 08 01 44 50.000000 2  -3.804993820022E-11  1.136359496084E-11
AR GRAD 2024 06 08 01 45  0.000000 2  -4.070517534149E-11  1.777928824130E-12
AR GRAD 2024 06 08 01 45 10.000000 2  -4.153398458495E-11 -1.877738849826E-12
AR GRAD 2024 06 08 01 45 20.000000 2  -3.690918404242E-11  2.424658911149E-11
AR GRAD 2024 06 08 01 45 30.000000 2  -4.490761928988E-11  4.550913899198E-12
AR GRAD 2024 06 08 01 45 40.000000 2  -4.811535198046E-11  1.955523590280E-11
AR GRAD 2024 06 08 01 45 50.000000 2  -3.846205645641E-11  1.220955368059E-11
AR GRAD 2024 06 08 01 46  0.000000 2  -3.625343428237E-11  7.253867645440E-12
AR GRAD 2024 06 08 01 46 10.000000 2  -4.400267303306E-11  2.358818002035E-11
AR GRAD 2024 06 08 01 46 20.000000 2  -4.035649592282E-11  1.624854086999E-13
AR GRAD 2024 06 08 01 46 30.000000 2  -4.413148319005E-11  1.686789380048E-12
AR GRAD 2024 06 08 01 46 40.000000 2  -4.384174620564E-11  3.681091022278E-12
AR GRAD 2024 06 08 01 46 50.000000 2  -3.789199509718E-11  9.695386854469E-12
AR GRAD 2024 06 08 01 47  0.000000 2  -4.232828323958E-11  2.023968145859E-11
AR GRAD 2024 06 08 01 47 10.000000 2  -4.543010412306E-11  1.677397110100E-11
AR GRAD 2024 06 08 01 47 20.000000 2  -4.376956783125E-11  1.630825682830E-11
AR GRAD 2024 06 08 01 47 30.000000 2  -5.407109829325E-11  4.542543858427E-12
AR GRAD 2024 06 08 01 47 40.000000 2  -4.437387610134E-11  1.915682196207E-11
AR GRAD 2024 06 08 01 47 50.000000 2  -4.288900137817E-11 -1.708900382313E-12
AR GRAD 2024 06 08 01 48  0.000000 2  -3.999312686576E-11  3.455372056191E-12
AR GRAD 2024 06 08 01 48 10.000000 2  -5.384799550701E-11  3.439642234232E-12
AR GRAD 2024 06 08 01 48 20.000000 2  -5.112379616867E-11  1.074390923450E-11
AR GRAD 2024 06 08 01 48 30.000000 2  -5.113764967035E-11  8.578169424789E-12
AR GRAD 2024 06 08 01 48 40.000000 2  -4.872505871001E-11 -9.737570125234E-12
AR GRAD 2024 06 08 01 48 50.000000 2  -4.727042021702E-11  1.675668458156E-11
AR GRAD 2024 06 08 01 49  0.000000 2  -5.003630496048E-11  2.450938540663E-12
AR GRAD 2024 06 08 01 49 10.000000 2  -4.838522638106E-11  1.846518771220E-11
AR GRAD 2024 06 08 01 49 20.000000 2  -4.790898580631E-11  9.669432789183E-12
AR GRAD 2024 06 08 01 49 30.000000 2  -5.013546175436E-11  1.836742157023E-13
AR GRAD 2024 06 08 01 49 40.000000 2  -4.706382852881E-11 -3.572088371623E-12
AR GRAD 2024 06 08 01 49 50.000000 2  -5.013969447965E-11 -1.385785323299E-11
AR GRAD 2024 06 08 01 50  0.000000 2  -4.454687660416E-11  1.561637798242E-11
AR GRAD 2024 06 08 01 50 10.000000 2  -4.826721314299E-11  6.790607139096E-12
AR GRAD 2024 06 08 01 50 20.000000 2  -5.217965642901E-11  8.524831014711E-12
AR GRAD 2024 06 08 01 50 30.000000 2  -4.848120169210E-11 -8.030948302207E-12
AR GRAD 2024 06 08 01 50 40.000000 2  -5.754085402598E-11 -7.966727104403E-12
AR GRAD 2024 06 08 01 50 50.000000 2  -4.872174191872E-11  4.207485054808E-12
AR GRAD 2024 06 08 01 51  0.000000 2  -5.283337309314E-11 -6.183036396247E-13
AR GRAD 2024 06 08 01 51 10.000000 2  -5.070166508858E-11 -4.640960467490E-13
AR GRAD 2024 06 08 01 51 20.000000 2  -4.905774397823E-11  1.077010702843E-11
AR GRAD 2024 06 08 01 51 30.000000 2  -4.936618128171E-11 -3.556910083309E-13
AR GRAD 2024 06 08 01 51 40.000000 2  -4.518539709064E-11  1.507850441729E-11
AR GRAD 2024 06 08 01 51 50.000000 2  -5.411555925594E-11  2.832698485500E-12
AR GRAD 2024 06 08 01 52  0.000000 2  -5.548225767704E-11 -8.663111894514E-12
AR GRAD 2024 06 08 01 52 10.000000 2  -5.344981748867E-11 -3.089245710370E-13
AR GRAD 2024 06 08 01 52 20.000000 2  -5.256351603977E-11  4.835258061997E-12
AR GRAD 2024 06 08 01 52 30.000000 2  -5.501879854486E-11  4.359438157686E-12
AR GRAD 2024 06 08 01 52 40.000000 2  -6.483293069071E-11  2.736141391582E-13
AR GRAD 2024 06 08 01 52 50.000000 2  -5.986874884734E-11 -2.116221260728E-11
AR GRAD 2024 06 08 01 53  0.000000 2  -6.042111255766E-11  1.492195603192E-11
AR GRAD 2024 06 08 01 53 10.000000 2  -5.965544030984E-11 -1.233876282397E-12
AR GRAD 2024 06 08 01 53 20.000000 2  -5.745591502571E-11  8.470284369733E-12
AR GRAD 2024 06 08 01 53 30.000000 2  -6.169494082275E-11 -1.162555468559E-11
AR GRAD 2024 06 08 01 53 40.000000 2  -5.710552863913E-11 -3.501399691019E-12
AR GRAD 2024 06 08 01 53 50.000000 2  -6.139162095353E-11  1.651275123582E-11
AR GRAD 2024 06 08 01 54  0.000000 2  -6.138115710153E-11 -6.053101162667E-12
AR GRAD 2024 06 08 01 54 10.000000 2  -6.670023561250E-11 -2.109895244629E-11
AR GRAD 2024 06 08 01 54 20.000000 2  -5.848113660001E-11 -1.387481362441E-11
AR GRAD 2024 06 08 01 54 30.000000 2  -6.543739161646E-11 -3.400673189227E-12
AR GRAD 2024 06 08 01 54 40.000000 2  -6.204009528332E-11 -9.976536090306E-12
AR GRAD 2024 06 08 01 54 50.000000 2  -6.149253328758E-11 -4.242407206784E-12
AR GRAD 2024 06 08 01 55  0.000000 2  -5.909590872211E-11 -2.748280335946E-12
AR GRAD 2024 06 08 01 55 10.000000 2  -6.319181289349E-11 -3.424154839879E-12
AR GRAD 2024 06 08 01 55 20.000000 2  -6.440280947428E-11 -1.016003253751E-11
AR GRAD 2024 06 08 01 55 30.000000 2  -6.362513987890E-11 -1.014591535786E-11
AR GRAD 2024 06 08 01 55 40.000000 2  -5.853448281634E-11 -1.407180101609E-11
AR GRAD 2024 06 08 01 55 50.000000 2  -6.739673402700E-11 -3.757691640488E-12
AR GRAD 2024 06 08 01 56  0.000000 2  -6.963408322180E-11 -1.097358315327E-11
AR GRAD 2024 06 08 01 56 10.000000 2  -6.118400230903E-11  3.205196524858E-13
AR GRAD 2024 06 08 01 56 20.000000 2  -6.597020152377E-11 -1.322537999254E-11
AR GRAD 2024 06 08 01 56 30.000000 2  -5.929493701595E-11 -7.141285392892E-12
AR GRAD 2024 06 08 01 56 40.000000 2  -6.244427891433E-11 -1.046718788034E-11
AR GRAD 2024 06 08 01 56 50.000000 2  -6.373886834998E-11 -8.703098137997E-12
AR GRAD 2024 06 08 01 57  0.000000 2  -6.702420562998E-11 -9.129015252074E-12
AR GRAD 2024 06 08 01 57 10.000000 2  -6.374382965912E-11  4.205068585006E-12
AR GRAD 2024 06 08 01 57 20.000000 2  -6.349194781041E-11 -2.040085288202E-11
AR GRAD 2024 06 08 01 57 30.000000 2  -6.525620321884E-11 -1.259677431809E-11
AR GRAD 2024 06 08 01 57 40.000000 2  -6.385147272026E-11 -7.412699794263E-12
AR GRAD 2024 06 08 01 57 50.000000 2  -6.175783495710E-11 -7.098633313107E-12
AR GRAD 2024 06 08 01 58  0.000000 2  -6.756076947889E-11 -2.149456480860E-11
AR GRAD 2024 06 08 01 58 10.000000 2  -6.484042469612E-11 -1.528050429245E-11
AR GRAD 2024 06 08 01 58 20.000000 2  -6.735797336566E-11 -2.593644569948E-11
AR GRAD 2024 06 08 01 58 30.000000 2  -5.870472163938E-11 -1.122390158245E-12
AR GRAD 2024 06 08 01 58 40.000000 2  -6.532036717077E-11 -3.178338451801E-12
AR GRAD 2024 06 08 01 58 50.000000 2  -5.724954538211E-11 -1.641428833132E-11
AR GRAD 2024 06 08 01 59  0.000000 2  -6.604164437540E-11 -1.901024476725E-11
AR GRAD 2024 06 08 01 59 10.000000 2  -6.371224381407E-11 -3.125620595679E-11
AR GRAD 2024 06 08 01 59 20.000000 2  -6.044204026168E-11  1.054783430737E-11
AR GRAD 2024 06 08 01 59 30.000000 2  -6.512759082034E-11 -1.459813173121E-11
AR GRAD 2024 06 08 01 59 40.000000 2  -6.619133019470E-11 -1.349409906731E-11
AR GRAD 2024 06 08 01 59 50.000000 2  -6.429501375749E-11 -5.290072199737E-12
AR GRAD 2024 06 08 02 00  0.000000 2  -6.930382656645E-11 -2.291604753180E-11
AR GRAD 2024 06 08 02 00 10.000000 2  -6.458614892901E-11 -1.139202794598E-11
AR GRAD 2024 06 08 02 00 20.000000 2  -6.199613045155E-11 -3.071801146781E-11
AR GRAD 2024 06 08 02 00 30.000000 2  -5.849467438201E-11 -5.503996130390E-12
AR GRAD 2024 06 08 02 00 40.000000 2  -6.344899605715E-11 -1.316998333306E-11
AR GRAD 2024 06 08 02 00 50.000000 2  -5.838872441100E-11 -2.611597743618E-11
AR GRAD 2024 06 08 02 01  0.000000 2  -6.388306550420E-11 -3.321973772452E-12
AR GRAD 2024 06 08 02 01 10.000000 2  -6.443334754636E-11 -1.817797648518E-11
AR GRAD 2024 06 08 02 01 20.000000 2  -5.850608192359E-11  2.096023658457E-12
AR GRAD 2024 06 08 02 01 30.000000 2  -6.095203508583E-11 -9.039983171755E-12
AR GRAD 2024 06 08 02 01 40.000000 2  -6.685173942200E-11 -2.501599448423E-11
AR GRAD 2024 06 08 02 01 50.000000 2  -5.858574042561E-11 -2.256200608286E-11
AR GRAD 2024 06 08 02 02  0.000000 2  -6.388005402425E-11 -2.038025347442E-12
AR GRAD 2024 06 08 02 02 10.000000 2  -6.355817955273E-11 -6.784044680186E-12
AR GRAD 2024 06 08 02 02 20.000000 2  -6.276986569409E-11 -2.147007051312E-11
AR GRAD 2024 06 08 02 02 30.000000 2  -6.550240905234E-11 -2.271609809978E-11
AR GRAD 2024 06 08 02 02 40.000000 2  -6.864660229144E-11 -1.082212618131E-11
AR GRAD 2024 06 08 02 02 50.000000 2  -6.465605828510E-11 -1.248816241389E-11
AR GRAD 2024 06 08 02 03  0.000000 2  -5.878347114630E-11 -2.307420053638E-11
AR GRAD 2024 06 08 02 03 10.000000 2  -6.107633149233E-11 -7.460243360569E-12
AR GRAD 2024 06 08 02 03 20.000000 2  -6.775640465362E-11 -5.156286422142E-12
AR GRAD 2024 06 08 02 03 30.000000 2  -5.840120054224E-11 -3.381233834587E-11
AR GRAD 2024 06 08 02 03 40.000000 2  -6.217566045352E-11 -2.507838554877E-11
AR GRAD 2024 06 08 02 03 50.000000 2  -7.039083205207E-11  1.295558387134E-12
AR GRAD 2024 06 08 02 04  0.000000 2  -6.951583059189E-11 -4.320497952459E-12
AR GRAD 2024 06 08 02 04 10.000000 2  -5.516733597721E-11 -1.157656262518E-11
AR GRAD 2024 06 08 02 04 20.000000 2  -5.981366790753E-11 -1.393262588634E-11
AR GRAD 2024 06 08 02 04 30.000000 2  -6.490909199020E-11 -3.248696667582E-12
AR GRAD 2024 06 08 02 04 40.000000 2  -6.295043653015E-11 -9.104768154689E-12
AR GRAD 2024 06 08 02 04 50.000000 2  -6.299163274326E-11 -1.810845852608E-12
AR GRAD 2024 06 08 02 05  0.000000 2  -6.062927937478E-11 -2.844692537085E-11
AR GRAD 2024 06 08 02 05 10.000000 2  -5.977389416767E-11 -2.613007249810E-12
AR GRAD 2024 06 08 02 05 20.000000 2  -6.219663672979E-11 -1.197909046263E-11
AR GRAD 2024 06 08 02 05 30.000000 2  -5.825539356463E-11 -1.306518435107E-11
AR GRAD 2024 06 08 02 05 40.000000 2  -5.804936392684E-11 -3.211275863280E-12
AR GRAD 2024 06 08 02 05 50.000000 2  -6.199903784809E-11  5.742627727512E-12
AR GRAD 2024 06 08 02 06  0.000000 2  -5.641230191311E-11 -2.734347297195E-11
AR GRAD 2024 06 08 02 06 10.000000 2  -6.084144299479E-11 -1.729575358801E-12
AR GRAD 2024 06 08 02 06 20.000000 2  -6.283589620848E-11 -2.655682314681E-12
AR GRAD 2024 06 08 02 06 30.000000 2  -6.047027462097E-11  6.182061156393E-13
AR GRAD 2024 06 08 02 06 40.000000 2  -5.920290646610E-11 -7.807906231283E-12
AR GRAD 2024 06 08 02 06 50.000000 2  -5.544703238214E-11 -5.354026683807E-12
AR GRAD 2024 06 08 02 07  0.000000 2  -5.491705007410E-11 -7.270144989496E-12
AR GRAD 2024 06 08 02 07 10.000000 2  -5.698002139565E-11 -1.072626796411E-11
AR GRAD 2024 06 08 02 07 20.000000 2  -5.541971742629E-11 -1.993239948095E-11
AR GRAD 2024 06 08 02 07 30.000000 2  -5.383863840858E-11 -6.028529671992E-12
AR GRAD 2024 06 08 02 07 40.000000 2  -6.170795124882E-11  1.607533550718E-11
AR GRAD 2024 06 08 02 07 50.000000 2  -5.579605180661E-11 -2.118080363878E-11
AR GRAD 2024 06 08 02 08  0.000000 2  -5.421549667539E-11 -1.734694332622E-11
AR GRAD 2024 06 08 02 08 10.000000 2  -5.369905908825E-11 -2.414308683529E-11
AR GRAD 2024 06 08 02 08 20.000000 2  -5.237382055823E-11  5.640763463960E-12
AR GRAD 2024 06 08 02 08 30.000000 2  -5.449149811931E-11 -1.305387764029E-12
AR GRAD 2024 06 08 02 08 40.000000 2  -5.155684559832E-11 -1.335154382887E-11
AR GRAD 2024 06 08 02 08 50.000000 2  -5.095371347075E-11 -5.267702940515E-12
AR GRAD 2024 06 08 02 09  0.000000 2  -5.369674843658E-11 -9.983861827545E-12
AR GRAD 2024 06 08 02 09 10.000000 2  -4.726835589608E-11  2.599969285005E-12
AR GRAD 2024 06 08 02 09 20.000000 2  -5.120406182391E-11  3.123801564642E-12
AR GRAD 2024 06 08 02 09 30.000000 2  -5.217489634779E-11 -2.688237132897E-11
AR GRAD 2024 06 08 02 09 40.000000 2  -5.100346534004E-11 -3.688854777195E-11
AR GRAD 2024 06 08 02 09 50.000000 2  -5.709942935139E-11  1.555527234798E-11
AR GRAD 2024 06 08 02 10  0.000000 2  -4.761815594612E-11 -8.560909793565E-12
AR GRAD 2024 06 08 02 10 10.000000 2  -5.481176623690E-11  1.394290325557E-11
AR GRAD 2024 06 08 02 10 20.000000 2  -6.119158652007E-11 -1.743286613155E-12
AR GRAD 2024 06 08 02 10 30.000000 2  -4.735210834550E-11 -8.049481220462E-12
AR GRAD 2024 06 08 02 10 40.000000 2  -4.619978705156E-11 -2.330567683284E-11
AR GRAD 2024 06 08 02 10 50.000000 2  -4.462602162802E-11 -2.271876914026E-12
AR GRAD 2024 06 08 02 11  0.000000 2  -4.997089547709E-11 -1.290807911947E-11
AR GRAD 2024 06 08 02 11 10.000000 2  -4.208090126356E-11  1.110571270363E-11
AR GRAD 2024 06 08 02 11 20.000000 2  -5.058407859249E-11 -6.030500317861E-12
AR GRAD 2024 06 08 02 11 30.000000 2  -4.991705659929E-11 -1.251671336022E-11
AR GRAD 2024 06 08 02 11 40.000000 2  -4.655041282997E-11 -1.142293117734E-11
AR GRAD 2024 06 08 02 11 50.000000 2  -5.307165817925E-11  1.550849943258E-12
AR GRAD 2024 06 08 02 12  0.000000 2  -5.074122025328E-11  3.534625717116E-12
AR GRAD 2024 06 08 02 12 10.000000 2  -4.074990692104E-11 -6.571603938105E-12
AR GRAD 2024 06 08 02 12 20.000000 2  -4.991199467619E-11  4.721657635189E-13
AR GRAD 2024 06 08 02 12 30.000000 2  -4.492689553715E-11 -2.294068364092E-12
AR GRAD 2024 06 08 02 12 40.000000 2  -4.813941953397E-11 -5.130305034962E-12
AR GRAD 2024 06 08 02 12 50.000000 2  -4.743115969430E-11  3.143450777454E-12
AR GRAD 2024 06 08 02 13  0.000000 2  -5.103928044092E-11 -1.352793636659E-12
AR GRAD 2024 06 08 02 13 10.000000 2  -4.442310061470E-11  1.993095619102E-11
AR GRAD 2024 06 08 02 13 20.000000 2  -3.759037178752E-11  1.264705354331E-12
AR GRAD 2024 06 08 02 13 30.000000 2  -4.530911756895E-11  5.168449435794E-12
AR GRAD 2024 06 08 02 13 40.000000 2  -3.973342141417E-11 -1.457808483304E-12
AR GRAD 2024 06 08 02 13 50.000000 2  -3.771921663898E-11  3.235929102799E-12
AR GRAD 2024 06 08 02 14  0.000000 2  -4.736721431753E-11  4.599662230959E-12
AR GRAD 2024 06 08 02 14 10.000000 2  -5.367119595978E-11 -1.202660627336E-11
AR GRAD 2024 06 08 02 14 20.000000 2  -4.625309510398E-11  3.487121398929E-12
AR GRAD 2024 06 08 02 14 30.000000 2  -4.760997152076E-11  4.740844435774E-12
AR GRAD 2024 06 08 02 14 40.000000 2  -4.080002308227E-11 -1.225434684282E-12
AR GRAD 2024 06 08 02 14 50.000000 2  -4.015755436515E-11  1.035828280788E-11
AR GRAD 2024 06 08 02 15  0.000000 2  -4.369799661008E-11  1.557199334756E-11
AR GRAD 2024 06 08 02 15 10.000000 2  -4.181457263774E-11  2.392570516707E-11
AR GRAD 2024 06 08 02 15 20.000000 2  -4.531864467028E-11 -3.230588973419E-12
AR GRAD 2024 06 08 02 15 30.000000 2  -3.758916095054E-11  1.686311507099E-11
AR GRAD 2024 06 08 02 15 40.000000 2  -4.832320307790E-11  1.866813995055E-12
AR GRAD 2024 06 08 02 15 50.000000 2  -4.005671835894E-11  1.582050983273E-11
AR GRAD 2024 06 08 02 16  0.000000 2  -3.796112035825E-11 -8.475795586216E-12
AR GRAD 2024 06 08 02 16 10.000000 2  -4.344488310770E-11  3.387891963497E-12
AR GRAD 2024 06 08 02 16 20.000000 2  -4.256121496904E-11  3.672157716794E-11
AR GRAD 2024 06 08 02 16 30.000000 2  -4.547015888812E-11  1.089526038833E-11
AR GRAD 2024 06 08 02 16 40.000000 2  -4.033571740503E-11  7.998940051990E-12
AR GRAD 2024 06 08 02 16 50.000000 2  -3.871387238563E-11  6.612614969481E-12
AR GRAD 2024 06 08 02 17  0.000000 2  -4.015623250586E-11  2.714628695444E-11
AR GRAD 2024 06 08 02 17 10.000000 2  -5.122008026048E-11  3.082995664316E-11
AR GRAD 2024 06 08 02 17 20.000000 2  -4.189069924276E-11  3.773619437764E-12
AR GRAD 2024 06 08 02 17 30.000000 2  -3.976213455714E-11  3.657281075209E-12
AR GRAD 2024 06 08 02 17 40.000000 2  -4.395003805335E-11  4.361094124716E-11
AR GRAD 2024 06 08 02 17 50.000000 2  -3.988376295894E-11  7.364595044912E-12
AR GRAD 2024 06 08 02 18  0.000000 2  -3.633022355176E-11 -3.471753917336E-12
AR GRAD 2024 06 08 02 18 10.000000 2  -3.276303187083E-11  1.620189399310E-11
AR GRAD 2024 06 08 02 18 20.000000 2  -4.528876579313E-11  2.988553848837E-11
AR GRAD 2024 06 08 02 18 30.000000 2  -3.508330431723E-11  1.290917980151E-11
AR GRAD 2024 06 08 02 18 40.000000 2  -3.769775117068E-11  5.922816490728E-12
AR GRAD 2024 06 08 02 18 50.000000 2  -4.325128796778E-11  1.015644859881E-11
AR GRAD 2024 06 08 02 19  0.000000 2  -3.648122082200E-11  3.026008263407E-11
AR GRAD 2024 06 08 02 19 10.000000 2  -3.428595254928E-11  1.601370772097E-11
AR GRAD 2024 06 08 02 19 20.000000 2  -3.951783691947E-11  1.483733101659E-11
AR GRAD 2024 06 08 02 19 30.000000 2  -3.317971591921E-11  8.190952256737E-12
AR GRAD 2024 06 08 02 19 40.000000 2  -3.812503437950E-11  1.272456792711E-11
AR GRAD 2024 06 08 02 19 50.000000 2  -4.221662949777E-11  1.526818081687E-11
AR GRAD 2024 06 08 02 20  0.000000 2  -4.024847469197E-11  2.735179097102E-11
AR GRAD 2024 06 08 02 20 10.000000 2  -3.759381694834E-11  5.005396704755E-12
AR GRAD 2024 06 08 02 20 20.000000 2  -3.844389737107E-11  3.559900291217E-11
AR GRAD 2024 06 08 02 20 30.000000 2  -3.086235433880E-11  1.248260002307E-11
AR GRAD 2024 06 08 02 20 40.000000 2  -3.365669201671E-11  8.546195869041E-12
AR GRAD 2024 06 08 02 20 50.000000 2  -3.427334457906E-11  3.453979116608E-11
AR GRAD 2024 06 08 02 21  0.000000 2  -3.312518662146E-11  1.866337639989E-11
AR GRAD 2024 06 08 02 21 10.000000 2  -4.012309928747E-11  1.681696275291E-11
AR GRAD 2024 06 08 02 21 20.000000 2  -2.862872786058E-11  1.889054537796E-11
AR GRAD 2024 06 08 02 21 30.000000 2  -3.488857466816E-11  2.673412359544E-11
AR GRAD 2024 06 08 02 21 40.000000 2  -2.743191784838E-11  3.677699204202E-12
AR GRAD 2024 06 08 02 21 50.000000 2  -2.840210532040E-11  3.439127455040E-11
AR GRAD 2024 06 08 02 22  0.000000 2  -2.603929398493E-11  2.332483858836E-11
AR GRAD 2024 06 08 02 22 10.000000 2  -2.470979323932E-11  1.066840366049E-11
AR GRAD 2024 06 08 02 22 20.000000 2  -3.554855021459E-11  2.756196486320E-11
AR GRAD 2024 06 08 02 22 30.000000 2  -2.939124638113E-11  3.034552470416E-11
AR GRAD 2024 06 08 02 22 40.000000 2  -3.035556875308E-11  2.145907757045E-11
AR GRAD 2024 06 08 02 22 50.000000 2  -3.080424110236E-11  3.125263242643E-11
AR GRAD 2024 06 08 02 23  0.000000 2  -3.467868353590E-11  1.840617588900E-11
AR GRAD 2024 06 08 02 23 10.000000 2  -3.029778858354E-11  2.028971955725E-11
AR GRAD 2024 06 08 02 23 20.000000 2  -3.547291280159E-11  3.214326027567E-11
AR GRAD 2024 06 08 02 23 30.000000 2  -3.109785692845E-11  1.191679827733E-11
AR GRAD 2024 06 08 02 23 40.000000 2  -3.391850689205E-11  4.019033369995E-11
AR GRAD 2024 06 08 02 23 50.000000 2  -3.112395410843E-11  1.424386303350E-11
AR GRAD 2024 06 08 02 24  0.000000 2  -2.893608096188E-11  3.545739049593E-11
AR GRAD 2024 06 08 02 24 10.000000 2  -2.640657831288E-11  2.198091361705E-11
AR GRAD 2024 06 08 02 24 20.000000 2  -2.628107627356E-11  2.527443358769E-11
AR GRAD 2024 06 08 02 24 30.000000 2  -2.848427223257E-11  2.423794845385E-11
AR GRAD 2024 06 08 02 24 40.000000 2  -2.964090778379E-11  2.781146146713E-11
AR GRAD 2024 06 08 02 24 50.000000 2  -2.259422336726E-11  3.414497504184E-11
AR GRAD 2024 06 08 02 25  0.000000 2  -3.117571131805E-11  2.667847713578E-11
AR GRAD 2024 06 08 02 25 10.000000 2  -3.041019172589E-11  3.832198447462E-11
AR GRAD 2024 06 08 02 25 20.000000 2  -2.451737250719E-11  2.930548165248E-11
AR GRAD 2024 06 08 02 25 30.000000 2  -2.779790807261E-11  3.307897705751E-11
AR GRAD 2024 06 08 02 25 40.000000 2  -3.156883782163E-11  2.841246682372E-11
AR GRAD 2024 06 08 02 25 50.000000 2  -3.315393792835E-11  4.031595890464E-11
AR GRAD 2024 06 08 02 26  0.000000 2  -2.085852671141E-11  2.390944213448E-11
AR GRAD 2024 06 08 02 26 10.000000 2  -2.734550780259E-11  2.871292266449E-11
AR GRAD 2024 06 08 02 26 20.000000 2  -2.436954457674E-11  3.122640340747E-11
AR GRAD 2024 06 08 02 26 30.000000 2  -2.288397422945E-11  1.704987713513E-11
AR GRAD 2024 06 08 02 26 40.000000 2  -2.702266015120E-11  4.425335098368E-11
AR GRAD 2024 06 08 02 26 50.000000 2  -2.486400148272E-11  3.576682006123E-11
AR GRAD 2024 06 08 02 27  0.000000 2  -2.099828470825E-11  2.585028198443E-11
AR GRAD 2024 06 08 02 27 10.000000 2  -2.408044250113E-11  3.917374410967E-11
AR GRAD 2024 06 08 02 27 20.000000 2  -1.906146247788E-11  2.636720182470E-11
AR GRAD 2024 06 08 02 27 30.000000 2  -2.177420223293E-11  3.149065730401E-11
AR GRAD 2024 06 08 02 27 40.000000 2  -2.533784293490E-11  3.369410653264E-11
AR GRAD 2024 06 08 02 27 50.000000 2  -1.574843207230E-11  2.907755286552E-11
AR GRAD 2024 06 08 02 28  0.000000 2  -2.175669193416E-11  3.483099919599E-11
AR GRAD 2024 06 08 02 28 10.000000 2  -2.815940362833E-11  2.414443991960E-11
AR GRAD 2024 06 08 02 28 20.000000 2  -2.309855084981E-11  4.478787479778E-11
AR GRAD 2024 06 08 02 28 30.000000 2  -2.147481845127E-11  5.721131207670E-11
AR GRAD 2024 06 08 02 28 40.000000 2  -2.202935230067E-11  2.695473878822E-11
AR GRAD 2024 06 08 02 28 50.000000 2  -2.407117734304E-11  3.833816597520E-11
AR GRAD 2024 06 08 02 29  0.000000 2  -2.162959394925E-11  2.418158728812E-11
AR GRAD 2024 06 08 02 29 10.000000 2  -2.082657483971E-11  3.871501036423E-11
AR GRAD 2024 06 08 02 29 20.000000 2  -1.928235522641E-11  3.715842564200E-11
AR GRAD 2024 06 08 02 29 30.000000 2  -2.477055366379E-11  2.937183829488E-11
AR GRAD 2024 06 08 02 29 40.000000 2  -1.787864821468E-11  4.195524830330E-11
AR GRAD 2024 06 08 02 29 50.000000 2  -2.765382714487E-11  3.393865743995E-11
AR GRAD 2024 06 08 02 30  0.000000 2  -2.041235409866E-11  3.691205674450E-11
AR GRAD 2024 06 08 02 30 10.000000 2  -1.573303640146E-11  2.611545354969E-11
AR GRAD 2024 06 08 02 30 20.000000 2  -1.896051891881E-11  3.299885364960E-11
AR GRAD 2024 06 08 02 30 30.000000 2  -2.588823426464E-11  4.825224247940E-11
AR GRAD 2024 06 08 02 30 40.000000 2  -1.822353032366E-11  1.538563200454E-11
AR GRAD 2024 06 08 02 30 50.000000 2  -1.747764606652E-11  6.815901315571E-11
AR GRAD 2024 06 08 02 31  0.000000 2  -1.514594699659E-11  2.865239816241E-11
AR GRAD 2024 06 08 02 31 10.000000 2  -1.358990003864E-11  2.752577679677E-11
AR GRAD 2024 06 08 02 31 20.000000 2  -1.764436340090E-11  3.346915453117E-11
AR GRAD 2024 06 08 02 31 30.000000 2  -2.019375118512E-11  3.660252309579E-11
AR GRAD 2024 06 08 02 31 40.000000 2  -1.858117652798E-11  4.324589297777E-11
AR GRAD 2024 06 08 02 31 50.000000 2  -1.282367181193E-11  3.849925586663E-11
AR GRAD 2024 06 08 02 32  0.000000 2  -1.540123237276E-11  3.957261948684E-11
AR GRAD 2024 06 08 02 32 10.000000 2  -1.814696483360E-11  3.382597674184E-11
AR GRAD 2024 06 08 02 32 20.000000 2  -1.656945414208E-11  4.658932961643E-11
AR GRAD 2024 06 08 02 32 30.000000 2  -1.388469287461E-11  5.503268327156E-11
AR GRAD 2024 06 08 02 32 40.000000 2  -1.815662377391E-11  4.126602878851E-11
AR GRAD 2024 06 08 02 32 50.000000 2  -1.429689006072E-11  4.280937063172E-11
AR GRAD 2024 06 08 02 33  0.000000 2  -1.754617111327E-11  4.705271242078E-11
AR GRAD 2024 06 08 02 33 10.000000 2  -1.417656096681E-11  4.727604765997E-11
AR GRAD 2024 06 08 02 33 20.000000 2  -1.666501832365E-11  3.563938380524E-11
AR GRAD 2024 06 08 02 33 30.000000 2  -1.347078351643E-11  5.044271250698E-11
AR GRAD 2024 06 08 02 33 40.000000 2  -1.872382804358E-11  4.169603551318E-11
AR GRAD 2024 06 08 02 33 50.000000 2  -1.272543355413E-11  5.877935638221E-11
AR GRAD 2024 06 08 02 34  0.000000 2  -1.518678238721E-11  3.936268325178E-11
AR GRAD 2024 06 08 02 34 10.000000 2  -1.719587319760E-11  4.658599894736E-11
AR GRAD 2024 06 08 02 34 20.000000 2  -1.140888338663E-11  4.565931313594E-11
AR GRAD 2024 06 08 02 34 30.000000 2  -1.146028671267E-11  5.911261757863E-11
AR GRAD 2024 06 08 02 34 40.000000 2  -1.820573899969E-11  5.884592119143E-11
AR GRAD 2024 06 08 02 34 50.000000 2  -4.814924500773E-12  3.303922760378E-11
AR GRAD 2024 06 08 02 35  0.000000 2  -1.223197671624E-11  4.745252801808E-11
AR GRAD 2024 06 08 02 35 10.000000 2  -1.196765516548E-11  3.519582195133E-11
AR GRAD 2024 06 08 02 35 20.000000 2  -1.255473329465E-11  5.284911744341E-11
AR GRAD 2024 06 08 02 35 30.000000 2  -1.590841867960E-11  6.648239597729E-11
AR GRAD 2024 06 08 02 35 40.000000 2  -1.223974220588E-11  5.412568657159E-11
AR GRAD 2024 06 08 02 35 50.000000 2  -1.242619028508E-11  4.573896816851E-11
AR GRAD 2024 06 08 02 36  0.000000 2  -1.484287345810E-11  4.431224831514E-11
AR GRAD 2024 06 08 02 36 10.000000 2  -8.197766250551E-12  5.817552342635E-11
AR GRAD 2024 06 08 02 36 20.000000 2  -1.160656640242E-11  4.027879071944E-11
AR GRAD 2024 06 08 02 36 30.000000 2  -1.391566549491E-11  6.471205515890E-11
AR GRAD 2024 06 08 02 36 40.000000 2  -9.130336244001E-12  4.694532609872E-11
AR GRAD 2024 06 08 02 36 50.000000 2  -9.311653011157E-12  4.030858632986E-11
AR GRAD 2024 06 08 02 37  0.000000 2  -1.314973477329E-11  5.239184433514E-11
AR GRAD 2024 06 08 02 37 10.000000 2  -8.875680572451E-12  5.143509576588E-11
AR GRAD 2024 06 08 02 37 20.000000 2  -8.990767332018E-12  6.830834509142E-11
AR GRAD 2024 06 08 02 37 30.000000 2  -5.089627504173E-12  6.412158998215E-11
AR GRAD 2024 06 08 02 37 40.000000 2  -1.014107461200E-11  4.217484000923E-11
AR GRAD 2024 06 08 02 37 50.000000 2  -1.207223297023E-11  4.500807712637E-11
AR GRAD 2024 06 08 02 38  0.000000 2  -7.793928696875E-12  6.283130959961E-11
AR GRAD 2024 06 08 02 38 10.000000 2  -4.611454447467E-12  4.638454897954E-11
AR GRAD 2024 06 08 02 38 20.000000 2  -6.284279086693E-12  5.370778127789E-11
AR GRAD 2024 06 08 02 38 30.000000 2  -6.341082606914E-12  4.901100358889E-11
AR GRAD 2024 06 08 02 38 40.000000 2  -3.960106981921E-12  5.380422496426E-11
AR GRAD 2024 06 08 02 38 50.000000 2   1.455520491460E-12  6.534744967368E-11
AR GRAD 2024 06 08 02 39  0.000000 2  -5.879901166655E-12  4.322066662898E-11
AR GRAD 2024 06 08 02 39 10.000000 2  -7.004644694136E-12  5.701387625900E-11
AR GRAD 2024 06 08 02 39 20.000000 2  -8.006315228848E-12  5.110708384271E-11
AR GRAD 2024 06 08 02 39 30.000000 2  -8.626333154738E-12  5.715029144371E-11
AR GRAD 2024 06 08 02 39 40.000000 2  -1.183997886713E-12  5.338349207129E-11
AR GRAD 2024 06 08 02 39 50.000000 2  -3.750361132759E-12  5.033668967758E-11
AR GRAD 2024 06 08 02 40  0.000000 2  -8.878237554855E-12  5.558988339094E-11
AR GRAD 2024 06 08 02 40 10.000000 2  -7.988493547217E-12  5.669307731604E-11
AR GRAD 2024 06 08 02 40 20.000000 2  -5.149622048228E-12  6.031626587077E-11
AR GRAD 2024 06 08 02 40 30.000000 2  -1.003067203950E-12  5.649945095110E-11
AR GRAD 2024 06 08 02 40 40.000000 2  -6.607993232460E-12  6.121263218528E-11
AR GRAD 2024 06 08 02 40 50.000000 2  -9.382882491804E-12  4.427580871380E-11
AR GRAD 2024 06 08 02 41  0.000000 2  -5.069019856641E-12  5.441898320857E-11
AR GRAD 2024 06 08 02 41 10.000000 2  -6.989380428590E-12  5.670215685871E-11
AR GRAD 2024 06 08 02 41 20.000000 2  -6.595611209970E-12  4.911532291985E-11
AR GRAD 2024 06 08 02 41 30.000000 2  -3.605396580245E-12  5.479848519396E-11
AR GRAD 2024 06 08 02 41 40.000000 2  -6.646759965340E-13  6.351164733021E-11
AR GRAD 2024 06 08 02 41 50.000000 2  -5.932818038928E-12  4.907480671834E-11
AR GRAD 2024 06 08 02 42  0.000000 2  -3.500793188324E-12  5.717796028315E-11
AR GRAD 2024 06 08 02 42 10.000000 2  -7.996436846014E-12  2.867110715510E-11
AR GRAD 2024 06 08 02 42 20.000000 2   3.723915978100E-13  7.498425491637E-11
AR GRAD 2024 06 08 02 42 30.000000 2   2.565896063331E-12  5.058740232267E-11
AR GRAD 2024 06 08 02 42 40.000000 2   1.724057637105E-12  6.089053566916E-11
AR GRAD 2024 06 08 02 42 50.000000 2  -3.662072815130E-12  4.806367803756E-11
AR GRAD 2024 06 08 02 43  0.000000 2   7.874654704351E-13  4.776681133967E-11
AR GRAD 2024 06 08 02 43 10.000000 2  -4.906318407105E-13  4.868994096796E-11
AR GRAD 2024 06 08 02 43 20.000000 2   3.561556431719E-13  5.411306472358E-11
AR GRAD 2024 06 08 02 43 30.000000 2   1.105729142145E-13  5.354618831666E-11
AR GRAD 2024 06 08 02 43 40.000000 2  -8.150993443569E-13  5.122930898938E-11
AR GRAD 2024 06 08 02 43 50.000000 2  -4.553824331510E-12  5.262242377957E-11
AR GRAD 2024 06 08 02 44  0.000000 2   3.271700185076E-12  4.708553685839E-11
AR GRAD 2024 06 08 02 44 10.000000 2  -9.860712073262E-12  5.426864513325E-11
AR GRAD 2024 06 08 02 44 20.000000 2   4.926670182925E-12  6.012174785797E-11
AR GRAD 2024 06 08 02 44 30.000000 2   2.723335229202E-12  5.010485082391E-11
AR GRAD 2024 06 08 02 44 40.000000 2  -5.445566306911E-12  5.777795256123E-11
AR GRAD 2024 06 08 02 44 50.000000 2   6.359991092802E-12  3.666104572697E-11
AR GRAD 2024 06 08 02 45  0.000000 2  -6.745249297264E-14  5.374413761250E-11
AR GRAD 2024 06 08 02 45 10.000000 2   4.340911310963E-12  3.398722275838E-11
AR GRAD 2024 06 08 02 45 20.000000 2   4.099848932571E-12  6.531030577461E-11
AR GRAD 2024 06 08 02 45 30.000000 2   1.207571477709E-12  4.497339306520E-11
AR GRAD 2024 06 08 02 45 40.000000 2   2.954017781255E-13  5.825646215429E-11
AR GRAD 2024 06 08 02 45 50.000000 2   3.420748276653E-12  4.669954353775E-11
AR GRAD 2024 06 08 02 46  0.000000 2   5.512349691289E-12  4.360261110503E-11
AR GRAD 2024 06 08 02 46 10.000000 2   3.829051659077E-12  4.492568470016E-11
AR GRAD 2024 06 08 02 46 20.000000 2   1.217442553020E-11  6.987874168196E-11
AR GRAD 2024 06 08 02 46 30.000000 2  -1.290679802618E-12  4.092180760917E-11
AR GRAD 2024 06 08 02 46 40.000000 2   6.029963854626E-12  4.724486080132E-11
AR GRAD 2024 06 08 02 46 50.000000 2   1.743446099295E-12  5.165791752693E-11
AR GRAD 2024 06 08 02 47  0.000000 2   4.573018613091E-12  4.347096640989E-11
AR GRAD 2024 06 08 02 47 10.000000 2   2.318787089423E-12  4.810401382782E-11
AR GRAD 2024 06 08 02 47 20.000000 2   5.534384582562E-12  4.871705816534E-11
AR GRAD 2024 06 08 02 47 30.000000 2   5.607379578026E-12  4.756009475138E-11
AR GRAD 2024 06 08 02 47 40.000000 2  -2.391912622829E-12  4.374313064548E-11
AR GRAD 2024 06 08 02 47 50.000000 2   7.656080630580E-12  5.631616353807E-11
AR GRAD 2024 06 08 02 48  0.000000 2   6.840883762238E-12  4.498919292661E-11
AR GRAD 2024 06 08 02 48 10.000000 2   3.163428503525E-12  3.996222103231E-11
AR GRAD 2024 06 08 02 48 20.000000 2   5.629501639154E-12  4.659524502348E-11
AR GRAD 2024 06 08 02 48 30.000000 2   7.974766680352E-12  5.647826303856E-11
AR GRAD 2024 06 08 02 48 40.000000 2   5.716248221294E-12  4.726127822430E-11
AR GRAD 2024 06 08 02 48 50.000000 2   1.090410747806E-11  3.528428937916E-11
AR GRAD 2024 06 08 02 49  0.000000 2   7.379178865174E-12  4.279729695633E-11
AR GRAD 2024 06 08 02 49 10.000000 2   5.510999642744E-12  5.915030271142E-11
AR GRAD 2024 06 08 02 49 20.000000 2   6.949930539922E-13  3.224330524798E-11
AR GRAD 2024 06 08 02 49 30.000000 2   9.688548574527E-12  5.271630354464E-11
AR GRAD 2024 06 08 02 49 40.000000 2   6.621724869815E-12  5.429930116652E-11
AR GRAD 2024 06 08 02 49 50.000000 2   1.367033222732E-12  4.273229339824E-11
AR GRAD 2024 06 08 02 50  0.000000 2   9.307986673091E-12  5.022528226650E-11
AR GRAD 2024 06 08 02 50 10.000000 2   3.679030170789E-12  5.101826253129E-11
AR GRAD 2024 06 08 02 50 20.000000 2   3.591151247900E-12  4.232124720116E-11
AR GRAD 2024 06 08 02 50 30.000000 2   1.463085902431E-11  4.936422104418E-11
AR GRAD 2024 06 08 02 50 40.000000 2   3.285475190518E-12  4.786719631777E-11
AR GRAD 2024 06 08 02 50 50.000000 2   1.081107686013E-11  3.694016620370E-11
AR GRAD 2024 06 08 02 51  0.000000 2   9.050195488858E-12  7.423313352906E-11
AR GRAD 2024 06 08 02 51 10.000000 2   8.272871970805E-12  5.114609777368E-11
AR GRAD 2024 06 08 02 51 20.000000 2   6.617146500881E-12  2.095905740629E-11
AR GRAD 2024 06 08 02 51 30.000000 2   5.408144418406E-12  6.159200927058E-11
AR GRAD 2024 06 08 02 51 40.000000 2   8.526915284968E-12  5.028497063186E-11
AR GRAD 2024 06 08 02 51 50.000000 2  -5.351721534463E-14  5.060792063194E-11
AR GRAD 2024 06 08 02 52  0.000000 2   1.261769681793E-11  4.748086646078E-11
AR GRAD 2024 06 08 02 52 10.000000 2   3.849006183221E-12  4.911380677153E-11
AR GRAD 2024 06 08 02 52 20.000000 2   1.385426929429E-12  6.370674821010E-11
AR GRAD 2024 06 08 02 52 30.000000 2   6.566221091159E-12  2.748968240540E-11
AR GRAD 2024 06 08 02 52 40.000000 2   8.411877097658E-12  4.551261797991E-11
AR GRAD 2024 06 08 02 52 50.000000 2   1.390579318361E-11  5.730554572536E-11
AR GRAD 2024 06 08 02 53  0.000000 2   9.291281286017E-12  4.870847128413E-11
AR GRAD 2024 06 08 02 53 10.000000 2   1.181069044648E-11  5.383139420334E-11
AR GRAD 2024 06 08 02 53 20.000000 2   1.160113758530E-11  4.342431275672E-11
AR GRAD 2024 06 08 02 53 30.000000 2   4.020224257661E-12  4.744722670313E-11
AR GRAD 2024 06 08 02 53 40.000000 2   9.366955995571E-12  5.324013799268E-11
AR GRAD 2024 06 08 02 53 50.000000 2   9.956639679398E-12  3.335304948893E-11
AR GRAD 2024 06 08 02 54  0.000000 2   2.760116787903E-12  4.540595330282E-11
AR GRAD 2024 06 08 02 54 10.000000 2   1.288835184410E-11  4.611885526251E-11
AR GRAD 2024 06 08 02 54 20.000000 2   5.370437601571E-12  7.233175169929E-11
AR GRAD 2024 06 08 02 54 30.000000 2   7.181477201107E-12  2.892464739945E-11
AR GRAD 2024 06 08 02 54 40.000000 2   5.201958655499E-12  6.368753441288E-11
AR GRAD 2024 06 08 02 54 50.000000 2   6.322266928732E-12  4.117042470830E-11
AR GRAD 2024 06 08 02 55  0.000000 2   5.020896459013E-12  4.091331093359E-11
AR GRAD 2024 06 08 02 55 10.000000 2   8.520827272929E-12  4.722619517672E-11
AR GRAD 2024 06 08 02 55 20.000000 2   3.759369551770E-12  4.020906871349E-11
AR GRAD 2024 06 08 02 55 30.000000 2   3.796757179486E-12  3.314194405024E-11
AR GRAD 2024 06 08 02 55 40.000000 2   9.853160821971E-12  3.743481566398E-11
AR GRAD 2024 06 08 02 55 50.000000 2   7.063415390779E-12  8.227767772651E-11
AR GRAD 2024 06 08 02 56  0.000000 2   1.531040268524E-12  4.120054297729E-11
AR GRAD 2024 06 08 02 56 10.000000 2   1.056472357513E-11  4.166340536460E-11
AR GRAD 2024 06 08 02 56 20.000000 2   6.169704937914E-12  5.462626531672E-11
AR GRAD 2024 06 08 02 56 30.000000 2   6.230611512836E-12  3.507911669476E-11
AR GRAD 2024 06 08 02 56 40.000000 2   1.297695024355E-11  5.399196367772E-11
AR GRAD 2024 06 08 02 56 50.000000 2   1.497096890901E-11  2.584480893186E-11
AR GRAD 2024 06 08 02 57  0.000000 2   8.328412612335E-12  5.489765239619E-11
AR GRAD 2024 06 08 02 57 10.000000 2   9.069644341109E-12  6.330048984982E-11
AR GRAD 2024 06 08 02 57 20.000000 2   4.026270202656E-12  3.373332863044E-11
AR GRAD 2024 06 08 02 57 30.000000 2   3.478065708704E-12  3.341616219843E-11
AR GRAD 2024 06 08 02 57 40.000000 2   3.948542447868E-12  5.118899054635E-11
AR GRAD 2024 06 08 02 57 50.000000 2   1.371048326954E-11  4.836181802248E-11
AR GRAD 2024 06 08 02 58  0.000000 2   3.827293516834E-12  3.277463717088E-11
AR GRAD 2024 06 08 02 58 10.000000 2  -2.276290050549E-13  3.981745835824E-11
AR GRAD 2024 06 08 02 58 20.000000 2   3.448329078878E-12  5.668027505679E-11
AR GRAD 2024 06 08 02 58 30.000000 2   9.425527199014E-12  4.458308375255E-11
AR GRAD 2024 06 08 02 58 40.000000 2   8.920660217460E-12  3.898589437390E-11
AR GRAD 2024 06 08 02 58 50.000000 2   7.927219644599E-12  4.629869751471E-11
AR GRAD 2024 06 08 02 59  0.000000 2   7.506084295783E-12  2.872149913735E-11
AR GRAD 2024 06 08 02 59 10.000000 2  -5.365694433906E-12  5.575430048199E-11
AR GRAD 2024 06 08 02 59 20.000000 2   6.839527642161E-12  4.239709278098E-11
AR GRAD 2024 06 08 02 59 30.000000 2   1.054266309669E-11  2.423988093581E-11
AR GRAD 2024 06 08 02 59 40.000000 2   2.681537067048E-12  3.090266931238E-11
AR GRAD 2024 06 08 02 59 50.000000 2   1.767625217204E-12  6.742545410887E-11
AR GRAD 2024 06 08 03 00  0.000000 2   1.087247566284E-11  6.358235118964E-12
AR GRAD 2024 06 08 03 00 10.000000 2   9.146382436154E-12  4.455101565437E-11
AR GRAD 2024 06 08 03 00 20.000000 2  -2.190878771804E-12  3.179378635365E-11
AR GRAD 2024 06 08 03 00 30.000000 2   2.486591878584E-12  5.988655404909E-11
AR GRAD 2024 06 08 03 00 40.000000 2  -1.690960739487E-12  6.779932171241E-11
AR GRAD 2024 06 08 03 00 50.000000 2   9.067776043925E-12  4.078208951097E-11
AR GRAD 2024 06 08 03 01  0.000000 2   1.278641255376E-11  4.204484677084E-11
AR GRAD 2024 06 08 03 01 10.000000 2   1.350205076868E-13  1.958760237342E-11
AR GRAD 2024 06 08 03 01 20.000000 2   1.378926703724E-12  4.744035719817E-11
AR GRAD 2024 06 08 03 01 30.000000 2   3.047578682469E-12  4.958310845238E-11
AR GRAD 2024 06 08 03 01 40.000000 2   5.755125542795E-12  4.057585170636E-11
AR GRAD 2024 06 08 03 01 50.000000 2  -1.572004787627E-12  2.608859482611E-11
AR GRAD 2024 06 08 03 02  0.000000 2   4.924655301608E-12  4.382133544922E-11
AR GRAD 2024 06 08 03 02 10.000000 2   6.101178156442E-12  5.998406632512E-11
AR GRAD 2024 06 08 03 02 20.000000 2   1.131027888533E-12  3.615680324587E-11
AR GRAD 2024 06 08 03 02 30.000000 2  -1.439183082604E-12  4.001952935706E-11
AR GRAD 2024 06 08 03 02 40.000000 2   9.431372783447E-13  4.569225900419E-11
AR GRAD 2024 06 08 03 02 50.000000 2  -5.104684578684E-13  2.702497774176E-11
AR GRAD 2024 06 08 03 03  0.000000 2   2.561909018262E-12  4.436769701632E-11
AR GRAD 2024 06 08 03 03 10.000000 2  -5.216452270140E-13  4.922041593747E-11
AR GRAD 2024 06 08 03 03 20.000000 2   2.653230066207E-12  4.186312407839E-11
AR GRAD 2024 06 08 03 03 30.000000 2   3.076148493916E-12  4.374583334465E-11
AR GRAD 2024 06 08 03 03 40.000000 2   1.536785238995E-12  4.066853798168E-11
AR GRAD 2024 06 08 03 03 50.000000 2  -2.728829261080E-13  3.755123989535E-11
AR GRAD 2024 06 08 03 04  0.000000 2   2.603751415864E-12  4.089393754181E-11
AR GRAD 2024 06 08 03 04 10.000000 2   3.852587519837E-12  4.708663320363E-11
AR GRAD 2024 06 08 03 04 20.000000 2  -4.403074259363E-12  4.300932179846E-11
AR GRAD 2024 06 08 03 04 30.000000 2  -2.747836029895E-12  2.315200808845E-11
AR GRAD 2024 06 08 03 04 40.000000 2   3.750363734845E-12  3.470469051026E-11
AR GRAD 2024 06 08 03 04 50.000000 2  -5.852928276588E-13  4.889737226232E-11
