 2.00 C RINEX VERSION / TYPE
 10.00 INTERVAL
 1 AR # / TYPES OF DATA
 END OF HEADER
AR GRAD 2024 06 30 01 05  0.000000 2   2.222800762897E-11  7.754271183491E-12
AR GRAD 2024 06 30 01 05 10.000000 2   1.972364979674E-11  2.256477123208E-11
AR GRAD 2024 06 30 01 05 20.000000 2   2.057787273912E-11  2.154527077580E-11
AR GRAD 2024 06 30 01 05 30.000000 2   2.121445033532E-11  1.191576438214E-11
AR GRAD 2024 06 30 01 05 40.000000 2   2.018145199567E-11  1.866255630936E-12
AR GRAD 2024 06 30 01 05 50.000000 2   1.708636183928E-11  1.066674439748E-11
AR GRAD 2024 06 30 01 06  0.000000 2   2.136633925343E-11  2.926723099983E-11
AR GRAD 2024 06 30 01 06 10.000000 2   2.061710871470E-11  1.086771124481E-11
AR GRAD 2024 06 30 01 06 20.000000 2   2.085964213860E-11  1.848819014549E-11
AR GRAD 2024 06 30 01 06 30.000000 2   2.278958619040E-11  5.458666071240E-12
AR GRAD 2024 06 30 01 06 40.000000 2   1.911931030163E-11  2.866913824395E-11
AR GRAD 2024 06 30 01 06 50.000000 2   2.048628801321E-11 -2.950392100770E-12
AR GRAD 2024 06 30 01 07  0.000000 2   2.343760602264E-11  1.522007346544E-11
AR GRAD 2024 06 30 01 07 10.000000 2   1.920765629881E-11 -5.899461474890E-12
AR GRAD 2024 06 30 01 07 20.000000 2   2.288553721530E-11  3.344099996916E-11
AR GRAD 2024 06 30 01 07 30.000000 2   2.186018033257E-11  1.161145572054E-11
AR GRAD 2024 06 30 01 07 40.000000 2   1.799460407070E-11  9.621910039559E-12
AR GRAD 2024 06 30 01 07 50.000000 2   1.820292874766E-11  1.677235954289E-11
AR GRAD 2024 06 30 01 08  0.000000 2   1.909520284948E-11  2.038280828842E-11
AR GRAD 2024 06 30 01 08 10.000000 2   2.360878159635E-11  1.563325337239E-11
AR GRAD 2024 06 30 01 08 20.000000 2   1.949624489628E-11  2.234369286813E-11
AR GRAD 2024 06 30 01 08 30.000000 2   1.807066302151E-11  8.414134840262E-12
AR GRAD 2024 06 30 01 08 40.000000 2   2.001166767018E-11  2.636456851446E-11
AR GRAD 2024 06 30 01 08 50.000000 2   1.636963654905E-11  1.216500164491E-11
AR GRAD 2024 06 30 01 09  0.000000 2   1.987939153569E-11  2.745429968434E-12
AR GRAD 2024 06 30 01 09 10.000000 2   1.636385298098E-11  2.408585657310E-11
AR GRAD 2024 06 30 01 09 20.000000 2   1.799892179744E-11  1.206628026662E-11
AR GRAD 2024 06 30 01 09 30.000000 2   1.899007166795E-11  2.170670067303E-11
AR GRAD 2024 06 30 01 09 40.000000 2   1.727620303760E-11 -2.412883261249E-12
AR GRAD 2024 06 30 01 09 50.000000 2   1.548975704646E-11  2.234753007646E-11
AR GRAD 2024 06 30 01 10  0.000000 2   1.674734656509E-11  7.317940524387E-12
AR GRAD 2024 06 30 01 10 10.000000 2   1.525677674474E-11  1.952834768892E-11
AR GRAD 2024 06 30 01 10 20.000000 2   1.731573738561E-11  1.772875249384E-11
AR GRAD 2024 06 30 01 10 30.000000 2   2.026100641428E-11  8.349154700937E-12
AR GRAD 2024 06 30 01 10 40.000000 2   1.584045394853E-11  4.259551912578E-12
AR GRAD 2024 06 30 01 10 50.000000 2   1.489716336400E-11  1.378994748252E-11
AR GRAD 2024 06 30 01 11  0.000000 2   1.717574693583E-11  8.980339909204E-12
AR GRAD 2024 06 30 01 11 10.000000 2   1.293315541467E-11  1.117072840479E-11
AR GRAD 2024 06 30 01 11 20.000000 2   1.823435326342E-11  2.453111325185E-11
AR GRAD 2024 06 30 01 11 30.000000 2   1.502835529632E-11  1.335149699133E-11
AR GRAD 2024 06 30 01 11 40.000000 2   1.193812323302E-11  1.519187553534E-11
AR GRAD 2024 06 30 01 11 50.000000 2   1.529958625068E-11 -5.137747866035E-12
AR GRAD 2024 06 30 01 12  0.000000 2   1.458182359582E-11  2.534262556753E-11
AR GRAD 2024 06 30 01 12 10.000000 2   1.673952816639E-11  1.368299570870E-11
AR GRAD 2024 06 30 01 12 20.000000 2   1.388336928060E-11 -2.896636706537E-12
AR GRAD 2024 06 30 01 12 30.000000 2   1.668072277528E-11  1.081372665024E-11
AR GRAD 2024 06 30 01 12 40.000000 2   1.280509726032E-11  1.152408810740E-11
AR GRAD 2024 06 30 01 12 50.000000 2   1.137125376499E-11 -3.635554097353E-12
AR GRAD 2024 06 30 01 13  0.000000 2   1.478545584577E-11  5.304800435729E-12
AR GRAD 2024 06 30 01 13 10.000000 2   1.313294785421E-11  1.340515198844E-11
AR GRAD 2024 06 30 01 13 20.000000 2   1.390623293601E-11  1.061549979864E-11
AR GRAD 2024 06 30 01 13 30.000000 2   1.735927200597E-11  6.635845518910E-12
AR GRAD 2024 06 30 01 13 40.000000 2   1.701646289154E-11 -2.438127824633E-13
AR GRAD 2024 06 30 01 13 50.000000 2   1.165891428540E-11  6.046526560693E-12
AR GRAD 2024 06 30 01 14  0.000000 2   1.367373315270E-11 -2.043136710164E-12
AR GRAD 2024 06 30 01 14 10.000000 2   1.470733951292E-11 -2.280512374265E-14
AR GRAD 2024 06 30 01 14 20.000000 2   1.550463056554E-11  6.257524012843E-12
AR GRAD 2024 06 30 01 14 30.000000 2   1.794188582427E-11  6.947851582256E-12
AR GRAD 2024 06 30 01 14 40.000000 2   1.500736340754E-11  1.250817505127E-11
AR GRAD 2024 06 30 01 14 50.000000 2   1.348170707016E-11  1.297849674953E-11
AR GRAD 2024 06 30 01 15  0.000000 2   1.400757201203E-11  1.556881186471E-11
AR GRAD 2024 06 30 01 15 10.000000 2   1.036461628329E-11 -5.380873698002E-12
AR GRAD 2024 06 30 01 15 20.000000 2   1.398706844791E-11  7.779438551681E-12
AR GRAD 2024 06 30 01 15 30.000000 2   1.096736850642E-11  9.129745570657E-12
AR GRAD 2024 06 30 01 15 40.000000 2   1.265722769650E-11  3.860051601273E-12
AR GRAD 2024 06 30 01 15 50.000000 2   1.752772232910E-11  3.250353111661E-12
AR GRAD 2024 06 30 01 16  0.000000 2   1.087446192122E-11  1.088065228194E-11
AR GRAD 2024 06 30 01 16 10.000000 2   1.374418634459E-11  4.509480083185E-13
AR GRAD 2024 06 30 01 16 20.000000 2   1.101001408099E-11  2.311239958100E-12
AR GRAD 2024 06 30 01 16 30.000000 2   1.281244121215E-11  7.431530217594E-12
AR GRAD 2024 06 30 01 16 40.000000 2   1.077217395146E-11  1.571814618566E-12
AR GRAD 2024 06 30 01 16 50.000000 2   1.186860072028E-11  4.382097115729E-12
AR GRAD 2024 06 30 01 17  0.000000 2   1.144441832968E-11 -1.987621655805E-12
AR GRAD 2024 06 30 01 17 10.000000 2   1.423307218612E-11 -6.287344776756E-12
AR GRAD 2024 06 30 01 17 20.000000 2   1.000062446049E-11  8.072929477687E-12
AR GRAD 2024 06 30 01 17 30.000000 2   1.380444977078E-11  1.177320047008E-11
AR GRAD 2024 06 30 01 17 40.000000 2   1.215703752944E-11 -9.796533376183E-12
AR GRAD 2024 06 30 01 17 50.000000 2   8.140123991529E-12 -6.486268987194E-12
AR GRAD 2024 06 30 01 18  0.000000 2   9.521014185387E-12  1.076399386291E-11
AR GRAD 2024 06 30 01 18 10.000000 2   1.098113180248E-11  4.024251851892E-12
AR GRAD 2024 06 30 01 18 20.000000 2   1.085476673823E-11  2.314506442405E-12
AR GRAD 2024 06 30 01 18 30.000000 2   8.438045401293E-12  7.047578124385E-13
AR GRAD 2024 06 30 01 18 40.000000 2   1.585409060978E-11  2.315006910128E-12
AR GRAD 2024 06 30 01 18 50.000000 2   1.018284328386E-11 -1.798474390247E-11
AR GRAD 2024 06 30 01 19  0.000000 2   5.168889621876E-12  5.835496148798E-12
AR GRAD 2024 06 30 01 19 10.000000 2   1.098121680393E-11 -9.424263452962E-12
AR GRAD 2024 06 30 01 19 20.000000 2   1.298692924034E-11  1.364597237291E-11
AR GRAD 2024 06 30 01 19 30.000000 2   6.967861183871E-12 -5.193796347863E-12
AR GRAD 2024 06 30 01 19 40.000000 2   6.719538987732E-12 -1.018356406146E-11
AR GRAD 2024 06 30 01 19 50.000000 2   7.132940071930E-12  2.666183076996E-14
AR GRAD 2024 06 30 01 20  0.000000 2   8.985036673015E-12  4.668864578804E-13
AR GRAD 2024 06 30 01 20 10.000000 2   7.362082297957E-12  2.177108536852E-12
AR GRAD 2024 06 30 01 20 20.000000 2   7.046201296046E-12 -1.405267308768E-11
AR GRAD 2024 06 30 01 20 30.000000 2   8.235816542634E-12 -1.812245839505E-11
AR GRAD 2024 06 30 01 20 40.000000 2   1.072539453084E-11  6.077517504012E-13
AR GRAD 2024 06 30 01 20 50.000000 2   5.491574209260E-12 -2.582040267360E-12
AR GRAD 2024 06 30 01 21  0.000000 2   9.054873170711E-12 -7.561833104130E-12
AR GRAD 2024 06 30 01 21 10.000000 2   1.057373893304E-11  3.248367286962E-12
AR GRAD 2024 06 30 01 21 20.000000 2   5.279653450541E-12 -1.136143349539E-11
AR GRAD 2024 06 30 01 21 30.000000 2   9.183031071669E-12 -5.221237938530E-12
AR GRAD 2024 06 30 01 21 40.000000 2   6.195254812630E-12 -1.772104511744E-11
AR GRAD 2024 06 30 01 21 50.000000 2   1.121909683210E-11  3.849144961099E-12
AR GRAD 2024 06 30 01 22  0.000000 2   9.118310273504E-12  4.493330891826E-13
AR GRAD 2024 06 30 01 22 10.000000 2   8.361468635532E-12 -5.740484476657E-12
AR GRAD 2024 06 30 01 22 20.000000 2   5.176152041708E-12 -1.482030470568E-11
AR GRAD 2024 06 30 01 22 30.000000 2   1.765857642402E-12 -9.860124869365E-12
AR GRAD 2024 06 30 01 22 40.000000 2   8.568218183569E-12  8.700494751740E-13
AR GRAD 2024 06 30 01 22 50.000000 2   6.691773003775E-12 -2.343977789643E-11
AR GRAD 2024 06 30 01 23  0.000000 2   6.784099323975E-12 -9.139612677789E-12
AR GRAD 2024 06 30 01 23 10.000000 2   5.885770603536E-12  4.905536155238E-13
AR GRAD 2024 06 30 01 23 20.000000 2   9.211384259522E-12 -1.230928380058E-11
AR GRAD 2024 06 30 01 23 30.000000 2   4.769561048196E-12 -9.749125118308E-12
AR GRAD 2024 06 30 01 23 40.000000 2   6.793083890538E-12 -4.518970701112E-12
AR GRAD 2024 06 30 01 23 50.000000 2   4.967637412534E-12 -1.988881975779E-11
AR GRAD 2024 06 30 01 24  0.000000 2   5.408840476201E-12 -6.008667955554E-12
AR GRAD 2024 06 30 01 24 10.000000 2   4.445767972511E-12 -1.950852326904E-11
AR GRAD 2024 06 30 01 24 20.000000 2   6.829235527778E-12  5.451620925523E-12
AR GRAD 2024 06 30 01 24 30.000000 2   4.121784944605E-12 -2.636824265878E-11
AR GRAD 2024 06 30 01 24 40.000000 2   5.349934471127E-12 -2.368102675759E-12
AR GRAD 2024 06 30 01 24 50.000000 2   3.593250913828E-12 -1.998797134750E-11
AR GRAD 2024 06 30 01 25  0.000000 2   3.491890804286E-12 -1.347783776945E-11
AR GRAD 2024 06 30 01 25 10.000000 2   5.477730682241E-12 -7.387709367868E-12
AR GRAD 2024 06 30 01 25 20.000000 2   3.577936341301E-12 -1.072758461923E-11
AR GRAD 2024 06 30 01 25 30.000000 2   5.413552852523E-12 -1.458746491656E-11
AR GRAD 2024 06 30 01 25 40.000000 2   4.981904212081E-12 -1.299734712218E-11
AR GRAD 2024 06 30 01 25 50.000000 2   3.549190889102E-12 -1.759723096406E-11
AR GRAD 2024 06 30 01 26  0.000000 2   4.379369696744E-12 -9.397117632648E-12
AR GRAD 2024 06 30 01 26 10.000000 2   2.630466807915E-12 -1.704700963723E-11
AR GRAD 2024 06 30 01 26 20.000000 2   1.613856075687E-12 -2.286903522455E-12
AR GRAD 2024 06 30 01 26 30.000000 2   3.122511147216E-12 -9.236799693169E-12
AR GRAD 2024 06 30 01 26 40.000000 2   3.192577929453E-12 -1.358670120855E-11
AR GRAD 2024 06 30 01 26 50.000000 2   2.025829590885E-12 -1.420660290796E-11
AR GRAD 2024 06 30 01 27  0.000000 2   1.543277658445E-12 -1.525651306677E-11
AR GRAD 2024 06 30 01 27 10.000000 2   3.689063377693E-12 -8.716419079569E-12
AR GRAD 2024 06 30 01 27 20.000000 2   8.392485382862E-13 -1.732633307661E-11
AR GRAD 2024 06 30 01 27 30.000000 2   2.139811331597E-12 -1.743625036021E-11
AR GRAD 2024 06 30 01 27 40.000000 2   8.988858377253E-13 -3.546168783966E-12
AR GRAD 2024 06 30 01 27 50.000000 2   3.278032359444E-12 -1.605608875022E-11
AR GRAD 2024 06 30 01 28  0.000000 2  -1.759400893205E-12 -2.609601597314E-11
AR GRAD 2024 06 30 01 28 10.000000 2   1.327199634915E-12 -3.285943782697E-12
AR GRAD 2024 06 30 01 28 20.000000 2  -1.655133495537E-12 -6.715874818070E-12
AR GRAD 2024 06 30 01 28 30.000000 2  -4.290550120051E-13 -1.814580950776E-11
AR GRAD 2024 06 30 01 28 40.000000 2   7.414601159612E-13 -1.635746984911E-12
AR GRAD 2024 06 30 01 28 50.000000 2  -3.909618939354E-13 -2.986568631291E-11
AR GRAD 2024 06 30 01 29  0.000000 2  -1.415032912892E-12 -6.215632175621E-12
AR GRAD 2024 06 30 01 29 10.000000 2  -5.786709544701E-13 -1.769557764209E-11
AR GRAD 2024 06 30 01 29 20.000000 2  -3.295331889308E-12 -1.236553047457E-11
AR GRAD 2024 06 30 01 29 30.000000 2   1.724418893269E-12 -2.099548312984E-11
AR GRAD 2024 06 30 01 29 40.000000 2  -5.272511160309E-12 -1.054543778689E-11
AR GRAD 2024 06 30 01 29 50.000000 2   2.342338562694E-12 -1.579539971042E-11
AR GRAD 2024 06 30 01 30  0.000000 2  -2.892840914731E-12 -1.914535890934E-11
AR GRAD 2024 06 30 01 30 10.000000 2  -8.895547601480E-13 -2.758532811897E-11
AR GRAD 2024 06 30 01 30 20.000000 2  -6.046967397297E-13 -1.988529306496E-11
AR GRAD 2024 06 30 01 30 30.000000 2  -2.559186369766E-12 -1.184526608744E-11
AR GRAD 2024 06 30 01 30 40.000000 2  -2.624767373935E-12 -1.092524074681E-11
AR GRAD 2024 06 30 01 30 50.000000 2   4.693029818925E-13 -1.755521943092E-11
AR GRAD 2024 06 30 01 31  0.000000 2   7.613643331246E-13 -1.981519982819E-11
AR GRAD 2024 06 30 01 31 10.000000 2  -1.138171317177E-13 -2.073518266810E-11
AR GRAD 2024 06 30 01 31 20.000000 2  -4.078205221442E-12 -1.958517202583E-11
AR GRAD 2024 06 30 01 31 30.000000 2   7.807740456771E-13 -4.245161947664E-12
AR GRAD 2024 06 30 01 31 40.000000 2  -7.641932876432E-13 -1.818515477092E-11
AR GRAD 2024 06 30 01 31 50.000000 2  -1.034553844502E-12 -1.713515267177E-11
AR GRAD 2024 06 30 01 32  0.000000 2   1.029675476827E-12 -2.091515155511E-11
AR GRAD 2024 06 30 01 32 10.000000 2  -2.168623787491E-12 -1.685154077911E-12
AR GRAD 2024 06 30 01 32 20.000000 2  -4.899293210708E-12 -1.640516368584E-11
AR GRAD 2024 06 30 01 32 30.000000 2   6.518659310256E-13 -3.093517109143E-11
AR GRAD 2024 06 30 01 32 40.000000 2  -1.189984200588E-12 -1.375518362406E-11
AR GRAD 2024 06 30 01 32 50.000000 2  -7.855404694779E-13 -1.763519885678E-11
AR GRAD 2024 06 30 01 33  0.000000 2  -2.259838583624E-12 -2.022521906897E-11
AR GRAD 2024 06 30 01 33 10.000000 2   1.251820912554E-12 -1.091523833124E-11
AR GRAD 2024 06 30 01 33 20.000000 2  -4.255722510504E-12 -1.697526147426E-11
AR GRAD 2024 06 30 01 33 30.000000 2  -1.814442584895E-12 -2.465528822770E-11
AR GRAD 2024 06 30 01 33 40.000000 2  -3.279362458669E-12 -2.390532216623E-11
AR GRAD 2024 06 30 01 33 50.000000 2   7.903630007411E-13 -1.459535443893E-11
AR GRAD 2024 06 30 01 34  0.000000 2   1.607029505128E-12 -3.865393682217E-12
AR GRAD 2024 06 30 01 34 10.000000 2  -5.763352035199E-12 -2.245543161139E-11
AR GRAD 2024 06 30 01 34 20.000000 2   4.439437532866E-12 -5.215475620823E-12
AR GRAD 2024 06 30 01 34 30.000000 2  -5.618377724864E-12 -1.777552584292E-11
AR GRAD 2024 06 30 01 34 40.000000 2  -1.891075187069E-12 -1.970557224340E-11
AR GRAD 2024 06 30 01 34 50.000000 2  -2.610860204248E-13 -1.325562316162E-11
AR GRAD 2024 06 30 01 35  0.000000 2  -1.551702559846E-12 -5.845681144007E-12
AR GRAD 2024 06 30 01 35 10.000000 2   3.202298235611E-12  1.794261354077E-12
AR GRAD 2024 06 30 01 35 20.000000 2   1.625869361019E-12 -2.703579894681E-11
AR GRAD 2024 06 30 01 35 30.000000 2  -4.321220464787E-12 -1.672586721901E-11
AR GRAD 2024 06 30 01 35 40.000000 2   9.132982998344E-13 -1.693593529306E-11
AR GRAD 2024 06 30 01 35 50.000000 2  -1.366303879931E-12 -1.691600505505E-11
AR GRAD 2024 06 30 01 36  0.000000 2  -7.281805909122E-13 -1.362608029881E-11
AR GRAD 2024 06 30 01 36 10.000000 2   1.661623204481E-12 -1.156615862113E-11
AR GRAD 2024 06 30 01 36 20.000000 2   1.484961567773E-12 -1.884624054038E-11
AR GRAD 2024 06 30 01 36 30.000000 2   2.958683862145E-12 -2.487632148884E-11
AR GRAD 2024 06 30 01 36 40.000000 2   2.186315148020E-12  3.523590056884E-12
AR GRAD 2024 06 30 01 36 50.000000 2   3.414246099384E-12 -2.075650068489E-11
AR GRAD 2024 06 30 01 37  0.000000 2   7.220986504054E-13 -1.455659204286E-11
AR GRAD 2024 06 30 01 37 10.000000 2   6.498945912675E-12 -1.626669111909E-11
AR GRAD 2024 06 30 01 37 20.000000 2   4.681592353367E-12 -2.007679092420E-11
AR GRAD 2024 06 30 01 37 30.000000 2  -9.052324319823E-13 -1.346688906223E-11
AR GRAD 2024 06 30 01 37 40.000000 2   3.154507904890E-12 -1.684699602045E-11
AR GRAD 2024 06 30 01 37 50.000000 2   4.195794319622E-12 -8.587104118052E-12
AR GRAD 2024 06 30 01 38  0.000000 2  -3.384253597846E-12  3.592785357415E-12
AR GRAD 2024 06 30 01 38 10.000000 2   3.607580163420E-12 -8.347329771841E-12
AR GRAD 2024 06 30 01 38 20.000000 2   3.981356477140E-12 -1.134744815473E-11
AR GRAD 2024 06 30 01 38 30.000000 2   1.707757958484E-12 -2.104756993693E-11
AR GRAD 2024 06 30 01 38 40.000000 2   1.895272675780E-13 -7.107692906461E-12
AR GRAD 2024 06 30 01 38 50.000000 2  -4.400599080013E-13 -1.040782130618E-11
AR GRAD 2024 06 30 01 39  0.000000 2   1.298199069945E-12 -8.457950485818E-12
AR GRAD 2024 06 30 01 39 10.000000 2   8.326855698015E-12 -2.382808880763E-11
AR GRAD 2024 06 30 01 39 20.000000 2   3.023287566475E-12 -5.718221469247E-12
AR GRAD 2024 06 30 01 39 30.000000 2   3.547648286251E-13 -1.204836144048E-11
AR GRAD 2024 06 30 01 39 40.000000 2   6.032972515654E-13 -2.352850553278E-11
AR GRAD 2024 06 30 01 39 50.000000 2   2.141329648320E-12  3.371350724632E-12
AR GRAD 2024 06 30 01 40  0.000000 2   4.307850083596E-12 -2.638799335292E-12
AR GRAD 2024 06 30 01 40 10.000000 2   1.862819143730E-12 -1.540895015750E-11
AR GRAD 2024 06 30 01 40 20.000000 2   6.897324291572E-12 -1.407910680401E-11
AR GRAD 2024 06 30 01 40 30.000000 2   4.953884091136E-12 -8.109263260891E-12
AR GRAD 2024 06 30 01 40 40.000000 2   5.421577249642E-12 -2.131942886119E-11
AR GRAD 2024 06 30 01 40 50.000000 2   4.689194779001E-12 -1.289590287855E-12
AR GRAD 2024 06 30 01 41  0.000000 2   3.696896087868E-12 -1.613975966763E-11
AR GRAD 2024 06 30 01 41 10.000000 2  -5.790051055797E-13  1.558007022007E-11
AR GRAD 2024 06 30 01 41 20.000000 2   4.024085752119E-12 -2.123010447996E-11
AR GRAD 2024 06 30 01 41 30.000000 2   5.832051855337E-12 -5.530278925775E-12
AR GRAD 2024 06 30 01 41 40.000000 2   2.172393341604E-12 -7.530460630067E-12
AR GRAD 2024 06 30 01 41 50.000000 2   2.600745790601E-12 -9.930643113387E-12
AR GRAD 2024 06 30 01 42  0.000000 2   6.659107727042E-12 -7.570829380077E-12
AR GRAD 2024 06 30 01 42 10.000000 2   1.954385655048E-12 -1.911101832341E-11
AR GRAD 2024 06 30 01 42 20.000000 2   1.690842019349E-12 -2.608121531245E-11
AR GRAD 2024 06 30 01 42 30.000000 2   3.245892703924E-12  8.158592725016E-12
AR GRAD 2024 06 30 01 42 40.000000 2   6.320361334994E-12  4.868392581431E-12
AR GRAD 2024 06 30 01 42 50.000000 2   2.238523168913E-12 -1.509180801162E-11
AR GRAD 2024 06 30 01 43  0.000000 2   5.887610277783E-12 -6.692014564019E-12
AR GRAD 2024 06 30 01 43 10.000000 2   1.028645224554E-11 -4.202221903782E-12
AR GRAD 2024 06 30 01 43 20.000000 2   7.377658380048E-12 -5.912432869681E-12
AR GRAD 2024 06 30 01 43 30.000000 2   6.541923253112E-12 -1.882264656639E-11
AR GRAD 2024 06 30 01 43 40.000000 2   1.040415410075E-11 -1.914286784643E-11
AR GRAD 2024 06 30 01 43 50.000000 2   4.073262560578E-12  9.369152589173E-13
AR GRAD 2024 06 30 01 44  0.000000 2   3.532186045388E-12  6.691923660443E-15
AR GRAD 2024 06 30 01 44 10.000000 2   6.543389528130E-12 -9.733536025791E-12
AR GRAD 2024 06 30 01 44 20.000000 2   1.085750846869E-11  2.342623491025E-11
AR GRAD 2024 06 30 01 44 30.000000 2   9.726796625087E-12 -5.233998564419E-12
AR GRAD 2024 06 30 01 44 40.000000 2   8.381193308815E-12 -1.204423540069E-11
AR GRAD 2024 06 30 01 44 50.000000 2   9.458630059744E-12 -9.454473662296E-12
AR GRAD 2024 06 30 01 45  0.000000 2   6.989132796814E-12 -1.584717274940E-12
AR GRAD 2024 06 30 01 45 10.000000 2   5.791554735790E-12 -1.015496020607E-11
AR GRAD 2024 06 30 01 45 20.000000 2   4.939442518198E-12 -1.815209549512E-12
AR GRAD 2024 06 30 01 45 30.000000 2   5.459813157138E-12 -5.225462423875E-12
AR GRAD 2024 06 30 01 45 40.000000 2   1.307638459319E-11 -1.027571604195E-11
AR GRAD 2024 06 30 01 45 50.000000 2   8.721137527423E-12  1.813402553119E-11
AR GRAD 2024 06 30 01 46  0.000000 2   8.177185491232E-12 -2.870623530549E-11
AR GRAD 2024 06 30 01 46 10.000000 2   6.090856985441E-12  1.480350043936E-11
AR GRAD 2024 06 30 01 46 20.000000 2   5.796791432283E-12  1.823234922413E-12
AR GRAD 2024 06 30 01 46 30.000000 2   8.546919248731E-12 -8.427035111391E-12
AR GRAD 2024 06 30 01 46 40.000000 2   7.958134151664E-12  1.630268836594E-11
AR GRAD 2024 06 30 01 46 50.000000 2   1.114478301312E-11 -6.597587060009E-12
AR GRAD 2024 06 30 01 47  0.000000 2   1.153756690880E-11  1.571213298357E-11
AR GRAD 2024 06 30 01 47 10.000000 2   8.414046369365E-12  1.696185032707E-11
AR GRAD 2024 06 30 01 47 20.000000 2   7.118971211140E-12 -2.348433947308E-12
AR GRAD 2024 06 30 01 47 30.000000 2   7.562991899412E-12  8.812764970903E-13
AR GRAD 2024 06 30 01 47 40.000000 2   9.017283447710E-12  1.709829516470E-13
AR GRAD 2024 06 30 01 47 50.000000 2   8.464942288788E-12  2.439068912119E-11
AR GRAD 2024 06 30 01 48  0.000000 2   8.244227349408E-12 -8.779608984266E-12
AR GRAD 2024 06 30 01 48 10.000000 2   9.295911262974E-12  5.990087766083E-12
AR GRAD 2024 06 30 01 48 20.000000 2   1.296678129453E-11  7.069785295383E-12
AR GRAD 2024 06 30 01 48 30.000000 2   1.173813563710E-11 -7.750523313421E-12
AR GRAD 2024 06 30 01 48 40.000000 2   1.062611110214E-11  3.969167442636E-12
AR GRAD 2024 06 30 01 48 50.000000 2   1.210249088446E-11  2.017885164518E-11
AR GRAD 2024 06 30 01 49  0.000000 2   1.256208331801E-11 -1.178146209063E-11
AR GRAD 2024 06 30 01 49 10.000000 2   6.272175921002E-12 -6.717846222880E-13
AR GRAD 2024 06 30 01 49 20.000000 2   1.277140979777E-11  9.147893380301E-12
AR GRAD 2024 06 30 01 49 30.000000 2   1.235105507452E-11  1.543756442124E-11
AR GRAD 2024 06 30 01 49 40.000000 2   1.020936720580E-11 -2.042762009893E-12
AR GRAD 2024 06 30 01 49 50.000000 2   6.813725798860E-12  1.650690348298E-11
AR GRAD 2024 06 30 01 50  0.000000 2   7.424243511633E-12  1.915656869245E-11
AR GRAD 2024 06 30 01 50 10.000000 2   1.018316767715E-11  1.491622970973E-11
AR GRAD 2024 06 30 01 50 20.000000 2   1.217008091525E-11  7.435888710328E-12
AR GRAD 2024 06 30 01 50 30.000000 2   1.026081389993E-11  6.615544050070E-12
AR GRAD 2024 06 30 01 50 40.000000 2   1.504095459293E-11  1.487519482590E-11
AR GRAD 2024 06 30 01 50 50.000000 2   7.813555358283E-12  3.064844168385E-12
AR GRAD 2024 06 30 01 51  0.000000 2   1.384313930847E-11  2.025448905818E-11
AR GRAD 2024 06 30 01 51 10.000000 2   1.192235025982E-11  1.126413372299E-11
AR GRAD 2024 06 30 01 51 20.000000 2   9.217387270111E-12 -6.346228664106E-12
AR GRAD 2024 06 30 01 51 30.000000 2   1.127726211025E-11  1.803340810014E-11
AR GRAD 2024 06 30 01 51 40.000000 2   1.050178173589E-11  2.494304068845E-11
AR GRAD 2024 06 30 01 51 50.000000 2   1.035574837688E-11  1.315267339486E-11
AR GRAD 2024 06 30 01 52  0.000000 2   1.147171420357E-11  1.599229949856E-11
AR GRAD 2024 06 30 01 52 10.000000 2   1.036805016841E-11  2.279192286292E-11
AR GRAD 2024 06 30 01 52 20.000000 2   1.098443818542E-11  1.421154426778E-11
AR GRAD 2024 06 30 01 52 30.000000 2   1.283254405515E-11  4.071160943087E-12
AR GRAD 2024 06 30 01 52 40.000000 2   1.226685072964E-11  2.436077554957E-11
AR GRAD 2024 06 30 01 52 50.000000 2   1.441178773542E-11  7.450389263863E-12
AR GRAD 2024 06 30 01 53  0.000000 2   1.390242521798E-11  2.171999559375E-11
AR GRAD 2024 06 30 01 53 10.000000 2   1.280178046903E-11  6.869602109383E-12
AR GRAD 2024 06 30 01 53 20.000000 2   1.273960190812E-11  3.088920785821E-11
AR GRAD 2024 06 30 01 53 30.000000 2   1.247514071212E-11  6.858803889426E-12
AR GRAD 2024 06 30 01 53 40.000000 2   1.586357434302E-11  1.327840094822E-11
AR GRAD 2024 06 30 01 53 50.000000 2   1.333950484794E-11  1.557799202134E-11
AR GRAD 2024 06 30 01 54  0.000000 2   1.234609463274E-11  1.378758305443E-11
AR GRAD 2024 06 30 01 54 10.000000 2   1.085987549887E-11  3.012717159079E-11
AR GRAD 2024 06 30 01 54 20.000000 2   1.810771498023E-11  1.298675316591E-11
AR GRAD 2024 06 30 01 54 30.000000 2   1.237698658840E-11  1.527633228249E-11
AR GRAD 2024 06 30 01 54 40.000000 2   1.155747459541E-11  3.463591219388E-11
AR GRAD 2024 06 30 01 54 50.000000 2   1.619743575376E-11  6.365484962051E-12
AR GRAD 2024 06 30 01 55  0.000000 2   1.342451497188E-11  1.060505589595E-11
AR GRAD 2024 06 30 01 55 10.000000 2   9.820718890885E-12  2.272462253095E-11
AR GRAD 2024 06 30 01 55 20.000000 2   1.549784085786E-11  1.347418964598E-11
AR GRAD 2024 06 30 01 55 30.000000 2   1.617535966281E-11  6.633751273993E-12
AR GRAD 2024 06 30 01 55 40.000000 2   1.224498280550E-11  2.641330903996E-11
AR GRAD 2024 06 30 01 55 50.000000 2   1.570623839320E-11  2.101286505907E-11
AR GRAD 2024 06 30 01 56  0.000000 2   1.674664573681E-11  7.392418274743E-12
AR GRAD 2024 06 30 01 56 10.000000 2   1.093004332875E-11  3.490196673339E-11
AR GRAD 2024 06 30 01 56 20.000000 2   1.940905595965E-11  8.391513178774E-12
AR GRAD 2024 06 30 01 56 30.000000 2   1.265083437313E-11  1.959105447313E-11
AR GRAD 2024 06 30 01 56 40.000000 2   1.225124775933E-11  2.293059665759E-11
AR GRAD 2024 06 30 01 56 50.000000 2   1.464084756209E-11  1.325013276182E-11
AR GRAD 2024 06 30 01 57  0.000000 2   1.052515800209E-11  2.513966639028E-11
AR GRAD 2024 06 30 01 57 10.000000 2   1.901181122255E-11  1.091919783758E-11
AR GRAD 2024 06 30 01 57 20.000000 2   1.018045803908E-11  1.794872583893E-11
AR GRAD 2024 06 30 01 57 30.000000 2   1.230025109544E-11  3.375825313734E-11
AR GRAD 2024 06 30 01 57 40.000000 2   1.269637867063E-11  1.477777102077E-11
AR GRAD 2024 06 30 01 57 50.000000 2   1.769341964608E-11  2.357729116109E-11
AR GRAD 2024 06 30 01 58  0.000000 2   1.556793409463E-11  1.923680485738E-11
AR GRAD 2024 06 30 01 58 10.000000 2   1.924529285935E-11  3.107631860177E-11
AR GRAD 2024 06 30 01 58 20.000000 2   1.772235656838E-11  2.772582510802E-11
AR GRAD 2024 06 30 01 58 30.000000 2   1.640242629219E-11  5.225331885933E-12
AR GRAD 2024 06 30 01 58 40.000000 2   1.710282609979E-11  3.682483484813E-11
AR GRAD 2024 06 30 01 58 50.000000 2   1.345271203462E-11  9.004334604323E-12
AR GRAD 2024 06 30 01 59  0.000000 2   1.511540545507E-11  2.492383036068E-11
AR GRAD 2024 06 30 01 59 10.000000 2   1.813339582657E-11  2.125332201897E-11
AR GRAD 2024 06 30 01 59 20.000000 2   1.569158171455E-11  9.772815369458E-12
AR GRAD 2024 06 30 01 59 30.000000 2   1.362686265910E-11  2.779230318106E-11
AR GRAD 2024 06 30 01 59 40.000000 2   1.661198609226E-11  1.863178535066E-11
AR GRAD 2024 06 30 01 59 50.000000 2   1.932840172636E-11  2.389126743663E-11
AR GRAD 2024 06 30 02 00  0.000000 2   1.687765031899E-11  2.713074383209E-11
AR GRAD 2024 06 30 02 00 10.000000 2   1.796709482582E-11  2.098021929797E-11
AR GRAD 2024 06 30 02 00 20.000000 2   1.475924070460E-11  1.729969119346E-11
AR GRAD 2024 06 30 02 00 30.000000 2   1.736044467904E-11  1.444915975063E-11
AR GRAD 2024 06 30 02 00 40.000000 2   2.051446339191E-11  2.561862527672E-11
AR GRAD 2024 06 30 02 00 50.000000 2   2.076222353764E-11  3.167809070614E-11
AR GRAD 2024 06 30 02 01  0.000000 2   1.680356027933E-11  3.273754878297E-11
AR GRAD 2024 06 30 02 01 10.000000 2   2.117888503461E-11  2.361700245090E-11
AR GRAD 2024 06 30 02 01 20.000000 2   1.535544955078E-11  3.481645527437E-11
AR GRAD 2024 06 30 02 01 30.000000 2   1.802028665177E-11  2.707590575357E-11
AR GRAD 2024 06 30 02 01 40.000000 2   1.719367703767E-11  3.840535528488E-11
AR GRAD 2024 06 30 02 01 50.000000 2   1.709142549711E-11  2.608479578170E-11
AR GRAD 2024 06 30 02 02  0.000000 2   1.744182229202E-11  3.778423754430E-11
AR GRAD 2024 06 30 02 02 10.000000 2   2.088350152529E-11  1.418367420042E-11
AR GRAD 2024 06 30 02 02 20.000000 2   1.495147061714E-11  2.781310945443E-11
AR GRAD 2024 06 30 02 02 30.000000 2   2.248771308055E-11  1.840253990859E-11
AR GRAD 2024 06 30 02 02 40.000000 2   1.841161598182E-11  4.427196803602E-11
AR GRAD 2024 06 30 02 02 50.000000 2   1.766049459451E-11  2.939139556735E-11
AR GRAD 2024 06 30 02 03  0.000000 2   1.914959857352E-11  3.217081462337E-11
AR GRAD 2024 06 30 02 03 10.000000 2   1.775102287382E-11  3.238023391083E-11
AR GRAD 2024 06 30 02 03 20.000000 2   1.909283495194E-11  1.880965001810E-11
AR GRAD 2024 06 30 02 03 30.000000 2   2.140672882012E-11  1.485906016285E-11
AR GRAD 2024 06 30 02 03 40.000000 2   1.821878932440E-11  2.401847123967E-11
AR GRAD 2024 06 30 02 03 50.000000 2   1.958814707659E-11  3.324787667403E-11
AR GRAD 2024 06 30 02 04  0.000000 2   1.823582430893E-11  1.973728125382E-11
AR GRAD 2024 06 30 02 04 10.000000 2   1.879655632531E-11  3.952668400919E-11
AR GRAD 2024 06 30 02 04 20.000000 2   2.067461132849E-11  3.369607717851E-11
AR GRAD 2024 06 30 02 04 30.000000 2   1.958195064433E-11  2.624547107422E-11
AR GRAD 2024 06 30 02 04 40.000000 2   1.849799133313E-11  3.034486550924E-11
AR GRAD 2024 06 30 02 04 50.000000 2   1.944941430132E-11  3.020425229372E-11
AR GRAD 2024 06 30 02 05  0.000000 2   1.691621322186E-11  3.369363468786E-11
AR GRAD 2024 06 30 02 05 10.000000 2   1.725275304565E-11  1.758301663990E-11
AR GRAD 2024 06 30 02 05 20.000000 2   1.828910113633E-11  3.742239504390E-11
AR GRAD 2024 06 30 02 05 30.000000 2   1.752578464298E-11  2.728177059264E-11
AR GRAD 2024 06 30 02 05 40.000000 2   2.078923144744E-11  3.170114518114E-11
AR GRAD 2024 06 30 02 05 50.000000 2   1.859650454461E-11  3.347051455438E-11
AR GRAD 2024 06 30 02 06  0.000000 2   2.217506907265E-11  3.609988002973E-11
AR GRAD 2024 06 30 02 06 10.000000 2   2.382133379442E-11  2.669924177578E-11
AR GRAD 2024 06 30 02 06 20.000000 2   2.181275472746E-11  2.026860103366E-11
AR GRAD 2024 06 30 02 06 30.000000 2   1.856334530537E-11  3.029795858644E-11
AR GRAD 2024 06 30 02 06 40.000000 2   2.152222323970E-11  2.637731005839E-11
AR GRAD 2024 06 30 02 06 50.000000 2   1.824003274808E-11  3.402665996188E-11
AR GRAD 2024 06 30 02 07  0.000000 2   1.996208580379E-11  3.599600825743E-11
AR GRAD 2024 06 30 02 07 10.000000 2   1.965530689596E-11  4.302535411282E-11
AR GRAD 2024 06 30 02 07 20.000000 2   1.853104128480E-11  2.310469177091E-11
AR GRAD 2024 06 30 02 07 30.000000 2   2.199309831474E-11  2.150403292933E-11
AR GRAD 2024 06 30 02 07 40.000000 2   2.226440906639E-11  3.191336778174E-11
AR GRAD 2024 06 30 02 07 50.000000 2   1.925872135378E-11  4.467269956732E-11
AR GRAD 2024 06 30 02 08  0.000000 2   2.155083923816E-11  2.786202692173E-11
AR GRAD 2024 06 30 02 08 10.000000 2   2.268055708521E-11  4.657135094233E-11
AR GRAD 2024 06 30 02 08 20.000000 2   2.381475225355E-11  2.459067498239E-11
AR GRAD 2024 06 30 02 08 30.000000 2   2.112094527051E-11  4.117999344300E-11
AR GRAD 2024 06 30 02 08 40.000000 2   1.978280039783E-11  2.838931000004E-11
AR GRAD 2024 06 30 02 08 50.000000 2   1.774932457954E-11  2.748862248936E-11
AR GRAD 2024 06 30 02 09  0.000000 2   2.074164104360E-11  2.865793193030E-11
AR GRAD 2024 06 30 02 09 10.000000 2   1.872820128146E-11  4.051723886955E-11
AR GRAD 2024 06 30 02 09 20.000000 2   2.241230638578E-11  3.282654703618E-11
AR GRAD 2024 06 30 02 09 30.000000 2   2.060937184800E-11  6.985844194785E-12
AR GRAD 2024 06 30 02 09 40.000000 2   1.961151380181E-11  4.128514544122E-11
AR GRAD 2024 06 30 02 09 50.000000 2   2.496130732665E-11  3.155443614733E-11
AR GRAD 2024 06 30 02 10  0.000000 2   1.707206945256E-11  4.072372647435E-11
AR GRAD 2024 06 30 02 10 10.000000 2   2.046918537446E-11  3.247301733067E-11
AR GRAD 2024 06 30 02 10 20.000000 2   2.492362913276E-11  2.227230205820E-11
AR GRAD 2024 06 30 02 10 30.000000 2   2.131382917381E-11  1.853158425325E-11
AR GRAD 2024 06 30 02 10 40.000000 2   1.833096521797E-11  5.304086336810E-11
AR GRAD 2024 06 30 02 10 50.000000 2   1.999466738012E-11  2.946013918925E-11
AR GRAD 2024 06 30 02 11  0.000000 2   2.292134017312E-11  3.107940987901E-11
AR GRAD 2024 06 30 02 11 10.000000 2   2.330189166622E-11  3.126868208803E-11
AR GRAD 2024 06 30 02 11 20.000000 2   2.265112576672E-11  5.926793777977E-11
AR GRAD 2024 06 30 02 11 30.000000 2   2.508151152047E-11  3.346721164088E-11
AR GRAD 2024 06 30 02 11 40.000000 2   2.114640754169E-11  2.091647167968E-11
AR GRAD 2024 06 30 02 11 50.000000 2   2.099207613293E-11  1.621572841282E-11
AR GRAD 2024 06 30 02 12  0.000000 2   2.582991806555E-11  4.433498013157E-11
AR GRAD 2024 06 30 02 12 10.000000 2   2.105483148940E-11  2.668423121355E-11
AR GRAD 2024 06 30 02 12 20.000000 2   2.446548519330E-11  3.138348261822E-11
AR GRAD 2024 06 30 02 12 30.000000 2   2.463495379912E-11  4.069272696583E-11
AR GRAD 2024 06 30 02 12 40.000000 2   2.289729517102E-11  2.960197018065E-11
AR GRAD 2024 06 30 02 12 50.000000 2   1.847895621243E-11  3.307120896578E-11
AR GRAD 2024 06 30 02 13  0.000000 2   2.130818958779E-11  3.875044382595E-11
AR GRAD 2024 06 30 02 13 10.000000 2   2.330401323303E-11  4.081967402980E-11
AR GRAD 2024 06 30 02 13 20.000000 2   1.966829997480E-11  3.295890296795E-11
AR GRAD 2024 06 30 02 13 30.000000 2   2.375993846115E-11  3.910812645946E-11
AR GRAD 2024 06 30 02 13 40.000000 2   2.251652336804E-11  3.242735246989E-11
AR GRAD 2024 06 30 02 13 50.000000 2   1.960600258533E-11  3.164657078059E-11
AR GRAD 2024 06 30 02 14  0.000000 2   2.207218435801E-11  4.492578878357E-11
AR GRAD 2024 06 30 02 14 10.000000 2   2.419702459233E-11  2.485500173732E-11
AR GRAD 2024 06 30 02 14 20.000000 2   2.001633407633E-11  2.152421123280E-11
AR GRAD 2024 06 30 02 14 30.000000 2   2.122621349521E-11  4.268341929903E-11
AR GRAD 2024 06 30 02 14 40.000000 2   2.337788990170E-11  3.886262492370E-11
AR GRAD 2024 06 30 02 14 50.000000 2   2.422794083412E-11  2.085182547462E-11
AR GRAD 2024 06 30 02 15  0.000000 2   2.425858992849E-11  3.534102524516E-11
AR GRAD 2024 06 30 02 15 10.000000 2   2.284261668706E-11  3.720021859999E-11
AR GRAD 2024 06 30 02 15 20.000000 2   2.649687413925E-11  3.276941218378E-11
AR GRAD 2024 06 30 02 15 30.000000 2   2.327950679448E-11  2.065859636136E-11
AR GRAD 2024 06 30 02 15 40.000000 2   2.604016828556E-11  2.869778199799E-11
AR GRAD 2024 06 30 02 15 50.000000 2   2.307866918405E-11  3.007696869339E-11
AR GRAD 2024 06 30 02 16  0.000000 2   2.042156721505E-11  4.026614805475E-11
AR GRAD 2024 06 30 02 16 10.000000 2   2.297718612598E-11  2.249532157772E-11
AR GRAD 2024 06 30 02 16 20.000000 2   2.435721069283E-11  4.208449908005E-11
AR GRAD 2024 06 30 02 16 30.000000 2   2.807319134102E-11  3.430366754542E-11
AR GRAD 2024 06 30 02 16 40.000000 2   2.444038894878E-11  1.745283258192E-11
AR GRAD 2024 06 30 02 16 50.000000 2   2.341133016615E-11  3.158199743392E-11
AR GRAD 2024 06 30 02 17  0.000000 2   2.526644865553E-11  3.762115965977E-11
AR GRAD 2024 06 30 02 17 10.000000 2   2.598061869807E-11  4.132031869442E-11
AR GRAD 2024 06 30 02 17 20.000000 2   2.638366435048E-11  2.030946938403E-11
AR GRAD 2024 06 30 02 17 30.000000 2   2.343415912709E-11  4.595862232448E-11
AR GRAD 2024 06 30 02 17 40.000000 2   2.359826917209E-11  4.051776969494E-11
AR GRAD 2024 06 30 02 17 50.000000 2   2.433958763703E-11  1.418691466387E-11
AR GRAD 2024 06 30 02 18  0.000000 2   2.413198287032E-11  3.163605835632E-11
AR GRAD 2024 06 30 02 18 10.000000 2   2.793841720472E-11  2.173519524085E-11
AR GRAD 2024 06 30 02 18 20.000000 2   2.338698679161E-11  2.613433081056E-11
AR GRAD 2024 06 30 02 18 30.000000 2   2.154977238322E-11  2.625346294527E-11
AR GRAD 2024 06 30 02 18 40.000000 2   2.541617784291E-11  4.211259466147E-11
AR GRAD 2024 06 30 02 18 50.000000 2   2.343068968014E-11  2.793171943738E-11
AR GRAD 2024 06 30 02 19  0.000000 2   2.625622635977E-11  2.505084507887E-11
AR GRAD 2024 06 30 02 19 10.000000 2   2.272814748905E-11  3.108996393664E-11
AR GRAD 2024 06 30 02 19 20.000000 2   2.475280917735E-11  1.546908087735E-11
AR GRAD 2024 06 30 02 19 30.000000 2   2.548489370924E-11  2.299819362728E-11
AR GRAD 2024 06 30 02 19 40.000000 2   2.977372515200E-11  1.743730507209E-11
AR GRAD 2024 06 30 02 19 50.000000 2   2.761131601137E-11  2.485641380223E-11
AR GRAD 2024 06 30 02 20  0.000000 2   2.197094242651E-11  3.469552076196E-11
AR GRAD 2024 06 30 02 20 10.000000 2   2.681043581587E-11  1.597462093161E-11
AR GRAD 2024 06 30 02 20 20.000000 2   2.559322025142E-11  3.270372167519E-11
AR GRAD 2024 06 30 02 20 30.000000 2   2.255285194708E-11  2.705281484938E-11
AR GRAD 2024 06 30 02 20 40.000000 2   2.637147791806E-11  3.801190612274E-11
AR GRAD 2024 06 30 02 20 50.000000 2   2.501393363274E-11  3.402099782446E-11
AR GRAD 2024 06 30 02 21  0.000000 2   2.877933134859E-11  2.245008172419E-11
AR GRAD 2024 06 30 02 21 10.000000 2   2.637900835267E-11  1.779916665445E-11
AR GRAD 2024 06 30 02 21 20.000000 2   2.165021287248E-11  2.768824405863E-11
AR GRAD 2024 06 30 02 21 30.000000 2   2.369210903852E-11  2.846732224948E-11
AR GRAD 2024 06 30 02 21 40.000000 2   2.814500715820E-11  3.622640035172E-11
AR GRAD 2024 06 30 02 21 50.000000 2   2.406626287144E-11  3.035546813912E-11
AR GRAD 2024 06 30 02 22  0.000000 2   2.529703529985E-11  2.253453326717E-11
AR GRAD 2024 06 30 02 22 10.000000 2   2.527338754943E-11  4.026360148068E-11
AR GRAD 2024 06 30 02 22 20.000000 2   2.625980335957E-11  1.589265871682E-11
AR GRAD 2024 06 30 02 22 30.000000 2   2.589301863198E-11  3.029171705138E-11
AR GRAD 2024 06 30 02 22 40.000000 2   2.413070264440E-11  2.540077176372E-11
AR GRAD 2024 06 30 02 22 50.000000 2   2.694286634075E-11  1.760982505650E-11
AR GRAD 2024 06 30 02 23  0.000000 2   2.672961331440E-11  2.729887323139E-11
AR GRAD 2024 06 30 02 23 10.000000 2   2.611724378432E-11  2.111791817805E-11
AR GRAD 2024 06 30 02 23 20.000000 2   2.492141562560E-11  2.383696018349E-11
AR GRAD 2024 06 30 02 23 30.000000 2   2.748413129028E-11  2.132600172844E-11
AR GRAD 2024 06 30 02 23 40.000000 2   2.594336204198E-11  2.666503823301E-11
AR GRAD 2024 06 30 02 23 50.000000 2   2.636962002922E-11  2.812407078057E-11
AR GRAD 2024 06 30 02 24  0.000000 2   2.855060805829E-11  3.039310123021E-11
AR GRAD 2024 06 30 02 24 10.000000 2   2.819400615750E-11  2.102212848243E-11
AR GRAD 2024 06 30 02 24 20.000000 2   2.481794804388E-11  2.973115503790E-11
AR GRAD 2024 06 30 02 24 30.000000 2   2.209699437317E-11  2.453017303172E-11
AR GRAD 2024 06 30 02 24 40.000000 2   2.645263175172E-11  2.518919101080E-11
AR GRAD 2024 06 30 02 24 50.000000 2   1.895734610957E-11  2.664820621112E-11
AR GRAD 2024 06 30 02 25  0.000000 2   2.850732323811E-11  2.138721665046E-11
AR GRAD 2024 06 30 02 25 10.000000 2   2.492053091663E-11  1.983622641144E-11
AR GRAD 2024 06 30 02 25 20.000000 2   2.785962606444E-11  2.191523178208E-11
AR GRAD 2024 06 30 02 25 30.000000 2   2.556280360999E-11  2.110423294455E-11
AR GRAD 2024 06 30 02 25 40.000000 2   2.310258755134E-11  2.724323024117E-11
AR GRAD 2024 06 30 02 25 50.000000 2   2.469545228034E-11  2.879222728291E-11
AR GRAD 2024 06 30 02 26  0.000000 2   2.859839101643E-11  2.438122100046E-11
AR GRAD 2024 06 30 02 26 10.000000 2   2.315854973067E-11  2.603021097281E-11
AR GRAD 2024 06 30 02 26 20.000000 2   2.627380778220E-11  2.410919727747E-11
AR GRAD 2024 06 30 02 26 30.000000 2   2.464806136970E-11  2.184817951556E-11
AR GRAD 2024 06 30 02 26 40.000000 2   2.952865035821E-11  3.079716343057E-11
AR GRAD 2024 06 30 02 26 50.000000 2   2.698538441315E-11  1.428613997934E-11
AR GRAD 2024 06 30 02 27  0.000000 2   2.656623011854E-11  1.529511239884E-11
AR GRAD 2024 06 30 02 27 10.000000 2   2.517127305202E-11  3.513408661227E-11
AR GRAD 2024 06 30 02 27 20.000000 2   2.518390704309E-11  1.955305015122E-11
AR GRAD 2024 06 30 02 27 30.000000 2   2.271103097251E-11  1.919201603195E-11
AR GRAD 2024 06 30 02 27 40.000000 2   2.555865762088E-11  2.154097733520E-11
AR GRAD 2024 06 30 02 27 50.000000 2   2.365493738388E-11  2.265993816197E-11
AR GRAD 2024 06 30 02 28  0.000000 2   2.429501565204E-11  2.578889359006E-11
AR GRAD 2024 06 30 02 28 10.000000 2   2.800343290588E-11  2.751784737576E-11
AR GRAD 2024 06 30 02 28 20.000000 2   2.453764968990E-11  2.758679569503E-11
AR GRAD 2024 06 30 02 28 30.000000 2   2.565618203998E-11  1.785573945645E-11
AR GRAD 2024 06 30 02 28 40.000000 2   2.621851867557E-11  3.406468510048E-11
AR GRAD 2024 06 30 02 28 50.000000 2   2.313501647200E-11  2.165362333884E-11
AR GRAD 2024 06 30 02 29  0.000000 2   2.667223213126E-11  2.358255951629E-11
AR GRAD 2024 06 30 02 29 10.000000 2   2.169849022682E-11  4.371495786887E-12
AR GRAD 2024 06 30 02 29 20.000000 2   2.805669238604E-11  2.326042657097E-11
AR GRAD 2024 06 30 02 29 30.000000 2   2.370716123412E-11  1.917935255058E-11
AR GRAD 2024 06 30 02 29 40.000000 2   2.513812595584E-11  2.527827773491E-11
AR GRAD 2024 06 30 02 29 50.000000 2   2.568661776337E-11  2.042719812745E-11
AR GRAD 2024 06 30 02 30  0.000000 2   2.416781878789E-11  9.046118021327E-12
AR GRAD 2024 06 30 02 30 10.000000 2   2.704479869220E-11  2.448503205743E-11
AR GRAD 2024 06 30 02 30 20.000000 2   2.380183376782E-11  2.144394557757E-11
AR GRAD 2024 06 30 02 30 30.000000 2   2.701519043191E-11  2.699285413243E-11
AR GRAD 2024 06 30 02 30 40.000000 2   2.870420741374E-11  7.831758679078E-12
AR GRAD 2024 06 30 02 30 50.000000 2   2.605266176403E-11  2.598066033144E-11
AR GRAD 2024 06 30 02 31  0.000000 2   2.671446744373E-11  3.369956397270E-11
AR GRAD 2024 06 30 02 31 10.000000 2   2.429653526981E-11  2.004845768566E-11
AR GRAD 2024 06 30 02 31 20.000000 2   1.975186333936E-11  2.757735012571E-11
AR GRAD 2024 06 30 02 31 30.000000 2   2.099174480075E-11  3.129624337461E-11
AR GRAD 2024 06 30 02 31 40.000000 2   2.176798498399E-11  2.823512951222E-11
AR GRAD 2024 06 30 02 31 50.000000 2   2.517243184730E-11  1.012401360662E-11
AR GRAD 2024 06 30 02 32  0.000000 2   2.571480181568E-11  3.796289671509E-11
AR GRAD 2024 06 30 02 32 10.000000 2   2.449849524633E-11  5.041772555003E-12
AR GRAD 2024 06 30 02 32 20.000000 2   2.323188343090E-11  1.946064663583E-11
AR GRAD 2024 06 30 02 32 30.000000 2   2.349353177278E-11  2.376951760419E-11
AR GRAD 2024 06 30 02 32 40.000000 2   2.552441938364E-11  2.014838643150E-11
AR GRAD 2024 06 30 02 32 50.000000 2   2.489793440863E-11  2.545725089065E-11
AR GRAD 2024 06 30 02 33  0.000000 2   2.472912326301E-11  2.899611280249E-11
AR GRAD 2024 06 30 02 33 10.000000 2   2.882948740845E-11  5.324974836074E-12
AR GRAD 2024 06 30 02 33 20.000000 2   2.660036947655E-11  2.433382835509E-11
AR GRAD 2024 06 30 02 33 30.000000 2   2.035787857735E-11  1.760268146522E-11
AR GRAD 2024 06 30 02 33 40.000000 2   2.405621708779E-11  1.187153327031E-11
AR GRAD 2024 06 30 02 33 50.000000 2   2.552965130964E-11  2.251037724277E-11
AR GRAD 2024 06 30 02 34  0.000000 2   2.129861564892E-11  2.250922365166E-11
AR GRAD 2024 06 30 02 34 10.000000 2   2.644437446797E-11  1.752806233490E-11
AR GRAD 2024 06 30 02 34 20.000000 2   2.169562619836E-11  2.045690006280E-11
AR GRAD 2024 06 30 02 34 30.000000 2   2.501483048478E-11  2.328573445176E-11
AR GRAD 2024 06 30 02 34 40.000000 2   2.585574983283E-11  3.630456699155E-11
AR GRAD 2024 06 30 02 34 50.000000 2   2.311849496561E-11  4.543393872930E-12
AR GRAD 2024 06 30 02 35  0.000000 2   2.238493765350E-11  1.372219829085E-12
AR GRAD 2024 06 30 02 35 10.000000 2   2.274870222752E-11  1.971104009180E-11
AR GRAD 2024 06 30 02 35 20.000000 2   2.160234491289E-11  1.961986129118E-11
AR GRAD 2024 06 30 02 35 30.000000 2   1.594717066733E-11  1.842867525248E-11
AR GRAD 2024 06 30 02 35 40.000000 2   2.392276481078E-11  2.419748776350E-11
AR GRAD 2024 06 30 02 35 50.000000 2   2.211656205398E-11 -9.223703398287E-12
AR GRAD 2024 06 30 02 36  0.000000 2   2.110643083919E-11  2.050510455875E-11
AR GRAD 2024 06 30 02 36 10.000000 2   2.157416086057E-11  2.250390672420E-11
AR GRAD 2024 06 30 02 36 20.000000 2   2.135626051003E-11  1.834270582646E-11
AR GRAD 2024 06 30 02 36 30.000000 2   1.960639636756E-11  9.641504608582E-12
AR GRAD 2024 06 30 02 36 40.000000 2   2.379979546774E-11  2.779029784072E-11
AR GRAD 2024 06 30 02 36 50.000000 2   1.789219640502E-11  9.769089183431E-12
AR GRAD 2024 06 30 02 37  0.000000 2   2.023529781237E-11  2.008787580721E-11
AR GRAD 2024 06 30 02 37 10.000000 2   2.058603981725E-11  2.554666027332E-11
AR GRAD 2024 06 30 02 37 20.000000 2   1.819308592665E-11  1.465443651844E-12
AR GRAD 2024 06 30 02 37 30.000000 2   1.704113239409E-11  9.424221819598E-12
AR GRAD 2024 06 30 02 37 40.000000 2   2.269449558834E-11  3.722995436245E-12
AR GRAD 2024 06 30 02 37 50.000000 2   2.308709126653E-11  1.383176993081E-11
AR GRAD 2024 06 30 02 38  0.000000 2   1.722595503739E-11  5.520538019776E-12
AR GRAD 2024 06 30 02 38 10.000000 2   2.084237470112E-11  1.928930452866E-11
AR GRAD 2024 06 30 02 38 20.000000 2   1.757899034671E-11  9.298066656893E-12
AR GRAD 2024 06 30 02 38 30.000000 2   2.266910617554E-11  2.324682460420E-11
AR GRAD 2024 06 30 02 38 40.000000 2   2.276682488367E-11 -2.144181100033E-13
AR GRAD 2024 06 30 02 38 50.000000 2   2.011014965664E-11  1.514433543848E-11
AR GRAD 2024 06 30 02 39  0.000000 2   2.144555193151E-11  1.922308492941E-11
AR GRAD 2024 06 30 02 39 10.000000 2   1.734101751083E-11  1.357183462836E-11
AR GRAD 2024 06 30 02 39 20.000000 2   1.949835605475E-11  1.767057680735E-11
AR GRAD 2024 06 30 02 39 30.000000 2   1.963893977996E-11  4.299320014584E-12
AR GRAD 2024 06 30 02 39 40.000000 2   2.039192426029E-11 -1.941942700395E-12
AR GRAD 2024 06 30 02 39 50.000000 2   1.994061513133E-11  1.096679257823E-11
AR GRAD 2024 06 30 02 40  0.000000 2   1.765591318981E-11  1.177552326481E-11
AR GRAD 2024 06 30 02 40 10.000000 2   1.597860559144E-11  1.011425318498E-11
AR GRAD 2024 06 30 02 40 20.000000 2   1.772504538977E-11  1.266297743746E-11
AR GRAD 2024 06 30 02 40 30.000000 2   2.216986143277E-11  2.781699566870E-12
AR GRAD 2024 06 30 02 40 40.000000 2   1.784167258378E-11  2.037041889336E-11
AR GRAD 2024 06 30 02 40 50.000000 2   2.187709909063E-11  1.762913426351E-11
AR GRAD 2024 06 30 02 41  0.000000 2   1.330360474561E-11 -1.452152525831E-12
AR GRAD 2024 06 30 02 41 10.000000 2   1.621538840701E-11  9.946558333918E-12
AR GRAD 2024 06 30 02 41 20.000000 2   2.039132057652E-11  8.745264928889E-12
AR GRAD 2024 06 30 02 41 30.000000 2   1.843165897686E-11  1.177396981994E-11
AR GRAD 2024 06 30 02 41 40.000000 2   1.830096144073E-11  1.227266985954E-11
AR GRAD 2024 06 30 02 41 50.000000 2   1.799780637024E-11  3.121367747605E-12
AR GRAD 2024 06 30 02 42  0.000000 2   1.900175156111E-11  3.900060829842E-12
AR GRAD 2024 06 30 02 42 10.000000 2   1.619933527597E-11  1.163875332916E-11
AR GRAD 2024 06 30 02 42 20.000000 2   1.824881044887E-11  6.967440947109E-12
AR GRAD 2024 06 30 02 42 30.000000 2   1.424251862281E-11  9.146125697079E-12
AR GRAD 2024 06 30 02 42 40.000000 2   1.606785537955E-11  3.894808520838E-12
AR GRAD 2024 06 30 02 42 50.000000 2   1.632033223842E-11  1.393487864161E-12
AR GRAD 2024 06 30 02 43  0.000000 2   1.161927672133E-11  1.017216345878E-11
AR GRAD 2024 06 30 02 43 10.000000 2   1.391012131868E-11  1.277083473694E-11
AR GRAD 2024 06 30 02 43 20.000000 2   1.515701106292E-11  6.799504969485E-12
AR GRAD 2024 06 30 02 43 30.000000 2   1.294195479951E-11  5.508171609797E-12
AR GRAD 2024 06 30 02 43 40.000000 2   1.110100379675E-11  8.768354965716E-13
AR GRAD 2024 06 30 02 43 50.000000 2   1.560939398570E-11  1.136549535041E-11
AR GRAD 2024 06 30 02 44  0.000000 2   1.026480029448E-11  9.841511286468E-13
AR GRAD 2024 06 30 02 44 10.000000 2   1.654022752096E-11  4.072805027261E-12
AR GRAD 2024 06 30 02 44 20.000000 2   1.420238406047E-11  1.971455984573E-12
AR GRAD 2024 06 30 02 44 30.000000 2   9.158989539015E-12  1.560010454149E-11
AR GRAD 2024 06 30 02 44 40.000000 2   1.888788604687E-11 -3.031251031432E-12
AR GRAD 2024 06 30 02 44 50.000000 2   1.190730760520E-11  1.657390804460E-12
AR GRAD 2024 06 30 02 45  0.000000 2   1.036280696670E-11  6.826028891432E-12
AR GRAD 2024 06 30 02 45 10.000000 2   1.568241717043E-11 -3.255335888006E-12
AR GRAD 2024 06 30 02 45 20.000000 2   8.339712601058E-12 -3.567032194791E-13
AR GRAD 2024 06 30 02 45 30.000000 2   9.989694835233E-12 -3.318073680397E-12
AR GRAD 2024 06 30 02 45 40.000000 2   1.232185100480E-11 -7.419447868584E-12
AR GRAD 2024 06 30 02 45 50.000000 2   1.147456608896E-11  8.289175769394E-12
AR GRAD 2024 06 30 02 46  0.000000 2   1.110818468458E-11  1.088779500585E-11
AR GRAD 2024 06 30 02 46 10.000000 2   8.439243227853E-12  1.026410944086E-12
AR GRAD 2024 06 30 02 46 20.000000 2   9.155751677647E-12  8.635024986714E-12
AR GRAD 2024 06 30 02 46 30.000000 2   1.377144839138E-11 -2.656364277848E-12
AR GRAD 2024 06 30 02 46 40.000000 2   5.854831376662E-12  1.522243377357E-12
AR GRAD 2024 06 30 02 46 50.000000 2   1.011960480690E-11  6.620846666056E-12
AR GRAD 2024 06 30 02 47  0.000000 2   9.184084048819E-12 -9.205526965705E-13
AR GRAD 2024 06 30 02 47 10.000000 2   1.241372282745E-11 -1.066195395860E-11
AR GRAD 2024 06 30 02 47 20.000000 2   1.098621107282E-11  4.626640650457E-12
AR GRAD 2024 06 30 02 47 30.000000 2   7.385821121364E-12 -5.004767867495E-12
AR GRAD 2024 06 30 02 47 40.000000 2   1.109618386758E-11 -5.306178673531E-12
AR GRAD 2024 06 30 02 47 50.000000 2   4.200020973372E-12 -1.975929999048E-13
AR GRAD 2024 06 30 02 48  0.000000 2   1.168425425857E-11 -2.539009584177E-12
AR GRAD 2024 06 30 02 48 10.000000 2   9.370264980602E-12 -2.700432108829E-12
AR GRAD 2024 06 30 02 48 20.000000 2   6.050325171425E-12  6.288145351641E-12
AR GRAD 2024 06 30 02 48 30.000000 2   9.495300379303E-12 -2.743281079728E-12
AR GRAD 2024 06 30 02 48 40.000000 2   7.459679575439E-12  3.735288987838E-12
AR GRAD 2024 06 30 02 48 50.000000 2   8.276332744139E-12 -8.306145701797E-12
AR GRAD 2024 06 30 02 49  0.000000 2   5.509679951859E-12 -3.075801061330E-13
AR GRAD 2024 06 30 02 49 10.000000 2   6.944607215675E-12 -8.529019504544E-12
AR GRAD 2024 06 30 02 49 20.000000 2   9.207353629526E-12 -6.190462205347E-12
AR GRAD 2024 06 30 02 49 30.000000 2   4.622095241269E-12 -2.811908475162E-12
AR GRAD 2024 06 30 02 49 40.000000 2   1.103304947403E-11 -3.084335564729E-11
AR GRAD 2024 06 30 02 49 50.000000 2   5.340204407150E-12  2.671519082342E-11
AR GRAD 2024 06 30 02 50  0.000000 2   6.728799809008E-12 -7.006263191139E-12
AR GRAD 2024 06 30 02 50 10.000000 2   7.200771662969E-12 -8.417720513687E-12
AR GRAD 2024 06 30 02 50 20.000000 2   6.853316959071E-12  6.040818453096E-12
AR GRAD 2024 06 30 02 50 30.000000 2   2.638763556620E-12 -1.780645726354E-12
AR GRAD 2024 06 30 02 50 40.000000 2   9.302769492237E-12 -1.273211310687E-11
AR GRAD 2024 06 30 02 50 50.000000 2   4.482282600637E-12 -6.313582903011E-12
AR GRAD 2024 06 30 02 51  0.000000 2   3.614182737810E-12 -4.565057099698E-12
AR GRAD 2024 06 30 02 51 10.000000 2   6.926961174797E-12 -3.306533649314E-12
AR GRAD 2024 06 30 02 51 20.000000 2   1.963460860913E-12 -1.100801394482E-11
AR GRAD 2024 06 30 02 51 30.000000 2   6.750579695930E-12 -2.549496854951E-12
AR GRAD 2024 06 30 02 51 40.000000 2   4.001868010150E-13 -1.152098035029E-11
AR GRAD 2024 06 30 02 51 50.000000 2   4.175683236685E-12 -8.262469701481E-12
AR GRAD 2024 06 30 02 52  0.000000 2  -1.164582319468E-12 -9.539633622976E-13
AR GRAD 2024 06 30 02 52 10.000000 2   4.743205828106E-12 -1.860546092192E-11
AR GRAD 2024 06 30 02 52 20.000000 2   1.730550056554E-12 -9.606955855834E-12
AR GRAD 2024 06 30 02 52 30.000000 2   6.223795784299E-12 -2.608458154335E-12
AR GRAD 2024 06 30 02 52 40.000000 2   5.748143389224E-13 -4.689962827820E-12
AR GRAD 2024 06 30 02 52 50.000000 2   3.436459558755E-13 -1.044146973744E-11
AR GRAD 2024 06 30 02 53  0.000000 2   5.300201466954E-13 -1.067298159574E-11
AR GRAD 2024 06 30 02 53 10.000000 2  -6.049787407147E-13 -1.744956718182E-13
AR GRAD 2024 06 30 02 53 20.000000 2  -4.386304416470E-13 -9.926013136430E-12
AR GRAD 2024 06 30 02 53 30.000000 2  -2.279481941744E-12 -2.313753355576E-11
AR GRAD 2024 06 30 02 53 40.000000 2  -1.156724130542E-12 -1.691905643364E-11
AR GRAD 2024 06 30 02 53 50.000000 2   1.854650114042E-12 -7.610581435891E-12
AR GRAD 2024 06 30 02 54  0.000000 2   3.153578743628E-12 -1.437211027272E-11
AR GRAD 2024 06 30 02 54 10.000000 2  -6.230150401652E-13 -4.163644255761E-12
AR GRAD 2024 06 30 02 54 20.000000 2  -1.001971834495E-12 -2.801517871853E-11
AR GRAD 2024 06 30 02 54 30.000000 2   1.326355475104E-12 -1.056671850713E-11
AR GRAD 2024 06 30 02 54 40.000000 2   4.683121512111E-12 -2.552826179614E-11
AR GRAD 2024 06 30 02 54 50.000000 2   1.778854190684E-12 -1.778980435185E-11
AR GRAD 2024 06 30 02 55  0.000000 2   2.803403125959E-13 -1.827135491517E-11
AR GRAD 2024 06 30 02 55 10.000000 2  -2.997173229003E-14 -1.037290565942E-11
AR GRAD 2024 06 30 02 55 20.000000 2   2.525593015973E-12 -6.414460108906E-12
AR GRAD 2024 06 30 02 55 30.000000 2   1.289446522647E-12 -1.700601812149E-11
AR GRAD 2024 06 30 02 55 40.000000 2  -2.079375300418E-12 -2.416757766133E-11
AR GRAD 2024 06 30 02 55 50.000000 2   2.996553742987E-13 -1.819914011159E-11
AR GRAD 2024 06 30 02 56  0.000000 2   3.643345607846E-12 -9.000707297535E-12
AR GRAD 2024 06 30 02 56 10.000000 2  -1.539144679763E-12 -2.686227802695E-11
AR GRAD 2024 06 30 02 56 20.000000 2   2.897458531784E-12 -1.082384962908E-11
AR GRAD 2024 06 30 02 56 30.000000 2   8.749888292213E-13 -1.875542776641E-11
AR GRAD 2024 06 30 02 56 40.000000 2  -9.111568921236E-13 -3.320700658893E-11
AR GRAD 2024 06 30 02 56 50.000000 2   1.653624069273E-12 -8.328588686768E-12
AR GRAD 2024 06 30 02 57  0.000000 2  -1.046059072696E-12 -1.603017371621E-11
AR GRAD 2024 06 30 02 57 10.000000 2  -3.791628035849E-12 -1.621176110023E-11
AR GRAD 2024 06 30 02 57 20.000000 2  -3.208115630787E-12 -1.925335411934E-11
AR GRAD 2024 06 30 02 57 30.000000 2   1.148664280012E-12 -1.642494820708E-11
AR GRAD 2024 06 30 02 57 40.000000 2  -8.173420707608E-13 -1.486654549465E-11
AR GRAD 2024 06 30 02 57 50.000000 2  -3.013638871872E-13 -1.502814712950E-11
AR GRAD 2024 06 30 02 58  0.000000 2  -3.379861061165E-12 -6.899751169714E-12
AR GRAD 2024 06 30 02 58 10.000000 2   4.775609703696E-13 -2.124135763115E-11
AR GRAD 2024 06 30 02 58 20.000000 2  -3.447305375187E-13 -2.324296831391E-11
AR GRAD 2024 06 30 02 58 30.000000 2  -1.633737958286E-12 -2.066458289207E-11
AR GRAD 2024 06 30 02 58 40.000000 2  -9.109521947534E-13 -1.160619950841E-11
AR GRAD 2024 06 30 02 58 50.000000 2  -5.950671812943E-13 -7.737816463960E-12
AR GRAD 2024 06 30 02 59  0.000000 2  -3.601017487670E-12 -3.613944213332E-11
AR GRAD 2024 06 30 02 59 10.000000 2  -1.806375903891E-12 -2.901066106092E-12
AR GRAD 2024 06 30 02 59 20.000000 2  -3.068362838116E-12 -3.276269186503E-11
AR GRAD 2024 06 30 02 59 30.000000 2  -6.200945572993E-12 -1.058432595041E-11
AR GRAD 2024 06 30 02 59 40.000000 2  -2.612843101601E-12 -2.966596066023E-11
AR GRAD 2024 06 30 02 59 50.000000 2  -1.949806635593E-12 -2.065760236480E-11
AR GRAD 2024 06 30 03 00  0.000000 2  -4.247114812617E-12 -8.639240364761E-12
AR GRAD 2024 06 30 03 00 10.000000 2  -7.787921349478E-12 -1.193088683404E-11
AR GRAD 2024 06 30 03 00 20.000000 2  -4.618410688606E-12 -2.297253533234E-11
AR GRAD 2024 06 30 03 00 30.000000 2  -8.536556878047E-12 -2.453418718185E-11
AR GRAD 2024 06 30 03 00 40.000000 2  -4.359340579491E-12 -2.779583681278E-11
AR GRAD 2024 06 30 03 00 50.000000 2  -3.355693544219E-12 -1.328749610341E-11
AR GRAD 2024 06 30 03 01  0.000000 2  -5.312124438245E-12 -5.564915542267E-11
AR GRAD 2024 06 30 03 01 10.000000 2  -6.506749132551E-12  1.033918176768E-11
AR GRAD 2024 06 30 03 01 20.000000 2  -6.125027243210E-13 -2.661248652003E-11
AR GRAD 2024 06 30 03 01 30.000000 2  -7.158380659067E-12 -2.276415514424E-11
AR GRAD 2024 06 30 03 01 40.000000 2  -6.389255444161E-12 -2.690582652509E-11
AR GRAD 2024 06 30 03 01 50.000000 2  -2.584315790879E-12 -3.254750288728E-11
AR GRAD 2024 06 30 03 02  0.000000 2  -8.596653770787E-12 -2.383918409898E-11
AR GRAD 2024 06 30 03 02 10.000000 2  -8.121989192311E-12 -3.362086303804E-11
AR GRAD 2024 06 30 03 02 20.000000 2  -5.995416836602E-12 -1.096254684252E-11
AR GRAD 2024 06 30 03 02 30.000000 2  -2.234620257932E-12 -2.650423457096E-11
AR GRAD 2024 06 30 03 02 40.000000 2  -6.174351828425E-12 -1.113592724977E-11
AR GRAD 2024 06 30 03 02 50.000000 2  -8.192716470512E-12 -2.192762117714E-11
AR GRAD 2024 06 30 03 03  0.000000 2  -8.361171997817E-12 -2.342931577914E-11
AR GRAD 2024 06 30 03 03 10.000000 2  -2.236393579005E-12 -6.401019471414E-12
AR GRAD 2024 06 30 03 03 20.000000 2  -5.668729808478E-12 -3.316272603748E-11
AR GRAD 2024 06 30 03 03 30.000000 2  -1.165621852511E-11 -1.631442723971E-11
AR GRAD 2024 06 30 03 03 40.000000 2  -7.096755908625E-12 -2.797614223615E-11
AR GRAD 2024 06 30 03 03 50.000000 2  -6.879709909396E-12 -2.397785268948E-11
AR GRAD 2024 06 30 03 04  0.000000 2  -4.247715460620E-12 -3.021956643257E-11
AR GRAD 2024 06 30 03 04 10.000000 2  -5.819527585521E-12 -8.841286210093E-12
AR GRAD 2024 06 30 03 04 20.000000 2  -6.387783531292E-12 -1.079300798040E-11
AR GRAD 2024 06 30 03 04 30.000000 2  -3.384956811375E-12 -4.520473578795E-11
AR GRAD 2024 06 30 03 04 40.000000 2  -3.293991164902E-12 -1.181646447357E-11
AR GRAD 2024 06 30 03 04 50.000000 2  -9.310067473900E-12 -3.433819548149E-11
