 2.00 C RINEX VERSION / TYPE
 10.00 INTERVAL
 1 AR # / TYPES OF DATA
 END OF HEADER
AR GRAD 2024 06 06 01 05  0.000000 2  -6.560436222047E-12  6.420345483558E-13
AR GRAD 2024 06 06 01 05 10.000000 2  -9.162674959040E-12 -1.037272958498E-11
AR GRAD 2024 06 06 01 05 20.000000 2  -8.115477040382E-12 -4.317496880846E-12
AR GRAD 2024 06 06 01 05 30.000000 2  -8.716086012661E-12  6.107736278543E-12
AR GRAD 2024 06 06 01 05 40.000000 2  -1.055795641886E-11 -8.747030877387E-12
AR GRAD 2024 06 06 01 05 50.000000 2  -1.134449825746E-11 -2.013179900562E-11
AR GRAD 2024 06 06 01 06  0.000000 2  -9.539932212255E-12 -4.066565660599E-12
AR GRAD 2024 06 06 01 06 10.000000 2  -8.659726581650E-12 -1.013133500705E-11
AR GRAD 2024 06 06 01 06 20.000000 2  -9.566424041818E-12 -1.184610395888E-11
AR GRAD 2024 06 06 01 06 30.000000 2  -7.441183086376E-12 -7.230872584724E-12
AR GRAD 2024 06 06 01 06 40.000000 2  -1.013592768745E-11 -1.392564275698E-11
AR GRAD 2024 06 06 01 06 50.000000 2  -9.722600328999E-12 -2.113041512597E-11
AR GRAD 2024 06 06 01 07  0.000000 2  -6.292701169169E-12 -4.465183865016E-12
AR GRAD 2024 06 06 01 07 10.000000 2  -1.181225950386E-11 -5.129955054500E-12
AR GRAD 2024 06 06 01 07 20.000000 2  -7.889500684699E-12 -1.228472705506E-11
AR GRAD 2024 06 06 01 07 30.000000 2  -8.814363301746E-12 -2.219949918336E-11
AR GRAD 2024 06 06 01 07 40.000000 2  -1.125234367488E-11 -2.994272581616E-12
AR GRAD 2024 06 06 01 07 50.000000 2  -1.013569176506E-11  4.300955858821E-12
AR GRAD 2024 06 06 01 08  0.000000 2  -9.960862863700E-12  2.646181234203E-12
AR GRAD 2024 06 06 01 08 10.000000 2  -6.652896983317E-12 -2.115859397411E-11
AR GRAD 2024 06 06 01 08 20.000000 2  -9.859228884690E-12 -4.443367115220E-12
AR GRAD 2024 06 06 01 08 30.000000 2  -1.150514579440E-11 -8.148140148712E-12
AR GRAD 2024 06 06 01 08 40.000000 2  -8.838460345550E-12 -3.151291727566E-11
AR GRAD 2024 06 06 01 08 50.000000 2  -1.308476590967E-11 -1.369769315335E-11
AR GRAD 2024 06 06 01 09  0.000000 2  -8.297874540264E-12 -1.883247030543E-11
AR GRAD 2024 06 06 01 09 10.000000 2  -1.089448323222E-11 -1.573724657533E-11
AR GRAD 2024 06 06 01 09 20.000000 2  -9.428260255850E-12 -1.005202431709E-11
AR GRAD 2024 06 06 01 09 30.000000 2  -1.024064427008E-11 -2.825680314733E-11
AR GRAD 2024 06 06 01 09 40.000000 2  -1.041772831195E-11 -3.044157981247E-11
AR GRAD 2024 06 06 01 09 50.000000 2  -9.743236599469E-12 -4.326360016765E-12
AR GRAD 2024 06 06 01 10  0.000000 2  -1.191255861316E-11 -2.188113926160E-11
AR GRAD 2024 06 06 01 10 10.000000 2  -1.179991087480E-11 -1.773592037124E-11
AR GRAD 2024 06 06 01 10 20.000000 2  -9.944439369192E-12 -7.340699229030E-12
AR GRAD 2024 06 06 01 10 30.000000 2  -6.912865245512E-12 -2.497548001745E-11
AR GRAD 2024 06 06 01 10 40.000000 2  -1.428793802022E-11 -1.688026107782E-11
AR GRAD 2024 06 06 01 10 50.000000 2  -1.160270924477E-11 -3.276504068062E-11
AR GRAD 2024 06 06 01 11  0.000000 2  -9.910287000758E-12 -1.746982246364E-11
AR GRAD 2024 06 06 01 11 10.000000 2  -1.356276462666E-11 -2.100460604060E-11
AR GRAD 2024 06 06 01 11 20.000000 2  -1.003656532883E-11 -2.411939051261E-11
AR GRAD 2024 06 06 01 11 30.000000 2  -1.182814696882E-11 -2.734417380024E-11
AR GRAD 2024 06 06 01 11 40.000000 2  -1.348758344594E-11 -2.236895911556E-11
AR GRAD 2024 06 06 01 11 50.000000 2  -1.135164098137E-11 -1.280374157392E-11
AR GRAD 2024 06 06 01 12  0.000000 2  -1.364473724980E-11 -3.260852698972E-11
AR GRAD 2024 06 06 01 12 10.000000 2  -9.460140136530E-12 -1.618331163522E-11
AR GRAD 2024 06 06 01 12 20.000000 2  -1.452197563589E-11 -3.024809569485E-11
AR GRAD 2024 06 06 01 12 30.000000 2  -1.150161563213E-11 -3.083288138694E-11
AR GRAD 2024 06 06 01 12 40.000000 2  -1.291186775554E-11 -2.353767181162E-11
AR GRAD 2024 06 06 01 12 50.000000 2  -1.327928999401E-11 -3.487245561762E-11
AR GRAD 2024 06 06 01 13  0.000000 2  -1.106528063621E-11 -1.687246046003E-12
AR GRAD 2024 06 06 01 13 10.000000 2  -1.193345856160E-11 -1.691203253829E-11
AR GRAD 2024 06 06 01 13 20.000000 2  -1.309044192488E-11 -1.700682303318E-11
AR GRAD 2024 06 06 01 13 30.000000 2  -1.079374870733E-11 -1.706161253945E-11
AR GRAD 2024 06 06 01 13 40.000000 2  -9.523745507500E-12 -2.950640079491E-11
AR GRAD 2024 06 06 01 13 50.000000 2  -1.423238870507E-11 -1.899119229931E-11
AR GRAD 2024 06 06 01 14  0.000000 2  -1.332588900338E-11 -2.957598055353E-11
AR GRAD 2024 06 06 01 14 10.000000 2  -1.184293461909E-11 -2.764077508544E-11
AR GRAD 2024 06 06 01 14 20.000000 2  -1.226993333325E-11 -3.687556163201E-11
AR GRAD 2024 06 06 01 14 30.000000 2  -1.046688517109E-11 -1.665035817555E-11
AR GRAD 2024 06 06 01 14 40.000000 2  -1.256247016135E-11 -2.051514860768E-11
AR GRAD 2024 06 06 01 14 50.000000 2  -1.377109710987E-11 -3.000993897828E-11
AR GRAD 2024 06 06 01 15  0.000000 2  -1.107241468651E-11 -2.965473699934E-11
AR GRAD 2024 06 06 01 15 10.000000 2  -1.442322129785E-11 -1.057953030736E-11
AR GRAD 2024 06 06 01 15 20.000000 2  -1.186774550160E-11 -3.739432374861E-11
AR GRAD 2024 06 06 01 15 30.000000 2  -1.348684185165E-11 -2.684912014939E-11
AR GRAD 2024 06 06 01 15 40.000000 2  -1.260054734165E-11 -2.087391544336E-11
AR GRAD 2024 06 06 01 15 50.000000 2  -7.972892311636E-12 -8.678709660648E-12
AR GRAD 2024 06 06 01 16  0.000000 2  -1.522212043914E-11 -1.524350611015E-11
AR GRAD 2024 06 06 01 16 10.000000 2  -1.105385401268E-11 -2.914830182776E-11
AR GRAD 2024 06 06 01 16 20.000000 2  -1.306705438298E-11 -2.108310054316E-11
AR GRAD 2024 06 06 01 16 30.000000 2  -1.129434133024E-11 -2.240789671870E-11
AR GRAD 2024 06 06 01 16 40.000000 2  -1.205715215169E-11 -4.310269155483E-11
AR GRAD 2024 06 06 01 16 50.000000 2  -1.244680920831E-11 -2.778749452759E-11
AR GRAD 2024 06 06 01 17  0.000000 2  -1.210793010992E-11 -2.820229466627E-11
AR GRAD 2024 06 06 01 17 10.000000 2  -1.003125013610E-11 -3.064709250267E-11
AR GRAD 2024 06 06 01 17 20.000000 2  -1.381451376903E-11 -3.242189156039E-11
AR GRAD 2024 06 06 01 17 30.000000 2  -9.509599704915E-12 -4.037669157353E-11
AR GRAD 2024 06 06 01 17 40.000000 2  -1.305897317366E-11 -2.965149306644E-11
AR GRAD 2024 06 06 01 17 50.000000 2  -1.423832319408E-11 -1.926629515647E-11
AR GRAD 2024 06 06 01 18  0.000000 2  -1.152981876640E-11 -3.148109550821E-11
AR GRAD 2024 06 06 01 18 10.000000 2  -1.104089129150E-11 -2.212590007045E-11
AR GRAD 2024 06 06 01 18 20.000000 2  -1.211295994064E-11 -3.098070064378E-11
AR GRAD 2024 06 06 01 18 30.000000 2  -1.389840152688E-11 -2.295550728670E-11
AR GRAD 2024 06 06 01 18 40.000000 2  -9.845307728795E-12 -2.571030888188E-11
AR GRAD 2024 06 06 01 18 50.000000 2  -1.106204797902E-11 -2.168511550882E-11
AR GRAD 2024 06 06 01 19  0.000000 2  -1.408918207796E-11 -3.468991760514E-11
AR GRAD 2024 06 06 01 19 10.000000 2  -1.072686037218E-11 -4.257472152602E-11
AR GRAD 2024 06 06 01 19 20.000000 2  -9.632528281955E-12 -3.453952748811E-11
AR GRAD 2024 06 06 01 19 30.000000 2  -1.417785073371E-11 -4.039433371128E-11
AR GRAD 2024 06 06 01 19 40.000000 2  -1.291691319877E-11 -3.446913934835E-11
AR GRAD 2024 06 06 01 19 50.000000 2  -1.379455404071E-11 -1.348394920025E-11
AR GRAD 2024 06 06 01 20  0.000000 2  -1.299314388720E-11 -2.843875655800E-11
AR GRAD 2024 06 06 01 20 10.000000 2  -1.086253829941E-11 -3.684356292277E-11
AR GRAD 2024 06 06 01 20 20.000000 2  -1.348480008212E-11 -3.437837514664E-11
AR GRAD 2024 06 06 01 20 30.000000 2  -1.177433237715E-11 -2.123318361413E-11
AR GRAD 2024 06 06 01 20 40.000000 2  -9.310435235277E-12 -2.098799259387E-11
AR GRAD 2024 06 06 01 20 50.000000 2  -1.562972147540E-11 -4.117280127947E-11
AR GRAD 2024 06 06 01 21  0.000000 2  -1.184616467420E-11 -3.182760999199E-11
AR GRAD 2024 06 06 01 21 10.000000 2  -7.266616561946E-12 -1.344242165496E-11
AR GRAD 2024 06 06 01 21 20.000000 2  -1.286051386912E-11 -2.327723430673E-11
AR GRAD 2024 06 06 01 21 30.000000 2  -1.076503556435E-11 -2.238204586946E-11
AR GRAD 2024 06 06 01 21 40.000000 2  -1.352336818916E-11 -2.461685716382E-11
AR GRAD 2024 06 06 01 21 50.000000 2  -9.393145983250E-12 -3.435167081345E-11
AR GRAD 2024 06 06 01 22  0.000000 2  -1.169270583135E-11 -2.582648331306E-11
AR GRAD 2024 06 06 01 22 10.000000 2  -1.027532312708E-11 -4.185129673373E-11
AR GRAD 2024 06 06 01 22 20.000000 2  -1.412241504295E-11 -1.651611139519E-11
AR GRAD 2024 06 06 01 22 30.000000 2  -1.559248910543E-11 -1.970092665393E-11
AR GRAD 2024 06 06 01 22 40.000000 2  -1.026182437636E-11 -4.275740352055E-12
AR GRAD 2024 06 06 01 22 50.000000 2  -1.210463326795E-11 -2.095055552653E-11
AR GRAD 2024 06 06 01 23  0.000000 2  -1.177615123471E-11 -2.963537054645E-11
AR GRAD 2024 06 06 01 23 10.000000 2  -1.477810061823E-11 -3.379018592709E-11
AR GRAD 2024 06 06 01 23 20.000000 2  -1.022896958108E-11 -2.011500514765E-11
AR GRAD 2024 06 06 01 23 30.000000 2  -1.388875819908E-11 -3.133982309778E-11
AR GRAD 2024 06 06 01 23 40.000000 2  -1.264653139155E-11 -4.513463908173E-11
AR GRAD 2024 06 06 01 23 50.000000 2  -1.301444108731E-11 -4.142945708718E-11
AR GRAD 2024 06 06 01 24  0.000000 2  -1.277432066377E-11 -1.903427936101E-11
AR GRAD 2024 06 06 01 24 10.000000 2  -1.277956473283E-11 -6.649097071543E-12
AR GRAD 2024 06 06 01 24 20.000000 2  -1.033801950295E-11 -4.811391562942E-11
AR GRAD 2024 06 06 01 24 30.000000 2  -1.090260434017E-11 -2.376873697862E-11
AR GRAD 2024 06 06 01 24 40.000000 2  -1.383145507849E-11 -3.517355851024E-11
AR GRAD 2024 06 06 01 24 50.000000 2  -1.259502224737E-11 -1.970837902598E-11
AR GRAD 2024 06 06 01 25  0.000000 2  -1.177125324298E-11 -3.103320031506E-11
AR GRAD 2024 06 06 01 25 10.000000 2  -9.912870871376E-12 -3.199802228737E-11
AR GRAD 2024 06 06 01 25 20.000000 2  -1.219130785907E-11 -3.062284453792E-11
AR GRAD 2024 06 06 01 25 30.000000 2  -1.144231411010E-11 -1.401766723530E-11
AR GRAD 2024 06 06 01 25 40.000000 2  -1.203113997317E-11 -4.977248821425E-11
AR GRAD 2024 06 06 01 25 50.000000 2  -1.069902760137E-11 -4.218731614047E-11
AR GRAD 2024 06 06 01 26  0.000000 2  -1.218464999037E-11 -3.794213901398E-11
AR GRAD 2024 06 06 01 26 10.000000 2  -1.325430737387E-11 -1.222696423275E-11
AR GRAD 2024 06 06 01 26 20.000000 2  -1.207150004956E-11 -4.055179109175E-11
AR GRAD 2024 06 06 01 26 30.000000 2  -1.420074387942E-11 -2.832661709362E-11
AR GRAD 2024 06 06 01 26 40.000000 2  -1.175948834836E-11 -2.350144384655E-11
AR GRAD 2024 06 06 01 26 50.000000 2  -1.193829236856E-11 -2.236626855945E-11
AR GRAD 2024 06 06 01 27  0.000000 2  -1.292551135568E-11 -2.776109724045E-11
AR GRAD 2024 06 06 01 27 10.000000 2  -1.135305998518E-11 -3.289592556688E-11
AR GRAD 2024 06 06 01 27 20.000000 2  -1.291928630048E-11 -1.424075180695E-11
AR GRAD 2024 06 06 01 27 30.000000 2  -1.184503016505E-11 -2.621558178872E-11
AR GRAD 2024 06 06 01 27 40.000000 2  -1.128885700197E-11 -8.640411303107E-12
AR GRAD 2024 06 06 01 27 50.000000 2  -1.027068794596E-11 -2.056524048277E-11
AR GRAD 2024 06 06 01 28  0.000000 2  -1.564730289783E-11 -2.096006875008E-11
AR GRAD 2024 06 06 01 28 10.000000 2  -1.227146682881E-11 -1.652490123905E-11
AR GRAD 2024 06 06 01 28 20.000000 2  -1.568004059926E-11 -1.857973323804E-11
AR GRAD 2024 06 06 01 28 30.000000 2  -1.216960733574E-11 -3.162456407857E-11
AR GRAD 2024 06 06 01 28 40.000000 2  -1.159079689866E-11 -1.839395606315E-12
AR GRAD 2024 06 06 01 28 50.000000 2  -1.216335972914E-11 -1.429422812754E-11
AR GRAD 2024 06 06 01 29  0.000000 2  -1.559769501058E-11 -2.290906180036E-11
AR GRAD 2024 06 06 01 29 10.000000 2  -1.309104213920E-11 -4.842388989790E-11
AR GRAD 2024 06 06 01 29 20.000000 2  -1.450873969577E-11  1.664127169398E-11
AR GRAD 2024 06 06 01 29 30.000000 2  -1.234088352342E-11 -1.307356306546E-11
AR GRAD 2024 06 06 01 29 40.000000 2  -1.597585085056E-11 -9.538396114617E-12
AR GRAD 2024 06 06 01 29 50.000000 2  -1.007834093958E-11 -1.993323388294E-11
AR GRAD 2024 06 06 01 30  0.000000 2  -1.419889292947E-11 -9.768067431304E-12
AR GRAD 2024 06 06 01 30 10.000000 2  -1.251891472431E-11 -3.219290459211E-11
AR GRAD 2024 06 06 01 30 20.000000 2  -1.328574056325E-11 -8.317740593511E-12
AR GRAD 2024 06 06 01 30 30.000000 2  -1.465483637220E-11 -1.313257749075E-11
AR GRAD 2024 06 06 01 30 40.000000 2  -1.128861327332E-11 -1.940741664597E-11
AR GRAD 2024 06 06 01 30 50.000000 2  -1.190133928908E-11 -2.229225484762E-11
AR GRAD 2024 06 06 01 31  0.000000 2  -1.110132905741E-11 -5.457093110728E-12
AR GRAD 2024 06 06 01 31 10.000000 2  -1.074762414482E-11 -1.873193440638E-11
AR GRAD 2024 06 06 01 31 20.000000 2  -1.417962275374E-11 -2.580676991548E-11
AR GRAD 2024 06 06 01 31 30.000000 2  -1.239279078663E-11 -1.357161084903E-11
AR GRAD 2024 06 06 01 31 40.000000 2  -1.257284640982E-11 -2.915645155865E-11
AR GRAD 2024 06 06 01 31 50.000000 2  -1.123836267103E-11 -2.107129228046E-11
AR GRAD 2024 06 06 01 32  0.000000 2  -9.729822850191E-12 -1.066135244324E-12
AR GRAD 2024 06 06 01 32 10.000000 2  -1.275071714879E-11 -2.082097515232E-11
AR GRAD 2024 06 06 01 32 20.000000 2  -1.552112258163E-11 -1.640581767659E-11
AR GRAD 2024 06 06 01 32 30.000000 2  -1.034406935108E-11 -1.473066113533E-11
AR GRAD 2024 06 06 01 32 40.000000 2  -1.183361308249E-11 -3.040550450306E-11
AR GRAD 2024 06 06 01 32 50.000000 2  -1.181503245934E-11 -1.546034827937E-11
AR GRAD 2024 06 06 01 33  0.000000 2  -1.479075369126E-11 -1.890519338299E-11
AR GRAD 2024 06 06 01 33 10.000000 2  -1.127804360318E-11 -5.560037239644E-12
AR GRAD 2024 06 06 01 33 20.000000 2  -1.596700896500E-11 -1.955488201921E-11
AR GRAD 2024 06 06 01 33 30.000000 2  -1.147470313212E-11 -1.869972753032E-11
AR GRAD 2024 06 06 01 33 40.000000 2  -1.319817952844E-11 -1.778457416057E-11
AR GRAD 2024 06 06 01 33 50.000000 2  -1.274060978246E-11 -1.167942045160E-11
AR GRAD 2024 06 06 01 34  0.000000 2  -1.004090473961E-11  6.495731470074E-12
AR GRAD 2024 06 06 01 34 10.000000 2  -1.371341061540E-11 -1.543911526403E-11
AR GRAD 2024 06 06 01 34 20.000000 2  -6.840726336083E-12 -4.239630565020E-13
AR GRAD 2024 06 06 01 34 30.000000 2  -1.470178839780E-11 -2.688881235724E-11
AR GRAD 2024 06 06 01 34 40.000000 2  -1.076092600444E-11  2.606338972769E-12
AR GRAD 2024 06 06 01 34 50.000000 2  -1.188769308685E-11 -6.978510217609E-12
AR GRAD 2024 06 06 01 35  0.000000 2  -1.106788185407E-11  1.706639495523E-12
AR GRAD 2024 06 06 01 35 10.000000 2  -8.880111056209E-12 -1.112820859767E-11
AR GRAD 2024 06 06 01 35 20.000000 2  -8.201111664774E-12 -5.003061333275E-12
AR GRAD 2024 06 06 01 35 30.000000 2  -1.419433667826E-11 -9.287912453027E-12
AR GRAD 2024 06 06 01 35 40.000000 2  -1.057218809025E-11 -4.022763892830E-12
AR GRAD 2024 06 06 01 35 50.000000 2  -9.332405508100E-12 -4.767615989498E-12
AR GRAD 2024 06 06 01 36  0.000000 2  -1.108640783343E-11  3.157531094228E-12
AR GRAD 2024 06 06 01 36 10.000000 2  -9.163282112257E-12  1.026267872767E-11
AR GRAD 2024 06 06 01 36 20.000000 2  -8.412698489224E-12 -1.097217542517E-11
AR GRAD 2024 06 06 01 36 30.000000 2  -7.367716679807E-12  4.322969499732E-12
AR GRAD 2024 06 06 01 36 40.000000 2  -9.097612420350E-12 -1.218188397378E-11
AR GRAD 2024 06 06 01 36 50.000000 2  -1.025689949641E-11 -8.986739304107E-12
AR GRAD 2024 06 06 01 37  0.000000 2  -8.689265452999E-12  1.041840658883E-11
AR GRAD 2024 06 06 01 37 10.000000 2  -6.312780159723E-12  8.833547608667E-12
AR GRAD 2024 06 06 01 37 20.000000 2  -5.492881323399E-12 -7.091308009549E-12
AR GRAD 2024 06 06 01 37 30.000000 2  -1.213943355560E-11  8.538347980036E-13
AR GRAD 2024 06 06 01 37 40.000000 2  -5.825692792755E-12  1.636897735413E-11
AR GRAD 2024 06 06 01 37 50.000000 2  -5.092367933585E-12  1.604412089296E-11
AR GRAD 2024 06 06 01 38  0.000000 2  -1.304207436492E-11 -1.307073720092E-11
AR GRAD 2024 06 06 01 38 10.000000 2  -9.386556636126E-12  8.964403004630E-12
AR GRAD 2024 06 06 01 38 20.000000 2  -7.045119262278E-12  9.279544146978E-12
AR GRAD 2024 06 06 01 38 30.000000 2  -8.847648308441E-12 -5.755315495015E-12
AR GRAD 2024 06 06 01 38 40.000000 2  -9.447423746090E-12  7.398239464627E-13
AR GRAD 2024 06 06 01 38 50.000000 2  -1.050423203280E-11  1.565496343670E-11
AR GRAD 2024 06 06 01 39  0.000000 2  -6.518603365424E-12 -2.289897655175E-12
AR GRAD 2024 06 06 01 39 10.000000 2  -4.610361571677E-12 -6.947602757858E-13
AR GRAD 2024 06 06 01 39 20.000000 2  -8.025804847100E-12  2.436038003262E-11
AR GRAD 2024 06 06 01 39 30.000000 2  -1.000359170500E-11  5.625514377244E-12
AR GRAD 2024 06 06 01 39 40.000000 2  -8.278185428812E-12  3.320651479483E-12
AR GRAD 2024 06 06 01 39 50.000000 2  -8.061501986789E-12 -5.314211310586E-12
AR GRAD 2024 06 06 01 40  0.000000 2  -6.281740752567E-12 -1.889075050901E-12
AR GRAD 2024 06 06 01 40 10.000000 2  -8.297929184053E-12  1.512606012666E-11
AR GRAD 2024 06 06 01 40 20.000000 2  -5.444365444585E-12  2.603119109157E-11
AR GRAD 2024 06 06 01 40 30.000000 2  -4.957883496109E-12 -1.753670451042E-12
AR GRAD 2024 06 06 01 40 40.000000 2  -6.424327216037E-12  8.801463897978E-12
AR GRAD 2024 06 06 01 40 50.000000 2  -5.682121873712E-12  2.435659833544E-11
AR GRAD 2024 06 06 01 41  0.000000 2  -7.437516748310E-12  2.671730892079E-12
AR GRAD 2024 06 06 01 41 10.000000 2  -1.002742160139E-11  2.546864845757E-12
AR GRAD 2024 06 06 01 41 20.000000 2  -5.734666214119E-12  6.161995826787E-12
AR GRAD 2024 06 06 01 41 30.000000 2  -4.428335736301E-12  9.107126511254E-12
AR GRAD 2024 06 06 01 41 40.000000 2  -7.241376335371E-12  2.885226085825E-11
AR GRAD 2024 06 06 01 41 50.000000 2  -6.940083490531E-12  2.042739068175E-11
AR GRAD 2024 06 06 01 42  0.000000 2  -4.104520109210E-12 -9.927478977767E-12
AR GRAD 2024 06 06 01 42 10.000000 2  -6.230582889899E-12  1.577765001981E-11
AR GRAD 2024 06 06 01 42 20.000000 2  -8.275853960460E-12  1.983277778117E-11
AR GRAD 2024 06 06 01 42 30.000000 2  -7.674182470052E-12  1.024790755727E-11
AR GRAD 2024 06 06 01 42 40.000000 2  -4.344724666844E-12 -8.256962821807E-12
AR GRAD 2024 06 06 01 42 50.000000 2  -7.585371566976E-12  1.404816627609E-11
AR GRAD 2024 06 06 01 43  0.000000 2  -4.678750008952E-12  1.240329366992E-11
AR GRAD 2024 06 06 01 43 10.000000 2  -1.882707097861E-12  1.002841993475E-11
AR GRAD 2024 06 06 01 43 20.000000 2  -1.548749952070E-12  1.778354720428E-11
AR GRAD 2024 06 06 01 43 30.000000 2  -5.630627474690E-12  1.207867139641E-11
AR GRAD 2024 06 06 01 43 40.000000 2  -1.161533109278E-12 -1.762023280104E-13
AR GRAD 2024 06 06 01 43 50.000000 2  -5.889041858331E-12  7.688923282789E-12
AR GRAD 2024 06 06 01 44  0.000000 2  -5.991964736884E-12  6.454049100713E-12
AR GRAD 2024 06 06 01 44 10.000000 2  -5.474564811897E-12  2.369917109779E-11
AR GRAD 2024 06 06 01 44 20.000000 2  -6.684988391840E-13 -6.357043797617E-13
AR GRAD 2024 06 06 01 44 30.000000 2  -1.632718049302E-12  2.069941787419E-11
AR GRAD 2024 06 06 01 44 40.000000 2  -5.845666398857E-12  1.674542340728E-12
AR GRAD 2024 06 06 01 44 50.000000 2  -2.171020091132E-12  1.274966243692E-11
AR GRAD 2024 06 06 01 45  0.000000 2  -3.173816895061E-12  2.097478440932E-11
AR GRAD 2024 06 06 01 45 10.000000 2  -5.140299644268E-12 -3.250093336821E-12
AR GRAD 2024 06 06 01 45 20.000000 2  -3.959841569229E-12  8.895027943379E-12
AR GRAD 2024 06 06 01 45 30.000000 2  -6.879287937911E-12  1.516014744296E-11
AR GRAD 2024 06 06 01 45 40.000000 2   9.293768012120E-13  1.540526907429E-11
AR GRAD 2024 06 06 01 45 50.000000 2  -3.613304967731E-12  3.603039047673E-11
AR GRAD 2024 06 06 01 46  0.000000 2  -3.851611304201E-12  1.617550711430E-11
AR GRAD 2024 06 06 01 46 10.000000 2  -4.186986694854E-12  1.030062753843E-11
AR GRAD 2024 06 06 01 46 20.000000 2  -5.516645733977E-12  1.915574469880E-11
AR GRAD 2024 06 06 01 46 30.000000 2  -1.785389978221E-12  1.278086317336E-11
AR GRAD 2024 06 06 01 46 40.000000 2  -2.435497116482E-12  3.833598022362E-11
AR GRAD 2024 06 06 01 46 50.000000 2  -3.527258509144E-13  3.282109653502E-11
AR GRAD 2024 06 06 01 47  0.000000 2  -1.238562529447E-12  1.667621075951E-11
AR GRAD 2024 06 06 01 47 10.000000 2  -3.216808763806E-12  2.734132364957E-11
AR GRAD 2024 06 06 01 47 20.000000 2  -4.257679712266E-12  1.453644236232E-11
AR GRAD 2024 06 06 01 47 30.000000 2  -4.151293458293E-12  1.462155743703E-11
AR GRAD 2024 06 06 01 47 40.000000 2  -2.408649451766E-12  2.854667370544E-11
AR GRAD 2024 06 06 01 47 50.000000 2  -3.491673530170E-12  9.331787079181E-12
AR GRAD 2024 06 06 01 48  0.000000 2  -3.224719536538E-12  3.485690555638E-11
AR GRAD 2024 06 06 01 48 10.000000 2  -3.479281749860E-12  2.871201193466E-11
AR GRAD 2024 06 06 01 48 20.000000 2  -1.451692715690E-12 -1.292874227815E-12
AR GRAD 2024 06 06 01 48 30.000000 2   1.756315904343E-13  2.866223577924E-11
AR GRAD 2024 06 06 01 48 40.000000 2  -1.280796215614E-12  3.422735012082E-11
AR GRAD 2024 06 06 01 48 50.000000 2  -7.826776878515E-13  3.533245918064E-11
AR GRAD 2024 06 06 01 49  0.000000 2  -1.868923418802E-12  1.732756819972E-11
AR GRAD 2024 06 06 01 49 10.000000 2  -1.969636476487E-12  8.442679715059E-12
AR GRAD 2024 06 06 01 49 20.000000 2   8.573697849769E-13  1.843778775490E-11
AR GRAD 2024 06 06 01 49 30.000000 2  -1.195176553212E-12  2.350289927955E-11
AR GRAD 2024 06 06 01 49 40.000000 2  -2.738217096641E-13  3.054800856717E-11
AR GRAD 2024 06 06 01 49 50.000000 2  -5.284500267932E-12  3.591311970030E-11
AR GRAD 2024 06 06 01 50  0.000000 2  -4.786852771804E-12  3.177822241462E-11
AR GRAD 2024 06 06 01 50 10.000000 2  -1.984900742033E-12  3.463333092535E-11
AR GRAD 2024 06 06 01 50 20.000000 2  -1.193566512986E-12  3.563844011567E-11
AR GRAD 2024 06 06 01 50 30.000000 2  -2.453408353212E-12  9.383545156172E-12
AR GRAD 2024 06 06 01 50 40.000000 2   3.674227588846E-12  3.312865259897E-11
AR GRAD 2024 06 06 01 50 50.000000 2  -4.204341735869E-12  2.669375658015E-11
AR GRAD 2024 06 06 01 51  0.000000 2   1.351092848711E-12  1.814885915163E-11
AR GRAD 2024 06 06 01 51 10.000000 2   6.380040809897E-13  4.065396630448E-11
AR GRAD 2024 06 06 01 51 20.000000 2  -1.140408080469E-12  3.257906791565E-11
AR GRAD 2024 06 06 01 51 30.000000 2  -2.495691370577E-12  2.923417410927E-11
AR GRAD 2024 06 06 01 51 40.000000 2  -1.332790865519E-12  2.584927237537E-11
AR GRAD 2024 06 06 01 51 50.000000 2  -2.563079522927E-12  2.931438078391E-11
AR GRAD 2024 06 06 01 52  0.000000 2   1.168675724771E-12  3.505948656390E-11
AR GRAD 2024 06 06 01 52 10.000000 2  -3.392792774157E-13  3.882458590732E-11
AR GRAD 2024 06 06 01 52 20.000000 2  -5.944355251086E-13  3.275968385452E-11
AR GRAD 2024 06 06 01 52 30.000000 2   1.511993763699E-12  1.404478183059E-11
AR GRAD 2024 06 06 01 52 40.000000 2   8.798306050731E-13  7.359883535951E-12
AR GRAD 2024 06 06 01 52 50.000000 2   1.858114573663E-12  2.521498287944E-11
AR GRAD 2024 06 06 01 53  0.000000 2   1.362086116639E-12  2.593007926432E-11
AR GRAD 2024 06 06 01 53 10.000000 2   1.121595438053E-12  1.415518223469E-11
AR GRAD 2024 06 06 01 53 20.000000 2   1.573464340592E-12  1.538027864789E-11
AR GRAD 2024 06 06 01 53 30.000000 2   1.147541046562E-12  2.111537680816E-11
AR GRAD 2024 06 06 01 53 40.000000 2   2.869068481057E-12  2.186047350083E-11
AR GRAD 2024 06 06 01 53 50.000000 2   3.491725680295E-13  1.923557146899E-11
AR GRAD 2024 06 06 01 54  0.000000 2   9.152174461000E-13  5.538066880084E-11
AR GRAD 2024 06 06 01 54 10.000000 2  -4.637058423872E-13  3.820576841007E-11
AR GRAD 2024 06 06 01 54 20.000000 2   5.613209549948E-12  2.860086126266E-11
AR GRAD 2024 06 06 01 54 30.000000 2   2.141255244946E-13  5.575954628578E-12
AR GRAD 2024 06 06 01 54 40.000000 2   1.212310688035E-13  2.687104878885E-11
AR GRAD 2024 06 06 01 54 50.000000 2   3.269592712893E-12  2.506614533992E-11
AR GRAD 2024 06 06 01 55  0.000000 2   2.582686235014E-12  4.560124153286E-11
AR GRAD 2024 06 06 01 55 10.000000 2   2.849501504979E-14  1.546632960592E-11
AR GRAD 2024 06 06 01 55 20.000000 2   2.259754449535E-12  1.408142265985E-11
AR GRAD 2024 06 06 01 55 30.000000 2   4.561157007643E-12  3.598651585057E-11
AR GRAD 2024 06 06 01 55 40.000000 2   9.685419783897E-13  2.918160851850E-11
AR GRAD 2024 06 06 01 55 50.000000 2   2.083736178396E-12  3.214669849760E-11
AR GRAD 2024 06 06 01 56  0.000000 2   3.319510681957E-12  2.174178719005E-11
AR GRAD 2024 06 06 01 56 10.000000 2  -1.416514583581E-12  2.452687705712E-11
AR GRAD 2024 06 06 01 56 20.000000 2   5.064186917036E-12  1.141196859233E-11
AR GRAD 2024 06 06 01 56 30.000000 2   2.401010705359E-13  4.388705718283E-11
AR GRAD 2024 06 06 01 56 40.000000 2   1.980624865505E-13  5.045214593324E-11
AR GRAD 2024 06 06 01 56 50.000000 2   3.163268258444E-12  3.563724315647E-11
AR GRAD 2024 06 06 01 57  0.000000 2  -2.603055574910E-12  4.432322998210E-12
AR GRAD 2024 06 06 01 57 10.000000 2   4.509721589219E-12  3.724741348687E-11
AR GRAD 2024 06 06 01 57 20.000000 2   4.577562829657E-13  3.619249691611E-11
AR GRAD 2024 06 06 01 57 30.000000 2   8.243956732545E-13  1.299758477930E-11
AR GRAD 2024 06 06 01 57 40.000000 2  -1.399568720466E-12  4.027267061502E-11
AR GRAD 2024 06 06 01 57 50.000000 2   2.686281318914E-12  3.350775906741E-11
AR GRAD 2024 06 06 01 58  0.000000 2   3.408482914316E-12  4.300284434100E-11
AR GRAD 2024 06 06 01 58 10.000000 2   5.937330488370E-12  3.410793175673E-11
AR GRAD 2024 06 06 01 58 20.000000 2   3.973797419593E-12  3.869301407056E-11
AR GRAD 2024 06 06 01 58 30.000000 2   2.262151620538E-12  2.148809429003E-11
AR GRAD 2024 06 06 01 58 40.000000 2   3.369936924999E-12  5.435318514713E-11
AR GRAD 2024 06 06 01 58 50.000000 2   1.676470269031E-12  3.617826524471E-11
AR GRAD 2024 06 06 01 59  0.000000 2   2.048353240497E-12  1.175334222309E-11
AR GRAD 2024 06 06 01 59 10.000000 2   7.661917975077E-12  4.626842659006E-11
AR GRAD 2024 06 06 01 59 20.000000 2   1.341184216637E-12  3.924350774898E-11
AR GRAD 2024 06 06 01 59 30.000000 2   1.236521844118E-12  2.072858551472E-11
AR GRAD 2024 06 06 01 59 40.000000 2   3.486885693377E-12  4.599367067759E-11
AR GRAD 2024 06 06 01 59 50.000000 2   5.149696207657E-12  4.228874889156E-11
AR GRAD 2024 06 06 02 00  0.000000 2   2.486805466412E-12  2.626382618331E-11
AR GRAD 2024 06 06 02 00 10.000000 2   2.783928686537E-12  4.287891222643E-11
AR GRAD 2024 06 06 02 00 20.000000 2   5.644748991146E-13  2.286398501083E-11
AR GRAD 2024 06 06 02 00 30.000000 2   4.994255443230E-12  6.008905872879E-11
AR GRAD 2024 06 06 02 00 40.000000 2   5.154609811903E-12  2.651413984200E-11
AR GRAD 2024 06 06 02 00 50.000000 2   5.336072729512E-12  5.785921741719E-11
AR GRAD 2024 06 06 02 01  0.000000 2   4.125722766896E-12  3.429429309976E-11
AR GRAD 2024 06 06 02 01 10.000000 2   4.223307467632E-12  3.640937204508E-11
AR GRAD 2024 06 06 02 01 20.000000 2   1.966645162693E-12  3.346444996111E-11
AR GRAD 2024 06 06 02 01 30.000000 2   2.955022294568E-12  3.737952655736E-11
AR GRAD 2024 06 06 02 01 40.000000 2   1.712283960453E-12  1.117459770550E-11
AR GRAD 2024 06 06 02 01 50.000000 2   2.552038008002E-12  5.531967592343E-11
AR GRAD 2024 06 06 02 02  0.000000 2   2.537305868883E-12  2.935474779919E-11
AR GRAD 2024 06 06 02 02 10.000000 2   4.277789060481E-12  4.822981944375E-11
AR GRAD 2024 06 06 02 02 20.000000 2   1.734009745687E-12  3.435489392967E-11
AR GRAD 2024 06 06 02 02 30.000000 2   5.932671021114E-12  4.845996173786E-11
AR GRAD 2024 06 06 02 02 40.000000 2   5.138816022016E-12  2.712503659186E-11
AR GRAD 2024 06 06 02 02 50.000000 2   3.170494682764E-12  3.331010814400E-11
AR GRAD 2024 06 06 02 03  0.000000 2   4.505853155867E-12  2.149517716599E-11
AR GRAD 2024 06 06 02 03 10.000000 2   4.371153179000E-12  2.847024872799E-11
AR GRAD 2024 06 06 02 03 20.000000 2   4.491114511534E-12  5.080532522461E-11
AR GRAD 2024 06 06 02 03 30.000000 2   5.803465347176E-12  2.340038753046E-11
AR GRAD 2024 06 06 02 03 40.000000 2   2.774916364398E-12  4.011546303473E-11
AR GRAD 2024 06 06 02 03 50.000000 2   5.168426017027E-12  2.837052641425E-11
AR GRAD 2024 06 06 02 04  0.000000 2   3.023271086602E-12  4.811559484175E-11
AR GRAD 2024 06 06 02 04 10.000000 2   3.671723515508E-12  2.457066147765E-11
AR GRAD 2024 06 06 02 04 20.000000 2   4.154359148356E-12  3.685573374268E-11
AR GRAD 2024 06 06 02 04 30.000000 2   5.632534369471E-12  4.235079995030E-11
AR GRAD 2024 06 06 02 04 40.000000 2   2.298243626658E-12  3.449586449822E-11
AR GRAD 2024 06 06 02 04 50.000000 2   3.711557970687E-12  4.595093403004E-11
AR GRAD 2024 06 06 02 05  0.000000 2   2.272685295165E-12  3.538599621655E-11
AR GRAD 2024 06 06 02 05 10.000000 2   4.328055708963E-12  3.753106506132E-11
AR GRAD 2024 06 06 02 05 20.000000 2   3.970513588053E-12  3.028612430289E-11
AR GRAD 2024 06 06 02 05 30.000000 2   4.285989098352E-12  4.175118584193E-11
AR GRAD 2024 06 06 02 05 40.000000 2   6.280136567033E-12  3.466625597692E-11
AR GRAD 2024 06 06 02 05 50.000000 2   2.485521771040E-12  2.649131435051E-11
AR GRAD 2024 06 06 02 06  0.000000 2   5.607747773084E-12  2.917638006195E-11
AR GRAD 2024 06 06 02 06 10.000000 2   8.365597277404E-12  4.147143739530E-11
AR GRAD 2024 06 06 02 06 20.000000 2   5.819978613625E-12  2.433649982925E-11
AR GRAD 2024 06 06 02 06 30.000000 2   2.163668766722E-12  3.259156139412E-11
AR GRAD 2024 06 06 02 06 40.000000 2   6.011263101874E-12  4.281662871475E-11
AR GRAD 2024 06 06 02 06 50.000000 2   4.554343881191E-12  2.168168075634E-11
AR GRAD 2024 06 06 02 07  0.000000 2   2.372173638077E-12  3.150674166008E-11
AR GRAD 2024 06 06 02 07 10.000000 2   4.336313860070E-12  3.945180640508E-11
AR GRAD 2024 06 06 02 07 20.000000 2   4.399733615629E-12  4.955686555563E-11
AR GRAD 2024 06 06 02 07 30.000000 2   5.035065680364E-12  2.786191763415E-11
AR GRAD 2024 06 06 02 07 40.000000 2   5.739260629245E-12  4.558697863644E-11
AR GRAD 2024 06 06 02 07 50.000000 2   1.823251402286E-12  4.836203312819E-11
AR GRAD 2024 06 06 02 08  0.000000 2   5.049535876239E-12  4.102709144638E-11
AR GRAD 2024 06 06 02 08 10.000000 2   6.951496669960E-12  4.648215146119E-11
AR GRAD 2024 06 06 02 08 20.000000 2   5.917132669259E-12  4.341720732937E-11
AR GRAD 2024 06 06 02 08 30.000000 2   3.793629039378E-12  3.298225928483E-11
AR GRAD 2024 06 06 02 08 40.000000 2   5.434407698152E-12  4.416731910761E-11
AR GRAD 2024 06 06 02 08 50.000000 2   1.706417342498E-12  4.693236771436E-11
AR GRAD 2024 06 06 02 09  0.000000 2   3.997654204196E-12  3.918742760844E-11
AR GRAD 2024 06 06 02 09 10.000000 2   2.203366178746E-12  5.425248097990E-11
AR GRAD 2024 06 06 02 09 20.000000 2   6.550338830374E-12  3.761753408771E-11
AR GRAD 2024 06 06 02 09 30.000000 2   4.486433793915E-12  1.649257987124E-11
AR GRAD 2024 06 06 02 09 40.000000 2   3.482962399395E-12  3.388763228362E-11
AR GRAD 2024 06 06 02 09 50.000000 2   6.179154844049E-12  3.175268728506E-11
AR GRAD 2024 06 06 02 10  0.000000 2  -1.066088840471E-12  5.103774000648E-11
AR GRAD 2024 06 06 02 10 10.000000 2   2.256683988983E-12  5.175279302327E-11
AR GRAD 2024 06 06 02 10 20.000000 2   7.127520795791E-12  2.631783679874E-11
AR GRAD 2024 06 06 02 10 30.000000 2   3.409687246089E-12  3.518289132254E-11
AR GRAD 2024 06 06 02 10 40.000000 2   2.526106710962E-12  5.189794080596E-11
AR GRAD 2024 06 06 02 10 50.000000 2   4.558398363635E-12  3.361299086291E-11
AR GRAD 2024 06 06 02 11  0.000000 2   4.801510317815E-12  3.280803753669E-11
AR GRAD 2024 06 06 02 11 10.000000 2   5.087740125032E-12  2.312307983976E-11
AR GRAD 2024 06 06 02 11 20.000000 2   5.448856643664E-12  4.717813292809E-11
AR GRAD 2024 06 06 02 11 30.000000 2   4.974645695377E-12  4.668317815648E-11
AR GRAD 2024 06 06 02 11 40.000000 2   3.713584127707E-12  1.647822156503E-11
AR GRAD 2024 06 06 02 11 50.000000 2   1.811795396871E-12  5.214327233882E-11
AR GRAD 2024 06 06 02 12  0.000000 2   9.190892838462E-12  3.186831701307E-11
AR GRAD 2024 06 06 02 12 10.000000 2   4.132271348017E-12  5.315336712441E-11
AR GRAD 2024 06 06 02 12 20.000000 2   7.471480031884E-12  2.222840661537E-11
AR GRAD 2024 06 06 02 12 30.000000 2   7.161007030410E-12  5.170344707928E-11
AR GRAD 2024 06 06 02 12 40.000000 2   4.925864403871E-12  5.416849607753E-11
AR GRAD 2024 06 06 02 12 50.000000 2   1.528740675716E-12  3.934353884349E-11
AR GRAD 2024 06 06 02 13  0.000000 2   4.998882818102E-12  5.414858492148E-11
AR GRAD 2024 06 06 02 13 10.000000 2   6.170350255047E-12  3.788362332169E-11
AR GRAD 2024 06 06 02 13 20.000000 2   4.112112993865E-12  5.282866158418E-11
AR GRAD 2024 06 06 02 13 30.000000 2   4.213151529042E-12  4.792370666973E-11
AR GRAD 2024 06 06 02 13 40.000000 2   5.657872607923E-12  3.598875017441E-11
AR GRAD 2024 06 06 02 13 50.000000 2   9.574337850315E-13  5.458378887768E-11
AR GRAD 2024 06 06 02 14  0.000000 2   5.649306109717E-12  4.634883102317E-11
AR GRAD 2024 06 06 02 14 10.000000 2   6.462898358844E-12  3.361386516354E-11
AR GRAD 2024 06 06 02 14 20.000000 2   3.928168120643E-12  2.030890386417E-11
AR GRAD 2024 06 06 02 14 30.000000 2   2.788193937883E-12  5.757394561101E-11
AR GRAD 2024 06 06 02 14 40.000000 2   6.126234068649E-12  4.541898107613E-11
AR GRAD 2024 06 06 02 14 50.000000 2   6.014357848555E-12  4.390401930898E-11
AR GRAD 2024 06 06 02 15  0.000000 2   4.749933085746E-12  5.599905955611E-11
AR GRAD 2024 06 06 02 15 10.000000 2   4.868134974995E-12  3.892410005424E-11
AR GRAD 2024 06 06 02 15 20.000000 2   7.333197417358E-12  3.860912978215E-11
AR GRAD 2024 06 06 02 15 30.000000 2   4.490320441863E-12  9.084164843964E-12
AR GRAD 2024 06 06 02 15 40.000000 2   6.498165287111E-12  5.033920502662E-11
AR GRAD 2024 06 06 02 15 50.000000 2   4.090412470542E-12  4.917423412909E-11
AR GRAD 2024 06 06 02 16  0.000000 2   3.876453411739E-12  2.217926710346E-11
AR GRAD 2024 06 06 02 16 10.000000 2   3.129681626704E-12  2.529430311038E-11
AR GRAD 2024 06 06 02 16 20.000000 2   5.891029417754E-12  5.440934161549E-11
AR GRAD 2024 06 06 02 16 30.000000 2   7.990535316749E-12  3.563436698495E-11
AR GRAD 2024 06 06 02 16 40.000000 2   5.721830995120E-12  3.753940214235E-11
AR GRAD 2024 06 06 02 16 50.000000 2   4.884598801824E-12  4.665443378848E-11
AR GRAD 2024 06 06 02 17  0.000000 2   5.125243979220E-12  2.621946236514E-11
AR GRAD 2024 06 06 02 17 10.000000 2   5.195728829815E-12  3.220449601438E-11
AR GRAD 2024 06 06 02 17 20.000000 2   5.260559349241E-12  3.702952527940E-11
AR GRAD 2024 06 06 02 17 30.000000 2   1.358531885078E-12  4.733456335226E-11
AR GRAD 2024 06 06 02 17 40.000000 2   5.148010056438E-12  5.102958680614E-11
AR GRAD 2024 06 06 02 17 50.000000 2   2.628585500306E-12  1.614461342392E-11
AR GRAD 2024 06 06 02 18  0.000000 2   3.405478156415E-12  4.947964607482E-11
AR GRAD 2024 06 06 02 18 10.000000 2   7.040656252455E-12  2.747467357789E-11
AR GRAD 2024 06 06 02 18 20.000000 2   3.590022159758E-12  2.283970061689E-11
AR GRAD 2024 06 06 02 18 30.000000 2   2.629595759890E-12  5.461472940560E-11
AR GRAD 2024 06 06 02 18 40.000000 2   5.061683277380E-12  4.477975976136E-11
AR GRAD 2024 06 06 02 18 50.000000 2   4.040318427045E-12  4.660478253316E-11
AR GRAD 2024 06 06 02 19  0.000000 2   4.068397962270E-12  3.571981252448E-11
AR GRAD 2024 06 06 02 19 10.000000 2   2.344002596188E-12  5.115483731055E-11
AR GRAD 2024 06 06 02 19 20.000000 2   3.576223085028E-12  3.531985814931E-11
AR GRAD 2024 06 06 02 19 30.000000 2   4.302362285880E-12  4.526488558976E-11
AR GRAD 2024 06 06 02 19 40.000000 2   6.711459946823E-12  2.998990292213E-11
AR GRAD 2024 06 06 02 19 50.000000 2   6.596145071119E-12  5.065492816869E-11
AR GRAD 2024 06 06 02 20  0.000000 2   2.806040989844E-12  3.080995528149E-11
AR GRAD 2024 06 06 02 20 10.000000 2   5.610426186131E-12  3.190497172012E-11
AR GRAD 2024 06 06 02 20 20.000000 2   3.529276914119E-12  5.395000071684E-11
AR GRAD 2024 06 06 02 20 30.000000 2   1.026579971204E-12  3.486501712335E-11
AR GRAD 2024 06 06 02 20 40.000000 2   5.254882466665E-12  3.653004287951E-11
AR GRAD 2024 06 06 02 20 50.000000 2   4.885103606356E-12  3.616506052961E-11
AR GRAD 2024 06 06 02 21  0.000000 2   6.491924185725E-12  3.735008136108E-11
AR GRAD 2024 06 06 02 21 10.000000 2   4.022182760466E-12  5.277510026214E-11
AR GRAD 2024 06 06 02 21 20.000000 2   2.993858958487E-13  3.280011678930E-11
AR GRAD 2024 06 06 02 21 30.000000 2   2.663769378686E-12  5.270514233380E-11
AR GRAD 2024 06 06 02 21 40.000000 2   6.319742038713E-12  2.969015658327E-11
AR GRAD 2024 06 06 02 21 50.000000 2   2.054979884175E-12  4.619517615656E-11
AR GRAD 2024 06 06 02 22  0.000000 2   3.411451026183E-12  4.123019287094E-11
AR GRAD 2024 06 06 02 22 10.000000 2   4.962303137845E-12  3.053520630791E-11
AR GRAD 2024 06 06 02 22 20.000000 2   4.922248372785E-12  2.708022348030E-11
AR GRAD 2024 06 06 02 22 30.000000 2   4.689712593958E-12  3.961524511209E-11
AR GRAD 2024 06 06 02 22 40.000000 2   1.692470491012E-12  3.761025865745E-11
AR GRAD 2024 06 06 02 22 50.000000 2   3.519979663649E-12  4.297527264607E-11
AR GRAD 2024 06 06 02 23  0.000000 2   4.754526633510E-12  3.527029016070E-11
AR GRAD 2024 06 06 02 23 10.000000 2   1.140670891076E-12  3.693529856963E-11
AR GRAD 2024 06 06 02 23 20.000000 2   1.036531104004E-12  2.600031127897E-11
AR GRAD 2024 06 06 02 23 30.000000 2   4.562979334655E-12  4.272532674876E-11
AR GRAD 2024 06 06 02 23 40.000000 2   3.823219518750E-12  2.876033439181E-11
AR GRAD 2024 06 06 02 23 50.000000 2   4.294133191390E-12  4.076535636832E-11
AR GRAD 2024 06 06 02 24  0.000000 2   4.314730864263E-12  1.976036001494E-11
AR GRAD 2024 06 06 02 24 10.000000 2   2.699870925785E-12  3.186537492206E-11
AR GRAD 2024 06 06 02 24 20.000000 2   1.682774362563E-12  3.284039012952E-11
AR GRAD 2024 06 06 02 24 30.000000 2  -7.277189376272E-13  4.604539319275E-11
AR GRAD 2024 06 06 02 24 40.000000 2   2.017752067859E-12  3.722041078125E-11
AR GRAD 2024 06 06 02 24 50.000000 2  -2.208795429545E-12  4.023541222420E-11
AR GRAD 2024 06 06 02 25  0.000000 2   5.355777019794E-12  2.539042413818E-11
AR GRAD 2024 06 06 02 25 10.000000 2   2.189241626524E-12  3.123543090844E-11
AR GRAD 2024 06 06 02 25 20.000000 2   2.406229512517E-12  2.120043897380E-11
AR GRAD 2024 06 06 02 25 30.000000 2   2.427261733620E-12  2.040544642978E-11
AR GRAD 2024 06 06 02 25 40.000000 2   4.366408764504E-13  3.879045695765E-11
AR GRAD 2024 06 06 02 25 50.000000 2  -9.573516025069E-13  3.395546691043E-11
AR GRAD 2024 06 06 02 26  0.000000 2   3.000103420900E-12  3.067046616678E-11
AR GRAD 2024 06 06 02 26 10.000000 2  -2.025072411193E-13  3.579547075416E-11
AR GRAD 2024 06 06 02 26 20.000000 2   2.020158129321E-12  3.295047915075E-11
AR GRAD 2024 06 06 02 26 30.000000 2   3.295619528144E-13  3.373548315699E-11
AR GRAD 2024 06 06 02 26 40.000000 2   3.400790933583E-12  2.430048176572E-11
AR GRAD 2024 06 06 02 26 50.000000 2   2.775066201138E-12  3.021548983240E-11
AR GRAD 2024 06 06 02 27  0.000000 2  -4.417358135094E-14  3.677049290052E-11
AR GRAD 2024 06 06 02 27 10.000000 2   9.724933532074E-13  3.353550076524E-11
AR GRAD 2024 06 06 02 27 20.000000 2  -1.582912078323E-12  3.859050232147E-11
AR GRAD 2024 06 06 02 27 30.000000 2  -1.826654062384E-12  2.497549909941E-11
AR GRAD 2024 06 06 02 27 40.000000 2   4.829002323882E-13  4.235050851675E-11
AR GRAD 2024 06 06 02 27 50.000000 2   4.951075899089E-13  1.442550072450E-11
AR GRAD 2024 06 06 02 28  0.000000 2   4.587848655667E-13  2.999050313646E-11
AR GRAD 2024 06 06 02 28 10.000000 2  -2.717180863990E-13  2.509550033059E-11
AR GRAD 2024 06 06 02 28 20.000000 2  -8.297107033546E-13  1.807049995750E-11
AR GRAD 2024 06 06 02 28 30.000000 2   1.573665243254E-12  1.351550208556E-11
AR GRAD 2024 06 06 02 28 40.000000 2   1.173680727259E-12  3.228050118875E-11
AR GRAD 2024 06 06 02 28 50.000000 2  -6.198509045451E-13  1.199549660991E-11
AR GRAD 2024 06 06 02 29  0.000000 2   9.534573651437E-13  3.061049677622E-11
AR GRAD 2024 06 06 02 29 10.000000 2  -2.447757708329E-12  1.121549120936E-11
AR GRAD 2024 06 06 02 29 20.000000 2   1.962146157358E-12  1.755048884000E-11
AR GRAD 2024 06 06 02 29 30.000000 2  -2.325860207555E-12  2.890548217449E-11
AR GRAD 2024 06 06 02 29 40.000000 2   4.052729831415E-13  3.230048173375E-11
AR GRAD 2024 06 06 02 29 50.000000 2  -6.984189160168E-13  1.971547577972E-11
AR GRAD 2024 06 06 02 30  0.000000 2  -1.652025413169E-12  2.495046703965E-11
AR GRAD 2024 06 06 02 30 10.000000 2   2.391618153519E-12  3.347546892463E-11
AR GRAD 2024 06 06 02 30 20.000000 2  -2.666772835544E-12  2.821045827495E-11
AR GRAD 2024 06 06 02 30 30.000000 2  -4.041187144036E-13  8.735452465547E-12
AR GRAD 2024 06 06 02 30 40.000000 2  -2.715683851840E-13  1.973044470860E-11
AR GRAD 2024 06 06 02 30 50.000000 2  -8.703799535487E-14  2.935436832843E-12
AR GRAD 2024 06 06 02 31  0.000000 2   1.908472945650E-12  2.337043059075E-11
AR GRAD 2024 06 06 02 31 10.000000 2  -1.640587839191E-12  2.836541938833E-11
AR GRAD 2024 06 06 02 31 20.000000 2  -4.005028513693E-12  4.780411309857E-12
AR GRAD 2024 06 06 02 31 30.000000 2  -3.058312283977E-12  2.005401704072E-12
AR GRAD 2024 06 06 02 31 40.000000 2  -1.401362316120E-12  1.895039160316E-11
AR GRAD 2024 06 06 02 31 50.000000 2   2.145145823126E-12  1.372538280947E-11
AR GRAD 2024 06 06 02 32  0.000000 2  -1.536053944630E-12  1.526037109179E-11
AR GRAD 2024 06 06 02 32 10.000000 2  -2.265325080297E-12  2.575535965055E-11
AR GRAD 2024 06 06 02 32 20.000000 2  -3.096036448047E-12  4.970347917965E-12
AR GRAD 2024 06 06 02 32 30.000000 2  -4.008681407652E-12  1.920533523880E-11
AR GRAD 2024 06 06 02 32 40.000000 2  -1.092045074161E-12  2.493032343065E-11
AR GRAD 2024 06 06 02 32 50.000000 2  -3.437623666627E-12 -1.450468998382E-11
AR GRAD 2024 06 06 02 33  0.000000 2  -3.742146783420E-12  1.650296652805E-12
AR GRAD 2024 06 06 02 33 10.000000 2  -2.174112669409E-13  2.065528130479E-11
AR GRAD 2024 06 06 02 33 20.000000 2  -2.600042848123E-13  4.500266912594E-12
AR GRAD 2024 06 06 02 33 30.000000 2  -5.345943739771E-12  8.755252599302E-12
AR GRAD 2024 06 06 02 33 40.000000 2  -1.954646514091E-12  3.345024257584E-11
AR GRAD 2024 06 06 02 33 50.000000 2  -4.085604250748E-12  1.326521965189E-11
AR GRAD 2024 06 06 02 34  0.000000 2  -6.819436508543E-12  7.710204870393E-12
AR GRAD 2024 06 06 02 34 10.000000 2  -1.635781787801E-12  3.935186811826E-12
AR GRAD 2024 06 06 02 34 20.000000 2  -4.928512025576E-12 -2.999831502995E-12
AR GRAD 2024 06 06 02 34 30.000000 2  -4.161262480429E-12  3.325151352179E-12
AR GRAD 2024 06 06 02 34 40.000000 2  -4.185310951976E-12  1.821013131953E-11
AR GRAD 2024 06 06 02 34 50.000000 2  -2.772877630633E-12 -1.748858761801E-13
AR GRAD 2024 06 06 02 35  0.000000 2  -5.923516017969E-12  7.950094575715E-12
AR GRAD 2024 06 06 02 35 10.000000 2  -3.986315617877E-12  6.595074746735E-12
AR GRAD 2024 06 06 02 35 20.000000 2  -5.749937418559E-12  1.990005382702E-11
AR GRAD 2024 06 06 02 35 30.000000 2  -9.714378607084E-12  1.856503492603E-11
AR GRAD 2024 06 06 02 35 40.000000 2  -5.664881324446E-12  8.430011896876E-12
AR GRAD 2024 06 06 02 35 50.000000 2  -4.590497686835E-12  3.774991170352E-12
AR GRAD 2024 06 06 02 36  0.000000 2  -8.781795603208E-12 -9.350030298616E-12
AR GRAD 2024 06 06 02 36 10.000000 2  -6.635780900460E-12 -9.550538528427E-13
AR GRAD 2024 06 06 02 36 20.000000 2  -6.940871488670E-12  3.799232792517E-13
AR GRAD 2024 06 06 02 36 30.000000 2  -8.310237914477E-12  8.114899377465E-12
AR GRAD 2024 06 06 02 36 40.000000 2  -4.920336273834E-12 -8.940123814860E-12
AR GRAD 2024 06 06 02 36 50.000000 2  -1.166742136932E-11  6.734850958173E-12
AR GRAD 2024 06 06 02 37  0.000000 2  -8.842942003651E-12 -2.220017399079E-11
AR GRAD 2024 06 06 02 37 10.000000 2  -9.356053258525E-12  3.264799238248E-12
AR GRAD 2024 06 06 02 37 20.000000 2  -9.517149221483E-12 -8.440224213979E-12
AR GRAD 2024 06 06 02 37 30.000000 2  -1.127669485568E-11 -7.525251255469E-12
AR GRAD 2024 06 06 02 37 40.000000 2  -7.074492901216E-12  5.339720419301E-12
AR GRAD 2024 06 06 02 37 50.000000 2  -5.816235080364E-12 -1.190530573431E-11
AR GRAD 2024 06 06 02 38  0.000000 2  -9.014186966305E-12  3.589665674084E-12
AR GRAD 2024 06 06 02 38 10.000000 2  -9.437730111306E-12 -2.355536078691E-11
AR GRAD 2024 06 06 02 38 20.000000 2  -1.014621459766E-11  9.349608760811E-12
AR GRAD 2024 06 06 02 38 30.000000 2  -6.778637113430E-12 -1.338541864154E-11
AR GRAD 2024 06 06 02 38 40.000000 2  -5.609713648463E-12 -1.288044931130E-11
AR GRAD 2024 06 06 02 38 50.000000 2  -9.020248090130E-12 -1.155547966342E-11
AR GRAD 2024 06 06 02 39  0.000000 2  -7.784054650850E-12 -1.089051158282E-11
AR GRAD 2024 06 06 02 39 10.000000 2  -1.091135081593E-11 -9.845541049103E-12
AR GRAD 2024 06 06 02 39 20.000000 2  -8.947238783197E-12  6.289426011247E-12
AR GRAD 2024 06 06 02 39 30.000000 2  -9.037963953629E-12  1.294439555544E-11
AR GRAD 2024 06 06 02 39 40.000000 2  -8.366731786558E-12 -2.822063936703E-11
AR GRAD 2024 06 06 02 39 50.000000 2  -8.405400507561E-12 -1.258567035312E-11
AR GRAD 2024 06 06 02 40  0.000000 2  -9.475552287252E-12  6.629296937788E-12
AR GRAD 2024 06 06 02 40 10.000000 2  -1.278398220617E-11  5.034262069714E-12
AR GRAD 2024 06 06 02 40 20.000000 2  -9.154409001677E-12 -3.381077015585E-11
AR GRAD 2024 06 06 02 40 30.000000 2  -6.674313445670E-12 -1.129580803894E-11
AR GRAD 2024 06 06 02 40 40.000000 2  -1.020857790662E-11 -7.120842977770E-12
AR GRAD 2024 06 06 02 40 50.000000 2  -7.181376587145E-12 -1.398587842760E-11
AR GRAD 2024 06 06 02 41  0.000000 2  -1.404589292098E-11 -5.480915634543E-12
AR GRAD 2024 06 06 02 41 10.000000 2  -1.122248908386E-11 -1.498595171567E-11
AR GRAD 2024 06 06 02 41 20.000000 2  -6.830026995364E-12 -2.190989360426E-12
AR GRAD 2024 06 06 02 41 30.000000 2  -9.819250447463E-12 -5.486026563584E-12
AR GRAD 2024 06 06 02 41 40.000000 2  -1.026081216521E-11 -1.296106538068E-11
AR GRAD 2024 06 06 02 41 50.000000 2  -1.049670159819E-11 -6.646104239866E-12
AR GRAD 2024 06 06 02 42  0.000000 2  -8.230218589977E-12 -6.511143187116E-12
AR GRAD 2024 06 06 02 42 10.000000 2  -9.106263486325E-12 -6.926182283956E-12
AR GRAD 2024 06 06 02 42 20.000000 2  -9.675354267769E-12 -1.263122072215E-11
AR GRAD 2024 06 06 02 42 30.000000 2  -1.101435175704E-11 -1.941626373569E-11
AR GRAD 2024 06 06 02 42 40.000000 2  -1.149171643261E-11 -1.568130521268E-11
AR GRAD 2024 06 06 02 42 50.000000 2  -9.334972031483E-12 -1.695634431476E-11
AR GRAD 2024 06 06 02 43  0.000000 2  -1.518011064072E-11 -9.521386283573E-12
AR GRAD 2024 06 06 02 43 10.000000 2  -1.198590272172E-11 -8.986429655966E-12
AR GRAD 2024 06 06 02 43 20.000000 2  -1.100858293412E-11 -6.331473106219E-12
AR GRAD 2024 06 06 02 43 30.000000 2  -1.224300522074E-11 -2.867651602290E-11
AR GRAD 2024 06 06 02 43 40.000000 2  -1.290486294214E-11 -1.571155879010E-11
AR GRAD 2024 06 06 02 43 50.000000 2  -1.132693851907E-11 -2.548660588131E-11
AR GRAD 2024 06 06 02 44  0.000000 2  -1.345418481485E-11 -2.769164932082E-11
AR GRAD 2024 06 06 02 44 10.000000 2  -9.562953727504E-12 -1.931669581234E-11
AR GRAD 2024 06 06 02 44 20.000000 2  -1.051233752825E-11 -1.495174123400E-11
AR GRAD 2024 06 06 02 44 30.000000 2  -1.424368175490E-11 -5.986785719947E-12
AR GRAD 2024 06 06 02 44 40.000000 2  -9.666741365710E-12 -2.943183197157E-11
AR GRAD 2024 06 06 02 44 50.000000 2  -1.129475592915E-11 -1.562687999834E-11
AR GRAD 2024 06 06 02 45  0.000000 2  -1.127681628632E-11 -4.083192464699E-11
AR GRAD 2024 06 06 02 45 10.000000 2  -8.855617628090E-12 -1.739697622072E-11
AR GRAD 2024 06 06 02 45 20.000000 2  -1.637578440905E-11 -1.830202482622E-11
AR GRAD 2024 06 06 02 45 30.000000 2  -1.400812712354E-11 -3.156707187313E-11
AR GRAD 2024 06 06 02 45 40.000000 2  -1.108917731946E-11 -2.356212273902E-11
AR GRAD 2024 06 06 02 45 50.000000 2  -1.374644235247E-11 -2.245717153904E-11
AR GRAD 2024 06 06 02 46  0.000000 2  -1.201145606589E-11 -2.800222380361E-11
AR GRAD 2024 06 06 02 46 10.000000 2  -1.585578543462E-11 -1.484727445156E-11
AR GRAD 2024 06 06 02 46 20.000000 2  -1.328115742383E-11 -2.731232601194E-11
AR GRAD 2024 06 06 02 46 30.000000 2  -1.140607920613E-11 -1.690737827520E-11
AR GRAD 2024 06 06 02 46 40.000000 2  -1.603848477638E-11 -2.598242974938E-11
AR GRAD 2024 06 06 02 46 50.000000 2  -1.346999942142E-11 -1.973748421646E-11
AR GRAD 2024 06 06 02 47  0.000000 2  -1.313604086617E-11 -3.402253132001E-11
AR GRAD 2024 06 06 02 47 10.000000 2  -1.258786304359E-11 -4.191758745664E-11
AR GRAD 2024 06 06 02 47 20.000000 2  -1.265783138027E-11 -2.483264288644E-11
AR GRAD 2024 06 06 02 47 30.000000 2  -1.554289336125E-11 -4.548769347301E-11
AR GRAD 2024 06 06 02 47 40.000000 2  -1.389081211167E-11 -2.981275296077E-11
AR GRAD 2024 06 06 02 47 50.000000 2  -1.691547422966E-11 -3.299780587662E-11
AR GRAD 2024 06 06 02 48  0.000000 2  -1.296931052136E-11 -3.109286439429E-11
AR GRAD 2024 06 06 02 48 10.000000 2  -1.258267968984E-11 -2.743791999160E-11
AR GRAD 2024 06 06 02 48 20.000000 2  -1.544759285765E-11 -2.527297815469E-11
AR GRAD 2024 06 06 02 48 30.000000 2  -1.280903941941E-11 -1.344803608749E-11
AR GRAD 2024 06 06 02 48 40.000000 2  -1.455559457686E-11 -2.110309496595E-11
AR GRAD 2024 06 06 02 48 50.000000 2  -1.268551930167E-11 -1.914815354886E-11
AR GRAD 2024 06 06 02 49  0.000000 2  -1.702578876495E-11 -1.719321213178E-11
AR GRAD 2024 06 06 02 49 10.000000 2  -1.683282159493E-11 -3.397826811580E-11
AR GRAD 2024 06 06 02 49 20.000000 2  -1.287928357713E-11 -9.093329388088E-12
AR GRAD 2024 06 06 02 49 30.000000 2  -1.810077608633E-11 -5.242838801989E-11
AR GRAD 2024 06 06 02 49 40.000000 2  -1.137602078510E-11 -2.881345162464E-11
AR GRAD 2024 06 06 02 49 50.000000 2  -1.390254144445E-11 -3.764851277954E-11
AR GRAD 2024 06 06 02 50  0.000000 2  -1.375947793203E-11 -3.470356987889E-11
AR GRAD 2024 06 06 02 50 10.000000 2  -1.384945370192E-11 -3.536863510401E-11
AR GRAD 2024 06 06 02 50 20.000000 2  -1.527299467452E-11 -4.132369793575E-11
AR GRAD 2024 06 06 02 50 30.000000 2  -1.894594897633E-11 -2.203876144080E-11
AR GRAD 2024 06 06 02 50 40.000000 2  -1.181936406386E-11 -2.936382387242E-11
AR GRAD 2024 06 06 02 50 50.000000 2  -1.764848857333E-11 -4.095888905820E-11
AR GRAD 2024 06 06 02 51  0.000000 2  -1.696878401680E-11 -4.422395089021E-11
AR GRAD 2024 06 06 02 51 10.000000 2  -1.498162011115E-11 -1.782901951075E-11
AR GRAD 2024 06 06 02 51 20.000000 2  -1.819820683036E-11 -4.307407902582E-11
AR GRAD 2024 06 06 02 51 30.000000 2  -1.424884602669E-11 -4.421914570618E-11
AR GRAD 2024 06 06 02 51 40.000000 2  -2.050127949349E-11 -2.092421722000E-11
AR GRAD 2024 06 06 02 51 50.000000 2  -1.547988646988E-11 -4.695928368381E-11
AR GRAD 2024 06 06 02 52  0.000000 2  -2.101873883276E-11 -3.337434842376E-11
AR GRAD 2024 06 06 02 52 10.000000 2  -1.754600457982E-11 -3.917942012488E-11
AR GRAD 2024 06 06 02 52 20.000000 2  -1.613662328759E-11 -3.609448850916E-11
AR GRAD 2024 06 06 02 52 30.000000 2  -1.516976301519E-11 -2.321955648588E-11
AR GRAD 2024 06 06 02 52 40.000000 2  -1.758382155159E-11 -3.107462551166E-11
AR GRAD 2024 06 06 02 52 50.000000 2  -1.762612972245E-11 -4.608969456088E-11
AR GRAD 2024 06 06 02 53  0.000000 2  -1.568043958566E-11 -3.902476258810E-11
AR GRAD 2024 06 06 02 53 10.000000 2  -1.829830037492E-11 -3.977983220604E-11
AR GRAD 2024 06 06 02 53 20.000000 2  -1.691832611506E-11 -3.450490240753E-11
AR GRAD 2024 06 06 02 53 30.000000 2  -1.830778410816E-11 -1.892997911201E-11
AR GRAD 2024 06 06 02 53 40.000000 2  -1.913747285642E-11 -3.989504906987E-11
AR GRAD 2024 06 06 02 53 50.000000 2  -1.849908073948E-11 -3.074012225324E-11
AR GRAD 2024 06 06 02 54  0.000000 2  -1.460613574533E-11 -3.357519123837E-11
AR GRAD 2024 06 06 02 54 10.000000 2  -1.784030909113E-11 -4.327026237316E-11
AR GRAD 2024 06 06 02 54 20.000000 2  -1.781874647833E-11 -2.122534439875E-11
AR GRAD 2024 06 06 02 54 30.000000 2  -1.612499717085E-11 -4.312041695931E-11
AR GRAD 2024 06 06 02 54 40.000000 2  -1.675632028963E-11 -2.859549402823E-11
AR GRAD 2024 06 06 02 54 50.000000 2  -1.630665914798E-11 -2.083056990787E-11
AR GRAD 2024 06 06 02 55  0.000000 2  -1.782239113235E-11 -3.961564409849E-11
AR GRAD 2024 06 06 02 55 10.000000 2  -1.653932893420E-11 -2.826072188766E-11
AR GRAD 2024 06 06 02 55 20.000000 2  -1.532831500617E-11 -4.735579289816E-11
AR GRAD 2024 06 06 02 55 30.000000 2  -1.664944397628E-11 -3.772087503462E-11
AR GRAD 2024 06 06 02 55 40.000000 2  -2.049914231417E-11 -4.043594972747E-11
AR GRAD 2024 06 06 02 55 50.000000 2  -1.723283321597E-11 -4.168103015512E-11
AR GRAD 2024 06 06 02 56  0.000000 2  -1.485842004989E-11 -4.613610188331E-11
AR GRAD 2024 06 06 02 56 10.000000 2  -1.773790316018E-11 -4.057118530021E-11
AR GRAD 2024 06 06 02 56 20.000000 2  -1.594276620442E-11 -3.089626471331E-11
AR GRAD 2024 06 06 02 56 30.000000 2  -1.676187660893E-11 -3.371134621455E-11
AR GRAD 2024 06 06 02 56 40.000000 2  -1.679371051944E-11 -3.410642948620E-11
AR GRAD 2024 06 06 02 56 50.000000 2  -1.524753066862E-11 -4.156151117707E-11
AR GRAD 2024 06 06 02 57  0.000000 2  -1.711431690810E-11 -3.389658692621E-11
AR GRAD 2024 06 06 02 57 10.000000 2  -1.936807832170E-11 -1.605167387897E-11
AR GRAD 2024 06 06 02 57 20.000000 2  -1.846556761664E-11 -3.044675622732E-11
AR GRAD 2024 06 06 02 57 30.000000 2  -1.721127060317E-11 -4.413183360419E-11
AR GRAD 2024 06 06 02 57 40.000000 2  -1.626428158819E-11 -4.968692124407E-11
AR GRAD 2024 06 06 02 57 50.000000 2  -1.664746118735E-11 -4.295200306537E-11
AR GRAD 2024 06 06 02 58  0.000000 2  -2.000296976667E-11 -4.559708860485E-11
AR GRAD 2024 06 06 02 58 10.000000 2  -1.812321820394E-11 -4.257217495196E-11
AR GRAD 2024 06 06 02 58 20.000000 2  -1.636293357754E-11 -4.342725831719E-11
AR GRAD 2024 06 06 02 58 30.000000 2  -2.009153260429E-11 -3.488234701088E-11
AR GRAD 2024 06 06 02 58 40.000000 2  -1.540559173285E-11 -5.011742756911E-11
AR GRAD 2024 06 06 02 58 50.000000 2  -1.808689829852E-11 -4.555251315042E-11
AR GRAD 2024 06 06 02 59  0.000000 2  -2.000160974347E-11 -4.657760288573E-11
AR GRAD 2024 06 06 02 59 10.000000 2  -1.800716346867E-11 -3.711269139228E-11
AR GRAD 2024 06 06 02 59 20.000000 2  -1.674850882982E-11 -4.217777863080E-11
AR GRAD 2024 06 06 02 59 30.000000 2  -2.140812700724E-11 -3.469287010449E-11
AR GRAD 2024 06 06 02 59 40.000000 2  -1.761608220407E-11 -4.770795564157E-11
AR GRAD 2024 06 06 02 59 50.000000 2  -1.842406435748E-11 -3.017304808783E-11
AR GRAD 2024 06 06 03 00  0.000000 2  -1.930882190249E-11 -2.641813851012E-11
AR GRAD 2024 06 06 03 00 10.000000 2  -2.151890644841E-11 -2.861322810632E-11
AR GRAD 2024 06 06 03 00 20.000000 2  -1.676348296287E-11 -4.189832161772E-11
AR GRAD 2024 06 06 03 00 30.000000 2  -2.084185254936E-11 -2.381341131230E-11
AR GRAD 2024 06 06 03 00 40.000000 2  -1.722732026477E-11 -2.138850381528E-11
AR GRAD 2024 06 06 03 00 50.000000 2  -1.758024802123E-11 -4.761359015393E-11
AR GRAD 2024 06 06 03 01  0.000000 2  -1.914558268867E-11 -3.786868735256E-11
AR GRAD 2024 06 06 03 01 10.000000 2  -1.911672209420E-11 -4.946378029391E-11
AR GRAD 2024 06 06 03 01 20.000000 2  -1.478551309164E-11 -2.416887523449E-11
AR GRAD 2024 06 06 03 01 30.000000 2  -2.047355167345E-11 -5.513396683643E-11
AR GRAD 2024 06 06 03 01 40.000000 2  -1.983328258570E-11 -5.086905896512E-11
AR GRAD 2024 06 06 03 01 50.000000 2  -1.552208361844E-11 -3.199415732347E-11
AR GRAD 2024 06 06 03 02  0.000000 2  -2.015541206157E-11 -2.865925552431E-11
AR GRAD 2024 06 06 03 02 10.000000 2  -1.930181015020E-11 -3.558434796824E-11
AR GRAD 2024 06 06 03 02 20.000000 2  -1.996184988140E-11 -4.594944563729E-11
AR GRAD 2024 06 06 03 02 30.000000 2  -1.591958162517E-11 -2.022454426154E-11
AR GRAD 2024 06 06 03 02 40.000000 2  -2.090950676492E-11 -2.554964226298E-11
AR GRAD 2024 06 06 03 02 50.000000 2  -1.894255238777E-11 -2.615473983225E-11
AR GRAD 2024 06 06 03 03  0.000000 2  -2.013780114885E-11 -7.899838769254E-12
AR GRAD 2024 06 06 03 03 10.000000 2  -1.512191240283E-11 -2.749493688281E-11
AR GRAD 2024 06 06 03 03 20.000000 2  -1.974494179269E-11 -3.133003578792E-11
AR GRAD 2024 06 06 03 03 30.000000 2  -2.136682324128E-11 -2.697513566685E-11
AR GRAD 2024 06 06 03 03 40.000000 2  -2.007565814977E-11 -4.561023086991E-11
AR GRAD 2024 06 06 03 03 50.000000 2  -2.038929788895E-11 -2.927533562791E-11
AR GRAD 2024 06 06 03 04  0.000000 2  -1.772423180446E-11 -3.770043652263E-11
AR GRAD 2024 06 06 03 04 10.000000 2  -1.834856398764E-11 -1.422554001679E-11
AR GRAD 2024 06 06 03 04 20.000000 2  -2.038829695350E-11 -1.595064358373E-11
AR GRAD 2024 06 06 03 04 30.000000 2  -1.685071526758E-11 -4.385573848520E-11
AR GRAD 2024 06 06 03 04 40.000000 2  -1.567013879766E-11 -4.234084610699E-11
AR GRAD 2024 06 06 03 04 50.000000 2  -2.060661537240E-11 -1.663595303181E-11
