 2.00 C RINEX VERSION / TYPE
 10.00 INTERVAL
 1 AR # / TYPES OF DATA
 END OF HEADER
AR GRAD 2024 06 16 01 05  0.000000 2   2.264331777635E-11  3.095190423408E-11
AR GRAD 2024 06 16 01 05 10.000000 2   2.189181821932E-11  2.226809882322E-11
AR GRAD 2024 06 16 01 05 20.000000 2   2.136543546249E-11  2.238429060164E-11
AR GRAD 2024 06 16 01 05 30.000000 2   2.273363788885E-11  3.213048230255E-11
AR GRAD 2024 06 16 01 05 40.000000 2   2.139287878788E-11  2.412667288176E-11
AR GRAD 2024 06 16 01 05 50.000000 2   1.822698242337E-11  2.881286181866E-11
AR GRAD 2024 06 16 01 06  0.000000 2   2.431820890492E-11  1.460905008077E-11
AR GRAD 2024 06 16 01 06 10.000000 2   2.165315149405E-11  3.462524017506E-11
AR GRAD 2024 06 16 01 06 20.000000 2   2.110018930412E-11  3.190142594534E-11
AR GRAD 2024 06 16 01 06 30.000000 2   2.208658429759E-11  3.051760927297E-11
AR GRAD 2024 06 16 01 06 40.000000 2   2.137415418269E-11  1.758379379602E-11
AR GRAD 2024 06 16 01 06 50.000000 2   1.955129461106E-11  2.017997574599E-11
AR GRAD 2024 06 16 01 07  0.000000 2   2.176049618274E-11  3.019615807398E-11
AR GRAD 2024 06 16 01 07 10.000000 2   2.046955313584E-11  2.766233769824E-11
AR GRAD 2024 06 16 01 07 20.000000 2   2.261335563247E-11  1.743851764380E-11
AR GRAD 2024 06 16 01 07 30.000000 2   2.375129259935E-11  2.193469537948E-11
AR GRAD 2024 06 16 01 07 40.000000 2   2.055921231869E-11  2.630087467259E-11
AR GRAD 2024 06 16 01 07 50.000000 2   1.811373794014E-11  2.167704904465E-11
AR GRAD 2024 06 16 01 08  0.000000 2   1.886903133741E-11  1.371322499999E-11
AR GRAD 2024 06 16 01 08 10.000000 2   2.261617108867E-11  1.622939803381E-11
AR GRAD 2024 06 16 01 08 20.000000 2   1.776732753977E-11  2.200557097654E-11
AR GRAD 2024 06 16 01 08 30.000000 2   1.923940694259E-11  2.779174460010E-11
AR GRAD 2024 06 16 01 08 40.000000 2   2.208035143614E-11  2.330791462613E-11
AR GRAD 2024 06 16 01 08 50.000000 2   1.793796014504E-11  2.269408445887E-11
AR GRAD 2024 06 16 01 09  0.000000 2   1.748812553104E-11  1.757025254456E-11
AR GRAD 2024 06 16 01 09 10.000000 2   1.684024794613E-11  2.342642052566E-11
AR GRAD 2024 06 16 01 09 20.000000 2   1.545399572200E-11  1.014258815824E-11
AR GRAD 2024 06 16 01 09 30.000000 2   1.967260555846E-11  2.313875133164E-11
AR GRAD 2024 06 16 01 09 40.000000 2   1.582856068438E-11  2.371491544806E-11
AR GRAD 2024 06 16 01 09 50.000000 2   1.288646533232E-11  1.651108069711E-11
AR GRAD 2024 06 16 01 10  0.000000 2   1.398104201855E-11  1.571724174421E-11
AR GRAD 2024 06 16 01 10 10.000000 2   1.392406676071E-11  1.741340231731E-11
AR GRAD 2024 06 16 01 10 20.000000 2   1.492059774344E-11  1.526956165676E-11
AR GRAD 2024 06 16 01 10 30.000000 2   1.800507486160E-11  1.495721081712E-12
AR GRAD 2024 06 16 01 10 40.000000 2   1.416331722043E-11  2.493187947761E-11
AR GRAD 2024 06 16 01 10 50.000000 2   1.399567007426E-11  1.158803782098E-11
AR GRAD 2024 06 16 01 11  0.000000 2   1.215961359380E-11  4.089419081144E-11
AR GRAD 2024 06 16 01 11 10.000000 2   1.202761154562E-11  1.315034626331E-11
AR GRAD 2024 06 16 01 11 20.000000 2   1.636022220475E-11  9.856500164662E-12
AR GRAD 2024 06 16 01 11 30.000000 2   1.316398986345E-11  1.427265163695E-11
AR GRAD 2024 06 16 01 11 40.000000 2   7.339708701926E-12  1.691880142929E-11
AR GRAD 2024 06 16 01 11 50.000000 2   1.255240442838E-11  1.338495286829E-11
AR GRAD 2024 06 16 01 12  0.000000 2   1.270873510595E-11  2.907110142891E-11
AR GRAD 2024 06 16 01 12 10.000000 2   1.304303366700E-11  6.987250621843E-12
AR GRAD 2024 06 16 01 12 20.000000 2   1.290327306808E-11  1.431339768931E-11
AR GRAD 2024 06 16 01 12 30.000000 2   1.267027715385E-11  7.699544127271E-12
AR GRAD 2024 06 16 01 12 40.000000 2   1.079292731576E-11  2.120568651232E-11
AR GRAD 2024 06 16 01 12 50.000000 2   7.779910396466E-12  1.195183101793E-11
AR GRAD 2024 06 16 01 13  0.000000 2   1.223371404180E-11  1.906797116036E-11
AR GRAD 2024 06 16 01 13 10.000000 2   8.278558394359E-12 -8.588670139670E-14
AR GRAD 2024 06 16 01 13 20.000000 2   1.151597480570E-11  2.098025399244E-11
AR GRAD 2024 06 16 01 13 30.000000 2   1.356938346408E-11  2.112639403695E-11
AR GRAD 2024 06 16 01 13 40.000000 2   1.327920499256E-11  1.094253160305E-11
AR GRAD 2024 06 16 01 13 50.000000 2   7.973575792686E-12  1.495866971957E-11
AR GRAD 2024 06 16 01 14  0.000000 2   1.103193925100E-11  1.714804838925E-12
AR GRAD 2024 06 16 01 14 10.000000 2   1.108063207161E-11  1.713093902844E-11
AR GRAD 2024 06 16 01 14 20.000000 2   1.304585606210E-11  1.089707317437E-11
AR GRAD 2024 06 16 01 14 30.000000 2   1.478262824650E-11  1.705320606948E-11
AR GRAD 2024 06 16 01 14 40.000000 2   1.113486212956E-11  2.659336076002E-12
AR GRAD 2024 06 16 01 14 50.000000 2   1.333362240064E-11  1.155546665299E-11
AR GRAD 2024 06 16 01 15  0.000000 2   7.961746713303E-12 -2.788403622583E-12
AR GRAD 2024 06 16 01 15 10.000000 2   8.472202973897E-12  1.368772456489E-11
AR GRAD 2024 06 16 01 15 20.000000 2   7.439949697985E-12  7.923852546332E-12
AR GRAD 2024 06 16 01 15 30.000000 2   5.515258822558E-12  1.964997782544E-11
AR GRAD 2024 06 16 01 15 40.000000 2   8.650337390836E-12 -5.863897041547E-12
AR GRAD 2024 06 16 01 15 50.000000 2   1.039664361546E-11  3.782227135651E-12
AR GRAD 2024 06 16 01 16  0.000000 2   6.600618922964E-12  1.607834872186E-11
AR GRAD 2024 06 16 01 16 10.000000 2   9.063878120275E-12 -1.429552830279E-11
AR GRAD 2024 06 16 01 16 20.000000 2   5.091905629778E-12  5.105911353442E-13
AR GRAD 2024 06 16 01 16 30.000000 2   6.222500379544E-12  1.245671187727E-11
AR GRAD 2024 06 16 01 16 40.000000 2   6.307678771661E-12 -1.537170456027E-12
AR GRAD 2024 06 16 01 16 50.000000 2   4.358513116393E-12  1.588894640858E-11
AR GRAD 2024 06 16 01 17  0.000000 2   5.863219632030E-12 -3.454936423758E-12
AR GRAD 2024 06 16 01 17 10.000000 2   6.632099817244E-12  9.641178480568E-12
AR GRAD 2024 06 16 01 17 20.000000 2   7.680306043922E-13 -2.922708949860E-12
AR GRAD 2024 06 16 01 17 30.000000 2   3.605663944500E-12  1.145340506464E-11
AR GRAD 2024 06 16 01 17 40.000000 2   5.481562252718E-12 -3.090482730839E-12
AR GRAD 2024 06 16 01 17 50.000000 2   5.112981435809E-13  1.075562729158E-11
AR GRAD 2024 06 16 01 18  0.000000 2  -4.659369678278E-13 -2.908263690635E-12
AR GRAD 2024 06 16 01 18 10.000000 2  -2.729949512975E-13  1.268784556585E-11
AR GRAD 2024 06 16 01 18 20.000000 2   1.828404181531E-12 -1.099604695493E-11
AR GRAD 2024 06 16 01 18 30.000000 2  -2.237857685619E-12  2.810058826255E-12
AR GRAD 2024 06 16 01 18 40.000000 2   4.670385606032E-12  1.656164246543E-12
AR GRAD 2024 06 16 01 18 50.000000 2  -2.446541233492E-12  8.342268716099E-12
AR GRAD 2024 06 16 01 19  0.000000 2  -7.116700458110E-12 -7.661628276256E-12
AR GRAD 2024 06 16 01 19 10.000000 2  -9.052131331837E-13  5.744724357673E-13
AR GRAD 2024 06 16 01 19 20.000000 2  -1.137997438254E-13 -1.732942435384E-11
AR GRAD 2024 06 16 01 19 30.000000 2  -4.198808835343E-12  1.096674509017E-12
AR GRAD 2024 06 16 01 19 40.000000 2  -5.095039841418E-12  7.527721393279E-13
AR GRAD 2024 06 16 01 19 50.000000 2  -7.333222570849E-12 -5.701130106200E-12
AR GRAD 2024 06 16 01 20  0.000000 2  -4.642529850135E-12  1.864967165074E-12
AR GRAD 2024 06 16 01 20 10.000000 2  -7.201583079874E-12 -2.968938246292E-12
AR GRAD 2024 06 16 01 20 20.000000 2  -6.143750005266E-12 -1.422842854822E-12
AR GRAD 2024 06 16 01 20 30.000000 2  -4.885867752047E-12  1.963250308851E-12
AR GRAD 2024 06 16 01 20 40.000000 2  -2.478555121560E-12 -5.770657823118E-12
AR GRAD 2024 06 16 01 20 50.000000 2  -7.899357383490E-12 -1.334567981300E-12
AR GRAD 2024 06 16 01 21  0.000000 2  -5.705451302379E-12 -7.958476759551E-12
AR GRAD 2024 06 16 01 21 10.000000 2  -5.972852420988E-12 -1.542238906027E-11
AR GRAD 2024 06 16 01 21 20.000000 2  -9.447369102300E-12  2.536983210316E-13
AR GRAD 2024 06 16 01 21 30.000000 2  -4.845074428467E-12 -8.302149115749E-13
AR GRAD 2024 06 16 01 21 40.000000 2  -8.208585720870E-12 -1.383413002209E-11
AR GRAD 2024 06 16 01 21 50.000000 2  -5.666712758756E-12  4.619567532324E-13
AR GRAD 2024 06 16 01 22  0.000000 2  -4.925846189274E-12 -1.752196131244E-11
AR GRAD 2024 06 16 01 22 10.000000 2  -7.247573201308E-12 -7.435878301987E-12
AR GRAD 2024 06 16 01 22 20.000000 2  -1.135438097710E-11 -8.449796418120E-12
AR GRAD 2024 06 16 01 22 30.000000 2  -1.184699126994E-11 -1.446371755004E-11
AR GRAD 2024 06 16 01 22 40.000000 2  -7.718845528026E-12 -1.041763810633E-11
AR GRAD 2024 06 16 01 22 50.000000 2  -7.417450334501E-12 -2.031561984611E-12
AR GRAD 2024 06 16 01 23  0.000000 2  -8.467318859950E-12 -8.735483690570E-12
AR GRAD 2024 06 16 01 23 10.000000 2  -8.624132658008E-12 -1.100940606041E-11
AR GRAD 2024 06 16 01 23 20.000000 2  -6.711997711101E-12 -1.155333467784E-11
AR GRAD 2024 06 16 01 23 30.000000 2  -1.036748725064E-11 -1.775725747000E-11
AR GRAD 2024 06 16 01 23 40.000000 2  -7.141889944023E-12 -1.164118801356E-11
AR GRAD 2024 06 16 01 23 50.000000 2  -9.489131702622E-12 -5.485115833759E-12
AR GRAD 2024 06 16 01 24  0.000000 2  -1.132100142798E-11 -1.391904386888E-11
AR GRAD 2024 06 16 01 24 10.000000 2  -1.169439892146E-11 -1.612297795273E-11
AR GRAD 2024 06 16 01 24 20.000000 2  -1.035884138884E-11 -1.267691073642E-11
AR GRAD 2024 06 16 01 24 30.000000 2  -1.423250493154E-11 -1.210083942771E-11
AR GRAD 2024 06 16 01 24 40.000000 2  -9.342543232094E-12 -2.342477947725E-11
AR GRAD 2024 06 16 01 24 50.000000 2  -1.373036753738E-11 -1.752871112148E-11
AR GRAD 2024 06 16 01 25  0.000000 2  -1.516591886797E-11 -1.559265043471E-11
AR GRAD 2024 06 16 01 25 10.000000 2  -1.059230654576E-11 -1.857658471494E-11
AR GRAD 2024 06 16 01 25 20.000000 2  -1.443359841369E-11 -2.297052478784E-11
AR GRAD 2024 06 16 01 25 30.000000 2  -1.196647468615E-11 -1.460446173718E-11
AR GRAD 2024 06 16 01 25 40.000000 2  -1.350343534906E-11 -1.464840401755E-11
AR GRAD 2024 06 16 01 25 50.000000 2  -1.548441756760E-11 -2.580234463589E-11
AR GRAD 2024 06 16 01 26  0.000000 2  -1.295627754389E-11 -1.638629162914E-11
AR GRAD 2024 06 16 01 26 10.000000 2  -1.648909307705E-11 -1.452023137144E-11
AR GRAD 2024 06 16 01 26 20.000000 2  -1.881162239870E-11 -3.301417819679E-11
AR GRAD 2024 06 16 01 26 30.000000 2  -1.475424990516E-11 -8.108123547568E-12
AR GRAD 2024 06 16 01 26 40.000000 2  -1.685552218633E-11 -1.923207253174E-11
AR GRAD 2024 06 16 01 26 50.000000 2  -1.959780428218E-11 -2.436601788391E-11
AR GRAD 2024 06 16 01 27  0.000000 2  -1.856508349829E-11 -1.809996770519E-11
AR GRAD 2024 06 16 01 27 10.000000 2  -1.908663851968E-11 -8.473919482777E-12
AR GRAD 2024 06 16 01 27 20.000000 2  -2.142803122440E-11 -1.379786822991E-11
AR GRAD 2024 06 16 01 27 30.000000 2  -2.098868127909E-11 -2.165182616531E-11
AR GRAD 2024 06 16 01 27 40.000000 2  -2.240726701408E-11 -2.488577746651E-11
AR GRAD 2024 06 16 01 27 50.000000 2  -1.992147245777E-11 -2.353973439784E-11
AR GRAD 2024 06 16 01 28  0.000000 2  -2.249987002267E-11 -2.823368969174E-11
AR GRAD 2024 06 16 01 28 10.000000 2  -2.371651139366E-11 -1.660764581413E-11
AR GRAD 2024 06 16 01 28 20.000000 2  -2.312345627475E-11 -2.550160256576E-11
AR GRAD 2024 06 16 01 28 30.000000 2  -2.346780582363E-11 -2.606556637197E-11
AR GRAD 2024 06 16 01 28 40.000000 2  -2.444424003489E-11 -1.933952477329E-11
AR GRAD 2024 06 16 01 28 50.000000 2  -2.415729075111E-11 -2.226348792822E-11
AR GRAD 2024 06 16 01 29  0.000000 2  -2.367529262914E-11 -2.649744833272E-11
AR GRAD 2024 06 16 01 29 10.000000 2  -2.412431192311E-11 -2.259141311522E-11
AR GRAD 2024 06 16 01 29 20.000000 2  -2.559875228458E-11 -2.763537662598E-11
AR GRAD 2024 06 16 01 29 30.000000 2  -2.172893982799E-11 -2.158933969099E-11
AR GRAD 2024 06 16 01 29 40.000000 2  -2.779678223708E-11 -3.635330925178E-11
AR GRAD 2024 06 16 01 29 50.000000 2  -2.135666990477E-11 -2.351727666772E-11
AR GRAD 2024 06 16 01 30  0.000000 2  -2.715693468713E-11 -2.877124753720E-11
AR GRAD 2024 06 16 01 30 10.000000 2  -2.555997948017E-11 -2.288521629146E-11
AR GRAD 2024 06 16 01 30 20.000000 2  -2.520642375381E-11 -2.941918930688E-11
AR GRAD 2024 06 16 01 30 30.000000 2  -2.643749975884E-11 -2.426315919013E-11
AR GRAD 2024 06 16 01 30 40.000000 2  -2.849875717359E-11 -2.654713428252E-11
AR GRAD 2024 06 16 01 30 50.000000 2  -2.347997837826E-11 -2.385111205760E-11
AR GRAD 2024 06 16 01 31  0.000000 2  -2.469687995776E-11 -3.646508442423E-11
AR GRAD 2024 06 16 01 31 10.000000 2  -2.587421596423E-11 -2.522906362989E-11
AR GRAD 2024 06 16 01 31 20.000000 2  -2.872015299193E-11 -2.960303877031E-11
AR GRAD 2024 06 16 01 31 30.000000 2  -2.595162626462E-11 -2.706702049993E-11
AR GRAD 2024 06 16 01 31 40.000000 2  -2.458848923081E-11 -2.703099896695E-11
AR GRAD 2024 06 16 01 31 50.000000 2  -2.590456321672E-11 -1.877497809999E-11
AR GRAD 2024 06 16 01 32  0.000000 2  -2.485175606970E-11 -2.983896116304E-11
AR GRAD 2024 06 16 01 32 10.000000 2  -2.793553929847E-11 -3.115294133771E-11
AR GRAD 2024 06 16 01 32 20.000000 2  -2.829779466307E-11 -3.246692845127E-11
AR GRAD 2024 06 16 01 32 30.000000 2  -2.713509798802E-11 -1.307091587743E-11
AR GRAD 2024 06 16 01 32 40.000000 2  -2.925162542744E-11 -2.338489991927E-11
AR GRAD 2024 06 16 01 32 50.000000 2  -2.831473597253E-11 -2.805889028068E-11
AR GRAD 2024 06 16 01 33  0.000000 2  -2.624867510848E-11 -3.105287554872E-11
AR GRAD 2024 06 16 01 33 10.000000 2  -2.570143403657E-11 -2.606686741458E-11
AR GRAD 2024 06 16 01 33 20.000000 2  -3.006288620822E-11 -3.154085673196E-11
AR GRAD 2024 06 16 01 33 30.000000 2  -2.931736450829E-11 -2.771485124731E-11
AR GRAD 2024 06 16 01 33 40.000000 2  -2.983637295562E-11 -1.189884562408E-11
AR GRAD 2024 06 16 01 33 50.000000 2  -2.559521691814E-11 -3.977283780099E-11
AR GRAD 2024 06 16 01 34  0.000000 2  -2.888330893902E-11 -1.625683442030E-11
AR GRAD 2024 06 16 01 34 10.000000 2  -3.268083026420E-11 -3.503082893208E-11
AR GRAD 2024 06 16 01 34 20.000000 2  -2.408204365090E-11 -2.375482970052E-11
AR GRAD 2024 06 16 01 34 30.000000 2  -3.451706975799E-11 -1.954882783428E-11
AR GRAD 2024 06 16 01 34 40.000000 2  -3.075994320367E-11 -3.317282559756E-11
AR GRAD 2024 06 16 01 34 50.000000 2  -2.776128112114E-11 -2.430682738419E-11
AR GRAD 2024 06 16 01 35  0.000000 2  -3.196387252102E-11 -3.423082997611E-11
AR GRAD 2024 06 16 01 35 10.000000 2  -2.649481675721E-11 -2.535483281663E-11
AR GRAD 2024 06 16 01 35 20.000000 2  -2.987571301460E-11 -1.618883846422E-11
AR GRAD 2024 06 16 01 35 30.000000 2  -3.300939382944E-11 -3.731284031749E-11
AR GRAD 2024 06 16 01 35 40.000000 2  -2.910221195973E-11 -2.468685152135E-11
AR GRAD 2024 06 16 01 35 50.000000 2  -3.127487505084E-11 -3.123085470791E-11
AR GRAD 2024 06 16 01 36  0.000000 2  -3.218960514806E-11 -2.596486220474E-11
AR GRAD 2024 06 16 01 36 10.000000 2  -2.906163504290E-11 -2.278887495377E-11
AR GRAD 2024 06 16 01 36 20.000000 2  -2.813686610093E-11 -2.186288476647E-11
AR GRAD 2024 06 16 01 36 30.000000 2  -3.024098332860E-11 -3.805689791081E-11
AR GRAD 2024 06 16 01 36 40.000000 2  -2.888513213339E-11 -2.278090910357E-11
AR GRAD 2024 06 16 01 36 50.000000 2  -2.721510170001E-11 -3.168492551664E-11
AR GRAD 2024 06 16 01 37  0.000000 2  -2.980244523387E-11 -2.003893925795E-11
AR GRAD 2024 06 16 01 37 10.000000 2  -2.355144031185E-11 -2.257295392272E-11
AR GRAD 2024 06 16 01 37 20.000000 2  -3.005487872465E-11 -2.826697383107E-11
AR GRAD 2024 06 16 01 37 30.000000 2  -3.154738276168E-11 -2.372099391912E-11
AR GRAD 2024 06 16 01 37 40.000000 2  -2.949001806640E-11 -3.043500521049E-11
AR GRAD 2024 06 16 01 37 50.000000 2  -2.915730851205E-11 -2.930902742726E-11
AR GRAD 2024 06 16 01 38  0.000000 2  -3.322945391071E-11 -3.296305242650E-11
AR GRAD 2024 06 16 01 38 10.000000 2  -2.647818075907E-11 -2.337707284694E-11
AR GRAD 2024 06 16 01 38 20.000000 2  -2.969526013974E-11 -2.213109730198E-11
AR GRAD 2024 06 16 01 38 30.000000 2  -3.182938981827E-11 -2.761512546412E-11
AR GRAD 2024 06 16 01 38 40.000000 2  -3.402258683116E-11 -4.076914847384E-11
AR GRAD 2024 06 16 01 38 50.000000 2  -3.093037978519E-11 -2.308317773037E-11
AR GRAD 2024 06 16 01 39  0.000000 2  -3.205544510387E-11 -3.461720493592E-11
AR GRAD 2024 06 16 01 39 10.000000 2  -2.620786226926E-11 -1.314123376089E-11
AR GRAD 2024 06 16 01 39 20.000000 2  -2.886577261940E-11 -1.652526726570E-11
AR GRAD 2024 06 16 01 39 30.000000 2  -3.083400895720E-11 -3.214929711337E-11
AR GRAD 2024 06 16 01 39 40.000000 2  -3.290617084373E-11 -3.929332900721E-11
AR GRAD 2024 06 16 01 39 50.000000 2  -2.993161621334E-11 -2.189736066083E-11
AR GRAD 2024 06 16 01 40  0.000000 2  -2.815763074093E-11 -1.917139710872E-11
AR GRAD 2024 06 16 01 40 10.000000 2  -3.096806838743E-11 -3.279542956647E-11
AR GRAD 2024 06 16 01 40 20.000000 2  -2.695505624262E-11 -2.105947013997E-11
AR GRAD 2024 06 16 01 40 30.000000 2  -2.859916817255E-11 -3.199350853689E-11
AR GRAD 2024 06 16 01 40 40.000000 2  -2.638929526289E-11 -2.471754918798E-11
AR GRAD 2024 06 16 01 40 50.000000 2  -2.827527274818E-11 -1.937158766729E-11
AR GRAD 2024 06 16 01 41  0.000000 2  -2.652745557941E-11 -1.358562914944E-11
AR GRAD 2024 06 16 01 41 10.000000 2  -3.083521979419E-11 -2.816967319130E-11
AR GRAD 2024 06 16 01 41 20.000000 2  -2.827939098171E-11 -3.290371447529E-11
AR GRAD 2024 06 16 01 41 30.000000 2  -2.798767988199E-11 -5.967758405501E-12
AR GRAD 2024 06 16 01 41 40.000000 2  -3.067764098308E-11 -2.117180736283E-11
AR GRAD 2024 06 16 01 41 50.000000 2  -2.869105474035E-11 -2.776585211750E-11
AR GRAD 2024 06 16 01 42  0.000000 2  -2.629578672864E-11 -2.767990350816E-11
AR GRAD 2024 06 16 01 42 10.000000 2  -3.131748679830E-11 -1.256894848617E-11
AR GRAD 2024 06 16 01 42 20.000000 2  -2.872596778503E-11  2.542000897970E-12
AR GRAD 2024 06 16 01 42 30.000000 2  -2.750076034952E-11 -1.996205284405E-11
AR GRAD 2024 06 16 01 42 40.000000 2  -2.571023428877E-11 -1.126610263413E-11
AR GRAD 2024 06 16 01 42 50.000000 2  -2.806540069789E-11 -2.580015888431E-11
AR GRAD 2024 06 16 01 43  0.000000 2  -2.757125951158E-11 -4.044420701121E-11
AR GRAD 2024 06 16 01 43 10.000000 2  -2.283365163613E-11 -3.588266185919E-12
AR GRAD 2024 06 16 01 43 20.000000 2  -2.657490200120E-11 -3.351231792070E-11
AR GRAD 2024 06 16 01 43 30.000000 2  -2.590477138353E-11 -2.028637847984E-11
AR GRAD 2024 06 16 01 43 40.000000 2  -2.370598335688E-11 -2.673044251222E-11
AR GRAD 2024 06 16 01 43 50.000000 2  -2.758335573838E-11 -2.312450057829E-11
AR GRAD 2024 06 16 01 44  0.000000 2  -2.925587896940E-11 -1.358855736266E-11
AR GRAD 2024 06 16 01 44 10.000000 2  -2.748377046780E-11 -1.892262041503E-11
AR GRAD 2024 06 16 01 44 20.000000 2  -2.256711137405E-11 -1.678668662408E-11
AR GRAD 2024 06 16 01 44 30.000000 2  -2.314948406579E-11 -1.953075028094E-11
AR GRAD 2024 06 16 01 44 40.000000 2  -2.461573306300E-11 -1.098481548778E-11
AR GRAD 2024 06 16 01 44 50.000000 2  -2.247233822639E-11 -9.268879934410E-12
AR GRAD 2024 06 16 01 45  0.000000 2  -2.549514245553E-11 -3.025294945114E-11
AR GRAD 2024 06 16 01 45 10.000000 2  -2.632175206962E-11 -8.747017866961E-12
AR GRAD 2024 06 16 01 45 20.000000 2  -2.671105524266E-11 -4.025108718553E-11
AR GRAD 2024 06 16 01 45 30.000000 2  -2.674956957327E-11 -4.645158823563E-12
AR GRAD 2024 06 16 01 45 40.000000 2  -2.267354533292E-11 -2.247923201748E-11
AR GRAD 2024 06 16 01 45 50.000000 2  -2.286972347609E-11  1.918669563505E-11
AR GRAD 2024 06 16 01 46  0.000000 2  -2.474315544121E-11 -3.389737796011E-11
AR GRAD 2024 06 16 01 46 10.000000 2  -2.721061917454E-11 -1.341145163675E-11
AR GRAD 2024 06 16 01 46 20.000000 2  -2.590894339349E-11 -1.514553066295E-11
AR GRAD 2024 06 16 01 46 30.000000 2  -2.363710789599E-11 -8.019607547483E-12
AR GRAD 2024 06 16 01 46 40.000000 2  -2.533148517336E-11 -1.058368323537E-11
AR GRAD 2024 06 16 01 46 50.000000 2  -2.265017166880E-11  1.892235066553E-12
AR GRAD 2024 06 16 01 47  0.000000 2  -2.006781026076E-11 -2.851184739694E-11
AR GRAD 2024 06 16 01 47 10.000000 2  -2.420291397853E-11 -1.481592973307E-11
AR GRAD 2024 06 16 01 47 20.000000 2  -2.656110574539E-11 -3.223001032726E-11
AR GRAD 2024 06 16 01 47 30.000000 2  -2.471710509877E-11 -5.404094706452E-12
AR GRAD 2024 06 16 01 47 40.000000 2  -2.404909257847E-11 -5.178178632409E-12
AR GRAD 2024 06 16 01 47 50.000000 2  -2.364032233859E-11 -1.911226732432E-11
AR GRAD 2024 06 16 01 48  0.000000 2  -2.163854859183E-11  1.836471784106E-13
AR GRAD 2024 06 16 01 48 10.000000 2  -2.332236834213E-11 -1.698044135856E-11
AR GRAD 2024 06 16 01 48 20.000000 2  -1.963177537201E-11  3.265468624669E-12
AR GRAD 2024 06 16 01 48 30.000000 2  -2.248704347729E-11 -7.558620396253E-12
AR GRAD 2024 06 16 01 48 40.000000 2  -2.160193031397E-11 -2.237271305716E-11
AR GRAD 2024 06 16 01 48 50.000000 2  -2.070280925859E-11 -8.566803516574E-12
AR GRAD 2024 06 16 01 49  0.000000 2  -1.911218579231E-11 -1.494089747756E-11
AR GRAD 2024 06 16 01 49 10.000000 2  -2.631064810465E-11  1.985006993846E-12
AR GRAD 2024 06 16 01 49 20.000000 2  -1.832953233638E-11 -1.508909143466E-11
AR GRAD 2024 06 16 01 49 30.000000 2  -2.091644392410E-11  6.626812813770E-12
AR GRAD 2024 06 16 01 49 40.000000 2  -2.148186836748E-11 -1.101728777653E-11
AR GRAD 2024 06 16 01 49 50.000000 2  -2.200683038578E-11 -6.601384803379E-12
AR GRAD 2024 06 16 01 50  0.000000 2  -2.057442931302E-11 -7.548449983564E-14
AR GRAD 2024 06 16 01 50 10.000000 2  -2.209017517518E-11 -1.211958484959E-11
AR GRAD 2024 06 16 01 50 20.000000 2  -1.939648962279E-11 -4.333689657132E-12
AR GRAD 2024 06 16 01 50 30.000000 2  -2.012608135704E-11 -3.677792879270E-12
AR GRAD 2024 06 16 01 50 40.000000 2  -1.961793574812E-11 -7.018979039479E-13
AR GRAD 2024 06 16 01 50 50.000000 2  -2.130286919089E-11  5.623996060522E-12
AR GRAD 2024 06 16 01 51  0.000000 2  -1.805501061158E-11 -6.630111390460E-12
AR GRAD 2024 06 16 01 51 10.000000 2  -2.096222501136E-11 -4.944218645608E-12
AR GRAD 2024 06 16 01 51 20.000000 2  -2.139594924844E-11 -1.398327634239E-12
AR GRAD 2024 06 16 01 51 30.000000 2  -1.840692355481E-11 -3.482438079225E-12
AR GRAD 2024 06 16 01 51 40.000000 2  -2.000855384154E-11 -9.156547915723E-12
AR GRAD 2024 06 16 01 51 50.000000 2  -2.115488166587E-11  6.559338575768E-12
AR GRAD 2024 06 16 01 52  0.000000 2  -2.125005206521E-11 -1.236477586986E-11
AR GRAD 2024 06 16 01 52 10.000000 2  -1.916961207826E-11  1.239110983958E-11
AR GRAD 2024 06 16 01 52 20.000000 2  -2.029333992515E-11 -3.002300491550E-11
AR GRAD 2024 06 16 01 52 30.000000 2  -1.974471801336E-11  1.232876756414E-12
AR GRAD 2024 06 16 01 52 40.000000 2  -1.965733999187E-11  3.078760120109E-12
AR GRAD 2024 06 16 01 52 50.000000 2  -1.670266182308E-11  6.364640585399E-12
AR GRAD 2024 06 16 01 53  0.000000 2  -1.631355987797E-11 -4.819479450940E-12
AR GRAD 2024 06 16 01 53 10.000000 2  -1.892046241903E-11  6.726397650675E-12
AR GRAD 2024 06 16 01 53 20.000000 2  -1.822582709754E-11 -3.867723415846E-12
AR GRAD 2024 06 16 01 53 30.000000 2  -1.846123948157E-11  1.353815410471E-11
AR GRAD 2024 06 16 01 53 40.000000 2  -1.392055047622E-11 -1.394596764459E-11
AR GRAD 2024 06 16 01 53 50.000000 2  -1.665895893455E-11  7.439903727813E-12
AR GRAD 2024 06 16 01 54  0.000000 2  -1.780478195434E-11 -2.139422319858E-11
AR GRAD 2024 06 16 01 54 10.000000 2  -1.927398518564E-11  2.465164877785E-11
AR GRAD 2024 06 16 01 54 20.000000 2  -1.372628746776E-11 -6.024810641700E-13
AR GRAD 2024 06 16 01 54 30.000000 2  -1.986097050710E-11  1.873391415955E-12
AR GRAD 2024 06 16 01 54 40.000000 2  -1.776602823189E-11  5.892595981473E-13
AR GRAD 2024 06 16 01 54 50.000000 2  -1.489356728224E-11  2.824512498889E-11
AR GRAD 2024 06 16 01 55  0.000000 2  -1.757912045097E-11 -2.441900848194E-11
AR GRAD 2024 06 16 01 55 10.000000 2  -2.002478391439E-11  3.628686240376E-11
AR GRAD 2024 06 16 01 55 20.000000 2  -1.433853990401E-11 -3.397275299619E-12
AR GRAD 2024 06 16 01 55 30.000000 2  -1.728355479569E-11 -1.058141161497E-11
AR GRAD 2024 06 16 01 55 40.000000 2  -1.569768447174E-11  2.576444960156E-11
AR GRAD 2024 06 16 01 55 50.000000 2  -1.523454452868E-11  2.220311174500E-12
AR GRAD 2024 06 16 01 56  0.000000 2  -1.368093919402E-11  6.366170611505E-12
AR GRAD 2024 06 16 01 56 10.000000 2  -1.707553369534E-11  1.711203054255E-11
AR GRAD 2024 06 16 01 56 20.000000 2  -1.103744699804E-11 -1.810211182340E-11
AR GRAD 2024 06 16 01 56 30.000000 2  -1.568295666943E-11  1.937374392857E-11
AR GRAD 2024 06 16 01 56 40.000000 2  -1.695548736136E-11  1.028960163602E-11
AR GRAD 2024 06 16 01 56 50.000000 2  -1.304370240290E-11  1.131545725175E-11
AR GRAD 2024 06 16 01 57  0.000000 2  -1.806027896678E-11  1.489131040699E-11
AR GRAD 2024 06 16 01 57 10.000000 2  -1.071991020257E-11  3.246716437366E-11
AR GRAD 2024 06 16 01 57 20.000000 2  -1.942520276577E-11 -8.446984431365E-12
AR GRAD 2024 06 16 01 57 30.000000 2  -1.599373584960E-11  1.470886433486E-11
AR GRAD 2024 06 16 01 57 40.000000 2  -1.486560527453E-11  3.845471510666E-11
AR GRAD 2024 06 16 01 57 50.000000 2  -9.885601885695E-12  2.390561490082E-12
AR GRAD 2024 06 16 01 58  0.000000 2  -1.355661069513E-11  9.676408979642E-12
AR GRAD 2024 06 16 01 58 10.000000 2  -1.112823722060E-11  2.123225380235E-11
AR GRAD 2024 06 16 01 58 20.000000 2  -1.064149462993E-11  9.798100698843E-12
AR GRAD 2024 06 16 01 58 30.000000 2  -1.165304051171E-11  3.624394534496E-11
AR GRAD 2024 06 16 01 58 40.000000 2  -1.233488484964E-11  2.137978682981E-11
AR GRAD 2024 06 16 01 58 50.000000 2  -1.309537114164E-11  1.765627791542E-12
AR GRAD 2024 06 16 01 59  0.000000 2  -1.184354090494E-11  3.349147348342E-11
AR GRAD 2024 06 16 01 59 10.000000 2  -1.134336635039E-11 -7.142691386269E-12
AR GRAD 2024 06 16 01 59 20.000000 2  -8.882473749583E-12  5.464314764558E-11
AR GRAD 2024 06 16 01 59 30.000000 2  -1.378949645442E-11  2.638983649661E-12
AR GRAD 2024 06 16 01 59 40.000000 2  -1.101337424037E-11  1.293481988185E-11
AR GRAD 2024 06 16 01 59 50.000000 2  -9.794761356152E-12  1.395065486742E-11
AR GRAD 2024 06 16 02 00  0.000000 2  -9.799227401741E-12  1.069648970092E-11
AR GRAD 2024 06 16 02 00 10.000000 2  -7.769344195774E-12  4.274232356938E-11
AR GRAD 2024 06 16 02 00 20.000000 2  -1.163745228655E-11  1.833815217733E-11
AR GRAD 2024 06 16 02 00 30.000000 2  -1.099247689401E-11  1.987398440262E-11
AR GRAD 2024 06 16 02 00 40.000000 2  -7.056784843973E-12  2.063981277556E-11
AR GRAD 2024 06 16 02 00 50.000000 2  -5.299303530715E-12  4.323564423148E-11
AR GRAD 2024 06 16 02 01  0.000000 2  -9.670804088091E-12  3.411470324982E-12
AR GRAD 2024 06 16 02 01 10.000000 2  -3.880831853792E-12  3.907729695385E-11
AR GRAD 2024 06 16 02 01 20.000000 2  -1.166707702671E-11  1.587312226103E-11
AR GRAD 2024 06 16 02 01 30.000000 2  -7.523015196909E-12  1.231894621034E-11
AR GRAD 2024 06 16 02 01 40.000000 2  -7.006792715480E-12  3.084769635911E-12
AR GRAD 2024 06 16 02 01 50.000000 2  -7.488950432011E-12  4.074059145598E-11
AR GRAD 2024 06 16 02 02  0.000000 2  -7.172437557074E-12  4.729641331358E-11
AR GRAD 2024 06 16 02 02 10.000000 2  -3.923966620384E-12  1.612223028691E-11
AR GRAD 2024 06 16 02 02 20.000000 2  -9.934914002585E-12  2.759804884622E-11
AR GRAD 2024 06 16 02 02 30.000000 2  -3.032680660417E-12  3.092386763326E-11
AR GRAD 2024 06 16 02 02 40.000000 2  -7.454902146986E-12  2.390968326105E-11
AR GRAD 2024 06 16 02 02 50.000000 2  -9.763804348362E-12  1.171549923046E-11
AR GRAD 2024 06 16 02 03  0.000000 2  -7.022771687099E-12  3.050131675009E-11
AR GRAD 2024 06 16 02 03 10.000000 2  -5.891033320882E-12  2.923713007807E-11
AR GRAD 2024 06 16 02 03 20.000000 2  -4.038607122336E-12  2.611293993537E-11
AR GRAD 2024 06 16 02 03 30.000000 2  -4.661520301708E-12  1.098875070799E-11
AR GRAD 2024 06 16 02 03 40.000000 2  -6.548205120499E-12  4.012455992464E-11
AR GRAD 2024 06 16 02 03 50.000000 2  -5.903251412004E-12  1.942036809144E-11
AR GRAD 2024 06 16 02 04  0.000000 2  -6.212640211306E-12  4.066617875775E-11
AR GRAD 2024 06 16 02 04 10.000000 2  -5.159962301188E-12  3.146198579440E-11
AR GRAD 2024 06 16 02 04 20.000000 2  -2.966400129006E-12  2.662778851581E-11
AR GRAD 2024 06 16 02 04 30.000000 2  -5.174285912929E-12  1.953359349272E-11
AR GRAD 2024 06 16 02 04 40.000000 2  -3.444744923337E-12  3.216939908901E-11
AR GRAD 2024 06 16 02 04 50.000000 2  -5.155065610496E-12  3.161520004125E-11
AR GRAD 2024 06 16 02 05  0.000000 2  -3.891946660783E-12  3.101099932401E-11
AR GRAD 2024 06 16 02 05 10.000000 2  -6.584461274828E-12  3.801680151239E-11
AR GRAD 2024 06 16 02 05 20.000000 2  -4.350447085910E-12  7.252598261537E-12
AR GRAD 2024 06 16 02 05 30.000000 2  -7.375553293110E-12  4.217839619236E-11
AR GRAD 2024 06 16 02 05 40.000000 2  -3.642583630559E-12  2.886419228632E-11
AR GRAD 2024 06 16 02 05 50.000000 2  -3.690543964180E-12  2.616998805161E-11
AR GRAD 2024 06 16 02 06  0.000000 2   1.857524334001E-12  1.189578470451E-11
AR GRAD 2024 06 16 02 06 10.000000 2  -2.275415749917E-12  4.243157908368E-11
AR GRAD 2024 06 16 02 06 20.000000 2  -2.358921218082E-12  2.714736942189E-11
AR GRAD 2024 06 16 02 06 30.000000 2  -3.423239339564E-12  3.582316041029E-11
AR GRAD 2024 06 16 02 06 40.000000 2  -2.705880495796E-13  1.839895076572E-11
AR GRAD 2024 06 16 02 06 50.000000 2  -3.602953005388E-12  2.419473996151E-11
AR GRAD 2024 06 16 02 07  0.000000 2  -1.157147186230E-12  2.762052739302E-11
AR GRAD 2024 06 16 02 07 10.000000 2  -1.335889298487E-12  3.529631795174E-11
AR GRAD 2024 06 16 02 07 20.000000 2  -3.883370187918E-12  1.748210083641E-11
AR GRAD 2024 06 16 02 07 30.000000 2   1.872781010132E-12  2.899788568989E-11
AR GRAD 2024 06 16 02 07 40.000000 2  -1.072918541663E-13  4.538366904505E-11
AR GRAD 2024 06 16 02 07 50.000000 2  -1.519790912043E-12  2.906945170689E-11
AR GRAD 2024 06 16 02 08  0.000000 2   3.899140396408E-13  3.277523738521E-11
AR GRAD 2024 06 16 02 08 10.000000 2   1.410709006208E-12  1.907101386533E-11
AR GRAD 2024 06 16 02 08 20.000000 2   1.993139377501E-12  5.372679384719E-11
AR GRAD 2024 06 16 02 08 30.000000 2   7.673120494024E-13  2.624257235129E-11
AR GRAD 2024 06 16 02 08 40.000000 2  -1.026622255089E-12  3.471834972291E-11
AR GRAD 2024 06 16 02 08 50.000000 2  -4.258426022832E-13  3.214412416797E-11
AR GRAD 2024 06 16 02 09  0.000000 2   1.411891220257E-12  4.536990227955E-11
AR GRAD 2024 06 16 02 09 10.000000 2   6.047711159987E-13  3.106567433853E-11
AR GRAD 2024 06 16 02 09 20.000000 2   4.843257956147E-13  3.533144610213E-11
AR GRAD 2024 06 16 02 09 30.000000 2   2.261677444718E-13  3.585721997101E-11
AR GRAD 2024 06 16 02 09 40.000000 2   2.987781029529E-12  4.749298870843E-11
AR GRAD 2024 06 16 02 09 50.000000 2   3.573503255458E-12  2.922875830258E-11
AR GRAD 2024 06 16 02 10  0.000000 2   2.008685752453E-12  4.506452502828E-11
AR GRAD 2024 06 16 02 10 10.000000 2   5.273756691765E-13  2.448029452762E-11
AR GRAD 2024 06 16 02 10 20.000000 2   3.697829369098E-12  5.420605977968E-11
AR GRAD 2024 06 16 02 10 30.000000 2   5.197274034752E-12  1.879182399966E-11
AR GRAD 2024 06 16 02 10 40.000000 2  -6.760054213455E-13  3.633759265709E-11
AR GRAD 2024 06 16 02 10 50.000000 2   1.667122711581E-12  2.973335466727E-11
AR GRAD 2024 06 16 02 11  0.000000 2   2.949871466887E-12  4.670911227245E-11
AR GRAD 2024 06 16 02 11 10.000000 2   6.793396574445E-12  4.624487598415E-11
AR GRAD 2024 06 16 02 11 20.000000 2   3.489170974716E-12  4.403063330605E-11
AR GRAD 2024 06 16 02 11 30.000000 2   6.463591814554E-12  2.990639333400E-11
AR GRAD 2024 06 16 02 11 40.000000 2   5.016608222580E-12  2.800214921050E-11
AR GRAD 2024 06 16 02 11 50.000000 2   4.822740731075E-12  5.164790817247E-11
AR GRAD 2024 06 16 02 12  0.000000 2   4.512200942747E-12  3.039366328061E-11
AR GRAD 2024 06 16 02 12 10.000000 2   4.038793605110E-12  3.694941574928E-11
AR GRAD 2024 06 16 02 12 20.000000 2   4.795646952466E-12  4.376516857252E-11
AR GRAD 2024 06 16 02 12 30.000000 2   6.085382631832E-12  3.930092362658E-11
AR GRAD 2024 06 16 02 12 40.000000 2   5.476010703914E-12  4.541667042446E-11
AR GRAD 2024 06 16 02 12 50.000000 2   2.224877617210E-12  3.518242294720E-11
AR GRAD 2024 06 16 02 13  0.000000 2   1.289060221413E-12  4.295817174205E-11
AR GRAD 2024 06 16 02 13 10.000000 2   5.388736332157E-12  4.705391631887E-11
AR GRAD 2024 06 16 02 13 20.000000 2   9.209652354972E-13  4.860966490439E-11
AR GRAD 2024 06 16 02 13 30.000000 2   6.537687925745E-12  4.155540841988E-11
AR GRAD 2024 06 16 02 13 40.000000 2   5.150934800219E-12  3.343115367871E-11
AR GRAD 2024 06 16 02 13 50.000000 2   4.759781110919E-12  4.029689776308E-11
AR GRAD 2024 06 16 02 14  0.000000 2   1.960710023161E-12  3.578264073933E-11
AR GRAD 2024 06 16 02 14 10.000000 2   5.318942335186E-12  3.687838229238E-11
AR GRAD 2024 06 16 02 14 20.000000 2   2.566027251794E-12  4.634412298365E-11
AR GRAD 2024 06 16 02 14 30.000000 2   4.847761948812E-12  5.261985638882E-11
AR GRAD 2024 06 16 02 14 40.000000 2   6.652774685312E-12  3.769559664413E-11
AR GRAD 2024 06 16 02 14 50.000000 2   6.593709085678E-12  5.576133305096E-11
AR GRAD 2024 06 16 02 15  0.000000 2   7.131546655298E-12  2.833706706784E-11
AR GRAD 2024 06 16 02 15 10.000000 2   6.684091648224E-12  4.238280559843E-11
AR GRAD 2024 06 16 02 15 20.000000 2   8.935335110705E-12  2.977853727493E-11
AR GRAD 2024 06 16 02 15 30.000000 2   6.278649041652E-12  5.059427182763E-11
AR GRAD 2024 06 16 02 15 40.000000 2   9.405781709049E-12  4.235000197750E-11
AR GRAD 2024 06 16 02 15 50.000000 2   8.159244113681E-12  4.425573102429E-11
AR GRAD 2024 06 16 02 16  0.000000 2   3.562028927026E-12  4.106146325733E-11
AR GRAD 2024 06 16 02 16 10.000000 2   6.988693478094E-12  4.814718762569E-11
AR GRAD 2024 06 16 02 16 20.000000 2   8.565178080677E-12  3.540291670934E-11
AR GRAD 2024 06 16 02 16 30.000000 2   9.700956184189E-12  4.872863917926E-11
AR GRAD 2024 06 16 02 16 40.000000 2   9.412213196336E-12  4.537436745777E-11
AR GRAD 2024 06 16 02 16 50.000000 2   7.600401211172E-12  5.177008821633E-11
AR GRAD 2024 06 16 02 17  0.000000 2   8.248220682849E-12  2.752580975651E-11
AR GRAD 2024 06 16 02 17 10.000000 2   1.053772607368E-11  3.638153320273E-11
AR GRAD 2024 06 16 02 17 20.000000 2   1.042743235508E-11  3.713725160726E-11
AR GRAD 2024 06 16 02 17 30.000000 2   1.026839030471E-11  4.907297138090E-11
AR GRAD 2024 06 16 02 17 40.000000 2   8.144886674832E-12  4.560869043546E-11
AR GRAD 2024 06 16 02 17 50.000000 2   8.589210939713E-12  4.115440627173E-11
AR GRAD 2024 06 16 02 18  0.000000 2   9.394468709900E-12  3.647012206121E-11
AR GRAD 2024 06 16 02 18 10.000000 2   1.361326936594E-11  3.536583872976E-11
AR GRAD 2024 06 16 02 18 20.000000 2   7.169978586546E-12  4.764154695747E-11
AR GRAD 2024 06 16 02 18 30.000000 2   9.643962711747E-12  4.148726154285E-11
AR GRAD 2024 06 16 02 18 40.000000 2   1.174670517107E-11  4.185297594606E-11
AR GRAD 2024 06 16 02 18 50.000000 2   8.623648670159E-12  4.724868413186E-11
AR GRAD 2024 06 16 02 19  0.000000 2   1.294927359785E-11  4.021439084512E-11
AR GRAD 2024 06 16 02 19 10.000000 2   7.423849729404E-12  2.761010170493E-11
AR GRAD 2024 06 16 02 19 20.000000 2   1.010292457332E-11  5.318580645342E-11
AR GRAD 2024 06 16 02 19 30.000000 2   1.097232114194E-11  4.818151780328E-11
AR GRAD 2024 06 16 02 19 40.000000 2   1.715674997904E-11  3.912721882604E-11
AR GRAD 2024 06 16 02 19 50.000000 2   1.304689776355E-11  5.318292681245E-11
AR GRAD 2024 06 16 02 20  0.000000 2   8.144288195233E-12  4.261862737720E-11
AR GRAD 2024 06 16 02 20 10.000000 2   1.209879071928E-11  3.846433241361E-11
AR GRAD 2024 06 16 02 20 20.000000 2   1.290587949010E-11  4.087002958286E-11
AR GRAD 2024 06 16 02 20 30.000000 2   1.252216386138E-11  3.939572973399E-11
AR GRAD 2024 06 16 02 20 40.000000 2   1.329360840158E-11  4.308142731446E-11
AR GRAD 2024 06 16 02 20 50.000000 2   1.241378007333E-11  4.124712377207E-11
AR GRAD 2024 06 16 02 21  0.000000 2   1.574511875047E-11  5.502281963388E-11
AR GRAD 2024 06 16 02 21 10.000000 2   1.397656469726E-11  4.995851302092E-11
AR GRAD 2024 06 16 02 21 20.000000 2   8.514161597972E-12  4.726420990697E-11
AR GRAD 2024 06 16 02 21 30.000000 2   1.153602907644E-11  4.156990029980E-11
AR GRAD 2024 06 16 02 21 40.000000 2   1.531422384737E-11  3.614559346277E-11
AR GRAD 2024 06 16 02 21 50.000000 2   1.160865587685E-11  5.766128546858E-11
AR GRAD 2024 06 16 02 22  0.000000 2   1.564772963980E-11  4.259697455877E-11
AR GRAD 2024 06 16 02 22 10.000000 2   1.398802341318E-11  4.725266358752E-11
AR GRAD 2024 06 16 02 22 20.000000 2   1.077161710522E-11  4.143835274917E-11
AR GRAD 2024 06 16 02 22 30.000000 2   1.326790500383E-11  3.650403937461E-11
AR GRAD 2024 06 16 02 22 40.000000 2   1.225122781001E-11  5.692972135374E-11
AR GRAD 2024 06 16 02 22 50.000000 2   1.507733347894E-11  5.104540748424E-11
AR GRAD 2024 06 16 02 23  0.000000 2   1.524055361080E-11  4.214108922929E-11
AR GRAD 2024 06 16 02 23 10.000000 2   1.678051100851E-11  3.829677200362E-11
AR GRAD 2024 06 16 02 23 20.000000 2   1.342798615356E-11  4.852245341636E-11
AR GRAD 2024 06 16 02 23 30.000000 2   1.440423041260E-11  4.231813163780E-11
AR GRAD 2024 06 16 02 23 40.000000 2   1.102363252764E-11  3.875381265894E-11
AR GRAD 2024 06 16 02 23 50.000000 2   1.314005675102E-11  4.923948748736E-11
AR GRAD 2024 06 16 02 24  0.000000 2   1.760831584707E-11  4.256516319967E-11
AR GRAD 2024 06 16 02 24 10.000000 2   1.842089328297E-11  4.593083899329E-11
AR GRAD 2024 06 16 02 24 20.000000 2   1.668734074534E-11  4.951651241814E-11
AR GRAD 2024 06 16 02 24 30.000000 2   1.449014519483E-11  2.874218571480E-11
AR GRAD 2024 06 16 02 24 40.000000 2   1.710487133877E-11  5.139786166120E-11
AR GRAD 2024 06 16 02 24 50.000000 2   9.083012987576E-12  3.845352855580E-11
AR GRAD 2024 06 16 02 25  0.000000 2   1.799788790224E-11  4.796919805816E-11
AR GRAD 2024 06 16 02 25 10.000000 2   1.417439689927E-11  4.349487089939E-11
AR GRAD 2024 06 16 02 25 20.000000 2   1.698779138193E-11  4.252053570353E-11
AR GRAD 2024 06 16 02 25 30.000000 2   1.405972734070E-11  3.873620174621E-11
AR GRAD 2024 06 16 02 25 40.000000 2   1.230260077839E-11  4.077186852025E-11
AR GRAD 2024 06 16 02 25 50.000000 2   1.364806011261E-11  4.864753391787E-11
AR GRAD 2024 06 16 02 26  0.000000 2   1.889624914875E-11  3.490319838706E-11
AR GRAD 2024 06 16 02 26 10.000000 2   1.356983622691E-11  3.255885838715E-11
AR GRAD 2024 06 16 02 26 20.000000 2   1.705114521799E-11  4.713451851046E-11
AR GRAD 2024 06 16 02 26 30.000000 2   1.608038702194E-11  4.593017979837E-11
AR GRAD 2024 06 16 02 26 40.000000 2   1.941114109727E-11  4.083583818315E-11
AR GRAD 2024 06 16 02 26 50.000000 2   1.662000051472E-11  5.654149717871E-11
AR GRAD 2024 06 16 02 27  0.000000 2   1.878674472933E-11  4.012715160151E-11
AR GRAD 2024 06 16 02 27 10.000000 2   1.517172498744E-11  4.731281338932E-11
AR GRAD 2024 06 16 02 27 20.000000 2   2.010956158538E-11  4.495846403496E-11
AR GRAD 2024 06 16 02 27 30.000000 2   1.620415780723E-11  4.104411949202E-11
AR GRAD 2024 06 16 02 27 40.000000 2   1.685032495480E-11  4.271977216419E-11
AR GRAD 2024 06 16 02 27 50.000000 2   1.466014809548E-11  4.134542014311E-11
AR GRAD 2024 06 16 02 28  0.000000 2   1.619819209320E-11  4.520107552142E-11
AR GRAD 2024 06 16 02 28 10.000000 2   2.031637011402E-11  4.522671820384E-11
AR GRAD 2024 06 16 02 28 20.000000 2   1.719763567665E-11  3.891236985409E-11
AR GRAD 2024 06 16 02 28 30.000000 2   1.738392936546E-11  2.664801365682E-11
AR GRAD 2024 06 16 02 28 40.000000 2   1.766529283964E-11  4.637366185500E-11
AR GRAD 2024 06 16 02 28 50.000000 2   1.535527260899E-11  4.105930526133E-11
AR GRAD 2024 06 16 02 29  0.000000 2   1.701531970877E-11  3.474495344213E-11
AR GRAD 2024 06 16 02 29 10.000000 2   1.399422331488E-11  3.969059109155E-11
AR GRAD 2024 06 16 02 29 20.000000 2   2.089135635319E-11  5.907623001900E-11
AR GRAD 2024 06 16 02 29 30.000000 2   1.641463874547E-11  3.111187696359E-11
AR GRAD 2024 06 16 02 29 40.000000 2   1.636431094798E-11  5.379751505385E-11
AR GRAD 2024 06 16 02 29 50.000000 2   1.643589951639E-11  3.067315151872E-11
AR GRAD 2024 06 16 02 30  0.000000 2   1.738722187061E-11  3.744879059631E-11
AR GRAD 2024 06 16 02 30 10.000000 2   1.855949768870E-11  2.603442288140E-11
AR GRAD 2024 06 16 02 30 20.000000 2   1.855568997067E-11  3.149006055914E-11
AR GRAD 2024 06 16 02 30 30.000000 2   1.858966452994E-11  4.376569245901E-11
AR GRAD 2024 06 16 02 30 40.000000 2   2.259656003978E-11  4.435132816560E-11
AR GRAD 2024 06 16 02 30 50.000000 2   1.695620727160E-11  2.262695586452E-11
AR GRAD 2024 06 16 02 31  0.000000 2   1.904098927141E-11  4.150258955948E-11
AR GRAD 2024 06 16 02 31 10.000000 2   1.752725048432E-11  3.291821676354E-11
AR GRAD 2024 06 16 02 31 20.000000 2   1.403578642201E-11  3.510384691263E-11
AR GRAD 2024 06 16 02 31 30.000000 2   1.323811373022E-11  2.870947403422E-11
AR GRAD 2024 06 16 02 31 40.000000 2   1.411788741468E-11  2.573509808035E-11
AR GRAD 2024 06 16 02 31 50.000000 2   1.537562785425E-11  2.598072451621E-11
AR GRAD 2024 06 16 02 32  0.000000 2   2.021528777707E-11  3.968635142737E-11
AR GRAD 2024 06 16 02 32 10.000000 2   1.827115021780E-11  3.709197185509E-11
AR GRAD 2024 06 16 02 32 20.000000 2   1.790829984305E-11  3.939759282701E-11
AR GRAD 2024 06 16 02 32 30.000000 2   1.879356392731E-11  5.088321430868E-11
AR GRAD 2024 06 16 02 32 40.000000 2   1.825478657125E-11  3.058883354945E-11
AR GRAD 2024 06 16 02 32 50.000000 2   1.744960599626E-11  4.141445172912E-11
AR GRAD 2024 06 16 02 33  0.000000 2   2.104346731591E-11  1.555006817755E-11
AR GRAD 2024 06 16 02 33 10.000000 2   2.149016901931E-11  2.906568388750E-11
AR GRAD 2024 06 16 02 33 20.000000 2   1.868451920961E-11  3.744130352978E-11
AR GRAD 2024 06 16 02 33 30.000000 2   1.631667370661E-11  2.602691499820E-11
AR GRAD 2024 06 16 02 33 40.000000 2   1.580715072724E-11  1.142252872149E-11
AR GRAD 2024 06 16 02 33 50.000000 2   2.038149857220E-11  4.496814379196E-11
AR GRAD 2024 06 16 02 34  0.000000 2   1.698395243888E-11  6.699375082464E-11
AR GRAD 2024 06 16 02 34 10.000000 2   1.871159824307E-11  2.008936073050E-11
AR GRAD 2024 06 16 02 34 20.000000 2   1.884908895633E-11  3.293496725343E-11
AR GRAD 2024 06 16 02 34 30.000000 2   2.028453446878E-11  2.353057679261E-11
AR GRAD 2024 06 16 02 34 40.000000 2   2.002793937639E-11  4.414618323678E-11
AR GRAD 2024 06 16 02 34 50.000000 2   1.698727443433E-11  3.951178967343E-11
AR GRAD 2024 06 16 02 35  0.000000 2   1.636759304480E-11  3.500739281792E-11
AR GRAD 2024 06 16 02 35 10.000000 2   1.765199271475E-11  2.509299538989E-11
AR GRAD 2024 06 16 02 35 20.000000 2   1.650920199159E-11  3.670859796689E-11
AR GRAD 2024 06 16 02 35 30.000000 2   1.249865749092E-11  3.007420007473E-11
AR GRAD 2024 06 16 02 35 40.000000 2   2.085380826355E-11  3.792979819117E-11
AR GRAD 2024 06 16 02 35 50.000000 2   1.782293930497E-11  4.027539760032E-11
AR GRAD 2024 06 16 02 36  0.000000 2   1.626768164620E-11  5.250996686079E-12
AR GRAD 2024 06 16 02 36 10.000000 2   1.541449086429E-11  3.716659272013E-11
AR GRAD 2024 06 16 02 36 20.000000 2   1.738623307823E-11  4.198218855889E-11
AR GRAD 2024 06 16 02 36 30.000000 2   1.560337622997E-11  1.918778157195E-11
AR GRAD 2024 06 16 02 36 40.000000 2   1.894450221696E-11  4.876337528215E-11
AR GRAD 2024 06 16 02 36 50.000000 2   1.578025210502E-11  1.874896765619E-11
AR GRAD 2024 06 16 02 37  0.000000 2   1.568977239796E-11  3.594455982858E-11
AR GRAD 2024 06 16 02 37 10.000000 2   1.849983881363E-11  1.954014901273E-11
AR GRAD 2024 06 16 02 37 20.000000 2   1.591868824258E-11  4.471573805676E-11
AR GRAD 2024 06 16 02 37 30.000000 2   1.824695082531E-11  3.283132446463E-11
AR GRAD 2024 06 16 02 37 40.000000 2   1.812495292741E-11  2.842691186611E-11
AR GRAD 2024 06 16 02 37 50.000000 2   1.668741013428E-11  4.068250250566E-11
AR GRAD 2024 06 16 02 38  0.000000 2   1.270296975248E-11  2.988808506244E-11
AR GRAD 2024 06 16 02 38 10.000000 2   1.743246172414E-11  4.224367036731E-11
AR GRAD 2024 06 16 02 38 20.000000 2   1.497823740038E-11  3.427924957777E-11
AR GRAD 2024 06 16 02 38 30.000000 2   1.854615419572E-11  2.901482873408E-11
AR GRAD 2024 06 16 02 38 40.000000 2   1.906065062729E-11  4.506041026420E-11
AR GRAD 2024 06 16 02 38 50.000000 2   1.730464209426E-11  2.499598965311E-11
AR GRAD 2024 06 16 02 39  0.000000 2   1.662469294172E-11  3.101157178276E-11
AR GRAD 2024 06 16 02 39 10.000000 2   1.383264856825E-11  1.966714464896E-11
AR GRAD 2024 06 16 02 39 20.000000 2   1.685318204436E-11  3.121272337814E-11
AR GRAD 2024 06 16 02 39 30.000000 2   1.487017280144E-11  2.702829453305E-11
AR GRAD 2024 06 16 02 39 40.000000 2   1.630783008633E-11  2.765386877823E-11
AR GRAD 2024 06 16 02 39 50.000000 2   1.583050010523E-11  1.917944102148E-11
AR GRAD 2024 06 16 02 40  0.000000 2   9.990563931694E-12  5.077501613604E-11
AR GRAD 2024 06 16 02 40 10.000000 2   1.257644422631E-11  2.665058104756E-11
AR GRAD 2024 06 16 02 40 20.000000 2   1.299342838185E-11  2.427615226896E-11
AR GRAD 2024 06 16 02 40 30.000000 2   1.688890693963E-11  3.274172252765E-11
AR GRAD 2024 06 16 02 40 40.000000 2   1.439592802605E-11  2.366728861503E-11
AR GRAD 2024 06 16 02 40 50.000000 2   1.699295565372E-11  2.352285380369E-11
AR GRAD 2024 06 16 02 41  0.000000 2   1.074739602869E-11  2.023841684518E-11
AR GRAD 2024 06 16 02 41 10.000000 2   1.131956074013E-11  3.635398232449E-11
AR GRAD 2024 06 16 02 41 20.000000 2   1.237554590056E-11  2.601954415815E-11
AR GRAD 2024 06 16 02 41 30.000000 2   1.450999129876E-11  2.572510607313E-11
AR GRAD 2024 06 16 02 41 40.000000 2   1.372716263576E-11  4.188066907163E-11
AR GRAD 2024 06 16 02 41 50.000000 2   1.197671736092E-11  2.442622666632E-11
AR GRAD 2024 06 16 02 42  0.000000 2   1.261243019746E-11  2.271178557722E-11
AR GRAD 2024 06 16 02 42 10.000000 2   8.501041016962E-12  2.643734363372E-11
AR GRAD 2024 06 16 02 42 20.000000 2   1.333860886327E-11  1.593289909729E-11
AR GRAD 2024 06 16 02 42 30.000000 2   1.005825197437E-11  1.281845463108E-11
AR GRAD 2024 06 16 02 42 40.000000 2   1.344418413401E-11  3.560400932412E-11
AR GRAD 2024 06 16 02 42 50.000000 2   9.548807057558E-12  3.344956256424E-11
AR GRAD 2024 06 16 02 43  0.000000 2   7.945284187516E-12  2.916511476769E-11
AR GRAD 2024 06 16 02 43 10.000000 2   9.950327020669E-12  2.394066195288E-11
AR GRAD 2024 06 16 02 43 20.000000 2   1.052624827580E-11  4.352621388315E-11
AR GRAD 2024 06 16 02 43 30.000000 2   8.428753354994E-12  2.610176137730E-11
AR GRAD 2024 06 16 02 43 40.000000 2   4.620683176360E-12  2.079730831994E-11
AR GRAD 2024 06 16 02 43 50.000000 2   1.149309467041E-11  1.750285506807E-11
AR GRAD 2024 06 16 02 44  0.000000 2   3.215300421744E-12  2.215839838005E-11
AR GRAD 2024 06 16 02 44 10.000000 2   9.782477779219E-12  2.372394468375E-11
AR GRAD 2024 06 16 02 44 20.000000 2   9.365954192764E-12  2.449948750816E-11
AR GRAD 2024 06 16 02 44 30.000000 2   2.793056150946E-12  1.152503006224E-11
AR GRAD 2024 06 16 02 44 40.000000 2   1.233884348861E-11  2.806056949300E-11
AR GRAD 2024 06 16 02 44 50.000000 2   4.019783637899E-12  3.286110749831E-12
AR GRAD 2024 06 16 02 45  0.000000 2   1.287888388600E-13  2.088164884062E-11
AR GRAD 2024 06 16 02 45 10.000000 2   7.970180071482E-12  2.852718408719E-11
AR GRAD 2024 06 16 02 45 20.000000 2   6.009478505098E-12  1.920272101053E-11
AR GRAD 2024 06 16 02 45 30.000000 2   2.380489468740E-12  1.816825856427E-11
AR GRAD 2024 06 16 02 45 40.000000 2   4.494672429384E-12  9.903793063426E-12
AR GRAD 2024 06 16 02 45 50.000000 2   4.337497808843E-12  3.291932698657E-11
AR GRAD 2024 06 16 02 46  0.000000 2   5.100803026487E-12  1.252485788694E-11
AR GRAD 2024 06 16 02 46 10.000000 2   2.350785798660E-12  2.062038734207E-11
AR GRAD 2024 06 16 02 46 20.000000 2   4.967747567475E-12  1.570591920408E-11
AR GRAD 2024 06 16 02 46 30.000000 2   6.578203693569E-12  2.330144757701E-11
AR GRAD 2024 06 16 02 46 40.000000 2   6.061619305456E-13  1.059697555400E-11
AR GRAD 2024 06 16 02 46 50.000000 2   4.827546782465E-12  2.042250049628E-11
AR GRAD 2024 06 16 02 47  0.000000 2   1.867302753394E-12  2.264802755059E-11
AR GRAD 2024 06 16 02 47 10.000000 2   4.061207099781E-12  1.629355157740E-11
AR GRAD 2024 06 16 02 47 20.000000 2   3.154478848272E-12  9.099075659602E-12
AR GRAD 2024 06 16 02 47 30.000000 2   1.865873341250E-12  1.664459715889E-11
AR GRAD 2024 06 16 02 47 40.000000 2   3.046543269394E-12  1.494011858671E-11
AR GRAD 2024 06 16 02 47 50.000000 2  -3.139111366679E-12  1.788563915028E-11
AR GRAD 2024 06 16 02 48  0.000000 2   5.669246322393E-12  1.166115901757E-11
AR GRAD 2024 06 16 02 48 10.000000 2   1.440209930481E-12  3.876675456344E-12
AR GRAD 2024 06 16 02 48 20.000000 2   2.244871633418E-13  8.042193647140E-12
AR GRAD 2024 06 16 02 48 30.000000 2   1.501151091453E-12  5.607708308125E-12
AR GRAD 2024 06 16 02 48 40.000000 2   1.564097484343E-12 -5.246776971224E-12
AR GRAD 2024 06 16 02 48 50.000000 2  -3.852722584323E-14  1.840873460612E-11
AR GRAD 2024 06 16 02 49  0.000000 2  -1.297832934871E-12  7.704249564700E-12
AR GRAD 2024 06 16 02 49 10.000000 2  -1.394256753237E-13  6.989759899351E-12
AR GRAD 2024 06 16 02 49 20.000000 2  -1.017639856930E-12  1.788526965418E-11
AR GRAD 2024 06 16 02 49 30.000000 2  -9.632799115658E-13  4.007798324983E-13
AR GRAD 2024 06 16 02 49 40.000000 2   3.625220566447E-12 -5.053711355646E-12
AR GRAD 2024 06 16 02 49 50.000000 2  -5.431300374725E-12  2.601794647783E-12
AR GRAD 2024 06 16 02 50  0.000000 2  -3.367948281374E-12  5.357300107006E-12
AR GRAD 2024 06 16 02 50 10.000000 2  -3.545938933106E-12  9.872804830613E-12
AR GRAD 2024 06 16 02 50 20.000000 2  -1.028874685102E-12 -8.991690204907E-12
AR GRAD 2024 06 16 02 50 30.000000 2  -4.937712565212E-12 -6.261888251848E-13
AR GRAD 2024 06 16 02 50 40.000000 2  -1.908487473959E-12 -1.245068631528E-11
AR GRAD 2024 06 16 02 50 50.000000 2  -2.243647108380E-12 -5.775187619794E-12
AR GRAD 2024 06 16 02 51  0.000000 2  -5.510260650543E-12 -2.221968789518E-11
AR GRAD 2024 06 16 02 51 10.000000 2  -4.169413295521E-13  3.735810272243E-12
AR GRAD 2024 06 16 02 51 20.000000 2  -6.719332555638E-12  5.361308185597E-12
AR GRAD 2024 06 16 02 51 30.000000 2  -3.798622440904E-12 -3.831964585053E-13
AR GRAD 2024 06 16 02 51 40.000000 2  -7.931245937787E-12 -7.527699817655E-12
AR GRAD 2024 06 16 02 51 50.000000 2  -7.788960448840E-12 -8.822065799240E-13
AR GRAD 2024 06 16 02 52  0.000000 2  -9.037414046287E-12 -1.326671324881E-11
AR GRAD 2024 06 16 02 52 10.000000 2  -4.502904559639E-12 -9.121222874220E-12
AR GRAD 2024 06 16 02 52 20.000000 2  -1.016134051901E-11  3.874268527521E-12
AR GRAD 2024 06 16 02 52 30.000000 2  -4.042567062351E-12  2.699756867716E-12
AR GRAD 2024 06 16 02 52 40.000000 2  -1.204081799544E-11  1.235244979220E-12
AR GRAD 2024 06 16 02 52 50.000000 2  -1.159254810201E-11 -1.549266682825E-12
AR GRAD 2024 06 16 02 53  0.000000 2  -1.241351205855E-11  4.106219270855E-12
AR GRAD 2024 06 16 02 53 10.000000 2  -9.548002145865E-12 -5.488297316614E-12
AR GRAD 2024 06 16 02 53 20.000000 2  -1.223705945602E-11 -2.033281182312E-11
AR GRAD 2024 06 16 02 53 30.000000 2  -1.483792255730E-11 -3.157329215783E-12
AR GRAD 2024 06 16 02 53 40.000000 2  -1.173370862279E-11 -1.770184866745E-11
AR GRAD 2024 06 16 02 53 50.000000 2  -9.730281684550E-12 -2.102636467716E-11
AR GRAD 2024 06 16 02 54  0.000000 2  -1.158370795118E-11 -3.890886311059E-12
AR GRAD 2024 06 16 02 54 10.000000 2  -1.221907124094E-11 -8.615408733648E-12
AR GRAD 2024 06 16 02 54 20.000000 2  -1.474895726383E-11 -1.397993092817E-11
AR GRAD 2024 06 16 02 54 30.000000 2  -1.268051549180E-11 -2.506445571926E-11
AR GRAD 2024 06 16 02 54 40.000000 2  -6.913555231775E-12 -8.368978253459E-12
AR GRAD 2024 06 16 02 54 50.000000 2  -1.210126096551E-11 -1.543350863775E-11
AR GRAD 2024 06 16 02 55  0.000000 2  -1.319148523055E-11  4.491968429166E-12
AR GRAD 2024 06 16 02 55 10.000000 2  -1.278420511813E-11 -7.642561063170E-12
AR GRAD 2024 06 16 02 55 20.000000 2  -1.207894201327E-11 -6.407090569899E-12
AR GRAD 2024 06 16 02 55 30.000000 2  -1.264396400080E-11 -8.721619780550E-12
AR GRAD 2024 06 16 02 55 40.000000 2  -1.371256840715E-11 -1.966150766503E-12
AR GRAD 2024 06 16 02 55 50.000000 2  -1.474496219567E-11 -8.080683691625E-12
AR GRAD 2024 06 16 02 56  0.000000 2  -1.138348356550E-11 -3.095217441726E-12
AR GRAD 2024 06 16 02 56 10.000000 2  -1.626501190677E-11 -1.171975017034E-11
AR GRAD 2024 06 16 02 56 20.000000 2  -8.801537623726E-12 -4.454287633182E-12
AR GRAD 2024 06 16 02 56 30.000000 2  -1.345725961222E-11 -1.450882296250E-11
AR GRAD 2024 06 16 02 56 40.000000 2  -1.393953962675E-11 -1.478336029981E-11
AR GRAD 2024 06 16 02 56 50.000000 2  -1.308402865219E-11  2.922099411398E-12
AR GRAD 2024 06 16 02 57  0.000000 2  -1.540846616965E-11 -8.222439222549E-12
AR GRAD 2024 06 16 02 57 10.000000 2  -1.696064122481E-11 -1.392698369823E-11
AR GRAD 2024 06 16 02 57 20.000000 2  -1.932579096753E-11 -2.200152560139E-11
AR GRAD 2024 06 16 02 57 30.000000 2  -1.177497335747E-11 -9.626066437007E-12
AR GRAD 2024 06 16 02 57 40.000000 2  -1.605290032847E-11 -2.697061324275E-11
AR GRAD 2024 06 16 02 57 50.000000 2  -1.422856017036E-11 -1.341516047554E-11
AR GRAD 2024 06 16 02 58  0.000000 2  -1.694469217717E-11 -1.914970439165E-11
AR GRAD 2024 06 16 02 58 10.000000 2  -1.505912235189E-11 -9.604249687212E-12
AR GRAD 2024 06 16 02 58 20.000000 2  -1.737231712651E-11 -2.740880092333E-11
AR GRAD 2024 06 16 02 58 30.000000 2  -1.561850822285E-11 -5.053351834206E-12
AR GRAD 2024 06 16 02 58 40.000000 2  -1.821990301687E-11 -1.318789955712E-11
AR GRAD 2024 06 16 02 58 50.000000 2  -1.331826229162E-11 -5.822454064025E-12
AR GRAD 2024 06 16 02 59  0.000000 2  -1.792671740219E-11 -2.481700782375E-11
AR GRAD 2024 06 16 02 59 10.000000 2  -2.024579982829E-11 -2.112155936262E-11
AR GRAD 2024 06 16 02 59 20.000000 2  -2.150040041837E-11 -7.736116434953E-12
AR GRAD 2024 06 16 02 59 30.000000 2  -2.176831111200E-11 -6.580673072437E-12
AR GRAD 2024 06 16 02 59 40.000000 2  -1.928799134299E-11 -2.086523141764E-11
AR GRAD 2024 06 16 02 59 50.000000 2  -2.010609213843E-11 -2.315978832323E-11
AR GRAD 2024 06 16 03 00  0.000000 2  -1.887853241789E-11 -1.649435102391E-11
AR GRAD 2024 06 16 03 00 10.000000 2  -2.419904207573E-11 -9.598910208353E-12
AR GRAD 2024 06 16 03 00 20.000000 2  -2.293889383997E-11 -2.805347100454E-11
AR GRAD 2024 06 16 03 00 30.000000 2  -2.562181716792E-11 -1.674803698504E-11
AR GRAD 2024 06 16 03 00 40.000000 2  -2.342142972622E-11 -2.713259825149E-11
AR GRAD 2024 06 16 03 00 50.000000 2  -2.088338876827E-11 -1.374716486480E-11
AR GRAD 2024 06 16 03 01  0.000000 2  -2.249171855706E-11 -1.364172923929E-11
AR GRAD 2024 06 16 03 01 10.000000 2  -2.616017298618E-11 -3.013629623627E-11
AR GRAD 2024 06 16 03 01 20.000000 2  -1.974633304092E-11 -2.583086522456E-11
AR GRAD 2024 06 16 03 01 30.000000 2  -2.576286579903E-11 -1.852543639325E-11
AR GRAD 2024 06 16 03 01 40.000000 2  -2.259833292717E-11 -3.018000779842E-11
AR GRAD 2024 06 16 03 01 50.000000 2  -2.218793031250E-11 -1.647457864573E-11
AR GRAD 2024 06 16 03 02  0.000000 2  -2.538470475488E-11 -1.230915022687E-11
AR GRAD 2024 06 16 03 02 10.000000 2  -2.684395240815E-11 -2.529372891691E-11
AR GRAD 2024 06 16 03 02 20.000000 2  -2.555683789596E-11 -2.159830300719E-11
AR GRAD 2024 06 16 03 02 30.000000 2  -2.133402308979E-11 -1.615287764656E-11
AR GRAD 2024 06 16 03 02 40.000000 2  -2.416260594384E-11 -3.954745558810E-11
AR GRAD 2024 06 16 03 02 50.000000 2  -2.824535050294E-11 -1.448203362786E-11
AR GRAD 2024 06 16 03 03  0.000000 2  -2.754888331347E-11 -2.771661372636E-11
AR GRAD 2024 06 16 03 03 10.000000 2  -2.458048695142E-11 -2.528119553979E-11
AR GRAD 2024 06 16 03 03 20.000000 2  -2.448042116243E-11 -1.385577329954E-11
AR GRAD 2024 06 16 03 03 30.000000 2  -3.118401370461E-11 -2.906035655170E-11
AR GRAD 2024 06 16 03 03 40.000000 2  -2.570358509368E-11 -3.491494246499E-11
AR GRAD 2024 06 16 03 03 50.000000 2  -2.560177764233E-11 -4.013952364934E-11
AR GRAD 2024 06 16 03 04  0.000000 2  -2.491922293513E-11 -7.024112194665E-12
AR GRAD 2024 06 16 03 04 10.000000 2  -2.485195729762E-11 -1.610869944380E-11
AR GRAD 2024 06 16 03 04 20.000000 2  -2.341586993748E-11 -2.519328842765E-11
AR GRAD 2024 06 16 03 04 30.000000 2  -2.435526259836E-11 -3.042787549701E-11
AR GRAD 2024 06 16 03 04 40.000000 2  -2.354963619944E-11 -2.180246781724E-11
AR GRAD 2024 06 16 03 04 50.000000 2  -2.774855518972E-11 -7.847058072774E-12
