 2.00 C RINEX VERSION / TYPE
 10.00 INTERVAL
 1 AR # / TYPES OF DATA
 END OF HEADER
AR GRAD 2024 06 25 01 05  0.000000 2   2.955799494053E-11  9.264655015384E-12
AR GRAD 2024 06 25 01 05 10.000000 2   3.165415152218E-11  4.619374327497E-11
AR GRAD 2024 06 25 01 05 20.000000 2   2.762626065411E-11  3.037283619056E-11
AR GRAD 2024 06 25 01 05 30.000000 2   3.193786554667E-11  1.952191880372E-11
AR GRAD 2024 06 25 01 05 40.000000 2   3.163430281616E-11  2.586100431023E-11
AR GRAD 2024 06 25 01 05 50.000000 2   2.802334753138E-11  4.008008855361E-11
AR GRAD 2024 06 25 01 06  0.000000 2   3.110536828110E-11 -2.510833988639E-12
AR GRAD 2024 06 25 01 06 10.000000 2   2.826645341403E-11  3.121824326824E-11
AR GRAD 2024 06 25 01 06 20.000000 2   3.146042107383E-11  1.693731786767E-11
AR GRAD 2024 06 25 01 06 30.000000 2   2.961960537951E-11  3.676639548367E-11
AR GRAD 2024 06 25 01 06 40.000000 2   3.568885117988E-11  3.537546297561E-11
AR GRAD 2024 06 25 01 06 50.000000 2   2.958059144853E-11  2.195453020770E-11
AR GRAD 2024 06 25 01 07  0.000000 2   3.244935917190E-11  1.897359526437E-11
AR GRAD 2024 06 25 01 07 10.000000 2   3.115655997088E-11  4.793266478176E-11
AR GRAD 2024 06 25 01 07 20.000000 2   3.116001207060E-11  2.627172090985E-11
AR GRAD 2024 06 25 01 07 30.000000 2   2.853469197039E-11  7.530780686549E-12
AR GRAD 2024 06 25 01 07 40.000000 2   3.167353879174E-11  3.134983939113E-11
AR GRAD 2024 06 25 01 07 50.000000 2   3.156001154858E-11  3.527889438915E-11
AR GRAD 2024 06 25 01 08  0.000000 2   3.020312472346E-11  2.145794132657E-11
AR GRAD 2024 06 25 01 08 10.000000 2   3.239926729681E-11  4.362699784766E-11
AR GRAD 2024 06 25 01 08 20.000000 2   3.066172316046E-11  2.938604568015E-11
AR GRAD 2024 06 25 01 08 30.000000 2   3.099543191554E-11  2.413508629062E-11
AR GRAD 2024 06 25 01 08 40.000000 2   3.499760897752E-11  3.326413103300E-11
AR GRAD 2024 06 25 01 08 50.000000 2   3.247800292594E-11  2.837317186755E-11
AR GRAD 2024 06 25 01 09  0.000000 2   3.045797641876E-11  2.879221167040E-11
AR GRAD 2024 06 25 01 09 10.000000 2   3.241912294172E-11  3.724124827964E-11
AR GRAD 2024 06 25 01 09 20.000000 2   3.323826977542E-11  3.921028432496E-11
AR GRAD 2024 06 25 01 09 30.000000 2   3.292856612380E-11  2.034931424755E-11
AR GRAD 2024 06 25 01 09 40.000000 2   3.426970512921E-11  3.929834582750E-11
AR GRAD 2024 06 25 01 09 50.000000 2   3.444199092595E-11  2.686737290980E-11
AR GRAD 2024 06 25 01 10  0.000000 2   3.109307950000E-11  1.822639608684E-11
AR GRAD 2024 06 25 01 10 10.000000 2   3.330020634240E-11  4.607542472557E-11
AR GRAD 2024 06 25 01 10 20.000000 2   3.531718667515E-11  2.213444011412E-11
AR GRAD 2024 06 25 01 10 30.000000 2   3.178532090309E-11  4.742346099151E-11
AR GRAD 2024 06 25 01 10 40.000000 2   3.285048968960E-11  4.221247656977E-11
AR GRAD 2024 06 25 01 10 50.000000 2   3.591066333186E-11  3.750149149551E-11
AR GRAD 2024 06 25 01 11  0.000000 2   3.300656623018E-11  2.637050300347E-11
AR GRAD 2024 06 25 01 11 10.000000 2   3.421906855094E-11  4.180951071464E-11
AR GRAD 2024 06 25 01 11 20.000000 2   3.409983753699E-11  3.721851993266E-11
AR GRAD 2024 06 25 01 11 30.000000 2   3.268775528031E-11  2.634752312158E-11
AR GRAD 2024 06 25 01 11 40.000000 2   3.344937174465E-11  2.979652635737E-11
AR GRAD 2024 06 25 01 11 50.000000 2   3.345876700700E-11  4.490552721337E-11
AR GRAD 2024 06 25 01 12  0.000000 2   3.479879578938E-11  3.503452389308E-11
AR GRAD 2024 06 25 01 12 10.000000 2   3.482054922177E-11  5.053352181150E-11
AR GRAD 2024 06 25 01 12 20.000000 2   3.284459509922E-11  2.608251462033E-11
AR GRAD 2024 06 25 01 12 30.000000 2   3.236638387860E-11  3.152150762631E-11
AR GRAD 2024 06 25 01 12 40.000000 2   3.355166144914E-11  4.971049960556E-11
AR GRAD 2024 06 25 01 12 50.000000 2   3.290037686732E-11  4.012948306986E-11
AR GRAD 2024 06 25 01 13  0.000000 2   3.268651668775E-11  3.100847009718E-11
AR GRAD 2024 06 25 01 13 10.000000 2   3.462514303054E-11  3.829745201522E-11
AR GRAD 2024 06 25 01 13 20.000000 2   3.647241189619E-11  2.501642989983E-11
AR GRAD 2024 06 25 01 13 30.000000 2   3.416115654242E-11  3.173540943924E-11
AR GRAD 2024 06 25 01 13 40.000000 2   3.246573496152E-11  4.844438045160E-11
AR GRAD 2024 06 25 01 13 50.000000 2   3.617436558634E-11  2.321335658417E-11
AR GRAD 2024 06 25 01 14  0.000000 2   3.338712639689E-11  5.253232918112E-11
AR GRAD 2024 06 25 01 14 10.000000 2   3.622859651164E-11  4.397129535483E-11
AR GRAD 2024 06 25 01 14 20.000000 2   3.445927918011E-11  3.215026508907E-11
AR GRAD 2024 06 25 01 14 30.000000 2   3.546002033672E-11  4.028922681587E-11
AR GRAD 2024 06 25 01 14 40.000000 2   3.355123123772E-11  2.401818847975E-11
AR GRAD 2024 06 25 01 14 50.000000 2   3.770788542523E-11  4.414715121248E-11
AR GRAD 2024 06 25 01 15  0.000000 2   3.132389486682E-11  3.252611027738E-11
AR GRAD 2024 06 25 01 15 10.000000 2   3.335042658703E-11  3.451506441765E-11
AR GRAD 2024 06 25 01 15 20.000000 2   3.161201161950E-11  3.540401652402E-11
AR GRAD 2024 06 25 01 15 30.000000 2   3.595035380499E-11  4.625296673444E-11
AR GRAD 2024 06 25 01 15 40.000000 2   3.783451676953E-11  4.865191582937E-11
AR GRAD 2024 06 25 01 15 50.000000 2   3.396952510948E-11  3.772086115683E-11
AR GRAD 2024 06 25 01 16  0.000000 2   3.600203468679E-11  3.039980420172E-11
AR GRAD 2024 06 25 01 16 10.000000 2   3.611188778563E-11  4.548874818489E-11
AR GRAD 2024 06 25 01 16 20.000000 2   3.506069046200E-11  3.224768715948E-11
AR GRAD 2024 06 25 01 16 30.000000 2   3.481589322396E-11  3.861662725702E-11
AR GRAD 2024 06 25 01 16 40.000000 2   3.530881489966E-11  3.177555787937E-11
AR GRAD 2024 06 25 01 16 50.000000 2   3.351368835225E-11  3.857449082378E-11
AR GRAD 2024 06 25 01 17  0.000000 2   3.890404318141E-11  5.183342297044E-11
AR GRAD 2024 06 25 01 17 10.000000 2   3.488277722230E-11  4.188234828395E-11
AR GRAD 2024 06 25 01 17 20.000000 2   3.326536962556E-11  4.397127800759E-11
AR GRAD 2024 06 25 01 17 30.000000 2   3.440365006768E-11  2.400019939730E-11
AR GRAD 2024 06 25 01 17 40.000000 2   3.449914659504E-11  4.756912225234E-11
AR GRAD 2024 06 25 01 17 50.000000 2   3.343451904225E-11  3.741804088797E-11
AR GRAD 2024 06 25 01 18  0.000000 2   3.629966466301E-11  2.744695616619E-11
AR GRAD 2024 06 25 01 18 10.000000 2   3.344149956952E-11  3.898587355722E-11
AR GRAD 2024 06 25 01 18 20.000000 2   3.396977490966E-11  3.563478678803E-11
AR GRAD 2024 06 25 01 18 30.000000 2   3.581231838856E-11  4.869369490956E-11
AR GRAD 2024 06 25 01 18 40.000000 2   3.446760932224E-11  5.839259631379E-11
AR GRAD 2024 06 25 01 18 50.000000 2   3.858078440055E-11  2.231150680876E-11
AR GRAD 2024 06 25 01 19  0.000000 2   3.320106342630E-11  4.431040950825E-11
AR GRAD 2024 06 25 01 19 10.000000 2   3.348729279984E-11  4.848931325907E-11
AR GRAD 2024 06 25 01 19 20.000000 2   3.311602381206E-11  3.540821108539E-11
AR GRAD 2024 06 25 01 19 30.000000 2   3.222197508812E-11  2.964710768549E-11
AR GRAD 2024 06 25 01 19 40.000000 2   3.513624807772E-11  5.673600131373E-11
AR GRAD 2024 06 25 01 19 50.000000 2   3.147387905855E-11  1.429489426136E-11
AR GRAD 2024 06 25 01 20  0.000000 2   3.417907970538E-11  4.338378267743E-11
AR GRAD 2024 06 25 01 20 10.000000 2   3.381843416417E-11  4.480267198903E-11
AR GRAD 2024 06 25 01 20 20.000000 2   3.471092857588E-11  2.448155567158E-11
AR GRAD 2024 06 25 01 20 30.000000 2   3.572365667170E-11  4.370044257018E-11
AR GRAD 2024 06 25 01 20 40.000000 2   3.533746906204E-11  3.263931833142E-11
AR GRAD 2024 06 25 01 20 50.000000 2   3.242926413516E-11  3.919820024123E-11
AR GRAD 2024 06 25 01 21  0.000000 2   3.583448815458E-11  3.674707413359E-11
AR GRAD 2024 06 25 01 21 10.000000 2   3.566599446336E-11  4.240594680960E-11
AR GRAD 2024 06 25 01 21 20.000000 2   3.481498769831E-11  2.406481784678E-11
AR GRAD 2024 06 25 01 21 30.000000 2   3.477538743080E-11  3.416368923870E-11
AR GRAD 2024 06 25 01 21 40.000000 2   3.477507171112E-11  4.229255834431E-11
AR GRAD 2024 06 25 01 21 50.000000 2   3.189079209043E-11  3.203141918373E-11
AR GRAD 2024 06 25 01 22  0.000000 2   3.103958062800E-11  4.032028530498E-11
AR GRAD 2024 06 25 01 22 10.000000 2   3.495298148137E-11  3.664914552393E-11
AR GRAD 2024 06 25 01 22 20.000000 2   3.109505708476E-11  4.246800133778E-11
AR GRAD 2024 06 25 01 22 30.000000 2   3.643696455669E-11  3.155685782130E-11
AR GRAD 2024 06 25 01 22 40.000000 2   3.578069091015E-11  3.412570920291E-11
AR GRAD 2024 06 25 01 22 50.000000 2   3.565544387518E-11  2.628456133302E-11
AR GRAD 2024 06 25 01 23  0.000000 2   3.539276163811E-11  3.088341041235E-11
AR GRAD 2024 06 25 01 23 10.000000 2   3.360237435523E-11  3.508226001370E-11
AR GRAD 2024 06 25 01 23 20.000000 2   3.256572789212E-11  2.962110418059E-11
AR GRAD 2024 06 25 01 23 30.000000 2   3.311111454463E-11  4.117994487074E-11
AR GRAD 2024 06 25 01 23 40.000000 2   3.253011054971E-11  4.170878573073E-11
AR GRAD 2024 06 25 01 23 50.000000 2   3.497101913608E-11  3.525762320988E-11
AR GRAD 2024 06 25 01 24  0.000000 2   3.548748794824E-11  3.496646028278E-11
AR GRAD 2024 06 25 01 24 10.000000 2   3.427534644995E-11  4.893529331751E-11
AR GRAD 2024 06 25 01 24 20.000000 2   3.170717854939E-11  3.604412254776E-11
AR GRAD 2024 06 25 01 24 30.000000 2   3.167975604068E-11  2.889295053210E-11
AR GRAD 2024 06 25 01 24 40.000000 2   3.487286848181E-11  3.299177944727E-11
AR GRAD 2024 06 25 01 24 50.000000 2   3.176073640199E-11  2.380060211415E-11
AR GRAD 2024 06 25 01 25  0.000000 2   3.326882866417E-11  5.011942250110E-11
AR GRAD 2024 06 25 01 25 10.000000 2   3.531112555133E-11  4.321824495501E-11
AR GRAD 2024 06 25 01 25 20.000000 2   3.269768136804E-11  3.443706084183E-11
AR GRAD 2024 06 25 01 25 30.000000 2   3.384609259527E-11  3.663587835878E-11
AR GRAD 2024 06 25 01 25 40.000000 2   3.051914623797E-11  2.783468767975E-11
AR GRAD 2024 06 25 01 25 50.000000 2   3.418332630845E-11  3.577350221606E-11
AR GRAD 2024 06 25 01 26  0.000000 2   3.573167803306E-11  4.121230787191E-11
AR GRAD 2024 06 25 01 26 10.000000 2   3.236390669348E-11  2.664111466155E-11
AR GRAD 2024 06 25 01 26 20.000000 2   3.550962995869E-11  3.170991941248E-11
AR GRAD 2024 06 25 01 26 30.000000 2   3.129321107798E-11  3.533872153239E-11
AR GRAD 2024 06 25 01 26 40.000000 2   3.290916844589E-11  2.716751996978E-11
AR GRAD 2024 06 25 01 26 50.000000 2   3.201710424561E-11  3.501631623548E-11
AR GRAD 2024 06 25 01 27  0.000000 2   3.064229078809E-11  4.681511428517E-11
AR GRAD 2024 06 25 01 27 10.000000 2   3.170648466000E-11  2.837390218613E-11
AR GRAD 2024 06 25 01 27 20.000000 2   2.865702120047E-11  3.089269465240E-11
AR GRAD 2024 06 25 01 27 30.000000 2   2.798025179607E-11  3.474148399518E-11
AR GRAD 2024 06 25 01 27 40.000000 2   2.918432856491E-11  2.569026588684E-11
AR GRAD 2024 06 25 01 27 50.000000 2   2.960790987383E-11  3.948905438755E-11
AR GRAD 2024 06 25 01 28  0.000000 2   3.124009384514E-11  4.062783443004E-11
AR GRAD 2024 06 25 01 28 10.000000 2   3.029117928710E-11  3.469661363775E-11
AR GRAD 2024 06 25 01 28 20.000000 2   3.275467744257E-11  2.383538852402E-11
AR GRAD 2024 06 25 01 28 30.000000 2   3.039543963745E-11  2.883416075350E-11
AR GRAD 2024 06 25 01 28 40.000000 2   3.327698533395E-11  3.662293732165E-11
AR GRAD 2024 06 25 01 28 50.000000 2   3.358170685974E-11  3.044170818201E-11
AR GRAD 2024 06 25 01 29  0.000000 2   2.850317898373E-11  3.031047288160E-11
AR GRAD 2024 06 25 01 29 10.000000 2   2.751426170233E-11  2.095923781753E-11
AR GRAD 2024 06 25 01 29 20.000000 2   3.176960083895E-11  3.504800616394E-11
AR GRAD 2024 06 25 01 29 30.000000 2   2.540818250241E-11  3.438676426937E-11
AR GRAD 2024 06 25 01 29 40.000000 2   3.383526792078E-11  2.352551833895E-11
AR GRAD 2024 06 25 01 29 50.000000 2   2.972101384446E-11  2.443427925269E-11
AR GRAD 2024 06 25 01 30  0.000000 2   2.965696438428E-11  3.911303572690E-11
AR GRAD 2024 06 25 01 30 10.000000 2   2.817989244730E-11  3.328178704853E-11
AR GRAD 2024 06 25 01 30 20.000000 2   2.764692814961E-11  1.855053090305E-11
AR GRAD 2024 06 25 01 30 30.000000 2   3.031332823644E-11  2.331928053434E-11
AR GRAD 2024 06 25 01 30 40.000000 2   2.950946084712E-11  2.170802600177E-11
AR GRAD 2024 06 25 01 30 50.000000 2   2.877742835694E-11  2.697676804164E-11
AR GRAD 2024 06 25 01 31  0.000000 2   3.012144353387E-11  3.905551229644E-11
AR GRAD 2024 06 25 01 31 10.000000 2   2.599851757490E-11  2.526424729143E-11
AR GRAD 2024 06 25 01 31 20.000000 2   2.566661293224E-11  2.992298769877E-11
AR GRAD 2024 06 25 01 31 30.000000 2   2.770083121217E-11  2.490171957525E-11
AR GRAD 2024 06 25 01 31 40.000000 2   2.799132974018E-11  2.526044824702E-11
AR GRAD 2024 06 25 01 31 50.000000 2   3.065427078841E-11  2.260917841834E-11
AR GRAD 2024 06 25 01 32  0.000000 2   2.994089351449E-11  3.450791041804E-11
AR GRAD 2024 06 25 01 32 10.000000 2   2.707634116916E-11  4.026663377732E-11
AR GRAD 2024 06 25 01 32 20.000000 2   2.711154911683E-11  1.721535067278E-11
AR GRAD 2024 06 25 01 32 30.000000 2   2.820325570307E-11  3.898407291425E-11
AR GRAD 2024 06 25 01 32 40.000000 2   2.405100944791E-11  2.929279388497E-11
AR GRAD 2024 06 25 01 32 50.000000 2   2.794982474630E-11  2.183150535351E-11
AR GRAD 2024 06 25 01 33  0.000000 2   2.858594784494E-11  3.033022444310E-11
AR GRAD 2024 06 25 01 33 10.000000 2   2.790168270039E-11  3.066893267123E-11
AR GRAD 2024 06 25 01 33 20.000000 2   2.444989176398E-11  2.871764111234E-11
AR GRAD 2024 06 25 01 33 30.000000 2   2.350418644437E-11  1.785634660967E-11
AR GRAD 2024 06 25 01 33 40.000000 2   2.525421018140E-11  3.327505285200E-11
AR GRAD 2024 06 25 01 33 50.000000 2   2.347171068617E-11  1.981375306881E-11
AR GRAD 2024 06 25 01 34  0.000000 2   2.378757781030E-11  3.641245638342E-11
AR GRAD 2024 06 25 01 34 10.000000 2   2.434427659459E-11  2.083114930551E-11
AR GRAD 2024 06 25 01 34 20.000000 2   2.254673531210E-11  2.561984825677E-11
AR GRAD 2024 06 25 01 34 30.000000 2   1.984516197207E-11  3.073854018543E-11
AR GRAD 2024 06 25 01 34 40.000000 2   2.572540964974E-11  3.979723148251E-11
AR GRAD 2024 06 25 01 34 50.000000 2   2.357192045721E-11  1.428592140418E-11
AR GRAD 2024 06 25 01 35  0.000000 2   2.208944138715E-11  3.623460906321E-11
AR GRAD 2024 06 25 01 35 10.000000 2   1.910587313358E-11  1.214329071325E-11
AR GRAD 2024 06 25 01 35 20.000000 2   2.174659584353E-11  3.312197391359E-11
AR GRAD 2024 06 25 01 35 30.000000 2   1.842036419231E-11  1.163065043580E-11
AR GRAD 2024 06 25 01 35 40.000000 2   2.084476341535E-11  4.556932955979E-11
AR GRAD 2024 06 25 01 35 50.000000 2   2.332071515065E-11  1.926800385910E-11
AR GRAD 2024 06 25 01 36  0.000000 2   1.785863817938E-11  4.927667648924E-11
AR GRAD 2024 06 25 01 36 10.000000 2   1.950272582318E-11  9.905349110384E-12
AR GRAD 2024 06 25 01 36 20.000000 2   1.809594661617E-11  2.904401719128E-11
AR GRAD 2024 06 25 01 36 30.000000 2   1.964284637723E-11  2.849268043725E-11
AR GRAD 2024 06 25 01 36 40.000000 2   1.922081764583E-11  9.571347187043E-12
AR GRAD 2024 06 25 01 36 50.000000 2   1.620795858637E-11  3.454000627179E-11
AR GRAD 2024 06 25 01 37  0.000000 2   1.957049279577E-11  2.393866702088E-11
AR GRAD 2024 06 25 01 37 10.000000 2   1.875487092018E-11  2.440732164988E-11
AR GRAD 2024 06 25 01 37 20.000000 2   1.533785945473E-11  7.685977722327E-12
AR GRAD 2024 06 25 01 37 30.000000 2   1.152347748473E-11  3.129463008178E-11
AR GRAD 2024 06 25 01 37 40.000000 2   1.628810454568E-11  3.623328026503E-11
AR GRAD 2024 06 25 01 37 50.000000 2   1.218139564912E-11  3.582193222607E-11
AR GRAD 2024 06 25 01 38  0.000000 2   1.654671538676E-11  4.920573497269E-12
AR GRAD 2024 06 25 01 38 10.000000 2   1.429146384568E-11  4.400921987946E-11
AR GRAD 2024 06 25 01 38 20.000000 2   1.242772985216E-11  7.577860214325E-12
AR GRAD 2024 06 25 01 38 30.000000 2   1.194132986937E-11  3.241649657038E-11
AR GRAD 2024 06 25 01 38 40.000000 2   1.297591114419E-11  3.157513486785E-11
AR GRAD 2024 06 25 01 38 50.000000 2   1.234503124725E-11  1.416376911589E-11
AR GRAD 2024 06 25 01 39  0.000000 2   1.651355614751E-11  2.183240220555E-11
AR GRAD 2024 06 25 01 39 10.000000 2   1.259592603831E-11  4.323102986703E-11
AR GRAD 2024 06 25 01 39 20.000000 2   1.429309188367E-11  9.979657725201E-12
AR GRAD 2024 06 25 01 39 30.000000 2   9.901638536869E-12  2.370828533493E-11
AR GRAD 2024 06 25 01 39 40.000000 2   1.041806658303E-11  3.703690826251E-11
AR GRAD 2024 06 25 01 39 50.000000 2   1.364142219323E-11  2.076552818586E-11
AR GRAD 2024 06 25 01 40  0.000000 2   1.427465957937E-11  1.758414421016E-11
AR GRAD 2024 06 25 01 40 10.000000 2   1.291183826524E-11  1.652762453806E-12
AR GRAD 2024 06 25 01 40 20.000000 2   1.263302483456E-11  2.843137704434E-11
AR GRAD 2024 06 25 01 40 30.000000 2   1.011803748424E-11  2.778998905995E-11
AR GRAD 2024 06 25 01 40 40.000000 2   1.495811981223E-11  2.815859698191E-11
AR GRAD 2024 06 25 01 40 50.000000 2   1.013507854031E-11  1.748720439287E-11
AR GRAD 2024 06 25 01 41  0.000000 2   1.320623298218E-11  1.217581070689E-11
AR GRAD 2024 06 25 01 41 10.000000 2   1.177425865140E-11  3.703441373015E-11
AR GRAD 2024 06 25 01 41 20.000000 2   1.488772126412E-11  2.299301200825E-11
AR GRAD 2024 06 25 01 41 30.000000 2   9.057273160640E-12  1.605161316365E-11
AR GRAD 2024 06 25 01 41 40.000000 2   1.023826422947E-11  1.319020760671E-11
AR GRAD 2024 06 25 01 41 50.000000 2   1.138662254763E-11  1.986880104887E-11
AR GRAD 2024 06 25 01 42  0.000000 2   1.034613020257E-11  2.578739131953E-11
AR GRAD 2024 06 25 01 42 10.000000 2   7.568961082893E-12  3.069598394911E-11
AR GRAD 2024 06 25 01 42 20.000000 2   1.097762592633E-11  1.966456684988E-11
AR GRAD 2024 06 25 01 42 30.000000 2   7.737577072120E-12  2.846315370897E-11
AR GRAD 2024 06 25 01 42 40.000000 2   1.140953997947E-11  8.721736874384E-12
AR GRAD 2024 06 25 01 42 50.000000 2   9.226590845512E-12  8.870314205378E-12
AR GRAD 2024 06 25 01 43  0.000000 2   3.940072226816E-12  3.599889483730E-11
AR GRAD 2024 06 25 01 43 10.000000 2   6.917612749985E-12  2.762746802165E-11
AR GRAD 2024 06 25 01 43 20.000000 2   4.511650168043E-12  1.633604362894E-11
AR GRAD 2024 06 25 01 43 30.000000 2   7.438587072695E-12  9.934614762785E-12
AR GRAD 2024 06 25 01 43 40.000000 2   5.978702342230E-12  1.279318144476E-11
AR GRAD 2024 06 25 01 43 50.000000 2   7.657376794278E-13  5.329175295499E-11
AR GRAD 2024 06 25 01 44  0.000000 2   2.451087293201E-12 -2.093968574923E-11
AR GRAD 2024 06 25 01 44 10.000000 2   5.186203463209E-12  2.409887567278E-11
AR GRAD 2024 06 25 01 44 20.000000 2   4.180593805164E-12  1.437743413907E-11
AR GRAD 2024 06 25 01 44 30.000000 2  -1.676439342164E-13  2.233599416535E-11
AR GRAD 2024 06 25 01 44 40.000000 2  -1.178756392625E-13  2.544454751063E-11
AR GRAD 2024 06 25 01 44 50.000000 2   4.480806784640E-12  2.576310345614E-11
AR GRAD 2024 06 25 01 45  0.000000 2   1.219397304485E-12  4.741651949552E-12
AR GRAD 2024 06 25 01 45 10.000000 2  -1.092819736613E-12  1.782020017660E-11
AR GRAD 2024 06 25 01 45 20.000000 2   2.332961948626E-12  1.844874600310E-11
AR GRAD 2024 06 25 01 45 30.000000 2   3.647652384135E-13  9.077291869553E-12
AR GRAD 2024 06 25 01 45 40.000000 2  -5.307435263849E-13  3.458583419658E-11
AR GRAD 2024 06 25 01 45 50.000000 2   9.763991915337E-13  2.225437195635E-11
AR GRAD 2024 06 25 01 46  0.000000 2   2.768314874210E-12  2.431291105942E-11
AR GRAD 2024 06 25 01 46 10.000000 2  -3.991418469611E-14  1.564144473665E-11
AR GRAD 2024 06 25 01 46 20.000000 2   1.929696636857E-12  9.189979506552E-12
AR GRAD 2024 06 25 01 46 30.000000 2  -1.062866808454E-12  2.525850882618E-11
AR GRAD 2024 06 25 01 46 40.000000 2  -8.049559825120E-13  1.603703454756E-11
AR GRAD 2024 06 25 01 46 50.000000 2   9.441880870903E-13  3.182556301828E-11
AR GRAD 2024 06 25 01 47  0.000000 2   4.542782437115E-13  1.282408554348E-11
AR GRAD 2024 06 25 01 47 10.000000 2   1.203348727087E-12  2.279260634397E-11
AR GRAD 2024 06 25 01 47 20.000000 2   2.088481297624E-13  1.490112547242E-11
AR GRAD 2024 06 25 01 47 30.000000 2  -5.174141063519E-12  7.059644969304E-12
AR GRAD 2024 06 25 01 47 40.000000 2  -2.897664530196E-12  1.178157506450E-12
AR GRAD 2024 06 25 01 47 50.000000 2   6.823172669229E-13  1.892667099435E-11
AR GRAD 2024 06 25 01 48  0.000000 2   1.319044049333E-12  2.097517992627E-11
AR GRAD 2024 06 25 01 48 10.000000 2  -3.202038460770E-12  8.693688997863E-12
AR GRAD 2024 06 25 01 48 20.000000 2  -2.087699154177E-12  1.423219354868E-11
AR GRAD 2024 06 25 01 48 30.000000 2  -8.372906860031E-13  2.768069627679E-11
AR GRAD 2024 06 25 01 48 40.000000 2  -3.723172378040E-12  8.609198423604E-12
AR GRAD 2024 06 25 01 48 50.000000 2  -1.710901711104E-12  1.517769764037E-11
AR GRAD 2024 06 25 01 49  0.000000 2  -4.235439689942E-12  2.314619329535E-11
AR GRAD 2024 06 25 01 49 10.000000 2  -2.004396431818E-12  6.804687455869E-12
AR GRAD 2024 06 25 01 49 20.000000 2  -2.691849564432E-12  9.273181181269E-12
AR GRAD 2024 06 25 01 49 30.000000 2  -3.154283041359E-12  2.195167138341E-11
AR GRAD 2024 06 25 01 49 40.000000 2  -3.163396627981E-12  2.775015460477E-11
AR GRAD 2024 06 25 01 49 50.000000 2  -4.923843017340E-12  7.768642500128E-12
AR GRAD 2024 06 25 01 50  0.000000 2  -1.308211893848E-12  1.611712499572E-11
AR GRAD 2024 06 25 01 50 10.000000 2  -3.837034422832E-12  1.564560633827E-11
AR GRAD 2024 06 25 01 50 20.000000 2  -4.577686320284E-12  5.404083864430E-12
AR GRAD 2024 06 25 01 50 30.000000 2  -4.982755961308E-12  1.139256310817E-11
AR GRAD 2024 06 25 01 50 40.000000 2  -3.890492095149E-12  1.911103393593E-11
AR GRAD 2024 06 25 01 50 50.000000 2  -3.983360516435E-12  8.519505413640E-12
AR GRAD 2024 06 25 01 51  0.000000 2  -4.697919137042E-12  5.687976131763E-12
AR GRAD 2024 06 25 01 51 10.000000 2  -2.154446976724E-12  1.672644141248E-11
AR GRAD 2024 06 25 01 51 20.000000 2  -3.736454722014E-12  1.436490856821E-11
AR GRAD 2024 06 25 01 51 30.000000 2  -3.878901973925E-12  1.124337168507E-11
AR GRAD 2024 06 25 01 51 40.000000 2  -1.438771627879E-12  1.118183150239E-11
AR GRAD 2024 06 25 01 51 50.000000 2  -5.518153642359E-12  1.510288096841E-12
AR GRAD 2024 06 25 01 52  0.000000 2  -5.069543309449E-12  1.287874494549E-11
AR GRAD 2024 06 25 01 52 10.000000 2  -5.626201327741E-12  1.667198063632E-12
AR GRAD 2024 06 25 01 52 20.000000 2  -3.839622630258E-12  1.457564798024E-11
AR GRAD 2024 06 25 01 52 30.000000 2  -5.434700432738E-12  2.244409866292E-11
AR GRAD 2024 06 25 01 52 40.000000 2  -7.588509681744E-12  1.170254605026E-11
AR GRAD 2024 06 25 01 52 50.000000 2  -6.239152857551E-12  1.950989717003E-12
AR GRAD 2024 06 25 01 53  0.000000 2  -8.061895769018E-12  1.327943310869E-11
AR GRAD 2024 06 25 01 53 10.000000 2  -6.999175978378E-12  9.137873617504E-12
AR GRAD 2024 06 25 01 53 20.000000 2  -8.696969359956E-12  2.546310384766E-12
AR GRAD 2024 06 25 01 53 30.000000 2  -8.572150801689E-12  6.104746048952E-12
AR GRAD 2024 06 25 01 53 40.000000 2  -7.190182477190E-12 -3.786821550777E-12
AR GRAD 2024 06 25 01 53 50.000000 2  -9.839832074143E-12  4.771610623983E-12
AR GRAD 2024 06 25 01 54  0.000000 2  -8.080277766331E-12  8.420038971613E-12
AR GRAD 2024 06 25 01 54 10.000000 2  -1.189989252970E-11  1.398846750239E-11
AR GRAD 2024 06 25 01 54 20.000000 2  -6.443337183248E-12 -1.863111878317E-12
AR GRAD 2024 06 25 01 54 30.000000 2  -1.112660224373E-11  1.921530989879E-11
AR GRAD 2024 06 25 01 54 40.000000 2  -9.221835101103E-12 -8.276268559371E-12
AR GRAD 2024 06 25 01 54 50.000000 2  -1.143419473687E-11  6.102149601589E-12
AR GRAD 2024 06 25 01 55  0.000000 2  -8.255966223170E-12  9.705635817606E-13
AR GRAD 2024 06 25 01 55 10.000000 2  -1.077214359380E-11 -5.021023093826E-12
AR GRAD 2024 06 25 01 55 20.000000 2  -1.085536521783E-11  1.520738743266E-11
AR GRAD 2024 06 25 01 55 30.000000 2  -8.866085816905E-12  4.857958111303E-13
AR GRAD 2024 06 25 01 55 40.000000 2  -8.233732272378E-12  2.242012727815E-13
AR GRAD 2024 06 25 01 55 50.000000 2  -1.353666050780E-11 -8.067393975075E-12
AR GRAD 2024 06 25 01 56  0.000000 2  -1.046867714044E-11  1.738100809112E-11
AR GRAD 2024 06 25 01 56 10.000000 2  -7.990237811673E-12  6.129406010524E-12
AR GRAD 2024 06 25 01 56 20.000000 2  -1.259717850866E-11 -8.512194421550E-12
AR GRAD 2024 06 25 01 56 30.000000 2  -6.042753103452E-12 -1.037379990937E-11
AR GRAD 2024 06 25 01 56 40.000000 2  -9.318300471517E-12 -1.937540752839E-11
AR GRAD 2024 06 25 01 56 50.000000 2  -1.235140809075E-11  1.092298213684E-11
AR GRAD 2024 06 25 01 57  0.000000 2  -1.236357804330E-11  1.678137143135E-11
AR GRAD 2024 06 25 01 57 10.000000 2  -1.073387299183E-11 -9.050242326392E-12
AR GRAD 2024 06 25 01 57 20.000000 2  -1.015474943716E-11 -1.123186092744E-11
AR GRAD 2024 06 25 01 57 30.000000 2  -1.005613561172E-11 -3.163477943144E-12
AR GRAD 2024 06 25 01 57 40.000000 2  -1.084851132538E-11  3.834900712957E-12
AR GRAD 2024 06 25 01 57 50.000000 2  -9.894912146591E-12 -2.043672522878E-11
AR GRAD 2024 06 25 01 58  0.000000 2  -1.147162746740E-11  2.381650432426E-12
AR GRAD 2024 06 25 01 58 10.000000 2  -7.327309765881E-12  2.562933101212E-17
AR GRAD 2024 06 25 01 58 20.000000 2  -1.269803272946E-11 -2.494160780686E-11
AR GRAD 2024 06 25 01 58 30.000000 2  -7.040394309210E-12  1.891676051913E-11
AR GRAD 2024 06 25 01 58 40.000000 2  -8.334906549667E-12 -1.021487495284E-11
AR GRAD 2024 06 25 01 58 50.000000 2  -9.347982457553E-12 -4.126511198715E-12
AR GRAD 2024 06 25 01 59  0.000000 2  -9.429368744152E-12 -1.348814723107E-11
AR GRAD 2024 06 25 01 59 10.000000 2  -9.755953857271E-12 -6.219789440431E-12
AR GRAD 2024 06 25 01 59 20.000000 2  -9.392014076182E-12  6.008566474230E-12
AR GRAD 2024 06 25 01 59 30.000000 2  -1.203693134749E-11 -7.963078113571E-12
AR GRAD 2024 06 25 01 59 40.000000 2  -1.265929375216E-11 -5.364726458207E-12
AR GRAD 2024 06 25 01 59 50.000000 2  -1.036393280224E-11 -8.656380300065E-12
AR GRAD 2024 06 25 02 00  0.000000 2  -1.106624080566E-11 -8.308033080939E-12
AR GRAD 2024 06 25 02 00 10.000000 2  -8.700967897568E-12 -8.769686365984E-12
AR GRAD 2024 06 25 02 00 20.000000 2  -1.188783099737E-11 -9.531343596325E-12
AR GRAD 2024 06 25 02 00 30.000000 2  -9.061368842767E-12 -2.309300493886E-11
AR GRAD 2024 06 25 02 00 40.000000 2  -8.925226877010E-12 -1.446644453534E-13
AR GRAD 2024 06 25 02 00 50.000000 2  -8.883965611772E-12 -1.527632707832E-11
AR GRAD 2024 06 25 02 01  0.000000 2  -1.105653589517E-11 -1.098799523591E-11
AR GRAD 2024 06 25 02 01 10.000000 2  -9.625389894852E-12 -1.102966242644E-11
AR GRAD 2024 06 25 02 01 20.000000 2  -7.498435032616E-12 -5.941331194387E-12
AR GRAD 2024 06 25 02 01 30.000000 2  -9.592883778997E-12 -3.713007765832E-12
AR GRAD 2024 06 25 02 01 40.000000 2  -1.082547766706E-11 -1.557468043423E-11
AR GRAD 2024 06 25 02 01 50.000000 2  -8.227287774665E-12 -2.436635788972E-11
AR GRAD 2024 06 25 02 02  0.000000 2  -1.292107393303E-11 -1.026803555376E-11
AR GRAD 2024 06 25 02 02 10.000000 2  -8.499781607718E-12 -1.252971944948E-11
AR GRAD 2024 06 25 02 02 20.000000 2  -9.597283905094E-12 -9.371402959202E-12
AR GRAD 2024 06 25 02 02 30.000000 2  -1.239320972235E-11 -1.421309077376E-11
AR GRAD 2024 06 25 02 02 40.000000 2  -1.183384033127E-11 -2.029478148036E-11
AR GRAD 2024 06 25 02 02 50.000000 2  -1.044330680960E-11 -1.173647116992E-11
AR GRAD 2024 06 25 02 03  0.000000 2  -7.753454128734E-12 -2.046816535706E-11
AR GRAD 2024 06 25 02 03 10.000000 2  -7.949810948427E-12 -1.710986040349E-11
AR GRAD 2024 06 25 02 03 20.000000 2  -1.127764635150E-11 -1.028155772326E-11
AR GRAD 2024 06 25 02 03 30.000000 2  -7.099261283006E-12 -1.569325572270E-11
AR GRAD 2024 06 25 02 03 40.000000 2  -8.667711513810E-12 -3.296495715288E-11
AR GRAD 2024 06 25 02 03 50.000000 2  -1.226458951759E-11 -1.970666685391E-11
AR GRAD 2024 06 25 02 04  0.000000 2  -1.292419209847E-11 -8.798371753382E-12
AR GRAD 2024 06 25 02 04 10.000000 2  -8.069754066364E-12 -1.825008026646E-11
AR GRAD 2024 06 25 02 04 20.000000 2  -9.103541705191E-12 -1.256178928238E-11
AR GRAD 2024 06 25 02 04 30.000000 2  -9.243373427781E-12 -1.764350471278E-11
AR GRAD 2024 06 25 02 04 40.000000 2  -1.080925106367E-11 -1.630522279694E-11
AR GRAD 2024 06 25 02 04 50.000000 2  -9.754984146848E-12 -1.233693962960E-11
AR GRAD 2024 06 25 02 05  0.000000 2  -9.403476261549E-12 -8.418657264364E-12
AR GRAD 2024 06 25 02 05 10.000000 2  -5.450888004854E-12 -2.117038488958E-11
AR GRAD 2024 06 25 02 05 20.000000 2  -1.022666239886E-11 -2.867210809054E-11
AR GRAD 2024 06 25 02 05 30.000000 2  -9.155442896869E-12 -1.681383157703E-11
AR GRAD 2024 06 25 02 05 40.000000 2  -7.925143180598E-12 -1.177556489818E-11
AR GRAD 2024 06 25 02 05 50.000000 2  -9.821187266223E-12 -2.783729843858E-11
AR GRAD 2024 06 25 02 06  0.000000 2  -5.545479440233E-12 -2.894902893791E-11
AR GRAD 2024 06 25 02 06 10.000000 2  -8.332264565813E-12 -2.761076263458E-11
AR GRAD 2024 06 25 02 06 20.000000 2  -9.209340755267E-12 -1.186250316726E-11
AR GRAD 2024 06 25 02 06 30.000000 2  -8.862172280744E-12 -1.929424502112E-11
AR GRAD 2024 06 25 02 06 40.000000 2  -1.084487187553E-11 -1.506598665268E-11
AR GRAD 2024 06 25 02 06 50.000000 2  -7.299601027799E-12 -8.027732124882E-12
AR GRAD 2024 06 25 02 07  0.000000 2  -7.004422215851E-12 -2.937947801707E-11
AR GRAD 2024 06 25 02 07 10.000000 2  -7.169799042667E-12 -2.365123201453E-11
AR GRAD 2024 06 25 02 07 20.000000 2  -5.580369933506E-12 -1.966298304734E-11
AR GRAD 2024 06 25 02 07 30.000000 2  -5.849837975136E-12 -2.793473612150E-11
AR GRAD 2024 06 25 02 07 40.000000 2  -1.025571901708E-11 -2.537649430867E-11
AR GRAD 2024 06 25 02 07 50.000000 2  -5.612934596277E-12 -1.888825207352E-11
AR GRAD 2024 06 25 02 08  0.000000 2  -5.581644521579E-12 -1.879001468308E-11
AR GRAD 2024 06 25 02 08 10.000000 2  -8.009724827840E-12 -2.698177965776E-11
AR GRAD 2024 06 25 02 08 20.000000 2  -4.392289917193E-12 -2.690354189427E-11
AR GRAD 2024 06 25 02 08 30.000000 2  -8.053605525526E-12 -2.950531138857E-11
AR GRAD 2024 06 25 02 08 40.000000 2  -2.968434092282E-12 -1.119707885439E-11
AR GRAD 2024 06 25 02 08 50.000000 2  -5.893281956187E-12 -1.389884995290E-11
AR GRAD 2024 06 25 02 09  0.000000 2  -5.298326447717E-12 -3.869062709105E-11
AR GRAD 2024 06 25 02 09 10.000000 2  -4.746405091877E-12 -1.029240234707E-11
AR GRAD 2024 06 25 02 09 20.000000 2  -4.727624975526E-12 -1.887418173141E-11
AR GRAD 2024 06 25 02 09 30.000000 2  -4.539551026750E-12 -3.494596625964E-11
AR GRAD 2024 06 25 02 09 40.000000 2  -6.486062555100E-12 -1.748774736132E-11
AR GRAD 2024 06 25 02 09 50.000000 2  -3.806822478775E-12 -2.699953455254E-11
AR GRAD 2024 06 25 02 10  0.000000 2  -2.910228264971E-12 -2.036132026872E-11
AR GRAD 2024 06 25 02 10 10.000000 2  -6.033071178052E-12 -1.022311228727E-11
AR GRAD 2024 06 25 02 10 20.000000 2  -6.964953787325E-12 -1.596490301070E-11
AR GRAD 2024 06 25 02 10 30.000000 2  -2.932036991671E-12 -2.772669940865E-11
AR GRAD 2024 06 25 02 10 40.000000 2  -3.039366067853E-12 -3.053849881307E-11
AR GRAD 2024 06 25 02 10 50.000000 2  -1.659043236991E-12 -1.805029736790E-11
AR GRAD 2024 06 25 02 11  0.000000 2  -4.745562883629E-12 -2.476210209101E-11
AR GRAD 2024 06 25 02 11 10.000000 2  -3.243260911570E-12 -3.448390184513E-11
AR GRAD 2024 06 25 02 11 20.000000 2  -3.955265802380E-12 -1.912570796181E-11
AR GRAD 2024 06 25 02 11 30.000000 2  -4.209643484493E-12 -1.469751577388E-11
AR GRAD 2024 06 25 02 11 40.000000 2  -1.245319602647E-12 -2.073933039193E-11
AR GRAD 2024 06 25 02 11 50.000000 2  -5.011263973231E-12 -3.060113967779E-11
AR GRAD 2024 06 25 02 12  0.000000 2  -3.547136542825E-12 -2.306295605881E-11
AR GRAD 2024 06 25 02 12 10.000000 2   1.687262634296E-12 -1.720477579847E-11
AR GRAD 2024 06 25 02 12 20.000000 2  -3.972048384648E-12 -1.849659661546E-11
AR GRAD 2024 06 25 02 12 30.000000 2  -2.588465032594E-12 -2.693841677504E-11
AR GRAD 2024 06 25 02 12 40.000000 2  -1.437098703927E-12 -3.610024085221E-11
AR GRAD 2024 06 25 02 12 50.000000 2  -1.174022576204E-12 -9.532066108653E-12
AR GRAD 2024 06 25 02 13  0.000000 2  -5.451517709476E-12 -3.074389354207E-11
AR GRAD 2024 06 25 02 13 10.000000 2  -2.069146937123E-12 -1.354572790740E-11
AR GRAD 2024 06 25 02 13 20.000000 2   1.252914222025E-12 -3.165755851908E-11
AR GRAD 2024 06 25 02 13 30.000000 2  -1.431315244278E-12 -1.153939530735E-11
AR GRAD 2024 06 25 02 13 40.000000 2   2.157708473699E-12 -1.672123377261E-11
AR GRAD 2024 06 25 02 13 50.000000 2   8.657734495683E-14 -3.267307258081E-11
AR GRAD 2024 06 25 02 14  0.000000 2  -3.191757838930E-12 -2.035491393493E-11
AR GRAD 2024 06 25 02 14 10.000000 2  -3.902093925756E-12 -2.143675861821E-11
AR GRAD 2024 06 25 02 14 20.000000 2   1.509098184957E-12 -2.927860731639E-11
AR GRAD 2024 06 25 02 14 30.000000 2  -2.504629316447E-12 -1.897045714960E-11
AR GRAD 2024 06 25 02 14 40.000000 2  -1.566004135178E-13 -2.169230767235E-11
AR GRAD 2024 06 25 02 14 50.000000 2   2.460803696230E-12 -1.946416118559E-11
AR GRAD 2024 06 25 02 15  0.000000 2  -1.964935592708E-12 -2.045601882328E-11
AR GRAD 2024 06 25 02 15 10.000000 2   2.178310049700E-12 -2.091787680569E-11
AR GRAD 2024 06 25 02 15 20.000000 2  -7.557188924125E-13 -2.195973958230E-11
AR GRAD 2024 06 25 02 15 30.000000 2   2.464779248756E-12 -3.620160074491E-11
AR GRAD 2024 06 25 02 15 40.000000 2  -1.819289510707E-12 -2.577346669419E-11
AR GRAD 2024 06 25 02 15 50.000000 2   6.388675395999E-13 -1.930533337358E-11
AR GRAD 2024 06 25 02 16  0.000000 2   1.191899552146E-12 -2.044720295857E-11
AR GRAD 2024 06 25 02 16 10.000000 2   9.415146613734E-13 -2.975907367753E-11
AR GRAD 2024 06 25 02 16 20.000000 2   7.441799455311E-13 -1.517094783132E-11
AR GRAD 2024 06 25 02 16 30.000000 2   5.075796011798E-13 -3.364281769835E-11
AR GRAD 2024 06 25 02 16 40.000000 2   2.431246827125E-12 -8.594701339515E-12
AR GRAD 2024 06 25 02 16 50.000000 2   1.500857489505E-12 -2.152658259980E-11
AR GRAD 2024 06 25 02 17  0.000000 2   2.387627205322E-12 -2.906846638395E-11
AR GRAD 2024 06 25 02 17 10.000000 2  -2.081745583207E-12 -2.348034960908E-11
AR GRAD 2024 06 25 02 17 20.000000 2  -4.105203590260E-13 -1.225223828644E-11
AR GRAD 2024 06 25 02 17 30.000000 2   2.187734802345E-12 -1.882413148968E-11
AR GRAD 2024 06 25 02 17 40.000000 2   1.319231399469E-12 -1.864601702206E-11
AR GRAD 2024 06 25 02 17 50.000000 2   1.320854016440E-12 -1.971791653566E-11
AR GRAD 2024 06 25 02 18  0.000000 2   2.658932319113E-12 -3.109981369653E-11
AR GRAD 2024 06 25 02 18 10.000000 2   5.535841316601E-12 -1.835171077602E-11
AR GRAD 2024 06 25 02 18 20.000000 2  -2.399031060613E-12 -1.846361431801E-11
AR GRAD 2024 06 25 02 18 30.000000 2   5.588723494404E-12 -2.828551455558E-11
AR GRAD 2024 06 25 02 18 40.000000 2   2.175356682982E-12 -1.916742112251E-11
AR GRAD 2024 06 25 02 18 50.000000 2  -7.761794679206E-13 -1.310932959409E-11
AR GRAD 2024 06 25 02 19  0.000000 2   2.219839763395E-12 -1.767124294116E-11
AR GRAD 2024 06 25 02 19 10.000000 2   3.598207669320E-12 -1.990315204314E-11
AR GRAD 2024 06 25 02 19 20.000000 2   1.381617585096E-12 -1.888506885594E-11
AR GRAD 2024 06 25 02 19 30.000000 2   5.710351028837E-12 -2.198698341449E-11
AR GRAD 2024 06 25 02 19 40.000000 2   1.686970983912E-12 -1.408890192012E-11
AR GRAD 2024 06 25 02 19 50.000000 2   1.251666413744E-12 -2.127082537884E-11
AR GRAD 2024 06 25 02 20  0.000000 2   2.907797050020E-12 -1.306274879931E-11
AR GRAD 2024 06 25 02 20 10.000000 2   3.902378854087E-12 -1.253467642182E-11
AR GRAD 2024 06 25 02 20 20.000000 2   6.351567492444E-13 -1.385660336473E-11
AR GRAD 2024 06 25 02 20 30.000000 2   7.567884686976E-12 -1.924853332280E-11
AR GRAD 2024 06 25 02 20 40.000000 2   3.845882379921E-12 -1.743046852687E-11
AR GRAD 2024 06 25 02 20 50.000000 2   4.948189427645E-12 -2.456240245918E-11
AR GRAD 2024 06 25 02 21  0.000000 2   5.403345739591E-12 -4.614338425246E-12
AR GRAD 2024 06 25 02 21 10.000000 2   1.420083451872E-12 -2.396276319733E-12
AR GRAD 2024 06 25 02 21 20.000000 2   4.920882711729E-12 -2.839822474399E-11
AR GRAD 2024 06 25 02 21 30.000000 2   4.978820307422E-12 -4.380162465373E-12
AR GRAD 2024 06 25 02 21 40.000000 2   8.284050528884E-12 -2.897210943376E-11
AR GRAD 2024 06 25 02 21 50.000000 2   7.351472729178E-12 -2.401405983787E-11
AR GRAD 2024 06 25 02 22  0.000000 2   6.390973687764E-12  3.983989353695E-12
AR GRAD 2024 06 25 02 22 10.000000 2   8.531078621310E-12 -2.367961512637E-12
AR GRAD 2024 06 25 02 22 20.000000 2   2.353561573062E-12 -1.167991831724E-11
AR GRAD 2024 06 25 02 22 30.000000 2   8.877897549053E-12 -1.701187628267E-11
AR GRAD 2024 06 25 02 22 40.000000 2   7.818503656998E-12 -1.978383429302E-11
AR GRAD 2024 06 25 02 22 50.000000 2   5.309237424700E-12 -1.372579654102E-11
AR GRAD 2024 06 25 02 23  0.000000 2   3.978426095508E-12 -9.527762259709E-12
AR GRAD 2024 06 25 02 23 10.000000 2   6.520169387042E-12 -1.203972858910E-11
AR GRAD 2024 06 25 02 23 20.000000 2   5.640195342022E-12 -3.341696494172E-12
AR GRAD 2024 06 25 02 23 30.000000 2   6.425943110955E-12 -8.043668162094E-12
AR GRAD 2024 06 25 02 23 40.000000 2   1.502283106941E-12  4.934356308967E-12
AR GRAD 2024 06 25 02 23 50.000000 2   7.559559749015E-12 -3.180761903865E-11
AR GRAD 2024 06 25 02 24  0.000000 2   5.468728334762E-12 -4.399595271432E-12
AR GRAD 2024 06 25 02 24 10.000000 2   6.413831271646E-12  5.158421866741E-12
AR GRAD 2024 06 25 02 24 20.000000 2   8.487997631146E-12 -3.691355554558E-11
AR GRAD 2024 06 25 02 24 30.000000 2   6.331828724532E-12  3.314454613546E-12
AR GRAD 2024 06 25 02 24 40.000000 2   5.455349279954E-12 -1.098753206474E-11
AR GRAD 2024 06 25 02 24 50.000000 2   1.145761870797E-11 -4.859521639256E-12
AR GRAD 2024 06 25 02 25  0.000000 2   4.529910734713E-12 -7.911513458247E-12
AR GRAD 2024 06 25 02 25 10.000000 2   4.099273004377E-12 -1.060350592053E-11
AR GRAD 2024 06 25 02 25 20.000000 2   8.031823470200E-12  1.655449735627E-11
AR GRAD 2024 06 25 02 25 30.000000 2   6.110013536786E-12 -2.881750393868E-11
AR GRAD 2024 06 25 02 25 40.000000 2   6.576745224807E-12  7.740500081177E-12
AR GRAD 2024 06 25 02 25 50.000000 2   5.491307929206E-12 -8.251503647028E-12
AR GRAD 2024 06 25 02 26  0.000000 2   9.700175558625E-12 -1.181351110685E-11
AR GRAD 2024 06 25 02 26 10.000000 2   7.508108718079E-12 -2.625515039753E-12
AR GRAD 2024 06 25 02 26 20.000000 2   7.159757162145E-12 -7.527526345308E-12
AR GRAD 2024 06 25 02 26 30.000000 2   8.861824468687E-12 -6.899538666089E-12
AR GRAD 2024 06 25 02 26 40.000000 2   6.480975478507E-12 -9.271553143286E-12
AR GRAD 2024 06 25 02 26 50.000000 2   7.545328077618E-12  7.336432676641E-12
AR GRAD 2024 06 25 02 27  0.000000 2   9.043424863131E-12 -3.885589766606E-12
AR GRAD 2024 06 25 02 27 10.000000 2   7.709870936123E-12 -7.537605956065E-12
AR GRAD 2024 06 25 02 27 20.000000 2   1.057482226785E-11  9.860367730652E-12
AR GRAD 2024 06 25 02 27 30.000000 2   8.198978822260E-12 -6.981655271271E-12
AR GRAD 2024 06 25 02 27 40.000000 2   8.479764633529E-12 -1.043684995199E-12
AR GRAD 2024 06 25 02 27 50.000000 2   1.292498920391E-11  1.126428637865E-11
AR GRAD 2024 06 25 02 28  0.000000 2   9.462211396360E-12  9.582253393536E-12
AR GRAD 2024 06 25 02 28 10.000000 2   6.239520618928E-12 -1.045978408054E-11
AR GRAD 2024 06 25 02 28 20.000000 2   9.549533906694E-12  8.981827326164E-13
AR GRAD 2024 06 25 02 28 30.000000 2   9.910551546088E-12  6.776140846348E-12
AR GRAD 2024 06 25 02 28 40.000000 2   9.207269495437E-12  9.041014464861E-13
AR GRAD 2024 06 25 02 28 50.000000 2   1.027291099409E-11  1.152058266493E-12
AR GRAD 2024 06 25 02 29  0.000000 2   8.041988082408E-12  3.010013028756E-12
AR GRAD 2024 06 25 02 29 10.000000 2   7.935383253277E-12 -2.842035417769E-12
AR GRAD 2024 06 25 02 29 20.000000 2   1.016652474012E-11  1.085591512517E-11
AR GRAD 2024 06 25 02 29 30.000000 2   8.384746889856E-12  5.353859716672E-12
AR GRAD 2024 06 25 02 29 40.000000 2   8.877214068004E-12 -8.108191201783E-12
AR GRAD 2024 06 25 02 29 50.000000 2   7.774093868651E-12  1.009974742727E-11
AR GRAD 2024 06 25 02 30  0.000000 2   9.008672280375E-12  1.303769071870E-11
AR GRAD 2024 06 25 02 30 10.000000 2   1.272024499621E-11  7.575629359935E-12
AR GRAD 2024 06 25 02 30 20.000000 2   7.712271793414E-12  6.093563154064E-12
AR GRAD 2024 06 25 02 30 30.000000 2   7.439274023191E-12 -1.688501660539E-12
AR GRAD 2024 06 25 02 30 40.000000 2   1.002936449168E-11  7.059430297274E-12
AR GRAD 2024 06 25 02 30 50.000000 2   9.811975017204E-12  1.487735629135E-11
AR GRAD 2024 06 25 02 31  0.000000 2   1.007252788121E-11  1.295286035548E-12
AR GRAD 2024 06 25 02 31 10.000000 2   1.207955957483E-11  1.237321096276E-11
AR GRAD 2024 06 25 02 31 20.000000 2   8.232360973470E-12  2.599113459179E-11
AR GRAD 2024 06 25 02 31 30.000000 2   9.698703645755E-12  1.418905444528E-11
AR GRAD 2024 06 25 02 31 40.000000 2   1.223831626318E-11  4.576972481574E-12
AR GRAD 2024 06 25 02 31 50.000000 2   1.230474229452E-11  1.870488833267E-11
AR GRAD 2024 06 25 02 32  0.000000 2   1.148372542892E-11  1.172802848760E-12
AR GRAD 2024 06 25 02 32 10.000000 2   9.531949882180E-12  2.164071179200E-11
AR GRAD 2024 06 25 02 32 20.000000 2   9.205565996984E-12  1.378621500812E-12
AR GRAD 2024 06 25 02 32 30.000000 2   1.305947017194E-11  1.052652756628E-11
AR GRAD 2024 06 25 02 32 40.000000 2   1.057726215642E-11  1.925443311734E-11
AR GRAD 2024 06 25 02 32 50.000000 2   1.230092677024E-11  2.801233203731E-11
AR GRAD 2024 06 25 02 33  0.000000 2   1.016196588682E-11  1.413023430902E-11
AR GRAD 2024 06 25 02 33 10.000000 2   1.227377661311E-11  8.368134310488E-12
AR GRAD 2024 06 25 02 33 20.000000 2   1.214495778251E-11  2.144602724574E-11
AR GRAD 2024 06 25 02 33 30.000000 2   1.161283395834E-11  9.003921740136E-12
AR GRAD 2024 06 25 02 33 40.000000 2   1.103943065434E-11  1.213181031329E-11
AR GRAD 2024 06 25 02 33 50.000000 2   1.445641176212E-11  2.178970198718E-11
AR GRAD 2024 06 25 02 34  0.000000 2   1.127986939964E-11  1.894758655530E-11
AR GRAD 2024 06 25 02 34 10.000000 2   1.148768753734E-11  2.363547031703E-11
AR GRAD 2024 06 25 02 34 20.000000 2   1.329896436031E-11  5.913351405762E-12
AR GRAD 2024 06 25 02 34 30.000000 2   1.241204968666E-11  8.561234186855E-12
AR GRAD 2024 06 25 02 34 40.000000 2   1.154635501793E-11  1.734911173057E-11
AR GRAD 2024 06 25 02 34 50.000000 2   1.784702073626E-11  1.788698356098E-11
AR GRAD 2024 06 25 02 35  0.000000 2   1.304438761868E-11  1.594486001566E-11
AR GRAD 2024 06 25 02 35 10.000000 2   1.265725805416E-11  1.435272733996E-11
AR GRAD 2024 06 25 02 35 20.000000 2   1.308236852182E-11  2.118059894141E-11
AR GRAD 2024 06 25 02 35 30.000000 2   1.111364646145E-11  6.108462693999E-12
AR GRAD 2024 06 25 02 35 40.000000 2   1.291353829425E-11  9.636327326368E-12
AR GRAD 2024 06 25 02 35 50.000000 2   1.427001832671E-11 -3.125809723906E-12
AR GRAD 2024 06 25 02 36  0.000000 2   1.088513654213E-11  2.772204861501E-11
AR GRAD 2024 06 25 02 36 10.000000 2   1.486892553526E-11  1.611990402273E-11
AR GRAD 2024 06 25 02 36 20.000000 2   1.377885999743E-11  2.693775931484E-11
AR GRAD 2024 06 25 02 36 30.000000 2   1.301163950890E-11  1.535561088006E-11
AR GRAD 2024 06 25 02 36 40.000000 2   1.513004999065E-11  1.367346340320E-11
AR GRAD 2024 06 25 02 36 50.000000 2   1.230232755944E-11  2.184130827587E-11
AR GRAD 2024 06 25 02 37  0.000000 2   1.553117356945E-11  1.075915658649E-11
AR GRAD 2024 06 25 02 37 10.000000 2   1.470964322570E-11  1.229699935629E-11
AR GRAD 2024 06 25 02 37 20.000000 2   1.505568239524E-11  2.557484085619E-11
AR GRAD 2024 06 25 02 37 30.000000 2   1.546699400501E-11  1.109267972615E-11
AR GRAD 2024 06 25 02 37 40.000000 2   1.390600655460E-11  1.655051616589E-11
AR GRAD 2024 06 25 02 37 50.000000 2   1.367259604146E-11  2.239835053541E-11
AR GRAD 2024 06 25 02 38  0.000000 2   1.317996406458E-11  1.469618350625E-11
AR GRAD 2024 06 25 02 38 10.000000 2   1.616990916165E-11  9.824013130766E-12
AR GRAD 2024 06 25 02 38 20.000000 2   1.743789661279E-11  2.597184099729E-11
AR GRAD 2024 06 25 02 38 30.000000 2   1.445881869094E-11  2.049966620066E-11
AR GRAD 2024 06 25 02 38 40.000000 2   1.598461640828E-11  2.414748956348E-11
AR GRAD 2024 06 25 02 38 50.000000 2   1.732315853264E-11  2.039530870579E-11
AR GRAD 2024 06 25 02 39  0.000000 2   1.677690104895E-11  1.511312949787E-11
AR GRAD 2024 06 25 02 39 10.000000 2   1.554359592426E-11  1.936094513877E-11
AR GRAD 2024 06 25 02 39 20.000000 2   1.374345602601E-11  1.956875980702E-11
AR GRAD 2024 06 25 02 39 30.000000 2   1.507626662400E-11  2.004657030652E-11
AR GRAD 2024 06 25 02 39 40.000000 2   1.467592193605E-11  1.697437850001E-11
AR GRAD 2024 06 25 02 39 50.000000 2   1.556879972164E-11  2.580218677606E-11
AR GRAD 2024 06 25 02 40  0.000000 2   1.453259387829E-11  1.394999567250E-11
AR GRAD 2024 06 25 02 40 10.000000 2   1.765572930912E-11  2.588779364487E-11
AR GRAD 2024 06 25 02 40 20.000000 2   1.861298615236E-11  2.154559516909E-11
AR GRAD 2024 06 25 02 40 30.000000 2   1.885018183212E-11  2.147339597802E-11
AR GRAD 2024 06 25 02 40 40.000000 2   1.735247362467E-11  3.178119226122E-11
AR GRAD 2024 06 25 02 40 50.000000 2   1.474062538698E-11  2.281898281442E-11
AR GRAD 2024 06 25 02 41  0.000000 2   1.649429551276E-11  1.993677445356E-11
AR GRAD 2024 06 25 02 41 10.000000 2   1.667091638347E-11  1.018456499691E-11
AR GRAD 2024 06 25 02 41 20.000000 2   1.509485592077E-11  4.017235502585E-11
AR GRAD 2024 06 25 02 41 30.000000 2   1.753123687886E-11  2.015013676748E-11
AR GRAD 2024 06 25 02 41 40.000000 2   1.724437086181E-11  2.262791863605E-11
AR GRAD 2024 06 25 02 41 50.000000 2   1.641601785063E-11  1.681569813949E-11
AR GRAD 2024 06 25 02 42  0.000000 2   1.775116165170E-11  2.916347718873E-11
AR GRAD 2024 06 25 02 42 10.000000 2   1.553642457741E-11  2.734125252590E-11
AR GRAD 2024 06 25 02 42 20.000000 2   1.979443692290E-11  3.205902557313E-11
AR GRAD 2024 06 25 02 42 30.000000 2   1.966122056829E-11  2.160679621332E-11
AR GRAD 2024 06 25 02 42 40.000000 2   1.729930261540E-11  2.342456437154E-11
AR GRAD 2024 06 25 02 42 50.000000 2   1.768606268382E-11  2.188233448608E-11
AR GRAD 2024 06 25 02 43  0.000000 2   2.001149246311E-11  3.590009539645E-11
AR GRAD 2024 06 25 02 43 10.000000 2   1.971429269831E-11  2.511785918147E-11
AR GRAD 2024 06 25 02 43 20.000000 2   1.875597593903E-11  2.776561792983E-11
AR GRAD 2024 06 25 02 43 30.000000 2   2.007137858695E-11  2.019337648484E-11
AR GRAD 2024 06 25 02 43 40.000000 2   1.706146161851E-11  3.110113208638E-11
AR GRAD 2024 06 25 02 43 50.000000 2   1.804860254306E-11  3.473888537942E-11
AR GRAD 2024 06 25 02 44  0.000000 2   2.071239707524E-11  2.875663596136E-11
AR GRAD 2024 06 25 02 44 10.000000 2   1.408758439764E-11  1.854438477777E-11
AR GRAD 2024 06 25 02 44 20.000000 2   2.159525683276E-11  3.657213074049E-11
AR GRAD 2024 06 25 02 44 30.000000 2   2.132930290721E-11  3.293987652087E-11
AR GRAD 2024 06 25 02 44 40.000000 2   1.673218161247E-11  3.527761763267E-11
AR GRAD 2024 06 25 02 44 50.000000 2   2.144144237159E-11  2.669535599520E-11
AR GRAD 2024 06 25 02 45  0.000000 2   1.887188842697E-11  4.065309200385E-11
AR GRAD 2024 06 25 02 45 10.000000 2   2.169014794162E-11  8.030830341010E-12
AR GRAD 2024 06 25 02 45 20.000000 2   1.871563841405E-11  4.484856236386E-11
AR GRAD 2024 06 25 02 45 30.000000 2   1.919245318227E-11  3.135629256246E-11
AR GRAD 2024 06 25 02 45 40.000000 2   2.060908214918E-11  2.779402055730E-11
AR GRAD 2024 06 25 02 45 50.000000 2   1.990739344204E-11  2.711174340586E-11
AR GRAD 2024 06 25 02 46  0.000000 2   2.170273509516E-11  4.452947385825E-11
AR GRAD 2024 06 25 02 46 10.000000 2   1.870980627372E-11  2.829719097930E-11
AR GRAD 2024 06 25 02 46 20.000000 2   2.285753530895E-11  3.413491017623E-11
AR GRAD 2024 06 25 02 46 30.000000 2   1.826799995996E-11  2.755262511200E-11
AR GRAD 2024 06 25 02 46 40.000000 2   1.991602022189E-11  4.186034158193E-11
AR GRAD 2024 06 25 02 46 50.000000 2   1.986901788931E-11  2.048805222699E-11
AR GRAD 2024 06 25 02 47  0.000000 2   2.187225227324E-11  4.052576677016E-11
AR GRAD 2024 06 25 02 47 10.000000 2   2.027252671288E-11  3.064347040005E-11
AR GRAD 2024 06 25 02 47 20.000000 2   2.243387420275E-11  2.482117983371E-11
AR GRAD 2024 06 25 02 47 30.000000 2   1.949706542048E-11  3.850888011248E-11
AR GRAD 2024 06 25 02 47 40.000000 2   1.988427998645E-11  4.505658346421E-11
AR GRAD 2024 06 25 02 47 50.000000 2   2.247818424450E-11  3.917428187394E-11
AR GRAD 2024 06 25 02 48  0.000000 2   2.188888480192E-11  2.651197664183E-11
AR GRAD 2024 06 25 02 48 10.000000 2   1.987969337758E-11  4.963967431548E-11
AR GRAD 2024 06 25 02 48 20.000000 2   1.943234288759E-11  3.156736330667E-11
AR GRAD 2024 06 25 02 48 30.000000 2   1.997056860159E-11  3.863505348978E-11
AR GRAD 2024 06 25 02 48 40.000000 2   2.201640432464E-11  4.095274119820E-11
AR GRAD 2024 06 25 02 48 50.000000 2   2.471602436604E-11  4.245042858897E-11
AR GRAD 2024 06 25 02 49  0.000000 2   2.077818125890E-11  2.630810846949E-11
AR GRAD 2024 06 25 02 49 10.000000 2   1.991639492216E-11  3.454579330930E-11
AR GRAD 2024 06 25 02 49 20.000000 2   2.082892712474E-11  3.211347160414E-11
AR GRAD 2024 06 25 02 49 30.000000 2   2.267069171280E-11  3.320114669303E-11
AR GRAD 2024 06 25 02 49 40.000000 2   2.044452628025E-11  4.405882256253E-11
AR GRAD 2024 06 25 02 49 50.000000 2   1.965780663249E-11  4.299649178363E-11
AR GRAD 2024 06 25 02 50  0.000000 2   2.051854346152E-11  2.501415914680E-11
AR GRAD 2024 06 25 02 50 10.000000 2   1.783797241861E-11  4.304182704695E-11
AR GRAD 2024 06 25 02 50 20.000000 2   2.307548076230E-11  2.948949417991E-11
AR GRAD 2024 06 25 02 50 30.000000 2   2.636287715907E-11  3.685715621593E-11
AR GRAD 2024 06 25 02 50 40.000000 2   1.979128666507E-11  4.864481387146E-11
AR GRAD 2024 06 25 02 50 50.000000 2   2.344682087374E-11  4.371247461221E-11
AR GRAD 2024 06 25 02 51  0.000000 2   2.232091247945E-11  2.924013114969E-11
AR GRAD 2024 06 25 02 51 10.000000 2   2.215832899111E-11  3.512778262715E-11
AR GRAD 2024 06 25 02 51 20.000000 2   2.099140132550E-11  3.082543595379E-11
AR GRAD 2024 06 25 02 51 30.000000 2   2.029740438225E-11  3.825308472760E-11
AR GRAD 2024 06 25 02 51 40.000000 2   2.246497259051E-11  4.746072979067E-11
AR GRAD 2024 06 25 02 51 50.000000 2   1.986033386359E-11  3.590838043577E-11
AR GRAD 2024 06 25 02 52  0.000000 2   2.398387911884E-11  3.022601613445E-11
AR GRAD 2024 06 25 02 52 10.000000 2   2.051721986751E-11  4.455366284239E-11
AR GRAD 2024 06 25 02 52 20.000000 2   1.980455036077E-11  2.746129712516E-11
AR GRAD 2024 06 25 02 52 30.000000 2   2.121716344283E-11  4.793893407240E-11
AR GRAD 2024 06 25 02 52 40.000000 2   2.360324262429E-11  4.492656940913E-11
AR GRAD 2024 06 25 02 52 50.000000 2   2.495096490529E-11  4.360419664229E-11
AR GRAD 2024 06 25 02 53  0.000000 2   2.368901949601E-11  3.013182758860E-11
AR GRAD 2024 06 25 02 53 10.000000 2   2.503621442107E-11  4.474945414223E-11
AR GRAD 2024 06 25 02 53 20.000000 2   2.400734125385E-11  3.900707534754E-11
AR GRAD 2024 06 25 02 53 30.000000 2   2.104061889996E-11  4.640469952744E-11
AR GRAD 2024 06 25 02 53 40.000000 2   2.406447957570E-11  4.043232068596E-11
AR GRAD 2024 06 25 02 53 50.000000 2   2.536002310927E-11  3.933993408811E-11
AR GRAD 2024 06 25 02 54  0.000000 2   2.104760289667E-11  3.422755134874E-11
AR GRAD 2024 06 25 02 54 10.000000 2   2.159357762044E-11  4.429516475835E-11
AR GRAD 2024 06 25 02 54 20.000000 2   2.149525522854E-11  3.485277691451E-11
AR GRAD 2024 06 25 02 54 30.000000 2   2.283366724865E-11  3.304038639906E-11
AR GRAD 2024 06 25 02 54 40.000000 2   2.397343955296E-11  4.263798689119E-11
AR GRAD 2024 06 25 02 54 50.000000 2   2.110172626912E-11  4.423559088473E-11
AR GRAD 2024 06 25 02 55  0.000000 2   2.224568272646E-11  3.515319632608E-11
AR GRAD 2024 06 25 02 55 10.000000 2   2.257419425000E-11  3.706079193533E-11
AR GRAD 2024 06 25 02 55 20.000000 2   2.029309185969E-11  3.838839315873E-11
AR GRAD 2024 06 25 02 55 30.000000 2   2.381997377121E-11  4.287598401320E-11
AR GRAD 2024 06 25 02 55 40.000000 2   2.309638418019E-11  2.866357845521E-11
AR GRAD 2024 06 25 02 55 50.000000 2   2.199769706668E-11  3.883116744818E-11
AR GRAD 2024 06 25 02 56  0.000000 2   2.015045248716E-11  3.518875468789E-11
AR GRAD 2024 06 25 02 56 10.000000 2   2.248426791973E-11  4.245634052658E-11
AR GRAD 2024 06 25 02 56 20.000000 2   2.237513126169E-11  3.976392826122E-11
AR GRAD 2024 06 25 02 56 30.000000 2   2.081502852025E-11  3.804150744413E-11
AR GRAD 2024 06 25 02 56 40.000000 2   2.305792189128E-11  4.732908856497E-11
AR GRAD 2024 06 25 02 56 50.000000 2   2.246795458016E-11  2.937666429559E-11
AR GRAD 2024 06 25 02 57  0.000000 2   2.308725606526E-11  4.257423580345E-11
AR GRAD 2024 06 25 02 57 10.000000 2   2.194239234754E-11  3.442180915303E-11
AR GRAD 2024 06 25 02 57 20.000000 2   2.102903441659E-11  3.226938161127E-11
AR GRAD 2024 06 25 02 57 30.000000 2   2.020852582496E-11  3.630695050161E-11
AR GRAD 2024 06 25 02 57 40.000000 2   2.010796390506E-11  3.889451261063E-11
AR GRAD 2024 06 25 02 57 50.000000 2   2.575643517910E-11  3.204207732477E-11
AR GRAD 2024 06 25 02 58  0.000000 2   1.964753360006E-11  4.940963957423E-11
AR GRAD 2024 06 25 02 58 10.000000 2   1.700741804334E-11  3.021719680030E-11
AR GRAD 2024 06 25 02 58 20.000000 2   1.984189375304E-11  3.852475283228E-11
AR GRAD 2024 06 25 02 58 30.000000 2   2.331834378366E-11  4.623230964729E-11
AR GRAD 2024 06 25 02 58 40.000000 2   2.133743008670E-11  2.831985687624E-11
AR GRAD 2024 06 25 02 58 50.000000 2   2.119685676982E-11  4.544741319390E-11
AR GRAD 2024 06 25 02 59  0.000000 2   2.264545322095E-11  3.131495757147E-11
AR GRAD 2024 06 25 02 59 10.000000 2   1.680619012012E-11  3.289250122274E-11
AR GRAD 2024 06 25 02 59 20.000000 2   1.971745683393E-11  3.272004542310E-11
AR GRAD 2024 06 25 02 59 30.000000 2   2.381327253442E-11  4.470758832587E-11
AR GRAD 2024 06 25 02 59 40.000000 2   2.111646794922E-11  3.938512710411E-11
AR GRAD 2024 06 25 02 59 50.000000 2   2.071040561269E-11  3.669266279704E-11
AR GRAD 2024 06 25 03 00  0.000000 2   2.323651861202E-11  3.587019223317E-11
AR GRAD 2024 06 25 03 00 10.000000 2   2.148552342984E-11  3.332772599562E-11
AR GRAD 2024 06 25 03 00 20.000000 2   1.894216554443E-11  2.428525262832E-11
AR GRAD 2024 06 25 03 00 30.000000 2   1.941271275674E-11  3.297278422520E-11
AR GRAD 2024 06 25 03 00 40.000000 2   2.033857630923E-11  3.891030900260E-11
AR GRAD 2024 06 25 03 00 50.000000 2   2.353862937898E-11  4.522782842686E-11
AR GRAD 2024 06 25 03 01  0.000000 2   2.187901422535E-11  2.799534909448E-11
AR GRAD 2024 06 25 03 01 10.000000 2   1.766029510131E-11  3.850286756091E-11
AR GRAD 2024 06 25 03 01 20.000000 2   2.066312745908E-11  4.972038405993E-11
AR GRAD 2024 06 25 03 01 30.000000 2   1.928566681353E-11  3.687790003926E-11
AR GRAD 2024 06 25 03 01 40.000000 2   2.020285501392E-11  3.825540925706E-11
AR GRAD 2024 06 25 03 01 50.000000 2   1.845411323753E-11  3.290291650249E-11
AR GRAD 2024 06 25 03 02  0.000000 2   2.029024517847E-11  3.644042706474E-11
AR GRAD 2024 06 25 03 02 10.000000 2   2.083250585927E-11  2.619792750791E-11
AR GRAD 2024 06 25 03 02 20.000000 2   1.796622919881E-11  3.656543123842E-11
AR GRAD 2024 06 25 03 02 30.000000 2   1.939278598817E-11  4.149293061917E-11
AR GRAD 2024 06 25 03 02 40.000000 2   1.954076137012E-11  3.043042900996E-11
AR GRAD 2024 06 25 03 02 50.000000 2   1.933139238963E-11  4.160792543839E-11
AR GRAD 2024 06 25 03 03  0.000000 2   2.091336132048E-11  1.772541662060E-11
AR GRAD 2024 06 25 03 03 10.000000 2   1.862542932385E-11  3.919290933463E-11
AR GRAD 2024 06 25 03 03 20.000000 2   1.858687335987E-11  3.352039826265E-11
AR GRAD 2024 06 25 03 03 30.000000 2   1.951563043112E-11  4.532788727696E-11
AR GRAD 2024 06 25 03 03 40.000000 2   2.119962712321E-11  2.286536585072E-11
AR GRAD 2024 06 25 03 03 50.000000 2   2.035701641978E-11  4.286284868704E-11
AR GRAD 2024 06 25 03 04  0.000000 2   2.019894668193E-11  1.397032836636E-11
AR GRAD 2024 06 25 03 04 10.000000 2   1.996733507703E-11  3.561781078409E-11
AR GRAD 2024 06 25 03 04 20.000000 2   1.606638953822E-11  2.490527922783E-11
AR GRAD 2024 06 25 03 04 30.000000 2   1.701875619597E-11  3.134275478045E-11
AR GRAD 2024 06 25 03 04 40.000000 2   2.010101980698E-11  3.547022744965E-11
AR GRAD 2024 06 25 03 04 50.000000 2   1.890970366403E-11  4.323769120518E-11
