 2.00 C RINEX VERSION / TYPE
 10.00 INTERVAL
 1 AR # / TYPES OF DATA
 END OF HEADER
AR GRAD 2024 06 22 01 05  0.000000 2   1.648091212114E-11  4.828416139135E-11
AR GRAD 2024 06 22 01 05 10.000000 2   2.338999827156E-11  5.160678134830E-11
AR GRAD 2024 06 22 01 05 20.000000 2   1.685202324908E-11  3.771940398911E-11
AR GRAD 2024 06 22 01 05 30.000000 2   1.849117213515E-11  5.220202742295E-11
AR GRAD 2024 06 22 01 05 40.000000 2   2.330007541074E-11  3.512464971656E-11
AR GRAD 2024 06 22 01 05 50.000000 2   1.691644394008E-11  5.726727078659E-11
AR GRAD 2024 06 22 01 06  0.000000 2   2.270074059285E-11  2.280989112868E-11
AR GRAD 2024 06 22 01 06 10.000000 2   1.592874269984E-11  4.097251357638E-11
AR GRAD 2024 06 22 01 06 20.000000 2   2.039064403436E-11  4.508513354318E-11
AR GRAD 2024 06 22 01 06 30.000000 2   1.999100364414E-11  4.985775681199E-11
AR GRAD 2024 06 22 01 06 40.000000 2   2.717032675237E-11  3.873038001423E-11
AR GRAD 2024 06 22 01 06 50.000000 2   1.565167440098E-11  3.813299676025E-11
AR GRAD 2024 06 22 01 07  0.000000 2   2.037675063404E-11  3.673562148920E-11
AR GRAD 2024 06 22 01 07 10.000000 2   2.263460426033E-11  5.739824240902E-11
AR GRAD 2024 06 22 01 07 20.000000 2   1.866576511411E-11  2.417086149287E-11
AR GRAD 2024 06 22 01 07 30.000000 2   2.231827569976E-11  4.949348222927E-11
AR GRAD 2024 06 22 01 07 40.000000 2   2.053517425549E-11  3.594610720192E-11
AR GRAD 2024 06 22 01 07 50.000000 2   2.117912616117E-11  4.058873029344E-11
AR GRAD 2024 06 22 01 08  0.000000 2   1.951705116965E-11  4.858134727836E-11
AR GRAD 2024 06 22 01 08 10.000000 2   2.048203447125E-11  4.568396702598E-11
AR GRAD 2024 06 22 01 08 20.000000 2   1.875501143278E-11  3.924658861787E-11
AR GRAD 2024 06 22 01 08 30.000000 2   1.872380375745E-11  3.609920695702E-11
AR GRAD 2024 06 22 01 08 40.000000 2   2.688281021401E-11  5.624183063713E-11
AR GRAD 2024 06 22 01 08 50.000000 2   1.838517359187E-11  3.577444937508E-11
AR GRAD 2024 06 22 01 09  0.000000 2   2.154164173429E-11  4.348706811319E-11
AR GRAD 2024 06 22 01 09 10.000000 2   1.971923492550E-11  4.293968999813E-11
AR GRAD 2024 06 22 01 09 20.000000 2   1.871972021839E-11  4.841231235342E-11
AR GRAD 2024 06 22 01 09 30.000000 2   2.486332494056E-11  3.523493302682E-11
AR GRAD 2024 06 22 01 09 40.000000 2   2.383328430444E-11  5.240755399094E-11
AR GRAD 2024 06 22 01 09 50.000000 2   2.239177593344E-11  5.181017420641E-11
AR GRAD 2024 06 22 01 10  0.000000 2   1.808428753969E-11  3.787279517775E-11
AR GRAD 2024 06 22 01 10 10.000000 2   2.065458221123E-11  3.851541308109E-11
AR GRAD 2024 06 22 01 10 20.000000 2   2.205342679307E-11  4.787803487005E-11
AR GRAD 2024 06 22 01 10 30.000000 2   1.915036011713E-11  4.170065334708E-11
AR GRAD 2024 06 22 01 10 40.000000 2   2.160560619302E-11  3.603327705659E-11
AR GRAD 2024 06 22 01 10 50.000000 2   2.489333045252E-11  3.543589380262E-11
AR GRAD 2024 06 22 01 11  0.000000 2   2.411023464211E-11  4.853851348630E-11
AR GRAD 2024 06 22 01 11 10.000000 2   2.129148073127E-11  3.102113357856E-11
AR GRAD 2024 06 22 01 11 20.000000 2   2.383580832710E-11  6.178374478694E-11
AR GRAD 2024 06 22 01 11 30.000000 2   1.818831717182E-11  4.734637334969E-11
AR GRAD 2024 06 22 01 11 40.000000 2   1.687928442851E-11  4.321899088611E-11
AR GRAD 2024 06 22 01 11 50.000000 2   1.923895938394E-11  4.078160725784E-11
AR GRAD 2024 06 22 01 12  0.000000 2   1.902000952569E-11  4.005423076547E-11
AR GRAD 2024 06 22 01 12 10.000000 2   2.272193544428E-11  4.559684921301E-11
AR GRAD 2024 06 22 01 12 20.000000 2   1.820304844358E-11  3.427947162238E-11
AR GRAD 2024 06 22 01 12 30.000000 2   1.997884670202E-11  4.238208742291E-11
AR GRAD 2024 06 22 01 12 40.000000 2   1.973824229062E-11  4.271470677164E-11
AR GRAD 2024 06 22 01 12 50.000000 2   1.984788895737E-11  3.554732549982E-11
AR GRAD 2024 06 22 01 13  0.000000 2   1.570413764307E-11  3.245994445455E-11
AR GRAD 2024 06 22 01 13 10.000000 2   2.071563233452E-11  4.598256497790E-11
AR GRAD 2024 06 22 01 13 20.000000 2   2.698146220337E-11  3.701518258570E-11
AR GRAD 2024 06 22 01 13 30.000000 2   1.949975077242E-11  4.536780326414E-11
AR GRAD 2024 06 22 01 13 40.000000 2   1.913284634891E-11  3.145042212771E-11
AR GRAD 2024 06 22 01 13 50.000000 2   2.463859324897E-11  4.356303859310E-11
AR GRAD 2024 06 22 01 14  0.000000 2   2.138887504610E-11  4.160565642009E-11
AR GRAD 2024 06 22 01 14 10.000000 2   1.901917859315E-11  2.806827513469E-11
AR GRAD 2024 06 22 01 14 20.000000 2   2.239145674432E-11  3.177089494266E-11
AR GRAD 2024 06 22 01 14 30.000000 2   2.107869087609E-11  5.361351293476E-11
AR GRAD 2024 06 22 01 14 40.000000 2   2.050061682912E-11  3.604613135755E-11
AR GRAD 2024 06 22 01 14 50.000000 2   2.279845583153E-11  4.883875248662E-11
AR GRAD 2024 06 22 01 15  0.000000 2   1.923885530053E-11  2.940137022733E-11
AR GRAD 2024 06 22 01 15 10.000000 2   1.539826946506E-11  4.047398874385E-11
AR GRAD 2024 06 22 01 15 20.000000 2   1.787890668847E-11  3.468660775274E-11
AR GRAD 2024 06 22 01 15 30.000000 2   1.895934104157E-11  4.373922057876E-11
AR GRAD 2024 06 22 01 15 40.000000 2   2.018279814109E-11  3.651184216080E-11
AR GRAD 2024 06 22 01 15 50.000000 2   2.101743605543E-11  5.628446320127E-11
AR GRAD 2024 06 22 01 16  0.000000 2   1.601429579223E-11  2.478707690490E-11
AR GRAD 2024 06 22 01 16 10.000000 2   2.161675699552E-11  4.702969957915E-11
AR GRAD 2024 06 22 01 16 20.000000 2   1.805640879871E-11  3.915231333584E-11
AR GRAD 2024 06 22 01 16 30.000000 2   2.006449693892E-11  4.316493343315E-11
AR GRAD 2024 06 22 01 16 40.000000 2   2.231983001200E-11  4.464754954636E-11
AR GRAD 2024 06 22 01 16 50.000000 2   1.481046361940E-11  3.410016713445E-11
AR GRAD 2024 06 22 01 17  0.000000 2   2.178393403163E-11  4.624278390764E-11
AR GRAD 2024 06 22 01 17 10.000000 2   1.787464273817E-11  3.416540314549E-11
AR GRAD 2024 06 22 01 17 20.000000 2   1.367718265033E-11  5.248802087410E-11
AR GRAD 2024 06 22 01 17 30.000000 2   1.682128741853E-11  3.922063715467E-11
AR GRAD 2024 06 22 01 17 40.000000 2   1.698303997433E-11  4.267325728891E-11
AR GRAD 2024 06 22 01 17 50.000000 2   1.689581460851E-11  3.411586985136E-11
AR GRAD 2024 06 22 01 18  0.000000 2   1.621673281771E-11  3.406849108378E-11
AR GRAD 2024 06 22 01 18 10.000000 2   1.209938139263E-11  2.049110360558E-11
AR GRAD 2024 06 22 01 18 20.000000 2   1.778819279374E-11  5.727372395792E-11
AR GRAD 2024 06 22 01 18 30.000000 2   1.355198939179E-11  2.771634137477E-11
AR GRAD 2024 06 22 01 18 40.000000 2   1.566454257973E-11  4.136895687123E-11
AR GRAD 2024 06 22 01 18 50.000000 2   1.767090640481E-11  4.399157427226E-11
AR GRAD 2024 06 22 01 19  0.000000 2   9.094672931420E-12  4.276419149352E-11
AR GRAD 2024 06 22 01 19 10.000000 2   1.665941343210E-11  2.280680679034E-11
AR GRAD 2024 06 22 01 19 20.000000 2   1.380756620151E-11  5.799942470741E-11
AR GRAD 2024 06 22 01 19 30.000000 2   1.119972083824E-11  2.953204000788E-11
AR GRAD 2024 06 22 01 19 40.000000 2   1.673960796367E-11  3.919466140534E-11
AR GRAD 2024 06 22 01 19 50.000000 2   8.941245313587E-12  2.089727349497E-11
AR GRAD 2024 06 22 01 20  0.000000 2   1.321120990383E-11  4.563989117190E-11
AR GRAD 2024 06 22 01 20 10.000000 2   7.296677151380E-12  5.576250919348E-11
AR GRAD 2024 06 22 01 20 20.000000 2   1.122371726808E-11  3.124512454322E-11
AR GRAD 2024 06 22 01 20 30.000000 2   1.289820767553E-11  3.610774179652E-11
AR GRAD 2024 06 22 01 20 40.000000 2   1.281005336529E-11  3.404035733845E-11
AR GRAD 2024 06 22 01 20 50.000000 2   6.304653413919E-12  4.204297326948E-11
AR GRAD 2024 06 22 01 21  0.000000 2   1.336137797625E-11  4.440559031593E-11
AR GRAD 2024 06 22 01 21 10.000000 2   9.180498375394E-12  3.697820522008E-11
AR GRAD 2024 06 22 01 21 20.000000 2   1.118376918852E-11  4.592082269994E-11
AR GRAD 2024 06 22 01 21 30.000000 2   1.221958298436E-11  4.033343797838E-11
AR GRAD 2024 06 22 01 21 40.000000 2   1.284847315347E-11  3.843605295151E-11
AR GRAD 2024 06 22 01 21 50.000000 2   5.975447567308E-12  2.812866779778E-11
AR GRAD 2024 06 22 01 22  0.000000 2   9.158129116171E-12  5.364128585761E-11
AR GRAD 2024 06 22 01 22 10.000000 2   1.263495384707E-11  3.783390267742E-11
AR GRAD 2024 06 22 01 22 20.000000 2   3.612160267077E-12  3.719651670009E-11
AR GRAD 2024 06 22 01 22 30.000000 2   9.441575125890E-12  3.533913092713E-11
AR GRAD 2024 06 22 01 22 40.000000 2   1.208069061454E-11  3.140174925642E-11
AR GRAD 2024 06 22 01 22 50.000000 2   8.323981261216E-12  3.902436360170E-11
AR GRAD 2024 06 22 01 23  0.000000 2   1.449380199192E-11  5.826697457856E-11
AR GRAD 2024 06 22 01 23 10.000000 2   1.043120104183E-11  3.335959633533E-11
AR GRAD 2024 06 22 01 23 20.000000 2   7.362868127692E-12  4.364220790309E-11
AR GRAD 2024 06 22 01 23 30.000000 2   8.794799090384E-12  2.160482383273E-11
AR GRAD 2024 06 22 01 23 40.000000 2   9.156263421073E-12  5.196744076730E-11
AR GRAD 2024 06 22 01 23 50.000000 2   1.219179444900E-11  2.553005203076E-11
AR GRAD 2024 06 22 01 24  0.000000 2   1.035369533164E-11  3.440267168364E-11
AR GRAD 2024 06 22 01 24 10.000000 2   7.216009907662E-12  4.272528511540E-11
AR GRAD 2024 06 22 01 24 20.000000 2   6.710646795194E-12  2.461789799790E-11
AR GRAD 2024 06 22 01 24 30.000000 2   2.295666694935E-12  4.877051540397E-11
AR GRAD 2024 06 22 01 24 40.000000 2   6.789347729852E-12  2.889312747389E-11
AR GRAD 2024 06 22 01 24 50.000000 2   9.363841082730E-13  4.101574635484E-11
AR GRAD 2024 06 22 01 25  0.000000 2   6.969729914735E-12  2.571835626408E-11
AR GRAD 2024 06 22 01 25 10.000000 2   1.154484927796E-11  3.724097419333E-11
AR GRAD 2024 06 22 01 25 20.000000 2   7.895829823301E-12  1.196358723893E-11
AR GRAD 2024 06 22 01 25 30.000000 2   4.673980820435E-12  5.645620082539E-11
AR GRAD 2024 06 22 01 25 40.000000 2   2.451883097596E-12  3.141881546598E-11
AR GRAD 2024 06 22 01 25 50.000000 2   1.451353902511E-12  3.636143122709E-11
AR GRAD 2024 06 22 01 26  0.000000 2   7.227177190039E-12  3.374404575207E-11
AR GRAD 2024 06 22 01 26 10.000000 2   4.593436742084E-12  3.696666237007E-11
AR GRAD 2024 06 22 01 26 20.000000 2   7.077017465974E-13  4.392927341335E-11
AR GRAD 2024 06 22 01 26 30.000000 2   6.071623238901E-12  2.282188847624E-11
AR GRAD 2024 06 22 01 26 40.000000 2   6.697719059868E-15  1.710450184267E-11
AR GRAD 2024 06 22 01 26 50.000000 2   4.958723657925E-14  3.430711617569E-11
AR GRAD 2024 06 22 01 27  0.000000 2  -5.899153778313E-13  4.881972950899E-11
AR GRAD 2024 06 22 01 27 10.000000 2   4.101519471278E-12  3.303234422103E-11
AR GRAD 2024 06 22 01 27 20.000000 2  -1.290730001179E-12  5.091495974829E-11
AR GRAD 2024 06 22 01 27 30.000000 2  -4.572327759467E-12  7.087571415182E-12
AR GRAD 2024 06 22 01 27 40.000000 2  -3.477697730486E-12  4.293018718293E-11
AR GRAD 2024 06 22 01 27 50.000000 2  -5.130851906537E-12  1.785279910016E-11
AR GRAD 2024 06 22 01 28  0.000000 2  -7.594470842129E-13  4.541541448466E-11
AR GRAD 2024 06 22 01 28 10.000000 2  -7.605682576795E-12  2.725802569770E-11
AR GRAD 2024 06 22 01 28 20.000000 2  -2.510134678238E-12  4.656063729014E-11
AR GRAD 2024 06 22 01 28 30.000000 2  -3.613605454363E-13  1.782325328992E-11
AR GRAD 2024 06 22 01 28 40.000000 2   1.396557348932E-12  3.508586476908E-11
AR GRAD 2024 06 22 01 28 50.000000 2   2.515241053630E-12  2.923847969294E-11
AR GRAD 2024 06 22 01 29  0.000000 2  -6.327690107999E-12  3.309109236627E-11
AR GRAD 2024 06 22 01 29 10.000000 2  -3.806868882628E-12  2.643370591859E-11
AR GRAD 2024 06 22 01 29 20.000000 2  -3.700531905643E-13  3.962631958676E-11
AR GRAD 2024 06 22 01 29 30.000000 2  -5.639466324481E-12  2.337893073578E-11
AR GRAD 2024 06 22 01 29 40.000000 2  -2.518060412959E-12  2.233154459963E-11
AR GRAD 2024 06 22 01 29 50.000000 2  -2.753911248349E-12  2.960415940167E-11
AR GRAD 2024 06 22 01 30  0.000000 2  -5.405976014061E-12  2.421677094966E-11
AR GRAD 2024 06 22 01 30 10.000000 2  -7.664730829193E-12  3.704938439375E-11
AR GRAD 2024 06 22 01 30 20.000000 2  -7.514985161938E-12  3.567199660659E-11
AR GRAD 2024 06 22 01 30 30.000000 2  -1.107815445281E-12  8.454611143127E-12
AR GRAD 2024 06 22 01 30 40.000000 2  -8.757429677264E-12  2.333722104453E-11
AR GRAD 2024 06 22 01 30 50.000000 2  -6.213720076670E-12  1.591983489480E-11
AR GRAD 2024 06 22 01 31  0.000000 2  -4.595417362613E-12  3.529244951839E-11
AR GRAD 2024 06 22 01 31 10.000000 2  -1.054759925234E-11  4.240505863118E-11
AR GRAD 2024 06 22 01 31 20.000000 2  -1.297731713756E-11  3.118767397114E-11
AR GRAD 2024 06 22 01 31 30.000000 2  -9.989621976847E-12  3.106028628741E-11
AR GRAD 2024 06 22 01 31 40.000000 2  -3.165533156782E-12  2.268289549245E-11
AR GRAD 2024 06 22 01 31 50.000000 2  -7.202566668085E-12  3.211551163895E-11
AR GRAD 2024 06 22 01 32  0.000000 2  -7.453713861405E-12  1.708811911416E-11
AR GRAD 2024 06 22 01 32 10.000000 2  -9.591220179184E-12  2.663073407627E-11
AR GRAD 2024 06 22 01 32 20.000000 2  -4.652721350556E-12  2.040334394493E-11
AR GRAD 2024 06 22 01 32 30.000000 2  -1.207313155699E-11  1.898595516914E-11
AR GRAD 2024 06 22 01 32 40.000000 2  -1.313879994386E-11  2.236856880278E-11
AR GRAD 2024 06 22 01 32 50.000000 2  -1.036977014673E-11  2.119118075461E-11
AR GRAD 2024 06 22 01 33  0.000000 2  -7.342334205906E-12  1.716379122163E-11
AR GRAD 2024 06 22 01 33 10.000000 2  -1.133657490798E-11  2.836640297654E-11
AR GRAD 2024 06 22 01 33 20.000000 2  -1.429570611194E-11  4.375901724307E-11
AR GRAD 2024 06 22 01 33 30.000000 2  -1.895358175963E-11  5.881628951238E-12
AR GRAD 2024 06 22 01 33 40.000000 2  -1.315838323718E-11  4.006424011993E-11
AR GRAD 2024 06 22 01 33 50.000000 2  -1.525657725154E-11  1.070685207161E-11
AR GRAD 2024 06 22 01 34  0.000000 2  -1.857225311042E-11  4.807946402119E-11
AR GRAD 2024 06 22 01 34 10.000000 2  -1.496079475583E-11  2.646207385160E-11
AR GRAD 2024 06 22 01 34 20.000000 2  -1.561713952603E-11  1.086468501971E-11
AR GRAD 2024 06 22 01 34 30.000000 2  -2.329314172100E-11  3.161729558721E-11
AR GRAD 2024 06 22 01 34 40.000000 2  -1.801587351524E-11  2.831990718322E-11
AR GRAD 2024 06 22 01 34 50.000000 2  -2.049802688697E-11  3.058251915600E-11
AR GRAD 2024 06 22 01 35  0.000000 2  -1.976972925644E-11  2.996513107090E-11
AR GRAD 2024 06 22 01 35 10.000000 2  -2.005592220078E-11  1.311774126822E-11
AR GRAD 2024 06 22 01 35 20.000000 2  -2.624737059642E-11  2.426035067282E-11
AR GRAD 2024 06 22 01 35 30.000000 2  -2.796116636838E-11  2.399296386568E-11
AR GRAD 2024 06 22 01 35 40.000000 2  -2.730777236282E-11  7.955572832452E-12
AR GRAD 2024 06 22 01 35 50.000000 2  -2.233235645022E-11  3.177818425071E-11
AR GRAD 2024 06 22 01 36  0.000000 2  -2.841781150675E-11  2.378079504151E-11
AR GRAD 2024 06 22 01 36 10.000000 2  -3.190919403706E-11  3.057340838830E-11
AR GRAD 2024 06 22 01 36 20.000000 2  -2.726272159415E-11  1.439601649694E-11
AR GRAD 2024 06 22 01 36 30.000000 2  -2.892204011007E-11  2.587862563130E-11
AR GRAD 2024 06 22 01 36 40.000000 2  -2.801368859107E-11  1.694123660800E-11
AR GRAD 2024 06 22 01 36 50.000000 2  -3.261919206965E-11  2.007384709846E-11
AR GRAD 2024 06 22 01 37  0.000000 2  -3.135091145023E-11  2.194645680464E-11
AR GRAD 2024 06 22 01 37 10.000000 2  -2.315257534302E-11  2.504906698730E-11
AR GRAD 2024 06 22 01 37 20.000000 2  -3.461327058307E-11  1.659167594981E-11
AR GRAD 2024 06 22 01 37 30.000000 2  -3.422038000189E-11  2.304428869948E-11
AR GRAD 2024 06 22 01 37 40.000000 2  -3.570880396930E-11  2.455689818159E-11
AR GRAD 2024 06 22 01 37 50.000000 2  -3.573262172263E-11  2.387950774618E-11
AR GRAD 2024 06 22 01 38  0.000000 2  -3.139955656595E-11  1.955212033944E-11
AR GRAD 2024 06 22 01 38 10.000000 2  -3.252369901174E-11  1.251472970393E-11
AR GRAD 2024 06 22 01 38 20.000000 2  -3.808714107989E-11  3.427733791250E-11
AR GRAD 2024 06 22 01 38 30.000000 2  -4.019474336703E-11  1.582994672844E-11
AR GRAD 2024 06 22 01 38 40.000000 2  -3.771353368487E-11  1.427255796188E-11
AR GRAD 2024 06 22 01 38 50.000000 2  -3.603828346854E-11  1.451516771361E-11
AR GRAD 2024 06 22 01 39  0.000000 2  -3.077774840543E-11  1.844777629267E-11
AR GRAD 2024 06 22 01 39 10.000000 2  -3.521093486225E-11  1.912038756491E-11
AR GRAD 2024 06 22 01 39 20.000000 2  -3.106893561866E-11  1.669299594387E-11
AR GRAD 2024 06 22 01 39 30.000000 2  -4.163569836124E-11  1.131560643797E-11
AR GRAD 2024 06 22 01 39 40.000000 2  -3.754186891913E-11  8.808215441747E-12
AR GRAD 2024 06 22 01 39 50.000000 2  -3.445066801278E-11  1.369082451574E-11
AR GRAD 2024 06 22 01 40  0.000000 2  -3.377877144661E-11  1.043434978178E-12
AR GRAD 2024 06 22 01 40 10.000000 2  -3.868911441218E-11  1.848604255783E-11
AR GRAD 2024 06 22 01 40 20.000000 2  -3.317873406572E-11  1.607865056374E-11
AR GRAD 2024 06 22 01 40 30.000000 2  -4.268442890809E-11  1.659126135090E-11
AR GRAD 2024 06 22 01 40 40.000000 2  -3.243235541239E-11  2.039386888530E-11
AR GRAD 2024 06 22 01 40 50.000000 2  -4.047399915219E-11 -2.463520706875E-12
AR GRAD 2024 06 22 01 41  0.000000 2  -3.470080819912E-11  2.545908796281E-11
AR GRAD 2024 06 22 01 41 10.000000 2  -3.738113291130E-11  8.221697628263E-12
AR GRAD 2024 06 22 01 41 20.000000 2  -3.489934383150E-11  1.136430619747E-11
AR GRAD 2024 06 22 01 41 30.000000 2  -4.072057274707E-11  1.084691451242E-11
AR GRAD 2024 06 22 01 41 40.000000 2  -3.922596275574E-11  1.345952342635E-11
AR GRAD 2024 06 22 01 41 50.000000 2  -3.489810176949E-11  1.663212970127E-11
AR GRAD 2024 06 22 01 42  0.000000 2  -3.874921911118E-11  1.922474159033E-11
AR GRAD 2024 06 22 01 42 10.000000 2  -4.101032707871E-11 -1.322651406802E-12
AR GRAD 2024 06 22 01 42 20.000000 2  -3.840877962902E-11 -5.700439577837E-13
AR GRAD 2024 06 22 01 42 30.000000 2  -4.091002189788E-11  1.251256563639E-11
AR GRAD 2024 06 22 01 42 40.000000 2  -3.867303699501E-11  5.465173886360E-12
AR GRAD 2024 06 22 01 42 50.000000 2  -3.825452107864E-11  1.002778329123E-11
AR GRAD 2024 06 22 01 43  0.000000 2  -4.386285779034E-11 -1.159610168305E-12
AR GRAD 2024 06 22 01 43 10.000000 2  -3.901444098342E-11  2.366299864387E-11
AR GRAD 2024 06 22 01 43 20.000000 2  -4.240015977208E-11 -7.024392352506E-12
AR GRAD 2024 06 22 01 43 30.000000 2  -4.146422441509E-11  2.442821292470E-11
AR GRAD 2024 06 22 01 43 40.000000 2  -4.523574223536E-11  6.850822426713E-12
AR GRAD 2024 06 22 01 43 50.000000 2  -4.784614718312E-11  3.433429755784E-12
AR GRAD 2024 06 22 01 44  0.000000 2  -4.407506651316E-11 -1.964396353915E-11
AR GRAD 2024 06 22 01 44 10.000000 2  -4.811361725698E-11  3.201864468005E-11
AR GRAD 2024 06 22 01 44 20.000000 2  -4.312992671340E-11 -7.148747305924E-12
AR GRAD 2024 06 22 01 44 30.000000 2  -4.258425209680E-11 -7.856139350171E-12
AR GRAD 2024 06 22 01 44 40.000000 2  -5.219236848264E-11  1.290646842872E-11
AR GRAD 2024 06 22 01 44 50.000000 2  -4.392847544055E-11  1.258907648266E-11
AR GRAD 2024 06 22 01 45  0.000000 2  -4.556310884141E-11  1.581683677261E-12
AR GRAD 2024 06 22 01 45 10.000000 2  -4.663260749771E-11 -1.258571198648E-11
AR GRAD 2024 06 22 01 45 20.000000 2  -4.405789275075E-11  6.996897419093E-12
AR GRAD 2024 06 22 01 45 30.000000 2  -5.132745617420E-11  2.419506001800E-12
AR GRAD 2024 06 22 01 45 40.000000 2  -5.098449440410E-11  2.942111831938E-12
AR GRAD 2024 06 22 01 45 50.000000 2  -4.302239120513E-11  6.964719165975E-12
AR GRAD 2024 06 22 01 46  0.000000 2  -4.490694274772E-11 -1.136267555740E-11
AR GRAD 2024 06 22 01 46 10.000000 2  -4.973278386333E-11  1.253993350131E-11
AR GRAD 2024 06 22 01 46 20.000000 2  -4.471436068632E-11  6.512539205833E-12
AR GRAD 2024 06 22 01 46 30.000000 2  -4.698378838763E-11 -6.034852305381E-12
AR GRAD 2024 06 22 01 46 40.000000 2  -4.793570748673E-11 -1.200224555159E-11
AR GRAD 2024 06 22 01 46 50.000000 2  -4.516484755634E-11  4.180360051176E-12
AR GRAD 2024 06 22 01 47  0.000000 2  -4.944503834148E-11  7.142968508345E-12
AR GRAD 2024 06 22 01 47 10.000000 2  -4.919636573120E-11 -1.767442615874E-11
AR GRAD 2024 06 22 01 47 20.000000 2  -4.901990272033E-11  1.174818142075E-11
AR GRAD 2024 06 22 01 47 30.000000 2  -5.082266205103E-11 -1.163921389824E-11
AR GRAD 2024 06 22 01 47 40.000000 2  -4.666384639807E-11  5.339461579584E-14
AR GRAD 2024 06 22 01 47 50.000000 2  -4.584417220843E-11 -6.934000248981E-12
AR GRAD 2024 06 22 01 48  0.000000 2  -4.218341301265E-11 -1.288139300087E-11
AR GRAD 2024 06 22 01 48 10.000000 2  -5.186315266137E-11 -2.858786991855E-12
AR GRAD 2024 06 22 01 48 20.000000 2  -5.164382810285E-11  6.133820014409E-12
AR GRAD 2024 06 22 01 48 30.000000 2  -5.112924666983E-11  3.596424807267E-12
AR GRAD 2024 06 22 01 48 40.000000 2  -5.189303500797E-11 -1.208096643557E-11
AR GRAD 2024 06 22 01 48 50.000000 2  -4.863241753750E-11 -1.508362987464E-12
AR GRAD 2024 06 22 01 49  0.000000 2  -5.072524345007E-11 -8.335756564171E-12
AR GRAD 2024 06 22 01 49 10.000000 2  -4.970883080158E-11 -6.443151567836E-12
AR GRAD 2024 06 22 01 49 20.000000 2  -4.583384019541E-11 -1.078054659431E-11
AR GRAD 2024 06 22 01 49 30.000000 2  -4.953453619505E-11 -2.170793926559E-11
AR GRAD 2024 06 22 01 49 40.000000 2  -4.494882244188E-11  1.984666988045E-12
AR GRAD 2024 06 22 01 49 50.000000 2  -5.125999971711E-11 -1.448272578253E-11
AR GRAD 2024 06 22 01 50  0.000000 2  -4.702387784716E-11  3.569877466553E-12
AR GRAD 2024 06 22 01 50 10.000000 2  -4.900072361758E-11 -1.587516359688E-12
AR GRAD 2024 06 22 01 50 20.000000 2  -5.225207419524E-11 -1.305490958392E-11
AR GRAD 2024 06 22 01 50 30.000000 2  -4.817440543703E-11 -1.604230637220E-11
AR GRAD 2024 06 22 01 50 40.000000 2  -5.495822200108E-11 -7.509700326869E-12
AR GRAD 2024 06 22 01 50 50.000000 2  -4.600382921827E-11 -8.547094455802E-12
AR GRAD 2024 06 22 01 51  0.000000 2  -5.141602768544E-11 -1.096449060017E-11
AR GRAD 2024 06 22 01 51 10.000000 2  -5.106360820295E-11 -6.211884739232E-12
AR GRAD 2024 06 22 01 51 20.000000 2  -4.791975843910E-11 -1.053927691647E-11
AR GRAD 2024 06 22 01 51 30.000000 2  -4.722215327102E-11 -1.233667334954E-11
AR GRAD 2024 06 22 01 51 40.000000 2  -4.503398001732E-11 -1.506407151797E-11
AR GRAD 2024 06 22 01 51 50.000000 2  -5.052608678668E-11 -1.106146164248E-11
AR GRAD 2024 06 22 01 52  0.000000 2  -4.875647802161E-11 -1.101885596655E-11
AR GRAD 2024 06 22 01 52 10.000000 2  -4.618713397853E-11 -1.382625697960E-11
AR GRAD 2024 06 22 01 52 20.000000 2  -4.809359854807E-11 -1.119365190816E-11
AR GRAD 2024 06 22 01 52 30.000000 2  -5.167171551745E-11 -6.291045809292E-12
AR GRAD 2024 06 22 01 52 40.000000 2  -5.391512236663E-11 -1.622844220117E-11
AR GRAD 2024 06 22 01 52 50.000000 2  -5.065000849291E-11 -1.830583774842E-11
AR GRAD 2024 06 22 01 53  0.000000 2  -5.249828002873E-11 -1.296323118294E-11
AR GRAD 2024 06 22 01 53 10.000000 2  -5.243803655186E-11 -1.018062630725E-11
AR GRAD 2024 06 22 01 53 20.000000 2  -5.019594115363E-11 -1.571802410449E-11
AR GRAD 2024 06 22 01 53 30.000000 2  -5.256996227221E-11 -1.846541843042E-11
AR GRAD 2024 06 22 01 53 40.000000 2  -4.653156332468E-11 -9.642814324806E-12
AR GRAD 2024 06 22 01 53 50.000000 2  -4.685443699692E-11 -5.100211052100E-12
AR GRAD 2024 06 22 01 54  0.000000 2  -5.296556596091E-11 -1.446760419799E-11
AR GRAD 2024 06 22 01 54 10.000000 2  -5.526775911924E-11 -1.714500243166E-11
AR GRAD 2024 06 22 01 54 20.000000 2  -4.749229134959E-11 -1.170239599668E-11
AR GRAD 2024 06 22 01 54 30.000000 2  -5.627650775941E-11 -2.010979403833E-11
AR GRAD 2024 06 22 01 54 40.000000 2  -5.097466546089E-11 -1.087718977388E-11
AR GRAD 2024 06 22 01 54 50.000000 2  -4.918278978527E-11 -2.545458462067E-11
AR GRAD 2024 06 22 01 55  0.000000 2  -4.634871653142E-11 -3.681982670145E-12
AR GRAD 2024 06 22 01 55 10.000000 2  -5.352971538253E-11 -1.756938171338E-11
AR GRAD 2024 06 22 01 55 20.000000 2  -5.194956270715E-11 -2.126677653425E-11
AR GRAD 2024 06 22 01 55 30.000000 2  -5.011996373483E-11 -7.804170504278E-12
AR GRAD 2024 06 22 01 55 40.000000 2  -5.031291008817E-11 -2.649156762013E-11
AR GRAD 2024 06 22 01 55 50.000000 2  -5.505427363994E-11 -1.381896246738E-11
AR GRAD 2024 06 22 01 56  0.000000 2  -5.462500590747E-11 -1.355636002759E-11
AR GRAD 2024 06 22 01 56 10.000000 2  -5.056775484458E-11 -1.571376015419E-11
AR GRAD 2024 06 22 01 56 20.000000 2  -5.330557870109E-11 -2.052115595508E-11
AR GRAD 2024 06 22 01 56 30.000000 2  -4.630070285505E-11 -2.644854821265E-11
AR GRAD 2024 06 22 01 56 40.000000 2  -5.186478330144E-11 -8.675946246151E-12
AR GRAD 2024 06 22 01 56 50.000000 2  -5.056565582917E-11 -2.260334280857E-11
AR GRAD 2024 06 22 01 57  0.000000 2  -5.483180576249E-11 -8.270739995653E-12
AR GRAD 2024 06 22 01 57 10.000000 2  -4.833342059918E-11 -3.537813791921E-11
AR GRAD 2024 06 22 01 57 20.000000 2  -5.316981577241E-11 -1.076553342999E-11
AR GRAD 2024 06 22 01 57 30.000000 2  -4.735965092317E-11 -1.564293139467E-11
AR GRAD 2024 06 22 01 57 40.000000 2  -5.053228321894E-11 -2.914032903867E-11
AR GRAD 2024 06 22 01 57 50.000000 2  -4.659927305140E-11 -2.054772844928E-11
AR GRAD 2024 06 22 01 58  0.000000 2  -5.175603001728E-11 -1.681512568075E-11
AR GRAD 2024 06 22 01 58 10.000000 2  -5.089182547602E-11 -1.531252208364E-11
AR GRAD 2024 06 22 01 58 20.000000 2  -5.348919571158E-11 -2.415992232663E-11
AR GRAD 2024 06 22 01 58 30.000000 2  -4.849502049931E-11 -1.781731880091E-11
AR GRAD 2024 06 22 01 58 40.000000 2  -5.068219108284E-11 -2.075471391971E-11
AR GRAD 2024 06 22 01 58 50.000000 2  -4.544893975056E-11 -3.125210853994E-11
AR GRAD 2024 06 22 01 59  0.000000 2  -4.833160607842E-11 -1.549951139657E-11
AR GRAD 2024 06 22 01 59 10.000000 2  -5.179863482585E-11 -2.725690680105E-11
AR GRAD 2024 06 22 01 59 20.000000 2  -4.483070165096E-11 -2.252430533756E-11
AR GRAD 2024 06 22 01 59 30.000000 2  -5.048112969308E-11 -3.249170377195E-11
AR GRAD 2024 06 22 01 59 40.000000 2  -4.806905568033E-11 -2.202910250049E-11
AR GRAD 2024 06 22 01 59 50.000000 2  -4.741360082328E-11 -1.821649948941E-11
AR GRAD 2024 06 22 02 00  0.000000 2  -5.080157822190E-11 -2.101389375009E-11
AR GRAD 2024 06 22 02 00 10.000000 2  -4.936230590946E-11 -2.476129370987E-11
AR GRAD 2024 06 22 02 00 20.000000 2  -4.576431594794E-11 -2.396869161481E-11
AR GRAD 2024 06 22 02 00 30.000000 2  -4.369942949167E-11 -2.916608968229E-11
AR GRAD 2024 06 22 02 00 40.000000 2  -5.000589525794E-11 -2.600348929238E-11
AR GRAD 2024 06 22 02 00 50.000000 2  -4.250798671390E-11 -2.372088463154E-11
AR GRAD 2024 06 22 02 01  0.000000 2  -4.578481344053E-11 -2.067828547281E-11
AR GRAD 2024 06 22 02 01 10.000000 2  -4.277496412630E-11 -1.432568560306E-11
AR GRAD 2024 06 22 02 01 20.000000 2  -4.288168778399E-11 -3.139308257794E-11
AR GRAD 2024 06 22 02 01 30.000000 2  -4.363994929313E-11 -1.553047968006E-11
AR GRAD 2024 06 22 02 01 40.000000 2  -4.880728113332E-11 -2.670787896397E-11
AR GRAD 2024 06 22 02 01 50.000000 2  -4.244835732914E-11 -1.995527701415E-11
AR GRAD 2024 06 22 02 02  0.000000 2  -4.673050488235E-11 -3.127267542147E-11
AR GRAD 2024 06 22 02 02 10.000000 2  -4.388619329054E-11 -1.552007654337E-11
AR GRAD 2024 06 22 02 02 20.000000 2  -4.749523344061E-11 -3.169747103682E-11
AR GRAD 2024 06 22 02 02 30.000000 2  -4.644224935180E-11 -2.311487286299E-11
AR GRAD 2024 06 22 02 02 40.000000 2  -4.895866698162E-11 -1.682227274147E-11
AR GRAD 2024 06 22 02 02 50.000000 2  -4.867696870581E-11 -4.075967341421E-11
AR GRAD 2024 06 22 02 03  0.000000 2  -3.917432003786E-11 -1.002707205461E-11
AR GRAD 2024 06 22 02 03 10.000000 2  -4.078171134125E-11 -2.162446957610E-11
AR GRAD 2024 06 22 02 03 20.000000 2  -4.523640489973E-11 -1.862187140600E-11
AR GRAD 2024 06 22 02 03 30.000000 2  -4.368016712220E-11 -1.495926819917E-11
AR GRAD 2024 06 22 02 03 40.000000 2  -4.504093278901E-11 -4.039666864908E-11
AR GRAD 2024 06 22 02 03 50.000000 2  -4.745838444453E-11 -4.094066231863E-12
AR GRAD 2024 06 22 02 04  0.000000 2  -5.079806020269E-11 -1.479146666261E-11
AR GRAD 2024 06 22 02 04 10.000000 2  -3.711745147350E-11 -2.437886871542E-11
AR GRAD 2024 06 22 02 04 20.000000 2  -3.990586680547E-11 -2.949626307092E-11
AR GRAD 2024 06 22 02 04 30.000000 2  -4.861354027663E-11  8.136333620734E-12
AR GRAD 2024 06 22 02 04 40.000000 2  -4.571276343568E-11 -2.834106560545E-11
AR GRAD 2024 06 22 02 04 50.000000 2  -4.719087620675E-11 -1.105846404031E-11
AR GRAD 2024 06 22 02 05  0.000000 2  -4.206835574339E-11 -1.122586485575E-11
AR GRAD 2024 06 22 02 05 10.000000 2  -4.050158472491E-11 -2.539326561524E-11
AR GRAD 2024 06 22 02 05 20.000000 2  -4.382195994967E-11 -2.743066711275E-11
AR GRAD 2024 06 22 02 05 30.000000 2  -4.077891149756E-11 -6.408064183450E-12
AR GRAD 2024 06 22 02 05 40.000000 2  -4.359592895020E-11 -1.480546761579E-11
AR GRAD 2024 06 22 02 05 50.000000 2  -4.408117273980E-11 -2.570286344872E-11
AR GRAD 2024 06 22 02 06  0.000000 2  -3.721425945180E-11 -1.974026324347E-11
AR GRAD 2024 06 22 02 06 10.000000 2  -4.199489714307E-11 -1.314766611554E-11
AR GRAD 2024 06 22 02 06 20.000000 2  -4.543891651831E-11 -1.928506659921E-11
AR GRAD 2024 06 22 02 06 30.000000 2  -3.975123355482E-11 -2.912246485631E-11
AR GRAD 2024 06 22 02 06 40.000000 2  -3.970370560102E-11 -1.941986849108E-11
AR GRAD 2024 06 22 02 06 50.000000 2  -4.091569097420E-11 -1.123726545843E-11
AR GRAD 2024 06 22 02 07  0.000000 2  -3.690379252186E-11 -2.119467101824E-11
AR GRAD 2024 06 22 02 07 10.000000 2  -3.799684178407E-11 -1.995206951044E-11
AR GRAD 2024 06 22 02 07 20.000000 2  -3.667545780961E-11 -1.938947093161E-11
AR GRAD 2024 06 22 02 07 30.000000 2  -3.555074290507E-11 -1.110686802946E-11
AR GRAD 2024 06 22 02 07 40.000000 2  -4.493238767167E-11 -1.406427318357E-11
AR GRAD 2024 06 22 02 07 50.000000 2  -4.083097054908E-11 -2.340167122583E-11
AR GRAD 2024 06 22 02 08  0.000000 2  -3.415247598615E-11 -1.781907260634E-11
AR GRAD 2024 06 22 02 08 10.000000 2  -3.503313611430E-11 -2.966647066893E-11
AR GRAD 2024 06 22 02 08 20.000000 2  -3.394711248217E-11 -1.993387399590E-11
AR GRAD 2024 06 22 02 08 30.000000 2  -3.653912589163E-11 -4.521277015973E-12
AR GRAD 2024 06 22 02 08 40.000000 2  -3.178928995040E-11 -1.847867865667E-11
AR GRAD 2024 06 22 02 08 50.000000 2  -3.235382448064E-11 -2.036608034994E-11
AR GRAD 2024 06 22 02 09  0.000000 2  -3.435980666655E-11 -4.533479494584E-12
AR GRAD 2024 06 22 02 09 10.000000 2  -2.941379084742E-11 -1.503088105370E-11
AR GRAD 2024 06 22 02 09 20.000000 2  -3.454068628339E-11 -1.597828293287E-11
AR GRAD 2024 06 22 02 09 30.000000 2  -3.417401431283E-11 -1.275568192738E-11
AR GRAD 2024 06 22 02 09 40.000000 2  -3.213562402293E-11 -6.423085154028E-12
AR GRAD 2024 06 22 02 09 50.000000 2  -3.679784948973E-11 -9.970486242183E-12
AR GRAD 2024 06 22 02 10  0.000000 2  -3.114895494316E-11 -2.280788752307E-11
AR GRAD 2024 06 22 02 10 10.000000 2  -3.746498250523E-11 -1.819529076019E-11
AR GRAD 2024 06 22 02 10 20.000000 2  -4.062772340774E-11 -1.470269218873E-11
AR GRAD 2024 06 22 02 10 30.000000 2  -2.889409544959E-11  4.979905810637E-12
AR GRAD 2024 06 22 02 10 40.000000 2  -3.298233214322E-11 -2.360749443153E-11
AR GRAD 2024 06 22 02 10 50.000000 2  -3.028271383654E-11 -5.194897463590E-12
AR GRAD 2024 06 22 02 11  0.000000 2  -3.156241934477E-11 -4.352299770582E-12
AR GRAD 2024 06 22 02 11 10.000000 2  -2.506073820685E-11 -6.297025617955E-13
AR GRAD 2024 06 22 02 11 20.000000 2  -3.028086115187E-11 -5.287104955232E-12
AR GRAD 2024 06 22 02 11 30.000000 2  -3.114790370073E-11 -2.832450766987E-11
AR GRAD 2024 06 22 02 11 40.000000 2  -2.919400485246E-11 -1.110190758769E-11
AR GRAD 2024 06 22 02 11 50.000000 2  -3.387344224559E-11 -7.339311450250E-12
AR GRAD 2024 06 22 02 12  0.000000 2  -3.262806344551E-11  7.823287156983E-12
AR GRAD 2024 06 22 02 12 10.000000 2  -2.659417130957E-11 -2.074115401998E-12
AR GRAD 2024 06 22 02 12 20.000000 2  -3.510160564990E-11 -2.105151643284E-11
AR GRAD 2024 06 22 02 12 30.000000 2  -2.852565926525E-11 -1.297892088942E-11
AR GRAD 2024 06 22 02 12 40.000000 2  -3.037468193634E-11 -4.563229134835E-13
AR GRAD 2024 06 22 02 12 50.000000 2  -3.015993357836E-11 -5.493725266370E-12
AR GRAD 2024 06 22 02 13  0.000000 2  -3.546484633743E-11 -7.801127799301E-12
AR GRAD 2024 06 22 02 13 10.000000 2  -2.750173526411E-11  1.167147021391E-11
AR GRAD 2024 06 22 02 13 20.000000 2  -2.586318659237E-11 -5.465935863647E-12
AR GRAD 2024 06 22 02 13 30.000000 2  -3.148424229660E-11 -1.530333498811E-11
AR GRAD 2024 06 22 02 13 40.000000 2  -2.785446699682E-11 -8.470739734645E-12
AR GRAD 2024 06 22 02 13 50.000000 2  -2.336539121905E-11  1.302185789753E-11
AR GRAD 2024 06 22 02 14  0.000000 2  -3.112412064188E-11  1.164454058351E-12
AR GRAD 2024 06 22 02 14 10.000000 2  -3.575362228503E-11 -3.442950351901E-12
AR GRAD 2024 06 22 02 14 20.000000 2  -2.909053727074E-11 -2.160354143840E-12
AR GRAD 2024 06 22 02 14 30.000000 2  -3.106243734452E-11  7.522447833912E-13
AR GRAD 2024 06 22 02 14 40.000000 2  -2.474506016759E-11  8.548412086702E-13
AR GRAD 2024 06 22 02 14 50.000000 2  -2.928800951763E-11 -6.582562619983E-12
AR GRAD 2024 06 22 02 15  0.000000 2  -2.632039551587E-11  8.900348448700E-13
AR GRAD 2024 06 22 02 15 10.000000 2  -2.810311185153E-11  1.840262837949E-11
AR GRAD 2024 06 22 02 15 20.000000 2  -2.631987509882E-11 -1.878477581818E-11
AR GRAD 2024 06 22 02 15 30.000000 2  -2.536670526410E-11 -6.512177082307E-12
AR GRAD 2024 06 22 02 15 40.000000 2  -3.008767193724E-11 -9.109580277611E-12
AR GRAD 2024 06 22 02 15 50.000000 2  -2.362865458849E-11  2.024301559711E-11
AR GRAD 2024 06 22 02 16  0.000000 2  -2.360468591422E-11 -3.514388433046E-12
AR GRAD 2024 06 22 02 16 10.000000 2  -2.762557890779E-11  1.118820834589E-11
AR GRAD 2024 06 22 02 16 20.000000 2  -2.862960736538E-11  1.108027854039E-13
AR GRAD 2024 06 22 02 16 30.000000 2  -2.667215927288E-11 -4.246600900787E-12
AR GRAD 2024 06 22 02 16 40.000000 2  -2.842489785215E-11  8.765996609150E-12
AR GRAD 2024 06 22 02 16 50.000000 2  -2.161389990596E-11  1.370859068622E-11
AR GRAD 2024 06 22 02 17  0.000000 2  -2.751233095510E-11  2.621186904680E-12
AR GRAD 2024 06 22 02 17 10.000000 2  -3.358949229870E-11  2.242378331629E-11
AR GRAD 2024 06 22 02 17 20.000000 2  -2.462624895672E-11  1.556378398555E-12
AR GRAD 2024 06 22 02 17 30.000000 2  -2.272399282632E-11 -5.201026675311E-12
AR GRAD 2024 06 22 02 17 40.000000 2  -2.547844921152E-11  1.050157009963E-11
AR GRAD 2024 06 22 02 17 50.000000 2  -2.627690252888E-11 -1.225834538043E-12
AR GRAD 2024 06 22 02 18  0.000000 2  -2.187851982915E-11 -1.293239278687E-12
AR GRAD 2024 06 22 02 18 10.000000 2  -2.043134064711E-11  1.608935554231E-11
AR GRAD 2024 06 22 02 18 20.000000 2  -2.974447771420E-11 -1.618048793908E-12
AR GRAD 2024 06 22 02 18 30.000000 2  -1.942989692749E-11  1.035454708087E-11
AR GRAD 2024 06 22 02 18 40.000000 2  -2.223431855297E-11  6.727141413365E-12
AR GRAD 2024 06 22 02 18 50.000000 2  -2.714931057746E-11  1.737973653881E-11
AR GRAD 2024 06 22 02 19  0.000000 2  -2.142333359323E-11  1.666233297171E-11
AR GRAD 2024 06 22 02 19 10.000000 2  -2.234108037458E-11  1.572492656920E-11
AR GRAD 2024 06 22 02 19 20.000000 2  -2.405666811589E-11  6.517520897975E-12
AR GRAD 2024 06 22 02 19 30.000000 2  -1.978345612330E-11  1.179011836078E-11
AR GRAD 2024 06 22 02 19 40.000000 2  -1.801818416691E-11  7.962712954279E-12
AR GRAD 2024 06 22 02 19 50.000000 2  -2.438626731105E-11  4.665305468332E-12
AR GRAD 2024 06 22 02 20  0.000000 2  -2.673389981611E-11  6.789974669758E-14
AR GRAD 2024 06 22 02 20 10.000000 2  -2.045415052609E-11  3.150495706331E-12
AR GRAD 2024 06 22 02 20 20.000000 2  -2.014090456914E-11  1.130309040809E-11
AR GRAD 2024 06 22 02 20 30.000000 2  -1.929868070905E-11  1.811568429988E-11
AR GRAD 2024 06 22 02 20 40.000000 2  -2.158304611422E-11  1.816827764622E-11
AR GRAD 2024 06 22 02 20 50.000000 2  -1.877772763670E-11  7.180874384699E-12
AR GRAD 2024 06 22 02 21  0.000000 2  -1.776411483190E-11  2.943467735175E-12
AR GRAD 2024 06 22 02 21 10.000000 2  -1.742057019471E-11 -2.543937499891E-12
AR GRAD 2024 06 22 02 21 20.000000 2  -1.754891718053E-11  1.384865746384E-11
AR GRAD 2024 06 22 02 21 30.000000 2  -2.239201185583E-11  8.641250909269E-12
AR GRAD 2024 06 22 02 21 40.000000 2  -1.497970671116E-11  1.399384601253E-11
AR GRAD 2024 06 22 02 21 50.000000 2  -1.869102268792E-11  1.751643968761E-11
AR GRAD 2024 06 22 02 22  0.000000 2  -1.393363636276E-11  7.579032887395E-12
AR GRAD 2024 06 22 02 22 10.000000 2  -1.433797178207E-11  5.671628097725E-12
AR GRAD 2024 06 22 02 22 20.000000 2  -2.316824510018E-11  1.801422032377E-11
AR GRAD 2024 06 22 02 22 30.000000 2  -1.851155166654E-11  2.379681521281E-11
AR GRAD 2024 06 22 02 22 40.000000 2  -2.093471056230E-11  1.809407875267E-12
AR GRAD 2024 06 22 02 22 50.000000 2  -1.647813309413E-11  4.106200102161E-11
AR GRAD 2024 06 22 02 23  0.000000 2  -1.980624171616E-11  1.513459496616E-11
AR GRAD 2024 06 22 02 23 10.000000 2  -1.717203115814E-11  3.932719080946E-11
AR GRAD 2024 06 22 02 23 20.000000 2  -2.321155767593E-11  7.569781607097E-12
AR GRAD 2024 06 22 02 23 30.000000 2  -1.859820457362E-11  5.502376332345E-12
AR GRAD 2024 06 22 02 23 40.000000 2  -2.031920812162E-11  3.755497302027E-11
AR GRAD 2024 06 22 02 23 50.000000 2  -1.822363267234E-11  1.052756319619E-11
AR GRAD 2024 06 22 02 24  0.000000 2  -1.459928532233E-11  1.758015608089E-11
AR GRAD 2024 06 22 02 24 10.000000 2  -1.237444955532E-11  1.269274962912E-11
AR GRAD 2024 06 22 02 24 20.000000 2  -1.280393586295E-11  2.184533977323E-11
AR GRAD 2024 06 22 02 24 30.000000 2  -1.261523177587E-11  5.357935449479E-12
AR GRAD 2024 06 22 02 24 40.000000 2  -1.415865168164E-11  1.435052857796E-11
AR GRAD 2024 06 22 02 24 50.000000 2  -1.394624259826E-11  3.473312262803E-11
AR GRAD 2024 06 22 02 25  0.000000 2  -1.777123587177E-11  9.725715025000E-12
AR GRAD 2024 06 22 02 25 10.000000 2  -1.443694035846E-11  2.880830643481E-11
AR GRAD 2024 06 22 02 25 20.000000 2  -1.332679279431E-11  1.505089976261E-11
AR GRAD 2024 06 22 02 25 30.000000 2  -1.792571820147E-11  4.625349409038E-11
AR GRAD 2024 06 22 02 25 40.000000 2  -2.108982606608E-11  5.876084775008E-12
AR GRAD 2024 06 22 02 25 50.000000 2  -2.128815006219E-11  3.278868149215E-11
AR GRAD 2024 06 22 02 26  0.000000 2  -1.072127456259E-11  1.761126834643E-11
AR GRAD 2024 06 22 02 26 10.000000 2  -1.442380850175E-11  2.721386310744E-11
AR GRAD 2024 06 22 02 26 20.000000 2  -1.287823320206E-11  1.638645469315E-11
AR GRAD 2024 06 22 02 26 30.000000 2  -1.194421384715E-11  1.923904785484E-11
AR GRAD 2024 06 22 02 26 40.000000 2  -1.431711693645E-11  1.416163974283E-11
AR GRAD 2024 06 22 02 26 50.000000 2  -1.374307005003E-11  3.104423315636E-11
AR GRAD 2024 06 22 02 27  0.000000 2  -7.432465233548E-12  2.094682413634E-11
AR GRAD 2024 06 22 02 27 10.000000 2  -1.758442176591E-11  2.555941742977E-11
AR GRAD 2024 06 22 02 27 20.000000 2  -9.336123887871E-12  2.824200769080E-11
AR GRAD 2024 06 22 02 27 30.000000 2  -1.278070531352E-11  2.079460041660E-11
AR GRAD 2024 06 22 02 27 40.000000 2  -1.518593757688E-11  2.450719141511E-11
AR GRAD 2024 06 22 02 27 50.000000 2  -9.997814208462E-12  3.330978548544E-11
AR GRAD 2024 06 22 02 28  0.000000 2  -1.258614826943E-11  2.310237591507E-11
AR GRAD 2024 06 22 02 28 10.000000 2  -1.410894925197E-11  3.108496793303E-11
AR GRAD 2024 06 22 02 28 20.000000 2  -1.308712686832E-11  4.141756035358E-11
AR GRAD 2024 06 22 02 28 30.000000 2  -9.308230401739E-12  2.279014997553E-11
AR GRAD 2024 06 22 02 28 40.000000 2  -1.515210699965E-11  2.603274019963E-11
AR GRAD 2024 06 22 02 28 50.000000 2  -1.303635758371E-11  2.965533721366E-11
AR GRAD 2024 06 22 02 29  0.000000 2  -1.153931811215E-11  3.450792429582E-11
AR GRAD 2024 06 22 02 29 10.000000 2  -1.164759001054E-11  2.538051539769E-11
AR GRAD 2024 06 22 02 29 20.000000 2  -7.931775028447E-12  3.379311067087E-11
AR GRAD 2024 06 22 02 29 30.000000 2  -1.280381963648E-11  2.547569794009E-11
AR GRAD 2024 06 22 02 29 40.000000 2  -8.987637890867E-12  4.061828998148E-11
AR GRAD 2024 06 22 02 29 50.000000 2  -1.745367218808E-11  2.440088062161E-11
AR GRAD 2024 06 22 02 30  0.000000 2  -1.050147035303E-11  3.645347565473E-11
AR GRAD 2024 06 22 02 30 10.000000 2  -8.470112632109E-12  2.688606282053E-11
AR GRAD 2024 06 22 02 30 20.000000 2  -1.102560924504E-11  3.697865624819E-11
AR GRAD 2024 06 22 02 30 30.000000 2  -1.425224261525E-11  2.091124322312E-11
AR GRAD 2024 06 22 02 30 40.000000 2  -6.881230394523E-12  3.307383880657E-11
AR GRAD 2024 06 22 02 30 50.000000 2  -1.123569726841E-11  4.183643015354E-11
AR GRAD 2024 06 22 02 31  0.000000 2  -6.771586763543E-12  3.145901941726E-11
AR GRAD 2024 06 22 02 31 10.000000 2  -5.847732454517E-12  4.923160837333E-11
AR GRAD 2024 06 22 02 31 20.000000 2  -1.117002757650E-11  3.286420094395E-11
AR GRAD 2024 06 22 02 31 30.000000 2  -1.208970944189E-11  3.342679258389E-11
AR GRAD 2024 06 22 02 31 40.000000 2  -1.246117879022E-11  3.693938210869E-11
AR GRAD 2024 06 22 02 31 50.000000 2  -9.937176081998E-12  3.816197011175E-11
AR GRAD 2024 06 22 02 32  0.000000 2  -6.622226204900E-12  1.902455970537E-11
AR GRAD 2024 06 22 02 32 10.000000 2  -1.052507907218E-11  4.401715103519E-11
AR GRAD 2024 06 22 02 32 20.000000 2  -8.089749356510E-12  4.083974131097E-11
AR GRAD 2024 06 22 02 32 30.000000 2  -5.526338067718E-12  2.917233121735E-11
AR GRAD 2024 06 22 02 32 40.000000 2  -7.106161145631E-12  4.198492248308E-11
AR GRAD 2024 06 22 02 32 50.000000 2  -9.093077853184E-12  3.075751112136E-11
AR GRAD 2024 06 22 02 33  0.000000 2  -6.442185760541E-12  2.131010125306E-11
AR GRAD 2024 06 22 02 33 10.000000 2  -8.444015452136E-12  3.520269145629E-11
AR GRAD 2024 06 22 02 33 20.000000 2  -9.443366227879E-12  4.619528023997E-11
AR GRAD 2024 06 22 02 33 30.000000 2  -7.336119559054E-12  3.178787094660E-11
AR GRAD 2024 06 22 02 33 40.000000 2  -1.184378810304E-11  5.007046166572E-11
AR GRAD 2024 06 22 02 33 50.000000 2  -4.665768205819E-12  2.735305038026E-11
AR GRAD 2024 06 22 02 34  0.000000 2  -7.811862268170E-12  3.504564000112E-11
AR GRAD 2024 06 22 02 34 10.000000 2  -9.816000443030E-12  4.641823037055E-11
AR GRAD 2024 06 22 02 34 20.000000 2  -4.979039749942E-12  3.034082013409E-11
AR GRAD 2024 06 22 02 34 30.000000 2  -2.956762872736E-12  4.133340891777E-11
AR GRAD 2024 06 22 02 34 40.000000 2  -1.177383017470E-11  4.184599888823E-11
AR GRAD 2024 06 22 02 34 50.000000 2  -3.146981156568E-12  3.918858640373E-11
AR GRAD 2024 06 22 02 35  0.000000 2  -8.588938588128E-12  4.646117518492E-11
AR GRAD 2024 06 22 02 35 10.000000 2  -1.031010433278E-11  2.965376555419E-11
AR GRAD 2024 06 22 02 35 20.000000 2  -7.689062928029E-12  4.259635699722E-11
AR GRAD 2024 06 22 02 35 30.000000 2  -8.475213586490E-12  4.274894327416E-11
AR GRAD 2024 06 22 02 35 40.000000 2  -6.295183558463E-12  3.371153356468E-11
AR GRAD 2024 06 22 02 35 50.000000 2  -4.746167434760E-12  5.142412537462E-11
AR GRAD 2024 06 22 02 36  0.000000 2  -7.535152189708E-12  4.711670983926E-11
AR GRAD 2024 06 22 02 36 10.000000 2  -4.924028632752E-12  5.097930064202E-11
AR GRAD 2024 06 22 02 36 20.000000 2  -6.810526101408E-12  3.342189025535E-11
AR GRAD 2024 06 22 02 36 30.000000 2  -6.405557074346E-12  3.271447696074E-11
AR GRAD 2024 06 22 02 36 40.000000 2  -6.771511736753E-12  3.121706712572E-11
AR GRAD 2024 06 22 02 36 50.000000 2  -6.267204637200E-12  3.173965604231E-11
AR GRAD 2024 06 22 02 37  0.000000 2  -8.842671386788E-12  4.011224338796E-11
AR GRAD 2024 06 22 02 37 10.000000 2  -3.763844270976E-12  4.712483528402E-11
AR GRAD 2024 06 22 02 37 20.000000 2  -7.071970179601E-12  4.212741960830E-11
AR GRAD 2024 06 22 02 37 30.000000 2  -2.136188578458E-12  4.772000850028E-11
AR GRAD 2024 06 22 02 37 40.000000 2  -3.653747009807E-12  3.352259442257E-11
AR GRAD 2024 06 22 02 37 50.000000 2  -6.828450565405E-12  5.040518349930E-11
AR GRAD 2024 06 22 02 38  0.000000 2  -7.474993714285E-12  3.343777338349E-11
AR GRAD 2024 06 22 02 38 10.000000 2  -1.399811148071E-12  4.473036177566E-11
AR GRAD 2024 06 22 02 38 20.000000 2  -4.588200912953E-12  2.943294913349E-11
AR GRAD 2024 06 22 02 38 30.000000 2  -3.010800159534E-12  2.934553641754E-11
AR GRAD 2024 06 22 02 38 40.000000 2  -2.517542814842E-12  5.245812464971E-11
AR GRAD 2024 06 22 02 38 50.000000 2   1.300163644281E-12  3.272071155691E-11
AR GRAD 2024 06 22 02 39  0.000000 2  -5.067455136065E-12  4.602330322401E-11
AR GRAD 2024 06 22 02 39 10.000000 2  -3.783665221413E-12  4.374588885581E-11
AR GRAD 2024 06 22 02 39 20.000000 2  -5.610482998325E-12  2.453847541828E-11
AR GRAD 2024 06 22 02 39 30.000000 2  -5.321458551588E-12  4.468106440392E-11
AR GRAD 2024 06 22 02 39 40.000000 2  -1.498928585419E-12  5.194365076955E-11
AR GRAD 2024 06 22 02 39 50.000000 2  -3.789684711875E-12  2.920623812241E-11
AR GRAD 2024 06 22 02 40  0.000000 2  -8.603022808029E-12  4.462882841061E-11
AR GRAD 2024 06 22 02 40 10.000000 2  -7.496939700979E-12  4.952141474668E-11
AR GRAD 2024 06 22 02 40 20.000000 2  -4.309043139666E-12  3.735400183613E-11
AR GRAD 2024 06 22 02 40 30.000000 2  -1.600145797115E-12  3.528658962249E-11
AR GRAD 2024 06 22 02 40 40.000000 2  -3.953515900074E-12  4.644917436791E-11
AR GRAD 2024 06 22 02 40 50.000000 2  -5.942159524847E-12  3.038176307757E-11
AR GRAD 2024 06 22 02 41  0.000000 2  -7.743541918792E-12  4.754435040111E-11
AR GRAD 2024 06 22 02 41 10.000000 2  -9.781114286567E-12  4.086693483618E-11
AR GRAD 2024 06 22 02 41 20.000000 2  -7.599232874911E-12  3.805952428215E-11
AR GRAD 2024 06 22 02 41 30.000000 2  -6.023387517928E-12  6.283210757241E-11
AR GRAD 2024 06 22 02 41 40.000000 2  -5.344219424636E-12  3.373469559254E-11
AR GRAD 2024 06 22 02 41 50.000000 2  -5.496296560242E-12  2.368728303781E-11
AR GRAD 2024 06 22 02 42  0.000000 2  -4.370160049810E-12  5.076987094621E-11
AR GRAD 2024 06 22 02 42 10.000000 2  -7.797382531316E-12  3.264245818091E-11
AR GRAD 2024 06 22 02 42 20.000000 2  -3.158919089849E-12  4.329504463274E-11
AR GRAD 2024 06 22 02 42 30.000000 2  -2.695964111676E-12  4.548763102297E-11
AR GRAD 2024 06 22 02 42 40.000000 2   4.338910957954E-13  2.868021618807E-11
AR GRAD 2024 06 22 02 42 50.000000 2  -7.532642912200E-12  4.588280103079E-11
AR GRAD 2024 06 22 02 43  0.000000 2  -7.937177824713E-12  4.234538761305E-11
AR GRAD 2024 06 22 02 43 10.000000 2  -5.082416258684E-12  2.879797442179E-11
AR GRAD 2024 06 22 02 43 20.000000 2  -2.990652647403E-12  6.034055893833E-11
AR GRAD 2024 06 22 02 43 30.000000 2  -6.530877835059E-12  3.359314909579E-11
AR GRAD 2024 06 22 02 43 40.000000 2  -6.080933066116E-12  4.448573454052E-11
AR GRAD 2024 06 22 02 43 50.000000 2  -4.554245435634E-12  3.198832171369E-11
AR GRAD 2024 06 22 02 44  0.000000 2  -5.626987591156E-12  4.921090618337E-11
AR GRAD 2024 06 22 02 44 10.000000 2  -1.017393114200E-11  3.505349135957E-11
AR GRAD 2024 06 22 02 44 20.000000 2   2.008586168483E-13  3.798607609018E-11
AR GRAD 2024 06 22 02 44 30.000000 2  -6.032012563051E-12  3.963866387902E-11
AR GRAD 2024 06 22 02 44 40.000000 2  -9.062518097069E-12  3.160124939505E-11
AR GRAD 2024 06 22 02 44 50.000000 2  -2.607561735979E-12  3.274383542085E-11
AR GRAD 2024 06 22 02 45  0.000000 2  -8.876842837180E-12  2.836641858905E-11
AR GRAD 2024 06 22 02 45 10.000000 2  -2.701034925237E-12  4.072900697261E-11
AR GRAD 2024 06 22 02 45 20.000000 2  -3.797299280572E-12  4.392159552724E-11
AR GRAD 2024 06 22 02 45 30.000000 2  -6.450851571665E-12  3.614417792841E-11
AR GRAD 2024 06 22 02 45 40.000000 2  -7.309908754694E-12  4.311676363167E-11
AR GRAD 2024 06 22 02 45 50.000000 2  -4.793924805735E-12  4.022934763093E-11
AR GRAD 2024 06 22 02 46  0.000000 2  -1.048443897347E-13  4.153193067236E-11
AR GRAD 2024 06 22 02 46 10.000000 2  -5.025255385427E-12  4.444452098018E-11
AR GRAD 2024 06 22 02 46 20.000000 2  -7.965318400520E-13  3.644710228068E-11
AR GRAD 2024 06 22 02 46 30.000000 2  -5.110155354426E-12  3.906969192613E-11
AR GRAD 2024 06 22 02 46 40.000000 2  -3.332002371497E-13  3.658227540337E-11
AR GRAD 2024 06 22 02 46 50.000000 2  -5.684648932136E-12  3.323485583961E-11
AR GRAD 2024 06 22 02 47  0.000000 2  -4.599159161151E-12  4.219744345613E-11
AR GRAD 2024 06 22 02 47 10.000000 2  -7.798659287794E-12  3.018002861510E-11
AR GRAD 2024 06 22 02 47 20.000000 2  -3.562644103339E-12  4.853261542648E-11
AR GRAD 2024 06 22 02 47 30.000000 2  -5.156193614436E-12  4.416519580608E-11
AR GRAD 2024 06 22 02 47 40.000000 2  -9.855370859679E-12  3.604778281430E-11
AR GRAD 2024 06 22 02 47 50.000000 2  -3.201909007031E-12  4.214036758432E-11
AR GRAD 2024 06 22 02 48  0.000000 2  -8.111683525401E-13  4.172295148264E-11
AR GRAD 2024 06 22 02 48 10.000000 2  -5.788753591057E-12  3.828553793439E-11
AR GRAD 2024 06 22 02 48 20.000000 2  -3.152982866114E-12  3.507812096348E-11
AR GRAD 2024 06 22 02 48 30.000000 2  -2.674321267909E-12  4.950070561782E-11
AR GRAD 2024 06 22 02 48 40.000000 2  -5.071129280387E-12  4.153329069556E-11
AR GRAD 2024 06 22 02 48 50.000000 2  -1.481097037549E-12  3.374587415061E-11
AR GRAD 2024 06 22 02 49  0.000000 2  -1.593249620777E-12  3.642845747276E-11
AR GRAD 2024 06 22 02 49 10.000000 2  -5.534038071547E-12  3.889104316368E-11
AR GRAD 2024 06 22 02 49 20.000000 2  -8.039949782324E-12  3.519362926085E-11
AR GRAD 2024 06 22 02 49 30.000000 2  -2.211853313352E-12  5.004621023152E-11
AR GRAD 2024 06 22 02 49 40.000000 2  -4.268991410372E-12  4.167879583128E-11
AR GRAD 2024 06 22 02 49 50.000000 2  -8.222489529530E-12  3.896137579229E-11
AR GRAD 2024 06 22 02 50  0.000000 2  -2.455169964902E-12  4.678396212099E-11
AR GRAD 2024 06 22 02 50 10.000000 2  -1.024788413850E-11  4.001654216323E-11
AR GRAD 2024 06 22 02 50 20.000000 2  -5.308969843604E-12  3.401913126200E-11
AR GRAD 2024 06 22 02 50 30.000000 2  -3.845587910611E-12  3.286170988104E-11
AR GRAD 2024 06 22 02 50 40.000000 2  -1.000696053799E-11  4.123429375724E-11
AR GRAD 2024 06 22 02 50 50.000000 2  -5.949860829718E-13  3.905687925854E-11
AR GRAD 2024 06 22 02 51  0.000000 2  -6.521689004807E-12  3.712946616830E-11
AR GRAD 2024 06 22 02 51 10.000000 2  -2.352086841267E-12  4.176204521089E-11
AR GRAD 2024 06 22 02 51 20.000000 2  -9.227361930098E-12  4.588462942934E-11
AR GRAD 2024 06 22 02 51 30.000000 2  -8.505914722567E-12  3.824721095391E-11
AR GRAD 2024 06 22 02 51 40.000000 2  -8.710894852659E-12  2.446979598114E-11
AR GRAD 2024 06 22 02 51 50.000000 2  -9.824252522606E-12  4.304238215846E-11
AR GRAD 2024 06 22 02 52  0.000000 2  -6.397165783212E-12  3.971496395638E-11
AR GRAD 2024 06 22 02 52 10.000000 2  -7.896650347505E-12  3.528754718984E-11
AR GRAD 2024 06 22 02 52 20.000000 2  -1.151282628259E-11  4.814012730114E-11
AR GRAD 2024 06 22 02 52 30.000000 2  -8.073127236163E-12  4.341271092612E-11
AR GRAD 2024 06 22 02 52 40.000000 2  -8.832199728526E-12  3.305529461262E-11
AR GRAD 2024 06 22 02 52 50.000000 2  -3.644076793791E-12  3.783787519418E-11
AR GRAD 2024 06 22 02 53  0.000000 2  -1.077109668818E-11  2.606045934606E-11
AR GRAD 2024 06 22 02 53 10.000000 2  -4.976115006161E-12  4.395304259441E-11
AR GRAD 2024 06 22 02 53 20.000000 2  -9.198621898909E-12  3.754562286074E-11
AR GRAD 2024 06 22 02 53 30.000000 2  -1.265602553313E-11  5.093820851232E-11
AR GRAD 2024 06 22 02 53 40.000000 2  -8.045977079041E-12  2.624078732083E-11
AR GRAD 2024 06 22 02 53 50.000000 2  -9.504867379273E-12  3.567337397703E-11
AR GRAD 2024 06 22 02 54  0.000000 2  -1.446312253989E-11  4.034595227353E-11
AR GRAD 2024 06 22 02 54 10.000000 2  -4.083268011906E-12  4.909853773549E-11
AR GRAD 2024 06 22 02 54 20.000000 2  -1.341994657761E-11  3.326111608359E-11
AR GRAD 2024 06 22 02 54 30.000000 2  -1.364849379348E-11  2.534369936136E-11
AR GRAD 2024 06 22 02 54 40.000000 2  -7.812760854931E-12  4.083628227236E-11
AR GRAD 2024 06 22 02 54 50.000000 2  -1.133235952994E-11  4.072886472528E-11
AR GRAD 2024 06 22 02 55  0.000000 2  -1.362729200316E-11  3.722144814589E-11
AR GRAD 2024 06 22 02 55 10.000000 2  -1.175465627612E-11  2.380402819302E-11
AR GRAD 2024 06 22 02 55 20.000000 2  -1.122562546391E-11  3.347661037267E-11
AR GRAD 2024 06 22 02 55 30.000000 2  -1.423702475356E-11  3.337919524116E-11
AR GRAD 2024 06 22 02 55 40.000000 2  -9.146253199255E-12  3.238177434528E-11
AR GRAD 2024 06 22 02 55 50.000000 2  -1.331786070313E-11  4.362435412908E-11
AR GRAD 2024 06 22 02 56  0.000000 2  -1.373445454589E-11  4.013693891136E-11
AR GRAD 2024 06 22 02 56 10.000000 2  -1.116488151931E-11  3.154951994100E-11
AR GRAD 2024 06 22 02 56 20.000000 2  -1.146539200386E-11  3.606210122187E-11
AR GRAD 2024 06 22 02 56 30.000000 2  -9.813095648570E-12  2.963468359596E-11
AR GRAD 2024 06 22 02 56 40.000000 2  -5.759163979047E-12  4.223726576824E-11
AR GRAD 2024 06 22 02 56 50.000000 2  -2.986744749092E-12  3.224984515549E-11
AR GRAD 2024 06 22 02 57  0.000000 2  -1.370796358369E-11  2.986242503278E-11
AR GRAD 2024 06 22 02 57 10.000000 2  -9.906096776202E-12  1.820500521166E-11
AR GRAD 2024 06 22 02 57 20.000000 2  -1.741389844823E-11  4.037759016029E-11
AR GRAD 2024 06 22 02 57 30.000000 2  -1.231948137254E-11  2.992017050785E-11
AR GRAD 2024 06 22 02 57 40.000000 2  -1.218260822083E-11  2.295274907638E-11
AR GRAD 2024 06 22 02 57 50.000000 2  -8.131284708057E-12  4.453533028470E-11
AR GRAD 2024 06 22 02 58  0.000000 2  -1.612635198989E-11  4.031791220327E-11
AR GRAD 2024 06 22 02 58 10.000000 2  -1.550556037733E-11  2.361049203370E-11
AR GRAD 2024 06 22 02 58 20.000000 2  -1.572827805496E-11  2.735307293167E-11
AR GRAD 2024 06 22 02 58 30.000000 2  -1.120985856223E-11  4.190565255913E-11
AR GRAD 2024 06 22 02 58 40.000000 2  -9.705354575562E-12  2.639823429296E-11
AR GRAD 2024 06 22 02 58 50.000000 2  -9.828516472909E-12  3.081081570433E-11
AR GRAD 2024 06 22 02 59  0.000000 2  -1.653294341708E-11  3.402339521230E-11
AR GRAD 2024 06 22 02 59 10.000000 2  -2.605589702331E-11  3.323597300153E-11
AR GRAD 2024 06 22 02 59 20.000000 2  -1.407648910629E-11  3.069855827875E-11
AR GRAD 2024 06 22 02 59 30.000000 2  -1.217932872610E-11  5.138113545744E-11
AR GRAD 2024 06 22 02 59 40.000000 2  -2.029418993965E-11  3.020371799889E-11
AR GRAD 2024 06 22 02 59 50.000000 2  -1.736349258818E-11  3.082629637663E-11
AR GRAD 2024 06 22 03 00  0.000000 2  -1.332751530664E-11  3.059887759838E-11
AR GRAD 2024 06 22 03 00 10.000000 2  -1.644834962677E-11  3.316145621990E-11
AR GRAD 2024 06 22 03 00 20.000000 2  -1.910100549951E-11  2.417403603683E-11
AR GRAD 2024 06 22 03 00 30.000000 2  -2.189511245920E-11  2.486661571099E-11
AR GRAD 2024 06 22 03 00 40.000000 2  -2.479292812718E-11  6.491919501972E-11
AR GRAD 2024 06 22 03 00 50.000000 2  -1.439072212089E-11  3.360178107981E-11
AR GRAD 2024 06 22 03 01  0.000000 2  -1.486195021216E-11  2.383435462883E-11
AR GRAD 2024 06 22 03 01 10.000000 2  -2.192221751351E-11  4.942693823673E-11
AR GRAD 2024 06 22 03 01 20.000000 2  -1.847752333084E-11  4.989516178694E-12
AR GRAD 2024 06 22 03 01 30.000000 2  -2.153255525272E-11  3.625209507585E-11
AR GRAD 2024 06 22 03 01 40.000000 2  -1.540629082641E-11  1.454674488505E-12
AR GRAD 2024 06 22 03 01 50.000000 2  -2.485111422201E-11  4.170725570463E-11
AR GRAD 2024 06 22 03 02  0.000000 2  -1.958419711123E-11  3.769983283886E-11
AR GRAD 2024 06 22 03 02 10.000000 2  -1.804664230554E-11  9.252413939176E-12
AR GRAD 2024 06 22 03 02 20.000000 2  -2.391449191452E-11  4.052499308349E-11
AR GRAD 2024 06 22 03 02 30.000000 2  -2.194388074028E-11  2.294757266152E-11
AR GRAD 2024 06 22 03 02 40.000000 2  -2.174880241179E-11  2.426014944490E-11
AR GRAD 2024 06 22 03 02 50.000000 2  -2.663452097762E-11  3.253272998216E-11
AR GRAD 2024 06 22 03 03  0.000000 2  -2.306208349290E-11  4.367530989646E-11
AR GRAD 2024 06 22 03 03 10.000000 2  -2.589793657304E-11  2.085788659845E-11
AR GRAD 2024 06 22 03 03 20.000000 2  -1.836262565613E-11  3.521046995636E-11
AR GRAD 2024 06 22 03 03 30.000000 2  -2.482911619361E-11  2.859304459868E-11
AR GRAD 2024 06 22 03 03 40.000000 2  -1.873903983374E-11  1.759562461012E-11
AR GRAD 2024 06 22 03 03 50.000000 2  -2.383836010533E-11  2.854820373155E-11
AR GRAD 2024 06 22 03 04  0.000000 2  -2.237547126749E-11  2.756078004706E-11
AR GRAD 2024 06 22 03 04 10.000000 2  -2.083569948519E-11  2.839336057936E-11
AR GRAD 2024 06 22 03 04 20.000000 2  -2.523199184312E-11  3.022593980662E-11
AR GRAD 2024 06 22 03 04 30.000000 2  -2.524421123529E-11  2.682851857339E-11
AR GRAD 2024 06 22 03 04 40.000000 2  -2.102693713590E-11  3.589109912050E-11
AR GRAD 2024 06 22 03 04 50.000000 2  -2.480616406730E-11  2.606367378866E-11
