 2.00 C RINEX VERSION / TYPE
 10.00 INTERVAL
 1 AR # / TYPES OF DATA
 END OF HEADER
AR GRAD 2024 06 13 01 05  0.000000 2  -6.591941402456E-12 -1.485107176125E-11
AR GRAD 2024 06 13 01 05 10.000000 2  -8.739909837518E-12 -1.303228011618E-11
AR GRAD 2024 06 13 01 05 20.000000 2  -8.604964830961E-12 -4.623488657901E-12
AR GRAD 2024 06 13 01 05 30.000000 2  -9.932633708576E-12 -2.182469656387E-11
AR GRAD 2024 06 13 01 05 40.000000 2  -1.066765946411E-11 -5.085903486551E-12
AR GRAD 2024 06 13 01 05 50.000000 2  -1.114811541691E-11 -1.218710809353E-11
AR GRAD 2024 06 13 01 06  0.000000 2  -1.035033517227E-11 -7.628313779262E-12
AR GRAD 2024 06 13 01 06 10.000000 2  -8.546816900046E-12 -2.449952046790E-11
AR GRAD 2024 06 13 01 06 20.000000 2  -1.121943423582E-11  2.092788968381E-13
AR GRAD 2024 06 13 01 06 30.000000 2  -9.514266111066E-12 -1.727192694423E-11
AR GRAD 2024 06 13 01 06 40.000000 2  -1.028031132444E-11 -1.236312701519E-11
AR GRAD 2024 06 13 01 06 50.000000 2  -1.165310296175E-11 -7.254330382928E-12
AR GRAD 2024 06 13 01 07  0.000000 2  -6.762039712893E-12 -1.098553106121E-11
AR GRAD 2024 06 13 01 07 10.000000 2  -1.367132448915E-11 -9.266730612023E-12
AR GRAD 2024 06 13 01 07 20.000000 2  -8.799873156551E-12 -2.450792867259E-11
AR GRAD 2024 06 13 01 07 30.000000 2  -9.773240376709E-12 -1.609912897438E-11
AR GRAD 2024 06 13 01 07 40.000000 2  -1.229948694975E-11 -2.043032583388E-11
AR GRAD 2024 06 13 01 07 50.000000 2  -1.002576927728E-11 -2.501524161425E-12
AR GRAD 2024 06 13 01 08  0.000000 2  -9.054638983041E-12 -3.020271532872E-11
AR GRAD 2024 06 13 01 08 10.000000 2  -7.867379490933E-12 -7.513915704915E-12
AR GRAD 2024 06 13 01 08 20.000000 2  -1.097313472725E-11 -3.252510760721E-11
AR GRAD 2024 06 13 01 08 30.000000 2  -1.046270882432E-11 -2.829630453560E-11
AR GRAD 2024 06 13 01 08 40.000000 2  -6.342695899747E-12 -2.334249807334E-11
AR GRAD 2024 06 13 01 08 50.000000 2  -1.401795172995E-11 -1.838868987636E-11
AR GRAD 2024 06 13 01 09  0.000000 2  -7.526377958367E-12 -2.163988259418E-11
AR GRAD 2024 06 13 01 09 10.000000 2  -1.015103712892E-11 -2.310107660719E-11
AR GRAD 2024 06 13 01 09 20.000000 2  -7.880394253812E-12 -2.141226432273E-11
AR GRAD 2024 06 13 01 09 30.000000 2  -1.060412261472E-11 -1.972345377299E-11
AR GRAD 2024 06 13 01 09 40.000000 2  -9.346884377592E-12 -2.306464221002E-11
AR GRAD 2024 06 13 01 09 50.000000 2  -8.154793680604E-12 -2.191583199640E-11
AR GRAD 2024 06 13 01 10  0.000000 2  -1.234504685976E-11 -1.714701991506E-11
AR GRAD 2024 06 13 01 10 10.000000 2  -1.137827419090E-11 -2.640820548350E-11
AR GRAD 2024 06 13 01 10 20.000000 2  -9.611655221731E-12 -1.624939072187E-11
AR GRAD 2024 06 13 01 10 30.000000 2  -6.865872887590E-12 -2.054057791911E-11
AR GRAD 2024 06 13 01 10 40.000000 2  -1.273753932191E-11 -2.688176070631E-11
AR GRAD 2024 06 13 01 10 50.000000 2  -9.051526889126E-12 -1.590294389231E-11
AR GRAD 2024 06 13 01 11  0.000000 2  -8.041844100359E-12 -3.024412317809E-11
AR GRAD 2024 06 13 01 11 10.000000 2  -1.130592060944E-11 -3.492530570304E-11
AR GRAD 2024 06 13 01 11 20.000000 2  -9.316109515767E-12 -1.663649253081E-11
AR GRAD 2024 06 13 01 11 30.000000 2  -1.091452882934E-11 -2.354767422719E-11
AR GRAD 2024 06 13 01 11 40.000000 2  -1.094471561991E-11 -3.045885071939E-11
AR GRAD 2024 06 13 01 11 50.000000 2  -9.847145668318E-12 -2.276002997181E-11
AR GRAD 2024 06 13 01 12  0.000000 2  -1.232192733264E-11 -2.207120770870E-11
AR GRAD 2024 06 13 01 12 10.000000 2  -7.832771757588E-12 -2.138238718030E-11
AR GRAD 2024 06 13 01 12 20.000000 2  -1.414043708514E-11 -2.045356418956E-11
AR GRAD 2024 06 13 01 12 30.000000 2  -9.683312311715E-12 -1.952473946409E-11
AR GRAD 2024 06 13 01 12 40.000000 2  -1.049299883094E-11 -1.859591647335E-11
AR GRAD 2024 06 13 01 12 50.000000 2  -1.055897296681E-11 -2.358709234873E-11
AR GRAD 2024 06 13 01 13  0.000000 2  -9.942185096035E-12 -2.857826648939E-11
AR GRAD 2024 06 13 01 13 10.000000 2  -8.553375889508E-12 -3.138943618919E-11
AR GRAD 2024 06 13 01 13 20.000000 2  -1.107760324442E-11 -2.129060990008E-11
AR GRAD 2024 06 13 01 13 30.000000 2  -1.054894366304E-11 -2.592678328972E-11
AR GRAD 2024 06 13 01 13 40.000000 2  -8.257087721897E-12 -3.056295147519E-11
AR GRAD 2024 06 13 01 13 50.000000 2  -1.246345648215E-11 -3.232411907583E-11
AR GRAD 2024 06 13 01 14  0.000000 2  -1.080093219724E-11 -3.266243525646E-11
AR GRAD 2024 06 13 01 14 10.000000 2  -8.283838892620E-12 -3.300074796764E-11
AR GRAD 2024 06 13 01 14 20.000000 2  -9.204840015209E-12 -3.333905720937E-11
AR GRAD 2024 06 13 01 14 30.000000 2  -8.764733730460E-12 -3.367736645110E-11
AR GRAD 2024 06 13 01 14 40.000000 2  -1.072397119023E-11 -3.401567569283E-11
AR GRAD 2024 06 13 01 14 50.000000 2  -1.170974602005E-11 -3.435398493457E-11
AR GRAD 2024 06 13 01 15  0.000000 2  -8.077402462170E-12 -3.469229417630E-11
AR GRAD 2024 06 13 01 15 10.000000 2  -1.120074519245E-11 -3.443679369441E-11
AR GRAD 2024 06 13 01 15 20.000000 2  -9.105946899290E-12 -3.418128627364E-11
AR GRAD 2024 06 13 01 15 30.000000 2  -1.040346194608E-11 -3.392578579176E-11
AR GRAD 2024 06 13 01 15 40.000000 2  -9.259905342507E-12 -3.141694196462E-11
AR GRAD 2024 06 13 01 15 50.000000 2  -4.261382913207E-12 -2.899810599977E-11
AR GRAD 2024 06 13 01 16  0.000000 2  -1.253161116543E-11 -2.593593569078E-11
AR GRAD 2024 06 13 01 16 10.000000 2  -8.178924551516E-12 -2.287376191235E-11
AR GRAD 2024 06 13 01 16 20.000000 2  -8.911232862729E-12 -1.981158813391E-11
AR GRAD 2024 06 13 01 16 30.000000 2  -8.874163556771E-12 -3.577274934607E-11
AR GRAD 2024 06 13 01 16 40.000000 2  -7.146559819621E-12 -3.390889999344E-11
AR GRAD 2024 06 13 01 16 50.000000 2  -8.124680615784E-12 -3.204505757970E-11
AR GRAD 2024 06 13 01 17  0.000000 2  -7.328482438951E-12 -2.958621542204E-11
AR GRAD 2024 06 13 01 17 10.000000 2  -6.555454096224E-12 -2.740237203813E-11
AR GRAD 2024 06 13 01 17 20.000000 2  -1.004469771249E-11 -2.521852691950E-11
AR GRAD 2024 06 13 01 17 30.000000 2  -6.000713814736E-12 -2.695301447309E-11
AR GRAD 2024 06 13 01 17 40.000000 2  -7.998702394874E-12 -2.868750029195E-11
AR GRAD 2024 06 13 01 17 50.000000 2  -8.717869308394E-12 -3.042198437608E-11
AR GRAD 2024 06 13 01 18  0.000000 2  -5.089103617684E-12 -2.063313582490E-11
AR GRAD 2024 06 13 01 18 10.000000 2  -6.318362066188E-12 -2.829428705220E-11
AR GRAD 2024 06 13 01 18 20.000000 2  -6.532015379979E-12 -3.595543654478E-11
AR GRAD 2024 06 13 01 18 30.000000 2  -8.920288986636E-12 -2.927158515575E-11
AR GRAD 2024 06 13 01 18 40.000000 2  -6.842176131228E-12 -2.258773723618E-11
AR GRAD 2024 06 13 01 18 50.000000 2  -3.669550340674E-12 -2.633388299089E-11
AR GRAD 2024 06 13 01 19  0.000000 2  -7.544068668375E-12 -3.008002874560E-11
AR GRAD 2024 06 13 01 19 10.000000 2  -4.930763262967E-12 -3.570117465546E-11
AR GRAD 2024 06 13 01 19 20.000000 2  -5.318262757265E-12 -3.136231899181E-11
AR GRAD 2024 06 13 01 19 30.000000 2  -8.616751409618E-12 -3.390346683951E-11
AR GRAD 2024 06 13 01 19 40.000000 2  -4.844505872847E-12 -3.574461213129E-11
AR GRAD 2024 06 13 01 19 50.000000 2  -6.521763164236E-12 -3.144575225211E-11
AR GRAD 2024 06 13 01 20  0.000000 2  -6.585988698848E-12 -2.714689931183E-11
AR GRAD 2024 06 13 01 20 10.000000 2  -4.209947061101E-12 -2.284804116737E-11
AR GRAD 2024 06 13 01 20 20.000000 2  -6.107695512542E-12 -2.603918122790E-11
AR GRAD 2024 06 13 01 20 30.000000 2  -3.990109891799E-12 -2.923031608426E-11
AR GRAD 2024 06 13 01 20 40.000000 2  -2.215231687322E-12 -3.242145787952E-11
AR GRAD 2024 06 13 01 20 50.000000 2  -8.284354105492E-12 -3.561259967477E-11
AR GRAD 2024 06 13 01 21  0.000000 2  -5.578762278524E-12 -2.676373879462E-11
AR GRAD 2024 06 13 01 21 10.000000 2   4.835956396616E-13 -2.461487610961E-11
AR GRAD 2024 06 13 01 21 20.000000 2  -4.805364439697E-12 -2.584767989922E-11
AR GRAD 2024 06 13 01 21 30.000000 2  -2.565606364510E-12 -2.708048368882E-11
AR GRAD 2024 06 13 01 21 40.000000 2  -5.999535070134E-12 -2.831328400899E-11
AR GRAD 2024 06 13 01 21 50.000000 2  -1.932227164728E-12 -2.954608432915E-11
AR GRAD 2024 06 13 01 22  0.000000 2  -5.170207144356E-12 -3.077888291458E-11
AR GRAD 2024 06 13 01 22 10.000000 2  -2.527985416487E-12 -3.201168150002E-11
AR GRAD 2024 06 13 01 22 20.000000 2  -5.957111973848E-12 -2.847281438401E-11
AR GRAD 2024 06 13 01 22 30.000000 2  -5.539479031730E-12 -2.694728121200E-11
AR GRAD 2024 06 13 01 22 40.000000 2  -2.383982984980E-12 -2.542174457054E-11
AR GRAD 2024 06 13 01 22 50.000000 2  -2.884667981914E-12 -2.389620792909E-11
AR GRAD 2024 06 13 01 23  0.000000 2  -2.817558686363E-12 -2.385233677238E-11
AR GRAD 2024 06 13 01 23 10.000000 2  -5.289001441672E-12 -2.380846561567E-11
AR GRAD 2024 06 13 01 23 20.000000 2  -2.656145052168E-12 -2.376459445896E-11
AR GRAD 2024 06 13 01 23 30.000000 2  -6.580060281369E-12 -2.372072156753E-11
AR GRAD 2024 06 13 01 23 40.000000 2  -3.970283303512E-12 -2.114851523072E-11
AR GRAD 2024 06 13 01 23 50.000000 2  -4.017078336638E-12 -1.857630542446E-11
AR GRAD 2024 06 13 01 24  0.000000 2  -3.549770286743E-12 -1.600409735292E-11
AR GRAD 2024 06 13 01 24 10.000000 2  -1.511717400565E-12 -2.595522234639E-11
AR GRAD 2024 06 13 01 24 20.000000 2  -1.641187619833E-12 -2.761134550167E-11
AR GRAD 2024 06 13 01 24 30.000000 2  -1.189696344911E-12 -2.926746345278E-11
AR GRAD 2024 06 13 01 24 40.000000 2  -3.458695135850E-12 -2.742858891402E-11
AR GRAD 2024 06 13 01 24 50.000000 2  -2.240113910340E-12 -3.469970838443E-11
AR GRAD 2024 06 13 01 25  0.000000 2  -7.534269432299E-13 -2.738582798034E-11
AR GRAD 2024 06 13 01 25 10.000000 2  -6.059127266762E-13 -2.007194931097E-11
AR GRAD 2024 06 13 01 25 20.000000 2  -8.271328500592E-13 -2.730306952747E-11
AR GRAD 2024 06 13 01 25 30.000000 2  -1.071713030820E-12 -3.453418453980E-11
AR GRAD 2024 06 13 01 25 40.000000 2  -2.261014075619E-12 -3.454030464423E-11
AR GRAD 2024 06 13 01 25 50.000000 2  -1.072062577601E-12 -3.454641780976E-11
AR GRAD 2024 06 13 01 26  0.000000 2  -1.176619674088E-12 -2.676753436959E-11
AR GRAD 2024 06 13 01 26 10.000000 2  -2.499744118298E-12 -2.404865022398E-11
AR GRAD 2024 06 13 01 26 20.000000 2  -1.381005227709E-13 -2.132976607838E-11
AR GRAD 2024 06 13 01 26 30.000000 2  -2.958695571528E-12 -2.279587976717E-11
AR GRAD 2024 06 13 01 26 40.000000 2  -7.280792180091E-13 -2.426199345595E-11
AR GRAD 2024 06 13 01 26 50.000000 2  -1.428718254814E-13 -2.320310263371E-11
AR GRAD 2024 06 13 01 27  0.000000 2  -1.932129586532E-12 -2.456754764901E-11
AR GRAD 2024 06 13 01 27 10.000000 2  -4.525811962610E-13 -2.593198919487E-11
AR GRAD 2024 06 13 01 27 20.000000 2  -1.633709010088E-12 -2.729643421018E-11
AR GRAD 2024 06 13 01 27 30.000000 2   7.162378871418E-13 -2.344754251871E-11
AR GRAD 2024 06 13 01 27 40.000000 2   1.397797459377E-12 -1.959865256196E-11
AR GRAD 2024 06 13 01 27 50.000000 2   2.827714624953E-12 -2.746975910628E-11
AR GRAD 2024 06 13 01 28  0.000000 2  -3.061304465132E-12 -2.648086611101E-11
AR GRAD 2024 06 13 01 28 10.000000 2   6.488891997510E-13 -3.502196796457E-11
AR GRAD 2024 06 13 01 28 20.000000 2  -3.442992418945E-12 -3.464307313239E-11
AR GRAD 2024 06 13 01 28 30.000000 2   1.205109471415E-12 -2.966418083394E-11
AR GRAD 2024 06 13 01 28 40.000000 2   1.323660799024E-12 -2.341528533567E-11
AR GRAD 2024 06 13 01 28 50.000000 2   2.633014683021E-12 -2.291638753760E-11
AR GRAD 2024 06 13 01 29  0.000000 2  -2.133327802606E-12 -2.939749138564E-11
AR GRAD 2024 06 13 01 29 10.000000 2   8.452008488707E-14 -1.172859032117E-11
AR GRAD 2024 06 13 01 29 20.000000 2   6.686128430425E-13 -9.393025419968E-12
AR GRAD 2024 06 13 01 29 30.000000 2   1.019041513499E-12 -7.057459217724E-12
AR GRAD 2024 06 13 01 29 40.000000 2  -1.378748894568E-12 -4.721892148118E-12
AR GRAD 2024 06 13 01 29 50.000000 2   2.463965012925E-12 -2.338299172344E-11
AR GRAD 2024 06 13 01 30  0.000000 2  -2.703784732997E-13 -2.948408878156E-11
AR GRAD 2024 06 13 01 30 10.000000 2   1.287587332761E-12 -3.084018457278E-11
AR GRAD 2024 06 13 01 30 20.000000 2   3.148742659838E-13 -3.219628036399E-11
AR GRAD 2024 06 13 01 30 30.000000 2   8.237340930889E-13 -2.229737922077E-11
AR GRAD 2024 06 13 01 30 40.000000 2   5.139186819159E-12 -9.068472535401E-12
AR GRAD 2024 06 13 01 30 50.000000 2   2.466641474408E-12 -3.572956167042E-11
AR GRAD 2024 06 13 01 31  0.000000 2   1.788016241143E-12 -1.719066208827E-11
AR GRAD 2024 06 13 01 31 10.000000 2   4.942375935596E-12 -1.406175176299E-11
AR GRAD 2024 06 13 01 31 20.000000 2   9.339810825779E-13 -2.283284672444E-11
AR GRAD 2024 06 13 01 31 30.000000 2   9.015322668081E-13 -2.647393589073E-11
AR GRAD 2024 06 13 01 31 40.000000 2   1.586651057935E-12 -1.345502528838E-11
AR GRAD 2024 06 13 01 31 50.000000 2   3.524516182379E-12 -3.360611441905E-11
AR GRAD 2024 06 13 01 32  0.000000 2   4.993337774511E-12 -2.049720462804E-11
AR GRAD 2024 06 13 01 32 10.000000 2   2.182203419701E-12 -2.040829311101E-11
AR GRAD 2024 06 13 01 32 20.000000 2   6.930265823019E-13 -1.290938016207E-11
AR GRAD 2024 06 13 01 32 30.000000 2   5.666552296835E-12 -2.785046498976E-11
AR GRAD 2024 06 13 01 32 40.000000 2   2.497155477191E-12 -8.211554700099E-12
AR GRAD 2024 06 13 01 32 50.000000 2   3.529633399793E-12 -3.002636767696E-12
AR GRAD 2024 06 13 01 33  0.000000 2   9.346561068505E-13 -3.569372228340E-11
AR GRAD 2024 06 13 01 33 10.000000 2   2.096615632843E-12 -1.557480533432E-11
AR GRAD 2024 06 13 01 33 20.000000 2   3.739678380334E-13 -1.795588851217E-11
AR GRAD 2024 06 13 01 33 30.000000 2   2.230873688905E-12 -2.385697368823E-11
AR GRAD 2024 06 13 01 33 40.000000 2   3.299535991652E-12 -2.360805301249E-11
AR GRAD 2024 06 13 01 33 50.000000 2   7.429243309952E-13 -8.749131627517E-12
AR GRAD 2024 06 13 01 34  0.000000 2   3.164739087111E-12 -2.121021414059E-11
AR GRAD 2024 06 13 01 34 10.000000 2   2.435899355488E-12 -1.475129220163E-11
AR GRAD 2024 06 13 01 34 20.000000 2   6.760974158998E-12 -7.112370588314E-12
AR GRAD 2024 06 13 01 34 30.000000 2   2.865075581296E-12 -9.793446435757E-12
AR GRAD 2024 06 13 01 34 40.000000 2   4.067419144549E-12 -1.195452504349E-11
AR GRAD 2024 06 13 01 34 50.000000 2   1.139915635842E-12 -1.698560216090E-11
AR GRAD 2024 06 13 01 35  0.000000 2   3.573061768333E-12 -1.477667641026E-11
AR GRAD 2024 06 13 01 35 10.000000 2   3.997078276002E-12 -1.056774980024E-11
AR GRAD 2024 06 13 01 35 20.000000 2   7.207980740054E-12 -2.761882389457E-11
AR GRAD 2024 06 13 01 35 30.000000 2  -1.002517770947E-13 -1.522989893921E-11
AR GRAD 2024 06 13 01 35 40.000000 2   1.771566834202E-12 -4.910970501787E-12
AR GRAD 2024 06 13 01 35 50.000000 2   7.722709624569E-12 -1.191204253292E-11
AR GRAD 2024 06 13 01 36  0.000000 2   3.615894259359E-12 -1.530311467823E-11
AR GRAD 2024 06 13 01 36 10.000000 2   5.046749476656E-12 -1.466418306229E-11
AR GRAD 2024 06 13 01 36 20.000000 2   6.760923852017E-12  8.584747496210E-12
AR GRAD 2024 06 13 01 36 30.000000 2   6.005666016579E-12 -1.487632413089E-11
AR GRAD 2024 06 13 01 36 40.000000 2   4.946009313916E-12 -1.817388579038E-12
AR GRAD 2024 06 13 01 36 50.000000 2   3.087711726926E-12 -1.723845718948E-11
AR GRAD 2024 06 13 01 37  0.000000 2   6.196015922555E-12 -2.459523253465E-12
AR GRAD 2024 06 13 01 37 10.000000 2   7.582109419479E-12 -1.450058996488E-11
AR GRAD 2024 06 13 01 37 20.000000 2   7.095838239907E-12 -2.479165310543E-11
AR GRAD 2024 06 13 01 37 30.000000 2   3.410924537608E-12  2.051728231756E-11
AR GRAD 2024 06 13 01 37 40.000000 2   7.881866166681E-12 -1.349378248028E-11
AR GRAD 2024 06 13 01 37 50.000000 2   8.108985705135E-12  2.165157159464E-12
AR GRAD 2024 06 13 01 38  0.000000 2   2.861838153609E-12  3.540935719550E-13
AR GRAD 2024 06 13 01 38 10.000000 2   2.398023619954E-12 -1.931696816393E-11
AR GRAD 2024 06 13 01 38 20.000000 2   6.108625758006E-12  7.371972823855E-12
AR GRAD 2024 06 13 01 38 30.000000 2   4.979889330764E-12 -1.525908739641E-11
AR GRAD 2024 06 13 01 38 40.000000 2   4.656664810698E-12  1.247985308844E-11
AR GRAD 2024 06 13 01 38 50.000000 2   5.901551382997E-12 -3.101206574527E-12
AR GRAD 2024 06 13 01 39  0.000000 2   8.849208692208E-12 -9.312261031735E-12
AR GRAD 2024 06 13 01 39 10.000000 2   7.608518849678E-12 -5.563319336460E-12
AR GRAD 2024 06 13 01 39 20.000000 2   7.293831337518E-12  4.205625864923E-12
AR GRAD 2024 06 13 01 39 30.000000 2   4.571168964185E-12  1.907456831374E-11
AR GRAD 2024 06 13 01 39 40.000000 2   5.593860877978E-12 -4.916486488760E-12
AR GRAD 2024 06 13 01 39 50.000000 2   5.477528153275E-12  3.230246625741E-11
AR GRAD 2024 06 13 01 40  0.000000 2   6.917090164538E-12 -1.191859024668E-11
AR GRAD 2024 06 13 01 40 10.000000 2   4.453618029920E-12 -3.719644817851E-12
AR GRAD 2024 06 13 01 40 20.000000 2   6.054640729752E-12 -6.260694219995E-12
AR GRAD 2024 06 13 01 40 30.000000 2   9.372324964729E-12  2.918254396814E-12
AR GRAD 2024 06 13 01 40 40.000000 2   8.074317256468E-12  8.007204274629E-12
AR GRAD 2024 06 13 01 40 50.000000 2   7.185258464604E-12 -6.653847178101E-12
AR GRAD 2024 06 13 01 41  0.000000 2   6.065261140553E-12  7.965106872676E-12
AR GRAD 2024 06 13 01 41 10.000000 2   4.759018699951E-12  7.504059006125E-12
AR GRAD 2024 06 13 01 41 20.000000 2   9.807355448588E-12 -1.254698775432E-11
AR GRAD 2024 06 13 01 41 30.000000 2   9.821421453893E-12  1.135196277258E-11
AR GRAD 2024 06 13 01 41 40.000000 2   7.324607934067E-12  7.209193637024E-13
AR GRAD 2024 06 13 01 41 50.000000 2   8.025762346375E-12 -1.060012581183E-11
AR GRAD 2024 06 13 01 42  0.000000 2   8.571737937502E-12 -4.011169434798E-12
AR GRAD 2024 06 13 01 42 10.000000 2   1.003964186091E-11  2.687778818955E-11
AR GRAD 2024 06 13 01 42 20.000000 2   8.106586582568E-12 -6.653255203715E-12
AR GRAD 2024 06 13 01 42 30.000000 2   6.505877867685E-12  1.238570444123E-11
AR GRAD 2024 06 13 01 42 40.000000 2   1.064697809083E-11 -1.855337931900E-12
AR GRAD 2024 06 13 01 42 50.000000 2   8.449779938247E-12  2.435362154996E-11
AR GRAD 2024 06 13 01 43  0.000000 2   9.308435966471E-12  2.825820632178E-13
AR GRAD 2024 06 13 01 43 10.000000 2   1.317328104239E-11  1.193154429424E-11
AR GRAD 2024 06 13 01 43 20.000000 2   1.307002249484E-11  1.450050583079E-11
AR GRAD 2024 06 13 01 43 30.000000 2   7.144623000860E-12 -6.240531529034E-12
AR GRAD 2024 06 13 01 43 40.000000 2   1.032184580863E-11  1.682843100981E-11
AR GRAD 2024 06 13 01 43 50.000000 2   9.372782931727E-12 -4.492605506362E-12
AR GRAD 2024 06 13 01 44  0.000000 2   1.055648190390E-11  2.468636059461E-11
AR GRAD 2024 06 13 01 44 10.000000 2   7.362234953623E-12  1.146532695173E-11
AR GRAD 2024 06 13 01 44 20.000000 2   1.127378312232E-11  2.355429219725E-11
AR GRAD 2024 06 13 01 44 30.000000 2   1.059353386262E-11  1.392326011429E-11
AR GRAD 2024 06 13 01 44 40.000000 2   6.907964651692E-12  1.434222619140E-11
AR GRAD 2024 06 13 01 44 50.000000 2   1.116524928069E-11  6.131195811471E-12
AR GRAD 2024 06 13 01 45  0.000000 2   1.123521501528E-11  3.374016691038E-11
AR GRAD 2024 06 13 01 45 10.000000 2   9.209875050098E-12  2.061913660645E-11
AR GRAD 2024 06 13 01 45 20.000000 2   1.116091073727E-11  1.198107151684E-12
AR GRAD 2024 06 13 01 45 30.000000 2   6.525264269891E-12  1.788707897077E-11
AR GRAD 2024 06 13 01 45 40.000000 2   1.300851874136E-11  1.358605068724E-11
AR GRAD 2024 06 13 01 45 50.000000 2   1.032545837026E-11  2.133502402524E-11
AR GRAD 2024 06 13 01 46  0.000000 2   1.037852182667E-11  1.859399613446E-11
AR GRAD 2024 06 13 01 46 10.000000 2   1.096283567398E-11  1.942297364610E-11
AR GRAD 2024 06 13 01 46 20.000000 2   9.519846716488E-12  9.791947634674E-12
AR GRAD 2024 06 13 01 46 30.000000 2   1.371300989428E-11  1.970092144976E-11
AR GRAD 2024 06 13 01 46 40.000000 2   1.123864369623E-11  1.164989892749E-11
AR GRAD 2024 06 13 01 46 50.000000 2   1.301882820298E-11  2.568887637333E-11
AR GRAD 2024 06 13 01 47  0.000000 2   1.142534677978E-11  1.557785671291E-11
AR GRAD 2024 06 13 01 47 10.000000 2   1.139963557578E-11  1.494683543601E-11
AR GRAD 2024 06 13 01 47 20.000000 2   1.038575388884E-11 -2.314184000679E-12
AR GRAD 2024 06 13 01 47 30.000000 2   9.037263992706E-12  3.208479662509E-11
AR GRAD 2024 06 13 01 47 40.000000 2   1.104249157391E-11  2.086377771937E-11
AR GRAD 2024 06 13 01 47 50.000000 2   1.009406534053E-11 -1.507240729795E-12
AR GRAD 2024 06 13 01 48  0.000000 2   1.264231688086E-11  2.312174236796E-11
AR GRAD 2024 06 13 01 48 10.000000 2   9.558269974119E-12  2.957072434140E-11
AR GRAD 2024 06 13 01 48 20.000000 2   1.010685545672E-11  2.700971217517E-11
AR GRAD 2024 06 13 01 48 30.000000 2   1.328085037777E-11  7.208693711402E-12
AR GRAD 2024 06 13 01 48 40.000000 2   1.281960301802E-11  2.691768162533E-11
AR GRAD 2024 06 13 01 48 50.000000 2   1.305034379173E-11  8.996668861283E-12
AR GRAD 2024 06 13 01 49  0.000000 2   1.073451830896E-11  1.469565268086E-11
AR GRAD 2024 06 13 01 49 10.000000 2   1.308266342481E-11  1.876464261752E-11
AR GRAD 2024 06 13 01 49 20.000000 2   1.543526764736E-11  8.363631835706E-12
AR GRAD 2024 06 13 01 49 30.000000 2   1.235144798939E-11  2.144262371828E-11
AR GRAD 2024 06 13 01 49 40.000000 2   1.523689334426E-11  1.791161316489E-11
AR GRAD 2024 06 13 01 49 50.000000 2   8.400548485998E-12  1.112060010050E-11
AR GRAD 2024 06 13 01 50  0.000000 2   1.046624419077E-11  3.732959774627E-11
AR GRAD 2024 06 13 01 50 10.000000 2   1.220849029510E-11  4.565858802152E-11
AR GRAD 2024 06 13 01 50 20.000000 2   1.249131961062E-11  2.160757857361E-11
AR GRAD 2024 06 13 01 50 30.000000 2   1.060918627255E-11 -2.834261146091E-13
AR GRAD 2024 06 13 01 50 40.000000 2   1.805367660923E-11  2.247556828150E-11
AR GRAD 2024 06 13 01 50 50.000000 2   1.161979713837E-11  1.432456410433E-11
AR GRAD 2024 06 13 01 51  0.000000 2   1.342927765519E-11  3.189356417854E-11
AR GRAD 2024 06 13 01 51 10.000000 2   1.505571535498E-11  3.971255616020E-11
AR GRAD 2024 06 13 01 51 20.000000 2   1.301809788440E-11  1.512155331507E-11
AR GRAD 2024 06 13 01 51 30.000000 2   1.120317207060E-11  2.728055455148E-11
AR GRAD 2024 06 13 01 51 40.000000 2   1.282716120821E-11  1.066955378215E-11
AR GRAD 2024 06 13 01 51 50.000000 2   1.195898848699E-11  4.073855489062E-11
AR GRAD 2024 06 13 01 52  0.000000 2   1.543453559405E-11  2.006755525641E-11
AR GRAD 2024 06 13 01 52 10.000000 2   1.425206393874E-11  2.045655311811E-11
AR GRAD 2024 06 13 01 52 20.000000 2   1.435126236599E-11  2.914555749522E-11
AR GRAD 2024 06 13 01 52 30.000000 2   1.655662933142E-11  3.553456140448E-11
AR GRAD 2024 06 13 01 52 40.000000 2   1.432270274604E-11  2.312356556233E-11
AR GRAD 2024 06 13 01 52 50.000000 2   1.467481344775E-11  4.346257034826E-11
AR GRAD 2024 06 13 01 53  0.000000 2   1.364957452621E-11  8.751574985533E-12
AR GRAD 2024 06 13 01 53 10.000000 2   1.583588815635E-11  2.915058125441E-11
AR GRAD 2024 06 13 01 53 20.000000 2   1.515433438459E-11  2.884958591465E-11
AR GRAD 2024 06 13 01 53 30.000000 2   1.480793612729E-11  3.040859578030E-11
AR GRAD 2024 06 13 01 53 40.000000 2   1.629817288074E-11  2.444760192899E-11
AR GRAD 2024 06 13 01 53 50.000000 2   1.421994379885E-11  3.319661212586E-11
AR GRAD 2024 06 13 01 54  0.000000 2   1.622938762547E-11  2.545562025058E-11
AR GRAD 2024 06 13 01 54 10.000000 2   1.398541612380E-11  4.168463144105E-11
AR GRAD 2024 06 13 01 54 20.000000 2   1.860260383235E-11  2.247364447316E-11
AR GRAD 2024 06 13 01 54 30.000000 2   1.497990793908E-11  2.162265852479E-11
AR GRAD 2024 06 13 01 54 40.000000 2   1.473632674220E-11  3.445167068294E-11
AR GRAD 2024 06 13 01 54 50.000000 2   1.630376215978E-11  2.356068118381E-11
AR GRAD 2024 06 13 01 55  0.000000 2   1.734346867510E-11  3.173969420622E-11
AR GRAD 2024 06 13 01 55 10.000000 2   1.427616965616E-11  3.306871096398E-11
AR GRAD 2024 06 13 01 55 20.000000 2   1.632709419053E-11  3.233772971623E-11
AR GRAD 2024 06 13 01 55 30.000000 2   1.787745299020E-11  2.068674224975E-11
AR GRAD 2024 06 13 01 55 40.000000 2   1.617637447604E-11  1.808575858520E-11
AR GRAD 2024 06 13 01 55 50.000000 2   1.689164086383E-11  4.000478073807E-11
AR GRAD 2024 06 13 01 56  0.000000 2   1.601791269068E-11  3.012379928835E-11
AR GRAD 2024 06 13 01 56 10.000000 2   1.308111258203E-11  2.480281778572E-11
AR GRAD 2024 06 13 01 56 20.000000 2   1.896824017300E-11  3.985183710808E-11
AR GRAD 2024 06 13 01 56 30.000000 2   1.524953427423E-11  2.077085552166E-11
AR GRAD 2024 06 13 01 56 40.000000 2   1.463855252293E-11  3.931988068473E-11
AR GRAD 2024 06 13 01 56 50.000000 2   1.750095554587E-11  3.101889925472E-11
AR GRAD 2024 06 13 01 57  0.000000 2   1.280349611055E-11  2.590792337609E-11
AR GRAD 2024 06 13 01 57 10.000000 2   1.825309348114E-11  2.508694814385E-11
AR GRAD 2024 06 13 01 57 20.000000 2   1.537804432405E-11  4.602597122871E-11
AR GRAD 2024 06 13 01 57 30.000000 2   1.648856398639E-11  2.900499805614E-11
AR GRAD 2024 06 13 01 57 40.000000 2   1.415684670186E-11  8.554023808727E-12
AR GRAD 2024 06 13 01 57 50.000000 2   1.657897083507E-11  4.780304971308E-11
AR GRAD 2024 06 13 01 58  0.000000 2   1.857420814377E-11  3.243208132608E-11
AR GRAD 2024 06 13 01 58 10.000000 2   1.756418101240E-11  3.510110604954E-11
AR GRAD 2024 06 13 01 58 20.000000 2   1.827431608814E-11  3.978013751738E-11
AR GRAD 2024 06 13 01 58 30.000000 2   1.515817159292E-11  1.837916450975E-11
AR GRAD 2024 06 13 01 58 40.000000 2   1.637169219637E-11  4.994819835513E-11
AR GRAD 2024 06 13 01 58 50.000000 2   1.646562400315E-11  1.449722720342E-11
AR GRAD 2024 06 13 01 59  0.000000 2   1.552812392558E-11  3.512626300939E-11
AR GRAD 2024 06 13 01 59 10.000000 2   2.219003279735E-11  2.983529395761E-11
AR GRAD 2024 06 13 01 59 20.000000 2   1.378380222461E-11  6.478432373891E-11
AR GRAD 2024 06 13 01 59 30.000000 2   1.530473144051E-11  2.663336218234E-11
AR GRAD 2024 06 13 01 59 40.000000 2   1.697072343765E-11  5.541239689322E-11
AR GRAD 2024 06 13 01 59 50.000000 2   1.793844413289E-11  1.869143208266E-11
AR GRAD 2024 06 13 02 00  0.000000 2   1.532367288615E-11  3.290046707294E-11
AR GRAD 2024 06 13 02 00 10.000000 2   1.554316918229E-11  2.362950460300E-11
AR GRAD 2024 06 13 02 00 20.000000 2   1.454040880755E-11  2.254854462869E-11
AR GRAD 2024 06 13 02 00 30.000000 2   1.888540192285E-11  4.784758353416E-11
AR GRAD 2024 06 13 02 00 40.000000 2   1.736748418690E-11  2.034662369144E-11
AR GRAD 2024 06 13 02 00 50.000000 2   1.844187129396E-11  2.976566562674E-11
AR GRAD 2024 06 13 02 01  0.000000 2   1.860602817649E-11  4.945470422069E-11
AR GRAD 2024 06 13 02 01 10.000000 2   1.644584989025E-11  3.919374894079E-11
AR GRAD 2024 06 13 02 01 20.000000 2   1.509905742103E-11  1.986278676258E-11
AR GRAD 2024 06 13 02 01 30.000000 2   1.585167413998E-11  2.974183052618E-11
AR GRAD 2024 06 13 02 01 40.000000 2   1.431989162665E-11  4.515087609347E-11
AR GRAD 2024 06 13 02 01 50.000000 2   1.306454250338E-11  2.886992207796E-11
AR GRAD 2024 06 13 02 02  0.000000 2   1.431749597353E-11  3.670896572827E-11
AR GRAD 2024 06 13 02 02 10.000000 2   1.554987735797E-11  3.248801574984E-11
AR GRAD 2024 06 13 02 02 20.000000 2   1.781533601197E-11  3.530705935950E-11
AR GRAD 2024 06 13 02 02 30.000000 2   1.703138324816E-11  3.470610951406E-11
AR GRAD 2024 06 13 02 02 40.000000 2   1.890363733603E-11  3.109515769872E-11
AR GRAD 2024 06 13 02 02 50.000000 2   1.581924868876E-11  5.215420803562E-11
AR GRAD 2024 06 13 02 03  0.000000 2   1.744115095403E-11  2.266325321854E-11
AR GRAD 2024 06 13 02 03 10.000000 2   1.830621244869E-11  4.251230617536E-11
AR GRAD 2024 06 13 02 03 20.000000 2   1.767427176835E-11  2.199135665237E-11
AR GRAD 2024 06 13 02 03 30.000000 2   1.590964512910E-11  2.710040872267E-11
AR GRAD 2024 06 13 02 03 40.000000 2   1.567767270172E-11  3.660946198969E-11
AR GRAD 2024 06 13 02 03 50.000000 2   1.802683349816E-11  4.285851881725E-11
AR GRAD 2024 06 13 02 04  0.000000 2   1.461861187657E-11  2.431756705723E-11
AR GRAD 2024 06 13 02 04 10.000000 2   1.605439045593E-11  2.629662806952E-11
AR GRAD 2024 06 13 02 04 20.000000 2   1.708314045779E-11  3.227568212694E-11
AR GRAD 2024 06 13 02 04 30.000000 2   1.686317925575E-11  4.092473929185E-11
AR GRAD 2024 06 13 02 04 40.000000 2   1.470582509933E-11  3.848379601101E-11
AR GRAD 2024 06 13 02 04 50.000000 2   1.500211933847E-11  3.873285719935E-11
AR GRAD 2024 06 13 02 05  0.000000 2   1.679283448408E-11  2.890191558302E-11
AR GRAD 2024 06 13 02 05 10.000000 2   1.686369967280E-11  3.896097333644E-11
AR GRAD 2024 06 13 02 05 20.000000 2   1.645470565359E-11  2.934003387467E-11
AR GRAD 2024 06 13 02 05 30.000000 2   1.620411617387E-11  3.551909460997E-11
AR GRAD 2024 06 13 02 05 40.000000 2   1.809761888960E-11  3.596815900675E-11
AR GRAD 2024 06 13 02 05 50.000000 2   1.360776335363E-11  3.867722114803E-11
AR GRAD 2024 06 13 02 06  0.000000 2   1.798049209523E-11  3.957628669227E-11
AR GRAD 2024 06 13 02 06 10.000000 2   2.046274261147E-11  3.053534855524E-11
AR GRAD 2024 06 13 02 06 20.000000 2   1.643959100794E-11  4.918441348645E-11
AR GRAD 2024 06 13 02 06 30.000000 2   1.316270356599E-11  2.533348010536E-11
AR GRAD 2024 06 13 02 06 40.000000 2   1.676477359713E-11  3.545254367854E-11
AR GRAD 2024 06 13 02 06 50.000000 2   1.839933240488E-11  3.415161209386E-11
AR GRAD 2024 06 13 02 07  0.000000 2   1.467619775708E-11  2.948068178465E-11
AR GRAD 2024 06 13 02 07 10.000000 2   1.595668215615E-11  3.208975099533E-11
AR GRAD 2024 06 13 02 07 20.000000 2   1.624388297483E-11  3.033881826320E-11
AR GRAD 2024 06 13 02 07 30.000000 2   1.471129641717E-11  2.994788791955E-11
AR GRAD 2024 06 13 02 07 40.000000 2   1.557468216895E-11  3.286696262372E-11
AR GRAD 2024 06 13 02 07 50.000000 2   1.170577523801E-11  4.678602991137E-11
AR GRAD 2024 06 13 02 08  0.000000 2   1.705356689197E-11  4.187510407871E-11
AR GRAD 2024 06 13 02 08 10.000000 2   1.796264352538E-11  1.814417713297E-11
AR GRAD 2024 06 13 02 08 20.000000 2   1.670170425572E-11  4.301324921241E-11
AR GRAD 2024 06 13 02 08 30.000000 2   1.404457019433E-11  1.999232376870E-11
AR GRAD 2024 06 13 02 08 40.000000 2   1.628269220844E-11  2.678140001433E-11
AR GRAD 2024 06 13 02 08 50.000000 2   1.302790167412E-11  4.093047775711E-11
AR GRAD 2024 06 13 02 09  0.000000 2   1.429758221538E-11  2.471955105887E-11
AR GRAD 2024 06 13 02 09 10.000000 2   1.376556334198E-11  3.602863146712E-11
AR GRAD 2024 06 13 02 09 20.000000 2   1.555355670646E-11  3.357771005685E-11
AR GRAD 2024 06 13 02 09 30.000000 2   1.471432697908E-11  3.984678906277E-11
AR GRAD 2024 06 13 02 09 40.000000 2   1.270118211993E-11  3.482587135339E-11
AR GRAD 2024 06 13 02 09 50.000000 2   1.390979952748E-11  3.017494934476E-11
AR GRAD 2024 06 13 02 10  0.000000 2   9.419877204653E-12  2.651402881970E-11
AR GRAD 2024 06 13 02 10 10.000000 2   1.124327627527E-11  4.575311657318E-11
AR GRAD 2024 06 13 02 10 20.000000 2   1.359969255266E-11  4.525219782225E-11
AR GRAD 2024 06 13 02 10 30.000000 2   1.262321237122E-11  2.349128010171E-11
AR GRAD 2024 06 13 02 10 40.000000 2   1.222358672615E-11  2.515036616468E-11
AR GRAD 2024 06 13 02 10 50.000000 2   1.505610566777E-11  3.722944869056E-11
AR GRAD 2024 06 13 02 11  0.000000 2   1.360130324340E-11  2.407853604003E-11
AR GRAD 2024 06 13 02 11 10.000000 2   1.594921764103E-11  3.144762575347E-11
AR GRAD 2024 06 13 02 11 20.000000 2   1.557167762789E-11  2.598670584275E-11
AR GRAD 2024 06 13 02 11 30.000000 2   1.235194585503E-11  2.676579617666E-11
AR GRAD 2024 06 13 02 11 40.000000 2   1.293354572746E-11  2.684488742410E-11
AR GRAD 2024 06 13 02 11 50.000000 2   9.905990090708E-12  3.577397753030E-11
AR GRAD 2024 06 13 02 12  0.000000 2   1.684286564385E-11  4.160306474321E-11
AR GRAD 2024 06 13 02 12 10.000000 2   1.236556863848E-11  4.251215698914E-11
AR GRAD 2024 06 13 02 12 20.000000 2   1.538671620671E-11  4.004125156443E-11
AR GRAD 2024 06 13 02 12 30.000000 2   1.496244794730E-11  3.923034119779E-11
AR GRAD 2024 06 13 02 12 40.000000 2   1.295848758159E-11  2.971943524610E-11
AR GRAD 2024 06 13 02 12 50.000000 2   9.776901510605E-12  3.870852943733E-11
AR GRAD 2024 06 13 02 13  0.000000 2   1.213626768526E-11  3.267762449521E-11
AR GRAD 2024 06 13 02 13 10.000000 2   1.442428468335E-11  2.662672166087E-11
AR GRAD 2024 06 13 02 13 20.000000 2   1.422476546276E-11  2.398581853968E-11
AR GRAD 2024 06 13 02 13 30.000000 2   1.148685920688E-11  2.762491103925E-11
AR GRAD 2024 06 13 02 13 40.000000 2   1.452684240261E-11  2.938401258423E-11
AR GRAD 2024 06 13 02 13 50.000000 2   9.229837380498E-12  4.654310964414E-11
AR GRAD 2024 06 13 02 14  0.000000 2   1.569900806575E-11  1.153220834799E-11
AR GRAD 2024 06 13 02 14 10.000000 2   1.376411484788E-11  3.341131191159E-11
AR GRAD 2024 06 13 02 14 20.000000 2   1.306275140139E-11  4.616040882865E-11
AR GRAD 2024 06 13 02 14 30.000000 2   1.118815543683E-11  1.951950927281E-11
AR GRAD 2024 06 13 02 14 40.000000 2   1.420197900254E-11  4.181861454344E-11
AR GRAD 2024 06 13 02 14 50.000000 2   1.417369867307E-11  8.917714656997E-12
AR GRAD 2024 06 13 02 15  0.000000 2   1.089166864338E-11  3.336681972388E-11
AR GRAD 2024 06 13 02 15 10.000000 2   1.312117602070E-11  4.129592501290E-11
AR GRAD 2024 06 13 02 15 20.000000 2   1.415333301946E-11  3.419503222246E-11
AR GRAD 2024 06 13 02 15 30.000000 2   1.059858104058E-11  2.952413660773E-11
AR GRAD 2024 06 13 02 15 40.000000 2   1.260308784418E-11  3.083324567887E-11
AR GRAD 2024 06 13 02 15 50.000000 2   1.181406014683E-11  2.058234832569E-11
AR GRAD 2024 06 13 02 16  0.000000 2   1.253835663767E-11  3.815145768749E-11
AR GRAD 2024 06 13 02 16 10.000000 2   9.906146215821E-12  2.627056905347E-11
AR GRAD 2024 06 13 02 16 20.000000 2   1.378054961809E-11  3.615967941739E-11
AR GRAD 2024 06 13 02 16 30.000000 2   1.470570366868E-11  3.548878899085E-11
AR GRAD 2024 06 13 02 16 40.000000 2   1.216920921671E-11  2.346789776397E-11
AR GRAD 2024 06 13 02 16 50.000000 2   1.276662369570E-11  3.085701139049E-11
AR GRAD 2024 06 13 02 17  0.000000 2   1.172554761619E-11  4.547612633687E-11
AR GRAD 2024 06 13 02 17 10.000000 2   1.029684757597E-11  6.396523588581E-11
AR GRAD 2024 06 13 02 17 20.000000 2   1.146862205897E-11 -1.058564780970E-11
AR GRAD 2024 06 13 02 17 30.000000 2   6.985422223299E-12  2.727346473663E-11
AR GRAD 2024 06 13 02 17 40.000000 2   1.148508458476E-11  3.955257996124E-11
AR GRAD 2024 06 13 02 17 50.000000 2   7.201789945649E-12  3.557169836466E-11
AR GRAD 2024 06 13 02 18  0.000000 2   9.772609804726E-12  4.269081962938E-11
AR GRAD 2024 06 13 02 18 10.000000 2   1.300190250603E-11  4.712993537104E-11
AR GRAD 2024 06 13 02 18 20.000000 2   8.966878455030E-12  1.705905382232E-11
AR GRAD 2024 06 13 02 18 30.000000 2   9.513058743527E-12  4.536817449496E-11
AR GRAD 2024 06 13 02 18 40.000000 2   1.005772808788E-11  2.766729206849E-11
AR GRAD 2024 06 13 02 18 50.000000 2   1.128918486470E-11  3.551641619692E-11
AR GRAD 2024 06 13 02 19  0.000000 2   9.049914463655E-12  1.486553588559E-11
AR GRAD 2024 06 13 02 19 10.000000 2   7.862035675266E-12  2.818465599796E-11
AR GRAD 2024 06 13 02 19 20.000000 2   8.682078493638E-12  3.559378139451E-11
AR GRAD 2024 06 13 02 19 30.000000 2   8.568345685744E-12  4.163290892589E-11
AR GRAD 2024 06 13 02 19 40.000000 2   8.755614289147E-12  3.897203046388E-11
AR GRAD 2024 06 13 02 19 50.000000 2   1.210938641028E-11  3.604115617062E-11
AR GRAD 2024 06 13 02 20  0.000000 2   8.434583760597E-12  2.268028299890E-11
AR GRAD 2024 06 13 02 20 10.000000 2   8.146866861680E-12  3.580941099202E-11
AR GRAD 2024 06 13 02 20 20.000000 2   9.106217516153E-12  4.343853748923E-11
AR GRAD 2024 06 13 02 20 30.000000 2   6.614331044680E-12  1.906766411430E-11
AR GRAD 2024 06 13 02 20 40.000000 2   1.033574094367E-11  4.833679290162E-11
AR GRAD 2024 06 13 02 20 50.000000 2   8.930655694128E-12  2.580592337043E-11
AR GRAD 2024 06 13 02 21  0.000000 2   8.732837369907E-12  1.673505257982E-11
AR GRAD 2024 06 13 02 21 10.000000 2   5.697691450590E-12  4.274418666239E-11
AR GRAD 2024 06 13 02 21 20.000000 2   5.620294160624E-12  3.141331986201E-11
AR GRAD 2024 06 13 02 21 30.000000 2   6.806488966199E-12  2.534245036045E-11
AR GRAD 2024 06 13 02 21 40.000000 2   1.056942641048E-11  3.234158427179E-11
AR GRAD 2024 06 13 02 21 50.000000 2   6.608423877563E-12  3.663071929116E-11
AR GRAD 2024 06 13 02 22  0.000000 2   8.491667438659E-12  3.611985363583E-11
AR GRAD 2024 06 13 02 22 10.000000 2   8.934804285321E-12  1.053899242182E-11
AR GRAD 2024 06 13 02 22 20.000000 2   9.908249568036E-12  3.202813014802E-11
AR GRAD 2024 06 13 02 22 30.000000 2   9.551905273686E-12  4.654726257214E-11
AR GRAD 2024 06 13 02 22 40.000000 2   6.623929703353E-12  9.506402609549E-12
AR GRAD 2024 06 13 02 22 50.000000 2   6.804508779351E-12  3.175554263990E-11
AR GRAD 2024 06 13 02 23  0.000000 2   7.878180746657E-12  4.644468143411E-11
AR GRAD 2024 06 13 02 23 10.000000 2   3.742775186999E-12  2.262382295393E-11
AR GRAD 2024 06 13 02 23 20.000000 2   3.565796746416E-12  3.145296523233E-11
AR GRAD 2024 06 13 02 23 30.000000 2   7.947573155143E-12  1.964210565031E-11
AR GRAD 2024 06 13 02 23 40.000000 2   7.445043713472E-12  3.446124635653E-11
AR GRAD 2024 06 13 02 23 50.000000 2   6.624598005572E-12  2.091038973917E-11
AR GRAD 2024 06 13 02 24  0.000000 2   6.729728753430E-12  3.317953897741E-11
AR GRAD 2024 06 13 02 24 10.000000 2   6.076781872838E-12  3.537867915293E-11
AR GRAD 2024 06 13 02 24 20.000000 2   4.936047664356E-12  3.030782569358E-11
AR GRAD 2024 06 13 02 24 30.000000 2   2.205365447552E-12  3.469697099079E-11
AR GRAD 2024 06 13 02 24 40.000000 2   4.783499117644E-12  1.803611773821E-11
AR GRAD 2024 06 13 02 24 50.000000 2   2.583022337688E-12  3.505526771641E-11
AR GRAD 2024 06 13 02 25  0.000000 2   8.414659594114E-12  1.211441450627E-11
AR GRAD 2024 06 13 02 25 10.000000 2   3.676186525331E-12  2.289356551555E-11
AR GRAD 2024 06 13 02 25 20.000000 2   5.215116099383E-12  3.633271461467E-11
AR GRAD 2024 06 13 02 25 30.000000 2   5.048528435581E-12  2.382186288508E-11
AR GRAD 2024 06 13 02 25 40.000000 2   3.575759480179E-12  3.120101746412E-11
AR GRAD 2024 06 13 02 25 50.000000 2   4.956948480156E-13  3.784017196806E-11
AR GRAD 2024 06 13 02 26  0.000000 2   5.485538672606E-12  1.098932143201E-11
AR GRAD 2024 06 13 02 26 10.000000 2   1.835980152631E-12  3.900848047356E-11
AR GRAD 2024 06 13 02 26 20.000000 2   3.214223592146E-12  2.388762972150E-11
AR GRAD 2024 06 13 02 26 30.000000 2   1.976733447068E-12  3.413678714703E-11
AR GRAD 2024 06 13 02 26 40.000000 2   1.973812823255E-12  2.450594241421E-11
AR GRAD 2024 06 13 02 26 50.000000 2   4.547221540280E-12  2.979510041468E-11
AR GRAD 2024 06 13 02 27  0.000000 2   1.547760183906E-12  2.821425731936E-11
AR GRAD 2024 06 13 02 27 10.000000 2   1.640522244960E-12  1.622341323781E-11
AR GRAD 2024 06 13 02 27 20.000000 2   5.949639110374E-13  3.231257622582E-11
AR GRAD 2024 06 13 02 27 30.000000 2   1.827730024620E-12  1.877173243237E-11
AR GRAD 2024 06 13 02 27 40.000000 2   1.434156938172E-12  1.255089521895E-11
AR GRAD 2024 06 13 02 27 50.000000 2   2.222568266583E-12  3.804005721531E-11
AR GRAD 2024 06 13 02 28  0.000000 2   2.672052466443E-12  1.498921646526E-11
AR GRAD 2024 06 13 02 28 10.000000 2  -5.629884579361E-13  1.411837834142E-11
AR GRAD 2024 06 13 02 28 20.000000 2   1.820937064329E-12  3.471754481121E-11
AR GRAD 2024 06 13 02 28 30.000000 2   2.609529129241E-12  3.174670595851E-11
AR GRAD 2024 06 13 02 28 40.000000 2   2.448579967257E-12  1.860587205138E-11
AR GRAD 2024 06 13 02 28 50.000000 2   1.084041276883E-12  3.031503867379E-11
AR GRAD 2024 06 13 02 29  0.000000 2   8.793844016690E-13  1.000420492975E-11
AR GRAD 2024 06 13 02 29 10.000000 2   6.209722948521E-13  3.488337396718E-11
AR GRAD 2024 06 13 02 29 20.000000 2   3.017438295755E-12 -9.574606732454E-13
AR GRAD 2024 06 13 02 29 30.000000 2  -4.987449255672E-13  3.870170850462E-11
AR GRAD 2024 06 13 02 29 40.000000 2   2.393247492544E-12  1.304087914045E-11
AR GRAD 2024 06 13 02 29 50.000000 2  -1.011984875239E-12  9.540048438728E-12
AR GRAD 2024 06 13 02 30  0.000000 2  -2.777034787023E-13  2.559921892520E-11
AR GRAD 2024 06 13 02 30 10.000000 2   3.472248313527E-12  1.790839004867E-11
AR GRAD 2024 06 13 02 30 20.000000 2  -1.041298340956E-12  1.969756475984E-11
AR GRAD 2024 06 13 02 30 30.000000 2  -1.760093373132E-12  7.496737605694E-12
AR GRAD 2024 06 13 02 30 40.000000 2  -8.121477123625E-13  2.563591006144E-11
AR GRAD 2024 06 13 02 30 50.000000 2   8.655795264573E-13  1.305085596884E-12
AR GRAD 2024 06 13 02 31  0.000000 2   2.861412062155E-12  2.951426603115E-11
AR GRAD 2024 06 13 02 31 10.000000 2  -1.478160042284E-13  1.591343896934E-11
AR GRAD 2024 06 13 02 31 20.000000 2  -1.871427058459E-12  2.104261556668E-11
AR GRAD 2024 06 13 02 31 30.000000 2  -1.438647920411E-12 -5.148205646510E-12
AR GRAD 2024 06 13 02 31 40.000000 2   8.557722672858E-13  2.409097227263E-11
AR GRAD 2024 06 13 02 31 50.000000 2   3.571430477745E-12  2.026014946088E-11
AR GRAD 2024 06 13 02 32  0.000000 2  -1.511932831537E-12  1.858932972831E-11
AR GRAD 2024 06 13 02 32 10.000000 2  -1.317738127816E-12  1.667851273757E-11
AR GRAD 2024 06 13 02 32 20.000000 2  -1.924637532680E-12  1.317692808166E-12
AR GRAD 2024 06 13 02 32 30.000000 2  -3.181911114800E-12  2.579687505277E-11
AR GRAD 2024 06 13 02 32 40.000000 2  -1.539432427020E-12  1.984605882410E-11
AR GRAD 2024 06 13 02 32 50.000000 2  -3.736584826275E-12  1.715524076962E-11
AR GRAD 2024 06 13 02 33  0.000000 2  -1.967637207681E-12  2.494442673251E-11
AR GRAD 2024 06 13 02 33 10.000000 2  -2.095859510248E-12  1.076361222374E-11
AR GRAD 2024 06 13 02 33 20.000000 2  -7.389314854445E-13  8.122797573451E-12
AR GRAD 2024 06 13 02 33 30.000000 2  -4.861668359557E-12  3.143198548661E-11
AR GRAD 2024 06 13 02 33 40.000000 2  -2.328764568335E-12  1.468117120929E-11
AR GRAD 2024 06 13 02 33 50.000000 2  -4.996092515391E-12  3.720359523923E-12
AR GRAD 2024 06 13 02 34  0.000000 2  -5.891371158279E-12  2.512954601352E-11
AR GRAD 2024 06 13 02 34 10.000000 2  -3.060373352307E-12 -1.131262401463E-12
AR GRAD 2024 06 13 02 34 20.000000 2  -3.048697145430E-12  1.745792919949E-11
AR GRAD 2024 06 13 02 34 30.000000 2  -4.013325696078E-12  1.351711971520E-11
AR GRAD 2024 06 13 02 34 40.000000 2  -6.378086860742E-12  5.946310718125E-12
AR GRAD 2024 06 13 02 34 50.000000 2  -1.010319757543E-12  3.345505730085E-12
AR GRAD 2024 06 13 02 35  0.000000 2  -5.378484983776E-12  8.744698541674E-12
AR GRAD 2024 06 13 02 35 10.000000 2  -2.987400474566E-12  2.235389130745E-11
AR GRAD 2024 06 13 02 35 20.000000 2  -5.242338681211E-12  7.293086273785E-12
AR GRAD 2024 06 13 02 35 30.000000 2  -8.098273787671E-12  3.122828872663E-13
AR GRAD 2024 06 13 02 35 40.000000 2  -6.686341150891E-12  2.981477911779E-12
AR GRAD 2024 06 13 02 35 50.000000 2  -4.508974790762E-12 -3.289323240868E-12
AR GRAD 2024 06 13 02 36  0.000000 2  -8.149912168742E-12  2.652987378393E-11
AR GRAD 2024 06 13 02 36 10.000000 2  -6.742499787660E-12 -9.810928111587E-12
AR GRAD 2024 06 13 02 36 20.000000 2  -6.627121160868E-12 -6.317279598739E-13
AR GRAD 2024 06 13 02 36 30.000000 2  -6.432102680337E-12  8.307473632618E-12
AR GRAD 2024 06 13 02 36 40.000000 2  -6.306419796098E-12  2.116672505673E-12
AR GRAD 2024 06 13 02 36 50.000000 2  -1.057666801363E-11  1.484587279499E-11
AR GRAD 2024 06 13 02 37  0.000000 2  -8.543265921090E-12 -4.894921707549E-12
AR GRAD 2024 06 13 02 37 10.000000 2  -8.377286711547E-12  1.149427948655E-11
AR GRAD 2024 06 13 02 37 20.000000 2  -9.131925250705E-12 -5.146516459525E-12
AR GRAD 2024 06 13 02 37 30.000000 2  -8.703630698104E-12  7.282687473908E-12
AR GRAD 2024 06 13 02 37 40.000000 2  -7.958573904066E-12  1.231894469246E-12
AR GRAD 2024 06 13 02 37 50.000000 2  -7.002831474423E-12 -8.388998046574E-13
AR GRAD 2024 06 13 02 38  0.000000 2  -7.595684498041E-12 -4.739693446748E-12
AR GRAD 2024 06 13 02 38 10.000000 2  -1.008977710409E-11  1.139513830517E-12
AR GRAD 2024 06 13 02 38 20.000000 2  -8.961872910440E-12  1.298723498536E-12
AR GRAD 2024 06 13 02 38 30.000000 2  -7.022530994216E-12 -7.342067925853E-12
AR GRAD 2024 06 13 02 38 40.000000 2  -6.623292626157E-12 -1.562856181275E-12
AR GRAD 2024 06 13 02 38 50.000000 2  -8.196039333330E-12 -3.013648575481E-12
AR GRAD 2024 06 13 02 39  0.000000 2  -7.832699766563E-12 -8.324435758766E-12
AR GRAD 2024 06 13 02 39 10.000000 2  -9.993977000133E-12  6.934776971418E-12
AR GRAD 2024 06 13 02 39 20.000000 2  -8.861624108125E-12 -1.495601212320E-11
AR GRAD 2024 06 13 02 39 30.000000 2  -9.018142135830E-12 -1.301679857652E-11
AR GRAD 2024 06 13 02 39 40.000000 2  -7.327032210125E-12 -4.337584111336E-12
AR GRAD 2024 06 13 02 39 50.000000 2  -8.905834403272E-12 -3.608367511038E-12
AR GRAD 2024 06 13 02 40  0.000000 2  -8.081738403498E-12  3.080845474568E-12
AR GRAD 2024 06 13 02 40 10.000000 2  -1.091001247677E-11 -1.637993560233E-11
AR GRAD 2024 06 13 02 40 20.000000 2  -8.823524376422E-12 -4.950719088154E-12
AR GRAD 2024 06 13 02 40 30.000000 2  -5.669758065818E-12 -1.374150012529E-11
AR GRAD 2024 06 13 02 40 40.000000 2  -9.311570611792E-12 -3.591228356359E-11
AR GRAD 2024 06 13 02 40 50.000000 2  -5.287709506363E-12 -6.103062066137E-12
AR GRAD 2024 06 13 02 41  0.000000 2  -1.259896093703E-11 -2.684384138585E-11
AR GRAD 2024 06 13 02 41 10.000000 2  -1.013735016070E-11 -2.197462177500E-11
AR GRAD 2024 06 13 02 41 20.000000 2  -6.748043096527E-12 -6.765400739628E-12
AR GRAD 2024 06 13 02 41 30.000000 2  -7.888634190323E-12  3.073823747618E-12
AR GRAD 2024 06 13 02 41 40.000000 2  -9.896737943049E-12  3.713048098153E-12
AR GRAD 2024 06 13 02 41 50.000000 2  -1.007604590042E-11 -2.084772979249E-11
AR GRAD 2024 06 13 02 42  0.000000 2  -5.570297261642E-12 -5.168503645903E-12
AR GRAD 2024 06 13 02 42 10.000000 2  -6.897077960838E-12 -3.789280954986E-12
AR GRAD 2024 06 13 02 42 20.000000 2  -7.794484675749E-12 -1.863005236191E-11
AR GRAD 2024 06 13 02 42 30.000000 2  -8.066502327209E-12 -2.334082753463E-11
AR GRAD 2024 06 13 02 42 40.000000 2  -8.643794881247E-12 -9.081596585858E-12
AR GRAD 2024 06 13 02 42 50.000000 2  -7.093798205099E-12 -2.027237058777E-11
AR GRAD 2024 06 13 02 43  0.000000 2  -1.355185842017E-11 -1.811314119526E-11
AR GRAD 2024 06 13 02 43 10.000000 2  -9.341250863104E-12 -1.015391069836E-11
AR GRAD 2024 06 13 02 43 20.000000 2  -8.974803539230E-12 -1.604467947391E-11
AR GRAD 2024 06 13 02 43 30.000000 2  -7.701662224635E-12 -9.454484721158E-13
AR GRAD 2024 06 13 02 43 40.000000 2  -8.551371416532E-12 -1.700621761469E-11
AR GRAD 2024 06 13 02 43 50.000000 2  -8.987655238102E-12 -4.436981598105E-12
AR GRAD 2024 06 13 02 44  0.000000 2  -1.104928561840E-11 -2.181774899634E-11
AR GRAD 2024 06 13 02 44 10.000000 2  -8.093396612618E-12 -7.498514829896E-12
AR GRAD 2024 06 13 02 44 20.000000 2  -7.065320117156E-12 -3.029927697629E-11
AR GRAD 2024 06 13 02 44 30.000000 2  -9.552779574318E-12 -2.995004244610E-11
AR GRAD 2024 06 13 02 44 40.000000 2  -9.224140548603E-12 -2.236080591522E-11
AR GRAD 2024 06 13 02 44 50.000000 2  -5.874522656518E-12 -3.281156943369E-11
AR GRAD 2024 06 13 02 45  0.000000 2  -6.672804236246E-12 -1.818233064110E-11
AR GRAD 2024 06 13 02 45 10.000000 2  -6.827894586531E-12 -2.841309132418E-11
AR GRAD 2024 06 13 02 45 20.000000 2  -1.133240810219E-11 -2.998385220665E-11
AR GRAD 2024 06 13 02 45 30.000000 2  -1.011061980666E-11 -1.610961364307E-11
AR GRAD 2024 06 13 02 45 40.000000 2  -6.355624793813E-12 -2.235371610038E-12
AR GRAD 2024 06 13 02 45 50.000000 2  -1.066120802751E-11 -2.539612964370E-11
AR GRAD 2024 06 13 02 46  0.000000 2  -7.185007363381E-12 -1.904688559651E-11
AR GRAD 2024 06 13 02 46 10.000000 2  -1.078560331325E-11 -2.661764211820E-11
AR GRAD 2024 06 13 02 46 20.000000 2  -6.845789126547E-12 -2.563839938963E-11
AR GRAD 2024 06 13 02 46 30.000000 2  -8.428558198603E-12 -2.725915153323E-11
AR GRAD 2024 06 13 02 46 40.000000 2  -9.160974930034E-12 -2.561990723737E-11
AR GRAD 2024 06 13 02 46 50.000000 2  -8.797258928273E-12 -2.621066211295E-11
AR GRAD 2024 06 13 02 47  0.000000 2  -8.407070178906E-12 -1.952141573391E-11
AR GRAD 2024 06 13 02 47 10.000000 2  -9.913991502741E-12 -1.611216542130E-11
AR GRAD 2024 06 13 02 47 20.000000 2  -8.146047204838E-12 -3.808291876295E-11
AR GRAD 2024 06 13 02 47 30.000000 2  -1.044685345175E-11 -3.072366319690E-11
AR GRAD 2024 06 13 02 47 40.000000 2  -1.041634573734E-11 -3.374941645595E-11
AR GRAD 2024 06 13 02 47 50.000000 2  -9.364025180258E-12 -3.677516971501E-11
AR GRAD 2024 06 13 02 48  0.000000 2  -9.035217886366E-12 -2.666591600309E-11
AR GRAD 2024 06 13 02 48 10.000000 2  -8.697583452066E-12 -1.985666318871E-11
AR GRAD 2024 06 13 02 48 20.000000 2  -8.836294543291E-12 -3.523740674249E-11
AR GRAD 2024 06 13 02 48 30.000000 2  -6.512197465308E-12 -3.065815309955E-11
AR GRAD 2024 06 13 02 48 40.000000 2  -9.344769749675E-12 -2.607890292605E-11
AR GRAD 2024 06 13 02 48 50.000000 2  -5.609799083595E-12 -2.685964471671E-11
AR GRAD 2024 06 13 02 49  0.000000 2  -1.079169826418E-11 -3.225038985866E-11
AR GRAD 2024 06 13 02 49 10.000000 2  -1.175540480930E-11 -3.719113211842E-11
AR GRAD 2024 06 13 02 49 20.000000 2  -5.070690829029E-12 -2.262187485946E-11
AR GRAD 2024 06 13 02 49 30.000000 2  -1.149216832808E-11 -2.366261700470E-11
AR GRAD 2024 06 13 02 49 40.000000 2  -6.733309656365E-12 -3.172335658053E-11
AR GRAD 2024 06 13 02 49 50.000000 2  -6.485668339190E-12 -2.366409845855E-11
AR GRAD 2024 06 13 02 50  0.000000 2  -6.868368287311E-12 -2.586483804912E-11
AR GRAD 2024 06 13 02 50 10.000000 2  -8.394086641050E-12 -2.806557417023E-11
AR GRAD 2024 06 13 02 50 20.000000 2  -9.281775868730E-12 -3.026631029135E-11
AR GRAD 2024 06 13 02 50 30.000000 2  -1.234323320637E-11 -3.355704950025E-11
AR GRAD 2024 06 13 02 50 40.000000 2  -5.809787113203E-12 -2.988778322055E-11
AR GRAD 2024 06 13 02 50 50.000000 2  -1.186507316009E-11 -3.788852218078E-11
AR GRAD 2024 06 13 02 51  0.000000 2  -1.001382917559E-11 -3.284925456648E-11
AR GRAD 2024 06 13 02 51 10.000000 2  -8.384056469912E-12 -2.421999406588E-11
AR GRAD 2024 06 13 02 51 20.000000 2  -1.154732039155E-11 -3.363072320628E-11
AR GRAD 2024 06 13 02 51 30.000000 2  -8.676928099638E-12 -3.482145821687E-11
AR GRAD 2024 06 13 02 51 40.000000 2  -1.360557499996E-11 -2.928218778564E-11
AR GRAD 2024 06 13 02 51 50.000000 2  -6.527015039559E-12 -2.374292255858E-11
AR GRAD 2024 06 13 02 52  0.000000 2  -1.260783057816E-11 -2.793365018461E-11
AR GRAD 2024 06 13 02 52 10.000000 2  -9.668810023455E-12 -2.920437849885E-11
AR GRAD 2024 06 13 02 52 20.000000 2  -7.399029305910E-12 -3.305511073193E-11
AR GRAD 2024 06 13 02 52 30.000000 2  -7.575569511975E-12 -3.514583762909E-11
AR GRAD 2024 06 13 02 52 40.000000 2  -8.861398594073E-12 -3.723656105681E-11
AR GRAD 2024 06 13 02 52 50.000000 2  -6.594995816817E-12 -3.303729165238E-11
AR GRAD 2024 06 13 02 53  0.000000 2  -5.789839527953E-12 -2.883801530906E-11
AR GRAD 2024 06 13 02 53 10.000000 2  -8.075166403609E-12 -2.514374125573E-11
AR GRAD 2024 06 13 02 53 20.000000 2  -7.472957148924E-12 -2.144946893712E-11
AR GRAD 2024 06 13 02 53 30.000000 2  -6.856436425562E-12 -2.317685800224E-11
AR GRAD 2024 06 13 02 53 40.000000 2  -8.794996848860E-12 -2.490424880208E-11
AR GRAD 2024 06 13 02 53 50.000000 2  -1.065010319518E-11 -2.663163786720E-11
AR GRAD 2024 06 13 02 54  0.000000 2  -6.246923117681E-12 -2.835902346288E-11
AR GRAD 2024 06 13 02 54 10.000000 2  -6.966531952007E-12 -3.008641252800E-11
AR GRAD 2024 06 13 02 54 20.000000 2  -8.184342960293E-12 -3.181379465422E-11
AR GRAD 2024 06 13 02 54 30.000000 2  -7.638894725104E-12 -3.354118371934E-11
AR GRAD 2024 06 13 02 54 40.000000 2  -9.341021879605E-12 -3.526856584557E-11
AR GRAD 2024 06 13 02 54 50.000000 2  -8.134795788373E-12 -3.699595491069E-11
AR GRAD 2024 06 13 02 55  0.000000 2  -9.845607835957E-12 -3.475666976449E-11
AR GRAD 2024 06 13 02 55 10.000000 2  -5.654300812286E-12 -3.226738667927E-11
AR GRAD 2024 06 13 02 55 20.000000 2  -7.918140101926E-12 -3.218809940808E-11
AR GRAD 2024 06 13 02 55 30.000000 2  -8.825665892553E-12 -3.321881658636E-11
AR GRAD 2024 06 13 02 55 40.000000 2  -1.064319986310E-11 -2.226953170481E-11
AR GRAD 2024 06 13 02 55 50.000000 2  -7.768225299132E-12 -2.986024275065E-11
AR GRAD 2024 06 13 02 56  0.000000 2  -6.422929896277E-12 -2.711595704918E-11
AR GRAD 2024 06 13 02 56 10.000000 2  -7.380314241690E-12 -2.437167134772E-11
AR GRAD 2024 06 13 02 56 20.000000 2  -6.986098331774E-12 -3.354238067854E-11
AR GRAD 2024 06 13 02 56 30.000000 2  -5.624224176659E-12 -3.754308669501E-11
AR GRAD 2024 06 13 02 56 40.000000 2  -5.830554788977E-12 -2.942380020188E-11
AR GRAD 2024 06 13 02 56 50.000000 2  -3.681748048795E-12 -3.503450654585E-11
AR GRAD 2024 06 13 02 57  0.000000 2  -8.591494703170E-12 -3.472521575842E-11
AR GRAD 2024 06 13 02 57 10.000000 2  -7.739395929685E-12 -3.493925634923E-11
AR GRAD 2024 06 13 02 57 20.000000 2  -8.505341396459E-12 -3.515329347059E-11
AR GRAD 2024 06 13 02 57 30.000000 2  -6.109403781485E-12 -3.536733406140E-11
AR GRAD 2024 06 13 02 57 40.000000 2  -6.346177489763E-12 -3.558137465220E-11
AR GRAD 2024 06 13 02 57 50.000000 2  -6.247911910062E-12 -3.579541177356E-11
AR GRAD 2024 06 13 02 58  0.000000 2  -9.032071097981E-12 -3.600944542548E-11
AR GRAD 2024 06 13 02 58 10.000000 2  -6.910982636860E-12 -2.461015245758E-11
AR GRAD 2024 06 13 02 58 20.000000 2  -5.156297264164E-12 -2.891585408615E-11
AR GRAD 2024 06 13 02 58 30.000000 2  -1.130975868513E-11 -3.322155398000E-11
AR GRAD 2024 06 13 02 58 40.000000 2  -3.290445606957E-12 -3.641225515549E-11
AR GRAD 2024 06 13 02 58 50.000000 2  -7.104486703796E-12 -3.283295163525E-11
AR GRAD 2024 06 13 02 59  0.000000 2  -8.449653303433E-12 -2.664365429672E-11
AR GRAD 2024 06 13 02 59 10.000000 2  -9.756816014839E-12 -2.923935052412E-11
AR GRAD 2024 06 13 02 59 20.000000 2  -2.019964924493E-12 -3.183504848625E-11
AR GRAD 2024 06 13 02 59 30.000000 2  -8.851194083226E-12 -2.967574450063E-11
AR GRAD 2024 06 13 02 59 40.000000 2  -7.922840335184E-12 -2.675144307462E-11
AR GRAD 2024 06 13 02 59 50.000000 2  -7.635796508976E-12 -2.382713817917E-11
AR GRAD 2024 06 13 03 00  0.000000 2  -6.670758997268E-12 -2.204783230986E-11
AR GRAD 2024 06 13 03 00 10.000000 2  -8.663297509925E-12 -2.026852644055E-11
AR GRAD 2024 06 13 03 00 20.000000 2  -3.295975038037E-12 -2.761922114625E-11
AR GRAD 2024 06 13 03 00 30.000000 2  -6.866865583099E-12 -3.496990891305E-11
AR GRAD 2024 06 13 03 00 40.000000 2  -5.780959478480E-12 -3.241060198000E-11
AR GRAD 2024 06 13 03 00 50.000000 2  -5.869691885318E-12 -3.049129351784E-11
AR GRAD 2024 06 13 03 01  0.000000 2  -6.674489953784E-12 -1.813198376166E-11
AR GRAD 2024 06 13 03 01 10.000000 2  -5.719426234702E-12 -3.586267047218E-11
AR GRAD 2024 06 13 03 01 20.000000 2  -3.308551349557E-12 -1.844336315615E-11
AR GRAD 2024 06 13 03 01 30.000000 2  -7.599141801928E-12 -3.665405132192E-11
AR GRAD 2024 06 13 03 01 40.000000 2  -5.685254350629E-12 -2.916473659798E-11
AR GRAD 2024 06 13 03 01 50.000000 2  -2.813909912372E-12 -2.462542322834E-11
AR GRAD 2024 06 13 03 02  0.000000 2  -6.141963240086E-12 -3.803610898467E-11
AR GRAD 2024 06 13 03 02 10.000000 2  -4.809248485560E-12 -1.932679190297E-11
AR GRAD 2024 06 13 03 02 20.000000 2  -7.484922404100E-12 -2.960747966241E-11
AR GRAD 2024 06 13 03 02 30.000000 2  -3.425333150800E-12 -2.948816191228E-11
AR GRAD 2024 06 13 03 02 40.000000 2  -9.173350447311E-12 -3.475884510773E-11
AR GRAD 2024 06 13 03 02 50.000000 2  -5.138471679406E-12 -2.411952755577E-11
AR GRAD 2024 06 13 03 03  0.000000 2  -5.429434679627E-12 -3.259020830981E-11
AR GRAD 2024 06 13 03 03 10.000000 2  -1.281043522129E-12 -2.115088833243E-11
AR GRAD 2024 06 13 03 03 20.000000 2  -5.377625428293E-12 -2.365157028561E-11
AR GRAD 2024 06 13 03 03 30.000000 2  -5.955746312791E-12 -2.053724725004E-11
AR GRAD 2024 06 13 03 03 40.000000 2  -5.275965862112E-12 -1.742292594920E-11
AR GRAD 2024 06 13 03 03 50.000000 2  -5.560341249933E-12 -3.175359974961E-11
AR GRAD 2024 06 13 03 04  0.000000 2  -5.777545108998E-12 -2.305428070670E-11
AR GRAD 2024 06 13 03 04 10.000000 2  -3.916697695339E-12 -3.638495407743E-11
AR GRAD 2024 06 13 03 04 20.000000 2  -7.114800068542E-12 -2.580563020216E-11
AR GRAD 2024 06 13 03 04 30.000000 2  -3.954867249661E-12 -3.058630085317E-11
AR GRAD 2024 06 13 03 04 40.000000 2  -2.738307844363E-12 -1.608698070588E-11
AR GRAD 2024 06 13 03 04 50.000000 2  -6.528230213354E-12 -2.363765086444E-11
