 2.00 C RINEX VERSION / TYPE
 10.00 INTERVAL
 1 AR # / TYPES OF DATA
 END OF HEADER
AR GRAD 2024 06 29 01 05  0.000000 2   4.406042544702E-11  2.778262342407E-11
AR GRAD 2024 06 29 01 05 10.000000 2   5.070223407788E-11  6.202231089825E-11
AR GRAD 2024 06 29 01 05 20.000000 2   4.460838642917E-11  3.533199427475E-11
AR GRAD 2024 06 29 01 05 30.000000 2   4.515832846552E-11  5.137167427560E-11
AR GRAD 2024 06 29 01 05 40.000000 2   5.178450376842E-11  5.457135784925E-11
AR GRAD 2024 06 29 01 05 50.000000 2   4.480122869910E-11  5.060103377974E-11
AR GRAD 2024 06 29 01 06  0.000000 2   5.045316248120E-11  5.236070951820E-11
AR GRAD 2024 06 29 01 06 10.000000 2   4.427300540066E-11  3.618038160735E-11
AR GRAD 2024 06 29 01 06 20.000000 2   4.763272762331E-11  3.455005379016E-11
AR GRAD 2024 06 29 01 06 30.000000 2   4.806659584244E-11  5.591972371266E-11
AR GRAD 2024 06 29 01 06 40.000000 2   5.324949162167E-11  4.148938831383E-11
AR GRAD 2024 06 29 01 06 50.000000 2   4.381259244290E-11  4.172905423983E-11
AR GRAD 2024 06 29 01 07  0.000000 2   4.827794761186E-11  3.470871853817E-11
AR GRAD 2024 06 29 01 07 10.000000 2   4.979770762414E-11  4.535837677677E-11
AR GRAD 2024 06 29 01 07 20.000000 2   4.773757084076E-11  4.773803574665E-11
AR GRAD 2024 06 29 01 07 30.000000 2   5.016384183043E-11  5.171769262846E-11
AR GRAD 2024 06 29 01 07 40.000000 2   4.804743408693E-11  4.619734456091E-11
AR GRAD 2024 06 29 01 07 50.000000 2   4.847803061758E-11  4.658699814808E-11
AR GRAD 2024 06 29 01 08  0.000000 2   4.643814499605E-11  3.821664859571E-11
AR GRAD 2024 06 29 01 08 10.000000 2   4.865349442773E-11  2.783629403369E-11
AR GRAD 2024 06 29 01 08 20.000000 2   4.570543249427E-11  5.558593862975E-11
AR GRAD 2024 06 29 01 08 30.000000 2   4.610544931949E-11  4.089558205966E-11
AR GRAD 2024 06 29 01 08 40.000000 2   5.407999048579E-11  5.462522448263E-11
AR GRAD 2024 06 29 01 08 50.000000 2   4.455416591220E-11  5.271486372416E-11
AR GRAD 2024 06 29 01 09  0.000000 2   4.993147909027E-11  3.096450179596E-11
AR GRAD 2024 06 29 01 09 10.000000 2   4.602935740894E-11  3.653413335747E-11
AR GRAD 2024 06 29 01 09 20.000000 2   4.470502440457E-11  4.302376857557E-11
AR GRAD 2024 06 29 01 09 30.000000 2   5.189245907977E-11  5.057339616532E-11
AR GRAD 2024 06 29 01 09 40.000000 2   5.067588362828E-11  3.445302723670E-11
AR GRAD 2024 06 29 01 09 50.000000 2   4.783186347002E-11  4.463265174115E-11
AR GRAD 2024 06 29 01 10  0.000000 2   4.477895831911E-11  4.865228012130E-11
AR GRAD 2024 06 29 01 10 10.000000 2   4.594770744437E-11  3.681189728044E-11
AR GRAD 2024 06 29 01 10 20.000000 2   4.780309481589E-11  5.876151648598E-11
AR GRAD 2024 06 29 01 10 30.000000 2   4.528579594654E-11  3.684113430991E-11
AR GRAD 2024 06 29 01 10 40.000000 2   4.823000679388E-11  3.999075029459E-11
AR GRAD 2024 06 29 01 10 50.000000 2   5.008906484028E-11  4.044036633344E-11
AR GRAD 2024 06 29 01 11  0.000000 2   5.096887495393E-11  4.623997712505E-11
AR GRAD 2024 06 29 01 11 10.000000 2   4.652630364310E-11  4.627958780090E-11
AR GRAD 2024 06 29 01 11 20.000000 2   4.959870361643E-11  3.420919450492E-11
AR GRAD 2024 06 29 01 11 30.000000 2   4.406978601490E-11  3.950879901016E-11
AR GRAD 2024 06 29 01 11 40.000000 2   4.134489625662E-11  3.326839845275E-11
AR GRAD 2024 06 29 01 11 50.000000 2   4.496599967374E-11  5.182800022485E-11
AR GRAD 2024 06 29 01 12  0.000000 2   4.415052004547E-11  4.342760179243E-11
AR GRAD 2024 06 29 01 12 10.000000 2   4.760969396500E-11  4.818719381849E-11
AR GRAD 2024 06 29 01 12 20.000000 2   4.382777474277E-11  3.346679183780E-11
AR GRAD 2024 06 29 01 12 30.000000 2   4.574313150485E-11  3.336638257356E-11
AR GRAD 2024 06 29 01 12 40.000000 2   4.540776088469E-11  4.356597027577E-11
AR GRAD 2024 06 29 01 12 50.000000 2   4.511131745932E-11  4.010556123313E-11
AR GRAD 2024 06 29 01 13  0.000000 2   4.122717445210E-11  4.256514585244E-11
AR GRAD 2024 06 29 01 13 10.000000 2   4.548577833829E-11  5.061473115631E-11
AR GRAD 2024 06 29 01 13 20.000000 2   5.269815486764E-11  4.142431189735E-11
AR GRAD 2024 06 29 01 13 30.000000 2   4.533720968092E-11  4.280389237499E-11
AR GRAD 2024 06 29 01 13 40.000000 2   4.511590059875E-11  3.751346802638E-11
AR GRAD 2024 06 29 01 13 50.000000 2   4.945184886584E-11  3.672304127456E-11
AR GRAD 2024 06 29 01 14  0.000000 2   4.689284030523E-11  3.074261678560E-11
AR GRAD 2024 06 29 01 14 10.000000 2   4.404274514536E-11  4.216218693620E-11
AR GRAD 2024 06 29 01 14 20.000000 2   4.791175095553E-11  3.996175612642E-11
AR GRAD 2024 06 29 01 14 30.000000 2   4.609522138987E-11  3.236132195550E-11
AR GRAD 2024 06 29 01 14 40.000000 2   4.614462978392E-11  3.772088544296E-11
AR GRAD 2024 06 29 01 14 50.000000 2   4.810335116345E-11  4.771044670449E-11
AR GRAD 2024 06 29 01 15  0.000000 2   4.522247853966E-11  3.009000687504E-11
AR GRAD 2024 06 29 01 15 10.000000 2   4.088651986422E-11  3.436956969027E-11
AR GRAD 2024 06 29 01 15 20.000000 2   4.322102051257E-11  3.577912272013E-11
AR GRAD 2024 06 29 01 15 30.000000 2   4.333987682625E-11  3.522867761396E-11
AR GRAD 2024 06 29 01 15 40.000000 2   4.422168881080E-11  3.547822799432E-11
AR GRAD 2024 06 29 01 15 50.000000 2   4.713926124444E-11  4.461777822207E-11
AR GRAD 2024 06 29 01 16  0.000000 2   4.065763697936E-11  4.572732817398E-11
AR GRAD 2024 06 29 01 16 10.000000 2   4.604873427017E-11  3.652687180500E-11
AR GRAD 2024 06 29 01 16 20.000000 2   4.142826706688E-11  3.259641168096E-11
AR GRAD 2024 06 29 01 16 30.000000 2   4.423032079481E-11  3.896595546227E-11
AR GRAD 2024 06 29 01 16 40.000000 2   4.661755703683E-11  3.527549433113E-11
AR GRAD 2024 06 29 01 16 50.000000 2   3.845788618118E-11  3.559503039541E-11
AR GRAD 2024 06 29 01 17  0.000000 2   4.462064745470E-11  4.041456405646E-11
AR GRAD 2024 06 29 01 17 10.000000 2   4.179970605755E-11  3.483409741212E-11
AR GRAD 2024 06 29 01 17 20.000000 2   3.790083524802E-11  3.622362479416E-11
AR GRAD 2024 06 29 01 17 30.000000 2   4.111605500512E-11  4.385315374722E-11
AR GRAD 2024 06 29 01 17 40.000000 2   4.169025194511E-11  4.395267830248E-11
AR GRAD 2024 06 29 01 17 50.000000 2   4.044623663768E-11  2.937220605626E-11
AR GRAD 2024 06 29 01 18  0.000000 2   3.991827354777E-11  4.127172562041E-11
AR GRAD 2024 06 29 01 18 10.000000 2   3.496396921987E-11  3.766124564986E-11
AR GRAD 2024 06 29 01 18 20.000000 2   4.151958984955E-11  1.495076111524E-11
AR GRAD 2024 06 29 01 18 30.000000 2   3.617883770346E-11  3.976027840302E-11
AR GRAD 2024 06 29 01 18 40.000000 2   3.970499623529E-11  4.516979151825E-11
AR GRAD 2024 06 29 01 18 50.000000 2   3.994475930580E-11  4.192930030955E-11
AR GRAD 2024 06 29 01 19  0.000000 2   3.112791621684E-11  2.887881080105E-11
AR GRAD 2024 06 29 01 19 10.000000 2   4.054186847346E-11  3.157831982015E-11
AR GRAD 2024 06 29 01 19 20.000000 2   3.661051670156E-11  3.286782304657E-11
AR GRAD 2024 06 29 01 19 30.000000 2   3.466157222354E-11  2.542732344124E-11
AR GRAD 2024 06 29 01 19 40.000000 2   3.845939192115E-11  4.070682332880E-11
AR GRAD 2024 06 29 01 19 50.000000 2   3.232675238607E-11  3.458632338860E-11
AR GRAD 2024 06 29 01 20  0.000000 2   3.659033492864E-11  3.415582053301E-11
AR GRAD 2024 06 29 01 20 10.000000 2   2.856009005681E-11  2.716531166680E-11
AR GRAD 2024 06 29 01 20 20.000000 2   3.389668754017E-11  3.425480732400E-11
AR GRAD 2024 06 29 01 20 30.000000 2   3.499415340835E-11  2.927429479382E-11
AR GRAD 2024 06 29 01 20 40.000000 2   3.519669972141E-11  3.684378149793E-11
AR GRAD 2024 06 29 01 20 50.000000 2   2.863891936100E-11  1.536326794949E-11
AR GRAD 2024 06 29 01 21  0.000000 2   3.602339954112E-11  4.476275253240E-11
AR GRAD 2024 06 29 01 21 10.000000 2   3.190828504196E-11  3.602223380694E-11
AR GRAD 2024 06 29 01 21 20.000000 2   3.340898738213E-11  3.486171074041E-11
AR GRAD 2024 06 29 01 21 30.000000 2   3.427770567388E-11  1.304118878859E-11
AR GRAD 2024 06 29 01 21 40.000000 2   3.425195196916E-11  4.332066302903E-11
AR GRAD 2024 06 29 01 21 50.000000 2   2.799825996047E-11  4.287013452564E-11
AR GRAD 2024 06 29 01 22  0.000000 2   3.191367656252E-11  4.289605129437E-12
AR GRAD 2024 06 29 01 22 10.000000 2   3.487619915088E-11  3.227907524606E-11
AR GRAD 2024 06 29 01 22 20.000000 2   2.595580694820E-11  4.187853883120E-11
AR GRAD 2024 06 29 01 22 30.000000 2   3.046744107005E-11  2.574800268829E-11
AR GRAD 2024 06 29 01 22 40.000000 2   3.376677756850E-11  2.850746375072E-11
AR GRAD 2024 06 29 01 22 50.000000 2   3.005555873625E-11  2.522692471585E-11
AR GRAD 2024 06 29 01 23  0.000000 2   3.648881197194E-11  2.596638355723E-11
AR GRAD 2024 06 29 01 23 10.000000 2   3.254192748603E-11  3.415583788025E-11
AR GRAD 2024 06 29 01 23 20.000000 2   3.046989049960E-11  2.841529095354E-11
AR GRAD 2024 06 29 01 23 30.000000 2   3.097443829203E-11  3.003474552399E-11
AR GRAD 2024 06 29 01 23 40.000000 2   3.274286050625E-11  4.474419099121E-11
AR GRAD 2024 06 29 01 23 50.000000 2   3.491283998014E-11  2.317363835547E-11
AR GRAD 2024 06 29 01 24  0.000000 2   3.098513806643E-11  2.887308447885E-11
AR GRAD 2024 06 29 01 24 10.000000 2   2.854835638721E-11  2.920252928362E-11
AR GRAD 2024 06 29 01 24 20.000000 2   2.868165253911E-11  1.684196879181E-11
AR GRAD 2024 06 29 01 24 30.000000 2   2.386295154533E-11  2.064140525171E-11
AR GRAD 2024 06 29 01 24 40.000000 2   2.844634250376E-11  3.149084465415E-11
AR GRAD 2024 06 29 01 24 50.000000 2   2.281073073485E-11  2.984027608344E-11
AR GRAD 2024 06 29 01 25  0.000000 2   2.865795101226E-11  3.641970752755E-11
AR GRAD 2024 06 29 01 25 10.000000 2   3.257208044949E-11  1.337913980992E-11
AR GRAD 2024 06 29 01 25 20.000000 2   2.924791658865E-11  2.128856466110E-11
AR GRAD 2024 06 29 01 25 30.000000 2   2.579715087381E-11  3.621799388176E-11
AR GRAD 2024 06 29 01 25 40.000000 2   2.492022560530E-11  1.281741292963E-11
AR GRAD 2024 06 29 01 25 50.000000 2   2.170735292906E-11  2.899683444746E-11
AR GRAD 2024 06 29 01 26  0.000000 2   2.936651963270E-11  3.430625575285E-11
AR GRAD 2024 06 29 01 26 10.000000 2   2.614835431514E-11  1.680567143780E-11
AR GRAD 2024 06 29 01 26 20.000000 2   2.169053998913E-11  4.030508912733E-11
AR GRAD 2024 06 29 01 26 30.000000 2   2.815825350666E-11  6.004498547679E-12
AR GRAD 2024 06 29 01 26 40.000000 2   2.044566078940E-11  4.147391111098E-11
AR GRAD 2024 06 29 01 26 50.000000 2   2.117159399184E-11  2.585331948524E-11
AR GRAD 2024 06 29 01 27  0.000000 2   2.042591790152E-11  3.027272876821E-11
AR GRAD 2024 06 29 01 27 10.000000 2   2.503847823521E-11  1.798212967419E-11
AR GRAD 2024 06 29 01 27 20.000000 2   1.964197034188E-11  2.624152978248E-11
AR GRAD 2024 06 29 01 27 30.000000 2   1.532404758642E-11  2.501093256113E-11
AR GRAD 2024 06 29 01 27 40.000000 2   1.754673836785E-11  2.256033033998E-11
AR GRAD 2024 06 29 01 27 50.000000 2   1.581915674842E-11  1.881972529205E-11
AR GRAD 2024 06 29 01 28  0.000000 2   1.973756227902E-11  3.119911967664E-11
AR GRAD 2024 06 29 01 28 10.000000 2   1.278668317062E-11  1.498851043280E-11
AR GRAD 2024 06 29 01 28 20.000000 2   1.742316360631E-11  3.839789944338E-11
AR GRAD 2024 06 29 01 28 30.000000 2   1.954438694218E-11 -3.962714704986E-12
AR GRAD 2024 06 29 01 28 40.000000 2   2.085118709638E-11  2.080667062254E-11
AR GRAD 2024 06 29 01 28 50.000000 2   2.244871302737E-11  2.752605435252E-11
AR GRAD 2024 06 29 01 29  0.000000 2   1.346904098670E-11  3.163543732532E-11
AR GRAD 2024 06 29 01 29 10.000000 2   1.720437854680E-11  2.383481433055E-11
AR GRAD 2024 06 29 01 29 20.000000 2   1.816790988485E-11  2.737418972054E-11
AR GRAD 2024 06 29 01 29 30.000000 2   1.650960097799E-11  2.293356476946E-11
AR GRAD 2024 06 29 01 29 40.000000 2   1.596785551006E-11  2.618293776235E-11
AR GRAD 2024 06 29 01 29 50.000000 2   1.765749352289E-11  2.162230811065E-11
AR GRAD 2024 06 29 01 30  0.000000 2   1.544716958513E-11  1.536167720806E-11
AR GRAD 2024 06 29 01 30 10.000000 2   1.314211239833E-11  1.266104235342E-11
AR GRAD 2024 06 29 01 30 20.000000 2   1.359213609720E-11  2.476040553145E-11
AR GRAD 2024 06 29 01 30 30.000000 2   1.821370831934E-11  1.236976840402E-11
AR GRAD 2024 06 29 01 30 40.000000 2   1.008768589494E-11  4.205912701449E-11
AR GRAD 2024 06 29 01 30 50.000000 2   1.420036310762E-11  8.668486067842E-12
AR GRAD 2024 06 29 01 31  0.000000 2   1.590702222720E-11  3.256784078531E-11
AR GRAD 2024 06 29 01 31 10.000000 2   9.868782006872E-12  9.397192225757E-12
AR GRAD 2024 06 29 01 31 20.000000 2   7.703895681110E-12  2.433654319733E-11
AR GRAD 2024 06 29 01 31 30.000000 2   9.784463170237E-12  1.449589406843E-11
AR GRAD 2024 06 29 01 31 40.000000 2   1.696458078182E-11  1.439524020819E-11
AR GRAD 2024 06 29 01 31 50.000000 2   1.207308645418E-11  3.609458218423E-11
AR GRAD 2024 06 29 01 32  0.000000 2   1.173621356348E-11  3.423925856380E-12
AR GRAD 2024 06 29 01 32 10.000000 2   1.040409078334E-11  9.993264896146E-12
AR GRAD 2024 06 29 01 32 20.000000 2   1.503588746565E-11  2.083260473851E-11
AR GRAD 2024 06 29 01 32 30.000000 2   7.950837037363E-12  4.159194169628E-11
AR GRAD 2024 06 29 01 32 40.000000 2   7.845103039417E-12  1.601127216921E-11
AR GRAD 2024 06 29 01 32 50.000000 2   9.556940308575E-12  1.385060555831E-11
AR GRAD 2024 06 29 01 33  0.000000 2   1.235334924632E-11  1.968993544599E-11
AR GRAD 2024 06 29 01 33 10.000000 2   8.947995122632E-12  9.859262711798E-12
AR GRAD 2024 06 29 01 33 20.000000 2   5.901287705029E-12  1.320858613457E-11
AR GRAD 2024 06 29 01 33 30.000000 2   1.733206135036E-12  2.505790887286E-11
AR GRAD 2024 06 29 01 33 40.000000 2   6.151651237019E-12  1.184723239650E-11
AR GRAD 2024 06 29 01 33 50.000000 2   6.550357912333E-12  2.204655034921E-11
AR GRAD 2024 06 29 01 34  0.000000 2   2.238171670568E-12  8.765866504890E-12
AR GRAD 2024 06 29 01 34 10.000000 2   4.533926619560E-12  1.680518051106E-11
AR GRAD 2024 06 29 01 34 20.000000 2   5.350154781009E-12  1.323449422969E-11
AR GRAD 2024 06 29 01 34 30.000000 2  -2.775295184637E-12  1.456380328835E-11
AR GRAD 2024 06 29 01 34 40.000000 2   1.186998849906E-12  2.301311224917E-11
AR GRAD 2024 06 29 01 34 50.000000 2  -2.957194493620E-13  2.059241839547E-11
AR GRAD 2024 06 29 01 35  0.000000 2   3.784049625293E-13  1.135172424810E-11
AR GRAD 2024 06 29 01 35 10.000000 2   6.554299204070E-13  1.113102405387E-11
AR GRAD 2024 06 29 01 35 20.000000 2  -5.712401471986E-12  9.090323112304E-12
AR GRAD 2024 06 29 01 35 30.000000 2  -7.548245882505E-12  2.127962042686E-11
AR GRAD 2024 06 29 01 35 40.000000 2  -6.478671765731E-12  2.124891582134E-11
AR GRAD 2024 06 29 01 35 50.000000 2  -2.955677152680E-12  2.032821133646E-11
AR GRAD 2024 06 29 01 36  0.000000 2  -7.547712455036E-12  4.267503017630E-12
AR GRAD 2024 06 29 01 36 10.000000 2  -1.284484931613E-11  1.775679082938E-11
AR GRAD 2024 06 29 01 36 20.000000 2  -5.828921546824E-12  2.403607694823E-11
AR GRAD 2024 06 29 01 36 30.000000 2  -8.121670870553E-12  1.543535958770E-11
AR GRAD 2024 06 29 01 36 40.000000 2  -6.783208109790E-12 -8.435355712544E-12
AR GRAD 2024 06 29 01 36 50.000000 2  -1.124512028633E-11  2.635392425121E-11
AR GRAD 2024 06 29 01 37  0.000000 2  -1.006571735684E-11  3.683202614430E-12
AR GRAD 2024 06 29 01 37 10.000000 2  -6.800194630487E-13  1.215247954350E-11
AR GRAD 2024 06 29 01 37 20.000000 2  -1.332960564843E-11  1.052175447463E-11
AR GRAD 2024 06 29 01 37 30.000000 2  -1.133862188168E-11  6.191027291519E-12
AR GRAD 2024 06 29 01 37 40.000000 2  -1.483905186228E-11  7.640296381672E-12
AR GRAD 2024 06 29 01 37 50.000000 2  -1.326123499207E-11  1.063956128061E-11
AR GRAD 2024 06 29 01 38  0.000000 2  -1.076851975645E-11  8.258830251628E-12
AR GRAD 2024 06 29 01 38 10.000000 2  -1.034985899068E-11  1.799809086489E-11
AR GRAD 2024 06 29 01 38 20.000000 2  -1.583488028201E-11 -2.462645755721E-12
AR GRAD 2024 06 29 01 38 30.000000 2  -1.795379990510E-11  2.346661233388E-11
AR GRAD 2024 06 29 01 38 40.000000 2  -1.556053376428E-11 -1.181412953577E-11
AR GRAD 2024 06 29 01 38 50.000000 2  -1.423821477387E-11  1.520512361852E-11
AR GRAD 2024 06 29 01 39  0.000000 2  -8.958668008818E-12  1.279437927132E-11
AR GRAD 2024 06 29 01 39 10.000000 2  -1.194608734850E-11  7.823630632231E-12
AR GRAD 2024 06 29 01 39 20.000000 2  -8.263283286791E-12  1.817287639816E-11
AR GRAD 2024 06 29 01 39 30.000000 2  -1.976560408401E-11 -6.017876735126E-12
AR GRAD 2024 06 29 01 39 40.000000 2  -1.510012427597E-11  1.923136649928E-11
AR GRAD 2024 06 29 01 39 50.000000 2  -1.151913547187E-11  7.070607120629E-12
AR GRAD 2024 06 29 01 40  0.000000 2  -1.205415454952E-11  5.329848541680E-12
AR GRAD 2024 06 29 01 40 10.000000 2  -1.520943614108E-11  3.869086041136E-12
AR GRAD 2024 06 29 01 40 20.000000 2  -1.055828081215E-11  8.208324644987E-12
AR GRAD 2024 06 29 01 40 30.000000 2  -1.954092269940E-11  4.387554122104E-12
AR GRAD 2024 06 29 01 40 40.000000 2  -9.745043313969E-12  1.285678855045E-11
AR GRAD 2024 06 29 01 40 50.000000 2  -1.763796053655E-11  1.565601294440E-11
AR GRAD 2024 06 29 01 41  0.000000 2  -1.300556624201E-11 -1.339475752538E-11
AR GRAD 2024 06 29 01 41 10.000000 2  -1.483797806845E-11 -7.265530625050E-12
AR GRAD 2024 06 29 01 41 20.000000 2  -1.219874201652E-11  1.284369225557E-11
AR GRAD 2024 06 29 01 41 30.000000 2  -1.738425028930E-11 -1.617086781321E-12
AR GRAD 2024 06 29 01 41 40.000000 2  -1.622714809746E-11  1.272128886606E-12
AR GRAD 2024 06 29 01 41 50.000000 2  -1.222466919359E-11  1.000134697282E-11
AR GRAD 2024 06 29 01 42  0.000000 2  -1.497240005588E-11 -2.279439441019E-12
AR GRAD 2024 06 29 01 42 10.000000 2  -1.750153494351E-11  4.759773304663E-12
AR GRAD 2024 06 29 01 42 20.000000 2  -1.467096583108E-11  1.588981658925E-12
AR GRAD 2024 06 29 01 42 30.000000 2  -1.794262828592E-11 -1.151809984196E-12
AR GRAD 2024 06 29 01 42 40.000000 2  -1.503718156937E-11 -7.126033704091E-13
AR GRAD 2024 06 29 01 42 50.000000 2  -1.524721147950E-11 -7.793401340939E-12
AR GRAD 2024 06 29 01 43  0.000000 2  -1.955296168032E-11  1.461580162454E-11
AR GRAD 2024 06 29 01 43 10.000000 2  -1.321652336184E-11 -3.014999708228E-12
AR GRAD 2024 06 29 01 43 20.000000 2  -1.744453539954E-11 -4.275800633696E-12
AR GRAD 2024 06 29 01 43 30.000000 2  -1.809189430213E-11  1.287339332356E-11
AR GRAD 2024 06 29 01 43 40.000000 2  -1.988681268272E-11  1.152587573994E-12
AR GRAD 2024 06 29 01 43 50.000000 2  -2.255245122595E-11 -1.544822429700E-11
AR GRAD 2024 06 29 01 44  0.000000 2  -1.911360826556E-11  1.887096555409E-11
AR GRAD 2024 06 29 01 44 10.000000 2  -2.379494344618E-11  6.501525121223E-13
AR GRAD 2024 06 29 01 44 20.000000 2  -1.657614323580E-11 -5.490661744711E-12
AR GRAD 2024 06 29 01 44 30.000000 2  -1.665000429196E-11 -1.571479383254E-12
AR GRAD 2024 06 29 01 44 40.000000 2  -2.555883109323E-11  1.025769920393E-11
AR GRAD 2024 06 29 01 44 50.000000 2  -1.813293092068E-11 -6.503123126805E-12
AR GRAD 2024 06 29 01 45  0.000000 2  -2.035842674997E-11 -3.303947176611E-12
AR GRAD 2024 06 29 01 45 10.000000 2  -2.091726618303E-11 -1.585477062138E-11
AR GRAD 2024 06 29 01 45 20.000000 2  -1.950462361067E-11  2.144399241510E-12
AR GRAD 2024 06 29 01 45 30.000000 2  -2.530956520752E-11 -6.316432186321E-12
AR GRAD 2024 06 29 01 45 40.000000 2  -2.412398752982E-11  1.193273344718E-11
AR GRAD 2024 06 29 01 45 50.000000 2  -1.684336004004E-11 -1.362809951694E-11
AR GRAD 2024 06 29 01 46  0.000000 2  -1.909682655066E-11  1.683106258532E-11
AR GRAD 2024 06 29 01 46 10.000000 2  -2.431956198923E-11  2.480225009746E-12
AR GRAD 2024 06 29 01 46 20.000000 2  -1.906723216816E-11 -8.320615897672E-12
AR GRAD 2024 06 29 01 46 30.000000 2  -2.070484235450E-11 -4.271458187155E-12
AR GRAD 2024 06 29 01 46 40.000000 2  -2.149701597287E-11  8.667694166575E-12
AR GRAD 2024 06 29 01 46 50.000000 2  -2.044968708259E-11 -9.423153229937E-12
AR GRAD 2024 06 29 01 47  0.000000 2  -2.371749671659E-11 -3.664004429721E-12
AR GRAD 2024 06 29 01 47 10.000000 2  -2.386173376945E-11  1.136514580363E-11
AR GRAD 2024 06 29 01 47 20.000000 2  -2.302585552783E-11 -1.790570990090E-11
AR GRAD 2024 06 29 01 47 30.000000 2  -2.283473410358E-11  1.077343596279E-11
AR GRAD 2024 06 29 01 47 40.000000 2  -2.068768767405E-11  5.925762810131E-13
AR GRAD 2024 06 29 01 47 50.000000 2  -1.965585159913E-11 -4.298285685711E-12
AR GRAD 2024 06 29 01 48  0.000000 2  -1.642654588740E-11 -4.819145082990E-12
AR GRAD 2024 06 29 01 48 10.000000 2  -2.426022750746E-11  7.799897880356E-13
AR GRAD 2024 06 29 01 48 20.000000 2  -2.357192392666E-11 -3.870877576806E-12
AR GRAD 2024 06 29 01 48 30.000000 2  -2.414986613464E-11  2.368252295659E-12
AR GRAD 2024 06 29 01 48 40.000000 2  -2.524390245451E-11 -1.325261515112E-11
AR GRAD 2024 06 29 01 48 50.000000 2  -2.098273638174E-11 -1.211349250074E-11
AR GRAD 2024 06 29 01 49  0.000000 2  -2.264407411579E-11  1.321563258133E-11
AR GRAD 2024 06 29 01 49 10.000000 2  -2.385794686810E-11 -1.461524477830E-11
AR GRAD 2024 06 29 01 49 20.000000 2  -1.824600540101E-11 -8.661232538468E-13
AR GRAD 2024 06 29 01 49 30.000000 2  -2.256339212692E-11 -1.559700459064E-11
AR GRAD 2024 06 29 01 49 40.000000 2  -1.777662565761E-11 -6.157889736319E-12
AR GRAD 2024 06 29 01 49 50.000000 2  -2.401622997694E-11 -8.998773948221E-12
AR GRAD 2024 06 29 01 50  0.000000 2  -2.081104732987E-11 -4.249664856126E-12
AR GRAD 2024 06 29 01 50 10.000000 2  -2.185207050032E-11 -1.110552730506E-12
AR GRAD 2024 06 29 01 50 20.000000 2  -2.495606325759E-11 -1.346144723469E-11
AR GRAD 2024 06 29 01 50 30.000000 2  -2.135274942971E-11  2.827660631685E-12
AR GRAD 2024 06 29 01 50 40.000000 2  -2.632270269809E-11 -8.683239023644E-12
AR GRAD 2024 06 29 01 50 50.000000 2  -1.839686215865E-11 -7.564135949545E-12
AR GRAD 2024 06 29 01 51  0.000000 2  -2.372821383823E-11 -8.505039554574E-12
AR GRAD 2024 06 29 01 51 10.000000 2  -2.365469278787E-11 -5.805942098619E-12
AR GRAD 2024 06 29 01 51 20.000000 2  -2.052547194709E-11 -1.743684710509E-11
AR GRAD 2024 06 29 01 51 30.000000 2  -1.960949111424E-11 -7.727754200437E-12
AR GRAD 2024 06 29 01 51 40.000000 2  -1.850316080909E-11 -1.188866192992E-11
AR GRAD 2024 06 29 01 51 50.000000 2  -2.238910619401E-11 -9.199574262098E-12
AR GRAD 2024 06 29 01 52  0.000000 2  -2.106902152743E-11 -1.230048875256E-11
AR GRAD 2024 06 29 01 52 10.000000 2  -1.895306828148E-11 -1.468140539695E-11
AR GRAD 2024 06 29 01 52 20.000000 2  -2.069767100765E-11 -7.892319610348E-12
AR GRAD 2024 06 29 01 52 30.000000 2  -2.441505678186E-11 -1.259324155373E-11
AR GRAD 2024 06 29 01 52 40.000000 2  -2.386904215945E-11 -9.244165329048E-12
AR GRAD 2024 06 29 01 52 50.000000 2  -2.159298261029E-11 -2.004508885267E-11
AR GRAD 2024 06 29 01 53  0.000000 2  -2.318619428399E-11 -1.493601423097E-11
AR GRAD 2024 06 29 01 53 10.000000 2  -2.332892386214E-11 -1.865694751468E-11
AR GRAD 2024 06 29 01 53 20.000000 2  -2.178466955438E-11 -5.927874944384E-12
AR GRAD 2024 06 29 01 53 30.000000 2  -2.335266875708E-11 -3.601880252391E-11
AR GRAD 2024 06 29 01 53 40.000000 2  -1.797437025608E-11 -6.229745452141E-12
AR GRAD 2024 06 29 01 53 50.000000 2  -1.696243666360E-11 -2.266067888890E-11
AR GRAD 2024 06 29 01 54  0.000000 2  -2.391085940356E-11 -7.731618296980E-12
AR GRAD 2024 06 29 01 54 10.000000 2  -2.504906351786E-11 -1.415256366960E-11
AR GRAD 2024 06 29 01 54 20.000000 2  -1.782206673906E-11 -8.673506357582E-12
AR GRAD 2024 06 29 01 54 30.000000 2  -2.647629511465E-11 -1.383445094594E-11
AR GRAD 2024 06 29 01 54 40.000000 2  -2.214318485516E-11 -2.109539973261E-11
AR GRAD 2024 06 29 01 54 50.000000 2  -1.970663215944E-11 -1.300634686757E-11
AR GRAD 2024 06 29 01 55  0.000000 2  -1.725005208120E-11 -2.840729908249E-11
AR GRAD 2024 06 29 01 55 10.000000 2  -2.516093930427E-11 -2.318825687020E-11
AR GRAD 2024 06 29 01 55 20.000000 2  -2.302641931295E-11 -1.508921460003E-11
AR GRAD 2024 06 29 01 55 30.000000 2  -2.006981560110E-11 -2.554017067280E-11
AR GRAD 2024 06 29 01 55 40.000000 2  -2.202450895272E-11  1.088868578636E-12
AR GRAD 2024 06 29 01 55 50.000000 2  -2.405409205153E-11 -7.882093415457E-12
AR GRAD 2024 06 29 01 56  0.000000 2  -2.413855400285E-11 -2.408306019885E-11
AR GRAD 2024 06 29 01 56 10.000000 2  -2.165917098451E-11 -1.777402877656E-11
AR GRAD 2024 06 29 01 56 20.000000 2  -2.298641138543E-11 -2.944499852275E-11
AR GRAD 2024 06 29 01 56 30.000000 2  -1.673557126214E-11 -1.438596637648E-11
AR GRAD 2024 06 29 01 56 40.000000 2  -2.308286374542E-11 -9.556942043298E-12
AR GRAD 2024 06 29 01 56 50.000000 2  -2.013368465004E-11 -3.089791617006E-11
AR GRAD 2024 06 29 01 57  0.000000 2  -2.488974477910E-11 -1.022889585534E-11
AR GRAD 2024 06 29 01 57 10.000000 2  -1.812806328660E-11 -2.088987489934E-11
AR GRAD 2024 06 29 01 57 20.000000 2  -2.451054463559E-11 -3.629085573720E-11
AR GRAD 2024 06 29 01 57 30.000000 2  -1.748226563514E-11 -1.970184258793E-11
AR GRAD 2024 06 29 01 57 40.000000 2  -2.075156539660E-11 -1.258282540662E-11
AR GRAD 2024 06 29 01 57 50.000000 2  -1.562888533868E-11 -2.152381224640E-11
AR GRAD 2024 06 29 01 58  0.000000 2  -2.072521668173E-11 -1.010480327884E-11
AR GRAD 2024 06 29 01 58 10.000000 2  -2.075467922524E-11 -2.816579781906E-11
AR GRAD 2024 06 29 01 58 20.000000 2  -2.240144528209E-11 -2.293679655929E-11
AR GRAD 2024 06 29 01 58 30.000000 2  -1.983376830827E-11 -7.187790727198E-12
AR GRAD 2024 06 29 01 58 40.000000 2  -2.095366068156E-11 -3.722878949564E-11
AR GRAD 2024 06 29 01 58 50.000000 2  -1.590683314234E-11 -4.829792382005E-12
AR GRAD 2024 06 29 01 59  0.000000 2  -1.796366701223E-11 -2.311079626283E-11
AR GRAD 2024 06 29 01 59 10.000000 2  -2.213908223414E-11 -2.010180390200E-11
AR GRAD 2024 06 29 01 59 20.000000 2  -1.409183793960E-11 -3.548281113375E-11
AR GRAD 2024 06 29 01 59 30.000000 2  -2.053131276103E-11 -1.156381587708E-11
AR GRAD 2024 06 29 01 59 40.000000 2  -1.674642716165E-11 -3.676482729364E-11
AR GRAD 2024 06 29 01 59 50.000000 2  -1.561210188905E-11 -1.066584581072E-11
AR GRAD 2024 06 29 02 00  0.000000 2  -2.037428906143E-11 -4.002686376792E-11
AR GRAD 2024 06 29 02 00 10.000000 2  -1.902516685859E-11 -1.316787911348E-11
AR GRAD 2024 06 29 02 00 20.000000 2  -1.477837296981E-11 -1.436889843220E-11
AR GRAD 2024 06 29 02 00 30.000000 2  -1.372381115000E-11 -3.722991706590E-11
AR GRAD 2024 06 29 02 00 40.000000 2  -1.999167324740E-11 -2.901094815766E-11
AR GRAD 2024 06 29 02 00 50.000000 2  -1.115351908054E-11  1.678025231787E-12
AR GRAD 2024 06 29 02 01  0.000000 2  -1.449220604632E-11 -3.137300488842E-11
AR GRAD 2024 06 29 02 01 10.000000 2  -1.031278534791E-11 -2.132403628674E-11
AR GRAD 2024 06 29 02 01 20.000000 2  -1.306980738913E-11 -1.379506751886E-11
AR GRAD 2024 06 29 02 01 30.000000 2  -1.200889040986E-11 -2.060610189425E-11
AR GRAD 2024 06 29 02 01 40.000000 2  -1.627156916151E-11 -1.937713878242E-11
AR GRAD 2024 06 29 02 01 50.000000 2  -1.251355095933E-11 -7.098179249238E-12
AR GRAD 2024 06 29 02 02  0.000000 2  -1.559871155854E-11 -3.558922601066E-11
AR GRAD 2024 06 29 02 02 10.000000 2  -1.152974070384E-11 -3.511026538949E-11
AR GRAD 2024 06 29 02 02 20.000000 2  -1.744355354605E-11 -1.512131218850E-11
AR GRAD 2024 06 29 02 02 30.000000 2  -1.421687333830E-11 -2.242362545646E-12
AR GRAD 2024 06 29 02 02 40.000000 2  -1.725471154845E-11  6.246590484454E-12
AR GRAD 2024 06 29 02 02 50.000000 2  -1.699002917521E-11 -3.147445845619E-11
AR GRAD 2024 06 29 02 03  0.000000 2  -8.063672993219E-12 -2.259551920569E-11
AR GRAD 2024 06 29 02 03 10.000000 2  -1.040833478433E-11 -2.115657302126E-11
AR GRAD 2024 06 29 02 03 20.000000 2  -1.263240120147E-11 -7.687633515885E-12
AR GRAD 2024 06 29 02 03 30.000000 2  -1.285585613658E-11 -2.561869119622E-11
AR GRAD 2024 06 29 02 03 40.000000 2  -1.362857830062E-11 -2.850975705515E-11
AR GRAD 2024 06 29 02 03 50.000000 2  -1.429957367793E-11 -2.693082389038E-11
AR GRAD 2024 06 29 02 04  0.000000 2  -1.896161526405E-11 -9.681892440550E-12
AR GRAD 2024 06 29 02 04 10.000000 2  -6.196322968610E-12 -1.090295822376E-11
AR GRAD 2024 06 29 02 04 20.000000 2  -7.597557999395E-12 -2.586403140270E-11
AR GRAD 2024 06 29 02 04 30.000000 2  -1.741282465439E-11 -1.642510780164E-11
AR GRAD 2024 06 29 02 04 40.000000 2  -1.380432400333E-11 -8.606183474202E-12
AR GRAD 2024 06 29 02 04 50.000000 2  -1.590956012765E-11 -5.817262036661E-12
AR GRAD 2024 06 29 02 05  0.000000 2  -1.072686037218E-11 -2.055834148751E-11
AR GRAD 2024 06 29 02 05 10.000000 2  -9.309858439721E-12 -1.373942279392E-11
AR GRAD 2024 06 29 02 05 20.000000 2  -1.304011326003E-11 -1.902050739133E-11
AR GRAD 2024 06 29 02 05 30.000000 2  -1.003483320744E-11 -1.440159363292E-11
AR GRAD 2024 06 29 02 05 40.000000 2  -1.378288195381E-11 -1.138268385797E-11
AR GRAD 2024 06 29 02 05 50.000000 2  -1.224484749707E-11 -1.629377535672E-11
AR GRAD 2024 06 29 02 06  0.000000 2  -5.246977765466E-12 -1.559487088076E-11
AR GRAD 2024 06 29 02 06 10.000000 2  -1.048091648193E-11 -2.199596581265E-11
AR GRAD 2024 06 29 02 06 20.000000 2  -1.368837942300E-11 -1.225705995034E-11
AR GRAD 2024 06 29 02 06 30.000000 2  -7.953500705260E-12 -9.138158112154E-12
AR GRAD 2024 06 29 02 06 40.000000 2  -8.099197527922E-12 -1.970926026551E-11
AR GRAD 2024 06 29 02 06 50.000000 2  -1.029378925849E-11 -1.939036604892E-11
AR GRAD 2024 06 29 02 07  0.000000 2  -4.814717634999E-12 -1.126147005509E-11
AR GRAD 2024 06 29 02 07 10.000000 2  -6.640946039610E-12 -1.630258428253E-11
AR GRAD 2024 06 29 02 07 20.000000 2  -5.663707350334E-12 -6.803687821466E-12
AR GRAD 2024 06 29 02 07 30.000000 2  -3.768756574180E-12 -1.030480388520E-11
AR GRAD 2024 06 29 02 07 40.000000 2  -1.183758039508E-11 -2.507591356782E-11
AR GRAD 2024 06 29 02 07 50.000000 2  -1.040648470174E-11 -1.388703214922E-11
AR GRAD 2024 06 29 02 08  0.000000 2  -2.049501627438E-12 -1.363815137212E-11
AR GRAD 2024 06 29 02 08 10.000000 2  -3.443095201311E-12 -1.031927234635E-11
AR GRAD 2024 06 29 02 08 20.000000 2  -2.444255952153E-12 -7.840395867265E-12
AR GRAD 2024 06 29 02 08 30.000000 2  -4.708137959358E-12 -1.458152175393E-11
AR GRAD 2024 06 29 02 08 40.000000 2  -9.545796228125E-13 -1.612265008999E-11
AR GRAD 2024 06 29 02 08 50.000000 2  -9.230580709507E-13 -1.381377824627E-11
AR GRAD 2024 06 29 02 09  0.000000 2  -2.477033118550E-12 -7.534909328422E-12
AR GRAD 2024 06 29 02 09 10.000000 2   1.208440682590E-12 -1.685603913393E-11
AR GRAD 2024 06 29 02 09 20.000000 2  -3.632247280727E-12 -1.043717889893E-11
AR GRAD 2024 06 29 02 09 30.000000 2  -2.652663245312E-12 -1.088314985007E-12
AR GRAD 2024 06 29 02 09 40.000000 2  -8.137038948457E-14 -2.330946026474E-11
AR GRAD 2024 06 29 02 09 50.000000 2  -5.106044927150E-12 -1.085059733036E-11
AR GRAD 2024 06 29 02 10  0.000000 2  -8.686808325616E-13  1.738255589814E-12
AR GRAD 2024 06 29 02 10 10.000000 2  -5.700787931995E-12 -3.182887547276E-12
AR GRAD 2024 06 29 02 10 20.000000 2  -8.384300198561E-12 -4.974040276884E-12
AR GRAD 2024 06 29 02 10 30.000000 2   2.746807338874E-12  4.448129148002E-13
AR GRAD 2024 06 29 02 10 40.000000 2  -2.735826756112E-12 -1.419633941652E-11
AR GRAD 2024 06 29 02 10 50.000000 2   6.856039173886E-14 -5.577495496706E-12
AR GRAD 2024 06 29 02 11  0.000000 2   7.611719956592E-14 -2.458650904397E-12
AR GRAD 2024 06 29 02 11 10.000000 2   6.150156339063E-12 -3.859813076795E-12
AR GRAD 2024 06 29 02 11 20.000000 2   1.229654615978E-12 -3.180975231484E-12
AR GRAD 2024 06 29 02 11 30.000000 2   1.037921918551E-12  6.787860638152E-12
AR GRAD 2024 06 29 02 11 40.000000 2   1.573628488800E-12 -9.703303265052E-12
AR GRAD 2024 06 29 02 11 50.000000 2  -1.617990789092E-12 -1.944713785623E-13
AR GRAD 2024 06 29 02 12  0.000000 2  -1.176369548647E-12 -1.172564215862E-11
AR GRAD 2024 06 29 02 12 10.000000 2   2.875609255923E-12 -1.014681394462E-11
AR GRAD 2024 06 29 02 12 20.000000 2  -3.461334300778E-12 -1.314798703939E-11
AR GRAD 2024 06 29 02 12 30.000000 2   2.347818770995E-12  1.427083538147E-11
AR GRAD 2024 06 29 02 12 40.000000 2   3.163510577629E-13 -6.303439215906E-13
AR GRAD 2024 06 29 02 12 50.000000 2   2.992091437896E-13 -6.501523711760E-12
AR GRAD 2024 06 29 02 13  0.000000 2  -4.469299062781E-12  4.817295434084E-12
AR GRAD 2024 06 29 02 13 10.000000 2   3.793676310593E-12 -6.553888508287E-12
AR GRAD 2024 06 29 02 13 20.000000 2   4.268291015769E-12  3.674923212960E-12
AR GRAD 2024 06 29 02 13 30.000000 2   1.101769161473E-13 -1.128626532509E-11
AR GRAD 2024 06 29 02 13 40.000000 2   2.037827372126E-12 -4.947459976423E-12
AR GRAD 2024 06 29 02 13 50.000000 2   7.435887842966E-12  5.591350299428E-12
AR GRAD 2024 06 29 02 14  0.000000 2  -3.037669128823E-13  7.920153248520E-12
AR GRAD 2024 06 29 02 14 10.000000 2  -2.933675221153E-12  2.958954262167E-12
AR GRAD 2024 06 29 02 14 20.000000 2   1.055763115820E-12  2.127755653961E-12
AR GRAD 2024 06 29 02 14 30.000000 2   1.442450651111E-12  2.865526555190E-13
AR GRAD 2024 06 29 02 14 40.000000 2   6.138886708001E-12  1.621534850837E-11
AR GRAD 2024 06 29 02 14 50.000000 2   7.691954169962E-13 -7.925857886670E-12
AR GRAD 2024 06 29 02 15  0.000000 2   5.238212641423E-12  8.182934364831E-12
AR GRAD 2024 06 29 02 15 10.000000 2   3.464854705232E-12  1.192172315728E-11
AR GRAD 2024 06 29 02 15 20.000000 2   6.281353475551E-12  1.765051299563E-11
AR GRAD 2024 06 29 02 15 30.000000 2   4.836187440099E-12  5.759296251712E-12
AR GRAD 2024 06 29 02 15 40.000000 2   1.487072943084E-12 -4.021921250902E-12
AR GRAD 2024 06 29 02 15 50.000000 2   7.279663850890E-12 -3.523140980344E-12
AR GRAD 2024 06 29 02 16  0.000000 2   7.036972567154E-12  5.435640219181E-12
AR GRAD 2024 06 29 02 16 10.000000 2   3.911444085292E-12 -1.439558281607E-11
AR GRAD 2024 06 29 02 16 20.000000 2   2.403312574992E-12  2.235319047916E-11
AR GRAD 2024 06 29 02 16 30.000000 2   4.929090555855E-12  1.480196347436E-11
AR GRAD 2024 06 29 02 16 40.000000 2   1.843780336741E-12  5.860733773289E-12
AR GRAD 2024 06 29 02 16 50.000000 2   1.008204977837E-11 -7.850498896789E-12
AR GRAD 2024 06 29 02 17  0.000000 2   3.818722681820E-12  3.053826982957E-11
AR GRAD 2024 06 29 02 17 10.000000 2  -1.151466075267E-12  3.617030069555E-12
AR GRAD 2024 06 29 02 17 20.000000 2   8.174469781630E-12  3.225791595646E-12
AR GRAD 2024 06 29 02 17 30.000000 2   8.931305348070E-12  8.344555949003E-12
AR GRAD 2024 06 29 02 17 40.000000 2   6.072954205488E-12  6.203309133729E-12
AR GRAD 2024 06 29 02 17 50.000000 2   4.803271062143E-12  1.716206690650E-11
AR GRAD 2024 06 29 02 18  0.000000 2   9.265520642399E-12 -1.300918227309E-11
AR GRAD 2024 06 29 02 18 10.000000 2   9.993886794513E-12  2.839571459912E-12
AR GRAD 2024 06 29 02 18 20.000000 2   1.674803199771E-12  1.344832144951E-11
AR GRAD 2024 06 29 02 18 30.000000 2   1.039245859508E-11  1.467706685354E-11
AR GRAD 2024 06 29 02 18 40.000000 2   9.115578084029E-12  9.495809520643E-12
AR GRAD 2024 06 29 02 18 50.000000 2   4.650551211488E-12  1.308455167132E-11
AR GRAD 2024 06 29 02 19  0.000000 2   9.576639828368E-12  1.553329340154E-11
AR GRAD 2024 06 29 02 19 10.000000 2   7.981918077882E-12  2.026202990113E-11
AR GRAD 2024 06 29 02 19 20.000000 2   7.922950490125E-12 -3.092336228663E-13
AR GRAD 2024 06 29 02 19 30.000000 2   1.128247668902E-11  2.169950157060E-11
AR GRAD 2024 06 29 02 19 40.000000 2   1.428639324896E-11  1.910823409224E-11
AR GRAD 2024 06 29 02 19 50.000000 2   7.893476670906E-12  1.603695995445E-11
AR GRAD 2024 06 29 02 20  0.000000 2   4.606693932568E-12  6.865692476349E-12
AR GRAD 2024 06 29 02 20 10.000000 2   1.132040815255E-11  3.764414995000E-12
AR GRAD 2024 06 29 02 20 20.000000 2   1.273926450440E-11  2.578313951229E-11
AR GRAD 2024 06 29 02 20 30.000000 2   1.101052495706E-11  1.551186262772E-11
AR GRAD 2024 06 29 02 20 40.000000 2   9.624862538915E-12  3.050578669880E-12
AR GRAD 2024 06 29 02 20 50.000000 2   1.308507729253E-11  4.271930031940E-11
AR GRAD 2024 06 29 02 21  0.000000 2   1.428829016908E-11  1.558012616490E-12
AR GRAD 2024 06 29 02 21 10.000000 2   1.544703774614E-11  3.056672623347E-11
AR GRAD 2024 06 29 02 21 20.000000 2   1.299601832400E-11  1.458543529009E-11
AR GRAD 2024 06 29 02 21 30.000000 2   8.667570133847E-12  1.445414187645E-11
AR GRAD 2024 06 29 02 21 40.000000 2   1.610021144183E-11  1.700284878170E-11
AR GRAD 2024 06 29 02 21 50.000000 2   1.134551654014E-11 -3.844802487453E-14
AR GRAD 2024 06 29 02 22  0.000000 2   1.700554801143E-11  2.849025529383E-11
AR GRAD 2024 06 29 02 22 10.000000 2   1.549247535815E-11  2.338956068756E-12
AR GRAD 2024 06 29 02 22 20.000000 2   7.700545930078E-12  4.907652409458E-12
AR GRAD 2024 06 29 02 22 30.000000 2   1.139151013102E-11  3.065634898713E-11
AR GRAD 2024 06 29 02 22 40.000000 2   9.426782271449E-12  1.187504088118E-11
AR GRAD 2024 06 29 02 22 50.000000 2   1.580333260087E-11  1.609373224964E-11
AR GRAD 2024 06 29 02 23  0.000000 2   1.160364165864E-11  1.459241928681E-11
AR GRAD 2024 06 29 02 23 10.000000 2   1.402327993311E-11  8.031110498852E-12
AR GRAD 2024 06 29 02 23 20.000000 2   8.013211622027E-12  1.219979499367E-11
AR GRAD 2024 06 29 02 23 30.000000 2   1.211516737626E-11  1.301847952356E-11
AR GRAD 2024 06 29 02 23 40.000000 2   1.149295502517E-11  1.439715707763E-11
AR GRAD 2024 06 29 02 23 50.000000 2   1.254568844644E-11  2.838583534892E-11
AR GRAD 2024 06 29 02 24  0.000000 2   1.672569548139E-11  1.958451283091E-11
AR GRAD 2024 06 29 02 24 10.000000 2   1.898463851402E-11  1.209318842982E-11
AR GRAD 2024 06 29 02 24 20.000000 2   1.808989243124E-11  9.801860711978E-12
AR GRAD 2024 06 29 02 24 30.000000 2   1.873663550700E-11  2.063052680079E-11
AR GRAD 2024 06 29 02 24 40.000000 2   1.761936603561E-11  2.340919645627E-11
AR GRAD 2024 06 29 02 24 50.000000 2   1.515370121052E-11  2.814786077832E-11
AR GRAD 2024 06 29 02 25  0.000000 2   1.444537978817E-11  3.174652901672E-11
AR GRAD 2024 06 29 02 25 10.000000 2   1.714081827864E-11  1.856518758170E-11
AR GRAD 2024 06 29 02 25 20.000000 2   1.751093194058E-11  3.100384879384E-11
AR GRAD 2024 06 29 02 25 30.000000 2   1.290611627985E-11  1.132250543323E-11
AR GRAD 2024 06 29 02 25 40.000000 2   9.647255216905E-12  1.297116060395E-11
AR GRAD 2024 06 29 02 25 50.000000 2   1.025845641073E-11  1.847980969638E-11
AR GRAD 2024 06 29 02 26  0.000000 2   2.001260268614E-11  2.226846138043E-11
AR GRAD 2024 06 29 02 26 10.000000 2   1.683041726819E-11  3.081711275055E-11
AR GRAD 2024 06 29 02 26 20.000000 2   1.883387369672E-11  1.584575699820E-11
AR GRAD 2024 06 29 02 26 30.000000 2   1.892418860505E-11  3.806440232457E-11
AR GRAD 2024 06 29 02 26 40.000000 2   1.765496603079E-11  1.446304274261E-11
AR GRAD 2024 06 29 02 26 50.000000 2   1.751557926477E-11  2.593168388354E-11
AR GRAD 2024 06 29 02 27  0.000000 2   2.465611742553E-11  2.405032076269E-11
AR GRAD 2024 06 29 02 27 10.000000 2   1.317755540103E-11  2.557895735500E-11
AR GRAD 2024 06 29 02 27 20.000000 2   2.173505646297E-11  1.478759129037E-11
AR GRAD 2024 06 29 02 27 30.000000 2   1.792993704897E-11  1.676622209124E-11
AR GRAD 2024 06 29 02 27 40.000000 2   1.598620194554E-11  2.509485154401E-11
AR GRAD 2024 06 29 02 27 50.000000 2   1.923577616636E-11  3.208347823525E-11
AR GRAD 2024 06 29 02 28  0.000000 2   1.799602133978E-11  3.572210582892E-11
AR GRAD 2024 06 29 02 28 10.000000 2   1.822312439836E-11  2.239072642574E-11
AR GRAD 2024 06 29 02 28 20.000000 2   1.765975386758E-11  3.511934840161E-11
AR GRAD 2024 06 29 02 28 30.000000 2   2.126099990507E-11  2.915796770697E-11
AR GRAD 2024 06 29 02 28 40.000000 2   1.525053347495E-11  2.307658404643E-11
AR GRAD 2024 06 29 02 28 50.000000 2   1.777991122387E-11  2.822519648560E-11
AR GRAD 2024 06 29 02 29  0.000000 2   1.974526965542E-11  2.969380991091E-11
AR GRAD 2024 06 29 02 29 10.000000 2   1.935828580768E-11  1.060242258571E-11
AR GRAD 2024 06 29 02 29 20.000000 2   2.394766850100E-11  1.768102851629E-11
AR GRAD 2024 06 29 02 29 30.000000 2   1.846989401699E-11  2.461963445610E-11
AR GRAD 2024 06 29 02 29 40.000000 2   2.104067961528E-11  3.422823829924E-11
AR GRAD 2024 06 29 02 29 50.000000 2   1.321735602910E-11  1.504684050968E-11
AR GRAD 2024 06 29 02 30  0.000000 2   2.032065314628E-11  2.679543739670E-11
AR GRAD 2024 06 29 02 30 10.000000 2   2.172586416327E-11  2.729403682233E-11
AR GRAD 2024 06 29 02 30 20.000000 2   2.021249487227E-11  2.842263230329E-11
AR GRAD 2024 06 29 02 30 30.000000 2   1.730307737369E-11  3.794122654943E-11
AR GRAD 2024 06 29 02 30 40.000000 2   2.470613123806E-11  1.650981608370E-11
AR GRAD 2024 06 29 02 30 50.000000 2   1.911156823076E-11  2.480840533003E-11
AR GRAD 2024 06 29 02 31  0.000000 2   2.403943537288E-11  3.280699323316E-11
AR GRAD 2024 06 29 02 31 10.000000 2   2.423470972512E-11  2.737557576460E-11
AR GRAD 2024 06 29 02 31 20.000000 2   1.976857393060E-11  3.179416105392E-11
AR GRAD 2024 06 29 02 31 30.000000 2   1.925628406729E-11  1.958273820879E-11
AR GRAD 2024 06 29 02 31 40.000000 2   1.716288916542E-11  2.438131641025E-11
AR GRAD 2024 06 29 02 31 50.000000 2   1.965219827149E-11  3.988989347170E-11
AR GRAD 2024 06 29 02 32  0.000000 2   2.466124353340E-11  2.172846624848E-11
AR GRAD 2024 06 29 02 32 10.000000 2   1.971400299949E-11  1.697704130055E-11
AR GRAD 2024 06 29 02 32 20.000000 2   2.304665659703E-11  3.916561172601E-11
AR GRAD 2024 06 29 02 32 30.000000 2   2.448085657802E-11  3.357417469041E-11
AR GRAD 2024 06 29 02 32 40.000000 2   2.372138423190E-11  2.694274144066E-11
AR GRAD 2024 06 29 02 32 50.000000 2   2.106899203713E-11  2.935130610782E-11
AR GRAD 2024 06 29 02 33  0.000000 2   2.515967469086E-11  2.952986466465E-11
AR GRAD 2024 06 29 02 33 10.000000 2   2.212653324452E-11  3.218842553609E-11
AR GRAD 2024 06 29 02 33 20.000000 2   2.157524159330E-11  1.911698056800E-11
AR GRAD 2024 06 29 02 33 30.000000 2   2.298517799704E-11  2.692553645323E-11
AR GRAD 2024 06 29 02 33 40.000000 2   1.927338844077E-11  2.064086748743E-12
AR GRAD 2024 06 29 02 33 50.000000 2   2.594953939228E-11  4.437264097823E-11
AR GRAD 2024 06 29 02 34  0.000000 2   2.306600570268E-11  3.669118828209E-11
AR GRAD 2024 06 29 02 34 10.000000 2   2.152036361613E-11  2.770973207833E-11
AR GRAD 2024 06 29 02 34 20.000000 2   2.540014379382E-11  3.783827765003E-11
AR GRAD 2024 06 29 02 34 30.000000 2   2.770333962232E-11  2.395681916734E-11
AR GRAD 2024 06 29 02 34 40.000000 2   1.869825128065E-11  3.295536066261E-11
AR GRAD 2024 06 29 02 34 50.000000 2   2.533285387019E-11  3.148389882135E-11
AR GRAD 2024 06 29 02 35  0.000000 2   2.189654534079E-11  3.370243320533E-11
AR GRAD 2024 06 29 02 35 10.000000 2   1.862936541142E-11  4.974096481924E-11
AR GRAD 2024 06 29 02 35 20.000000 2   2.274347724041E-11  2.229949558341E-11
AR GRAD 2024 06 29 02 35 30.000000 2   2.154840542112E-11  2.628802384108E-11
AR GRAD 2024 06 29 02 35 40.000000 2   2.371972063209E-11  3.017655222926E-11
AR GRAD 2024 06 29 02 35 50.000000 2   2.530070250528E-11  4.156507776854E-11
AR GRAD 2024 06 29 02 36  0.000000 2   2.390855048662E-11  3.931360098575E-11
AR GRAD 2024 06 29 02 36 10.000000 2   2.468358677177E-11  2.206211949241E-11
AR GRAD 2024 06 29 02 36 20.000000 2   2.312403914184E-11  4.561064026465E-11
AR GRAD 2024 06 29 02 36 30.000000 2   2.447377023262E-11  2.462915461854E-11
AR GRAD 2024 06 29 02 36 40.000000 2   2.241273486248E-11  4.200767164675E-11
AR GRAD 2024 06 29 02 36 50.000000 2   2.352291625374E-11  3.293618155986E-11
AR GRAD 2024 06 29 02 37  0.000000 2   2.009666738578E-11  2.782469220308E-11
AR GRAD 2024 06 29 02 37 10.000000 2   2.628120984727E-11  3.162320058592E-11
AR GRAD 2024 06 29 02 37 20.000000 2   2.243504861055E-11  3.500170639437E-11
AR GRAD 2024 06 29 02 37 30.000000 2   2.697151356423E-11  2.693020806355E-11
AR GRAD 2024 06 29 02 37 40.000000 2   2.632277729120E-11  2.946870872322E-11
AR GRAD 2024 06 29 02 37 50.000000 2   2.390463868518E-11  4.567721201276E-11
AR GRAD 2024 06 29 02 38  0.000000 2   2.099510149067E-11  1.924570398881E-11
AR GRAD 2024 06 29 02 38 10.000000 2   2.854330834190E-11  2.591419960563E-11
AR GRAD 2024 06 29 02 38 20.000000 2   2.392540679463E-11  4.751269169767E-11
AR GRAD 2024 06 29 02 38 30.000000 2   2.660568466928E-11  3.612118243401E-11
AR GRAD 2024 06 29 02 38 40.000000 2   2.737976512179E-11  3.498967435234E-11
AR GRAD 2024 06 29 02 38 50.000000 2   2.982649544014E-11  4.104816139772E-11
AR GRAD 2024 06 29 02 39  0.000000 2   2.349886084330E-11  3.718664265406E-11
AR GRAD 2024 06 29 02 39 10.000000 2   2.541858563909E-11  3.283512697849E-11
AR GRAD 2024 06 29 02 39 20.000000 2   2.442721545870E-11  3.713360521851E-11
AR GRAD 2024 06 29 02 39 30.000000 2   2.453313940887E-11  3.148208430059E-11
AR GRAD 2024 06 29 02 39 40.000000 2   2.755199193794E-11  2.790055686486E-11
AR GRAD 2024 06 29 02 39 50.000000 2   2.507572448296E-11  4.175903373094E-11
AR GRAD 2024 06 29 02 40  0.000000 2   2.034807738971E-11  4.434750136562E-11
AR GRAD 2024 06 29 02 40 10.000000 2   2.124923154101E-11  4.013597440511E-11
AR GRAD 2024 06 29 02 40 20.000000 2   2.452327750591E-11  3.249444116560E-11
AR GRAD 2024 06 29 02 40 30.000000 2   2.683424663030E-11  2.124290500449E-11
AR GRAD 2024 06 29 02 40 40.000000 2   2.487493717951E-11  3.344136773054E-11
AR GRAD 2024 06 29 02 40 50.000000 2   2.409951578575E-11  4.088982971662E-11
AR GRAD 2024 06 29 02 41  0.000000 2   2.021775975802E-11  3.594828948406E-11
AR GRAD 2024 06 29 02 41 10.000000 2   1.869264291965E-11  3.304674589533E-11
AR GRAD 2024 06 29 02 41 20.000000 2   2.152583840342E-11  3.236519732774E-11
AR GRAD 2024 06 29 02 41 30.000000 2   2.277166996634E-11  3.704364939794E-11
AR GRAD 2024 06 29 02 41 40.000000 2   2.306575763722E-11  3.782210308834E-11
AR GRAD 2024 06 29 02 41 50.000000 2   2.303406423931E-11  2.152054749682E-11
AR GRAD 2024 06 29 02 42  0.000000 2   2.357287628985E-11  3.405899520748E-11
AR GRAD 2024 06 29 02 42 10.000000 2   2.044156163783E-11  2.680743821371E-11
AR GRAD 2024 06 29 02 42 20.000000 2   2.515234548417E-11  4.342588094675E-11
AR GRAD 2024 06 29 02 42 30.000000 2   2.361551058871E-11  2.468431882507E-11
AR GRAD 2024 06 29 02 42 40.000000 2   2.876535294682E-11  2.874275470410E-11
AR GRAD 2024 06 29 02 42 50.000000 2   2.003285384800E-11  3.636119183525E-11
AR GRAD 2024 06 29 02 43  0.000000 2   1.806719530928E-11  3.951962715409E-11
AR GRAD 2024 06 29 02 43 10.000000 2   2.249775019059E-11  3.021805722314E-11
AR GRAD 2024 06 29 02 43 20.000000 2   2.380113120481E-11  3.233648418477E-11
AR GRAD 2024 06 29 02 43 30.000000 2   1.999697456234E-11  4.193491040527E-11
AR GRAD 2024 06 29 02 43 40.000000 2   2.137584727280E-11  3.965333270073E-11
AR GRAD 2024 06 29 02 43 50.000000 2   2.335962846767E-11  1.511175733160E-11
AR GRAD 2024 06 29 02 44  0.000000 2   2.000911589195E-11  3.049017635592E-11
AR GRAD 2024 06 29 02 44 10.000000 2   1.812670326340E-11  2.411859427454E-11
AR GRAD 2024 06 29 02 44 20.000000 2   2.686461123003E-11  2.825701131415E-11
AR GRAD 2024 06 29 02 44 30.000000 2   1.903066593201E-11  3.422542457776E-11
AR GRAD 2024 06 29 02 44 40.000000 2   1.926826580234E-11  2.767383544544E-11
AR GRAD 2024 06 29 02 44 50.000000 2   2.273647763118E-11  2.590224562615E-11
AR GRAD 2024 06 29 02 45  0.000000 2   1.630416808507E-11  4.297065134273E-11
AR GRAD 2024 06 29 02 45 10.000000 2   2.371385553201E-11  2.763905770919E-11
AR GRAD 2024 06 29 02 45 20.000000 2   2.160196500844E-11  2.887746118618E-11
AR GRAD 2024 06 29 02 45 30.000000 2   1.894092348242E-11  3.846586590917E-11
AR GRAD 2024 06 29 02 45 40.000000 2   1.881575277529E-11  2.520426055364E-11
AR GRAD 2024 06 29 02 45 50.000000 2   2.144030092355E-11  3.970265782804E-11
AR GRAD 2024 06 29 02 46  0.000000 2   2.614134603229E-11  2.795105119580E-11
AR GRAD 2024 06 29 02 46 10.000000 2   1.938680639635E-11  4.103944267753E-11
AR GRAD 2024 06 29 02 46 20.000000 2   2.387304763596E-11  3.002783785511E-11
AR GRAD 2024 06 29 02 46 30.000000 2   2.208531101056E-11  2.205622316731E-11
AR GRAD 2024 06 29 02 46 40.000000 2   2.555966376050E-11  2.791460985974E-11
AR GRAD 2024 06 29 02 46 50.000000 2   1.978807916136E-11  4.223299487904E-11
AR GRAD 2024 06 29 02 47  0.000000 2   2.031219289989E-11  3.266137360569E-11
AR GRAD 2024 06 29 02 47 10.000000 2   1.745906197392E-11  4.035975720296E-11
AR GRAD 2024 06 29 02 47 20.000000 2   2.167490145699E-11  3.282813604288E-11
AR GRAD 2024 06 29 02 47 30.000000 2   2.009511307355E-11  3.482650973163E-11
AR GRAD 2024 06 29 02 47 40.000000 2   1.712151947997E-11  2.876488110204E-11
AR GRAD 2024 06 29 02 47 50.000000 2   2.163347799511E-11  3.075325410995E-11
AR GRAD 2024 06 29 02 48  0.000000 2   2.505743182390E-11  2.315162124511E-11
AR GRAD 2024 06 29 02 48 10.000000 2   1.972415460127E-11  2.624998829415E-11
AR GRAD 2024 06 29 02 48 20.000000 2   2.260599520076E-11  3.328835471161E-11
AR GRAD 2024 06 29 02 48 30.000000 2   2.272561305805E-11  2.595671420857E-11
AR GRAD 2024 06 29 02 48 40.000000 2   2.073099157618E-11  3.427507930254E-11
AR GRAD 2024 06 29 02 48 50.000000 2   2.312093225210E-11  3.245343577207E-11
AR GRAD 2024 06 29 02 49  0.000000 2   2.303113776081E-11  3.295179060170E-11
AR GRAD 2024 06 29 02 49 10.000000 2   1.998023274608E-11  3.202014348114E-11
AR GRAD 2024 06 29 02 49 20.000000 2   1.703319603419E-11  3.048849714360E-11
AR GRAD 2024 06 29 02 49 30.000000 2   2.181481557895E-11  3.093684683431E-11
AR GRAD 2024 06 29 02 49 40.000000 2   2.119418009150E-11  1.459519310965E-11
AR GRAD 2024 06 29 02 49 50.000000 2   1.643969162191E-11  3.536353848643E-11
AR GRAD 2024 06 29 02 50  0.000000 2   2.171751840863E-11  3.106188223301E-11
AR GRAD 2024 06 29 02 50 10.000000 2   1.359037882231E-11  4.271022424618E-11
AR GRAD 2024 06 29 02 50 20.000000 2   1.914010790138E-11  2.423856081124E-11
AR GRAD 2024 06 29 02 50 30.000000 2   1.975027259793E-11  3.142689927738E-11
AR GRAD 2024 06 29 02 50 40.000000 2   1.442951660935E-11  2.620523416319E-11
AR GRAD 2024 06 29 02 50 50.000000 2   2.382407292278E-11  2.722356541585E-11
AR GRAD 2024 06 29 02 51  0.000000 2   1.671017317573E-11  1.862189569213E-11
AR GRAD 2024 06 29 02 51 10.000000 2   2.182734895606E-11  2.179022587367E-11
AR GRAD 2024 06 29 02 51 20.000000 2   1.393658192322E-11  3.274855386870E-11
AR GRAD 2024 06 29 02 51 30.000000 2   1.551721251492E-11  2.836687482133E-11
AR GRAD 2024 06 29 02 51 40.000000 2   1.382641310471E-11  2.471519863767E-11
AR GRAD 2024 06 29 02 51 50.000000 2   1.510226839418E-11  3.462351585992E-11
AR GRAD 2024 06 29 02 52  0.000000 2   1.568281442210E-11  2.323183485864E-11
AR GRAD 2024 06 29 02 52 10.000000 2   1.644088684638E-11  2.888015000757E-11
AR GRAD 2024 06 29 02 52 20.000000 2   1.135173986061E-11  2.833846352024E-11
AR GRAD 2024 06 29 02 52 30.000000 2   1.544905176010E-11  2.460677668570E-11
AR GRAD 2024 06 29 02 52 40.000000 2   1.412323036298E-11  2.005508432934E-11
AR GRAD 2024 06 29 02 52 50.000000 2   1.785613670813E-11  1.930339221801E-11
AR GRAD 2024 06 29 02 53  0.000000 2   1.078004612659E-11  2.854169504907E-11
AR GRAD 2024 06 29 02 53 10.000000 2   1.663497117832E-11  1.518999856454E-11
AR GRAD 2024 06 29 02 53 20.000000 2   1.155874874981E-11  2.089830045127E-11
AR GRAD 2024 06 29 02 53 30.000000 2   1.010543471819E-11  2.768659780605E-11
AR GRAD 2024 06 29 02 53 40.000000 2   1.446633871721E-11  2.762489542674E-11
AR GRAD 2024 06 29 02 53 50.000000 2   1.262262863677E-11  2.818319015663E-11
AR GRAD 2024 06 29 02 54  0.000000 2   7.840598829911E-12  2.039148190580E-11
AR GRAD 2024 06 29 02 54 10.000000 2   1.783134057076E-11  2.854977192157E-11
AR GRAD 2024 06 29 02 54 20.000000 2   8.740264588469E-12  1.081805825476E-11
AR GRAD 2024 06 29 02 54 30.000000 2   7.559609188634E-12  4.178634868679E-11
AR GRAD 2024 06 29 02 54 40.000000 2   1.673757660248E-11  1.081462697172E-11
AR GRAD 2024 06 29 02 54 50.000000 2   1.144593708008E-11  2.200290817600E-11
AR GRAD 2024 06 29 02 55  0.000000 2   9.482302963659E-12  1.597118964858E-11
AR GRAD 2024 06 29 02 55 10.000000 2   1.081074032377E-11  2.066946613866E-11
AR GRAD 2024 06 29 02 55 20.000000 2   1.241874485192E-11  2.509773985859E-11
AR GRAD 2024 06 29 02 55 30.000000 2   8.415552976704E-12  3.005601670325E-11
AR GRAD 2024 06 29 02 55 40.000000 2   1.296005750634E-11  2.130428472524E-11
AR GRAD 2024 06 29 02 55 50.000000 2   8.581300600663E-12  1.518255313138E-11
AR GRAD 2024 06 29 02 56  0.000000 2   9.608319348486E-12  2.223082135044E-11
AR GRAD 2024 06 29 02 56 10.000000 2   9.592769287248E-12  2.140908457460E-11
AR GRAD 2024 06 29 02 56 20.000000 2   1.134118493562E-11  2.543734667348E-11
AR GRAD 2024 06 29 02 56 30.000000 2   1.265734045353E-11  1.435560611357E-11
AR GRAD 2024 06 29 02 56 40.000000 2   1.526695436738E-11  3.354386907128E-11
AR GRAD 2024 06 29 02 56 50.000000 2   1.863876414321E-11  1.812212185870E-11
AR GRAD 2024 06 29 02 57  0.000000 2   7.111338861526E-12  1.487037576409E-11
AR GRAD 2024 06 29 02 57 10.000000 2   1.228711923873E-11  1.367862680762E-11
AR GRAD 2024 06 29 02 57 20.000000 2   4.009787293868E-12  2.358687550830E-11
AR GRAD 2024 06 29 02 57 30.000000 2   1.050540036907E-11  2.162512356685E-11
AR GRAD 2024 06 29 02 57 40.000000 2   1.116660236500E-11  1.822336725965E-11
AR GRAD 2024 06 29 02 57 50.000000 2   1.283459016149E-11  1.503161137228E-11
AR GRAD 2024 06 29 02 58  0.000000 2   6.278745752486E-12  3.245985077949E-11
AR GRAD 2024 06 29 02 58 10.000000 2   7.690821937634E-12  1.192808959244E-11
AR GRAD 2024 06 29 02 58 20.000000 2   6.841063306118E-12  1.450632843014E-11
AR GRAD 2024 06 29 02 58 30.000000 2   1.051016825654E-11  6.684560890924E-12
AR GRAD 2024 06 29 02 58 40.000000 2   1.167908564997E-11  2.195279374950E-11
AR GRAD 2024 06 29 02 58 50.000000 2   1.256584766796E-11  6.161023947959E-12
AR GRAD 2024 06 29 02 59  0.000000 2   3.945809391032E-12  3.874925380565E-11
AR GRAD 2024 06 29 02 59 10.000000 2  -4.149100334139E-12  1.169747979035E-11
AR GRAD 2024 06 29 02 59 20.000000 2   7.064599773232E-12  1.996570270224E-11
AR GRAD 2024 06 29 02 59 30.000000 2   8.554318711718E-12  1.088392483778E-11
AR GRAD 2024 06 29 02 59 40.000000 2   8.786184670442E-13  1.335214577791E-11
AR GRAD 2024 06 29 02 59 50.000000 2   4.357330902344E-12  1.076036221931E-11
AR GRAD 2024 06 29 03 00  0.000000 2   7.598776642637E-12  2.388857514579E-11
AR GRAD 2024 06 29 03 00 10.000000 2   3.470723274751E-12  2.682678905408E-11
AR GRAD 2024 06 29 03 00 20.000000 2   3.090676803028E-12  9.975002594753E-12
AR GRAD 2024 06 29 03 00 30.000000 2  -2.166021702277E-12  1.744320660135E-11
AR GRAD 2024 06 29 03 00 40.000000 2  -3.931455855311E-12  6.951417306361E-12
AR GRAD 2024 06 29 03 00 50.000000 2   5.653149389578E-12  1.983961953056E-11
AR GRAD 2024 06 29 03 01  0.000000 2   4.749705403290E-12  1.786782180546E-11
AR GRAD 2024 06 29 03 01 10.000000 2  -1.267982355398E-12  7.546021967009E-12
AR GRAD 2024 06 29 03 01 20.000000 2   3.164888923851E-12 -4.657785658904E-13
AR GRAD 2024 06 29 03 01 30.000000 2  -1.381334499909E-12  7.572416652057E-12
AR GRAD 2024 06 29 03 01 40.000000 2   5.566844728244E-12  1.691061006504E-11
AR GRAD 2024 06 29 03 01 50.000000 2  -3.953396204154E-12  3.139880369596E-11
AR GRAD 2024 06 29 03 02  0.000000 2   8.140688101919E-13  8.876993758122E-12
AR GRAD 2024 06 29 03 02 10.000000 2   1.455122589263E-12  1.620517955936E-11
AR GRAD 2024 06 29 03 02 20.000000 2  -3.430817262229E-12 -2.116635859639E-12
AR GRAD 2024 06 29 03 02 30.000000 2  -2.853848613590E-13  6.221548016355E-12
AR GRAD 2024 06 29 03 02 40.000000 2  -1.637643905032E-12  2.176973011581E-11
AR GRAD 2024 06 29 03 02 50.000000 2  -7.166298804373E-12  1.054790976784E-11
AR GRAD 2024 06 29 03 03  0.000000 2  -2.823042797792E-12  3.760869382845E-13
AR GRAD 2024 06 29 03 03 10.000000 2  -5.093276495005E-12  1.216425918327E-11
AR GRAD 2024 06 29 03 03 20.000000 2   2.762036909951E-12  8.502433132551E-12
AR GRAD 2024 06 29 03 03 30.000000 2  -6.343947502735E-12  1.086060581745E-11
AR GRAD 2024 06 29 03 03 40.000000 2   2.301257058177E-12  1.765877201410E-11
AR GRAD 2024 06 29 03 03 50.000000 2  -4.507449968827E-12  1.198693661691E-11
AR GRAD 2024 06 29 03 04  0.000000 2  -1.164366021135E-12  2.105100599045E-12
AR GRAD 2024 06 29 03 04 10.000000 2  -3.712102782279E-13  1.189326501866E-11
AR GRAD 2024 06 29 03 04 20.000000 2  -3.853314802654E-12  6.341425648482E-12
AR GRAD 2024 06 29 03 04 30.000000 2  -3.870989900151E-12  2.469958092222E-11
AR GRAD 2024 06 29 03 04 40.000000 2  -1.064025820577E-12  2.437735343447E-12
AR GRAD 2024 06 29 03 04 50.000000 2  -5.083930672278E-12  1.446589029119E-11
