 2.00 C RINEX VERSION / TYPE
 10.00 INTERVAL
 1 AR # / TYPES OF DATA
 END OF HEADER
AR GRAD 2024 06 17 01 05  0.000000 2  -2.930645309762E-11 -2.981348154463E-11
AR GRAD 2024 06 17 01 05 10.000000 2  -2.827900066893E-11 -3.816101254439E-11
AR GRAD 2024 06 17 01 05 20.000000 2  -2.987326011561E-11 -3.985854354904E-11
AR GRAD 2024 06 17 01 05 30.000000 2  -3.093851910774E-11 -3.694607467186E-11
AR GRAD 2024 06 17 01 05 40.000000 2  -3.194223011094E-11 -4.200360198547E-11
AR GRAD 2024 06 17 01 05 50.000000 2  -2.833162524030E-11 -3.453113489593E-11
AR GRAD 2024 06 17 01 06  0.000000 2  -3.127639813805E-11 -3.787866548199E-11
AR GRAD 2024 06 17 01 06 10.000000 2  -2.653094757776E-11 -2.041619998061E-11
AR GRAD 2024 06 17 01 06 20.000000 2  -2.975933041660E-11 -2.825373095205E-11
AR GRAD 2024 06 17 01 06 30.000000 2  -3.188703120993E-11 -3.133126397215E-11
AR GRAD 2024 06 17 01 06 40.000000 2  -3.192830375087E-11 -4.249879267948E-11
AR GRAD 2024 06 17 01 06 50.000000 2  -2.917348307374E-11 -2.259632932156E-11
AR GRAD 2024 06 17 01 07  0.000000 2  -2.563465412164E-11 -3.814385959866E-11
AR GRAD 2024 06 17 01 07 10.000000 2  -3.124338635030E-11 -3.392139000247E-11
AR GRAD 2024 06 17 01 07 20.000000 2  -2.904700785455E-11 -3.162892517339E-11
AR GRAD 2024 06 17 01 07 30.000000 2  -2.464534826219E-11 -3.413645754957E-11
AR GRAD 2024 06 17 01 07 40.000000 2  -2.877366921117E-11 -4.532399108803E-11
AR GRAD 2024 06 17 01 07 50.000000 2  -2.761515148497E-11 -2.237152824103E-11
AR GRAD 2024 06 17 01 08  0.000000 2  -2.652526809310E-11 -3.653905997214E-11
AR GRAD 2024 06 17 01 08 10.000000 2  -2.493358818023E-11 -2.745659775927E-11
AR GRAD 2024 06 17 01 08 20.000000 2  -2.793185994998E-11 -3.588412900157E-11
AR GRAD 2024 06 17 01 08 30.000000 2  -2.495401107971E-11 -2.899166844095E-11
AR GRAD 2024 06 17 01 08 40.000000 2  -2.404713234094E-11 -2.591920254813E-11
AR GRAD 2024 06 17 01 08 50.000000 2  -2.621005322501E-11 -3.350673558056E-11
AR GRAD 2024 06 17 01 09  0.000000 2  -2.463514635342E-11 -1.998427291705E-11
AR GRAD 2024 06 17 01 09 10.000000 2  -2.619474255561E-11 -2.340180826899E-11
AR GRAD 2024 06 17 01 09 20.000000 2  -2.544601161725E-11 -3.049934263477E-11
AR GRAD 2024 06 17 01 09 30.000000 2  -2.743771355951E-11 -2.641688083560E-11
AR GRAD 2024 06 17 01 09 40.000000 2  -2.882464752996E-11 -2.833441814509E-11
AR GRAD 2024 06 17 01 09 50.000000 2  -2.643255579693E-11 -3.025195371986E-11
AR GRAD 2024 06 17 01 10  0.000000 2  -2.760477783859E-11 -4.349949220273E-11
AR GRAD 2024 06 17 01 10 10.000000 2  -2.615308837550E-11 -3.466702619415E-11
AR GRAD 2024 06 17 01 10 20.000000 2  -2.567973785006E-11 -2.904456709862E-11
AR GRAD 2024 06 17 01 10 30.000000 2  -2.249282704536E-11 -3.587210389844E-11
AR GRAD 2024 06 17 01 10 40.000000 2  -2.684533151331E-11 -4.125964153667E-11
AR GRAD 2024 06 17 01 10 50.000000 2  -2.633371298799E-11 -1.792718230809E-11
AR GRAD 2024 06 17 01 11  0.000000 2  -2.579705546402E-11 -3.365472137085E-11
AR GRAD 2024 06 17 01 11 10.000000 2  -2.431386515733E-11 -1.954225843648E-11
AR GRAD 2024 06 17 01 11 20.000000 2  -2.670527514403E-11 -1.903979578166E-11
AR GRAD 2024 06 17 01 11 30.000000 2  -2.517450484185E-11 -2.619733770193E-11
AR GRAD 2024 06 17 01 11 40.000000 2  -2.541074295426E-11 -2.358487537213E-11
AR GRAD 2024 06 17 01 11 50.000000 2  -2.283214416143E-11 -1.857241617442E-11
AR GRAD 2024 06 17 01 12  0.000000 2  -2.315941362296E-11 -2.390995561263E-11
AR GRAD 2024 06 17 01 12 10.000000 2  -2.355771480667E-11 -3.447749377661E-11
AR GRAD 2024 06 17 01 12 20.000000 2  -2.297263594631E-11 -2.277503706460E-11
AR GRAD 2024 06 17 01 12 30.000000 2  -2.098905597936E-11 -2.277257722672E-11
AR GRAD 2024 06 17 01 12 40.000000 2  -2.362361695152E-11 -1.419011783077E-11
AR GRAD 2024 06 17 01 12 50.000000 2  -2.484016811688E-11 -4.024765590249E-11
AR GRAD 2024 06 17 01 13  0.000000 2  -2.365522361325E-11 -3.216519758875E-11
AR GRAD 2024 06 17 01 13 10.000000 2  -2.200760754190E-11 -2.697274174845E-11
AR GRAD 2024 06 17 01 13 20.000000 2  -2.190644367295E-11 -1.292028376648E-11
AR GRAD 2024 06 17 01 13 30.000000 2  -2.107694054010E-11 -2.171782718940E-11
AR GRAD 2024 06 17 01 13 40.000000 2  -2.068289983725E-11 -2.777536881049E-11
AR GRAD 2024 06 17 01 13 50.000000 2  -2.573411449214E-11 -2.541291309333E-11
AR GRAD 2024 06 17 01 14  0.000000 2  -2.334383727987E-11 -3.144045093717E-11
AR GRAD 2024 06 17 01 14 10.000000 2  -1.976264464576E-11 -1.118799584227E-11
AR GRAD 2024 06 17 01 14 20.000000 2  -2.064471163465E-11 -2.825540582757E-12
AR GRAD 2024 06 17 01 14 30.000000 2  -2.025143767959E-11 -2.687308361948E-11
AR GRAD 2024 06 17 01 14 40.000000 2  -2.357199158087E-11 -1.675062866191E-11
AR GRAD 2024 06 17 01 14 50.000000 2  -2.009421101734E-11 -3.013817320707E-11
AR GRAD 2024 06 17 01 15  0.000000 2  -1.992115153393E-11 -2.956571446000E-11
AR GRAD 2024 06 17 01 15 10.000000 2  -2.119427203184E-11 -3.884326194026E-11
AR GRAD 2024 06 17 01 15 20.000000 2  -2.136567832378E-11 -5.170803021870E-12
AR GRAD 2024 06 17 01 15 30.000000 2  -2.208631715017E-11 -2.800834911221E-11
AR GRAD 2024 06 17 01 15 40.000000 2  -2.196728389470E-11 -2.949589530954E-11
AR GRAD 2024 06 17 01 15 50.000000 2  -1.753894772472E-11 -3.122344049977E-11
AR GRAD 2024 06 17 01 16  0.000000 2  -1.937592794543E-11 -2.707098607779E-11
AR GRAD 2024 06 17 01 16 10.000000 2  -1.848537642402E-11 -1.006853368041E-11
AR GRAD 2024 06 17 01 16 20.000000 2  -1.831462585755E-11 -3.023607753061E-11
AR GRAD 2024 06 17 01 16 30.000000 2  -2.240691313049E-11 -3.657362260268E-11
AR GRAD 2024 06 17 01 16 40.000000 2  -2.022234983634E-11 -2.392117059991E-11
AR GRAD 2024 06 17 01 16 50.000000 2  -1.316808814766E-11 -3.655871785857E-11
AR GRAD 2024 06 17 01 17  0.000000 2  -1.961236902048E-11 -1.990626760651E-11
AR GRAD 2024 06 17 01 17 10.000000 2  -1.826909283575E-11 -2.882381486269E-11
AR GRAD 2024 06 17 01 17 20.000000 2  -1.575845183510E-11 -9.136113632117E-14
AR GRAD 2024 06 17 01 17 30.000000 2  -1.567686258586E-11 -2.677891068614E-11
AR GRAD 2024 06 17 01 17 40.000000 2  -1.415119410542E-11 -1.042645830784E-11
AR GRAD 2024 06 17 01 17 50.000000 2  -1.304926132428E-11 -1.275400531714E-11
AR GRAD 2024 06 17 01 18  0.000000 2  -1.567328211660E-11 -3.070155241147E-11
AR GRAD 2024 06 17 01 18 10.000000 2  -1.561520357463E-11 -2.274910294864E-11
AR GRAD 2024 06 17 01 18 20.000000 2  -1.384636936358E-11 -1.537665134110E-11
AR GRAD 2024 06 17 01 18 30.000000 2  -1.621708843602E-11 -5.324201583085E-12
AR GRAD 2024 06 17 01 18 40.000000 2  -1.238545464105E-11 -1.667175078546E-11
AR GRAD 2024 06 17 01 18 50.000000 2  -1.057951816430E-11 -3.918930110980E-11
AR GRAD 2024 06 17 01 19  0.000000 2  -1.328881536061E-11 -3.146849751265E-12
AR GRAD 2024 06 17 01 19 10.000000 2  -1.370689499403E-11 -1.699440067837E-11
AR GRAD 2024 06 17 01 19 20.000000 2  -1.373645207997E-11  7.828049840286E-12
AR GRAD 2024 06 17 01 19 30.000000 2  -1.618545401871E-11 -1.551950234990E-11
AR GRAD 2024 06 17 01 19 40.000000 2  -1.008500141036E-11 -8.697052626683E-12
AR GRAD 2024 06 17 01 19 50.000000 2  -7.704284259169E-12 -3.295460432318E-11
AR GRAD 2024 06 17 01 20  0.000000 2  -1.219720852097E-11 -1.622155534897E-12
AR GRAD 2024 06 17 01 20 10.000000 2  -1.155287844556E-11 -1.673970857763E-11
AR GRAD 2024 06 17 01 20 20.000000 2  -1.291610221554E-11 -3.747258579823E-12
AR GRAD 2024 06 17 01 20 30.000000 2  -1.006624037597E-11 -2.377481198024E-11
AR GRAD 2024 06 17 01 20 40.000000 2  -7.645736474493E-12  7.476357315357E-13
AR GRAD 2024 06 17 01 20 50.000000 2  -1.028632734545E-11 -1.996991634556E-11
AR GRAD 2024 06 17 01 21  0.000000 2  -9.750869382763E-12 -1.734746894744E-11
AR GRAD 2024 06 17 01 21 10.000000 2  -1.076707820125E-11 -7.375022467726E-12
AR GRAD 2024 06 17 01 21 20.000000 2  -8.694564165856E-12 -1.574257738057E-11
AR GRAD 2024 06 17 01 21 30.000000 2  -8.368110891721E-12 -2.187012897170E-11
AR GRAD 2024 06 17 01 21 40.000000 2  -9.752446246403E-12  8.082316066416E-12
AR GRAD 2024 06 17 01 21 50.000000 2  -8.537760776139E-12 -2.240523738761E-11
AR GRAD 2024 06 17 01 22  0.000000 2  -5.894744328078E-12 -9.822791018077E-12
AR GRAD 2024 06 17 01 22 10.000000 2  -9.335009328038E-12 -1.063034729687E-11
AR GRAD 2024 06 17 01 22 20.000000 2  -6.656758911455E-12 -4.537901304724E-12
AR GRAD 2024 06 17 01 22 30.000000 2  -6.985961288619E-12  3.274543613693E-12
AR GRAD 2024 06 17 01 22 40.000000 2  -6.723236550821E-12  6.406987353852E-12
AR GRAD 2024 06 17 01 22 50.000000 2  -3.281811888217E-12 -2.004056642857E-11
AR GRAD 2024 06 17 01 23  0.000000 2  -5.932561299854E-12  7.461877470083E-12
AR GRAD 2024 06 17 01 23 10.000000 2  -5.528744996541E-12  7.034322343363E-12
AR GRAD 2024 06 17 01 23 20.000000 2  -5.179613682404E-12 -1.680323415132E-11
AR GRAD 2024 06 17 01 23 30.000000 2  -5.383435017214E-12  6.059208256665E-12
AR GRAD 2024 06 17 01 23 40.000000 2  -3.394632665243E-12 -1.912834994566E-11
AR GRAD 2024 06 17 01 23 50.000000 2  -3.965386179139E-12  9.364094569198E-12
AR GRAD 2024 06 17 01 24  0.000000 2  -3.629633486130E-12  1.656536995250E-12
AR GRAD 2024 06 17 01 24 10.000000 2  -1.273951322038E-12  9.548981397267E-12
AR GRAD 2024 06 17 01 24 20.000000 2  -6.041746530155E-12 -1.010857803713E-11
AR GRAD 2024 06 17 01 24 30.000000 2   1.331467623872E-13  8.423863169515E-12
AR GRAD 2024 06 17 01 24 40.000000 2  -3.641919231467E-12  8.936304821128E-12
AR GRAD 2024 06 17 01 24 50.000000 2  -4.728399529558E-12  8.848748123125E-12
AR GRAD 2024 06 17 01 25  0.000000 2   1.884778791372E-12 -4.318811801240E-12
AR GRAD 2024 06 17 01 25 10.000000 2  -4.094384987302E-12  4.273630060947E-12
AR GRAD 2024 06 17 01 25 20.000000 2   7.656275786971E-13  1.638607131926E-11
AR GRAD 2024 06 17 01 25 30.000000 2   1.752623653845E-12 -5.011488186241E-12
AR GRAD 2024 06 17 01 25 40.000000 2  -1.850496101838E-12  8.370950634051E-12
AR GRAD 2024 06 17 01 25 50.000000 2  -5.175916552996E-12  9.163391399836E-12
AR GRAD 2024 06 17 01 26  0.000000 2   4.378336885755E-13 -7.354167622098E-12
AR GRAD 2024 06 17 01 26 10.000000 2   1.314618552906E-12  1.870827277817E-11
AR GRAD 2024 06 17 01 26 20.000000 2   1.709990981279E-12  7.900708733077E-12
AR GRAD 2024 06 17 01 26 30.000000 2  -3.227671222742E-13 -7.836849225118E-12
AR GRAD 2024 06 17 01 26 40.000000 2  -7.035089199560E-13  2.015559073809E-11
AR GRAD 2024 06 17 01 26 50.000000 2   2.572595131714E-12  5.668027245470E-12
AR GRAD 2024 06 17 01 27  0.000000 2   1.190433385548E-12  1.415046725628E-11
AR GRAD 2024 06 17 01 27 10.000000 2   2.150619309374E-12  8.912904268799E-12
AR GRAD 2024 06 17 01 27 20.000000 2   2.438411451922E-12  2.265342861213E-12
AR GRAD 2024 06 17 01 27 30.000000 2   1.297947968722E-12  9.057781434618E-12
AR GRAD 2024 06 17 01 27 40.000000 2   3.562223866577E-12  6.350218528101E-12
AR GRAD 2024 06 17 01 27 50.000000 2   2.719199431594E-12  1.940265309530E-11
AR GRAD 2024 06 17 01 28  0.000000 2   3.651032167568E-12  1.055509152303E-11
AR GRAD 2024 06 17 01 28 10.000000 2   6.222336014494E-12  1.003752810036E-11
AR GRAD 2024 06 17 01 28 20.000000 2   1.689449361658E-12  2.089967738803E-12
AR GRAD 2024 06 17 01 28 30.000000 2   3.824054354423E-12  1.239240047385E-11
AR GRAD 2024 06 17 01 28 40.000000 2   3.772126274532E-12  6.104838856658E-12
AR GRAD 2024 06 17 01 28 50.000000 2   1.047597772419E-12  1.178727688372E-11
AR GRAD 2024 06 17 01 29  0.000000 2   5.382421938704E-12  5.399710626547E-12
AR GRAD 2024 06 17 01 29 10.000000 2   3.098028994800E-12  4.632145795408E-12
AR GRAD 2024 06 17 01 29 20.000000 2   6.748596906997E-12 -1.075418942266E-12
AR GRAD 2024 06 17 01 29 30.000000 2   7.427601068921E-12  1.465701518488E-11
AR GRAD 2024 06 17 01 29 40.000000 2   7.163259135162E-12  1.045944927891E-11
AR GRAD 2024 06 17 01 29 50.000000 2   5.940547533057E-12  1.934188052777E-11
AR GRAD 2024 06 17 01 30  0.000000 2   4.948956175421E-12  2.311431948621E-11
AR GRAD 2024 06 17 01 30 10.000000 2   6.315737863249E-12  1.635675275780E-11
AR GRAD 2024 06 17 01 30 20.000000 2   7.644217724090E-12  1.351918403614E-11
AR GRAD 2024 06 17 01 30 30.000000 2   8.120389777266E-12  3.516200189086E-13
AR GRAD 2024 06 17 01 30 40.000000 2   8.948041960166E-12  3.105405516068E-11
AR GRAD 2024 06 17 01 30 50.000000 2   1.073927925754E-11  1.707648432381E-11
AR GRAD 2024 06 17 01 31  0.000000 2   5.269401668478E-12 -1.335107979034E-11
AR GRAD 2024 06 17 01 31 10.000000 2   9.574653569988E-12  1.462134927022E-11
AR GRAD 2024 06 17 01 31 20.000000 2   9.935657331595E-12  2.225378215037E-11
AR GRAD 2024 06 17 01 31 30.000000 2   8.723466393690E-12  3.441621640454E-11
AR GRAD 2024 06 17 01 31 40.000000 2   1.012852215293E-11  1.868864611676E-11
AR GRAD 2024 06 17 01 31 50.000000 2   6.449210523257E-12  7.210787414218E-13
AR GRAD 2024 06 17 01 32  0.000000 2   1.077759236023E-11  7.863508455497E-12
AR GRAD 2024 06 17 01 32 10.000000 2   1.130118741643E-11 -3.234060155094E-12
AR GRAD 2024 06 17 01 32 20.000000 2   1.194785069492E-11  2.092837014800E-11
AR GRAD 2024 06 17 01 32 30.000000 2   1.104602173618E-11  1.561080431589E-11
AR GRAD 2024 06 17 01 32 40.000000 2   9.958347514660E-12  1.106323279515E-11
AR GRAD 2024 06 17 01 32 50.000000 2   1.061233999983E-11  1.884566287746E-11
AR GRAD 2024 06 17 01 33  0.000000 2   1.334240270351E-11  9.480920822730E-13
AR GRAD 2024 06 17 01 33 10.000000 2   1.295162761761E-11  2.207052249292E-11
AR GRAD 2024 06 17 01 33 20.000000 2   1.480367391171E-11  1.873295095434E-11
AR GRAD 2024 06 17 01 33 30.000000 2   1.414799874477E-11  7.515381546253E-12
AR GRAD 2024 06 17 01 33 40.000000 2   1.505296755300E-11  2.910781338183E-11
AR GRAD 2024 06 17 01 33 50.000000 2   1.306504557319E-11  1.318023988561E-11
AR GRAD 2024 06 17 01 34  0.000000 2   1.358477653285E-11  1.460266629838E-11
AR GRAD 2024 06 17 01 34 10.000000 2   1.572230193259E-11  2.739509313843E-11
AR GRAD 2024 06 17 01 34 20.000000 2   1.136268856783E-11  2.608752276700E-11
AR GRAD 2024 06 17 01 34 30.000000 2   1.751160848273E-11  1.055995221821E-11
AR GRAD 2024 06 17 01 34 40.000000 2   1.238094175793E-11  1.270237647705E-11
AR GRAD 2024 06 17 01 34 50.000000 2   1.196630641798E-11  2.420480309240E-11
AR GRAD 2024 06 17 01 35  0.000000 2   1.485209871754E-11  1.656723543075E-11
AR GRAD 2024 06 17 01 35 10.000000 2   1.660511138313E-11  1.256966145752E-11
AR GRAD 2024 06 17 01 35 20.000000 2   1.695859251638E-11  2.272208463050E-11
AR GRAD 2024 06 17 01 35 30.000000 2   1.651153172522E-11  9.304513756692E-12
AR GRAD 2024 06 17 01 35 40.000000 2   1.477387656657E-11  2.908693771952E-11
AR GRAD 2024 06 17 01 35 50.000000 2   2.129138705620E-11  8.269362625213E-12
AR GRAD 2024 06 17 01 36  0.000000 2   1.755412482041E-11  3.068179391108E-11
AR GRAD 2024 06 17 01 36 10.000000 2   1.773312399700E-11  3.405421430958E-11
AR GRAD 2024 06 17 01 36 20.000000 2   1.759703147086E-11  1.963663953664E-11
AR GRAD 2024 06 17 01 36 30.000000 2   1.744774637269E-11  2.296906415067E-11
AR GRAD 2024 06 17 01 36 40.000000 2   2.002783529298E-11  3.007149043666E-11
AR GRAD 2024 06 17 01 36 50.000000 2   1.842504274152E-11  4.825392169172E-11
AR GRAD 2024 06 17 01 37  0.000000 2   1.665893638314E-11  2.062633744360E-11
AR GRAD 2024 06 17 01 37 10.000000 2   2.289525340149E-11  3.192876171787E-11
AR GRAD 2024 06 17 01 37 20.000000 2   1.920557289592E-11  3.115118926700E-11
AR GRAD 2024 06 17 01 37 30.000000 2   1.939922181227E-11  2.580360924931E-11
AR GRAD 2024 06 17 01 37 40.000000 2   1.645551230001E-11  3.109603199936E-11
AR GRAD 2024 06 17 01 37 50.000000 2   1.987385256363E-11  2.647845137593E-11
AR GRAD 2024 06 17 01 38  0.000000 2   2.226504917935E-11  2.747087800292E-11
AR GRAD 2024 06 17 01 38 10.000000 2   2.125639941841E-11  3.063300698172E-12
AR GRAD 2024 06 17 01 38 20.000000 2   1.875164606924E-11  4.024572688999E-11
AR GRAD 2024 06 17 01 38 30.000000 2   2.300831920821E-11  3.062814585286E-11
AR GRAD 2024 06 17 01 38 40.000000 2   2.256307467252E-11  1.253056772926E-11
AR GRAD 2024 06 17 01 38 50.000000 2   2.412841107469E-11  4.203299167060E-11
AR GRAD 2024 06 17 01 39  0.000000 2   2.071586825692E-11  2.818540886795E-11
AR GRAD 2024 06 17 01 39 10.000000 2   2.200912889438E-11  2.847782946958E-11
AR GRAD 2024 06 17 01 39 20.000000 2   2.285984943007E-11  2.359025128018E-11
AR GRAD 2024 06 17 01 39 30.000000 2   2.083806738273E-11  2.419267217113E-11
AR GRAD 2024 06 17 01 39 40.000000 2   1.993437533099E-11  3.858509345367E-11
AR GRAD 2024 06 17 01 39 50.000000 2   2.064804924262E-11  2.700751254581E-11
AR GRAD 2024 06 17 01 40  0.000000 2   2.264987329637E-11  2.058992906728E-11
AR GRAD 2024 06 17 01 40 10.000000 2   2.426184947391E-11  1.627234978707E-11
AR GRAD 2024 06 17 01 40 20.000000 2   1.815548926476E-11  4.459477231933E-11
AR GRAD 2024 06 17 01 40 30.000000 2   2.551648475846E-11  3.711719473443E-11
AR GRAD 2024 06 17 01 40 40.000000 2   2.239161633888E-11  2.126960933768E-11
AR GRAD 2024 06 17 01 40 50.000000 2   2.603476288721E-11  3.719202723573E-11
AR GRAD 2024 06 17 01 41  0.000000 2   2.119405172196E-11  2.376444527274E-11
AR GRAD 2024 06 17 01 41 10.000000 2   2.342912495956E-11  2.245686275826E-11
AR GRAD 2024 06 17 01 41 20.000000 2   2.481720558223E-11  3.810928309034E-11
AR GRAD 2024 06 17 01 41 30.000000 2   2.448870446703E-11  3.059169931263E-11
AR GRAD 2024 06 17 01 41 40.000000 2   2.318315851790E-11  3.719412278169E-11
AR GRAD 2024 06 17 01 41 50.000000 2   2.248958137774E-11  2.833653450773E-11
AR GRAD 2024 06 17 01 42  0.000000 2   2.338439858418E-11  3.832895806299E-11
AR GRAD 2024 06 17 01 42 10.000000 2   2.439199536797E-11  3.599136960686E-11
AR GRAD 2024 06 17 01 42 20.000000 2   2.573548492368E-11  2.451378162960E-11
AR GRAD 2024 06 17 01 42 30.000000 2   2.657635396475E-11  1.738619838376E-11
AR GRAD 2024 06 17 01 42 40.000000 2   2.462934370340E-11  3.013861729628E-11
AR GRAD 2024 06 17 01 42 50.000000 2   2.645396575407E-11  6.139103114755E-11
AR GRAD 2024 06 17 01 43  0.000000 2   2.347399011282E-11  3.751344720970E-11
AR GRAD 2024 06 17 01 43 10.000000 2   2.732266669858E-11  3.762586422984E-11
AR GRAD 2024 06 17 01 43 20.000000 2   2.406507979003E-11  3.425828024040E-11
AR GRAD 2024 06 17 01 43 30.000000 2   2.752791744554E-11  5.812069228672E-11
AR GRAD 2024 06 17 01 43 40.000000 2   2.058293292750E-11  3.985311386456E-11
AR GRAD 2024 06 17 01 43 50.000000 2   2.670558392481E-11  2.799551909738E-11
AR GRAD 2024 06 17 01 44  0.000000 2   2.281329986031E-11  4.891793914386E-11
AR GRAD 2024 06 17 01 44 10.000000 2   2.441414431731E-11  3.972035200750E-11
AR GRAD 2024 06 17 01 44 20.000000 2   2.224812695184E-11  3.927276906457E-11
AR GRAD 2024 06 17 01 44 30.000000 2   2.523243940178E-11  3.637517370647E-11
AR GRAD 2024 06 17 01 44 40.000000 2   2.532283237267E-11  4.056759442261E-11
AR GRAD 2024 06 17 01 44 50.000000 2   2.418978212182E-11  3.999999984017E-11
AR GRAD 2024 06 17 01 45  0.000000 2   2.366638482409E-11  3.958241373558E-11
AR GRAD 2024 06 17 01 45 10.000000 2   2.245758440322E-11  4.281482807178E-11
AR GRAD 2024 06 17 01 45 20.000000 2   2.896744649705E-11  3.844723844848E-11
AR GRAD 2024 06 17 01 45 30.000000 2   2.709068906703E-11  4.577965437291E-11
AR GRAD 2024 06 17 01 45 40.000000 2   2.769160942218E-11  2.358206165065E-11
AR GRAD 2024 06 17 01 45 50.000000 2   2.277592871247E-11  4.217447571730E-11
AR GRAD 2024 06 17 01 46  0.000000 2   2.698060004580E-11  3.154688316132E-11
AR GRAD 2024 06 17 01 46 10.000000 2   2.440828095196E-11  4.330929365137E-11
AR GRAD 2024 06 17 01 46 20.000000 2   2.407259287740E-11  5.110170966938E-11
AR GRAD 2024 06 17 01 46 30.000000 2   3.125013095517E-11  3.943412263396E-11
AR GRAD 2024 06 17 01 46 40.000000 2   2.354612511912E-11  4.203653050650E-11
AR GRAD 2024 06 17 01 46 50.000000 2   2.934081796968E-11  5.472894706871E-11
AR GRAD 2024 06 17 01 47  0.000000 2   2.565748308259E-11  3.083134789139E-11
AR GRAD 2024 06 17 01 47 10.000000 2   2.576458837944E-11  3.810375973079E-11
AR GRAD 2024 06 17 01 47 20.000000 2   2.617685235240E-11  3.807616721918E-11
AR GRAD 2024 06 17 01 47 30.000000 2   2.808378182784E-11  5.199857211480E-11
AR GRAD 2024 06 17 01 47 40.000000 2   2.399551911336E-11  2.685098324240E-11
AR GRAD 2024 06 17 01 47 50.000000 2   2.637793282412E-11  3.934339312672E-11
AR GRAD 2024 06 17 01 48  0.000000 2   2.806440843606E-11  3.823580341233E-11
AR GRAD 2024 06 17 01 48 10.000000 2   2.805824496355E-11  3.084821287302E-11
AR GRAD 2024 06 17 01 48 20.000000 2   2.564678504291E-11  3.591062516795E-11
AR GRAD 2024 06 17 01 48 30.000000 2   2.668966436747E-11  3.976302620501E-11
AR GRAD 2024 06 17 01 48 40.000000 2   2.350320979505E-11  4.962543570519E-11
AR GRAD 2024 06 17 01 48 50.000000 2   2.970751769582E-11  3.422783584339E-11
AR GRAD 2024 06 17 01 49  0.000000 2   2.470077788141E-11  3.971024550853E-11
AR GRAD 2024 06 17 01 49 10.000000 2   2.523563823187E-11  4.352265423058E-11
AR GRAD 2024 06 17 01 49 20.000000 2   2.642053589796E-11  3.267506404336E-11
AR GRAD 2024 06 17 01 49 30.000000 2   2.802550726211E-11  2.449746308586E-11
AR GRAD 2024 06 17 01 49 40.000000 2   3.126836289891E-11  3.015987112831E-11
AR GRAD 2024 06 17 01 49 50.000000 2   2.664848723632E-11  4.012227702854E-11
AR GRAD 2024 06 17 01 50  0.000000 2   2.577719114549E-11  2.918468591795E-11
AR GRAD 2024 06 17 01 50 10.000000 2   2.670043873498E-11  3.908708773315E-11
AR GRAD 2024 06 17 01 50 20.000000 2   2.686987958522E-11  2.531949302997E-11
AR GRAD 2024 06 17 01 50 30.000000 2   2.741206046875E-11  2.811189649121E-11
AR GRAD 2024 06 17 01 50 40.000000 2   2.783504156334E-11  3.785429955605E-11
AR GRAD 2024 06 17 01 50 50.000000 2   2.950427402393E-11  4.483671420252E-11
AR GRAD 2024 06 17 01 51  0.000000 2   2.545284295830E-11  3.572910717287E-11
AR GRAD 2024 06 17 01 51 10.000000 2   3.152413399765E-11  3.302151607709E-11
AR GRAD 2024 06 17 01 51 20.000000 2   2.591410246111E-11  3.340391852014E-11
AR GRAD 2024 06 17 01 51 30.000000 2   2.308357498204E-11  4.026632152709E-11
AR GRAD 2024 06 17 01 51 40.000000 2   2.145725784553E-11  3.030872774978E-11
AR GRAD 2024 06 17 01 51 50.000000 2   3.091180783565E-11  3.367112838548E-11
AR GRAD 2024 06 17 01 52  0.000000 2   2.112832131473E-11  5.606353228882E-11
AR GRAD 2024 06 17 01 52 10.000000 2   2.392627415637E-11  1.667593146903E-11
AR GRAD 2024 06 17 01 52 20.000000 2   2.934592152615E-11  3.950833063482E-11
AR GRAD 2024 06 17 01 52 30.000000 2   2.773402861533E-11  3.219073618776E-11
AR GRAD 2024 06 17 01 52 40.000000 2   2.251304698220E-11  4.954313695404E-11
AR GRAD 2024 06 17 01 52 50.000000 2   2.545585964242E-11  2.687553998793E-11
AR GRAD 2024 06 17 01 53  0.000000 2   1.975338642657E-11  4.152794427781E-11
AR GRAD 2024 06 17 01 53 10.000000 2   2.823275987995E-11  4.749034152041E-11
AR GRAD 2024 06 17 01 53 20.000000 2   2.390357703441E-11  2.673274102083E-11
AR GRAD 2024 06 17 01 53 30.000000 2   2.133987604680E-11  3.540513715539E-11
AR GRAD 2024 06 17 01 53 40.000000 2   2.454303947574E-11  4.049754628865E-11
AR GRAD 2024 06 17 01 53 50.000000 2   2.332736781518E-11  3.027994521787E-11
AR GRAD 2024 06 17 01 54  0.000000 2   2.457804619549E-11  3.403234638544E-11
AR GRAD 2024 06 17 01 54 10.000000 2   2.571011459285E-11  4.509474044179E-11
AR GRAD 2024 06 17 01 54 20.000000 2   2.178797246788E-11  3.719713773109E-11
AR GRAD 2024 06 17 01 54 30.000000 2   2.655822610442E-11  4.065954517518E-11
AR GRAD 2024 06 17 01 54 40.000000 2   2.167590239244E-11  3.492193340060E-11
AR GRAD 2024 06 17 01 54 50.000000 2   2.568282392312E-11  4.905434045077E-11
AR GRAD 2024 06 17 01 55  0.000000 2   2.452805666908E-11  3.761673264546E-11
AR GRAD 2024 06 17 01 55 10.000000 2   2.105651937534E-11  3.273913432023E-11
AR GRAD 2024 06 17 01 55 20.000000 2   2.447060436228E-11  5.227153085374E-11
AR GRAD 2024 06 17 01 55 30.000000 2   2.262390795538E-11  3.389392932984E-11
AR GRAD 2024 06 17 01 55 40.000000 2   2.550033101345E-11  4.360633035216E-11
AR GRAD 2024 06 17 01 55 50.000000 2   2.574795238131E-11  3.577872720317E-11
AR GRAD 2024 06 17 01 56  0.000000 2   2.085556033427E-11  3.672111920094E-11
AR GRAD 2024 06 17 01 56 10.000000 2   2.261462718478E-11  2.824351516550E-11
AR GRAD 2024 06 17 01 56 20.000000 2   2.576979601931E-11  3.745591337090E-11
AR GRAD 2024 06 17 01 56 30.000000 2   1.925543058334E-11  3.023831185445E-11
AR GRAD 2024 06 17 01 56 40.000000 2   2.349782347866E-11  3.065070766639E-11
AR GRAD 2024 06 17 01 56 50.000000 2   2.050037223311E-11  3.708310394868E-11
AR GRAD 2024 06 17 01 57  0.000000 2   2.709918747734E-11  2.545549361577E-11
AR GRAD 2024 06 17 01 57 10.000000 2   2.313963604061E-11  4.496789052233E-11
AR GRAD 2024 06 17 01 57 20.000000 2   1.631475336772E-11  4.887028628997E-11
AR GRAD 2024 06 17 01 57 30.000000 2   2.376878381616E-11  3.046268445828E-11
AR GRAD 2024 06 17 01 57 40.000000 2   2.490033006175E-11  3.375507859338E-11
AR GRAD 2024 06 17 01 57 50.000000 2   2.028171901258E-11  3.445746812880E-11
AR GRAD 2024 06 17 01 58  0.000000 2   2.182228356351E-11  2.447986084675E-11
AR GRAD 2024 06 17 01 58 10.000000 2   1.641332382507E-11  2.835225457187E-11
AR GRAD 2024 06 17 01 58 20.000000 2   2.434864115886E-11  4.764464517359E-11
AR GRAD 2024 06 17 01 58 30.000000 2   1.960133097501E-11  5.669704636335E-11
AR GRAD 2024 06 17 01 58 40.000000 2   1.933144616606E-11  1.574943821192E-11
AR GRAD 2024 06 17 01 58 50.000000 2   2.100070117805E-11  4.941182879525E-11
AR GRAD 2024 06 17 01 59  0.000000 2   2.025612663714E-11  2.610421948046E-11
AR GRAD 2024 06 17 01 59 10.000000 2   1.766176267737E-11  3.509661311574E-11
AR GRAD 2024 06 17 01 59 20.000000 2   1.711310607111E-11  4.359900288020E-11
AR GRAD 2024 06 17 01 59 30.000000 2   1.831986992662E-11  3.315140176263E-11
AR GRAD 2024 06 17 01 59 40.000000 2   2.005774539515E-11  2.170378980704E-11
AR GRAD 2024 06 17 01 59 50.000000 2   1.973049328086E-11  5.343618256215E-11
AR GRAD 2024 06 17 02 00  0.000000 2   1.650414874210E-11  1.594857232390E-11
AR GRAD 2024 06 17 02 00 10.000000 2   1.632848370403E-11  4.026096470100E-11
AR GRAD 2024 06 17 02 00 20.000000 2   1.433287342978E-11  1.391335484324E-11
AR GRAD 2024 06 17 02 00 30.000000 2   1.362897381757E-11  4.096574121593E-11
AR GRAD 2024 06 17 02 00 40.000000 2   1.271480143394E-11  8.538134609049E-12
AR GRAD 2024 06 17 02 00 50.000000 2   1.598869821262E-11  3.702052553400E-11
AR GRAD 2024 06 17 02 01  0.000000 2   1.890224608780E-11  3.216291469266E-11
AR GRAD 2024 06 17 02 01 10.000000 2   1.355083319859E-11  3.525529868043E-11
AR GRAD 2024 06 17 02 01 20.000000 2   1.193052774628E-11  1.410769157745E-11
AR GRAD 2024 06 17 02 01 30.000000 2   1.452818421122E-11  3.308008034164E-11
AR GRAD 2024 06 17 02 01 40.000000 2   1.760711888787E-11  1.892247122881E-11
AR GRAD 2024 06 17 02 01 50.000000 2   7.443387052553E-12  5.391485868866E-11
AR GRAD 2024 06 17 02 02  0.000000 2   9.578555830447E-12  9.247246197941E-12
AR GRAD 2024 06 17 02 02 10.000000 2   1.255265856537E-11  6.041963457326E-11
AR GRAD 2024 06 17 02 02 20.000000 2   1.541411442929E-11  2.150202238482E-11
AR GRAD 2024 06 17 02 02 30.000000 2   1.194899821449E-11  5.089441368344E-11
AR GRAD 2024 06 17 02 02 40.000000 2   1.463259201306E-11  3.881679699891E-11
AR GRAD 2024 06 17 02 02 50.000000 2   1.364300599577E-11  3.902918266352E-11
AR GRAD 2024 06 17 02 03  0.000000 2   1.032337323265E-11  3.235157280956E-11
AR GRAD 2024 06 17 02 03 10.000000 2   1.209500815474E-11  3.063395717651E-11
AR GRAD 2024 06 17 02 03 20.000000 2   1.427921843267E-11  3.854634320066E-11
AR GRAD 2024 06 17 02 03 30.000000 2   9.722784209687E-12  4.053872862397E-11
AR GRAD 2024 06 17 02 03 40.000000 2   1.093927205764E-11  3.533111303522E-11
AR GRAD 2024 06 17 02 03 50.000000 2   1.370808501433E-11  2.745349954314E-11
AR GRAD 2024 06 17 02 04  0.000000 2   1.092375235406E-11  2.452588653001E-11
AR GRAD 2024 06 17 02 04 10.000000 2   8.150354523229E-12  3.293827363637E-11
AR GRAD 2024 06 17 02 04 20.000000 2   1.406009857152E-11  4.300065511997E-11
AR GRAD 2024 06 17 02 04 30.000000 2   9.563206997132E-12  3.150304322963E-11
AR GRAD 2024 06 17 02 04 40.000000 2   1.170108367837E-11  2.558542613884E-11
AR GRAD 2024 06 17 02 04 50.000000 2   1.189897486098E-11  4.702781566945E-11
AR GRAD 2024 06 17 02 05  0.000000 2   1.096116600263E-11  3.620019214945E-11
AR GRAD 2024 06 17 02 05 10.000000 2   8.816879518148E-12  2.860257863890E-11
AR GRAD 2024 06 17 02 05 20.000000 2   8.916531575587E-12  2.606495921875E-11
AR GRAD 2024 06 17 02 05 30.000000 2   5.234090504763E-12  5.397346198449E-12
AR GRAD 2024 06 17 02 05 40.000000 2   8.395799680483E-12  1.895972961963E-11
AR GRAD 2024 06 17 02 05 50.000000 2   8.310240516562E-12  2.022211044450E-11
AR GRAD 2024 06 17 02 06  0.000000 2   1.031476553476E-11  2.823448939926E-11
AR GRAD 2024 06 17 02 06 10.000000 2   1.108298695873E-11  3.607687412699E-11
AR GRAD 2024 06 17 02 06 20.000000 2   9.437913124632E-12  8.549254186530E-12
AR GRAD 2024 06 17 02 06 30.000000 2   7.396573804830E-12  3.279164093040E-11
AR GRAD 2024 06 17 02 06 40.000000 2   9.309582618688E-12  2.887402122953E-11
AR GRAD 2024 06 17 02 06 50.000000 2   7.538534900486E-12  3.584639876597E-11
AR GRAD 2024 06 17 02 07  0.000000 2   7.972796034483E-12  6.928781767085E-12
AR GRAD 2024 06 17 02 07 10.000000 2   5.877956541639E-12  3.974116868921E-11
AR GRAD 2024 06 17 02 07 20.000000 2   8.857139847940E-12  1.207354268645E-11
AR GRAD 2024 06 17 02 07 30.000000 2   6.515738035923E-12  4.118592619728E-11
AR GRAD 2024 06 17 02 07 40.000000 2   2.859112469347E-12  4.216831051007E-11
AR GRAD 2024 06 17 02 07 50.000000 2   7.482778285883E-12  1.403068286554E-11
AR GRAD 2024 06 17 02 08  0.000000 2   5.553604884995E-12  1.515306109756E-11
AR GRAD 2024 06 17 02 08 10.000000 2   3.310442414986E-12  4.389544283612E-11
AR GRAD 2024 06 17 02 08 20.000000 2   4.830021365504E-12  1.658781965952E-11
AR GRAD 2024 06 17 02 08 30.000000 2   4.617851240285E-12  3.596020009544E-11
AR GRAD 2024 06 17 02 08 40.000000 2   3.939759109228E-12  2.874258123176E-11
AR GRAD 2024 06 17 02 08 50.000000 2   1.203491733354E-12  2.100495818946E-11
AR GRAD 2024 06 17 02 09  0.000000 2   2.901918939521E-12  3.048733834832E-11
AR GRAD 2024 06 17 02 09 10.000000 2   1.444702972704E-12  3.834971229466E-11
AR GRAD 2024 06 17 02 09 20.000000 2   1.103016332785E-12  3.329209477543E-11
AR GRAD 2024 06 17 02 09 30.000000 2  -7.937791591563E-13  4.704468585526E-12
AR GRAD 2024 06 17 02 09 40.000000 2   7.598653152009E-13  3.456845920624E-12
AR GRAD 2024 06 17 02 09 50.000000 2  -3.419207842206E-12  2.246922439775E-11
AR GRAD 2024 06 17 02 10  0.000000 2  -2.594692906713E-12  1.627160038653E-11
AR GRAD 2024 06 17 02 10 10.000000 2   1.111917632621E-12  4.154397659217E-11
AR GRAD 2024 06 17 02 10 20.000000 2  -3.566635051536E-12  2.546635298473E-11
AR GRAD 2024 06 17 02 10 30.000000 2  -4.847533398994E-12  2.232872914343E-11
AR GRAD 2024 06 17 02 10 40.000000 2  -4.224850070483E-12  5.111030414000E-13
AR GRAD 2024 06 17 02 10 50.000000 2  -3.450723430956E-12  4.271348205687E-11
AR GRAD 2024 06 17 02 11  0.000000 2  -2.008661683164E-12  1.682585494545E-11
AR GRAD 2024 06 17 02 11 10.000000 2  -4.825075235193E-12  3.733822626084E-11
AR GRAD 2024 06 17 02 11 20.000000 2  -2.832492703927E-12  1.098060618127E-11
AR GRAD 2024 06 17 02 11 30.000000 2  -4.207030123576E-12  6.592979200776E-12
AR GRAD 2024 06 17 02 11 40.000000 2  -6.710904401630E-12  2.423535504226E-11
AR GRAD 2024 06 17 02 11 50.000000 2  -4.493331054456E-12  1.076772958991E-11
AR GRAD 2024 06 17 02 12  0.000000 2  -7.540128243999E-12  1.772009969314E-11
AR GRAD 2024 06 17 02 12 10.000000 2  -7.914178860868E-12  1.628247536800E-11
AR GRAD 2024 06 17 02 12 20.000000 2  -5.693387601646E-12  3.059484957046E-11
AR GRAD 2024 06 17 02 12 30.000000 2  -7.938307997057E-12  2.906722258722E-11
AR GRAD 2024 06 17 02 12 40.000000 2  -7.449228733858E-12  2.216959602008E-11
AR GRAD 2024 06 17 02 12 50.000000 2  -7.071931582003E-12  2.039196762837E-11
AR GRAD 2024 06 17 02 13  0.000000 2  -7.244219547148E-12  2.912434182711E-11
AR GRAD 2024 06 17 02 13 10.000000 2  -7.473216490084E-12  3.308671045477E-11
AR GRAD 2024 06 17 02 13 20.000000 2  -6.271087382020E-12  3.142908502896E-11
AR GRAD 2024 06 17 02 13 30.000000 2  -7.375949677424E-12  2.520145550577E-11
AR GRAD 2024 06 17 02 13 40.000000 2  -7.820365882649E-12  2.500382713377E-11
AR GRAD 2024 06 17 02 13 50.000000 2  -9.816630147652E-12  2.986619632162E-11
AR GRAD 2024 06 17 02 14  0.000000 2  -3.809061573101E-12  2.561856803085E-11
AR GRAD 2024 06 17 02 14 10.000000 2  -6.944721273744E-12  1.926094353455E-11
AR GRAD 2024 06 17 02 14 20.000000 2  -1.010933090712E-11  2.431331004582E-11
AR GRAD 2024 06 17 02 14 30.000000 2  -7.199321000462E-12  2.370568324972E-11
AR GRAD 2024 06 17 02 14 40.000000 2  -1.027354503552E-11  1.590804918350E-11
AR GRAD 2024 06 17 02 14 50.000000 2  -4.953089154103E-12  2.592042205873E-11
AR GRAD 2024 06 17 02 15  0.000000 2  -1.191678960372E-11  7.232792489931E-12
AR GRAD 2024 06 17 02 15 10.000000 2  -6.584847684482E-12  9.585162524806E-12
AR GRAD 2024 06 17 02 15 20.000000 2  -8.987964018881E-12  1.756753076343E-11
AR GRAD 2024 06 17 02 15 30.000000 2  -1.265929635424E-11  1.682989858587E-11
AR GRAD 2024 06 17 02 15 40.000000 2  -7.061940875824E-12  2.237226549850E-11
AR GRAD 2024 06 17 02 15 50.000000 2  -9.738850351160E-12  2.298463329387E-11
AR GRAD 2024 06 17 02 16  0.000000 2  -9.241090531686E-12  1.890700096485E-11
AR GRAD 2024 06 17 02 16 10.000000 2  -1.062245777450E-11  6.419369376343E-12
AR GRAD 2024 06 17 02 16 20.000000 2  -9.470754042118E-12 -4.048261725842E-12
AR GRAD 2024 06 17 02 16 30.000000 2  -1.204038518193E-11  2.907410770470E-11
AR GRAD 2024 06 17 02 16 40.000000 2  -1.182981056863E-11  2.676647098410E-11
AR GRAD 2024 06 17 02 16 50.000000 2  -1.040624097309E-11  3.088841682430E-12
AR GRAD 2024 06 17 02 17  0.000000 2  -9.072130199850E-12  1.253120437278E-11
AR GRAD 2024 06 17 02 17 10.000000 2  -1.231432317228E-11  1.455357362401E-11
AR GRAD 2024 06 17 02 17 20.000000 2  -8.108063699608E-12  1.299594112880E-11
AR GRAD 2024 06 17 02 17 30.000000 2  -1.255788008303E-11  2.136830296040E-11
AR GRAD 2024 06 17 02 17 40.000000 2  -1.127349689295E-11  2.596067111282E-11
AR GRAD 2024 06 17 02 17 50.000000 2  -1.369709380639E-11  5.223037280455E-12
AR GRAD 2024 06 17 02 18  0.000000 2  -1.344377647400E-11  1.470540182680E-11
AR GRAD 2024 06 17 02 18 10.000000 2  -1.164152194782E-11  3.487768450786E-12
AR GRAD 2024 06 17 02 18 20.000000 2  -1.348328566853E-11  1.666012987289E-11
AR GRAD 2024 06 17 02 18 30.000000 2  -1.238606439635E-11  1.515249731243E-11
AR GRAD 2024 06 17 02 18 40.000000 2  -1.269287105976E-11  2.274485981502E-11
AR GRAD 2024 06 17 02 18 50.000000 2  -1.231635193139E-11  1.088722428183E-11
AR GRAD 2024 06 17 02 19  0.000000 2  -1.187211873949E-11  2.008958797928E-11
AR GRAD 2024 06 17 02 19 10.000000 2  -1.419571144662E-11  1.824195308697E-11
AR GRAD 2024 06 17 02 19 20.000000 2  -1.472414898340E-11  1.202431557101E-11
AR GRAD 2024 06 17 02 19 30.000000 2  -1.740757364643E-11 -2.183322099503E-12
AR GRAD 2024 06 17 02 19 40.000000 2  -1.787038052259E-11  1.318904100517E-11
AR GRAD 2024 06 17 02 19 50.000000 2  -1.212974946180E-11  6.961404543093E-12
AR GRAD 2024 06 17 02 20  0.000000 2  -1.855999555433E-11  1.462376747474E-11
AR GRAD 2024 06 17 02 20 10.000000 2  -1.618381297031E-11  1.680612767008E-11
AR GRAD 2024 06 17 02 20 20.000000 2  -1.658865406151E-11  1.018848980877E-11
AR GRAD 2024 06 17 02 20 30.000000 2  -1.650754533067E-11  1.265085432245E-11
AR GRAD 2024 06 17 02 20 40.000000 2  -1.715256235657E-11 -3.176787175332E-12
AR GRAD 2024 06 17 02 20 50.000000 2  -1.891354260708E-11  2.925574496201E-12
AR GRAD 2024 06 17 02 21  0.000000 2  -1.690041682989E-11  1.608793306906E-11
AR GRAD 2024 06 17 02 21 10.000000 2  -1.659352169558E-11  1.213029589969E-11
AR GRAD 2024 06 17 02 21 20.000000 2  -1.532928124715E-11  1.852654531523E-12
AR GRAD 2024 06 17 02 21 30.000000 2  -1.455536906281E-11  5.115016483287E-12
AR GRAD 2024 06 17 02 21 40.000000 2  -1.516408699997E-11 -3.049262231603E-11
AR GRAD 2024 06 17 02 21 50.000000 2  -1.588950845899E-11  1.309973483854E-11
AR GRAD 2024 06 17 02 22  0.000000 2  -1.552184596132E-11  2.512098168372E-12
AR GRAD 2024 06 17 02 22 10.000000 2  -1.772087684926E-11 -1.865554585812E-11
AR GRAD 2024 06 17 02 22 20.000000 2  -1.553104866936E-11 -2.763187248456E-12
AR GRAD 2024 06 17 02 22 30.000000 2  -1.511202100957E-11 -5.620827154412E-12
AR GRAD 2024 06 17 02 22 40.000000 2  -1.629488557975E-11 -1.255846902165E-11
AR GRAD 2024 06 17 02 22 50.000000 2  -1.779527566970E-11 -9.661098960764E-13
AR GRAD 2024 06 17 02 23  0.000000 2  -1.701043125801E-11 -9.553751019464E-12
AR GRAD 2024 06 17 02 23 10.000000 2  -1.806134061755E-11 -1.296139411078E-11
AR GRAD 2024 06 17 02 23 20.000000 2  -1.308034236480E-11 -7.903689503005E-14
AR GRAD 2024 06 17 02 23 30.000000 2  -1.865629525866E-11  4.223320911739E-12
AR GRAD 2024 06 17 02 23 40.000000 2  -1.546661063112E-11 -1.174321924424E-12
AR GRAD 2024 06 17 02 23 50.000000 2  -1.893578176204E-11 -1.555196596503E-11
AR GRAD 2024 06 17 02 24  0.000000 2  -1.646225690488E-11 -2.189960886245E-11
AR GRAD 2024 06 17 02 24 10.000000 2  -1.441076771802E-11  8.152749308987E-12
AR GRAD 2024 06 17 02 24 20.000000 2  -1.667306917530E-11 -9.874896039763E-12
AR GRAD 2024 06 17 02 24 30.000000 2  -2.101877699667E-11 -3.209253696124E-11
AR GRAD 2024 06 17 02 24 40.000000 2  -2.019480416227E-11 -5.040185716704E-12
AR GRAD 2024 06 17 02 24 50.000000 2  -2.120426403907E-11 -1.623783052462E-11
AR GRAD 2024 06 17 02 25  0.000000 2  -1.540345628825E-11  3.844526259844E-12
AR GRAD 2024 06 17 02 25 10.000000 2  -2.089834381935E-11  4.026882560043E-12
AR GRAD 2024 06 17 02 25 20.000000 2  -1.701484265981E-11  6.839235774936E-12
AR GRAD 2024 06 17 02 25 30.000000 2  -2.002911378418E-11 -8.848408984685E-12
AR GRAD 2024 06 17 02 25 40.000000 2  -1.862014882559E-11 -6.686057089922E-12
AR GRAD 2024 06 17 02 25 50.000000 2  -1.758478952729E-11  2.746297330172E-12
AR GRAD 2024 06 17 02 26  0.000000 2  -1.663704070343E-11 -2.186134780147E-11
AR GRAD 2024 06 17 02 26 10.000000 2  -1.937053642487E-11 -2.048993570300E-12
AR GRAD 2024 06 17 02 26 20.000000 2  -1.840478464077E-11 -6.666641631098E-12
AR GRAD 2024 06 17 02 26 30.000000 2  -1.859816467498E-11 -6.424288618440E-12
AR GRAD 2024 06 17 02 26 40.000000 2  -1.947851949180E-11 -3.021934482164E-12
AR GRAD 2024 06 17 02 26 50.000000 2  -2.181320402084E-11 -1.016958045552E-11
AR GRAD 2024 06 17 02 27  0.000000 2  -1.949072674090E-11 -2.981722854734E-11
AR GRAD 2024 06 17 02 27 10.000000 2  -2.124102803369E-11 -1.743487819394E-11
AR GRAD 2024 06 17 02 27 20.000000 2  -1.882044173285E-11  2.727474929937E-12
AR GRAD 2024 06 17 02 27 30.000000 2  -1.936753882270E-11 -1.196017330313E-11
AR GRAD 2024 06 17 02 27 40.000000 2  -1.984106108577E-11 -2.059782379382E-11
AR GRAD 2024 06 17 02 27 50.000000 2  -2.171346782931E-11 -1.576547226101E-11
AR GRAD 2024 06 17 02 28  0.000000 2  -1.705410465624E-11 -5.383120164903E-12
AR GRAD 2024 06 17 02 28 10.000000 2  -2.034290791375E-11 -1.519077051648E-11
AR GRAD 2024 06 17 02 28 20.000000 2  -1.603278447504E-11 -2.683842037499E-11
AR GRAD 2024 06 17 02 28 30.000000 2  -2.314850394702E-11 -1.613606991080E-11
AR GRAD 2024 06 17 02 28 40.000000 2  -1.981076760971E-11 -1.925372014600E-11
AR GRAD 2024 06 17 02 28 50.000000 2  -1.968386217910E-11 -1.439137177484E-11
AR GRAD 2024 06 17 02 29  0.000000 2  -2.083539243913E-11 -9.559021109384E-12
AR GRAD 2024 06 17 02 29 10.000000 2  -2.099891961704E-11 -1.877667119010E-11
AR GRAD 2024 06 17 02 29 20.000000 2  -1.437481904343E-11 -3.061432357621E-11
AR GRAD 2024 06 17 02 29 30.000000 2  -1.939733616785E-11 -1.984197528504E-11
AR GRAD 2024 06 17 02 29 40.000000 2  -1.947528076307E-11 -2.017962706657E-11
AR GRAD 2024 06 17 02 29 50.000000 2  -2.022088919917E-11 -2.247727871885E-11
AR GRAD 2024 06 17 02 30  0.000000 2  -2.162816280238E-11 -5.714928096728E-12
AR GRAD 2024 06 17 02 30 10.000000 2  -1.960051045080E-11 -1.464258228556E-11
AR GRAD 2024 06 17 02 30 20.000000 2  -1.998042876983E-11 -3.161023179321E-11
AR GRAD 2024 06 17 02 30 30.000000 2  -2.146766271693E-11 -1.958788686807E-11
AR GRAD 2024 06 17 02 30 40.000000 2  -1.849358340078E-11 -2.487554086328E-11
AR GRAD 2024 06 17 02 30 50.000000 2  -1.720839963582E-11 -1.125319282202E-11
AR GRAD 2024 06 17 02 31  0.000000 2  -1.941026679664E-11 -1.962084487939E-11
AR GRAD 2024 06 17 02 31 10.000000 2  -1.982168422454E-11 -9.288497922200E-12
AR GRAD 2024 06 17 02 31 20.000000 2  -1.852891798326E-11 -2.539615566455E-11
AR GRAD 2024 06 17 02 31 30.000000 2  -2.081745019422E-11 -2.516380853690E-11
AR GRAD 2024 06 17 02 31 40.000000 2  -1.900804166843E-11 -3.746146101657E-11
AR GRAD 2024 06 17 02 31 50.000000 2  -2.304338143910E-11 -2.400911761069E-11
AR GRAD 2024 06 17 02 32  0.000000 2  -1.641047540912E-11 -2.250677422211E-11
AR GRAD 2024 06 17 02 32 10.000000 2  -2.088470889283E-11 -1.127442757209E-11
AR GRAD 2024 06 17 02 32 20.000000 2  -2.012737199131E-11 -2.510208360618E-11
AR GRAD 2024 06 17 02 32 30.000000 2  -1.825567128022E-11 -2.307973950844E-11
AR GRAD 2024 06 17 02 32 40.000000 2  -1.917951387986E-11 -4.340739226394E-11
AR GRAD 2024 06 17 02 32 50.000000 2  -1.861616936993E-11 -1.968505219940E-11
AR GRAD 2024 06 17 02 33  0.000000 2  -1.596255939929E-11 -2.773270502132E-11
AR GRAD 2024 06 17 02 33 10.000000 2  -1.690280554412E-11 -4.205035972205E-11
AR GRAD 2024 06 17 02 33 20.000000 2  -1.698418836127E-11 -2.542801906535E-11
AR GRAD 2024 06 17 02 33 30.000000 2  -1.942181832026E-11 -3.922567479164E-11
AR GRAD 2024 06 17 02 33 40.000000 2  -1.709743978340E-11 -2.288333585121E-11
AR GRAD 2024 06 17 02 33 50.000000 2  -1.886735732926E-11 -2.796099289604E-11
AR GRAD 2024 06 17 02 34  0.000000 2  -1.898191673289E-11 -4.243864634712E-11
AR GRAD 2024 06 17 02 34 10.000000 2  -1.871919806662E-11 -3.941630702387E-11
AR GRAD 2024 06 17 02 34 20.000000 2  -1.557727384582E-11 -3.900396325363E-11
AR GRAD 2024 06 17 02 34 30.000000 2  -1.926541738639E-11 -1.953162458157E-11
AR GRAD 2024 06 17 02 34 40.000000 2  -1.810895704224E-11 -2.294928309887E-11
AR GRAD 2024 06 17 02 34 50.000000 2  -1.876739735840E-11 -2.665194107077E-11
AR GRAD 2024 06 17 02 35  0.000000 2  -1.712415105548E-11 -3.035460077738E-11
AR GRAD 2024 06 17 02 35 10.000000 2  -1.873601968017E-11 -2.513225912104E-11
AR GRAD 2024 06 17 02 35 20.000000 2  -1.788904094302E-11 -2.862991961561E-11
AR GRAD 2024 06 17 02 35 30.000000 2  -1.950726906397E-11 -3.171757648190E-11
AR GRAD 2024 06 17 02 35 40.000000 2  -1.772913586773E-11 -3.590524058628E-11
AR GRAD 2024 06 17 02 35 50.000000 2  -1.793563041141E-11 -3.324289801765E-11
AR GRAD 2024 06 17 02 36  0.000000 2  -1.601815381724E-11 -3.567055678610E-11
AR GRAD 2024 06 17 02 36 10.000000 2  -1.814879670159E-11 -1.239822133847E-11
AR GRAD 2024 06 17 02 36 20.000000 2  -1.953350155237E-11 -1.977588405533E-11
AR GRAD 2024 06 17 02 36 30.000000 2  -1.668557132739E-11 -2.715354503746E-11
AR GRAD 2024 06 17 02 36 40.000000 2  -1.895096753135E-11 -4.462120256621E-11
AR GRAD 2024 06 17 02 36 50.000000 2  -1.854806412627E-11 -2.733886728112E-11
AR GRAD 2024 06 17 02 37  0.000000 2  -1.490784058700E-11 -4.562652686224E-11
AR GRAD 2024 06 17 02 37 10.000000 2  -1.642531596846E-11 -1.897419200925E-11
AR GRAD 2024 06 17 02 37 20.000000 2  -1.561578470699E-11 -3.198185466458E-11
AR GRAD 2024 06 17 02 37 30.000000 2  -1.617307676671E-11 -3.836951589786E-11
AR GRAD 2024 06 17 02 37 40.000000 2  -1.759015502700E-11 -2.384718117421E-11
AR GRAD 2024 06 17 02 37 50.000000 2  -1.571185716254E-11 -3.161484268821E-11
AR GRAD 2024 06 17 02 38  0.000000 2  -1.838213782579E-11 -3.048250540871E-11
AR GRAD 2024 06 17 02 38 10.000000 2  -1.879210849431E-11 -4.316016988248E-11
AR GRAD 2024 06 17 02 38 20.000000 2  -1.826926977755E-11 -3.527783620783E-11
AR GRAD 2024 06 17 02 38 30.000000 2  -1.426180874786E-11 -4.656549451587E-11
AR GRAD 2024 06 17 02 38 40.000000 2  -1.826551930539E-11 -2.940316393141E-11
AR GRAD 2024 06 17 02 38 50.000000 2  -1.885056173656E-11 -4.564082445313E-11
AR GRAD 2024 06 17 02 39  0.000000 2  -1.668663644760E-11 -3.488848793198E-11
AR GRAD 2024 06 17 02 39 10.000000 2  -1.762094116453E-11 -3.163615550084E-11
AR GRAD 2024 06 17 02 39 20.000000 2  -1.632060632473E-11 -2.624048894839E-11
AR GRAD 2024 06 17 02 39 30.000000 2  -1.535019333865E-11 -2.084482239595E-11
AR GRAD 2024 06 17 02 39 40.000000 2  -1.762964427221E-11 -1.544915410878E-11
AR GRAD 2024 06 17 02 39 50.000000 2  -1.629596978192E-11 -3.366681933237E-11
AR GRAD 2024 06 17 02 40  0.000000 2  -1.429589693153E-11 -4.094448738390E-11
AR GRAD 2024 06 17 02 40 10.000000 2  -1.391207028051E-11 -3.132214973500E-11
AR GRAD 2024 06 17 02 40 20.000000 2  -1.405947233635E-11 -4.173981993372E-11
AR GRAD 2024 06 17 02 40 30.000000 2  -1.381450856486E-11 -2.982748423253E-11
AR GRAD 2024 06 17 02 40 40.000000 2  -1.308420819607E-11 -3.802515247120E-11
AR GRAD 2024 06 17 02 40 50.000000 2  -1.047421004097E-11 -2.634282028624E-11
AR GRAD 2024 06 17 02 41  0.000000 2  -1.417783338648E-11 -3.323048780590E-11
AR GRAD 2024 06 17 02 41 10.000000 2  -1.557377664330E-11 -3.619815905354E-11
AR GRAD 2024 06 17 02 41 20.000000 2  -1.240394679330E-11 -4.514582457871E-11
AR GRAD 2024 06 17 02 41 30.000000 2  -1.137913721583E-11 -3.738349560467E-11
AR GRAD 2024 06 17 02 41 40.000000 2  -1.433992247862E-11 -2.790116401807E-11
AR GRAD 2024 06 17 02 41 50.000000 2  -1.487943102063E-11 -1.841883243148E-11
AR GRAD 2024 06 17 02 42  0.000000 2  -1.154090538413E-11 -2.841650005581E-11
AR GRAD 2024 06 17 02 42 10.000000 2  -1.429902637268E-11 -4.033417003169E-11
AR GRAD 2024 06 17 02 42 20.000000 2  -1.016331810377E-11 -2.570183996187E-11
AR GRAD 2024 06 17 02 42 30.000000 2  -1.353355795486E-11 -3.278450774746E-11
AR GRAD 2024 06 17 02 42 40.000000 2  -1.233305731846E-11 -3.986718247195E-11
AR GRAD 2024 06 17 02 42 50.000000 2  -1.373746602584E-11 -2.503485266314E-11
AR GRAD 2024 06 17 02 43  0.000000 2  -1.526014037356E-11 -4.146252091664E-11
AR GRAD 2024 06 17 02 43 10.000000 2  -1.215828306089E-11 -3.635019021897E-11
AR GRAD 2024 06 17 02 43 20.000000 2  -1.404509928499E-11 -4.116786425645E-11
AR GRAD 2024 06 17 02 43 30.000000 2  -1.086741894391E-11 -3.771553555576E-11
AR GRAD 2024 06 17 02 43 40.000000 2  -1.045313141601E-11 -2.507320739920E-11
AR GRAD 2024 06 17 02 43 50.000000 2  -1.352273674982E-11 -3.719087884879E-11
AR GRAD 2024 06 17 02 44  0.000000 2  -1.602429473835E-11 -4.235854722534E-11
AR GRAD 2024 06 17 02 44 10.000000 2  -1.032572811976E-11 -9.546223186940E-12
AR GRAD 2024 06 17 02 44 20.000000 2  -1.272621938386E-11 -3.815389670869E-11
AR GRAD 2024 06 17 02 44 30.000000 2  -1.318414474816E-11 -2.731156793778E-11
AR GRAD 2024 06 17 02 44 40.000000 2  -1.092045898154E-11 -3.641924262165E-11
AR GRAD 2024 06 17 02 44 50.000000 2  -1.122018363636E-11 -2.951691321917E-11
AR GRAD 2024 06 17 02 45  0.000000 2  -1.083871360719E-11 -4.124458760635E-11
AR GRAD 2024 06 17 02 45 10.000000 2  -1.384987523972E-11 -3.133226317287E-11
AR GRAD 2024 06 17 02 45 20.000000 2  -7.605182109072E-12 -3.392993525031E-11
AR GRAD 2024 06 17 02 45 30.000000 2  -1.270209111504E-11 -4.660761013242E-11
AR GRAD 2024 06 17 02 45 40.000000 2  -1.184587237330E-11 -2.408528411435E-11
AR GRAD 2024 06 17 02 45 50.000000 2  -9.872515999154E-12 -3.099295819986E-11
AR GRAD 2024 06 17 02 46  0.000000 2  -7.768003254527E-12 -3.659063330108E-11
AR GRAD 2024 06 17 02 46 10.000000 2  -1.161796527038E-11 -1.967830932925E-11
AR GRAD 2024 06 17 02 46 20.000000 2  -8.222296975224E-12 -3.014598293216E-11
AR GRAD 2024 06 17 02 46 30.000000 2  -1.041438723454E-11 -3.964365988263E-11
AR GRAD 2024 06 17 02 46 40.000000 2  -6.642365910775E-12 -3.324133676652E-11
AR GRAD 2024 06 17 02 46 50.000000 2  -7.017324221703E-12 -3.960901398536E-11
AR GRAD 2024 06 17 02 47  0.000000 2  -7.472231167149E-12 -2.780668924285E-11
AR GRAD 2024 06 17 02 47 10.000000 2  -7.890602234106E-12 -1.600436623506E-11
AR GRAD 2024 06 17 02 47 20.000000 2  -8.922367185360E-12 -2.903204412985E-11
AR GRAD 2024 06 17 02 47 30.000000 2  -6.613291945318E-12 -4.460971869680E-11
AR GRAD 2024 06 17 02 47 40.000000 2  -9.968990910547E-12 -3.234739559543E-11
AR GRAD 2024 06 17 02 47 50.000000 2  -7.151770495262E-12 -2.675507732031E-11
AR GRAD 2024 06 17 02 48  0.000000 2  -8.710869699169E-12 -3.303275361577E-11
AR GRAD 2024 06 17 02 48 10.000000 2  -9.080438657938E-12 -2.067043237963E-11
AR GRAD 2024 06 17 02 48 20.000000 2  -6.791898640723E-12 -3.258810929441E-11
AR GRAD 2024 06 17 02 48 30.000000 2  -4.989393447008E-12 -2.767578874407E-11
AR GRAD 2024 06 17 02 48 40.000000 2  -6.472930698387E-12 -1.137346640478E-11
AR GRAD 2024 06 17 02 48 50.000000 2  -3.818886179507E-12 -3.817114679894E-11
AR GRAD 2024 06 17 02 49  0.000000 2  -8.436531855061E-12 -3.002882317804E-11
AR GRAD 2024 06 17 02 49 10.000000 2  -7.120156460955E-12 -2.511650436243E-11
AR GRAD 2024 06 17 02 49 20.000000 2  -4.503213774099E-12 -2.978418206512E-11
AR GRAD 2024 06 17 02 49 30.000000 2  -5.151466926645E-12 -1.304186359602E-11
AR GRAD 2024 06 17 02 49 40.000000 2  -7.493271628189E-12 -1.611954320024E-11
AR GRAD 2024 06 17 02 49 50.000000 2  -5.475266073862E-12 -2.038722662911E-11
AR GRAD 2024 06 17 02 50  0.000000 2  -4.401345607419E-12 -2.465490658854E-11
AR GRAD 2024 06 17 02 50 10.000000 2  -7.683632376188E-12 -2.710258580063E-11
AR GRAD 2024 06 17 02 50 20.000000 2  -3.534426007076E-12 -1.502026801548E-11
AR GRAD 2024 06 17 02 50 30.000000 2  -8.057802688977E-12 -3.376795024157E-11
AR GRAD 2024 06 17 02 50 40.000000 2  -3.251175153748E-12 -2.847563157493E-11
AR GRAD 2024 06 17 02 50 50.000000 2  -4.494764369728E-12 -1.708331393013E-11
AR GRAD 2024 06 17 02 51  0.000000 2  -1.926415624243E-12 -2.535099560830E-11
AR GRAD 2024 06 17 02 51 10.000000 2  -5.289954238541E-12 -1.062867589080E-11
AR GRAD 2024 06 17 02 51 20.000000 2  -5.634111666791E-12 -2.835636066234E-11
AR GRAD 2024 06 17 02 51 30.000000 2  -4.785998854173E-12 -2.878404285755E-11
AR GRAD 2024 06 17 02 51 40.000000 2  -3.547057396067E-12 -2.295172732425E-11
AR GRAD 2024 06 17 02 51 50.000000 2  -1.421165295905E-13 -6.139409293449E-12
AR GRAD 2024 06 17 02 52  0.000000 2  -2.968552053478E-12 -1.475709311693E-11
AR GRAD 2024 06 17 02 52 10.000000 2  -3.086625139509E-12 -3.182477545383E-11
AR GRAD 2024 06 17 02 52 20.000000 2   5.755000967965E-13 -2.211246116768E-11
AR GRAD 2024 06 17 02 52 30.000000 2   1.055736783260E-13 -1.480014548416E-11
AR GRAD 2024 06 17 02 52 40.000000 2  -1.371737792799E-12 -2.020783020085E-11
AR GRAD 2024 06 17 02 52 50.000000 2  -8.097794353470E-13 -6.035512801345E-12
AR GRAD 2024 06 17 02 53  0.000000 2  -2.121743319233E-12 -2.221320002938E-11
AR GRAD 2024 06 17 02 53 10.000000 2   7.866116612243E-13 -1.215088273054E-11
AR GRAD 2024 06 17 02 53 20.000000 2  -2.591845574967E-12 -2.235857159139E-11
AR GRAD 2024 06 17 02 53 30.000000 2   2.844960812071E-12 -2.340625609998E-11
AR GRAD 2024 06 17 02 53 40.000000 2   1.200459003037E-12 -8.183940504447E-12
AR GRAD 2024 06 17 02 53 50.000000 2   1.006207270282E-12 -2.348162810029E-11
AR GRAD 2024 06 17 02 54  0.000000 2   2.645493633185E-12 -1.209931373841E-11
AR GRAD 2024 06 17 02 54 10.000000 2  -9.861339175798E-13 -5.297001118981E-12
AR GRAD 2024 06 17 02 54 20.000000 2   2.192873270121E-12 -2.826468746553E-11
AR GRAD 2024 06 17 02 54 30.000000 2   2.577007184035E-12 -3.551237429122E-11
AR GRAD 2024 06 17 02 54 40.000000 2  -3.149379357564E-13 -3.376006071920E-11
AR GRAD 2024 06 17 02 54 50.000000 2  -6.918909347363E-14 -1.002774772940E-11
AR GRAD 2024 06 17 02 55  0.000000 2   7.006664671204E-13 -3.287543848263E-11
AR GRAD 2024 06 17 02 55 10.000000 2   2.881941213451E-12 -2.096312533284E-11
AR GRAD 2024 06 17 02 55 20.000000 2   2.121996290705E-13 -1.215081247424E-11
AR GRAD 2024 06 17 02 55 30.000000 2   1.489290461787E-12  2.911496347832E-12
AR GRAD 2024 06 17 02 55 40.000000 2   3.105076688392E-13 -2.926191840918E-12
AR GRAD 2024 06 17 02 55 50.000000 2   4.112147688334E-12 -2.665388049161E-11
AR GRAD 2024 06 17 02 56  0.000000 2  -9.023831486731E-13  5.858430927874E-12
AR GRAD 2024 06 17 02 56 10.000000 2   4.833730204296E-12 -1.249260352283E-12
AR GRAD 2024 06 17 02 56 20.000000 2   3.562799577930E-12 -4.766950723045E-12
AR GRAD 2024 06 17 02 56 30.000000 2   5.871211069403E-12 -3.217463795391E-11
AR GRAD 2024 06 17 02 56 40.000000 2   3.334009067088E-12  1.087668908932E-12
AR GRAD 2024 06 17 02 56 50.000000 2   4.666622990812E-12 -3.809001725141E-11
AR GRAD 2024 06 17 02 57  0.000000 2   2.247694868771E-12 -8.577709723068E-12
AR GRAD 2024 06 17 02 57 10.000000 2   4.440772402581E-12 -2.610540256187E-11
AR GRAD 2024 06 17 02 57 20.000000 2   2.210884470291E-12 -3.184309066429E-11
AR GRAD 2024 06 17 02 57 30.000000 2   7.733076332062E-12 -1.111078590244E-11
AR GRAD 2024 06 17 02 57 40.000000 2   5.519282513661E-12 -1.413847771498E-11
AR GRAD 2024 06 17 02 57 50.000000 2   3.908655083623E-12 -2.327616918651E-11
AR GRAD 2024 06 17 02 58  0.000000 2   4.317031541273E-12  1.120614018246E-11
AR GRAD 2024 06 17 02 58 10.000000 2   9.612797537140E-12  1.158844634835E-11
AR GRAD 2024 06 17 02 58 20.000000 2   6.504893412113E-12 -1.073924629780E-11
AR GRAD 2024 06 17 02 58 30.000000 2   4.668156486365E-12 -1.243694036646E-11
AR GRAD 2024 06 17 02 58 40.000000 2   4.419859877397E-12  6.945367458239E-12
AR GRAD 2024 06 17 02 58 50.000000 2   7.715308426859E-12 -1.705232482996E-11
AR GRAD 2024 06 17 02 59  0.000000 2   9.992828613192E-12  7.499808066247E-13
AR GRAD 2024 06 17 02 59 10.000000 2   5.468452080049E-12 -2.425771389314E-11
AR GRAD 2024 06 17 02 59 20.000000 2   1.050071488096E-11 -1.603540737694E-11
AR GRAD 2024 06 17 02 59 30.000000 2   6.883889291931E-12 -1.479310077213E-11
AR GRAD 2024 06 17 02 59 40.000000 2   7.897556740522E-12 -8.400797418817E-12
AR GRAD 2024 06 17 02 59 50.000000 2   4.387260520156E-12 -4.298490383081E-12
AR GRAD 2024 06 17 03 00  0.000000 2   1.024878185790E-11 -1.115618448316E-11
AR GRAD 2024 06 17 03 00 10.000000 2   7.991050529621E-12  5.696118056397E-12
AR GRAD 2024 06 17 03 00 20.000000 2   1.246538375993E-11 -2.201157658921E-11
AR GRAD 2024 06 17 03 00 30.000000 2   7.997325024434E-12 -3.042927021468E-11
AR GRAD 2024 06 17 03 00 40.000000 2   1.316395950579E-11 -1.223696838304E-11
AR GRAD 2024 06 17 03 00 50.000000 2   5.666246118141E-12  2.365335358134E-12
AR GRAD 2024 06 17 03 01  0.000000 2   9.939296781447E-12 -1.792236151155E-11
AR GRAD 2024 06 17 03 01 10.000000 2   1.345960235627E-11  1.098994072829E-11
AR GRAD 2024 06 17 03 01 20.000000 2   1.119715778430E-11 -8.657755935781E-12
AR GRAD 2024 06 17 03 01 30.000000 2   1.092752364290E-11 -5.995451531071E-12
AR GRAD 2024 06 17 03 01 40.000000 2   1.230397554675E-11 -1.307314933391E-11
AR GRAD 2024 06 17 03 01 50.000000 2   1.553162286283E-11 -9.280846924309E-12
AR GRAD 2024 06 17 03 02  0.000000 2   1.249116435287E-11 -7.048546208505E-12
AR GRAD 2024 06 17 03 02 10.000000 2   9.176545807954E-12 -5.624477663127E-14
AR GRAD 2024 06 17 03 02 20.000000 2   1.297458755017E-11 -1.683942915665E-12
AR GRAD 2024 06 17 03 02 30.000000 2   1.308341542744E-11 -1.621639779924E-12
AR GRAD 2024 06 17 03 02 40.000000 2   6.979859832473E-12 -6.629340305875E-12
AR GRAD 2024 06 17 03 02 50.000000 2   1.302566995237E-11 -1.152703800467E-11
AR GRAD 2024 06 17 03 03  0.000000 2   1.179829844933E-11  3.735261665944E-12
AR GRAD 2024 06 17 03 03 10.000000 2   1.669663886317E-11  2.197563311879E-12
AR GRAD 2024 06 17 03 03 20.000000 2   1.337347593777E-11  5.789863380401E-12
AR GRAD 2024 06 17 03 03 30.000000 2   1.408232037925E-11 -3.783761227515E-14
AR GRAD 2024 06 17 03 03 40.000000 2   1.282946318626E-11 -8.535536860643E-12
AR GRAD 2024 06 17 03 03 50.000000 2   1.369578409016E-11  1.416676324861E-11
AR GRAD 2024 06 17 03 04  0.000000 2   9.791958910377E-12 -3.300939599785E-12
AR GRAD 2024 06 17 03 04 10.000000 2   1.354191585257E-11 -2.568639962189E-12
AR GRAD 2024 06 17 03 04 20.000000 2   1.321186215986E-11  4.723658096617E-12
AR GRAD 2024 06 17 03 04 30.000000 2   1.451625018106E-11  5.957878132089E-15
AR GRAD 2024 06 17 03 04 40.000000 2   1.458312810787E-11 -1.745738504181E-15
AR GRAD 2024 06 17 03 04 50.000000 2   1.310035326746E-11  1.023055078153E-11
