 2.00 C RINEX VERSION / TYPE
 10.00 INTERVAL
 1 AR # / TYPES OF DATA
 END OF HEADER
AR GRAD 2024 06 07 01 05  0.000000 2  -2.099274053202E-11 -4.190562133410E-11
AR GRAD 2024 06 07 01 05 10.000000 2  -1.878091779317E-11 -1.654850041721E-11
AR GRAD 2024 06 07 01 05 20.000000 2  -2.048815457567E-11 -2.932137518896E-11
AR GRAD 2024 06 07 01 05 30.000000 2  -2.062713715112E-11 -9.585254465150E-12
AR GRAD 2024 06 07 01 05 40.000000 2  -2.240314531110E-11 -2.021213231507E-11
AR GRAD 2024 06 07 01 05 50.000000 2  -1.995653642339E-11 -4.231100886321E-11
AR GRAD 2024 06 07 01 06  0.000000 2  -2.143384081332E-11 -5.139891984252E-12
AR GRAD 2024 06 07 01 06 10.000000 2  -1.734147547783E-11 -2.265376948529E-11
AR GRAD 2024 06 07 01 06 20.000000 2  -2.050136796439E-11 -1.593965064106E-11
AR GRAD 2024 06 07 01 06 30.000000 2  -2.171968681297E-11 -2.198952998855E-11
AR GRAD 2024 06 07 01 06 40.000000 2  -2.282547414967E-11 -1.822411145602E-12
AR GRAD 2024 06 07 01 06 50.000000 2  -1.977148306187E-11 -2.470829096879E-11
AR GRAD 2024 06 07 01 07  0.000000 2  -1.572980287690E-11 -2.015217333284E-11
AR GRAD 2024 06 07 01 07 10.000000 2  -2.123588457859E-11 -2.441505504713E-11
AR GRAD 2024 06 07 01 07 20.000000 2  -1.936074044140E-11 -1.144693628080E-11
AR GRAD 2024 06 07 01 07 30.000000 2  -1.511534647447E-11 -3.207281662476E-11
AR GRAD 2024 06 07 01 07 40.000000 2  -1.920843865910E-11 -5.362702035910E-12
AR GRAD 2024 06 07 01 07 50.000000 2  -1.767493616744E-11 -2.308058605349E-11
AR GRAD 2024 06 07 01 08  0.000000 2  -1.678751235246E-11 -1.893346937565E-11
AR GRAD 2024 06 07 01 08 10.000000 2  -1.474176856975E-11 -4.682135235079E-11
AR GRAD 2024 06 07 01 08 20.000000 2  -1.877287908458E-11  5.621761303004E-12
AR GRAD 2024 06 07 01 08 30.000000 2  -1.580665633105E-11 -6.459123166880E-12
AR GRAD 2024 06 07 01 08 40.000000 2  -1.497716534127E-11 -2.097300978721E-11
AR GRAD 2024 06 07 01 08 50.000000 2  -1.679318489822E-11 -6.777893784421E-12
AR GRAD 2024 06 07 01 09  0.000000 2  -1.604726768134E-11 -2.990077976883E-11
AR GRAD 2024 06 07 01 09 10.000000 2  -1.609147363968E-11 -5.926667576844E-12
AR GRAD 2024 06 07 01 09 20.000000 2  -1.590431952803E-11 -1.213755398272E-11
AR GRAD 2024 06 07 01 09 30.000000 2  -1.709034996855E-11 -1.525644194311E-11
AR GRAD 2024 06 07 01 09 40.000000 2  -1.848596276055E-11 -2.033301505682E-13
AR GRAD 2024 06 07 01 09 50.000000 2  -1.624714078552E-11 -8.902218372187E-12
AR GRAD 2024 06 07 01 10  0.000000 2  -1.688026107782E-11 -1.034810691997E-11
AR GRAD 2024 06 07 01 10 10.000000 2  -1.569138742552E-11 -1.668499713392E-11
AR GRAD 2024 06 07 01 10 20.000000 2  -1.561149473583E-11 -2.363885779830E-12
AR GRAD 2024 06 07 01 10 30.000000 2  -1.328669639589E-11 -8.606774147546E-12
AR GRAD 2024 06 07 01 10 40.000000 2  -1.731319428100E-11  2.566334514689E-12
AR GRAD 2024 06 07 01 10 50.000000 2  -1.634638605030E-11 -7.663555554038E-12
AR GRAD 2024 06 07 01 11  0.000000 2  -1.526913664951E-11 -1.529144692813E-11
AR GRAD 2024 06 07 01 11 10.000000 2  -1.380755492580E-11  1.070465938113E-11
AR GRAD 2024 06 07 01 11 20.000000 2  -1.661209711457E-11 -2.897231716689E-12
AR GRAD 2024 06 07 01 11 30.000000 2  -1.487334734540E-11 -3.731123049411E-12
AR GRAD 2024 06 07 01 11 40.000000 2  -1.504108816663E-11 -1.076101621006E-11
AR GRAD 2024 06 07 01 11 50.000000 2  -1.319676746353E-11 -6.993908924224E-12
AR GRAD 2024 06 07 01 12  0.000000 2  -1.324086500165E-11 -6.263803278145E-12
AR GRAD 2024 06 07 01 12 10.000000 2  -1.337693757847E-11  6.784304021346E-12
AR GRAD 2024 06 07 01 12 20.000000 2  -1.235052858595E-11 -4.930590657981E-12
AR GRAD 2024 06 07 01 12 30.000000 2  -1.051628055471E-11 -9.142485379865E-12
AR GRAD 2024 06 07 01 12 40.000000 2  -1.369289577557E-11 -1.173438082813E-11
AR GRAD 2024 06 07 01 12 50.000000 2  -1.507408260715E-11 -5.772762367955E-13
AR GRAD 2024 06 07 01 13  0.000000 2  -1.284893719200E-11 -4.834171691420E-12
AR GRAD 2024 06 07 01 13 10.000000 2  -1.239984850909E-11 -9.280689281313E-13
AR GRAD 2024 06 07 01 13 20.000000 2  -1.233086202590E-11 -6.662965752052E-12
AR GRAD 2024 06 07 01 13 30.000000 2  -1.043329138362E-11 -7.733862161796E-12
AR GRAD 2024 06 07 01 13 40.000000 2  -1.029974629890E-11 -5.038759774006E-12
AR GRAD 2024 06 07 01 13 50.000000 2  -1.524216516890E-11  5.415341786108E-12
AR GRAD 2024 06 07 01 14  0.000000 2  -1.472867661167E-11 -2.973556947547E-12
AR GRAD 2024 06 07 01 14 10.000000 2  -1.027123264913E-11 -1.808456271020E-12
AR GRAD 2024 06 07 01 14 20.000000 2  -1.153636648016E-11  9.883645117614E-12
AR GRAD 2024 06 07 01 14 30.000000 2  -9.112048789117E-12 -6.385254738145E-12
AR GRAD 2024 06 07 01 14 40.000000 2  -1.357196646734E-11  1.538684284152E-11
AR GRAD 2024 06 07 01 14 50.000000 2  -9.881494927866E-12 -4.205053839856E-12
AR GRAD 2024 06 07 01 15  0.000000 2  -1.065957391799E-11  1.099104574714E-11
AR GRAD 2024 06 07 01 15 10.000000 2  -1.102249454904E-11  6.774143312266E-12
AR GRAD 2024 06 07 01 15 20.000000 2  -1.145173452594E-11  1.682224151645E-11
AR GRAD 2024 06 07 01 15 30.000000 2  -1.204852450448E-11 -6.230660952455E-12
AR GRAD 2024 06 07 01 15 40.000000 2  -1.151545005185E-11  1.106435472756E-12
AR GRAD 2024 06 07 01 15 50.000000 2  -8.009682327115E-12 -5.466467122711E-12
AR GRAD 2024 06 07 01 16  0.000000 2  -8.674626988947E-12  1.670963194200E-11
AR GRAD 2024 06 07 01 16 10.000000 2  -7.677225175029E-12 -7.732741855691E-13
AR GRAD 2024 06 07 01 16 20.000000 2  -8.199303215550E-12  7.369821766745E-12
AR GRAD 2024 06 07 01 16 30.000000 2  -1.261793881185E-11  9.802918893298E-12
AR GRAD 2024 06 07 01 16 40.000000 2  -1.074776725951E-11  1.022601361228E-11
AR GRAD 2024 06 07 01 16 50.000000 2  -3.106790215715E-12  1.792107586461E-12
AR GRAD 2024 06 07 01 17  0.000000 2  -9.644078070858E-12  1.247420396144E-11
AR GRAD 2024 06 07 01 17 10.000000 2  -6.997087804994E-12  7.596295988066E-12
AR GRAD 2024 06 07 01 17 20.000000 2  -6.292895458199E-12  1.778439027988E-11
AR GRAD 2024 06 07 01 17 30.000000 2  -6.593022568863E-12 -1.012518953229E-12
AR GRAD 2024 06 07 01 17 40.000000 2  -4.262212978390E-12  1.847357510021E-11
AR GRAD 2024 06 07 01 17 50.000000 2  -3.886547767645E-12  5.641667254891E-12
AR GRAD 2024 06 07 01 18  0.000000 2  -6.742053963726E-12  1.228758306042E-12
AR GRAD 2024 06 07 01 18 10.000000 2  -5.857940434811E-12  2.463884825332E-11
AR GRAD 2024 06 07 01 18 20.000000 2  -4.444049728908E-12  8.948941414288E-12
AR GRAD 2024 06 07 01 18 30.000000 2  -6.274502618864E-12  1.375803464210E-11
AR GRAD 2024 06 07 01 18 40.000000 2  -2.730193892145E-12 -2.748783459964E-13
AR GRAD 2024 06 07 01 18 50.000000 2  -2.239173256535E-12  6.578211066144E-12
AR GRAD 2024 06 07 01 19  0.000000 2  -3.818499769853E-12  1.482729911073E-11
AR GRAD 2024 06 07 01 19 10.000000 2  -4.717388805975E-12  3.357339059540E-11
AR GRAD 2024 06 07 01 19 20.000000 2  -3.157904927137E-12  7.983478461648E-12
AR GRAD 2024 06 07 01 19 30.000000 2  -7.404352304896E-12  2.037656848808E-11
AR GRAD 2024 06 07 01 19 40.000000 2  -8.213793143905E-13 -8.379345828313E-12
AR GRAD 2024 06 07 01 19 50.000000 2   1.491297536849E-12  1.952741787714E-12
AR GRAD 2024 06 07 01 20  0.000000 2  -3.306838960646E-12  2.511782795644E-11
AR GRAD 2024 06 07 01 20 10.000000 2  -1.707235264617E-12  1.634091646718E-11
AR GRAD 2024 06 07 01 20 20.000000 2  -4.631036006064E-12  1.607900097789E-11
AR GRAD 2024 06 07 01 20 30.000000 2  -3.641383256123E-13  1.912908546842E-11
AR GRAD 2024 06 07 01 20 40.000000 2   1.843502130464E-12  7.303172823436E-12
AR GRAD 2024 06 07 01 20 50.000000 2  -1.398456979558E-12  1.652525512263E-11
AR GRAD 2024 06 07 01 21  0.000000 2  -5.917620451816E-13 -1.199765807536E-11
AR GRAD 2024 06 07 01 21 10.000000 2  -1.621691930048E-12  3.437142584439E-11
AR GRAD 2024 06 07 01 21 20.000000 2   2.899505180225E-13 -4.974490437626E-12
AR GRAD 2024 06 07 01 21 30.000000 2   3.043281501369E-13  7.345592883956E-12
AR GRAD 2024 06 07 01 21 40.000000 2  -2.647921724280E-14  2.523467719506E-11
AR GRAD 2024 06 07 01 21 50.000000 2  -3.470292629648E-13  1.167575931771E-11
AR GRAD 2024 06 07 01 22  0.000000 2   3.354123836313E-12  1.497383814164E-11
AR GRAD 2024 06 07 01 22 10.000000 2  -7.660747578832E-13  1.526492127146E-11
AR GRAD 2024 06 07 01 22 20.000000 2   1.272519090968E-12 -1.497099666459E-11
AR GRAD 2024 06 07 01 22 30.000000 2   8.770151488716E-13  3.807208368012E-11
AR GRAD 2024 06 07 01 22 40.000000 2   1.499816330158E-12  3.924516614462E-11
AR GRAD 2024 06 07 01 22 50.000000 2   5.106515037212E-12 -6.670755961502E-12
AR GRAD 2024 06 07 01 23  0.000000 2   3.602215964751E-12 -3.401675642556E-12
AR GRAD 2024 06 07 01 23 10.000000 2   3.356181218356E-12  2.608939973781E-11
AR GRAD 2024 06 07 01 23 20.000000 2   3.530652332995E-12  1.008848213302E-11
AR GRAD 2024 06 07 01 23 30.000000 2   2.622104573399E-12  2.824655960521E-11
AR GRAD 2024 06 07 01 23 40.000000 2   5.361704136231E-12  2.092963823086E-11
AR GRAD 2024 06 07 01 23 50.000000 2   4.094714151082E-12  8.494716215168E-12
AR GRAD 2024 06 07 01 24  0.000000 2   3.868815424274E-12  1.629779297629E-11
AR GRAD 2024 06 07 01 24 10.000000 2   6.786228263361E-12  1.573287160272E-11
AR GRAD 2024 06 07 01 24 20.000000 2   2.217936988583E-12  7.361946122164E-12
AR GRAD 2024 06 07 01 24 30.000000 2   7.678503666231E-12  2.158102169192E-11
AR GRAD 2024 06 07 01 24 40.000000 2   4.293708184139E-12  3.281309945979E-11
AR GRAD 2024 06 07 01 24 50.000000 2   4.008158822205E-12  1.951317232796E-11
AR GRAD 2024 06 07 01 25  0.000000 2   9.796239340554E-12  1.677924639509E-11
AR GRAD 2024 06 07 01 25 10.000000 2   4.078805002083E-12  1.031232391147E-11
AR GRAD 2024 06 07 01 25 20.000000 2   7.904659565794E-12  3.709939647156E-11
AR GRAD 2024 06 07 01 25 30.000000 2   9.527688533961E-12  2.047946708050E-11
AR GRAD 2024 06 07 01 25 40.000000 2   5.897911065783E-12  2.454654361717E-11
AR GRAD 2024 06 07 01 25 50.000000 2   2.738638092345E-12  3.264661804780E-11
AR GRAD 2024 06 07 01 26  0.000000 2   8.097669236540E-12  3.660686337392E-12
AR GRAD 2024 06 07 01 26 10.000000 2   9.129553883713E-12  4.043576237733E-11
AR GRAD 2024 06 07 01 26 20.000000 2   9.103309252245E-12  1.156982929601E-11
AR GRAD 2024 06 07 01 26 30.000000 2   6.822515209032E-12  1.211090169123E-11
AR GRAD 2024 06 07 01 26 40.000000 2   6.659775161899E-12  1.210897354609E-11
AR GRAD 2024 06 07 01 26 50.000000 2   9.469246567417E-12  2.180703881360E-11
AR GRAD 2024 06 07 01 27  0.000000 2   8.626817142587E-12  2.840211052457E-11
AR GRAD 2024 06 07 01 27 10.000000 2   9.539155056137E-12  1.979218351711E-11
AR GRAD 2024 06 07 01 27 20.000000 2   1.008811870845E-11  2.095124941592E-11
AR GRAD 2024 06 07 01 27 30.000000 2   8.703562176526E-12  2.987532096710E-11
AR GRAD 2024 06 07 01 27 40.000000 2   1.132841650348E-11  3.340738796709E-11
AR GRAD 2024 06 07 01 27 50.000000 2   9.814804351194E-12  2.049245495517E-11
AR GRAD 2024 06 07 01 28  0.000000 2   9.679931335660E-12  1.123952406840E-11
AR GRAD 2024 06 07 01 28 10.000000 2   1.311887404265E-11  4.110259008150E-11
AR GRAD 2024 06 07 01 28 20.000000 2   8.210799228026E-12  3.014865787576E-11
AR GRAD 2024 06 07 01 28 30.000000 2   1.082102116245E-11  1.940672449130E-11
AR GRAD 2024 06 07 01 28 40.000000 2   1.098679567463E-11  2.854478979575E-11
AR GRAD 2024 06 07 01 28 50.000000 2   7.786761686834E-12  2.758585547491E-11
AR GRAD 2024 06 07 01 29  0.000000 2   1.170773287346E-11  2.588491747335E-11
AR GRAD 2024 06 07 01 29 10.000000 2   1.020270933710E-11  4.862898625446E-11
AR GRAD 2024 06 07 01 29 20.000000 2   1.385898947687E-11  3.311004942441E-11
AR GRAD 2024 06 07 01 29 30.000000 2   1.413540725442E-11 -4.035889244330E-12
AR GRAD 2024 06 07 01 29 40.000000 2   1.482808320574E-11  2.686417407971E-11
AR GRAD 2024 06 07 01 29 50.000000 2   1.144413730447E-11  3.822923921870E-11
AR GRAD 2024 06 07 01 30  0.000000 2   1.153381470193E-11  2.537229801258E-11
AR GRAD 2024 06 07 01 30 10.000000 2   1.280453260782E-11  5.093036756221E-11
AR GRAD 2024 06 07 01 30 20.000000 2   1.361183214754E-11  2.867742154855E-11
AR GRAD 2024 06 07 01 30 30.000000 2   1.427951593774E-11 -8.672514963115E-12
AR GRAD 2024 06 07 01 30 40.000000 2   1.557309316225E-11  1.212154508712E-11
AR GRAD 2024 06 07 01 30 50.000000 2   1.624328796468E-11  3.308461143936E-11
AR GRAD 2024 06 07 01 31  0.000000 2   1.091078356136E-11  3.970666850872E-11
AR GRAD 2024 06 07 01 31 10.000000 2   1.583315076270E-11  1.659572305968E-11
AR GRAD 2024 06 07 01 31 20.000000 2   1.567098013855E-11  2.381678708419E-11
AR GRAD 2024 06 07 01 31 30.000000 2   1.526992074452E-11  2.269484426776E-11
AR GRAD 2024 06 07 01 31 40.000000 2   1.529827826918E-11  2.623190553663E-11
AR GRAD 2024 06 07 01 31 50.000000 2   1.238368435574E-11  2.716095924560E-11
AR GRAD 2024 06 07 01 32  0.000000 2   1.612230661474E-11  3.453501720707E-11
AR GRAD 2024 06 07 01 32 10.000000 2   1.727879471447E-11  3.236607856727E-11
AR GRAD 2024 06 07 01 32 20.000000 2   1.767795805574E-11  1.637813322464E-11
AR GRAD 2024 06 07 01 32 30.000000 2   1.774363989071E-11  3.983819177322E-11
AR GRAD 2024 06 07 01 32 40.000000 2   1.623568120224E-11  1.035924471204E-11
AR GRAD 2024 06 07 01 32 50.000000 2   1.677850913762E-11  2.053730102647E-11
AR GRAD 2024 06 07 01 33  0.000000 2   1.905587319884E-11  2.070235302631E-11
AR GRAD 2024 06 07 01 33 10.000000 2   1.815987811515E-11  2.425741031653E-11
AR GRAD 2024 06 07 01 33 20.000000 2   2.003690269259E-11  3.486146787912E-11
AR GRAD 2024 06 07 01 33 30.000000 2   2.023514515670E-11  3.284551797211E-11
AR GRAD 2024 06 07 01 33 40.000000 2   2.054137068774E-11  3.650557633961E-11
AR GRAD 2024 06 07 01 33 50.000000 2   1.755242826085E-11  3.301162815328E-11
AR GRAD 2024 06 07 01 34  0.000000 2   2.055043808735E-11  3.512667934302E-11
AR GRAD 2024 06 07 01 34 10.000000 2   2.107666992324E-11  4.271273265632E-11
AR GRAD 2024 06 07 01 34 20.000000 2   1.646002084632E-11  1.959378319316E-11
AR GRAD 2024 06 07 01 34 30.000000 2   2.171861648859E-11  2.678683663770E-11
AR GRAD 2024 06 07 01 34 40.000000 2   1.808224403543E-11  4.089488817027E-11
AR GRAD 2024 06 07 01 34 50.000000 2   1.712024619294E-11  1.918493489073E-11
AR GRAD 2024 06 07 01 35  0.000000 2   1.965939910864E-11  3.756098557184E-11
AR GRAD 2024 06 07 01 35 10.000000 2   2.177122891689E-11  3.626803718459E-11
AR GRAD 2024 06 07 01 35 20.000000 2   2.155646668112E-11  3.254808922382E-11
AR GRAD 2024 06 07 01 35 30.000000 2   2.193773808445E-11  1.762813506279E-11
AR GRAD 2024 06 07 01 35 40.000000 2   2.011110722400E-11  4.660218738683E-11
AR GRAD 2024 06 07 01 35 50.000000 2   2.497698055326E-11  3.607123280625E-11
AR GRAD 2024 06 07 01 36  0.000000 2   2.208278872262E-11  1.897227687453E-11
AR GRAD 2024 06 07 01 36 10.000000 2   2.243630108090E-11  1.521932579962E-11
AR GRAD 2024 06 07 01 36 20.000000 2   2.253114014805E-11  4.285837656992E-11
AR GRAD 2024 06 07 01 36 30.000000 2   2.350399389006E-11  3.910742563118E-11
AR GRAD 2024 06 07 01 36 40.000000 2   2.451540533077E-11  3.211646920631E-11
AR GRAD 2024 06 07 01 36 50.000000 2   2.304668261788E-11  3.024251682415E-11
AR GRAD 2024 06 07 01 37  0.000000 2   2.031838586269E-11  3.600856071651E-11
AR GRAD 2024 06 07 01 37 10.000000 2   2.843410402964E-11  2.640460246284E-11
AR GRAD 2024 06 07 01 37 20.000000 2   2.359918337136E-11  3.645865206958E-11
AR GRAD 2024 06 07 01 37 30.000000 2   2.329638565390E-11  3.764769399006E-11
AR GRAD 2024 06 07 01 37 40.000000 2   2.071878432708E-11  3.329873876634E-11
AR GRAD 2024 06 07 01 37 50.000000 2   2.384294844893E-11  3.222778294232E-11
AR GRAD 2024 06 07 01 38  0.000000 2   2.626715511767E-11  2.619482408761E-11
AR GRAD 2024 06 07 01 38 10.000000 2   2.565982495928E-11  3.573887019659E-11
AR GRAD 2024 06 07 01 38 20.000000 2   2.331374503173E-11  2.859490595697E-11
AR GRAD 2024 06 07 01 38 30.000000 2   2.615653700577E-11  2.973995008593E-11
AR GRAD 2024 06 07 01 38 40.000000 2   2.604692156405E-11  2.272298842143E-11
AR GRAD 2024 06 07 01 38 50.000000 2   2.831375585377E-11  4.313303186843E-11
AR GRAD 2024 06 07 01 39  0.000000 2   2.515273406223E-11  3.509407695002E-11
AR GRAD 2024 06 07 01 39 10.000000 2   2.737114354612E-11  3.277011301206E-11
AR GRAD 2024 06 07 01 39 20.000000 2   2.590870920582E-11  3.818215535412E-11
AR GRAD 2024 06 07 01 39 30.000000 2   2.484207457798E-11  3.288819563907E-11
AR GRAD 2024 06 07 01 39 40.000000 2   2.354653798331E-11  2.509822905061E-11
AR GRAD 2024 06 07 01 39 50.000000 2   2.296167769811E-11  3.791427241606E-11
AR GRAD 2024 06 07 01 40  0.000000 2   2.652821538829E-11  3.987730978761E-11
AR GRAD 2024 06 07 01 40 10.000000 2   2.764884848849E-11  4.276334841791E-11
AR GRAD 2024 06 07 01 40 20.000000 2   2.155237099899E-11  2.726138412235E-11
AR GRAD 2024 06 07 01 40 30.000000 2   2.934851667247E-11  4.573441972355E-11
AR GRAD 2024 06 07 01 40 40.000000 2   2.602652642014E-11  3.812345578114E-11
AR GRAD 2024 06 07 01 40 50.000000 2   2.974505017295E-11  3.895749348115E-11
AR GRAD 2024 06 07 01 41  0.000000 2   2.521851304171E-11  3.668652881483E-11
AR GRAD 2024 06 07 01 41 10.000000 2   2.613432734111E-11  1.564556297018E-11
AR GRAD 2024 06 07 01 41 20.000000 2   2.713512053942E-11  2.929259959594E-11
AR GRAD 2024 06 07 01 41 30.000000 2   2.692913600444E-11  4.169463385661E-11
AR GRAD 2024 06 07 01 41 40.000000 2   2.599015273830E-11  4.148066612419E-11
AR GRAD 2024 06 07 01 41 50.000000 2   2.515680198878E-11  3.368470433140E-11
AR GRAD 2024 06 07 01 42  0.000000 2   2.624890062253E-11  2.486873554308E-11
AR GRAD 2024 06 07 01 42 10.000000 2   2.621572924022E-11  4.295176714297E-11
AR GRAD 2024 06 07 01 42 20.000000 2   2.772640624038E-11  3.846179971734E-11
AR GRAD 2024 06 07 01 42 30.000000 2   2.870546508826E-11  2.825283410002E-11
AR GRAD 2024 06 07 01 42 40.000000 2   2.591634719329E-11  3.471186532655E-11
AR GRAD 2024 06 07 01 42 50.000000 2   2.922194430877E-11  3.719289459747E-11
AR GRAD 2024 06 07 01 43  0.000000 2   2.448099709063E-11  3.499992309863E-11
AR GRAD 2024 06 07 01 43 10.000000 2   2.919870248363E-11  4.472295103697E-11
AR GRAD 2024 06 07 01 43 20.000000 2   2.542826019192E-11  3.237498810704E-11
AR GRAD 2024 06 07 01 43 30.000000 2   2.891978323483E-11  3.330001899227E-11
AR GRAD 2024 06 07 01 43 40.000000 2   2.298553361535E-11  2.423304439059E-11
AR GRAD 2024 06 07 01 43 50.000000 2   2.712225929957E-11  2.998707532287E-11
AR GRAD 2024 06 07 01 44  0.000000 2   2.380958451231E-11  3.064710291101E-11
AR GRAD 2024 06 07 01 44 10.000000 2   2.591404001107E-11  2.986312933051E-11
AR GRAD 2024 06 07 01 44 20.000000 2   2.383881113344E-11  3.484216040683E-11
AR GRAD 2024 06 07 01 44 30.000000 2   2.607364497920E-11  4.221718460928E-11
AR GRAD 2024 06 07 01 44 40.000000 2   2.606618913770E-11  2.285721091566E-11
AR GRAD 2024 06 07 01 44 50.000000 2   2.472557748823E-11  2.900023797492E-11
AR GRAD 2024 06 07 01 45  0.000000 2   2.461277015531E-11  3.217226485219E-11
AR GRAD 2024 06 07 01 45 10.000000 2   2.341632096559E-11  4.277829132593E-11
AR GRAD 2024 06 07 01 45 20.000000 2   2.933396581195E-11  2.992531569768E-11
AR GRAD 2024 06 07 01 45 30.000000 2   2.595292904195E-11  1.591833782844E-11
AR GRAD 2024 06 07 01 45 40.000000 2   2.827981078479E-11  3.740836460042E-11
AR GRAD 2024 06 07 01 45 50.000000 2   2.346164755529E-11  2.963038842063E-11
AR GRAD 2024 06 07 01 46  0.000000 2   2.644224769699E-11  4.326541555577E-11
AR GRAD 2024 06 07 01 46 10.000000 2   2.464561714433E-11  5.988432406207E-12
AR GRAD 2024 06 07 01 46 20.000000 2   2.328423912012E-11  2.490245509801E-11
AR GRAD 2024 06 07 01 46 30.000000 2   3.124233163843E-11  1.679447900194E-11
AR GRAD 2024 06 07 01 46 40.000000 2   2.462664794312E-11  2.004450251614E-11
AR GRAD 2024 06 07 01 46 50.000000 2   2.892396391840E-11  2.108452128169E-11
AR GRAD 2024 06 07 01 47  0.000000 2   2.514564424738E-11  3.130654416261E-11
AR GRAD 2024 06 07 01 47 10.000000 2   2.473853587259E-11  2.519556438485E-11
AR GRAD 2024 06 07 01 47 20.000000 2   2.460774813084E-11  5.679258105462E-11
AR GRAD 2024 06 07 01 47 30.000000 2   2.775962446022E-11  2.609660057495E-11
AR GRAD 2024 06 07 01 47 40.000000 2   2.361244012816E-11  3.673162468631E-11
AR GRAD 2024 06 07 01 47 50.000000 2   2.518828548514E-11  2.414364194681E-11
AR GRAD 2024 06 07 01 48  0.000000 2   2.646552074714E-11  4.153266272566E-11
AR GRAD 2024 06 07 01 48 10.000000 2   2.738335252994E-11  2.955667655069E-11
AR GRAD 2024 06 07 01 48 20.000000 2   2.426356511542E-11  4.030069680749E-11
AR GRAD 2024 06 07 01 48 30.000000 2   2.647140839862E-11  3.774271520318E-11
AR GRAD 2024 06 07 01 48 40.000000 2   2.338454603568E-11  3.420673466703E-11
AR GRAD 2024 06 07 01 48 50.000000 2   2.858003243789E-11  4.442774967361E-11
AR GRAD 2024 06 07 01 49  0.000000 2   2.319450881361E-11  4.175176177013E-11
AR GRAD 2024 06 07 01 49 10.000000 2   2.371530229139E-11  1.933478030458E-11
AR GRAD 2024 06 07 01 49 20.000000 2   2.510319729865E-11  5.805279867932E-11
AR GRAD 2024 06 07 01 49 30.000000 2   2.650325792164E-11  1.513980954493E-11
AR GRAD 2024 06 07 01 49 40.000000 2   2.814731607514E-11  4.470582931626E-11
AR GRAD 2024 06 07 01 49 50.000000 2   2.520759122271E-11  1.338783597871E-11
AR GRAD 2024 06 07 01 50  0.000000 2   2.502555454531E-11  6.670184543589E-11
AR GRAD 2024 06 07 01 50 10.000000 2   2.514469882309E-11  3.547586530095E-11
AR GRAD 2024 06 07 01 50 20.000000 2   2.434199543322E-11  2.830387660357E-11
AR GRAD 2024 06 07 01 50 30.000000 2   2.552160392744E-11  3.081289390305E-11
AR GRAD 2024 06 07 01 50 40.000000 2   2.527887101034E-11  3.284590655017E-11
AR GRAD 2024 06 07 01 50 50.000000 2   2.767862328223E-11  2.816491311008E-11
AR GRAD 2024 06 07 01 51  0.000000 2   2.320535777423E-11  5.169393038629E-11
AR GRAD 2024 06 07 01 51 10.000000 2   2.917656741208E-11  3.220793770575E-11
AR GRAD 2024 06 07 01 51 20.000000 2   2.319237163428E-11  4.067094924731E-11
AR GRAD 2024 06 07 01 51 30.000000 2   2.030559748123E-11  3.257495662101E-11
AR GRAD 2024 06 07 01 51 40.000000 2   1.944042496427E-11  1.628296629475E-11
AR GRAD 2024 06 07 01 51 50.000000 2   2.879854167637E-11  5.215797585501E-11
AR GRAD 2024 06 07 01 52  0.000000 2   1.816835397406E-11  3.566798592591E-11
AR GRAD 2024 06 07 01 52 10.000000 2   2.086268137413E-11  5.096399344207E-11
AR GRAD 2024 06 07 01 52 20.000000 2   2.606431390162E-11  2.741200322287E-11
AR GRAD 2024 06 07 01 52 30.000000 2   2.390112760486E-11  1.626000896426E-11
AR GRAD 2024 06 07 01 52 40.000000 2   2.005949573114E-11  4.516401141963E-11
AR GRAD 2024 06 07 01 52 50.000000 2   2.273040262957E-11  1.963602544452E-11
AR GRAD 2024 06 07 01 53  0.000000 2   1.603508298365E-11  3.941503373683E-11
AR GRAD 2024 06 07 01 53 10.000000 2   2.470401661014E-11  2.614503578913E-11
AR GRAD 2024 06 07 01 53 20.000000 2   2.007056500164E-11  4.510904497157E-11
AR GRAD 2024 06 07 01 53 30.000000 2   1.635342729289E-11  1.313204840009E-11
AR GRAD 2024 06 07 01 53 40.000000 2   2.007231533763E-11  4.608204789980E-11
AR GRAD 2024 06 07 01 53 50.000000 2   1.886300837750E-11  4.768905409458E-11
AR GRAD 2024 06 07 01 54  0.000000 2   1.957358407301E-11  2.585805874977E-11
AR GRAD 2024 06 07 01 54 10.000000 2   1.978013759729E-11  2.569606333269E-11
AR GRAD 2024 06 07 01 54 20.000000 2   1.850548707327E-11  4.477606480036E-11
AR GRAD 2024 06 07 01 54 30.000000 2   2.163269910427E-11  2.497406795254E-11
AR GRAD 2024 06 07 01 54 40.000000 2   1.698018115004E-11  3.589707003870E-11
AR GRAD 2024 06 07 01 54 50.000000 2   2.096467444090E-11  3.995607317231E-11
AR GRAD 2024 06 07 01 55  0.000000 2   1.975435266754E-11  1.575207325688E-11
AR GRAD 2024 06 07 01 55 10.000000 2   1.579734086599E-11  3.032607845399E-11
AR GRAD 2024 06 07 01 55 20.000000 2   1.910628773250E-11  3.070207976741E-11
AR GRAD 2024 06 07 01 55 30.000000 2   1.730721815862E-11  3.331507639204E-11
AR GRAD 2024 06 07 01 55 40.000000 2   1.997339967030E-11  3.866007861064E-11
AR GRAD 2024 06 07 01 55 50.000000 2   2.083499171801E-11  3.566107825703E-11
AR GRAD 2024 06 07 01 56  0.000000 2   1.705061612733E-11  2.987007516331E-11
AR GRAD 2024 06 07 01 56 10.000000 2   1.740762048397E-11  4.274407564009E-11
AR GRAD 2024 06 07 01 56 20.000000 2   2.072581169188E-11  3.537807546916E-11
AR GRAD 2024 06 07 01 56 30.000000 2   1.405253430981E-11  3.726707137330E-11
AR GRAD 2024 06 07 01 56 40.000000 2   1.813415216601E-11  2.542906683833E-11
AR GRAD 2024 06 07 01 56 50.000000 2   1.637567512147E-11  3.116306518391E-11
AR GRAD 2024 06 07 01 57  0.000000 2   2.104703911154E-11  3.230806247534E-11
AR GRAD 2024 06 07 01 57 10.000000 2   1.803850645243E-11  3.136705825635E-11
AR GRAD 2024 06 07 01 57 20.000000 2   1.172821648826E-11  3.671105433534E-11
AR GRAD 2024 06 07 01 57 30.000000 2   1.793932884186E-11  1.965604935761E-11
AR GRAD 2024 06 07 01 57 40.000000 2   1.956262062064E-11  2.668604399958E-11
AR GRAD 2024 06 07 01 57 50.000000 2   1.551526615517E-11  3.038403903477E-11
AR GRAD 2024 06 07 01 58  0.000000 2   1.563542871563E-11  3.195903264253E-11
AR GRAD 2024 06 07 01 58 10.000000 2   1.209426569310E-11  1.583002826044E-11
AR GRAD 2024 06 07 01 58 20.000000 2   1.779478647768E-11  1.646502031938E-11
AR GRAD 2024 06 07 01 58 30.000000 2   1.420623167714E-11  1.502701435507E-11
AR GRAD 2024 06 07 01 58 40.000000 2   1.418329429598E-11  3.498600714691E-11
AR GRAD 2024 06 07 01 58 50.000000 2   1.546199800140E-11  2.690699919816E-11
AR GRAD 2024 06 07 01 59  0.000000 2   1.509966804369E-11  3.451699343016E-11
AR GRAD 2024 06 07 01 59 10.000000 2   1.359447797389E-11  2.388597999947E-11
AR GRAD 2024 06 07 01 59 20.000000 2   1.228092974537E-11  3.380497617944E-11
AR GRAD 2024 06 07 01 59 30.000000 2   1.191504707398E-11  2.592096329246E-11
AR GRAD 2024 06 07 01 59 40.000000 2   1.458254871023E-11  2.789795304492E-11
AR GRAD 2024 06 07 01 59 50.000000 2   1.435438486824E-11  3.026794440086E-11
AR GRAD 2024 06 07 02 00  0.000000 2   1.196652672786E-11  1.728393296541E-11
AR GRAD 2024 06 07 02 00 10.000000 2   1.076498265529E-11  3.465691969518E-11
AR GRAD 2024 06 07 02 00 20.000000 2   8.913537442867E-12  2.459990891546E-11
AR GRAD 2024 06 07 02 00 30.000000 2   7.187929071395E-12  2.366689830224E-11
AR GRAD 2024 06 07 02 00 40.000000 2   8.175617301209E-12  2.589988466750E-11
AR GRAD 2024 06 07 02 00 50.000000 2   9.427810095108E-12  3.256687627906E-11
AR GRAD 2024 06 07 02 01  0.000000 2   1.226303086854E-11  2.907086203707E-11
AR GRAD 2024 06 07 02 01 10.000000 2   7.814174654563E-12  1.724884644838E-11
AR GRAD 2024 06 07 02 01 20.000000 2   5.497189942832E-12  4.080083146341E-11
AR GRAD 2024 06 07 02 01 30.000000 2   7.900757305335E-12  1.380181819527E-11
AR GRAD 2024 06 07 02 01 40.000000 2   1.111402116172E-11  2.873780553803E-11
AR GRAD 2024 06 07 02 01 50.000000 2   1.727583028889E-12  1.857078553436E-11
AR GRAD 2024 06 07 02 02  0.000000 2   3.636370284749E-12  2.684377373163E-11
AR GRAD 2024 06 07 02 02 10.000000 2   7.228523769137E-12  3.655276081815E-11
AR GRAD 2024 06 07 02 02 20.000000 2   8.863176685636E-12  1.937974260235E-11
AR GRAD 2024 06 07 02 02 30.000000 2   5.666004991578E-12  2.056472353518E-11
AR GRAD 2024 06 07 02 02 40.000000 2   7.693480401361E-12  2.034470682200E-11
AR GRAD 2024 06 07 02 02 50.000000 2   8.830465005050E-12  3.066068926527E-11
AR GRAD 2024 06 07 02 03  0.000000 2   4.229763241048E-12  1.273567102472E-11
AR GRAD 2024 06 07 02 03 10.000000 2   5.556091177417E-12  3.192565309340E-11
AR GRAD 2024 06 07 02 03 20.000000 2   7.787959513395E-12  1.259163606715E-11
AR GRAD 2024 06 07 02 03 30.000000 2   4.727772860702E-12  2.407361809897E-11
AR GRAD 2024 06 07 02 03 40.000000 2   4.195462120077E-12  1.784859239573E-11
AR GRAD 2024 06 07 02 03 50.000000 2   7.145794806568E-12  3.237957818536E-11
AR GRAD 2024 06 07 02 04  0.000000 2   4.811282015155E-12  1.842155421261E-11
AR GRAD 2024 06 07 02 04 10.000000 2   1.327161037318E-12  1.146853445544E-11
AR GRAD 2024 06 07 02 04 20.000000 2   7.573660448790E-12  2.217851249875E-11
AR GRAD 2024 06 07 02 04 30.000000 2   4.450216670865E-12  2.370149042308E-11
AR GRAD 2024 06 07 02 04 40.000000 2   5.314310189825E-12  1.691246795388E-11
AR GRAD 2024 06 07 02 04 50.000000 2   6.800822058284E-12  9.743447368371E-12
AR GRAD 2024 06 07 02 05  0.000000 2   3.424091956153E-12  2.500142454176E-11
AR GRAD 2024 06 07 02 05 10.000000 2   2.923134824473E-12  4.154008680004E-13
AR GRAD 2024 06 07 02 05 20.000000 2   1.984452532855E-12  8.206377417885E-12
AR GRAD 2024 06 07 02 05 30.000000 2   2.710469110441E-13  1.478335336091E-11
AR GRAD 2024 06 07 02 05 40.000000 2   1.911171524857E-12  1.075327327182E-12
AR GRAD 2024 06 07 02 05 50.000000 2   2.042129269506E-12 -6.476697650415E-12
AR GRAD 2024 06 07 02 06  0.000000 2   4.106516775931E-12  1.465227938979E-11
AR GRAD 2024 06 07 02 06 10.000000 2   5.829308823840E-12  1.185425195505E-11
AR GRAD 2024 06 07 02 06 20.000000 2   2.118545356505E-12  1.969222528098E-11
AR GRAD 2024 06 07 02 06 30.000000 2   1.152616522192E-12  1.141920238923E-11
AR GRAD 2024 06 07 02 06 40.000000 2   3.302682780038E-12  6.411720655276E-13
AR GRAD 2024 06 07 02 06 50.000000 2   4.655825421376E-13  1.868814825112E-11
AR GRAD 2024 06 07 02 07  0.000000 2   2.330346419305E-12  2.571911607296E-11
AR GRAD 2024 06 07 02 07 10.000000 2   1.346361038065E-13  2.372090588190E-12
AR GRAD 2024 06 07 02 07 20.000000 2   3.876498080868E-12  2.062005947934E-11
AR GRAD 2024 06 07 02 07 30.000000 2   1.605227994798E-13  1.277603196848E-11
AR GRAD 2024 06 07 02 07 40.000000 2  -1.856329760047E-12  3.696004006321E-12
AR GRAD 2024 06 07 02 07 50.000000 2   1.754284868413E-12 -6.326026941866E-12
AR GRAD 2024 06 07 02 08  0.000000 2  -9.943564390933E-14  2.926394543357E-11
AR GRAD 2024 06 07 02 08 10.000000 2  -2.333615939376E-12  1.244691329172E-11
AR GRAD 2024 06 07 02 08 20.000000 2  -5.306237762549E-13  1.401881106859E-12
AR GRAD 2024 06 07 02 08 30.000000 2  -7.748041032547E-13 -4.423150647831E-12
AR GRAD 2024 06 07 02 08 40.000000 2  -1.674369410481E-12  1.796781647079E-11
AR GRAD 2024 06 07 02 08 50.000000 2  -4.526969944740E-12  9.774786015326E-12
AR GRAD 2024 06 07 02 09  0.000000 2  -2.374531344121E-12  3.319753109562E-12
AR GRAD 2024 06 07 02 09 10.000000 2  -3.650605859273E-12  3.764720306332E-12
AR GRAD 2024 06 07 02 09 20.000000 2  -3.774692797914E-12 -1.734131241382E-11
AR GRAD 2024 06 07 02 09 30.000000 2  -5.857327210063E-12  1.138465276912E-11
AR GRAD 2024 06 07 02 09 40.000000 2  -5.221786544829E-12 -1.946338056003E-11
AR GRAD 2024 06 07 02 09 50.000000 2  -7.297534104778E-12  3.836583394728E-12
AR GRAD 2024 06 07 02 10  0.000000 2  -8.512663664251E-12 -1.275145093682E-11
AR GRAD 2024 06 07 02 10 10.000000 2  -3.994320933037E-12  1.260151444998E-11
AR GRAD 2024 06 07 02 10 20.000000 2  -7.406292593104E-12 -6.134522143736E-12
AR GRAD 2024 06 07 02 10 30.000000 2  -9.934402259160E-12  8.342442188447E-12
AR GRAD 2024 06 07 02 10 40.000000 2  -9.079717880334E-12  1.220540422203E-11
AR GRAD 2024 06 07 02 10 50.000000 2  -8.112971232321E-12  4.279367225163E-12
AR GRAD 2024 06 07 02 11  0.000000 2  -6.788063600799E-12  8.394331237060E-12
AR GRAD 2024 06 07 02 11 10.000000 2  -1.007173597994E-11 -5.083708627673E-12
AR GRAD 2024 06 07 02 11 20.000000 2  -7.064751127855E-12 -1.143574557966E-11
AR GRAD 2024 06 07 02 11 30.000000 2  -7.520675922301E-12  4.072143284465E-13
AR GRAD 2024 06 07 02 11 40.000000 2  -1.095645102422E-11 -3.107382406942E-11
AR GRAD 2024 06 07 02 11 50.000000 2  -8.943172591369E-12 -1.234686311524E-11
AR GRAD 2024 06 07 02 12  0.000000 2  -1.133411333537E-11 -1.633990338867E-11
AR GRAD 2024 06 07 02 12 10.000000 2  -1.121319963965E-11  4.208056646193E-12
AR GRAD 2024 06 07 02 12 20.000000 2  -1.056207638711E-11  4.572015942922E-12
AR GRAD 2024 06 07 02 12 30.000000 2  -1.184877630039E-11 -1.526302521870E-11
AR GRAD 2024 06 07 02 12 40.000000 2  -1.013340366479E-11 -9.670660539723E-13
AR GRAD 2024 06 07 02 12 50.000000 2  -1.123716050766E-11 -1.320110860903E-11
AR GRAD 2024 06 07 02 13  0.000000 2  -1.137836092707E-11 -4.267150435083E-12
AR GRAD 2024 06 07 02 13 10.000000 2  -1.067940874622E-11 -8.778193449910E-12
AR GRAD 2024 06 07 02 13 20.000000 2  -9.829049033017E-12 -3.685237445067E-12
AR GRAD 2024 06 07 02 13 30.000000 2  -1.014364980900E-11 -6.204281446237E-12
AR GRAD 2024 06 07 02 13 40.000000 2  -1.148340884188E-11 -1.600132526480E-11
AR GRAD 2024 06 07 02 13 50.000000 2  -1.252004489666E-11 -7.441368701788E-12
AR GRAD 2024 06 07 02 14  0.000000 2  -7.830230387695E-12 -1.793041409792E-11
AR GRAD 2024 06 07 02 14 10.000000 2  -1.065556410468E-11 -8.045459264083E-12
AR GRAD 2024 06 07 02 14 20.000000 2  -1.294976539196E-11 -4.546505099484E-12
AR GRAD 2024 06 07 02 14 30.000000 2  -1.097278778256E-11 -4.801551083816E-12
AR GRAD 2024 06 07 02 14 40.000000 2  -1.411994306200E-11 -1.189859669126E-11
AR GRAD 2024 06 07 02 14 50.000000 2  -8.287116652628E-12 -1.524264395258E-11
AR GRAD 2024 06 07 02 15  0.000000 2  -1.440261798713E-11 -1.052169115723E-11
AR GRAD 2024 06 07 02 15 10.000000 2  -1.058462258813E-11 -9.128738563680E-12
AR GRAD 2024 06 07 02 15 20.000000 2  -1.204384682263E-11 -1.351678664829E-11
AR GRAD 2024 06 07 02 15 30.000000 2  -1.503040053530E-11 -1.572983583664E-11
AR GRAD 2024 06 07 02 15 40.000000 2  -1.043824488650E-11 -1.489988514514E-11
AR GRAD 2024 06 07 02 15 50.000000 2  -1.187063988772E-11 -2.484393420155E-11
AR GRAD 2024 06 07 02 16  0.000000 2  -1.203974767106E-11 -1.686498336817E-11
AR GRAD 2024 06 07 02 16 10.000000 2  -1.270643919943E-11 -1.212503274867E-11
AR GRAD 2024 06 07 02 16 20.000000 2  -1.208000453140E-11 -1.200208335495E-11
AR GRAD 2024 06 07 02 16 30.000000 2  -1.433440779269E-11 -2.752113467674E-11
AR GRAD 2024 06 07 02 16 40.000000 2  -1.429206059056E-11  8.466814922781E-12
AR GRAD 2024 06 07 02 16 50.000000 2  -1.329934253003E-11 -8.889238303778E-12
AR GRAD 2024 06 07 02 17  0.000000 2  -1.219968744082E-11 -1.975229008133E-11
AR GRAD 2024 06 07 02 17 10.000000 2  -1.403673791783E-11 -7.853342108566E-12
AR GRAD 2024 06 07 02 17 20.000000 2  -1.081382119267E-11 -2.919139235891E-11
AR GRAD 2024 06 07 02 17 30.000000 2  -1.537920485406E-11 -2.064444969141E-11
AR GRAD 2024 06 07 02 17 40.000000 2  -1.360412650586E-11 -8.494502844181E-12
AR GRAD 2024 06 07 02 17 50.000000 2  -1.566005311537E-11 -2.124255805980E-11
AR GRAD 2024 06 07 02 18  0.000000 2  -1.542412378375E-11 -1.504061111768E-11
AR GRAD 2024 06 07 02 18 10.000000 2  -1.383318980197E-11 -2.556665382875E-12
AR GRAD 2024 06 07 02 18 20.000000 2  -1.456471401817E-11 -3.253672331560E-11
AR GRAD 2024 06 07 02 18 30.000000 2  -1.357847948663E-11 -1.684777664601E-11
AR GRAD 2024 06 07 02 18 40.000000 2  -1.443678163127E-11 -3.021083383459E-11
AR GRAD 2024 06 07 02 18 50.000000 2  -1.370672499112E-11 -2.331788928611E-11
AR GRAD 2024 06 07 02 19  0.000000 2  -1.329033497838E-11 -2.873094817613E-11
AR GRAD 2024 06 07 02 19 10.000000 2  -1.557975450039E-11 -4.140006046316E-12
AR GRAD 2024 06 07 02 19 20.000000 2  -1.592420813268E-11 -1.906906403615E-11
AR GRAD 2024 06 07 02 19 30.000000 2  -1.736616579706E-11 -2.717612072878E-11
AR GRAD 2024 06 07 02 19 40.000000 2  -1.876360178343E-11 -2.859317990711E-11
AR GRAD 2024 06 07 02 19 50.000000 2  -1.440973815964E-11 -2.271523941166E-11
AR GRAD 2024 06 07 02 20  0.000000 2  -1.832470807039E-11 -3.555529481947E-11
AR GRAD 2024 06 07 02 20 10.000000 2  -1.689915048175E-11 -2.052935772767E-11
AR GRAD 2024 06 07 02 20 20.000000 2  -1.770799132328E-11 -3.318741462199E-11
AR GRAD 2024 06 07 02 20 30.000000 2  -1.639276388243E-11 -1.818847850110E-11
AR GRAD 2024 06 07 02 20 40.000000 2  -1.807303612322E-11 -2.213554166353E-11
AR GRAD 2024 06 07 02 20 50.000000 2  -1.966270028742E-11 -3.136559761918E-11
AR GRAD 2024 06 07 02 21  0.000000 2  -1.675558303216E-11 -2.259966346008E-11
AR GRAD 2024 06 07 02 21 10.000000 2  -1.674790514605E-11 -1.765872517656E-11
AR GRAD 2024 06 07 02 21 20.000000 2  -1.653978343175E-11 -2.732278812922E-11
AR GRAD 2024 06 07 02 21 30.000000 2  -1.539220834124E-11 -3.108785104344E-11
AR GRAD 2024 06 07 02 21 40.000000 2  -1.606165721257E-11 -3.235491388698E-11
AR GRAD 2024 06 07 02 21 50.000000 2  -1.597700791112E-11 -1.663297971577E-11
AR GRAD 2024 06 07 02 22  0.000000 2  -1.658348458555E-11 -1.981404276763E-11
AR GRAD 2024 06 07 02 22 10.000000 2  -1.696007743968E-11 -1.583610846623E-11
AR GRAD 2024 06 07 02 22 20.000000 2  -1.636184070175E-11 -4.369217140865E-11
AR GRAD 2024 06 07 02 22 30.000000 2  -1.587345185849E-11 -3.318923608164E-11
AR GRAD 2024 06 07 02 22 40.000000 2  -1.686350017960E-11 -2.564230425217E-11
AR GRAD 2024 06 07 02 22 50.000000 2  -1.751859247945E-11 -3.140936816193E-11
AR GRAD 2024 06 07 02 23  0.000000 2  -1.720768319502E-11 -2.537343772591E-11
AR GRAD 2024 06 07 02 23 10.000000 2  -1.744675931503E-11 -2.384850476822E-11
AR GRAD 2024 06 07 02 23 20.000000 2  -1.318723168858E-11 -2.363557093099E-11
AR GRAD 2024 06 07 02 23 30.000000 2  -1.899741475242E-11 -3.004263851580E-11
AR GRAD 2024 06 07 02 23 40.000000 2  -1.548298642073E-11 -2.923970787716E-11
AR GRAD 2024 06 07 02 23 50.000000 2  -1.820619696669E-11 -2.784577776693E-11
AR GRAD 2024 06 07 02 24  0.000000 2  -1.515577940925E-11 -3.631584616359E-11
AR GRAD 2024 06 07 02 24 10.000000 2  -1.427081543215E-11 -3.299891609965E-11
AR GRAD 2024 06 07 02 24 20.000000 2  -1.526135641472E-11 -3.798198561222E-11
AR GRAD 2024 06 07 02 24 30.000000 2  -2.062761420007E-11 -2.751605540641E-11
AR GRAD 2024 06 07 02 24 40.000000 2  -1.954002758209E-11 -2.446812891188E-11
AR GRAD 2024 06 07 02 24 50.000000 2  -2.084960502857E-11 -2.831119887137E-11
AR GRAD 2024 06 07 02 25  0.000000 2  -1.486971483444E-11 -2.985226996155E-11
AR GRAD 2024 06 07 02 25 10.000000 2  -2.000511735434E-11 -2.950334074270E-11
AR GRAD 2024 06 07 02 25 20.000000 2  -1.585974754303E-11 -2.835741537421E-11
AR GRAD 2024 06 07 02 25 30.000000 2  -1.891864442882E-11 -5.185548518361E-11
AR GRAD 2024 06 07 02 25 40.000000 2  -1.722535135362E-11 -3.763256026246E-11
AR GRAD 2024 06 07 02 25 50.000000 2  -1.695490622899E-11 -4.903863079497E-11
AR GRAD 2024 06 07 02 26  0.000000 2  -1.490267804993E-11 -4.575670745077E-11
AR GRAD 2024 06 07 02 26 10.000000 2  -1.878960875779E-11 -2.161178354332E-11
AR GRAD 2024 06 07 02 26 20.000000 2  -1.700964542828E-11 -4.209285697776E-11
AR GRAD 2024 06 07 02 26 30.000000 2  -1.786349713984E-11 -3.716393165432E-11
AR GRAD 2024 06 07 02 26 40.000000 2  -1.789175578526E-11 -5.584500917255E-11
AR GRAD 2024 06 07 02 26 50.000000 2  -2.000103381528E-11 -3.040308282909E-11
AR GRAD 2024 06 07 02 27  0.000000 2  -1.769288535125E-11 -2.541116275734E-11
AR GRAD 2024 06 07 02 27 10.000000 2  -1.939359263459E-11 -3.322823613483E-11
AR GRAD 2024 06 07 02 27 20.000000 2  -1.724298481776E-11 -4.134031311720E-11
AR GRAD 2024 06 07 02 27 30.000000 2  -1.787614674342E-11 -2.581739509677E-11
AR GRAD 2024 06 07 02 27 40.000000 2  -1.858867053339E-11 -3.334347034589E-11
AR GRAD 2024 06 07 02 27 50.000000 2  -1.982499581166E-11 -2.878155179464E-11
AR GRAD 2024 06 07 02 28  0.000000 2  -1.636095425805E-11 -3.528462591551E-11
AR GRAD 2024 06 07 02 28 10.000000 2  -1.806843390184E-11 -3.155070649186E-11
AR GRAD 2024 06 07 02 28 20.000000 2  -1.466158444652E-11 -4.331778685751E-11
AR GRAD 2024 06 07 02 28 30.000000 2  -2.148108774191E-11 -4.655786867147E-11
AR GRAD 2024 06 07 02 28 40.000000 2  -1.790066879448E-11 -4.508594886321E-11
AR GRAD 2024 06 07 02 28 50.000000 2  -1.672115050588E-11 -3.274703078149E-11
AR GRAD 2024 06 07 02 29  0.000000 2  -1.837213367550E-11 -3.086811015129E-11
AR GRAD 2024 06 07 02 29 10.000000 2  -1.922124438780E-11 -3.280419338947E-11
AR GRAD 2024 06 07 02 29 20.000000 2  -1.233992942551E-11 -3.460727537874E-11
AR GRAD 2024 06 07 02 29 30.000000 2  -1.713914947465E-11 -3.966535780386E-11
AR GRAD 2024 06 07 02 29 40.000000 2  -1.719083035645E-11 -4.462644143111E-11
AR GRAD 2024 06 07 02 29 50.000000 2  -1.716311814892E-11 -2.126652673407E-11
AR GRAD 2024 06 07 02 30  0.000000 2  -2.016377169400E-11 -3.194360748138E-11
AR GRAD 2024 06 07 02 30 10.000000 2  -1.691231529821E-11 -4.826369165434E-11
AR GRAD 2024 06 07 02 30 20.000000 2  -1.766609948606E-11 -2.041577844281E-11
AR GRAD 2024 06 07 02 30 30.000000 2  -1.946143593501E-11 -5.216686110865E-11
AR GRAD 2024 06 07 02 30 40.000000 2  -1.618248590685E-11 -4.057894645304E-11
AR GRAD 2024 06 07 02 30 50.000000 2  -1.567571766836E-11 -2.572403401402E-11
AR GRAD 2024 06 07 02 31  0.000000 2  -1.665977772403E-11 -3.320511920979E-11
AR GRAD 2024 06 07 02 31 10.000000 2  -1.727213337632E-11 -2.730120643446E-11
AR GRAD 2024 06 07 02 31 20.000000 2  -1.652880089742E-11 -3.874429249651E-11
AR GRAD 2024 06 07 02 31 30.000000 2  -1.830314892703E-11 -2.334238184687E-11
AR GRAD 2024 06 07 02 31 40.000000 2  -1.707029136100E-11 -4.570346531785E-11
AR GRAD 2024 06 07 02 31 50.000000 2  -1.942767821617E-11 -1.855555813168E-11
AR GRAD 2024 06 07 02 32  0.000000 2  -1.280420908190E-11 -4.359264338394E-11
AR GRAD 2024 06 07 02 32 10.000000 2  -1.874082312947E-11 -1.254173501164E-11
AR GRAD 2024 06 07 02 32 20.000000 2  -1.763189247384E-11 -3.877982310274E-11
AR GRAD 2024 06 07 02 32 30.000000 2  -1.535155856602E-11 -4.144791454497E-11
AR GRAD 2024 06 07 02 32 40.000000 2  -1.657964737722E-11 -3.431600142934E-11
AR GRAD 2024 06 07 02 32 50.000000 2  -1.532224867817E-11 -2.396709566921E-11
AR GRAD 2024 06 07 02 33  0.000000 2  -1.454411677898E-11 -4.375918377653E-11
AR GRAD 2024 06 07 02 33 10.000000 2  -1.227202974657E-11 -3.067327641881E-11
AR GRAD 2024 06 07 02 33 20.000000 2  -1.428963718186E-11 -2.823337223734E-11
AR GRAD 2024 06 07 02 33 30.000000 2  -1.611761245301E-11 -2.988046268748E-11
AR GRAD 2024 06 07 02 33 40.000000 2  -1.405902998186E-11 -3.651455526832E-11
AR GRAD 2024 06 07 02 33 50.000000 2  -1.521607839727E-11 -3.571864679031E-11
AR GRAD 2024 06 07 02 34  0.000000 2  -1.677108278642E-11 -1.545074311549E-11
AR GRAD 2024 06 07 02 34 10.000000 2  -1.558446427463E-11 -2.480583793929E-11
AR GRAD 2024 06 07 02 34 20.000000 2  -1.210824062542E-11 -3.210192875414E-11
AR GRAD 2024 06 07 02 34 30.000000 2  -1.576808475456E-11 -3.836402723278E-11
AR GRAD 2024 06 07 02 34 40.000000 2  -1.456997890392E-11 -4.162012054443E-11
AR GRAD 2024 06 07 02 34 50.000000 2  -1.537346985825E-11 -3.628521441645E-11
AR GRAD 2024 06 07 02 35  0.000000 2  -1.376508195622E-11 -3.871331033523E-11
AR GRAD 2024 06 07 02 35 10.000000 2  -1.568244145655E-11 -5.159840610336E-11
AR GRAD 2024 06 07 02 35 20.000000 2  -1.471136233666E-11 -2.541850757654E-11
AR GRAD 2024 06 07 02 35 30.000000 2  -1.567906741939E-11 -5.208360479014E-11
AR GRAD 2024 06 07 02 35 40.000000 2  -1.376802404723E-11 -3.539870133129E-11
AR GRAD 2024 06 07 02 35 50.000000 2  -1.413068620448E-11 -4.476879977844E-11
AR GRAD 2024 06 07 02 36  0.000000 2  -1.226620367778E-11 -2.597389664460E-11
AR GRAD 2024 06 07 02 36 10.000000 2  -1.382329060245E-11 -3.851599594817E-11
AR GRAD 2024 06 07 02 36 20.000000 2  -1.607455488162E-11 -2.778909567736E-11
AR GRAD 2024 06 07 02 36 30.000000 2  -1.282626782562E-11 -2.716319703888E-11
AR GRAD 2024 06 07 02 36 40.000000 2  -1.453248025390E-11 -3.067929243983E-11
AR GRAD 2024 06 07 02 36 50.000000 2  -1.461014295656E-11 -3.205939680395E-11
AR GRAD 2024 06 07 02 37  0.000000 2  -1.120947865779E-11 -2.047249696158E-11
AR GRAD 2024 06 07 02 37 10.000000 2  -1.202042632098E-11 -1.836959924451E-11
AR GRAD 2024 06 07 02 37 20.000000 2  -1.085232771703E-11 -3.415669830309E-11
AR GRAD 2024 06 07 02 37 30.000000 2  -1.238725962083E-11 -3.693580163944E-11
AR GRAD 2024 06 07 02 37 40.000000 2  -1.268106192970E-11 -2.197790560654E-11
AR GRAD 2024 06 07 02 37 50.000000 2  -1.148234632375E-11 -2.280500788210E-11
AR GRAD 2024 06 07 02 38  0.000000 2  -1.384887170219E-11 -2.831511067281E-11
AR GRAD 2024 06 07 02 38 10.000000 2  -1.455406802020E-11 -1.745214433038E-12
AR GRAD 2024 06 07 02 38 20.000000 2  -1.371318510135E-11 -4.016331711654E-11
AR GRAD 2024 06 07 02 38 30.000000 2  -1.019746873748E-11 -1.659442375179E-11
AR GRAD 2024 06 07 02 38 40.000000 2  -1.347518624462E-11 -4.017652877053E-11
AR GRAD 2024 06 07 02 38 50.000000 2  -1.404422585172E-11 -3.765363021380E-11
AR GRAD 2024 06 07 02 39  0.000000 2  -1.240603193092E-11 -3.112674007433E-11
AR GRAD 2024 06 07 02 39 10.000000 2  -1.251287615189E-11 -3.153384497967E-11
AR GRAD 2024 06 07 02 39 20.000000 2  -1.170715087373E-11 -1.855195337630E-11
AR GRAD 2024 06 07 02 39 30.000000 2  -9.812981156820E-12 -1.694505993854E-11
AR GRAD 2024 06 07 02 39 40.000000 2  -1.347765388876E-11 -2.460716873320E-11
AR GRAD 2024 06 07 02 39 50.000000 2  -1.270394987124E-11 -6.769274810831E-12
AR GRAD 2024 06 07 02 40  0.000000 2  -8.590429582955E-12 -1.476338322426E-11
AR GRAD 2024 06 07 02 40 10.000000 2  -9.190279613713E-12 -2.534049359237E-11
AR GRAD 2024 06 07 02 40 20.000000 2  -9.826662053514E-12 -1.891060225079E-11
AR GRAD 2024 06 07 02 40 30.000000 2  -9.335431733204E-12 -2.869771087433E-11
AR GRAD 2024 06 07 02 40 40.000000 2  -8.347248239837E-12 -9.483819979339E-12
AR GRAD 2024 06 07 02 40 50.000000 2  -5.852226689362E-12 -8.527930098201E-12
AR GRAD 2024 06 07 02 41  0.000000 2  -9.428593322758E-12 -1.972804211658E-11
AR GRAD 2024 06 07 02 41 10.000000 2  -1.070502193834E-11 -1.033815134194E-11
AR GRAD 2024 06 07 02 41 20.000000 2  -8.205655772919E-12 -2.784126401645E-11
AR GRAD 2024 06 07 02 41 30.000000 2  -7.029063095465E-12 -9.396374303638E-12
AR GRAD 2024 06 07 02 41 40.000000 2  -1.006808525439E-11 -8.847486979158E-12
AR GRAD 2024 06 07 02 41 50.000000 2  -9.291777416931E-12 -1.764960053108E-11
AR GRAD 2024 06 07 02 42  0.000000 2  -6.391952071805E-12 -2.715271237019E-11
AR GRAD 2024 06 07 02 42 10.000000 2  -9.414046799050E-12 -1.479827978906E-12
AR GRAD 2024 06 07 02 42 20.000000 2  -5.314600756007E-12 -2.125794158758E-11
AR GRAD 2024 06 07 02 42 30.000000 2  -9.000863422648E-12 -1.666505648756E-11
AR GRAD 2024 06 07 02 42 40.000000 2  -7.872051101254E-12 -1.625216974888E-11
AR GRAD 2024 06 07 02 42 50.000000 2  -8.025549842750E-12 -1.616028491580E-11
AR GRAD 2024 06 07 02 43  0.000000 2  -9.533293425512E-12 -4.194040253980E-11
AR GRAD 2024 06 07 02 43 10.000000 2  -7.684909132666E-12 -2.270251868441E-11
AR GRAD 2024 06 07 02 43 20.000000 2  -1.012883093371E-11 -1.727263297668E-11
AR GRAD 2024 06 07 02 43 30.000000 2  -5.948287869206E-12 -2.769875127873E-11
AR GRAD 2024 06 07 02 43 40.000000 2  -5.496404546779E-12  6.243132746886E-12
AR GRAD 2024 06 07 02 43 50.000000 2  -9.036397498330E-12 -1.924498581329E-11
AR GRAD 2024 06 07 02 44  0.000000 2  -1.010863961981E-11 -2.242710184230E-11
AR GRAD 2024 06 07 02 44 10.000000 2  -5.334400889762E-12 -1.828422135919E-11
AR GRAD 2024 06 07 02 44 20.000000 2  -8.820535447873E-12 -2.022339977772E-12
AR GRAD 2024 06 07 02 44 30.000000 2  -8.946535352827E-12 -3.864590938929E-13
AR GRAD 2024 06 07 02 44 40.000000 2  -5.893122361628E-12  6.495422255615E-12
AR GRAD 2024 06 07 02 44 50.000000 2  -6.699123894505E-12 -6.185698654682E-12
AR GRAD 2024 06 07 02 45  0.000000 2  -6.119280863276E-12 -2.519281831759E-11
AR GRAD 2024 06 07 02 45 10.000000 2  -9.544259479966E-12 -8.922939644107E-12
AR GRAD 2024 06 07 02 45 20.000000 2  -3.424083499376E-12 -2.695906171912E-11
AR GRAD 2024 06 07 02 45 30.000000 2  -7.582104215309E-12 -1.386618337512E-11
AR GRAD 2024 06 07 02 45 40.000000 2  -6.793428666829E-12 -2.630530515635E-11
AR GRAD 2024 06 07 02 45 50.000000 2  -4.398838064634E-12 -2.176642893703E-11
AR GRAD 2024 06 07 02 46  0.000000 2  -2.894956193170E-12 -5.235549840887E-12
AR GRAD 2024 06 07 02 46 10.000000 2  -7.601507964750E-12 -1.325267239699E-11
AR GRAD 2024 06 07 02 46 20.000000 2  -3.844266485004E-12 -2.711179718229E-11
AR GRAD 2024 06 07 02 46 30.000000 2  -6.942003395738E-12 -3.377391769033E-11
AR GRAD 2024 06 07 02 46 40.000000 2  -2.512848653116E-12 -3.094704353890E-11
AR GRAD 2024 06 07 02 46 50.000000 2  -2.644105637564E-12  1.424829655303E-12
AR GRAD 2024 06 07 02 47  0.000000 2  -2.909345507562E-12 -9.523296214120E-12
AR GRAD 2024 06 07 02 47 10.000000 2  -3.593632552992E-12 -1.893642360973E-11
AR GRAD 2024 06 07 02 47 20.000000 2  -5.642769671660E-12 -2.334154744488E-11
AR GRAD 2024 06 07 02 47 30.000000 2  -2.821283137666E-12  5.034325820802E-12
AR GRAD 2024 06 07 02 47 40.000000 2  -5.416795484381E-12 -6.105801628187E-12
AR GRAD 2024 06 07 02 47 50.000000 2  -2.725374179807E-12 -1.293928939688E-12
AR GRAD 2024 06 07 02 48  0.000000 2  -3.630682560152E-12 -2.205805677002E-11
AR GRAD 2024 06 07 02 48 10.000000 2  -4.798711341486E-12 -5.256184376634E-12
AR GRAD 2024 06 07 02 48 20.000000 2  -3.562831670315E-12 -5.036312512863E-12
AR GRAD 2024 06 07 02 48 30.000000 2  -9.105785786848E-14  7.795559336943E-12
AR GRAD 2024 06 07 02 48 40.000000 2  -1.583426857514E-12  2.469428741353E-12
AR GRAD 2024 06 07 02 48 50.000000 2  -2.549316281079E-13 -4.017700235004E-12
AR GRAD 2024 06 07 02 49  0.000000 2  -4.767033556091E-12 -4.376832229980E-12
AR GRAD 2024 06 07 02 49 10.000000 2  -2.993706628082E-12  1.204503857766E-11
AR GRAD 2024 06 07 02 49 20.000000 2  -1.363484791652E-13 -9.819092587626E-12
AR GRAD 2024 06 07 02 49 30.000000 2   2.754268574280E-14  4.089774959665E-12
AR GRAD 2024 06 07 02 49 40.000000 2  -3.191987906631E-12 -1.084335572721E-11
AR GRAD 2024 06 07 02 49 50.000000 2  -1.095900713927E-12  1.201851205362E-11
AR GRAD 2024 06 07 02 50  0.000000 2   4.387010232084E-13 -5.985620853133E-12
AR GRAD 2024 06 07 02 50 10.000000 2  -2.428027830875E-12  7.485246797390E-12
AR GRAD 2024 06 07 02 50 20.000000 2   9.448487998942E-13 -8.267886375535E-12
AR GRAD 2024 06 07 02 50 30.000000 2  -3.460739290626E-12  5.551978581736E-12
AR GRAD 2024 06 07 02 50 40.000000 2   1.624223542121E-12  5.405843741396E-12
AR GRAD 2024 06 07 02 50 50.000000 2   2.208034102780E-13 -2.022908885757E-13
AR GRAD 2024 06 07 02 51  0.000000 2   2.612560124834E-12  2.406957619328E-11
AR GRAD 2024 06 07 02 51 10.000000 2  -6.668027675155E-13  4.803439330320E-12
AR GRAD 2024 06 07 02 51 20.000000 2  -6.456332864169E-13 -8.307697411947E-12
AR GRAD 2024 06 07 02 51 30.000000 2  -5.416692485175E-13  4.169167615309E-12
AR GRAD 2024 06 07 02 51 40.000000 2   4.312570333937E-14  3.366029026688E-12
AR GRAD 2024 06 07 02 51 50.000000 2   3.410944920609E-12  8.579894607286E-12
AR GRAD 2024 06 07 02 52  0.000000 2   2.324246264201E-12 -6.472244181571E-12
AR GRAD 2024 06 07 02 52 10.000000 2   1.476143317823E-12 -9.555381659532E-12
AR GRAD 2024 06 07 02 52 20.000000 2   4.468897907978E-12  2.218447647806E-11
AR GRAD 2024 06 07 02 52 30.000000 2   4.604845151024E-12  6.663341319685E-12
AR GRAD 2024 06 07 02 52 40.000000 2   3.494753531702E-12  3.094202194812E-12
AR GRAD 2024 06 07 02 52 50.000000 2   2.648385417220E-12 -1.091693749289E-11
AR GRAD 2024 06 07 02 53  0.000000 2   2.091594258902E-12  5.288921644392E-12
AR GRAD 2024 06 07 02 53 10.000000 2   3.880258961364E-12 -5.561218152650E-12
AR GRAD 2024 06 07 02 53 20.000000 2   2.784239852560E-12  9.354641193615E-12
AR GRAD 2024 06 07 02 53 30.000000 2   5.887810204663E-12  1.349750259477E-11
AR GRAD 2024 06 07 02 53 40.000000 2   5.406218441667E-12  6.302358808441E-12
AR GRAD 2024 06 07 02 53 50.000000 2   4.860476604529E-12  1.935421267696E-11
AR GRAD 2024 06 07 02 54  0.000000 2   7.788778302875E-12  2.636407238354E-11
AR GRAD 2024 06 07 02 54 10.000000 2   2.769074032571E-12  9.049301564167E-13
AR GRAD 2024 06 07 02 54 20.000000 2   6.982413345430E-12  1.631178699057E-11
AR GRAD 2024 06 07 02 54 30.000000 2   6.790755891634E-12  3.215644330673E-12
AR GRAD 2024 06 07 02 54 40.000000 2   4.348761802053E-12  1.312150128135E-11
AR GRAD 2024 06 07 02 54 50.000000 2   3.909727142731E-12 -5.414643559909E-12
AR GRAD 2024 06 07 02 55  0.000000 2   4.716574786984E-12  5.838210123676E-12
AR GRAD 2024 06 07 02 55 10.000000 2   7.716139359404E-12 -1.183493320706E-11
AR GRAD 2024 06 07 02 55 20.000000 2   4.182985121476E-12  4.509919347695E-12
AR GRAD 2024 06 07 02 55 30.000000 2   6.636568031237E-12  1.712774561936E-12
AR GRAD 2024 06 07 02 55 40.000000 2   4.711726234868E-12  7.695627989024E-12
AR GRAD 2024 06 07 02 55 50.000000 2   8.483553269600E-12  2.339481473129E-12
AR GRAD 2024 06 07 02 56  0.000000 2   2.804769871217E-12  1.877033424524E-11
AR GRAD 2024 06 07 02 56 10.000000 2   7.857844583348E-12  2.820118791269E-11
AR GRAD 2024 06 07 02 56 20.000000 2   7.467373074055E-12  1.258703818258E-11
AR GRAD 2024 06 07 02 56 30.000000 2   9.753945047486E-12  1.210888854464E-11
AR GRAD 2024 06 07 02 56 40.000000 2   6.955889423482E-12  2.384173934666E-11
AR GRAD 2024 06 07 02 56 50.000000 2   8.190320817392E-12  1.497591005199E-12
AR GRAD 2024 06 07 02 57  0.000000 2   7.072589042201E-12  1.271444147882E-11
AR GRAD 2024 06 07 02 57 10.000000 2   8.111135027522E-12  1.211229293946E-11
AR GRAD 2024 06 07 02 57 20.000000 2   5.860681297903E-12  2.986414240902E-11
AR GRAD 2024 06 07 02 57 30.000000 2   1.201337033324E-11  1.360298852726E-11
AR GRAD 2024 06 07 02 57 40.000000 2   9.576409977508E-12  3.428483885681E-11
AR GRAD 2024 06 07 02 57 50.000000 2   8.404747384172E-12  2.871687913505E-12
AR GRAD 2024 06 07 02 58  0.000000 2   6.942891140477E-12  2.735753637517E-11
AR GRAD 2024 06 07 02 58 10.000000 2   1.362468211169E-11  1.885638346855E-11
AR GRAD 2024 06 07 02 58 20.000000 2   1.084636894189E-11  1.054223028318E-11
AR GRAD 2024 06 07 02 58 30.000000 2   8.681260571519E-12  2.091907549961E-11
AR GRAD 2024 06 07 02 58 40.000000 2   7.069612256716E-12  1.919292329233E-11
AR GRAD 2024 06 07 02 58 50.000000 2   1.105333099355E-11  2.255076680946E-11
AR GRAD 2024 06 07 02 59  0.000000 2   1.347775710481E-11 -4.273385898618E-12
AR GRAD 2024 06 07 02 59 10.000000 2   9.731339865870E-12  1.563345806976E-11
AR GRAD 2024 06 07 02 59 20.000000 2   1.264099068476E-11  2.899330081574E-11
AR GRAD 2024 06 07 02 59 30.000000 2   1.058451937208E-11  2.275714859612E-11
AR GRAD 2024 06 07 02 59 40.000000 2   1.161508476205E-11  1.487699026470E-11
AR GRAD 2024 06 07 02 59 50.000000 2   7.506002763780E-12  1.100983280239E-11
AR GRAD 2024 06 07 03 00  0.000000 2   1.337878419161E-11  2.935167733864E-11
AR GRAD 2024 06 07 03 00 10.000000 2   1.117090968339E-11  2.142519668624E-12
AR GRAD 2024 06 07 03 00 20.000000 2   1.463048952821E-11  1.710036105773E-11
AR GRAD 2024 06 07 03 00 30.000000 2   1.087149988088E-11  1.147820467146E-11
AR GRAD 2024 06 07 03 00 40.000000 2   1.595033480295E-11 -7.486954632652E-12
AR GRAD 2024 06 07 03 00 50.000000 2   9.781328524916E-12  2.056088459212E-11
AR GRAD 2024 06 07 03 01  0.000000 2   1.201909231863E-11  4.854972673884E-11
AR GRAD 2024 06 07 03 01 10.000000 2   1.487658086996E-11  1.900956649037E-11
AR GRAD 2024 06 07 03 01 20.000000 2   1.445651411081E-11  4.152140783975E-11
AR GRAD 2024 06 07 03 01 30.000000 2   1.393594441235E-11  2.340824756253E-11
AR GRAD 2024 06 07 03 01 40.000000 2   1.466427847208E-11  1.907708366278E-11
AR GRAD 2024 06 07 03 01 50.000000 2   1.766732940500E-11  2.680092259233E-11
AR GRAD 2024 06 07 03 02  0.000000 2   1.442413896657E-11  1.097476103051E-11
AR GRAD 2024 06 07 03 02 10.000000 2   1.169244909227E-11  1.939759984582E-11
AR GRAD 2024 06 07 03 02 20.000000 2   1.557083281756E-11  1.646443745229E-11
AR GRAD 2024 06 07 03 02 30.000000 2   1.666316737370E-11  2.316227244725E-11
AR GRAD 2024 06 07 03 02 40.000000 2   1.013695464375E-11  2.097109161672E-12
AR GRAD 2024 06 07 03 02 50.000000 2   1.630380552786E-11  1.172194633026E-11
AR GRAD 2024 06 07 03 03  0.000000 2   1.434071264517E-11  6.723780386630E-12
AR GRAD 2024 06 07 03 03 10.000000 2   1.941650312753E-11  3.065261586221E-11
AR GRAD 2024 06 07 03 03 20.000000 2   1.442776280391E-11  2.182745303947E-11
AR GRAD 2024 06 07 03 03 30.000000 2   1.583075857903E-11  2.042928499979E-11
AR GRAD 2024 06 07 03 03 40.000000 2   1.512223506139E-11  1.236011813732E-11
AR GRAD 2024 06 07 03 03 50.000000 2   1.651728059882E-11  2.789495197331E-11
AR GRAD 2024 06 07 03 04  0.000000 2   1.259196046044E-11  3.683278682054E-11
AR GRAD 2024 06 07 03 04 10.000000 2   1.647854595832E-11  4.016462162859E-11
AR GRAD 2024 06 07 03 04 20.000000 2   1.573691697787E-11  3.534245465731E-11
AR GRAD 2024 06 07 03 04 30.000000 2   1.656609051326E-11  1.272628356863E-11
AR GRAD 2024 06 07 03 04 40.000000 2   1.698550154694E-11  3.248811636380E-11
AR GRAD 2024 06 07 03 04 50.000000 2   1.529023435642E-11  2.359994838441E-11
