 2.00 C RINEX VERSION / TYPE
 10.00 INTERVAL
 1 AR # / TYPES OF DATA
 END OF HEADER
AR GRAD 2024 06 11 01 05  0.000000 2   5.428264608642E-12  2.480437903685E-11
AR GRAD 2024 06 11 01 05 10.000000 2   1.067728978149E-11  1.544069733184E-11
AR GRAD 2024 06 11 01 05 20.000000 2   9.168945117044E-12 -5.732987869156E-12
AR GRAD 2024 06 11 01 05 30.000000 2   1.038508862239E-11  2.001332606583E-11
AR GRAD 2024 06 11 01 05 40.000000 2   7.399371913797E-12  5.689641032619E-12
AR GRAD 2024 06 11 01 05 50.000000 2   7.793022303859E-12  7.875953361713E-12
AR GRAD 2024 06 11 01 06  0.000000 2   7.104308460959E-12  4.702264619350E-12
AR GRAD 2024 06 11 01 06 10.000000 2   9.933891383096E-12  2.545857621938E-11
AR GRAD 2024 06 11 01 06 20.000000 2   8.712894988827E-12 -8.451155357123E-13
AR GRAD 2024 06 11 01 06 30.000000 2   8.531540057755E-12 -1.163880450350E-11
AR GRAD 2024 06 11 01 06 40.000000 2   8.579260565855E-12  4.827502547017E-12
AR GRAD 2024 06 11 01 06 50.000000 2   8.924698653712E-12  3.183380989369E-11
AR GRAD 2024 06 11 01 07  0.000000 2   1.278700582918E-11 -2.689886507978E-12
AR GRAD 2024 06 11 01 07 10.000000 2   1.078124655524E-11  9.164189589475E-13
AR GRAD 2024 06 11 01 07 20.000000 2   9.412230543571E-12  1.576272272430E-11
AR GRAD 2024 06 11 01 07 30.000000 2   1.283524762169E-11  2.245902422371E-11
AR GRAD 2024 06 11 01 07 40.000000 2   9.599771498559E-12  4.190532990056E-11
AR GRAD 2024 06 11 01 07 50.000000 2   1.114995162171E-11  3.031627249586E-12
AR GRAD 2024 06 11 01 08  0.000000 2   1.164982173230E-11 -3.112073966582E-12
AR GRAD 2024 06 11 01 08 10.000000 2   1.449766695583E-11  3.214422478193E-11
AR GRAD 2024 06 11 01 08 20.000000 2   9.891713316501E-12  1.355052355045E-11
AR GRAD 2024 06 11 01 08 30.000000 2   1.199476802605E-11  2.194681936185E-11
AR GRAD 2024 06 11 01 08 40.000000 2   1.223094368841E-11  2.216811456623E-11
AR GRAD 2024 06 11 01 08 50.000000 2   1.260604814979E-11  2.238940977062E-11
AR GRAD 2024 06 11 01 09  0.000000 2   9.541806580970E-12  2.788570242773E-11
AR GRAD 2024 06 11 01 09 10.000000 2   1.504366596572E-11  3.101996090549E-12
AR GRAD 2024 06 11 01 09 20.000000 2   1.258074287108E-11  3.277829049853E-11
AR GRAD 2024 06 11 01 09 30.000000 2   1.249612479465E-11  3.067458093087E-11
AR GRAD 2024 06 11 01 09 40.000000 2   1.246058985160E-11  3.662086606182E-11
AR GRAD 2024 06 11 01 09 50.000000 2   1.519423649399E-11 -9.032841315204E-12
AR GRAD 2024 06 11 01 10  0.000000 2   1.290290357198E-11  9.563444654248E-12
AR GRAD 2024 06 11 01 10 10.000000 2   1.552961405304E-11  4.177973245145E-11
AR GRAD 2024 06 11 01 10 20.000000 2   1.840467708791E-11  1.786015888135E-12
AR GRAD 2024 06 11 01 10 30.000000 2   1.319522355964E-11  2.613230118409E-11
AR GRAD 2024 06 11 01 10 40.000000 2   1.309507710601E-11  1.533858456915E-11
AR GRAD 2024 06 11 01 10 50.000000 2   1.432372189608E-11  2.929486861425E-11
AR GRAD 2024 06 11 01 11  0.000000 2   1.560158773006E-11  8.611149120152E-12
AR GRAD 2024 06 11 01 11 10.000000 2   1.631012859493E-11  3.052743127729E-11
AR GRAD 2024 06 11 01 11 20.000000 2   1.389764432008E-11  9.593710374733E-12
AR GRAD 2024 06 11 01 11 30.000000 2   1.488349721246E-11  2.765998714793E-11
AR GRAD 2024 06 11 01 11 40.000000 2   1.598753421317E-11  2.067626451996E-11
AR GRAD 2024 06 11 01 11 50.000000 2   1.622535786283E-11  2.481254264552E-11
AR GRAD 2024 06 11 01 12  0.000000 2   1.623146582419E-11  3.296881517789E-11
AR GRAD 2024 06 11 01 12 10.000000 2   1.661265222608E-11  3.275509377620E-11
AR GRAD 2024 06 11 01 12 20.000000 2   1.872142718629E-11  2.381136607332E-11
AR GRAD 2024 06 11 01 12 30.000000 2   1.786812364735E-11  1.029763774252E-11
AR GRAD 2024 06 11 01 12 40.000000 2   1.538509424026E-11  3.590390831865E-11
AR GRAD 2024 06 11 01 12 50.000000 2   1.424576082099E-11  2.041018049015E-11
AR GRAD 2024 06 11 01 13  0.000000 2   1.817557909733E-11  2.191644955796E-11
AR GRAD 2024 06 11 01 13 10.000000 2   1.704659850776E-11  2.606271622130E-11
AR GRAD 2024 06 11 01 13 20.000000 2   1.741912343534E-11  2.546898629496E-11
AR GRAD 2024 06 11 01 13 30.000000 2   2.028237647278E-11  2.187525334485E-11
AR GRAD 2024 06 11 01 13 40.000000 2   1.837108763725E-11  3.111151961055E-11
AR GRAD 2024 06 11 01 13 50.000000 2   1.695567297677E-11  1.003778397207E-11
AR GRAD 2024 06 11 01 14  0.000000 2   1.389739712199E-11  2.638404598965E-11
AR GRAD 2024 06 11 01 14 10.000000 2   2.022093777143E-11  5.495031166203E-11
AR GRAD 2024 06 11 01 14 20.000000 2   1.635722113313E-11  2.486570194540E-12
AR GRAD 2024 06 11 01 14 30.000000 2   2.248253666570E-11  1.229283081577E-11
AR GRAD 2024 06 11 01 14 40.000000 2   1.660760591549E-11  3.016908944886E-11
AR GRAD 2024 06 11 01 14 50.000000 2   2.245497190967E-11  8.435349641012E-12
AR GRAD 2024 06 11 01 15  0.000000 2   1.641735532243E-11  2.897160636395E-11
AR GRAD 2024 06 11 01 15 10.000000 2   2.030651514995E-11  4.245786361379E-11
AR GRAD 2024 06 11 01 15 20.000000 2   1.741315598658E-11  2.873411751592E-11
AR GRAD 2024 06 11 01 15 30.000000 2   1.903426721794E-11  1.658037249164E-11
AR GRAD 2024 06 11 01 15 40.000000 2   2.092512101093E-11  2.503662728526E-11
AR GRAD 2024 06 11 01 15 50.000000 2   2.064554777137E-11  3.885287924721E-11
AR GRAD 2024 06 11 01 16  0.000000 2   2.251651642915E-11  2.216912937947E-11
AR GRAD 2024 06 11 01 16 10.000000 2   2.207229017614E-11  1.935538188058E-11
AR GRAD 2024 06 11 01 16 20.000000 2   2.049977722296E-11  2.575162999507E-11
AR GRAD 2024 06 11 01 16 30.000000 2   1.976438110396E-11  3.483788257874E-11
AR GRAD 2024 06 11 01 16 40.000000 2   1.898873246142E-11  2.158412684694E-11
AR GRAD 2024 06 11 01 16 50.000000 2   2.445025432118E-11  1.716037208166E-11
AR GRAD 2024 06 11 01 17  0.000000 2   2.222362224802E-11  2.487661812656E-11
AR GRAD 2024 06 11 01 17 10.000000 2   2.280815467048E-11  1.910286165363E-11
AR GRAD 2024 06 11 01 17 20.000000 2   2.416965932950E-11  2.999910736490E-11
AR GRAD 2024 06 11 01 17 30.000000 2   2.327016877801E-11  3.428534886551E-11
AR GRAD 2024 06 11 01 17 40.000000 2   2.474228114058E-11  3.111159246894E-11
AR GRAD 2024 06 11 01 17 50.000000 2   2.414729180500E-11  2.586783218184E-11
AR GRAD 2024 06 11 01 18  0.000000 2   2.277447848364E-11  3.492407057992E-11
AR GRAD 2024 06 11 01 18 10.000000 2   2.351506836473E-11  3.446031307530E-11
AR GRAD 2024 06 11 01 18 20.000000 2   2.489479282441E-11  2.305654625556E-11
AR GRAD 2024 06 11 01 18 30.000000 2   2.291504659635E-11  2.631278354925E-11
AR GRAD 2024 06 11 01 18 40.000000 2   2.606176212339E-11  2.010901861693E-11
AR GRAD 2024 06 11 01 18 50.000000 2   2.653396426189E-11  3.431525549824E-11
AR GRAD 2024 06 11 01 19  0.000000 2   2.350047240141E-11  2.574148706691E-11
AR GRAD 2024 06 11 01 19 10.000000 2   2.390313294520E-11  4.048772081489E-11
AR GRAD 2024 06 11 01 19 20.000000 2   2.670957378881E-11  2.315395097874E-11
AR GRAD 2024 06 11 01 19 30.000000 2   2.392579190325E-11  3.081018426498E-11
AR GRAD 2024 06 11 01 19 40.000000 2   2.774796364902E-11  2.055641074028E-11
AR GRAD 2024 06 11 01 19 50.000000 2   2.773104142151E-11  2.544263758009E-11
AR GRAD 2024 06 11 01 20  0.000000 2   2.446131838751E-11  4.448886745112E-11
AR GRAD 2024 06 11 01 20 10.000000 2   2.833150207493E-11  2.973509286019E-11
AR GRAD 2024 06 11 01 20 20.000000 2   2.558979243783E-11  3.144132176836E-11
AR GRAD 2024 06 11 01 20 30.000000 2   2.743355542734E-11  3.139754428672E-11
AR GRAD 2024 06 11 01 20 40.000000 2   2.816570761344E-11  2.861376760532E-11
AR GRAD 2024 06 11 01 20 50.000000 2   2.823681392872E-11  2.938999044133E-11
AR GRAD 2024 06 11 01 21  0.000000 2   2.762518859500E-11  3.030621240074E-11
AR GRAD 2024 06 11 01 21 10.000000 2   2.637563084606E-11  3.391243189044E-11
AR GRAD 2024 06 11 01 21 20.000000 2   3.053925862195E-11  2.985865374394E-11
AR GRAD 2024 06 11 01 21 30.000000 2   2.791907156852E-11  3.692486941209E-11
AR GRAD 2024 06 11 01 21 40.000000 2   2.858047479237E-11  2.847108659942E-11
AR GRAD 2024 06 11 01 21 50.000000 2   2.588030831308E-11  2.498730215794E-11
AR GRAD 2024 06 11 01 22  0.000000 2   2.863819945076E-11  2.540351956570E-11
AR GRAD 2024 06 11 01 22 10.000000 2   2.679825458762E-11  3.566973452718E-11
AR GRAD 2024 06 11 01 22 20.000000 2   2.771175303118E-11  3.658594954770E-11
AR GRAD 2024 06 11 01 22 30.000000 2   2.814598207279E-11  2.192215853292E-11
AR GRAD 2024 06 11 01 22 40.000000 2   2.986739328081E-11  4.669837433413E-11
AR GRAD 2024 06 11 01 22 50.000000 2   3.063610476417E-11  2.115457982399E-11
AR GRAD 2024 06 11 01 23  0.000000 2   3.130251266525E-11  3.268079210028E-11
AR GRAD 2024 06 11 01 23 10.000000 2   3.029563058754E-11  4.110699974857E-11
AR GRAD 2024 06 11 01 23 20.000000 2   3.068895138014E-11  2.131320467336E-11
AR GRAD 2024 06 11 01 23 30.000000 2   3.027912295894E-11  3.337941381631E-11
AR GRAD 2024 06 11 01 23 40.000000 2   3.090227379543E-11  2.971561885445E-11
AR GRAD 2024 06 11 01 23 50.000000 2   3.225320358013E-11  3.895182093538E-11
AR GRAD 2024 06 11 01 24  0.000000 2   2.977633417611E-11  2.541802532341E-11
AR GRAD 2024 06 11 01 24 10.000000 2   3.360818914833E-11  2.808422765177E-11
AR GRAD 2024 06 11 01 24 20.000000 2   2.742424516644E-11  2.726043002443E-11
AR GRAD 2024 06 11 01 24 30.000000 2   3.115144947552E-11  5.869663088909E-11
AR GRAD 2024 06 11 01 24 40.000000 2   3.148226471184E-11  2.167283019716E-11
AR GRAD 2024 06 11 01 24 50.000000 2   3.044802951435E-11  2.705902689415E-11
AR GRAD 2024 06 11 01 25  0.000000 2   3.385127594902E-11  4.283522495041E-11
AR GRAD 2024 06 11 01 25 10.000000 2   3.117256452967E-11  1.916142244873E-11
AR GRAD 2024 06 11 01 25 20.000000 2   3.215829338932E-11  3.663762002115E-11
AR GRAD 2024 06 11 01 25 30.000000 2   3.516346241961E-11  2.088381204080E-11
AR GRAD 2024 06 11 01 25 40.000000 2   3.080962915347E-11  3.508000487318E-11
AR GRAD 2024 06 11 01 25 50.000000 2   3.027525452559E-11  3.916619806255E-11
AR GRAD 2024 06 11 01 26  0.000000 2   3.139584078826E-11  1.205238946839E-11
AR GRAD 2024 06 11 01 26 10.000000 2   3.265198875169E-11  2.603857927885E-11
AR GRAD 2024 06 11 01 26 20.000000 2   3.514285737416E-11  2.141476752870E-11
AR GRAD 2024 06 11 01 26 30.000000 2   3.106279122811E-11  3.683095842200E-11
AR GRAD 2024 06 11 01 26 40.000000 2   3.322171357456E-11  3.927714750662E-11
AR GRAD 2024 06 11 01 26 50.000000 2   3.312104063236E-11  3.256333397372E-11
AR GRAD 2024 06 11 01 27  0.000000 2   3.265157935695E-11  3.630951789235E-11
AR GRAD 2024 06 11 01 27 10.000000 2   3.543328477851E-11  3.847570179127E-11
AR GRAD 2024 06 11 01 27 20.000000 2   3.454888111709E-11  2.710188497235E-11
AR GRAD 2024 06 11 01 27 30.000000 2   3.200015946669E-11  3.991806885040E-11
AR GRAD 2024 06 11 01 27 40.000000 2   3.464292394617E-11  2.028424650469E-11
AR GRAD 2024 06 11 01 27 50.000000 2   3.392160857763E-11  3.162042849780E-11
AR GRAD 2024 06 11 01 28  0.000000 2   3.220459662834E-11  2.335660657937E-11
AR GRAD 2024 06 11 01 28 10.000000 2   3.785599264616E-11  3.830278802464E-11
AR GRAD 2024 06 11 01 28 20.000000 2   3.188307257096E-11  2.647896311936E-11
AR GRAD 2024 06 11 01 28 30.000000 2   3.434894729759E-11  3.820514390962E-11
AR GRAD 2024 06 11 01 28 40.000000 2   3.671704260078E-11  2.236131418920E-11
AR GRAD 2024 06 11 01 28 50.000000 2   3.203482271119E-11  3.748748880761E-11
AR GRAD 2024 06 11 01 29  0.000000 2   3.545065629940E-11  1.902366285333E-11
AR GRAD 2024 06 11 01 29 10.000000 2   3.337473700182E-11  3.210983562374E-11
AR GRAD 2024 06 11 01 29 20.000000 2   3.798561465373E-11  3.606600781914E-11
AR GRAD 2024 06 11 01 29 30.000000 2   3.287096636551E-11  3.660217615109E-11
AR GRAD 2024 06 11 01 29 40.000000 2   3.939058107472E-11  3.096834941263E-11
AR GRAD 2024 06 11 01 29 50.000000 2   3.334459097726E-11  4.047451609979E-11
AR GRAD 2024 06 11 01 30  0.000000 2   3.573775303467E-11  2.495068214536E-11
AR GRAD 2024 06 11 01 30 10.000000 2   3.195987224869E-11  3.635685155712E-11
AR GRAD 2024 06 11 01 30 20.000000 2   3.442147955557E-11  4.315301588287E-11
AR GRAD 2024 06 11 01 30 30.000000 2   3.616886651292E-11  2.149917743832E-11
AR GRAD 2024 06 11 01 30 40.000000 2   3.796830558289E-11  3.301534393096E-11
AR GRAD 2024 06 11 01 30 50.000000 2   3.449956292867E-11  2.829150455574E-11
AR GRAD 2024 06 11 01 31  0.000000 2   3.435635109739E-11  3.099766623937E-11
AR GRAD 2024 06 11 01 31 10.000000 2   3.574868526202E-11  4.272382794768E-11
AR GRAD 2024 06 11 01 31 20.000000 2   3.425471711838E-11  3.318998895163E-11
AR GRAD 2024 06 11 01 31 30.000000 2   3.728116426682E-11  3.948614699101E-11
AR GRAD 2024 06 11 01 31 40.000000 2   3.508796031504E-11  3.339230281174E-11
AR GRAD 2024 06 11 01 31 50.000000 2   3.533931133837E-11  3.370845616524E-11
AR GRAD 2024 06 11 01 32  0.000000 2   3.517919289209E-11  3.750461399776E-11
AR GRAD 2024 06 11 01 32 10.000000 2   3.650728677695E-11  2.249076792860E-11
AR GRAD 2024 06 11 01 32 20.000000 2   3.352031499593E-11  4.413691981342E-11
AR GRAD 2024 06 11 01 32 30.000000 2   3.933172537662E-11  4.106307308072E-11
AR GRAD 2024 06 11 01 32 40.000000 2   3.527550820892E-11  2.513922403580E-11
AR GRAD 2024 06 11 01 32 50.000000 2   3.726389335990E-11  3.948537330434E-11
AR GRAD 2024 06 11 01 33  0.000000 2   4.044449150586E-11  2.349152296299E-11
AR GRAD 2024 06 11 01 33 10.000000 2   3.551384533673E-11  3.594767539195E-11
AR GRAD 2024 06 11 01 33 20.000000 2   3.792919103796E-11  4.394382080442E-11
AR GRAD 2024 06 11 01 33 30.000000 2   3.833448142254E-11  2.326996408064E-11
AR GRAD 2024 06 11 01 33 40.000000 2   3.795724845546E-11  3.503611289979E-11
AR GRAD 2024 06 11 01 33 50.000000 2   3.233490211696E-11  4.085225560613E-11
AR GRAD 2024 06 11 01 34  0.000000 2   4.071496612079E-11  5.025839813766E-11
AR GRAD 2024 06 11 01 34 10.000000 2   3.993788633139E-11  2.592453855754E-11
AR GRAD 2024 06 11 01 34 20.000000 2   3.686228405853E-11  2.178068315983E-11
AR GRAD 2024 06 11 01 34 30.000000 2   3.408832591201E-11  2.981682262204E-11
AR GRAD 2024 06 11 01 34 40.000000 2   3.839606063649E-11  2.805296099584E-11
AR GRAD 2024 06 11 01 34 50.000000 2   3.473793822040E-11  3.007910240327E-11
AR GRAD 2024 06 11 01 35  0.000000 2   3.354031982705E-11  3.488524052964E-11
AR GRAD 2024 06 11 01 35 10.000000 2   3.731807918239E-11  5.902137112379E-11
AR GRAD 2024 06 11 01 35 20.000000 2   3.350511881828E-11  1.333750991594E-11
AR GRAD 2024 06 11 01 35 30.000000 2   3.878325091633E-11  4.354364438464E-11
AR GRAD 2024 06 11 01 35 40.000000 2   3.855379210327E-11  2.189776138195E-12
AR GRAD 2024 06 11 01 35 50.000000 2   3.728328062946E-11  3.577590654280E-11
AR GRAD 2024 06 11 01 36  0.000000 2   3.544180920967E-11  3.365204295780E-11
AR GRAD 2024 06 11 01 36 10.000000 2   3.813373922190E-11  4.003817069553E-11
AR GRAD 2024 06 11 01 36 20.000000 2   3.609480075939E-11  2.256429765257E-11
AR GRAD 2024 06 11 01 36 30.000000 2   3.987566526975E-11  4.152042945571E-11
AR GRAD 2024 06 11 01 36 40.000000 2   3.824567398891E-11  3.894655778436E-11
AR GRAD 2024 06 11 01 36 50.000000 2   3.564089648411E-11  1.149268180622E-11
AR GRAD 2024 06 11 01 37  0.000000 2   3.326260447634E-11  4.859880553543E-11
AR GRAD 2024 06 11 01 37 10.000000 2   4.170083375832E-11  1.372493178137E-11
AR GRAD 2024 06 11 01 37 20.000000 2   3.657559671799E-11  4.667105590883E-11
AR GRAD 2024 06 11 01 37 30.000000 2   3.412544205550E-11  2.167717567947E-11
AR GRAD 2024 06 11 01 37 40.000000 2   3.476637727706E-11  3.230329892467E-11
AR GRAD 2024 06 11 01 37 50.000000 2   3.510314608435E-11  3.033941847752E-11
AR GRAD 2024 06 11 01 38  0.000000 2   3.867663134205E-11  2.307553453873E-11
AR GRAD 2024 06 11 01 38 10.000000 2   3.869012749069E-11  1.561165433039E-11
AR GRAD 2024 06 11 01 38 20.000000 2   3.505414708505E-11  5.958776527759E-11
AR GRAD 2024 06 11 01 38 30.000000 2   3.613748536524E-11  1.919388779859E-11
AR GRAD 2024 06 11 01 38 40.000000 2   3.657464608953E-11  2.652000494208E-11
AR GRAD 2024 06 11 01 38 50.000000 2   3.722470595657E-11  3.935611905814E-11
AR GRAD 2024 06 11 01 39  0.000000 2   3.785467425632E-11  2.439222955564E-11
AR GRAD 2024 06 11 01 39 10.000000 2   3.746015650452E-11  2.918834618448E-11
AR GRAD 2024 06 11 01 39 20.000000 2   3.573722567873E-11  2.054445502608E-11
AR GRAD 2024 06 11 01 39 30.000000 2   3.225752998048E-11  3.318056593371E-11
AR GRAD 2024 06 11 01 39 40.000000 2   3.355532518512E-11  1.649667381864E-11
AR GRAD 2024 06 11 01 39 50.000000 2   3.292121089626E-11  4.577278486795E-11
AR GRAD 2024 06 11 01 40  0.000000 2   3.783639720978E-11  3.200889206467E-11
AR GRAD 2024 06 11 01 40 10.000000 2   3.693945149763E-11  1.358499597537E-11
AR GRAD 2024 06 11 01 40 20.000000 2   3.216887520252E-11  2.535109969171E-11
AR GRAD 2024 06 11 01 40 30.000000 2   3.713350113510E-11  3.237720855309E-11
AR GRAD 2024 06 11 01 40 40.000000 2   3.517793348284E-11  3.272331017268E-11
AR GRAD 2024 06 11 01 40 50.000000 2   3.566513404052E-11  1.577941076414E-11
AR GRAD 2024 06 11 01 41  0.000000 2   3.509868437557E-11  4.024551178428E-11
AR GRAD 2024 06 11 01 41 10.000000 2   3.316402361064E-11  3.706161072481E-11
AR GRAD 2024 06 11 01 41 20.000000 2   3.596862391264E-11  1.519771114511E-11
AR GRAD 2024 06 11 01 41 30.000000 2   3.363001196965E-11  2.127380910322E-11
AR GRAD 2024 06 11 01 41 40.000000 2   3.418352059747E-11  1.787990588920E-11
AR GRAD 2024 06 11 01 41 50.000000 2   3.285973229628E-11  2.445600319478E-11
AR GRAD 2024 06 11 01 42  0.000000 2   3.156673533677E-11  2.606209692502E-11
AR GRAD 2024 06 11 01 42 10.000000 2   3.086874852953E-11  3.240819418382E-11
AR GRAD 2024 06 11 01 42 20.000000 2   3.371008680531E-11  3.846428731080E-11
AR GRAD 2024 06 11 01 42 30.000000 2   3.318740421365E-11  2.149037892085E-11
AR GRAD 2024 06 11 01 42 40.000000 2   3.204100526566E-11  2.848646839249E-11
AR GRAD 2024 06 11 01 42 50.000000 2   3.323715261350E-11  1.186255954577E-11
AR GRAD 2024 06 11 01 43  0.000000 2   2.797182450942E-11  2.353864846094E-11
AR GRAD 2024 06 11 01 43 10.000000 2   3.031152412403E-11  2.044473618179E-11
AR GRAD 2024 06 11 01 43 20.000000 2   2.671882680383E-11  2.301082414891E-11
AR GRAD 2024 06 11 01 43 30.000000 2   3.235990642114E-11  2.586691104367E-11
AR GRAD 2024 06 11 01 43 40.000000 2   2.815617357321E-11  4.803299424871E-11
AR GRAD 2024 06 11 01 43 50.000000 2   2.480146296668E-11  7.109079817880E-12
AR GRAD 2024 06 11 01 44  0.000000 2   2.575162132146E-11  2.908516136269E-11
AR GRAD 2024 06 11 01 44 10.000000 2   3.039123813720E-11  1.450124569036E-11
AR GRAD 2024 06 11 01 44 20.000000 2   2.658975296888E-11  2.627732580140E-11
AR GRAD 2024 06 11 01 44 30.000000 2   2.352516619009E-11  2.034340577939E-11
AR GRAD 2024 06 11 01 44 40.000000 2   2.559509201805E-11  2.060948460503E-11
AR GRAD 2024 06 11 01 44 50.000000 2   2.570414193992E-11  1.560556371627E-11
AR GRAD 2024 06 11 01 45  0.000000 2   2.269571856839E-11  2.159163993432E-11
AR GRAD 2024 06 11 01 45 10.000000 2   2.137364243926E-11  2.940771931526E-11
AR GRAD 2024 06 11 01 45 20.000000 2   2.639398422044E-11  3.243379176343E-11
AR GRAD 2024 06 11 01 45 30.000000 2   2.395240256137E-11  2.989865733466E-12
AR GRAD 2024 06 11 01 45 40.000000 2   2.420947296800E-11  2.189593992230E-11
AR GRAD 2024 06 11 01 45 50.000000 2   2.217647593339E-11  2.395201051386E-11
AR GRAD 2024 06 11 01 46  0.000000 2   2.500647952597E-11  1.933808148336E-11
AR GRAD 2024 06 11 01 46 10.000000 2   2.235002807827E-11  2.350415174990E-11
AR GRAD 2024 06 11 01 46 20.000000 2   2.174255046838E-11  2.321022193885E-11
AR GRAD 2024 06 11 01 46 30.000000 2   2.431950300863E-11  1.997628971961E-11
AR GRAD 2024 06 11 01 46 40.000000 2   2.164840008645E-11  1.824235554282E-11
AR GRAD 2024 06 11 01 46 50.000000 2   2.537460346008E-11  2.234842172433E-11
AR GRAD 2024 06 11 01 47  0.000000 2   2.150619959895E-11  2.394448875287E-11
AR GRAD 2024 06 11 01 47 10.000000 2   1.995742113237E-11  2.453055293616E-11
AR GRAD 2024 06 11 01 47 20.000000 2   2.094767241612E-11  2.340661518774E-11
AR GRAD 2024 06 11 01 47 30.000000 2   1.945697596095E-11  2.212267868895E-11
AR GRAD 2024 06 11 01 47 40.000000 2   1.884188291501E-11  3.011874083469E-11
AR GRAD 2024 06 11 01 47 50.000000 2   1.988439447820E-11  1.701479755700E-11
AR GRAD 2024 06 11 01 48  0.000000 2   1.954172761109E-11  2.326085851712E-11
AR GRAD 2024 06 11 01 48 10.000000 2   1.915689308574E-11  1.549691625025E-11
AR GRAD 2024 06 11 01 48 20.000000 2   1.962008680523E-11  1.874297245186E-11
AR GRAD 2024 06 11 01 48 30.000000 2   2.172513037524E-11  1.396903079320E-11
AR GRAD 2024 06 11 01 48 40.000000 2   1.833389169648E-11  1.334508458600E-11
AR GRAD 2024 06 11 01 48 50.000000 2   2.140275630336E-11  2.443113766848E-11
AR GRAD 2024 06 11 01 49  0.000000 2   1.582024268532E-11  2.421719075274E-11
AR GRAD 2024 06 11 01 49 10.000000 2   1.710420000078E-11  1.762324487731E-11
AR GRAD 2024 06 11 01 49 20.000000 2   1.676352459623E-11  1.558929547951E-11
AR GRAD 2024 06 11 01 49 30.000000 2   1.882071234971E-11  2.207534502419E-11
AR GRAD 2024 06 11 01 49 40.000000 2   1.790410007751E-11  2.290139432259E-11
AR GRAD 2024 06 11 01 49 50.000000 2   1.709014874063E-11  1.155744423775E-11
AR GRAD 2024 06 11 01 50  0.000000 2   1.920623382556E-11  1.593490747340E-12
AR GRAD 2024 06 11 01 50 10.000000 2   1.731474685851E-11  1.750953548818E-11
AR GRAD 2024 06 11 01 50 20.000000 2   1.519603887168E-11  7.215580563602E-12
AR GRAD 2024 06 11 01 50 30.000000 2   1.791401402218E-11  1.953162458157E-11
AR GRAD 2024 06 11 01 50 40.000000 2   1.450376884565E-11  1.473766768345E-11
AR GRAD 2024 06 11 01 50 50.000000 2   1.808540123216E-11  8.403710886895E-12
AR GRAD 2024 06 11 01 51  0.000000 2   1.389124319046E-11  2.720975181281E-11
AR GRAD 2024 06 11 01 51 10.000000 2   1.805648859599E-11 -9.142084875582E-13
AR GRAD 2024 06 11 01 51 20.000000 2   1.455665275818E-11  1.439183234392E-11
AR GRAD 2024 06 11 01 51 30.000000 2   1.166651584367E-11  3.160786909984E-11
AR GRAD 2024 06 11 01 51 40.000000 2   1.190878992641E-11  3.773905667137E-12
AR GRAD 2024 06 11 01 51 50.000000 2   1.703521178287E-11  7.159941476514E-12
AR GRAD 2024 06 11 01 52  0.000000 2   6.714794085344E-12  2.373597499106E-11
AR GRAD 2024 06 11 01 52 10.000000 2   9.421493099571E-12 -2.127988974268E-12
AR GRAD 2024 06 11 01 52 20.000000 2   1.312262885161E-11  9.508044525319E-12
AR GRAD 2024 06 11 01 52 30.000000 2   1.036871196541E-11  7.734076400145E-12
AR GRAD 2024 06 11 01 52 40.000000 2   8.519834143739E-12  9.240106943476E-12
AR GRAD 2024 06 11 01 52 50.000000 2   9.464740623188E-12 -1.312386224001E-11
AR GRAD 2024 06 11 01 53  0.000000 2   2.565231447399E-12  1.844216793168E-11
AR GRAD 2024 06 11 01 53 10.000000 2   8.886638820649E-12 -9.518051494531E-13
AR GRAD 2024 06 11 01 53 20.000000 2   5.332556011345E-12  1.364422203692E-11
AR GRAD 2024 06 11 01 53 30.000000 2   1.475915418526E-12  1.227024731820E-11
AR GRAD 2024 06 11 01 53 40.000000 2   2.409045402399E-12 -4.403726949070E-12
AR GRAD 2024 06 11 01 53 50.000000 2   2.379587846213E-12  1.080229829198E-11
AR GRAD 2024 06 11 01 54  0.000000 2   2.590280203871E-12  1.128831923769E-11
AR GRAD 2024 06 11 01 54 10.000000 2  -4.694315547176E-14  1.044434243952E-11
AR GRAD 2024 06 11 01 54 20.000000 2   5.367528903982E-12  1.665036337972E-11
AR GRAD 2024 06 11 01 54 30.000000 2   3.146758461442E-12  4.526382740844E-12
AR GRAD 2024 06 11 01 54 40.000000 2   1.095040833184E-12 -2.507598729357E-12
AR GRAD 2024 06 11 01 54 50.000000 2   2.973225181682E-12 -5.141579870194E-12
AR GRAD 2024 06 11 01 55  0.000000 2   1.279331241638E-12  1.018443836209E-11
AR GRAD 2024 06 11 01 55 10.000000 2  -1.160988839788E-12 -9.829547766016E-12
AR GRAD 2024 06 11 01 55 20.000000 2  -2.046538394480E-13  5.256468871284E-12
AR GRAD 2024 06 11 01 55 30.000000 2   1.691193436378E-13 -8.175183078239E-13
AR GRAD 2024 06 11 01 55 40.000000 2   2.374653858966E-12  1.878494538740E-12
AR GRAD 2024 06 11 01 55 50.000000 2   5.839053741387E-13  8.314507936313E-12
AR GRAD 2024 06 11 01 56  0.000000 2   1.478242658490E-12 -4.509482631060E-12
AR GRAD 2024 06 11 01 56 10.000000 2  -3.306286451218E-13  7.516529065832E-12
AR GRAD 2024 06 11 01 56 20.000000 2   1.085992732373E-12 -4.674625487047E-13
AR GRAD 2024 06 11 01 56 30.000000 2  -2.100079875625E-12 -3.771453635504E-12
AR GRAD 2024 06 11 01 56 40.000000 2  -1.304644543440E-12  4.045534252647E-13
AR GRAD 2024 06 11 01 56 50.000000 2  -2.411905310890E-12 -9.094401121935E-13
AR GRAD 2024 06 11 01 57  0.000000 2   1.963207157604E-12 -1.303436308539E-12
AR GRAD 2024 06 11 01 57 10.000000 2  -1.127203473790E-12  2.222568700264E-12
AR GRAD 2024 06 11 01 57 20.000000 2  -3.485623898888E-12 -4.981429331530E-12
AR GRAD 2024 06 11 01 57 30.000000 2  -1.806128272115E-12 -6.385427343131E-12
AR GRAD 2024 06 11 01 57 40.000000 2   5.060910729122E-14 -3.139425785309E-12
AR GRAD 2024 06 11 01 57 50.000000 2  -2.182590479877E-12 -7.613425515030E-12
AR GRAD 2024 06 11 01 58  0.000000 2  -2.399871750977E-12 -3.707427594091E-12
AR GRAD 2024 06 11 01 58 10.000000 2  -1.865373524049E-12  5.848571193318E-12
AR GRAD 2024 06 11 01 58 20.000000 2  -2.530478864643E-12 -1.109543099759E-11
AR GRAD 2024 06 11 01 58 30.000000 2  -1.517677151487E-12 -4.379435616236E-12
AR GRAD 2024 06 11 01 58 40.000000 2  -1.595958283064E-12 -1.886344205837E-11
AR GRAD 2024 06 11 01 58 50.000000 2  -2.685205139838E-12 -1.556744663733E-11
AR GRAD 2024 06 11 01 59  0.000000 2  -3.464334721870E-12 -1.231145307229E-11
AR GRAD 2024 06 11 01 59 10.000000 2  -3.543966118832E-12  3.304537633114E-12
AR GRAD 2024 06 11 01 59 20.000000 2  -4.501080497904E-12 -6.069470880748E-12
AR GRAD 2024 06 11 01 59 30.000000 2  -5.916775749903E-12 -1.500348109640E-11
AR GRAD 2024 06 11 01 59 40.000000 2  -4.077177831463E-12 -1.888749052992E-11
AR GRAD 2024 06 11 01 59 50.000000 2  -4.023567503481E-12 -1.374150359473E-11
AR GRAD 2024 06 11 02 00  0.000000 2  -6.348217090890E-12 -1.194551749184E-11
AR GRAD 2024 06 11 02 00 10.000000 2  -5.893666631118E-12 -9.499530502499E-12
AR GRAD 2024 06 11 02 00 20.000000 2  -7.266335536743E-12 -2.675354729420E-11
AR GRAD 2024 06 11 02 00 30.000000 2  -1.020522295142E-11 -5.257562180755E-12
AR GRAD 2024 06 11 02 00 40.000000 2  -7.291773955476E-12 -1.229157747806E-11
AR GRAD 2024 06 11 02 00 50.000000 2  -9.365635003644E-12 -2.182559862007E-11
AR GRAD 2024 06 11 02 01  0.000000 2  -7.385367491175E-12 -2.035961850499E-11
AR GRAD 2024 06 11 02 01 10.000000 2  -9.836117163819E-12 -2.636373107670E-13
AR GRAD 2024 06 11 02 01 20.000000 2  -1.082746739489E-11 -2.628765954915E-11
AR GRAD 2024 06 11 02 01 30.000000 2  -1.023451896148E-11 -7.541679954148E-12
AR GRAD 2024 06 11 02 01 40.000000 2  -8.062712823775E-12 -8.955700764313E-12
AR GRAD 2024 06 11 02 01 50.000000 2  -1.304779721767E-11 -2.100972694430E-11
AR GRAD 2024 06 11 02 02  0.000000 2  -1.365563911948E-11 -1.561375161108E-11
AR GRAD 2024 06 11 02 02 10.000000 2  -9.596066996576E-12 -2.308777821702E-11
AR GRAD 2024 06 11 02 02 20.000000 2  -9.938249875829E-12 -2.117180562811E-11
AR GRAD 2024 06 11 02 02 30.000000 2  -1.294137626923E-11 -1.516583386652E-11
AR GRAD 2024 06 11 02 02 40.000000 2  -1.249376470336E-11 -1.689486224532E-11
AR GRAD 2024 06 11 02 02 50.000000 2  -8.570129848839E-12 -1.862389235885E-11
AR GRAD 2024 06 11 02 03  0.000000 2  -1.178333385726E-11 -1.789792446194E-11
AR GRAD 2024 06 11 02 03 10.000000 2  -1.232178161586E-11 -2.699195381095E-11
AR GRAD 2024 06 11 02 03 20.000000 2  -1.222921069965E-11 -2.330598908307E-11
AR GRAD 2024 06 11 02 03 30.000000 2  -9.187653242371E-12 -1.962002262046E-11
AR GRAD 2024 06 11 02 03 40.000000 2  -1.357079726372E-11 -2.089405731764E-11
AR GRAD 2024 06 11 02 03 50.000000 2  -1.256366538582E-11 -1.951809200373E-11
AR GRAD 2024 06 11 02 04  0.000000 2  -1.192154708285E-11 -2.259212955602E-11
AR GRAD 2024 06 11 02 04 10.000000 2  -1.428557272476E-11 -2.380616710707E-11
AR GRAD 2024 06 11 02 04 20.000000 2  -1.126893630493E-11 -2.502020639283E-11
AR GRAD 2024 06 11 02 04 30.000000 2  -1.048425669198E-11 -2.438424809292E-11
AR GRAD 2024 06 11 02 04 40.000000 2  -1.287900341929E-11 -1.945828914662E-11
AR GRAD 2024 06 11 02 04 50.000000 2  -1.103481975934E-11 -1.453232933296E-11
AR GRAD 2024 06 11 02 05  0.000000 2  -1.486672243645E-11 -1.677137421996E-11
AR GRAD 2024 06 11 02 05 10.000000 2  -1.349870822759E-11 -1.901041823960E-11
AR GRAD 2024 06 11 02 05 20.000000 2  -1.663635722238E-11 -1.870446332541E-11
AR GRAD 2024 06 11 02 05 30.000000 2  -1.521372958169E-11 -2.697850796929E-11
AR GRAD 2024 06 11 02 05 40.000000 2  -1.334550699117E-11 -2.187922239216E-11
AR GRAD 2024 06 11 02 05 50.000000 2  -1.418943348236E-11 -1.677993854976E-11
AR GRAD 2024 06 11 02 06  0.000000 2  -1.365270917153E-11 -1.168065297263E-11
AR GRAD 2024 06 11 02 06 10.000000 2  -1.170097959496E-11 -1.466803588313E-11
AR GRAD 2024 06 11 02 06 20.000000 2  -1.515980396771E-11 -1.765542226306E-11
AR GRAD 2024 06 11 02 06 30.000000 2  -1.455716623633E-11 -2.064280690828E-11
AR GRAD 2024 06 11 02 06 40.000000 2  -1.460995040226E-11 -1.892686181393E-11
AR GRAD 2024 06 11 02 06 50.000000 2  -1.598593653285E-11 -1.721091498486E-11
AR GRAD 2024 06 11 02 07  0.000000 2  -1.325619648773E-11 -1.549496989051E-11
AR GRAD 2024 06 11 02 07 10.000000 2  -1.599968074695E-11 -1.377902479616E-11
AR GRAD 2024 06 11 02 07 20.000000 2  -1.269201150428E-11 -1.800641580285E-11
AR GRAD 2024 06 11 02 07 30.000000 2  -1.458820043931E-11 -2.223380680955E-11
AR GRAD 2024 06 11 02 07 40.000000 2  -1.436036185798E-11 -2.646119955096E-11
AR GRAD 2024 06 11 02 07 50.000000 2  -1.072690547499E-11 -2.292025944040E-11
AR GRAD 2024 06 11 02 08  0.000000 2  -1.385657821124E-11 -1.937932106455E-11
AR GRAD 2024 06 11 02 08 10.000000 2  -1.532028670592E-11 -2.340338339790E-11
AR GRAD 2024 06 11 02 08 20.000000 2  -1.600976989868E-11 -2.742744746598E-11
AR GRAD 2024 06 11 02 08 30.000000 2  -1.578783111189E-11 -2.566151111050E-11
AR GRAD 2024 06 11 02 08 40.000000 2  -1.456509912678E-11 -2.561557563285E-11
AR GRAD 2024 06 11 02 08 50.000000 2  -1.637655983044E-11 -2.556963842049E-11
AR GRAD 2024 06 11 02 09  0.000000 2  -1.527637391585E-11 -2.552370641229E-11
AR GRAD 2024 06 11 02 09 10.000000 2  -1.695276731495E-11 -2.547777613882E-11
AR GRAD 2024 06 11 02 09 20.000000 2  -1.503391161561E-11 -1.841184496532E-11
AR GRAD 2024 06 11 02 09 30.000000 2  -1.668599286520E-11 -1.715091610399E-11
AR GRAD 2024 06 11 02 09 40.000000 2  -1.607554540872E-11 -1.588998724267E-11
AR GRAD 2024 06 11 02 09 50.000000 2  -1.661065729408E-11 -1.462905838134E-11
AR GRAD 2024 06 11 02 10  0.000000 2  -1.842373822947E-11 -1.336813125474E-11
AR GRAD 2024 06 11 02 10 10.000000 2  -1.331198432736E-11 -1.393620548823E-11
AR GRAD 2024 06 11 02 10 20.000000 2  -1.677935221323E-11 -1.450428145644E-11
AR GRAD 2024 06 11 02 10 30.000000 2  -2.009685126647E-11 -1.507235829201E-11
AR GRAD 2024 06 11 02 10 40.000000 2  -1.669249113934E-11 -1.564043512758E-11
AR GRAD 2024 06 11 02 10 50.000000 2  -1.852968126159E-11 -1.620851196316E-11
AR GRAD 2024 06 11 02 11  0.000000 2  -1.690826992307E-11 -1.647659092496E-11
AR GRAD 2024 06 11 02 11 10.000000 2  -1.922098417928E-11 -1.674467335622E-11
AR GRAD 2024 06 11 02 11 20.000000 2  -1.542707454838E-11 -1.701275405275E-11
AR GRAD 2024 06 11 02 11 30.000000 2  -1.558571847970E-11 -1.728083648400E-11
AR GRAD 2024 06 11 02 11 40.000000 2  -1.959768632098E-11 -1.754892064998E-11
AR GRAD 2024 06 11 02 11 50.000000 2  -1.912846617214E-11 -1.835100474357E-11
AR GRAD 2024 06 11 02 12  0.000000 2  -1.984712741376E-11 -1.915308883715E-11
AR GRAD 2024 06 11 02 12 10.000000 2  -1.721044660952E-11 -1.995517466546E-11
AR GRAD 2024 06 11 02 12 20.000000 2  -1.936795168689E-11 -2.075726222850E-11
AR GRAD 2024 06 11 02 12 30.000000 2  -1.893013003296E-11 -2.155934979153E-11
AR GRAD 2024 06 11 02 12 40.000000 2  -1.634840353371E-11 -2.282677345755E-11
AR GRAD 2024 06 11 02 12 50.000000 2  -1.781028449721E-11 -2.409419538885E-11
AR GRAD 2024 06 11 02 13  0.000000 2  -1.916338615571E-11 -2.536161905486E-11
AR GRAD 2024 06 11 02 13 10.000000 2  -1.734322407909E-11 -2.271571125645E-11
AR GRAD 2024 06 11 02 13 20.000000 2  -1.491728789105E-11 -2.302707850788E-11
AR GRAD 2024 06 11 02 13 30.000000 2  -1.379416372793E-11 -2.333844575930E-11
AR GRAD 2024 06 11 02 13 40.000000 2  -1.491005409415E-11 -2.364981474545E-11
AR GRAD 2024 06 11 02 13 50.000000 2  -1.338826358804E-11 -2.396118199688E-11
AR GRAD 2024 06 11 02 14  0.000000 2  -1.661945060738E-11 -2.427255271775E-11
AR GRAD 2024 06 11 02 14 10.000000 2  -1.641111205264E-11 -2.458392343863E-11
AR GRAD 2024 06 11 02 14 20.000000 2  -1.598664950420E-11 -2.489529415950E-11
AR GRAD 2024 06 11 02 14 30.000000 2  -1.586578438073E-11 -2.520666834982E-11
AR GRAD 2024 06 11 02 14 40.000000 2  -1.857378313652E-11 -2.551804427486E-11
AR GRAD 2024 06 11 02 14 50.000000 2  -1.400056199446E-11 -2.582941846518E-11
AR GRAD 2024 06 11 02 15  0.000000 2  -1.786042841401E-11 -2.614079265550E-11
AR GRAD 2024 06 11 02 15 10.000000 2  -1.654743876645E-11 -1.881489582189E-11
AR GRAD 2024 06 11 02 15 20.000000 2  -1.788634691746E-11 -1.952328750054E-11
AR GRAD 2024 06 11 02 15 30.000000 2  -1.781884362284E-11 -2.023167917919E-11
AR GRAD 2024 06 11 02 15 40.000000 2  -1.830735563146E-11 -2.094007259257E-11
AR GRAD 2024 06 11 02 15 50.000000 2  -1.577120205265E-11 -2.164846774066E-11
AR GRAD 2024 06 11 02 16  0.000000 2  -1.675560211412E-11 -2.235686115404E-11
AR GRAD 2024 06 11 02 16 10.000000 2  -1.499231121194E-11 -2.306525630213E-11
AR GRAD 2024 06 11 02 16 20.000000 2  -1.573833251223E-11 -2.377365318496E-11
AR GRAD 2024 06 11 02 16 30.000000 2  -1.751553242724E-11 -2.044776674370E-11
AR GRAD 2024 06 11 02 16 40.000000 2  -1.580977362914E-11 -2.235521490146E-11
AR GRAD 2024 06 11 02 16 50.000000 2  -1.724960278782E-11 -2.426266132449E-11
AR GRAD 2024 06 11 02 17  0.000000 2  -1.561504571479E-11 -2.617010774753E-11
AR GRAD 2024 06 11 02 17 10.000000 2  -1.810399573310E-11 -2.602422617681E-11
AR GRAD 2024 06 11 02 17 20.000000 2  -1.465748876439E-11 -2.587834460610E-11
AR GRAD 2024 06 11 02 17 30.000000 2  -1.511230030005E-11 -2.573246130066E-11
AR GRAD 2024 06 11 02 17 40.000000 2  -1.797884757737E-11 -2.558657972995E-11
AR GRAD 2024 06 11 02 17 50.000000 2  -1.602987707849E-11 -2.370736766621E-11
AR GRAD 2024 06 11 02 18  0.000000 2  -1.712052201397E-11 -2.182815560248E-11
AR GRAD 2024 06 11 02 18 10.000000 2  -1.476823004165E-11 -1.994894527346E-11
AR GRAD 2024 06 11 02 18 20.000000 2  -1.593707457670E-11 -2.044639978160E-11
AR GRAD 2024 06 11 02 18 30.000000 2  -1.425708336111E-11 -2.094385949392E-11
AR GRAD 2024 06 11 02 18 40.000000 2  -1.582376417397E-11 -2.144131747150E-11
AR GRAD 2024 06 11 02 18 50.000000 2  -1.647893974055E-11 -2.187544416443E-11
AR GRAD 2024 06 11 02 19  0.000000 2  -1.461953474946E-11 -2.230957085736E-11
AR GRAD 2024 06 11 02 19 10.000000 2  -1.570735728984E-11 -2.274369755029E-11
AR GRAD 2024 06 11 02 19 20.000000 2  -1.772656327281E-11 -2.317782771266E-11
AR GRAD 2024 06 11 02 19 30.000000 2  -1.440469271641E-11 -2.361195787504E-11
AR GRAD 2024 06 11 02 19 40.000000 2  -1.877543606699E-11 -2.404608803741E-11
AR GRAD 2024 06 11 02 19 50.000000 2  -1.589965832605E-11 -2.448021819978E-11
AR GRAD 2024 06 11 02 20  0.000000 2  -1.457926487869E-11 -2.491435183161E-11
AR GRAD 2024 06 11 02 20 10.000000 2  -1.542969571555E-11 -2.402515686395E-11
AR GRAD 2024 06 11 02 20 20.000000 2  -1.742870257837E-11 -2.313595842685E-11
AR GRAD 2024 06 11 02 20 30.000000 2  -1.308972895353E-11 -2.224676172446E-11
AR GRAD 2024 06 11 02 20 40.000000 2  -1.671188881724E-11 -2.201589778539E-11
AR GRAD 2024 06 11 02 20 50.000000 2  -1.695214107977E-11 -2.178503731576E-11
AR GRAD 2024 06 11 02 21  0.000000 2  -1.377148568793E-11 -2.085417602493E-11
AR GRAD 2024 06 11 02 21 10.000000 2  -1.737405531943E-11 -1.992331646883E-11
AR GRAD 2024 06 11 02 21 20.000000 2  -1.493270611330E-11 -2.241745677978E-11
AR GRAD 2024 06 11 02 21 30.000000 2  -1.445321900356E-11 -2.176159946687E-11
AR GRAD 2024 06 11 02 21 40.000000 2  -1.409276775138E-11 -2.110574215397E-11
AR GRAD 2024 06 11 02 21 50.000000 2  -1.153719307589E-11 -2.036988633325E-11
AR GRAD 2024 06 11 02 22  0.000000 2  -1.421295980214E-11 -1.963403398197E-11
AR GRAD 2024 06 11 02 22 10.000000 2  -1.432961128228E-11 -2.481817702737E-11
AR GRAD 2024 06 11 02 22 20.000000 2  -1.569173090077E-11 -2.390232803351E-11
AR GRAD 2024 06 11 02 22 30.000000 2  -1.326137030050E-11 -2.350647454463E-11
AR GRAD 2024 06 11 02 22 40.000000 2  -1.322820672445E-11 -2.311062452520E-11
AR GRAD 2024 06 11 02 22 50.000000 2  -1.250547668891E-11 -2.385477579359E-11
AR GRAD 2024 06 11 02 23  0.000000 2  -1.554659699587E-11 -2.459892532725E-11
AR GRAD 2024 06 11 02 23 10.000000 2  -1.349397156514E-11 -2.077307770243E-11
AR GRAD 2024 06 11 02 23 20.000000 2  -1.020783978178E-11 -1.666723183080E-11
AR GRAD 2024 06 11 02 23 30.000000 2  -1.463049126293E-11 -1.256138422445E-11
AR GRAD 2024 06 11 02 23 40.000000 2  -1.309681616629E-11 -1.494887373610E-11
AR GRAD 2024 06 11 02 23 50.000000 2  -1.167937534879E-11 -1.733636324774E-11
AR GRAD 2024 06 11 02 24  0.000000 2  -1.239690728544E-11 -1.972385622884E-11
AR GRAD 2024 06 11 02 24 10.000000 2  -1.195936405463E-11 -2.332801139759E-11
AR GRAD 2024 06 11 02 24 20.000000 2  -1.176024642252E-11 -2.693217177052E-11
AR GRAD 2024 06 11 02 24 30.000000 2  -1.447554489470E-11 -2.693633163742E-11
AR GRAD 2024 06 11 02 24 40.000000 2  -1.500777106755E-11 -1.612049209399E-11
AR GRAD 2024 06 11 02 24 50.000000 2  -1.285511020549E-11 -1.211465303075E-11
AR GRAD 2024 06 11 02 25  0.000000 2  -1.317999528960E-11 -8.108819171682E-12
AR GRAD 2024 06 11 02 25 10.000000 2  -1.361895839158E-11 -1.633298357673E-11
AR GRAD 2024 06 11 02 25 20.000000 2  -9.153061121536E-12 -2.455714624705E-11
AR GRAD 2024 06 11 02 25 30.000000 2  -1.318582309312E-11 -2.324631459549E-11
AR GRAD 2024 06 11 02 25 40.000000 2  -1.052641567661E-11 -2.193548294394E-11
AR GRAD 2024 06 11 02 25 50.000000 2  -1.124159272614E-11 -1.160964900604E-11
AR GRAD 2024 06 11 02 26  0.000000 2  -8.351997045353E-12 -1.457882078948E-11
AR GRAD 2024 06 11 02 26 10.000000 2  -1.158382070821E-11 -1.754799083820E-11
AR GRAD 2024 06 11 02 26 20.000000 2  -1.098613734707E-11 -1.749216049785E-11
AR GRAD 2024 06 11 02 26 30.000000 2  -1.024895446289E-11 -1.686133350998E-11
AR GRAD 2024 06 11 02 26 40.000000 2  -1.113182376139E-11 -1.623050825683E-11
AR GRAD 2024 06 11 02 26 50.000000 2  -1.054461032379E-11 -1.559968126896E-11
AR GRAD 2024 06 11 02 27  0.000000 2  -9.729408251280E-12 -1.496885775054E-11
AR GRAD 2024 06 11 02 27 10.000000 2  -9.885924544262E-12 -1.001803154321E-11
AR GRAD 2024 06 11 02 27 20.000000 2  -1.065411647794E-11 -5.067210540055E-12
AR GRAD 2024 06 11 02 27 30.000000 2  -9.763983892241E-12 -1.438138844123E-11
AR GRAD 2024 06 11 02 27 40.000000 2  -9.850923896049E-12  2.074431989033E-12
AR GRAD 2024 06 11 02 27 50.000000 2  -8.999277885391E-12 -2.153974915098E-11
AR GRAD 2024 06 11 02 28  0.000000 2  -1.034108475934E-11 -2.074893035164E-11
AR GRAD 2024 06 11 02 28 10.000000 2  -1.015070232729E-11 -1.995811328703E-11
AR GRAD 2024 06 11 02 28 20.000000 2  -7.824100742293E-12 -1.063229625869E-11
AR GRAD 2024 06 11 02 28 30.000000 2  -1.209966155047E-11 -4.866480048799E-12
AR GRAD 2024 06 11 02 28 40.000000 2  -9.281827910435E-12 -6.825665466864E-12
AR GRAD 2024 06 11 02 28 50.000000 2  -6.227858506680E-12 -8.784852185972E-12
AR GRAD 2024 06 11 02 29  0.000000 2  -8.119636039916E-12 -2.117903942500E-11
AR GRAD 2024 06 11 02 29 10.000000 2  -1.079289956019E-11 -2.522322802012E-11
AR GRAD 2024 06 11 02 29 20.000000 2  -6.076139157790E-12 -1.634741647605E-11
AR GRAD 2024 06 11 02 29 30.000000 2  -7.818578250107E-12 -1.043160609976E-11
AR GRAD 2024 06 11 02 29 40.000000 2  -7.840655208424E-12 -1.294579807937E-11
AR GRAD 2024 06 11 02 29 50.000000 2  -7.511343110000E-12 -1.134999039198E-11
AR GRAD 2024 06 11 02 30  0.000000 2  -1.005923989938E-11  7.758149049401E-13
AR GRAD 2024 06 11 02 30 10.000000 2  -6.731662970105E-12  1.290162161133E-11
AR GRAD 2024 06 11 02 30 20.000000 2  -8.418852420755E-12 -1.207573754533E-12
AR GRAD 2024 06 11 02 30 30.000000 2  -9.936569796143E-12 -1.531677042144E-11
AR GRAD 2024 06 11 02 30 40.000000 2  -7.473903440580E-12 -2.129096725312E-11
AR GRAD 2024 06 11 02 30 50.000000 2  -6.404302001911E-12 -1.661516757512E-11
AR GRAD 2024 06 11 02 31  0.000000 2  -5.678857124131E-12 -1.479936659332E-11
AR GRAD 2024 06 11 02 31 10.000000 2  -5.593622787181E-12 -4.583566165506E-12
AR GRAD 2024 06 11 02 31 20.000000 2  -6.384200459952E-12 -2.049776667845E-11
AR GRAD 2024 06 11 02 31 30.000000 2  -6.482887143777E-12 -2.411969929339E-12
AR GRAD 2024 06 11 02 31 40.000000 2  -7.434577259380E-12 -2.313617526728E-11
AR GRAD 2024 06 11 02 31 50.000000 2  -5.499672765807E-12  2.769622205190E-12
AR GRAD 2024 06 11 02 32  0.000000 2  -1.324691766870E-12 -1.109458098308E-11
AR GRAD 2024 06 11 02 32 10.000000 2  -9.009253412740E-12 -3.233789321391E-12
AR GRAD 2024 06 11 02 32 20.000000 2  -6.017293434357E-12  4.627003641344E-12
AR GRAD 2024 06 11 02 32 30.000000 2  -5.355992992867E-12 -9.017206252515E-12
AR GRAD 2024 06 11 02 32 40.000000 2  -4.631130548494E-12  5.968585001237E-12
AR GRAD 2024 06 11 02 32 50.000000 2  -3.401186450536E-12  9.743743355564E-13
AR GRAD 2024 06 11 02 33  0.000000 2  -6.286528155680E-12 -4.019837414326E-12
AR GRAD 2024 06 11 02 33 10.000000 2   1.768038081391E-12  5.059506958359E-13
AR GRAD 2024 06 11 02 33 20.000000 2  -3.119085068351E-12 -1.631826444803E-11
AR GRAD 2024 06 11 02 33 30.000000 2  -2.660883015662E-12 -5.592476134963E-12
AR GRAD 2024 06 11 02 33 40.000000 2  -2.908093254053E-12 -4.316693270195E-12
AR GRAD 2024 06 11 02 33 50.000000 2  -1.613247946688E-12  7.339090273006E-12
AR GRAD 2024 06 11 02 34  0.000000 2  -4.770405858529E-12 -2.390512614248E-11
AR GRAD 2024 06 11 02 34 10.000000 2  -3.287111034755E-12 -8.669343888601E-12
AR GRAD 2024 06 11 02 34 20.000000 2   1.491064623117E-13 -4.003565708122E-12
AR GRAD 2024 06 11 02 34 30.000000 2  -3.029278434000E-12 -1.077778404718E-11
AR GRAD 2024 06 11 02 34 40.000000 2  -1.976935976034E-12 -1.232200539519E-11
AR GRAD 2024 06 11 02 34 50.000000 2  -1.175967309641E-12  3.193771202364E-12
AR GRAD 2024 06 11 02 35  0.000000 2  -1.101945574719E-12  1.519548159176E-12
AR GRAD 2024 06 11 02 35 10.000000 2  -3.778592456288E-12 -1.546769168911E-13
AR GRAD 2024 06 11 02 35 20.000000 2  -1.780590106783E-12  6.141097179391E-12
AR GRAD 2024 06 11 02 35 30.000000 2  -5.625726664030E-13 -1.098312760184E-11
AR GRAD 2024 06 11 02 35 40.000000 2   5.986606609748E-13 -1.038735503861E-11
AR GRAD 2024 06 11 02 35 50.000000 2  -1.231270836156E-12 -1.518158689040E-11
AR GRAD 2024 06 11 02 36  0.000000 2   5.456094560527E-13 -1.225581181680E-11
AR GRAD 2024 06 11 02 36 10.000000 2   1.072877897634E-12 -1.493004331277E-11
AR GRAD 2024 06 11 02 36 20.000000 2  -7.072720366189E-14  5.615724031627E-12
AR GRAD 2024 06 11 02 36 30.000000 2   7.817510202547E-13 -5.208510272386E-12
AR GRAD 2024 06 11 02 36 40.000000 2   6.976375857212E-13 -2.362741729697E-12
AR GRAD 2024 06 11 02 36 50.000000 2  -3.660840348311E-13 -1.105697478021E-11
AR GRAD 2024 06 11 02 37  0.000000 2   4.527020685402E-12 -8.201212278736E-12
AR GRAD 2024 06 11 02 37 10.000000 2   2.588531602607E-12 -2.615447572060E-12
AR GRAD 2024 06 11 02 37 20.000000 2   4.019974457481E-12  1.160313923936E-12
AR GRAD 2024 06 11 02 37 30.000000 2   6.698766433048E-13 -3.743924874983E-12
AR GRAD 2024 06 11 02 37 40.000000 2   2.650261520659E-12  1.281836616018E-12
AR GRAD 2024 06 11 02 37 50.000000 2   4.116143623861E-12 -3.582404121613E-12
AR GRAD 2024 06 11 02 38  0.000000 2   1.873751736994E-14  1.093353923023E-12
AR GRAD 2024 06 11 02 38 10.000000 2   1.342883161441E-12  7.399111705275E-12
AR GRAD 2024 06 11 02 38 20.000000 2   3.502157331498E-12  6.214868897292E-12
AR GRAD 2024 06 11 02 38 30.000000 2   2.968501746498E-12 -3.779375683938E-12
AR GRAD 2024 06 11 02 38 40.000000 2   4.335354557988E-12 -2.736222706745E-13
AR GRAD 2024 06 11 02 38 50.000000 2   2.837460518282E-12  3.802131786496E-12
AR GRAD 2024 06 11 02 39  0.000000 2   3.616640407295E-12  1.160788479226E-11
AR GRAD 2024 06 11 02 39 10.000000 2   2.030178325799E-12  1.853636385010E-12
AR GRAD 2024 06 11 02 39 20.000000 2   4.964125898538E-12 -9.440613221723E-12
AR GRAD 2024 06 11 02 39 30.000000 2   6.338632743685E-12 -5.124864074779E-12
AR GRAD 2024 06 11 02 39 40.000000 2   1.053971905411E-12 -1.681911727947E-11
AR GRAD 2024 06 11 02 39 50.000000 2   3.793475082670E-12  1.658663137394E-11
AR GRAD 2024 06 11 02 40  0.000000 2   9.467637611393E-12  8.237783014325E-14
AR GRAD 2024 06 11 02 40 10.000000 2   6.771661356653E-12  1.347812399882E-11
AR GRAD 2024 06 11 02 40 20.000000 2   6.224100661950E-12  1.813868174584E-12
AR GRAD 2024 06 11 02 40 30.000000 2   7.089650047587E-12  7.179610638647E-12
AR GRAD 2024 06 11 02 40 40.000000 2   6.567510858063E-12 -5.244645863434E-12
AR GRAD 2024 06 11 02 40 50.000000 2   7.725297831995E-12  3.371094852919E-12
AR GRAD 2024 06 11 02 41  0.000000 2   6.636591883685E-12 -2.274316325546E-11
AR GRAD 2024 06 11 02 41 10.000000 2   7.430292492394E-12  1.040257550239E-11
AR GRAD 2024 06 11 02 41 20.000000 2   7.834951437635E-12 -4.071686130619E-12
AR GRAD 2024 06 11 02 41 30.000000 2   7.505051267953E-12  2.254051546108E-12
AR GRAD 2024 06 11 02 41 40.000000 2   8.388962267902E-12  8.839788276371E-12
AR GRAD 2024 06 11 02 41 50.000000 2   8.978742228882E-12 -1.834447697913E-11
AR GRAD 2024 06 11 02 42  0.000000 2   8.294621933747E-12  8.111258192889E-12
AR GRAD 2024 06 11 02 42 10.000000 2   7.471816568239E-12  1.377699170024E-11
AR GRAD 2024 06 11 02 42 20.000000 2   1.084085599068E-11  1.479272433713E-11
AR GRAD 2024 06 11 02 42 30.000000 2   8.533486417495E-12  6.438454370344E-12
AR GRAD 2024 06 11 02 42 40.000000 2   7.546983871176E-12 -7.205814070432E-12
AR GRAD 2024 06 11 02 42 50.000000 2   1.050860874013E-11 -1.550085255465E-12
AR GRAD 2024 06 11 02 43  0.000000 2   1.274949069929E-11  7.056430093022E-13
AR GRAD 2024 06 11 02 43 10.000000 2   1.005560912315E-11  1.626137072219E-11
AR GRAD 2024 06 11 02 43 20.000000 2   6.945649784484E-12 -5.222903706747E-12
AR GRAD 2024 06 11 02 43 30.000000 2   1.173789364317E-11  1.517282306740E-11
AR GRAD 2024 06 11 02 43 40.000000 2   1.147623055614E-11  1.128854735383E-11
AR GRAD 2024 06 11 02 43 50.000000 2   8.040824082955E-12  1.166427197885E-11
AR GRAD 2024 06 11 02 44  0.000000 2   1.291929063729E-11  2.415999171557E-11
AR GRAD 2024 06 11 02 44 10.000000 2   1.161259890331E-11 -5.354286024967E-12
AR GRAD 2024 06 11 02 44 20.000000 2   8.539596980939E-12  4.371435071565E-12
AR GRAD 2024 06 11 02 44 30.000000 2   8.719923220990E-12  1.910715509423E-11
AR GRAD 2024 06 11 02 44 40.000000 2   1.073226143372E-11  7.902873667975E-12
AR GRAD 2024 06 11 02 44 50.000000 2   1.168125578904E-11  6.338590242960E-12
AR GRAD 2024 06 11 02 45  0.000000 2   1.099050451342E-11  2.141430435754E-11
AR GRAD 2024 06 11 02 45 10.000000 2   9.588872230959E-12  2.795002250477E-11
AR GRAD 2024 06 11 02 45 20.000000 2   1.311563618128E-11  5.557359043437E-13
AR GRAD 2024 06 11 02 45 30.000000 2   1.153980817153E-11  1.924145044685E-11
AR GRAD 2024 06 11 02 45 40.000000 2   1.137206735030E-11  4.217162209719E-12
AR GRAD 2024 06 11 02 45 50.000000 2   1.533884998184E-11  3.614287688580E-11
AR GRAD 2024 06 11 02 46  0.000000 2   1.527855793271E-11  1.766858361008E-11
AR GRAD 2024 06 11 02 46 10.000000 2   8.986072302930E-12  3.014293025252E-12
AR GRAD 2024 06 11 02 46 20.000000 2   1.580614979180E-11  1.340000159444E-11
AR GRAD 2024 06 11 02 46 30.000000 2   1.062386983941E-11  2.324570917700E-11
AR GRAD 2024 06 11 02 46 40.000000 2   1.286278462215E-11  3.391415837398E-12
AR GRAD 2024 06 11 02 46 50.000000 2   1.405997887560E-11  3.427712280679E-11
AR GRAD 2024 06 11 02 47  0.000000 2   1.588136046282E-11 -6.617175123819E-12
AR GRAD 2024 06 11 02 47 10.000000 2   1.464121358874E-11  2.317852854095E-11
AR GRAD 2024 06 11 02 47 20.000000 2   1.377948449788E-11  8.614231723769E-12
AR GRAD 2024 06 11 02 47 30.000000 2   1.480294706258E-11  3.068993323363E-11
AR GRAD 2024 06 11 02 47 40.000000 2   1.410081860304E-11 -2.174367240079E-12
AR GRAD 2024 06 11 02 47 50.000000 2   1.526209367220E-11  1.585133239945E-11
AR GRAD 2024 06 11 02 48  0.000000 2   1.531255504339E-11  2.775702931390E-11
AR GRAD 2024 06 11 02 48 10.000000 2   1.381375309278E-11  6.532727483965E-12
AR GRAD 2024 06 11 02 48 20.000000 2   1.319607270678E-11  1.810842274741E-11
AR GRAD 2024 06 11 02 48 30.000000 2   1.796158360934E-11  2.957412092996E-11
AR GRAD 2024 06 11 02 48 40.000000 2   1.838428367873E-11  3.047981658733E-11
AR GRAD 2024 06 11 02 48 50.000000 2   1.712025660128E-11  1.778550744180E-11
AR GRAD 2024 06 11 02 49  0.000000 2   1.436856449794E-11  2.143119882947E-11
AR GRAD 2024 06 11 02 49 10.000000 2   1.628654849872E-11 -1.063109669741E-12
AR GRAD 2024 06 11 02 49 20.000000 2   1.778609204361E-11  2.011258173895E-11
AR GRAD 2024 06 11 02 49 30.000000 2   2.021587931778E-11  2.634827078740E-11
AR GRAD 2024 06 11 02 49 40.000000 2   1.368923117223E-11  2.638395925347E-11
AR GRAD 2024 06 11 02 49 50.000000 2   1.642343205877E-11  3.506964857403E-11
AR GRAD 2024 06 11 02 50  0.000000 2   1.762289793261E-11  2.789533361247E-11
AR GRAD 2024 06 11 02 50 10.000000 2   1.598327546704E-11  1.420101883309E-11
AR GRAD 2024 06 11 02 50 20.000000 2   1.944349889427E-11  3.180670310465E-11
AR GRAD 2024 06 11 02 50 30.000000 2   1.741788310805E-11  4.302386138327E-12
AR GRAD 2024 06 11 02 50 40.000000 2   1.883774039535E-11  2.727806695801E-11
AR GRAD 2024 06 11 02 50 50.000000 2   2.047473128541E-11  2.631374979023E-11
AR GRAD 2024 06 11 02 51  0.000000 2   2.220027113531E-11  8.759430680794E-12
AR GRAD 2024 06 11 02 51 10.000000 2   1.886308123589E-11  2.479510867459E-11
AR GRAD 2024 06 11 02 51 20.000000 2   2.016115573100E-11  4.416078960845E-11
AR GRAD 2024 06 11 02 51 30.000000 2   1.700613261324E-11  1.147646561117E-11
AR GRAD 2024 06 11 02 51 40.000000 2   2.059122837517E-11  1.226214182276E-11
AR GRAD 2024 06 11 02 51 50.000000 2   2.110746126494E-11  3.208781851338E-11
AR GRAD 2024 06 11 02 52  0.000000 2   2.321223942225E-11  2.030348805748E-11
AR GRAD 2024 06 11 02 52 10.000000 2   1.989256849522E-11  2.566916471047E-11
AR GRAD 2024 06 11 02 52 20.000000 2   2.086065001294E-11  9.324836909574E-12
AR GRAD 2024 06 11 02 52 30.000000 2   2.249853602032E-11  4.045050752688E-11
AR GRAD 2024 06 11 02 52 40.000000 2   2.306751491210E-11  2.234617699215E-11
AR GRAD 2024 06 11 02 52 50.000000 2   2.193170645093E-11  2.583184881277E-11
AR GRAD 2024 06 11 02 53  0.000000 2   2.260720083358E-11  2.274751567666E-11
AR GRAD 2024 06 11 02 53 10.000000 2   1.979085992310E-11  2.428318310321E-11
AR GRAD 2024 06 11 02 53 20.000000 2   2.508639650178E-11  3.238885201706E-11
AR GRAD 2024 06 11 02 53 30.000000 2   2.308841312582E-11  3.235451490058E-11
AR GRAD 2024 06 11 02 53 40.000000 2   2.349268349300E-11  2.888017776315E-11
AR GRAD 2024 06 11 02 53 50.000000 2   2.386828755474E-11  3.920584343287E-11
AR GRAD 2024 06 11 02 54  0.000000 2   2.597764711676E-11  1.405150561878E-11
AR GRAD 2024 06 11 02 54 10.000000 2   2.113471377074E-11  2.727716663653E-11
AR GRAD 2024 06 11 02 54 20.000000 2   2.666057652423E-11  1.223282673074E-11
AR GRAD 2024 06 11 02 54 30.000000 2   2.567272956722E-11  2.262848589063E-11
AR GRAD 2024 06 11 02 54 40.000000 2   2.442455265816E-11  2.337414289899E-11
AR GRAD 2024 06 11 02 54 50.000000 2   2.399902498951E-11  2.562980036536E-11
AR GRAD 2024 06 11 02 55  0.000000 2   2.639289307937E-11  3.703546150313E-11
AR GRAD 2024 06 11 02 55 10.000000 2   2.503654228381E-11  2.139111283939E-11
AR GRAD 2024 06 11 02 55 20.000000 2   2.351010011670E-11  2.977676785698E-11
AR GRAD 2024 06 11 02 55 30.000000 2   2.780515054313E-11  3.306242085666E-11
AR GRAD 2024 06 11 02 55 40.000000 2   2.625076371554E-11  2.617807186300E-11
AR GRAD 2024 06 11 02 55 50.000000 2   2.643925009482E-11  2.439372315255E-11
AR GRAD 2024 06 11 02 56  0.000000 2   2.411991439910E-11  3.548937532738E-11
AR GRAD 2024 06 11 02 56 10.000000 2   2.516676797515E-11  2.698502185594E-11
AR GRAD 2024 06 11 02 56 20.000000 2   2.494379876261E-11  3.933067413420E-11
AR GRAD 2024 06 11 02 56 30.000000 2   2.732055033594E-11  1.485631929976E-11
AR GRAD 2024 06 11 02 56 40.000000 2   2.318168053350E-11  2.165196494319E-11
AR GRAD 2024 06 11 02 56 50.000000 2   2.528167085403E-11  2.666760909320E-11
AR GRAD 2024 06 11 02 57  0.000000 2   2.742093704877E-11  3.071325832549E-11
AR GRAD 2024 06 11 02 57 10.000000 2   2.676223825882E-11  2.728889857140E-11
AR GRAD 2024 06 11 02 57 20.000000 2   2.539917755284E-11  2.897454151607E-11
AR GRAD 2024 06 11 02 57 30.000000 2   2.779552456256E-11  4.328018499145E-11
AR GRAD 2024 06 11 02 57 40.000000 2   2.696836504112E-11  3.408582097131E-11
AR GRAD 2024 06 11 02 57 50.000000 2   2.922001182681E-11  2.131146127626E-11
AR GRAD 2024 06 11 02 58  0.000000 2   2.476228770643E-11  3.059710124154E-11
AR GRAD 2024 06 11 02 58 10.000000 2   2.843082366755E-11  1.709273521333E-11
AR GRAD 2024 06 11 02 58 20.000000 2   2.807683599504E-11  3.465837339345E-11
AR GRAD 2024 06 11 02 58 30.000000 2   3.033177528589E-11  3.773401036078E-11
AR GRAD 2024 06 11 02 58 40.000000 2   2.478528667027E-11  3.064964601562E-11
AR GRAD 2024 06 11 02 58 50.000000 2   2.903767677698E-11  2.254527640966E-11
AR GRAD 2024 06 11 02 59  0.000000 2   3.254866515201E-11  3.007091103902E-11
AR GRAD 2024 06 11 02 59 10.000000 2   2.808014584743E-11  3.364654041493E-11
AR GRAD 2024 06 11 02 59 20.000000 2   2.848197545868E-11  2.640216864580E-11
AR GRAD 2024 06 11 02 59 30.000000 2   2.976918364594E-11  4.147780036101E-11
AR GRAD 2024 06 11 02 59 40.000000 2   3.056746869512E-11  2.316342603836E-11
AR GRAD 2024 06 11 02 59 50.000000 2   2.575357288537E-11  3.450905533553E-11
AR GRAD 2024 06 11 03 00  0.000000 2   3.095576572854E-11  3.202468151775E-11
AR GRAD 2024 06 11 03 00 10.000000 2   3.126013337074E-11  3.461030767538E-11
AR GRAD 2024 06 11 03 00 20.000000 2   2.940890586611E-11  2.124593036223E-11
AR GRAD 2024 06 11 03 00 30.000000 2   2.914432931100E-11  3.247155322406E-11
AR GRAD 2024 06 11 03 00 40.000000 2   3.037714524368E-11  1.528717430421E-11
AR GRAD 2024 06 11 03 00 50.000000 2   3.023152908566E-11  2.250279650118E-11
AR GRAD 2024 06 11 03 01  0.000000 2   2.999920797886E-11  2.023841511045E-11
AR GRAD 2024 06 11 03 01 10.000000 2   2.986597774646E-11  4.132403794155E-11
AR GRAD 2024 06 11 03 01 20.000000 2   3.091071149042E-11  2.433965355653E-11
AR GRAD 2024 06 11 03 01 30.000000 2   3.076084179043E-11  4.033527331582E-11
AR GRAD 2024 06 11 03 01 40.000000 2   2.887864947176E-11  2.705088757160E-11
AR GRAD 2024 06 11 03 01 50.000000 2   3.286248703716E-11  2.528650205891E-11
AR GRAD 2024 06 11 03 02  0.000000 2   3.104939569343E-11  3.698211875625E-11
AR GRAD 2024 06 11 03 02 10.000000 2   2.971428311738E-11  4.649773274745E-11
AR GRAD 2024 06 11 03 02 20.000000 2   3.106077200998E-11  1.930334191103E-11
AR GRAD 2024 06 11 03 02 30.000000 2   3.285923616536E-11  2.886895236753E-11
AR GRAD 2024 06 11 03 02 40.000000 2   2.737799743857E-11  2.781456315271E-11
AR GRAD 2024 06 11 03 02 50.000000 2   3.170537790642E-11  2.426017373103E-11
AR GRAD 2024 06 11 03 03  0.000000 2   3.159299211131E-11  2.752578026621E-11
AR GRAD 2024 06 11 03 03 10.000000 2   3.471525150678E-11  3.336139003940E-11
AR GRAD 2024 06 11 03 03 20.000000 2   2.894634185124E-11  3.098699422055E-11
AR GRAD 2024 06 11 03 03 30.000000 2   3.122089392571E-11  1.958259943091E-11
AR GRAD 2024 06 11 03 03 40.000000 2   3.155707292701E-11  2.814820251884E-11
AR GRAD 2024 06 11 03 03 50.000000 2   3.248271790435E-11  3.444380891615E-11
AR GRAD 2024 06 11 03 04  0.000000 2   3.145585875108E-11  2.826940938283E-11
AR GRAD 2024 06 11 03 04 10.000000 2   3.261063988291E-11  1.800501067684E-11
AR GRAD 2024 06 11 03 04 20.000000 2   2.918033523147E-11  2.927061371061E-11
AR GRAD 2024 06 11 03 04 30.000000 2   3.172981322130E-11  3.641621032502E-11
AR GRAD 2024 06 11 03 04 40.000000 2   3.289375716253E-11  3.927180802776E-11
AR GRAD 2024 06 11 03 04 50.000000 2   3.295105854839E-11  1.140740453487E-11
