 2.00 C RINEX VERSION / TYPE
 10.00 INTERVAL
 1 AR # / TYPES OF DATA
 END OF HEADER
AR GRAD 2024 07 06 01 05  0.000000 2   3.396494543950E-11  3.369398857145E-11
AR GRAD 2024 07 06 01 05 10.000000 2   3.812897914068E-11  5.059743943270E-11
AR GRAD 2024 07 06 01 05 20.000000 2   3.269313292309E-11  1.390088738562E-11
AR GRAD 2024 07 06 01 05 30.000000 2   3.234571985256E-11  4.200434097767E-11
AR GRAD 2024 07 06 01 05 40.000000 2   3.752524332934E-11  4.710778989114E-11
AR GRAD 2024 07 06 01 05 50.000000 2   3.214987998046E-11  2.301123701309E-11
AR GRAD 2024 07 06 01 06  0.000000 2   3.827918884647E-11  4.111468804302E-11
AR GRAD 2024 07 06 01 06 10.000000 2   3.346379076619E-11  4.311813406321E-11
AR GRAD 2024 07 06 01 06 20.000000 2   3.746480556344E-11  3.342158494402E-11
AR GRAD 2024 07 06 01 06 30.000000 2   3.538322065899E-11  3.852503385748E-11
AR GRAD 2024 07 06 01 06 40.000000 2   4.100465800239E-11  3.772848006234E-11
AR GRAD 2024 07 06 01 06 50.000000 2   3.072056151132E-11  2.853192335173E-11
AR GRAD 2024 07 06 01 07  0.000000 2   3.629310393882E-11  3.343537599565E-11
AR GRAD 2024 07 06 01 07 10.000000 2   3.790519634284E-11  4.333881864493E-11
AR GRAD 2024 07 06 01 07 20.000000 2   3.453444821777E-11  3.644226240218E-11
AR GRAD 2024 07 06 01 07 30.000000 2   3.829748670969E-11  2.784570837799E-11
AR GRAD 2024 07 06 01 07 40.000000 2   3.759105179912E-11  2.424915476751E-11
AR GRAD 2024 07 06 01 07 50.000000 2   3.746513169145E-11  4.895259891891E-11
AR GRAD 2024 07 06 01 08  0.000000 2   3.565031603259E-11  5.165604402557E-11
AR GRAD 2024 07 06 01 08 10.000000 2   3.698630637872E-11  2.335948795507E-11
AR GRAD 2024 07 06 01 08 20.000000 2   3.418703514724E-11  5.496293697949E-11
AR GRAD 2024 07 06 01 08 30.000000 2   3.467599818396E-11  2.906637604216E-11
AR GRAD 2024 07 06 01 08 40.000000 2   4.170961145911E-11  2.956981881574E-11
AR GRAD 2024 07 06 01 08 50.000000 2   3.437403139905E-11  2.857326181216E-11
AR GRAD 2024 07 06 01 09  0.000000 2   3.739572887462E-11  3.557670824605E-11
AR GRAD 2024 07 06 01 09 10.000000 2   3.483948546323E-11  3.848014615282E-11
AR GRAD 2024 07 06 01 09 20.000000 2   3.425001948720E-11  3.268358847452E-11
AR GRAD 2024 07 06 01 09 30.000000 2   3.868292144937E-11  3.768703057960E-11
AR GRAD 2024 07 06 01 09 40.000000 2   3.842563767176E-11  2.849047039954E-11
AR GRAD 2024 07 06 01 09 50.000000 2   3.752149285718E-11  3.879391252681E-11
AR GRAD 2024 07 06 01 10  0.000000 2   3.306142859483E-11  3.909735382668E-11
AR GRAD 2024 07 06 01 10 10.000000 2   3.296584186185E-11  3.310078947050E-11
AR GRAD 2024 07 06 01 10 20.000000 2   3.534189954579E-11  3.480423241276E-11
AR GRAD 2024 07 06 01 10 30.000000 2   3.512577034792E-11  3.350767233123E-11
AR GRAD 2024 07 06 01 10 40.000000 2   3.617645072396E-11  3.471111245656E-11
AR GRAD 2024 07 06 01 10 50.000000 2   3.902643486153E-11  4.271454717708E-11
AR GRAD 2024 07 06 01 11  0.000000 2   4.013760851462E-11  3.321798738853E-11
AR GRAD 2024 07 06 01 11 10.000000 2   3.450173480246E-11  3.612142182585E-11
AR GRAD 2024 07 06 01 11 20.000000 2   3.795239469917E-11  3.252486127647E-11
AR GRAD 2024 07 06 01 11 30.000000 2   3.392667397017E-11  2.952829647462E-11
AR GRAD 2024 07 06 01 11 40.000000 2   3.067366499687E-11  2.913173174912E-11
AR GRAD 2024 07 06 01 11 50.000000 2   3.341251580968E-11  2.993516892702E-11
AR GRAD 2024 07 06 01 12  0.000000 2   3.165056064458E-11  3.883860594245E-11
AR GRAD 2024 07 06 01 12 10.000000 2   3.686317570639E-11  2.804203917683E-11
AR GRAD 2024 07 06 01 12 20.000000 2   3.130667947104E-11  2.684547376064E-11
AR GRAD 2024 07 06 01 12 30.000000 2   3.495791850439E-11  3.754890842700E-11
AR GRAD 2024 07 06 01 12 40.000000 2   3.337598600273E-11  3.245234636573E-11
AR GRAD 2024 07 06 01 12 50.000000 2   3.394838923865E-11  3.815577714894E-11
AR GRAD 2024 07 06 01 13  0.000000 2   2.945045596281E-11  2.465921217221E-11
AR GRAD 2024 07 06 01 13 10.000000 2   3.320857477895E-11  2.656264271039E-11
AR GRAD 2024 07 06 01 13 20.000000 2   4.062673461536E-11  3.286607791475E-11
AR GRAD 2024 07 06 01 13 30.000000 2   3.488167740762E-11  3.056950872993E-11
AR GRAD 2024 07 06 01 13 40.000000 2   3.258394595806E-11  2.947294144851E-11
AR GRAD 2024 07 06 01 13 50.000000 2   3.910976403843E-11  3.537637544015E-11
AR GRAD 2024 07 06 01 14  0.000000 2   3.467686207625E-11  2.047980188213E-11
AR GRAD 2024 07 06 01 14 10.000000 2   3.486628347149E-11  2.518323397038E-11
AR GRAD 2024 07 06 01 14 20.000000 2   3.542516627264E-11  2.678666836953E-11
AR GRAD 2024 07 06 01 14 30.000000 2   3.381476001985E-11  3.669009540630E-11
AR GRAD 2024 07 06 01 14 40.000000 2   3.356070976679E-11  2.659352425771E-11
AR GRAD 2024 07 06 01 14 50.000000 2   3.702993814358E-11  2.829695679163E-11
AR GRAD 2024 07 06 01 15  0.000000 2   3.426319297728E-11  3.170038537226E-11
AR GRAD 2024 07 06 01 15 10.000000 2   2.874170172695E-11  3.210381613328E-11
AR GRAD 2024 07 06 01 15 20.000000 2   3.186262712007E-11  4.240724091331E-11
AR GRAD 2024 07 06 01 15 30.000000 2   3.126494896311E-11  2.711066787731E-11
AR GRAD 2024 07 06 01 15 40.000000 2   3.286687241810E-11  2.861409720278E-11
AR GRAD 2024 07 06 01 15 50.000000 2   3.624846603434E-11  2.691752550021E-11
AR GRAD 2024 07 06 01 16  0.000000 2   2.924739270216E-11  3.112095303681E-11
AR GRAD 2024 07 06 01 16 10.000000 2   3.595484326935E-11  3.302437837083E-11
AR GRAD 2024 07 06 01 16 20.000000 2   3.142414800594E-11  1.902780363827E-11
AR GRAD 2024 07 06 01 16 30.000000 2   3.145856491971E-11  3.503123138793E-11
AR GRAD 2024 07 06 01 16 40.000000 2   3.567931713966E-11  2.703465749876E-11
AR GRAD 2024 07 06 01 16 50.000000 2   2.927605380343E-11  2.373808094536E-11
AR GRAD 2024 07 06 01 17  0.000000 2   3.505244358659E-11  3.644150606275E-11
AR GRAD 2024 07 06 01 17 10.000000 2   3.083781494051E-11  1.274493184600E-11
AR GRAD 2024 07 06 01 17 20.000000 2   2.647044909654E-11  3.634835488153E-11
AR GRAD 2024 07 06 01 17 30.000000 2   3.077762003589E-11  1.895177591249E-11
AR GRAD 2024 07 06 01 17 40.000000 2   2.866119147571E-11  3.485520205793E-11
AR GRAD 2024 07 06 01 17 50.000000 2   2.956497546780E-11  2.745862218156E-11
AR GRAD 2024 07 06 01 18  0.000000 2   2.887961571274E-11  2.236204624251E-11
AR GRAD 2024 07 06 01 18 10.000000 2   2.661199385856E-11  1.966547064081E-11
AR GRAD 2024 07 06 01 18 20.000000 2   3.123363373492E-11  2.186889037914E-11
AR GRAD 2024 07 06 01 18 30.000000 2   2.794121531369E-11  2.857231291842E-11
AR GRAD 2024 07 06 01 18 40.000000 2   3.024233294346E-11  1.657573210634E-11
AR GRAD 2024 07 06 01 18 50.000000 2   3.164878081829E-11  2.237915235070E-11
AR GRAD 2024 07 06 01 19  0.000000 2   2.220074471482E-11  3.458257638589E-11
AR GRAD 2024 07 06 01 19 10.000000 2   2.969113843676E-11  2.678599356210E-11
AR GRAD 2024 07 06 01 19 20.000000 2   2.732246894011E-11  2.188941389258E-11
AR GRAD 2024 07 06 01 19 30.000000 2   2.417665546928E-11  2.409283189619E-11
AR GRAD 2024 07 06 01 19 40.000000 2   3.127569730976E-11  2.899625158037E-11
AR GRAD 2024 07 06 01 19 50.000000 2   2.104637644718E-11  1.979966884891E-11
AR GRAD 2024 07 06 01 20  0.000000 2   2.666731245549E-11  2.200308685252E-11
AR GRAD 2024 07 06 01 20 10.000000 2   1.937024152188E-11  1.540650766685E-11
AR GRAD 2024 07 06 01 20 20.000000 2   2.386921389708E-11  2.550992229955E-11
AR GRAD 2024 07 06 01 20 30.000000 2   2.464659379364E-11  3.111334107020E-11
AR GRAD 2024 07 06 01 20 40.000000 2   2.720914639431E-11  1.371675776435E-11
AR GRAD 2024 07 06 01 20 50.000000 2   1.856869345784E-11  2.922017142137E-11
AR GRAD 2024 07 06 01 21  0.000000 2   2.646693801622E-11  2.142359033230E-11
AR GRAD 2024 07 06 01 21 10.000000 2   2.384584717186E-11  3.882700758129E-11
AR GRAD 2024 07 06 01 21 20.000000 2   2.413383208555E-11  3.583041849331E-11
AR GRAD 2024 07 06 01 21 30.000000 2   2.547789930418E-11  1.193383412923E-11
AR GRAD 2024 07 06 01 21 40.000000 2   2.458944679817E-11  2.603724701122E-11
AR GRAD 2024 07 06 01 21 50.000000 2   1.903400007053E-11  3.244066473784E-11
AR GRAD 2024 07 06 01 22  0.000000 2   2.116148228870E-11  1.544407483844E-11
AR GRAD 2024 07 06 01 22 10.000000 2   2.552938416223E-11  2.364749021599E-11
AR GRAD 2024 07 06 01 22 20.000000 2   1.753102697732E-11  2.725090118838E-11
AR GRAD 2024 07 06 01 22 30.000000 2   2.244714136790E-11  2.655431603771E-11
AR GRAD 2024 07 06 01 22 40.000000 2   2.471014885763E-11  1.845772666653E-11
AR GRAD 2024 07 06 01 22 50.000000 2   2.195997723942E-11  1.946114103202E-11
AR GRAD 2024 07 06 01 23  0.000000 2   2.546409610948E-11  2.216454970949E-11
AR GRAD 2024 07 06 01 23 10.000000 2   2.229885373572E-11  1.456796142052E-11
AR GRAD 2024 07 06 01 23 20.000000 2   2.160836787279E-11  2.437137124056E-11
AR GRAD 2024 07 06 01 23 30.000000 2   2.089145176298E-11  1.207478474846E-11
AR GRAD 2024 07 06 01 23 40.000000 2   2.231376541872E-11  2.247819465284E-11
AR GRAD 2024 07 06 01 23 50.000000 2   2.491983529251E-11  3.238160434238E-11
AR GRAD 2024 07 06 01 24  0.000000 2   2.273222235449E-11  1.998501190925E-11
AR GRAD 2024 07 06 01 24 10.000000 2   2.007783175828E-11  1.648842347379E-11
AR GRAD 2024 07 06 01 24 20.000000 2   2.166582364904E-11  1.649182873598E-11
AR GRAD 2024 07 06 01 24 30.000000 2   1.721175459102E-11  2.459523730514E-11
AR GRAD 2024 07 06 01 24 40.000000 2   1.877347756418E-11  1.429864386615E-11
AR GRAD 2024 07 06 01 24 50.000000 2   1.372804474264E-11  1.910205327249E-11
AR GRAD 2024 07 06 01 25  0.000000 2   2.244489837044E-11  2.060546178129E-11
AR GRAD 2024 07 06 01 25 10.000000 2   2.374539280481E-11  2.380886633679E-11
AR GRAD 2024 07 06 01 25 20.000000 2   2.136642252015E-11  2.871227214318E-11
AR GRAD 2024 07 06 01 25 30.000000 2   1.662677287517E-11 -6.784320934899E-12
AR GRAD 2024 07 06 01 25 40.000000 2   1.680247954661E-11  2.991908457095E-11
AR GRAD 2024 07 06 01 25 50.000000 2   1.287611944151E-11  2.982249169836E-11
AR GRAD 2024 07 06 01 26  0.000000 2   2.137292773319E-11  1.472589584994E-11
AR GRAD 2024 07 06 01 26 10.000000 2   1.776952369970E-11 -4.370700849854E-12
AR GRAD 2024 07 06 01 26 20.000000 2   1.402983805521E-11  2.123270309573E-11
AR GRAD 2024 07 06 01 26 30.000000 2   1.920954541268E-11  1.613610633999E-11
AR GRAD 2024 07 06 01 26 40.000000 2   1.307496645675E-11  2.433950957448E-11
AR GRAD 2024 07 06 01 26 50.000000 2   1.329534832922E-11  1.484291509146E-11
AR GRAD 2024 07 06 01 27  0.000000 2   1.376527277580E-11  2.824631847864E-11
AR GRAD 2024 07 06 01 27 10.000000 2   1.581690160790E-11  1.084972042764E-11
AR GRAD 2024 07 06 01 27 20.000000 2   1.168085506792E-11  1.045312100767E-11
AR GRAD 2024 07 06 01 27 30.000000 2   8.069315181325E-12  3.205652410188E-11
AR GRAD 2024 07 06 01 27 40.000000 2   9.320625868336E-12  2.475992501305E-11
AR GRAD 2024 07 06 01 27 50.000000 2   8.162131560907E-12  5.463325104815E-12
AR GRAD 2024 07 06 01 28  0.000000 2   1.276404416189E-11  2.816672589612E-11
AR GRAD 2024 07 06 01 28 10.000000 2   7.971884437297E-12  2.070125321163E-12
AR GRAD 2024 07 06 01 28 20.000000 2   1.056918181447E-11  3.667352532766E-11
AR GRAD 2024 07 06 01 28 30.000000 2   1.141290534301E-11  1.197692726246E-11
AR GRAD 2024 07 06 01 28 40.000000 2   1.163458305392E-11  7.480322784803E-12
AR GRAD 2024 07 06 01 28 50.000000 2   1.632893646686E-11  1.588372142147E-11
AR GRAD 2024 07 06 01 29  0.000000 2   5.807714118650E-12  2.768712169254E-11
AR GRAD 2024 07 06 01 29 10.000000 2   9.950651413959E-12  6.790516499794E-12
AR GRAD 2024 07 06 01 29 20.000000 2   9.267282254088E-12  9.993918019535E-12
AR GRAD 2024 07 06 01 29 30.000000 2   7.700820883749E-12  1.619731258840E-11
AR GRAD 2024 07 06 01 29 40.000000 2   8.391872266533E-12  9.100711503840E-12
AR GRAD 2024 07 06 01 29 50.000000 2   1.224430886543E-11 -1.095894967655E-12
AR GRAD 2024 07 06 01 30  0.000000 2   7.145275256887E-12  2.380750110942E-11
AR GRAD 2024 07 06 01 30 10.000000 2   6.939991550187E-12  2.781089768200E-11
AR GRAD 2024 07 06 01 30 20.000000 2   7.919247722865E-12  1.371429358965E-11
AR GRAD 2024 07 06 01 30 30.000000 2   1.045324330567E-11 -8.823108801730E-13
AR GRAD 2024 07 06 01 30 40.000000 2   4.836573849754E-12  8.321083405649E-12
AR GRAD 2024 07 06 01 30 50.000000 2   7.674259665247E-12  7.024479956041E-12
AR GRAD 2024 07 06 01 31  0.000000 2   9.354260421812E-12  1.902786955776E-11
AR GRAD 2024 07 06 01 31 10.000000 2   2.485622168161E-12 -4.168734368121E-12
AR GRAD 2024 07 06 01 31 20.000000 2   1.096796264921E-12  2.433465755292E-11
AR GRAD 2024 07 06 01 31 30.000000 2   4.850416075730E-12  8.238051733833E-12
AR GRAD 2024 07 06 01 31 40.000000 2   1.074885666585E-11  4.114144441791E-11
AR GRAD 2024 07 06 01 31 50.000000 2   5.392791248282E-12  4.344836556508E-12
AR GRAD 2024 07 06 01 32  0.000000 2   7.342463442805E-12  1.754822676059E-11
AR GRAD 2024 07 06 01 32 10.000000 2   2.468905288544E-12  4.751617502241E-12
AR GRAD 2024 07 06 01 32 20.000000 2   9.404453778228E-12  1.745500965988E-11
AR GRAD 2024 07 06 01 32 30.000000 2   2.398734422898E-12  1.995839778168E-11
AR GRAD 2024 07 06 01 32 40.000000 2   1.969932029999E-12  8.961791378437E-12
AR GRAD 2024 07 06 01 32 50.000000 2   3.868861828127E-12  1.676517952243E-11
AR GRAD 2024 07 06 01 33  0.000000 2   5.771929375425E-12  1.316856866607E-11
AR GRAD 2024 07 06 01 33 10.000000 2   4.354375367221E-12  1.637195760906E-11
AR GRAD 2024 07 06 01 33 20.000000 2  -2.296283009660E-13 -2.246522466751E-13
AR GRAD 2024 07 06 01 33 30.000000 2  -3.780802493997E-12  2.837873339101E-11
AR GRAD 2024 07 06 01 33 40.000000 2   1.121931540726E-12  6.982123646609E-12
AR GRAD 2024 07 06 01 33 50.000000 2   1.472233576369E-12  1.458551161793E-11
AR GRAD 2024 07 06 01 34  0.000000 2  -3.453422010163E-12  9.188897906465E-12
AR GRAD 2024 07 06 01 34 10.000000 2  -7.224125269344E-13  1.249228498423E-11
AR GRAD 2024 07 06 01 34 20.000000 2   3.166755865782E-13  1.009567342919E-11
AR GRAD 2024 07 06 01 34 30.000000 2  -6.539593953164E-12  5.999056720135E-12
AR GRAD 2024 07 06 01 34 40.000000 2  -2.039947421054E-12  1.340244408510E-11
AR GRAD 2024 07 06 01 34 50.000000 2  -4.423347538945E-12  2.120582875964E-11
AR GRAD 2024 07 06 01 35  0.000000 2  -4.291721492078E-12  7.709213475926E-12
AR GRAD 2024 07 06 01 35 10.000000 2  -3.786829357033E-12  1.361259889532E-11
AR GRAD 2024 07 06 01 35 20.000000 2  -8.820470395743E-12 -1.584016121395E-12
AR GRAD 2024 07 06 01 35 30.000000 2  -1.200423527942E-11  1.931936555177E-11
AR GRAD 2024 07 06 01 35 40.000000 2  -1.077250701836E-11  5.322751354259E-12
AR GRAD 2024 07 06 01 35 50.000000 2  -4.211563823381E-12  4.226133765856E-12
AR GRAD 2024 07 06 01 36  0.000000 2  -1.214121251453E-11  7.129516161469E-12
AR GRAD 2024 07 06 01 36 10.000000 2  -1.444771559334E-11  1.673289631854E-11
AR GRAD 2024 07 06 01 36 20.000000 2  -8.176812525684E-12  5.936280546986E-12
AR GRAD 2024 07 06 01 36 30.000000 2  -1.116554591840E-11  1.173966392848E-11
AR GRAD 2024 07 06 01 36 40.000000 2  -1.090789177732E-11  1.674304271615E-11
AR GRAD 2024 07 06 01 36 50.000000 2  -1.410847827454E-11  3.464237631565E-13
AR GRAD 2024 07 06 01 37  0.000000 2  -1.303305120076E-11  7.049806485110E-12
AR GRAD 2024 07 06 01 37 10.000000 2  -4.657303622618E-12  9.531859893400E-13
AR GRAD 2024 07 06 01 37 20.000000 2  -1.569999859286E-11  6.456564449753E-12
AR GRAD 2024 07 06 01 37 30.000000 2  -1.693494476596E-11  2.065994771094E-11
AR GRAD 2024 07 06 01 37 40.000000 2  -1.800414504982E-11  2.356332490239E-11
AR GRAD 2024 07 06 01 37 50.000000 2  -1.624147691337E-11  1.036670489035E-11
AR GRAD 2024 07 06 01 38  0.000000 2  -1.401462453032E-11 -4.129918629303E-12
AR GRAD 2024 07 06 01 38 10.000000 2  -1.337255826905E-11 -4.926539644984E-12
AR GRAD 2024 07 06 01 38 20.000000 2  -1.870141888571E-11  1.007683780169E-11
AR GRAD 2024 07 06 01 38 30.000000 2  -2.023409911844E-11  4.180216936489E-12
AR GRAD 2024 07 06 01 38 40.000000 2  -1.892631537603E-11 -3.316406611137E-12
AR GRAD 2024 07 06 01 38 50.000000 2  -1.687777521908E-11  1.648696977552E-11
AR GRAD 2024 07 06 01 39  0.000000 2  -1.224944191219E-11  1.519034377451E-11
AR GRAD 2024 07 06 01 39 10.000000 2  -1.481251753199E-11  3.193721329064E-12
AR GRAD 2024 07 06 01 39 20.000000 2  -1.215331654758E-11  9.970973699480E-13
AR GRAD 2024 07 06 01 39 30.000000 2  -2.248321841203E-11  9.200471981496E-12
AR GRAD 2024 07 06 01 39 40.000000 2  -1.767762151939E-11  3.903845129105E-12
AR GRAD 2024 07 06 01 39 50.000000 2  -1.386005026027E-11  1.450722094537E-11
AR GRAD 2024 07 06 01 40  0.000000 2  -1.448806092458E-11 -3.489405812906E-12
AR GRAD 2024 07 06 01 40 10.000000 2  -1.783404326994E-11  9.139685536175E-13
AR GRAD 2024 07 06 01 40 20.000000 2  -1.228314151780E-11 -1.282659417047E-12
AR GRAD 2024 07 06 01 40 30.000000 2  -2.248695500640E-11  1.252071536728E-11
AR GRAD 2024 07 06 01 40 40.000000 2  -1.423509660842E-11  9.924086726010E-12
AR GRAD 2024 07 06 01 40 50.000000 2  -2.113742340881E-11 -1.427254148201E-11
AR GRAD 2024 07 06 01 41  0.000000 2  -1.697228121933E-11  1.173083245126E-11
AR GRAD 2024 07 06 01 41 10.000000 2  -1.695645707178E-11  2.023420320185E-11
AR GRAD 2024 07 06 01 41 20.000000 2  -1.571542548873E-11  3.837572187110E-12
AR GRAD 2024 07 06 01 41 30.000000 2  -1.979080788139E-11  6.240946127944E-12
AR GRAD 2024 07 06 01 41 40.000000 2  -1.966652708740E-11  2.944311894987E-12
AR GRAD 2024 07 06 01 41 50.000000 2  -1.529933298106E-11  1.744768565737E-11
AR GRAD 2024 07 06 01 42  0.000000 2  -1.842105634697E-11 -6.448942942161E-12
AR GRAD 2024 07 06 01 42 10.000000 2  -2.188184529406E-11 -2.245576771406E-12
AR GRAD 2024 07 06 01 42 20.000000 2  -1.791993463340E-11  1.355779464390E-11
AR GRAD 2024 07 06 01 42 30.000000 2  -2.106759211529E-11 -1.113883811577E-11
AR GRAD 2024 07 06 01 42 40.000000 2  -1.597787700758E-11  7.564527997050E-12
AR GRAD 2024 07 06 01 42 50.000000 2  -1.932605984967E-11 -1.432103350837E-12
AR GRAD 2024 07 06 01 43  0.000000 2  -2.209676712439E-11  6.671265102842E-12
AR GRAD 2024 07 06 01 43 10.000000 2  -1.647921556158E-11  7.746312272183E-13
AR GRAD 2024 07 06 01 43 20.000000 2  -2.009493786648E-11  7.779962655011E-13
AR GRAD 2024 07 06 01 43 30.000000 2  -1.918282546698E-11  9.581364347755E-12
AR GRAD 2024 07 06 01 43 40.000000 2  -2.172710449055E-11  5.484732459871E-12
AR GRAD 2024 07 06 01 43 50.000000 2  -2.502065568621E-11  2.688095189149E-12
AR GRAD 2024 07 06 01 44  0.000000 2  -2.385229860846E-11  9.491461436251E-12
AR GRAD 2024 07 06 01 44 10.000000 2  -2.631011554455E-11 -1.360517341148E-11
AR GRAD 2024 07 06 01 44 20.000000 2  -1.870293329931E-11  2.498193709191E-12
AR GRAD 2024 07 06 01 44 30.000000 2  -1.886091456627E-11  1.950155315011E-11
AR GRAD 2024 07 06 01 44 40.000000 2  -2.614925463662E-11  6.604921037184E-12
AR GRAD 2024 07 06 01 44 50.000000 2  -2.097464216200E-11  3.808280080175E-12
AR GRAD 2024 07 06 01 45  0.000000 2  -2.079255691234E-11  1.116450072040E-13
AR GRAD 2024 07 06 01 45 10.000000 2  -2.519513070398E-11  1.141500696050E-11
AR GRAD 2024 07 06 01 45 20.000000 2  -2.091959591666E-11 -1.008163084265E-11
AR GRAD 2024 07 06 01 45 30.000000 2  -2.716368276146E-11  1.082173239908E-11
AR GRAD 2024 07 06 01 45 40.000000 2  -2.585099669050E-11 -2.574908385469E-12
AR GRAD 2024 07 06 01 45 50.000000 2  -1.921628654811E-11  1.052845744615E-11
AR GRAD 2024 07 06 01 46  0.000000 2  -2.121093578555E-11 -9.568184786146E-12
AR GRAD 2024 07 06 01 46 10.000000 2  -2.607647951736E-11  2.935175106439E-12
AR GRAD 2024 07 06 01 46 20.000000 2  -2.284533152930E-11 -1.061464392944E-12
AR GRAD 2024 07 06 01 46 30.000000 2  -2.316835785721E-11  1.314189642526E-11
AR GRAD 2024 07 06 01 46 40.000000 2  -2.369033788585E-11 -6.854742901768E-12
AR GRAD 2024 07 06 01 46 50.000000 2  -2.121170426805E-11 -5.138654801153E-14
AR GRAD 2024 07 06 01 47  0.000000 2  -2.387423071737E-11  3.451974166582E-12
AR GRAD 2024 07 06 01 47 10.000000 2  -2.552708565362E-11  7.355332488912E-12
AR GRAD 2024 07 06 01 47 20.000000 2  -2.400819126835E-11 -4.741313244794E-12
AR GRAD 2024 07 06 01 47 30.000000 2  -2.696085542320E-11 -1.303795352930E-11
AR GRAD 2024 07 06 01 47 40.000000 2  -2.348820443698E-11  2.065404271223E-12
AR GRAD 2024 07 06 01 47 50.000000 2  -2.282618018212E-11 -5.131238316192E-12
AR GRAD 2024 07 06 01 48  0.000000 2  -1.895479953551E-11  1.337211591457E-11
AR GRAD 2024 07 06 01 48 10.000000 2  -2.669365076202E-11 -3.324527502249E-12
AR GRAD 2024 07 06 01 48 20.000000 2  -2.408231426776E-11  2.357882812609E-11
AR GRAD 2024 07 06 01 48 30.000000 2  -2.544402188942E-11 -2.741781801596E-11
AR GRAD 2024 07 06 01 48 40.000000 2  -2.733735807170E-11 -1.414459261523E-12
AR GRAD 2024 07 06 01 48 50.000000 2  -2.341125730776E-11  5.688891632077E-12
AR GRAD 2024 07 06 01 49  0.000000 2  -2.509353835833E-11 -1.920775517805E-11
AR GRAD 2024 07 06 01 49 10.000000 2  -2.403026562459E-11 -3.204398985740E-12
AR GRAD 2024 07 06 01 49 20.000000 2  -2.011691334347E-11 -1.701046096515E-12
AR GRAD 2024 07 06 01 49 30.000000 2  -2.374167355768E-11  2.002307174231E-12
AR GRAD 2024 07 06 01 49 40.000000 2  -2.082995408104E-11 -1.769433904952E-11
AR GRAD 2024 07 06 01 49 50.000000 2  -2.649075576955E-11 -1.990986585668E-12
AR GRAD 2024 07 06 01 50  0.000000 2  -2.269834320501E-11 -5.187635911119E-12
AR GRAD 2024 07 06 01 50 10.000000 2  -2.318058071882E-11 -1.398428508409E-11
AR GRAD 2024 07 06 01 50 20.000000 2  -2.700550720547E-11  2.819064426340E-12
AR GRAD 2024 07 06 01 50 30.000000 2  -2.372777668791E-11 -1.347758103037E-11
AR GRAD 2024 07 06 01 50 40.000000 2  -2.622759301407E-11  4.257702317882E-13
AR GRAD 2024 07 06 01 50 50.000000 2  -2.205148390277E-11  3.629118706938E-12
AR GRAD 2024 07 06 01 51  0.000000 2  -2.447026088703E-11 -1.367530546269E-12
AR GRAD 2024 07 06 01 51 10.000000 2  -2.462212725374E-11 -3.676418197651E-11
AR GRAD 2024 07 06 01 51 20.000000 2  -2.162347384482E-11 -1.226083037181E-11
AR GRAD 2024 07 06 01 51 30.000000 2  -2.348897638893E-11  1.404251801645E-11
AR GRAD 2024 07 06 01 51 40.000000 2  -1.937976168431E-11 -2.235413763818E-11
AR GRAD 2024 07 06 01 51 50.000000 2  -2.444076364905E-11  6.049211478953E-12
AR GRAD 2024 07 06 01 52  0.000000 2  -2.097061586881E-11 -9.347437754381E-12
AR GRAD 2024 07 06 01 52 10.000000 2  -1.965058150921E-11 -7.744092693496E-12
AR GRAD 2024 07 06 01 52 20.000000 2  -2.138134981566E-11 -3.240745779370E-12
AR GRAD 2024 07 06 01 52 30.000000 2  -2.399544972442E-11  2.762600911921E-12
AR GRAD 2024 07 06 01 52 40.000000 2  -2.530098353049E-11 -8.340532041060E-13
AR GRAD 2024 07 06 01 52 50.000000 2  -2.229998477543E-11 -4.307066042795E-13
AR GRAD 2024 07 06 01 53  0.000000 2  -2.485998559787E-11 -1.582736372518E-11
AR GRAD 2024 07 06 01 53 10.000000 2  -2.542327286192E-11 -5.240193045111E-13
AR GRAD 2024 07 06 01 53 20.000000 2  -2.314743709209E-11 -3.720672641511E-12
AR GRAD 2024 07 06 01 53 30.000000 2  -2.484320214824E-11 -1.601732982359E-11
AR GRAD 2024 07 06 01 53 40.000000 2  -1.884584849288E-11 -7.913985439201E-12
AR GRAD 2024 07 06 01 53 50.000000 2  -1.930322741928E-11 -1.171064027000E-11
AR GRAD 2024 07 06 01 54  0.000000 2  -2.398662865555E-11 -9.007296644659E-12
AR GRAD 2024 07 06 01 54 10.000000 2  -2.748945342190E-11 -8.103953272331E-12
AR GRAD 2024 07 06 01 54 20.000000 2  -1.977047518753E-11 -1.240061265478E-11
AR GRAD 2024 07 06 01 54 30.000000 2  -2.811933325075E-11 -1.399727035667E-11
AR GRAD 2024 07 06 01 54 40.000000 2  -2.352345401802E-11  6.060711286136E-13
AR GRAD 2024 07 06 01 54 50.000000 2  -2.088014310064E-11 -6.190589707522E-12
AR GRAD 2024 07 06 01 55  0.000000 2  -1.699327137339E-11 -1.238724921249E-11
AR GRAD 2024 07 06 01 55 10.000000 2  -2.637843936337E-11 -1.958390394297E-11
AR GRAD 2024 07 06 01 55 20.000000 2  -2.309069081774E-11 -1.938056486128E-11
AR GRAD 2024 07 06 01 55 30.000000 2  -2.090099447682E-11 -4.977227397590E-12
AR GRAD 2024 07 06 01 55 40.000000 2  -2.135324035646E-11 -5.673887141372E-12
AR GRAD 2024 07 06 01 55 50.000000 2  -2.546951712035E-11 -1.047054717235E-11
AR GRAD 2024 07 06 01 56  0.000000 2  -2.419260278219E-11  8.832793003954E-12
AR GRAD 2024 07 06 01 56 10.000000 2  -2.338970683802E-11 -3.116386662616E-11
AR GRAD 2024 07 06 01 56 20.000000 2  -2.429072047672E-11 -1.160529680168E-12
AR GRAD 2024 07 06 01 56 30.000000 2  -1.814443213732E-11 -1.365719429908E-11
AR GRAD 2024 07 06 01 56 40.000000 2  -2.440796002812E-11  9.446141785441E-12
AR GRAD 2024 07 06 01 56 50.000000 2  -2.252521780211E-11 -2.045051801514E-11
AR GRAD 2024 07 06 01 57  0.000000 2  -2.429197294707E-11 -1.484718424594E-11
AR GRAD 2024 07 06 01 57 10.000000 2  -1.893149872978E-11 -5.643849103343E-12
AR GRAD 2024 07 06 01 57 20.000000 2  -2.511947767847E-11 -4.340512324563E-12
AR GRAD 2024 07 06 01 57 30.000000 2  -1.693459435181E-11 -2.123717521285E-11
AR GRAD 2024 07 06 01 57 40.000000 2  -2.243435472116E-11 -2.333839935545E-12
AR GRAD 2024 07 06 01 57 50.000000 2  -1.785897818518E-11 -8.630506899421E-12
AR GRAD 2024 07 06 01 58  0.000000 2  -2.139901277010E-11 -7.327170120641E-12
AR GRAD 2024 07 06 01 58 10.000000 2  -2.171927741823E-11 -1.112383622714E-11
AR GRAD 2024 07 06 01 58 20.000000 2  -2.369546399372E-11 -5.120505582046E-12
AR GRAD 2024 07 06 01 58 30.000000 2  -2.006304324065E-11 -9.417168433945E-12
AR GRAD 2024 07 06 01 58 40.000000 2  -2.257279953233E-11 -1.861384310575E-11
AR GRAD 2024 07 06 01 58 50.000000 2  -1.754781216168E-11 -1.121050387937E-11
AR GRAD 2024 07 06 01 59  0.000000 2  -2.145546240673E-11 -7.207173659957E-12
AR GRAD 2024 07 06 01 59 10.000000 2  -2.343937544058E-11 -1.200384149719E-11
AR GRAD 2024 07 06 01 59 20.000000 2  -1.720600051325E-11 -1.920051097282E-11
AR GRAD 2024 07 06 01 59 30.000000 2  -2.073422336601E-11 -5.797180010342E-12
AR GRAD 2024 07 06 01 59 40.000000 2  -1.860566041512E-11 -3.793849349260E-12
AR GRAD 2024 07 06 01 59 50.000000 2  -1.899166067465E-11 -8.590517186491E-12
AR GRAD 2024 07 06 02 00  0.000000 2  -2.323099525248E-11 -1.188719001705E-11
AR GRAD 2024 07 06 02 00 10.000000 2  -1.999200631431E-11 -6.583856723696E-12
AR GRAD 2024 07 06 02 00 20.000000 2  -1.858124418219E-11 -1.580531278772E-12
AR GRAD 2024 07 06 02 00 30.000000 2  -1.421616990793E-11 -1.277720117210E-11
AR GRAD 2024 07 06 02 00 40.000000 2  -2.138546457975E-11 -2.057387593624E-11
AR GRAD 2024 07 06 02 00 50.000000 2  -1.357940062480E-11 -2.370542347488E-12
AR GRAD 2024 07 06 02 01  0.000000 2  -1.786715567165E-11 -1.456721895887E-11
AR GRAD 2024 07 06 02 01 10.000000 2  -1.288652344555E-11 -2.276388973155E-11
AR GRAD 2024 07 06 02 01 20.000000 2  -1.430720385914E-11 -8.605638445770E-13
AR GRAD 2024 07 06 02 01 30.000000 2  -1.423905698211E-11 -8.457237514470E-12
AR GRAD 2024 07 06 02 01 40.000000 2  -1.946689337506E-11 -9.253909270812E-12
AR GRAD 2024 07 06 02 01 50.000000 2  -1.388471022185E-11 -1.165058414326E-11
AR GRAD 2024 07 06 02 02  0.000000 2  -1.686296241532E-11 -6.147258049816E-12
AR GRAD 2024 07 06 02 02 10.000000 2  -1.556586456952E-11 -3.243933116917E-12
AR GRAD 2024 07 06 02 02 20.000000 2  -1.705509344863E-11 -1.184060922227E-11
AR GRAD 2024 07 06 02 02 30.000000 2  -1.749669159556E-11 -3.837281620928E-12
AR GRAD 2024 07 06 02 02 40.000000 2  -1.847898396801E-11 -1.103395846913E-11
AR GRAD 2024 07 06 02 02 50.000000 2  -2.043567051691E-11 -5.330635672457E-12
AR GRAD 2024 07 06 02 03  0.000000 2  -1.144053862062E-11 -1.582731341820E-11
AR GRAD 2024 07 06 02 03 10.000000 2  -1.155066060160E-11 -7.023990330340E-12
AR GRAD 2024 07 06 02 03 20.000000 2  -1.586418149624E-11 -4.620666696487E-12
AR GRAD 2024 07 06 02 03 30.000000 2  -1.635526089561E-11 -1.061734467706E-11
AR GRAD 2024 07 06 02 03 40.000000 2  -1.654928451222E-11 -1.851402364750E-11
AR GRAD 2024 07 06 02 03 50.000000 2  -1.636337419730E-11 -1.111070090098E-11
AR GRAD 2024 07 06 02 04  0.000000 2  -2.350430267084E-11 -5.407378537992E-12
AR GRAD 2024 07 06 02 04 10.000000 2  -1.055384599158E-11 -4.504057717070E-12
AR GRAD 2024 07 06 02 04 20.000000 2  -1.246450512249E-11 -9.200737394188E-12
AR GRAD 2024 07 06 02 04 30.000000 2  -1.910491556623E-11 -5.897419705359E-12
AR GRAD 2024 07 06 02 04 40.000000 2  -1.703708875367E-11 -1.789409939668E-11
AR GRAD 2024 07 06 02 04 50.000000 2  -1.883537423253E-11 -3.490781014942E-12
AR GRAD 2024 07 06 02 05  0.000000 2  -1.401886245977E-11 -1.538746040308E-11
AR GRAD 2024 07 06 02 05 10.000000 2  -1.259081120614E-11 -1.918414212210E-11
AR GRAD 2024 07 06 02 05 20.000000 2  -1.513745205572E-11  4.219175789993E-12
AR GRAD 2024 07 06 02 05 30.000000 2  -1.374414818067E-11 -2.247750423290E-11
AR GRAD 2024 07 06 02 05 40.000000 2  -1.548069658575E-11  2.325808816372E-12
AR GRAD 2024 07 06 02 05 50.000000 2  -1.586167829026E-11 -3.170872418801E-12
AR GRAD 2024 07 06 02 06  0.000000 2  -7.597913617707E-12 -1.696755583258E-11
AR GRAD 2024 07 06 02 06 10.000000 2  -1.363916358327E-11  3.835760268439E-12
AR GRAD 2024 07 06 02 06 20.000000 2  -1.629719449669E-11 -1.026092318751E-11
AR GRAD 2024 07 06 02 06 30.000000 2  -1.020767411569E-11  2.442390907575E-12
AR GRAD 2024 07 06 02 06 40.000000 2  -1.228844283274E-11 -5.542928854622E-13
AR GRAD 2024 07 06 02 06 50.000000 2  -1.288436024538E-11 -4.450978648152E-12
AR GRAD 2024 07 06 02 07  0.000000 2  -9.428719957572E-12 -9.047665394668E-12
AR GRAD 2024 07 06 02 07 10.000000 2  -9.229866870797E-12 -3.644347410653E-12
AR GRAD 2024 07 06 02 07 20.000000 2  -8.722537449268E-12 -3.041035088677E-12
AR GRAD 2024 07 06 02 07 30.000000 2  -6.551809875882E-12  3.762278683039E-12
AR GRAD 2024 07 06 02 07 40.000000 2  -1.606901764428E-11 -8.634409159880E-12
AR GRAD 2024 07 06 02 07 50.000000 2  -1.214703077707E-11 -1.693109367984E-11
AR GRAD 2024 07 06 02 08  0.000000 2  -6.190373300768E-12  1.772218764969E-12
AR GRAD 2024 07 06 02 08 10.000000 2  -8.009133287135E-12 -4.524471942935E-12
AR GRAD 2024 07 06 02 08 20.000000 2  -5.467917785218E-12  3.788415165341E-13
AR GRAD 2024 07 06 02 08 30.000000 2  -1.020788228251E-11 -6.317850322762E-12
AR GRAD 2024 07 06 02 08 40.000000 2  -2.409288263686E-12  7.385462900966E-12
AR GRAD 2024 07 06 02 08 50.000000 2  -5.290073934461E-12  5.288772891854E-12
AR GRAD 2024 07 06 02 09  0.000000 2  -7.151165944130E-12 -2.707917440628E-12
AR GRAD 2024 07 06 02 09 10.000000 2  -2.257657602533E-12 -2.604610103984E-12
AR GRAD 2024 07 06 02 09 20.000000 2  -6.474062605455E-12 -1.670129833042E-11
AR GRAD 2024 07 06 02 09 30.000000 2  -7.051505646755E-12  2.502010751360E-12
AR GRAD 2024 07 06 02 09 40.000000 2  -7.081338987414E-12 -5.094682488382E-12
AR GRAD 2024 07 06 02 09 50.000000 2  -8.977981552638E-12 -7.391372236487E-12
AR GRAD 2024 07 06 02 10  0.000000 2  -5.546897142994E-12  1.081193468089E-11
AR GRAD 2024 07 06 02 10 10.000000 2  -1.161698341690E-11  1.141524288290E-11
AR GRAD 2024 07 06 02 10 20.000000 2  -9.965635955345E-12  3.518548299941E-12
AR GRAD 2024 07 06 02 10 30.000000 2  -3.006253015622E-12 -6.278142068716E-12
AR GRAD 2024 07 06 02 10 40.000000 2  -7.499906945485E-12 -4.974836081278E-12
AR GRAD 2024 07 06 02 10 50.000000 2  -4.171693372690E-12 -1.007153128257E-11
AR GRAD 2024 07 06 02 11  0.000000 2  -4.408921578519E-12  9.231777668706E-12
AR GRAD 2024 07 06 02 11 10.000000 2   2.376763282713E-12  3.435079477809E-12
AR GRAD 2024 07 06 02 11 20.000000 2  -3.428788936805E-12 -1.866161392083E-11
AR GRAD 2024 07 06 02 11 30.000000 2  -6.427910721057E-12  1.924168810397E-11
AR GRAD 2024 07 06 02 11 40.000000 2  -4.101522507044E-12  9.844995478570E-12
AR GRAD 2024 07 06 02 11 50.000000 2  -7.452232407557E-12  1.554829875960E-11
AR GRAD 2024 07 06 02 12  0.000000 2  -6.156514534283E-12 -7.648396672943E-12
AR GRAD 2024 07 06 02 12 10.000000 2  -2.908961049472E-12  1.655490501629E-11
AR GRAD 2024 07 06 02 12 20.000000 2  -6.461761681287E-12  1.158208836997E-12
AR GRAD 2024 07 06 02 12 30.000000 2  -1.996136545987E-12  5.461509283017E-12
AR GRAD 2024 07 06 02 12 40.000000 2  -5.765948048880E-12  8.864812529874E-12
AR GRAD 2024 07 06 02 12 50.000000 2  -4.583350192433E-12  4.068113033939E-12
AR GRAD 2024 07 06 02 13  0.000000 2  -9.819159374480E-12  8.271417405170E-12
AR GRAD 2024 07 06 02 13 10.000000 2  -1.761743962519E-12  5.174717859074E-12
AR GRAD 2024 07 06 02 13 20.000000 2   3.124606151074E-13  1.147801905604E-11
AR GRAD 2024 07 06 02 13 30.000000 2  -5.998161602822E-12 -2.418684176553E-12
AR GRAD 2024 07 06 02 13 40.000000 2  -2.740752503422E-12 -2.815381825241E-12
AR GRAD 2024 07 06 02 13 50.000000 2  -1.876154830452E-12 -1.512083427219E-12
AR GRAD 2024 07 06 02 14  0.000000 2  -2.945497144802E-12  7.591215850367E-12
AR GRAD 2024 07 06 02 14 10.000000 2  -9.584237049831E-12  2.699451252808E-11
AR GRAD 2024 07 06 02 14 20.000000 2  -3.030572971394E-12  8.597812566069E-12
AR GRAD 2024 07 06 02 14 30.000000 2  -3.512902859229E-12  1.801109283418E-12
AR GRAD 2024 07 06 02 14 40.000000 2   6.800899904000E-13  1.750440591086E-11
AR GRAD 2024 07 06 02 14 50.000000 2  -3.419215431621E-12  1.607703662039E-12
AR GRAD 2024 07 06 02 15  0.000000 2   1.975167804921E-13  1.201100243570E-11
AR GRAD 2024 07 06 02 15 10.000000 2  -3.332965197236E-12  1.341430005269E-11
AR GRAD 2024 07 06 02 15 20.000000 2   9.588651487397E-13  1.781759288721E-11
AR GRAD 2024 07 06 02 15 30.000000 2  -1.412651137560E-12 -2.791107189121E-13
AR GRAD 2024 07 06 02 15 40.000000 2  -2.530618293042E-12  3.524184850195E-12
AR GRAD 2024 07 06 02 15 50.000000 2  -6.319394877177E-13  2.672747960453E-11
AR GRAD 2024 07 06 02 16  0.000000 2   4.495455928084E-13  2.730774157148E-12
AR GRAD 2024 07 06 02 16 10.000000 2  -2.826647336335E-12  1.523407094917E-11
AR GRAD 2024 07 06 02 16 20.000000 2  -3.862015308248E-12  5.637363405947E-12
AR GRAD 2024 07 06 02 16 30.000000 2  -1.519771613244E-12  1.294065722635E-11
AR GRAD 2024 07 06 02 16 40.000000 2  -3.820734527371E-12  2.964395048877E-11
AR GRAD 2024 07 06 02 16 50.000000 2   3.326058178876E-12  1.044724289717E-11
AR GRAD 2024 07 06 02 17  0.000000 2  -1.848071825780E-12  6.450535418312E-12
AR GRAD 2024 07 06 02 17 10.000000 2  -8.215033688030E-12  2.955382813474E-11
AR GRAD 2024 07 06 02 17 20.000000 2  -4.923077462186E-14  1.165712058132E-11
AR GRAD 2024 07 06 02 17 30.000000 2   1.574080492686E-12  1.576041033791E-11
AR GRAD 2024 07 06 02 17 40.000000 2  -9.769756618289E-13  1.836370118469E-11
AR GRAD 2024 07 06 02 17 50.000000 2  -2.184021409904E-12  6.666992045240E-12
AR GRAD 2024 07 06 02 18  0.000000 2   2.507991427383E-12  1.917028168152E-11
AR GRAD 2024 07 06 02 18 10.000000 2   3.406957875540E-12  4.873573333092E-12
AR GRAD 2024 07 06 02 18 20.000000 2  -4.746285395957E-12  3.137686291343E-11
AR GRAD 2024 07 06 02 18 30.000000 2   4.020183491660E-12  6.380152049040E-12
AR GRAD 2024 07 06 02 18 40.000000 2   7.329451715693E-13  1.788343778619E-11
AR GRAD 2024 07 06 02 18 50.000000 2  -3.104201791448E-12  2.508672783397E-11
AR GRAD 2024 07 06 02 19  0.000000 2   2.189832733548E-12  1.409001647995E-11
AR GRAD 2024 07 06 02 19 10.000000 2  -3.265679285151E-14  8.593304019755E-12
AR GRAD 2024 07 06 02 19 20.000000 2   4.377747486349E-15  1.179659148143E-11
AR GRAD 2024 07 06 02 19 30.000000 2   2.638195651522E-12  1.449988046298E-11
AR GRAD 2024 07 06 02 19 40.000000 2   7.345533035996E-12  1.470316576824E-11
AR GRAD 2024 07 06 02 19 50.000000 2   1.492497098132E-12  2.270644956781E-11
AR GRAD 2024 07 06 02 20  0.000000 2  -3.871047579707E-12  8.009737838266E-12
AR GRAD 2024 07 06 02 20 10.000000 2   3.061635580476E-12  5.013022982836E-12
AR GRAD 2024 07 06 02 20 20.000000 2   4.976718689931E-12  8.316305977196E-12
AR GRAD 2024 07 06 02 20 30.000000 2   1.841721219975E-12  3.201959530852E-11
AR GRAD 2024 07 06 02 20 40.000000 2   2.028667164811E-12  1.462287582688E-11
AR GRAD 2024 07 06 02 20 50.000000 2   6.063780554066E-12  2.615958936015E-14
AR GRAD 2024 07 06 02 21  0.000000 2   5.532777361261E-12  1.132944606186E-11
AR GRAD 2024 07 06 02 21 10.000000 2   5.421005658257E-12  3.463272724158E-11
AR GRAD 2024 07 06 02 21 20.000000 2   6.412863729627E-12  8.036011092671E-12
AR GRAD 2024 07 06 02 21 30.000000 2   1.659643966310E-13  1.193929330401E-11
AR GRAD 2024 07 06 02 21 40.000000 2   9.868971959093E-12  4.842577294023E-12
AR GRAD 2024 07 06 02 21 50.000000 2   4.333451132654E-12  1.854585755801E-11
AR GRAD 2024 07 06 02 22  0.000000 2   9.167878262106E-12 -4.050862076332E-12
AR GRAD 2024 07 06 02 22 10.000000 2   1.094457857675E-11  2.045241927207E-11
AR GRAD 2024 07 06 02 22 20.000000 2  -7.914120205531E-14  1.305570148519E-11
AR GRAD 2024 07 06 02 22 30.000000 2   4.395937606982E-12  1.685898122494E-11
AR GRAD 2024 07 06 02 22 40.000000 2   2.486058884796E-12  1.562262363745E-12
AR GRAD 2024 07 06 02 22 50.000000 2   7.081204546344E-12  3.965539702167E-12
AR GRAD 2024 07 06 02 23  0.000000 2   2.386757892020E-12  2.156881964699E-11
AR GRAD 2024 07 06 02 23 10.000000 2   4.111479386115E-12  2.172099739656E-12
AR GRAD 2024 07 06 02 23 20.000000 2   6.278839210713E-13  2.357537602637E-11
AR GRAD 2024 07 06 02 23 30.000000 2   5.142720884560E-12  4.978654207649E-12
AR GRAD 2024 07 06 02 23 40.000000 2   2.384779873577E-12  1.248193302189E-11
AR GRAD 2024 07 06 02 23 50.000000 2   4.663532147259E-12  1.268521138825E-11
AR GRAD 2024 07 06 02 24  0.000000 2   9.050892847695E-12 -5.911513466239E-12
AR GRAD 2024 07 06 02 24 10.000000 2   9.423465480163E-12  1.139176513537E-11
AR GRAD 2024 07 06 02 24 20.000000 2   8.890633021452E-12  6.950413551990E-13
AR GRAD 2024 07 06 02 24 30.000000 2   9.026039464455E-12  9.498317063428E-12
AR GRAD 2024 07 06 02 24 40.000000 2   6.416734765063E-12  1.480159224354E-11
AR GRAD 2024 07 06 02 24 50.000000 2   6.857440396774E-12  1.330486762430E-11
AR GRAD 2024 07 06 02 25  0.000000 2   6.099522796565E-12  1.140814179235E-11
AR GRAD 2024 07 06 02 25 10.000000 2   7.724709760737E-12  9.511417695118E-12
AR GRAD 2024 07 06 02 25 20.000000 2   7.802849512351E-12  9.614692722537E-12
AR GRAD 2024 07 06 02 25 30.000000 2   4.535178222548E-12 -2.682036667409E-12
AR GRAD 2024 07 06 02 25 40.000000 2  -3.378614120246E-13  1.652123750306E-11
AR GRAD 2024 07 06 02 25 50.000000 2   1.253893581847E-12  7.924511741253E-12
AR GRAD 2024 07 06 02 26  0.000000 2   9.194708362747E-12  4.927784742759E-12
AR GRAD 2024 07 06 02 26 10.000000 2   7.070002569498E-12  1.873105490158E-11
AR GRAD 2024 07 06 02 26 20.000000 2   8.554172127584E-12  1.934326830655E-12
AR GRAD 2024 07 06 02 26 30.000000 2   1.037589372060E-11  8.637600183714E-12
AR GRAD 2024 07 06 02 26 40.000000 2   8.593665709600E-12  1.144086908544E-11
AR GRAD 2024 07 06 02 26 50.000000 2   8.000454465584E-12  1.544414075794E-11
AR GRAD 2024 07 06 02 27  0.000000 2   1.219768903937E-11  2.984741273582E-11
AR GRAD 2024 07 06 02 27 10.000000 2   3.214382969866E-12  1.850684319335E-12
AR GRAD 2024 07 06 02 27 20.000000 2   1.120182505782E-11  7.953950866002E-12
AR GRAD 2024 07 06 02 27 30.000000 2   9.024554541159E-12  8.357219430377E-12
AR GRAD 2024 07 06 02 27 40.000000 2   7.656364257869E-12  2.136048976586E-11
AR GRAD 2024 07 06 02 27 50.000000 2   9.681998258682E-12  2.263754938711E-12
AR GRAD 2024 07 06 02 28  0.000000 2   8.502547624301E-12  2.670270417542E-13
AR GRAD 2024 07 06 02 28 10.000000 2   8.168231716010E-12  1.767029231270E-11
AR GRAD 2024 07 06 02 28 20.000000 2   8.038062403182E-12  1.447356297313E-11
AR GRAD 2024 07 06 02 28 30.000000 2   1.207959687138E-11  1.776827816824E-12
AR GRAD 2024 07 06 02 28 40.000000 2   5.993103149166E-12  1.478009555023E-11
AR GRAD 2024 07 06 02 28 50.000000 2   6.898316987081E-12  6.883361935994E-12
AR GRAD 2024 07 06 02 29  0.000000 2   8.632108049189E-12  2.048662975374E-11
AR GRAD 2024 07 06 02 29 10.000000 2   8.668887656327E-12  1.658989265407E-11
AR GRAD 2024 07 06 02 29 20.000000 2   1.383183498294E-11  1.849315839353E-11
AR GRAD 2024 07 06 02 29 30.000000 2   6.771489185348E-12  8.596423919927E-12
AR GRAD 2024 07 06 02 29 40.000000 2   1.178217506198E-11  5.199687035107E-12
AR GRAD 2024 07 06 02 29 50.000000 2   3.796148725227E-12  1.550295308794E-11
AR GRAD 2024 07 06 02 30  0.000000 2   1.072564172894E-11  2.480621437428E-11
AR GRAD 2024 07 06 02 30 10.000000 2   1.129226920304E-11  1.060948117554E-11
AR GRAD 2024 07 06 02 30 20.000000 2   7.646931698968E-12  1.101274193366E-11
AR GRAD 2024 07 06 02 30 30.000000 2   6.480944253484E-12  1.921600552290E-11
AR GRAD 2024 07 06 02 30 40.000000 2   1.390745938551E-11  1.531926842324E-11
AR GRAD 2024 07 06 02 30 50.000000 2   8.627256027627E-12  2.082253119928E-11
AR GRAD 2024 07 06 02 31  0.000000 2   1.339772476988E-11  3.125791292469E-12
AR GRAD 2024 07 06 02 31 10.000000 2   1.328418278157E-11  1.342905474322E-11
AR GRAD 2024 07 06 02 31 20.000000 2   7.100803452176E-12  1.553231501750E-11
AR GRAD 2024 07 06 02 31 30.000000 2   8.026576799047E-12  1.403557391838E-11
AR GRAD 2024 07 06 02 31 40.000000 2   8.256497048553E-12  2.173883295598E-11
AR GRAD 2024 07 06 02 31 50.000000 2   9.151155527798E-12  2.564209608535E-11
AR GRAD 2024 07 06 02 32  0.000000 2   1.359473644769E-11  5.845353281270E-12
AR GRAD 2024 07 06 02 32 10.000000 2   8.449684528455E-12  1.894861177687E-11
AR GRAD 2024 07 06 02 32 20.000000 2   1.320607252026E-11  1.115187109324E-11
AR GRAD 2024 07 06 02 32 30.000000 2   1.287150420970E-11  2.105512986184E-11
AR GRAD 2024 07 06 02 32 40.000000 2   1.167659805651E-11  1.895838694366E-11
AR GRAD 2024 07 06 02 32 50.000000 2   1.190060550105E-11  6.164490304935E-14
AR GRAD 2024 07 06 02 33  0.000000 2   1.206829775002E-11  2.556490089067E-11
AR GRAD 2024 07 06 02 33 10.000000 2   1.039201016906E-11  1.766815860282E-11
AR GRAD 2024 07 06 02 33 20.000000 2   1.295196935813E-11 -6.528583229581E-12
AR GRAD 2024 07 06 02 33 30.000000 2   1.089347882732E-11  4.827467592339E-11
AR GRAD 2024 07 06 02 33 40.000000 2   8.527980405182E-12  1.677792453580E-11
AR GRAD 2024 07 06 02 33 50.000000 2   1.290677720950E-11  1.618118312952E-11
AR GRAD 2024 07 06 02 34  0.000000 2   1.152180521130E-11  6.844401889868E-13
AR GRAD 2024 07 06 02 34 10.000000 2   1.187289502824E-11  1.788768959343E-11
AR GRAD 2024 07 06 02 34 20.000000 2   1.229117415485E-11  1.289094525569E-11
AR GRAD 2024 07 06 02 34 30.000000 2   1.706515137534E-11  3.439420276363E-11
AR GRAD 2024 07 06 02 34 40.000000 2   8.082961383549E-12  2.679745488010E-11
AR GRAD 2024 07 06 02 34 50.000000 2   1.465007629098E-11  1.930070686607E-11
AR GRAD 2024 07 06 02 35  0.000000 2   1.175939207121E-11  9.703959857887E-12
AR GRAD 2024 07 06 02 35 10.000000 2   7.833497739362E-12  3.300721154731E-11
AR GRAD 2024 07 06 02 35 20.000000 2   1.180005052004E-11  2.111046580600E-11
AR GRAD 2024 07 06 02 35 30.000000 2   1.111592762282E-11  1.831371686245E-11
AR GRAD 2024 07 06 02 35 40.000000 2   1.183440238167E-11  9.916966553503E-12
AR GRAD 2024 07 06 02 35 50.000000 2   1.458464772564E-11  1.962021864421E-11
AR GRAD 2024 07 06 02 36  0.000000 2   1.147061265416E-11  1.812346800412E-11
AR GRAD 2024 07 06 02 36 10.000000 2   1.421141242880E-11  2.562671949646E-11
AR GRAD 2024 07 06 02 36 20.000000 2   1.071338850966E-11  1.662996997054E-11
AR GRAD 2024 07 06 02 36 30.000000 2   1.308459243732E-11  3.033220376258E-12
AR GRAD 2024 07 06 02 36 40.000000 2   1.058163886375E-11  2.383646578730E-11
AR GRAD 2024 07 06 02 36 50.000000 2   1.075860407707E-11  1.773971594621E-11
AR GRAD 2024 07 06 02 37  0.000000 2   9.670375611393E-12  2.704296335476E-11
AR GRAD 2024 07 06 02 37 10.000000 2   1.371130466110E-11  8.146212870930E-12
AR GRAD 2024 07 06 02 37 20.000000 2   1.019828752696E-11  1.174946164667E-11
AR GRAD 2024 07 06 02 37 30.000000 2   1.692298037814E-11  1.575270816567E-11
AR GRAD 2024 07 06 02 37 40.000000 2   1.312618330002E-11  1.315595462431E-11
AR GRAD 2024 07 06 02 37 50.000000 2   1.276798285155E-11  1.215920159697E-11
AR GRAD 2024 07 06 02 38  0.000000 2   9.604892402260E-12  2.926245010193E-11
AR GRAD 2024 07 06 02 38 10.000000 2   1.686778494658E-11  2.046569164138E-11
AR GRAD 2024 07 06 02 38 20.000000 2   1.473781513495E-11  1.916893727083E-11
AR GRAD 2024 07 06 02 38 30.000000 2   1.480911747398E-11  1.747218342230E-11
AR GRAD 2024 07 06 02 38 40.000000 2   1.540513029641E-11  1.747542908992E-11
AR GRAD 2024 07 06 02 38 50.000000 2   1.762236190306E-11  1.627867111942E-11
AR GRAD 2024 07 06 02 39  0.000000 2   1.157944486824E-11  7.681916734670E-12
AR GRAD 2024 07 06 02 39 10.000000 2   1.408775440054E-11  1.588515950723E-11
AR GRAD 2024 07 06 02 39 20.000000 2   1.268025875273E-11  2.238840536573E-11
AR GRAD 2024 07 06 02 39 30.000000 2   1.150127302424E-11  1.739164715020E-11
AR GRAD 2024 07 06 02 39 40.000000 2   1.554278927784E-11  8.094889342170E-12
AR GRAD 2024 07 06 02 39 50.000000 2   1.316819396580E-11  1.159813044216E-11
AR GRAD 2024 07 06 02 40  0.000000 2   7.825132902761E-12  3.240137325111E-11
AR GRAD 2024 07 06 02 40 10.000000 2   1.072950148867E-11  2.140461419220E-11
AR GRAD 2024 07 06 02 40 20.000000 2   1.366841709260E-11  1.650785411145E-11
AR GRAD 2024 07 06 02 40 30.000000 2   1.629962310956E-11  1.201109697813E-11
AR GRAD 2024 07 06 02 40 40.000000 2   1.406828299688E-11  8.014337457563E-12
AR GRAD 2024 07 06 02 40 50.000000 2   1.378835674110E-11  1.411757603181E-11
AR GRAD 2024 07 06 02 41  0.000000 2   9.484519072900E-12  9.420817424777E-12
AR GRAD 2024 07 06 02 41 10.000000 2   5.749832901469E-12  1.852405555336E-11
AR GRAD 2024 07 06 02 41 20.000000 2   9.969763729856E-12  8.527294322047E-12
AR GRAD 2024 07 06 02 41 30.000000 2   1.072397292495E-11  1.013053356480E-11
AR GRAD 2024 07 06 02 41 40.000000 2   1.192705049308E-11  1.663376901495E-11
AR GRAD 2024 07 06 02 41 50.000000 2   1.195976564311E-11  1.737007781534E-12
AR GRAD 2024 07 06 02 42  0.000000 2   1.302969364347E-11  1.714024581989E-11
AR GRAD 2024 07 06 02 42 10.000000 2   9.339906452410E-12  9.943482669195E-12
AR GRAD 2024 07 06 02 42 20.000000 2   1.465102171527E-11  1.114671896452E-11
AR GRAD 2024 07 06 02 42 30.000000 2   1.421193805001E-11  1.084995374795E-11
AR GRAD 2024 07 06 02 42 40.000000 2   1.543876311516E-11  1.235319051912E-11
AR GRAD 2024 07 06 02 42 50.000000 2   8.769211051751E-12  1.535642620010E-11
AR GRAD 2024 07 06 02 43  0.000000 2   7.200631584048E-12  1.785966166623E-11
AR GRAD 2024 07 06 02 43 10.000000 2   9.615766516369E-12  1.886289735520E-11
AR GRAD 2024 07 06 02 43 20.000000 2   1.297386937466E-11  2.236612978157E-11
AR GRAD 2024 07 06 02 43 30.000000 2   7.916247518613E-12  1.706936501866E-11
AR GRAD 2024 07 06 02 43 40.000000 2   8.577133794874E-12  1.037260034809E-11
AR GRAD 2024 07 06 02 43 50.000000 2   1.162992618875E-11  2.247583195947E-11
AR GRAD 2024 07 06 02 44  0.000000 2   1.007506664902E-11  3.479064258904E-12
AR GRAD 2024 07 06 02 44 10.000000 2   6.926761247916E-12  2.382295749559E-12
AR GRAD 2024 07 06 02 44 20.000000 2   1.475466450407E-11  2.098553102126E-11
AR GRAD 2024 07 06 02 44 30.000000 2   1.006509719320E-11  1.048876090148E-11
AR GRAD 2024 07 06 02 44 40.000000 2   8.389181710422E-12  1.369199371937E-11
AR GRAD 2024 07 06 02 44 50.000000 2   1.189640573551E-11  8.895224834493E-12
AR GRAD 2024 07 06 02 45  0.000000 2   6.784824004707E-12 -4.001545622634E-12
AR GRAD 2024 07 06 02 45 10.000000 2   1.350643468595E-11  1.400168609528E-11
AR GRAD 2024 07 06 02 45 20.000000 2   8.644257185053E-12  1.620491588139E-11
AR GRAD 2024 07 06 02 45 30.000000 2   7.936433628342E-12  1.060814370374E-11
AR GRAD 2024 07 06 02 45 40.000000 2   9.596045312532E-12  1.711137481708E-11
AR GRAD 2024 07 06 02 45 50.000000 2   9.430805962551E-12  1.451460392848E-11
AR GRAD 2024 07 06 02 46  0.000000 2   1.409238090805E-11  4.717832027823E-12
AR GRAD 2024 07 06 02 46 10.000000 2   8.671574742991E-12  1.492105917988E-11
AR GRAD 2024 07 06 02 46 20.000000 2   1.411948856445E-11  1.482428763078E-11
AR GRAD 2024 07 06 02 46 30.000000 2   1.077198139715E-11  1.852751285725E-11
AR GRAD 2024 07 06 02 46 40.000000 2   1.378416304709E-11  1.303074401854E-11
AR GRAD 2024 07 06 02 46 50.000000 2   8.535283591016E-12  1.333396847797E-11
AR GRAD 2024 07 06 02 47  0.000000 2   1.116578270816E-11  9.337197681702E-12
AR GRAD 2024 07 06 02 47 10.000000 2   7.635817325657E-12  1.554042311502E-11
AR GRAD 2024 07 06 02 47 20.000000 2   1.236042344865E-11  4.543647142558E-12
AR GRAD 2024 07 06 02 47 30.000000 2   9.666515851658E-12 -5.653129006578E-12
AR GRAD 2024 07 06 02 47 40.000000 2   5.206714399908E-12  1.305009746100E-11
AR GRAD 2024 07 06 02 47 50.000000 2   1.117779653559E-11  1.595332199678E-11
AR GRAD 2024 07 06 02 48  0.000000 2   1.649076361576E-11  8.056546749180E-12
AR GRAD 2024 07 06 02 48 10.000000 2   9.770812631205E-12  6.159768441844E-12
AR GRAD 2024 07 06 02 48 20.000000 2   1.337377170813E-11  7.362993895144E-12
AR GRAD 2024 07 06 02 48 30.000000 2   1.190265074003E-11  1.116621552166E-11
AR GRAD 2024 07 06 02 48 40.000000 2   8.324361165657E-12  9.469439989085E-12
AR GRAD 2024 07 06 02 48 50.000000 2   1.280373463503E-11  2.972661613393E-12
AR GRAD 2024 07 06 02 49  0.000000 2   1.298927805593E-11  9.575882621571E-12
AR GRAD 2024 07 06 02 49 10.000000 2   7.664840984134E-12  1.497910302739E-11
AR GRAD 2024 07 06 02 49 20.000000 2   6.238645450934E-12  1.948232547511E-11
AR GRAD 2024 07 06 02 49 30.000000 2   1.045644387049E-11  1.458554631240E-11
AR GRAD 2024 07 06 02 49 40.000000 2   1.072576142486E-11  8.988765461126E-12
AR GRAD 2024 07 06 02 49 50.000000 2   6.678232619683E-12  8.491986627779E-12
AR GRAD 2024 07 06 02 50  0.000000 2   1.089217691735E-11  1.529520607391E-11
AR GRAD 2024 07 06 02 50 10.000000 2   1.112891137751E-12  5.198427192182E-12
AR GRAD 2024 07 06 02 50 20.000000 2   8.387062745696E-12  1.550164337172E-11
AR GRAD 2024 07 06 02 50 30.000000 2   9.908299007655E-12  1.240486359466E-11
AR GRAD 2024 07 06 02 50 40.000000 2   5.255281019384E-12  1.010808103885E-11
AR GRAD 2024 07 06 02 50 50.000000 2   1.232792600642E-11  7.511301476637E-12
AR GRAD 2024 07 06 02 51  0.000000 2   5.925180918825E-12  7.145167704031E-13
AR GRAD 2024 07 06 02 51 10.000000 2   1.217699292094E-11  1.691773457435E-11
AR GRAD 2024 07 06 02 51 20.000000 2   3.796133546397E-12  3.420951022459E-12
AR GRAD 2024 07 06 02 51 30.000000 2   7.207879692411E-12  3.224168761834E-12
AR GRAD 2024 07 06 02 51 40.000000 2   2.983915631943E-12  1.212738503370E-11
AR GRAD 2024 07 06 02 51 50.000000 2   6.109175231667E-12  5.630600586476E-12
AR GRAD 2024 07 06 02 52  0.000000 2   6.564507618045E-12  1.433815956589E-12
AR GRAD 2024 07 06 02 52 10.000000 2   4.951193101344E-12  2.637028833144E-12
AR GRAD 2024 07 06 02 52 20.000000 2   2.167765099370E-12  5.540245345825E-12
AR GRAD 2024 07 06 02 52 30.000000 2   5.813623454171E-12  6.943458828734E-12
AR GRAD 2024 07 06 02 52 40.000000 2   4.673457367627E-12  3.466748643797E-13
AR GRAD 2024 07 06 02 52 50.000000 2   1.008613505216E-11  1.214988526455E-11
AR GRAD 2024 07 06 02 53  0.000000 2   3.397276166980E-12  5.053097697216E-12
AR GRAD 2024 07 06 02 53 10.000000 2   9.274418039107E-12  3.156312234145E-12
AR GRAD 2024 07 06 02 53 20.000000 2   3.720523021611E-12  3.759523942160E-12
AR GRAD 2024 07 06 02 53 30.000000 2   1.799228626330E-13  5.627354051491E-13
AR GRAD 2024 07 06 02 53 40.000000 2   4.118093453048E-12  1.659489467501E-13
AR GRAD 2024 07 06 02 53 50.000000 2   4.071176555598E-12  1.316915847205E-11
AR GRAD 2024 07 06 02 54  0.000000 2  -9.129746654860E-13 -1.272762971405E-11
AR GRAD 2024 07 06 02 54 10.000000 2   6.110689645261E-12  6.775582699070E-12
AR GRAD 2024 07 06 02 54 20.000000 2   7.949720525965E-13  3.378789869418E-12
AR GRAD 2024 07 06 02 54 30.000000 2  -1.096953582656E-12  8.819989552079E-13
AR GRAD 2024 07 06 02 54 40.000000 2   7.368398426133E-12  8.985211012724E-12
AR GRAD 2024 07 06 02 54 50.000000 2   7.806078916942E-13 -3.211580957771E-12
AR GRAD 2024 07 06 02 55  0.000000 2   2.516552721418E-12  8.391626803161E-12
AR GRAD 2024 07 06 02 55 10.000000 2   8.406567000678E-13  9.394835603915E-12
AR GRAD 2024 07 06 02 55 20.000000 2   4.223255425928E-12  3.798045645348E-12
AR GRAD 2024 07 06 02 55 30.000000 2   8.919479873659E-14  2.901254323590E-12
AR GRAD 2024 07 06 02 55 40.000000 2   3.699250974987E-12  5.404458564701E-12
AR GRAD 2024 07 06 02 55 50.000000 2   3.953189229959E-13  7.207665020381E-12
AR GRAD 2024 07 06 02 56  0.000000 2   9.326635600979E-13  6.510872136573E-12
AR GRAD 2024 07 06 02 56 10.000000 2   1.503248914236E-12  7.314079029930E-12
AR GRAD 2024 07 06 02 56 20.000000 2   2.199711550063E-12  1.001728387739E-11
AR GRAD 2024 07 06 02 56 30.000000 2   2.402338961441E-12  1.420487208761E-12
AR GRAD 2024 07 06 02 56 40.000000 2   6.679793437131E-12  7.923696421219E-12
AR GRAD 2024 07 06 02 56 50.000000 2   1.161573007918E-11 -9.673103464058E-12
AR GRAD 2024 07 06 02 57  0.000000 2   2.604368814791E-14 -3.869896590680E-12
AR GRAD 2024 07 06 02 57 10.000000 2   2.978518473529E-12  2.133307419605E-12
AR GRAD 2024 07 06 02 57 20.000000 2  -4.641838129149E-12  2.036509849646E-12
AR GRAD 2024 07 06 02 57 30.000000 2   1.346773604097E-12  4.739714263430E-12
AR GRAD 2024 07 06 02 57 40.000000 2   1.211222420104E-12  2.642916701462E-12
AR GRAD 2024 07 06 02 57 50.000000 2   5.022468985844E-12  2.046118266139E-12
AR GRAD 2024 07 06 02 58  0.000000 2  -2.003395930053E-12  2.849322557411E-12
AR GRAD 2024 07 06 02 58 10.000000 2  -3.296417392523E-12 -1.984747609318E-11
AR GRAD 2024 07 06 02 58 20.000000 2  -1.802858318363E-12  9.055725787299E-12
AR GRAD 2024 07 06 02 58 30.000000 2   1.117287685981E-12 -7.341074796663E-12
AR GRAD 2024 07 06 02 58 40.000000 2   3.276316934767E-12  2.296212525676E-11
AR GRAD 2024 07 06 02 58 50.000000 2   3.157293437112E-12 -1.253467208501E-11
AR GRAD 2024 07 06 02 59  0.000000 2  -3.392024942178E-12  1.126852604283E-11
AR GRAD 2024 07 06 02 59 10.000000 2  -1.100311682045E-11 -5.428275450664E-12
AR GRAD 2024 07 06 02 59 20.000000 2  -5.381361588980E-13  1.257492721063E-11
AR GRAD 2024 07 06 02 59 30.000000 2  -1.340591049628E-12  9.178126141041E-12
AR GRAD 2024 07 06 02 59 40.000000 2  -7.557359252286E-12 -5.818679739422E-12
AR GRAD 2024 07 06 02 59 50.000000 2  -3.225512522007E-12 -1.421547862063E-11
AR GRAD 2024 07 06 03 00  0.000000 2  -6.932014099022E-13  1.598771635913E-11
AR GRAD 2024 07 06 03 00 10.000000 2  -3.813220572635E-12 -6.090836385600E-13
AR GRAD 2024 07 06 03 00 20.000000 2  -3.064304452544E-12  7.694113575429E-12
AR GRAD 2024 07 06 03 00 30.000000 2  -9.668234962623E-12 -1.026924788153E-13
AR GRAD 2024 07 06 03 00 40.000000 2  -7.037527678666E-12  7.600505294580E-12
AR GRAD 2024 07 06 03 00 50.000000 2  -1.200511912103E-12 -1.529630068442E-11
AR GRAD 2024 07 06 03 01  0.000000 2  -7.186032368114E-13  2.070689800182E-11
AR GRAD 2024 07 06 03 01 10.000000 2  -8.081958713380E-12 -3.089907236326E-12
AR GRAD 2024 07 06 03 01 20.000000 2  -2.203666719588E-12  6.213288130524E-12
AR GRAD 2024 07 06 03 01 30.000000 2  -7.244745168361E-12 -2.683520072821E-12
AR GRAD 2024 07 06 03 01 40.000000 2  -1.985867633530E-12  7.419675117359E-12
AR GRAD 2024 07 06 03 01 50.000000 2  -1.028696659106E-11 -1.107713139964E-11
AR GRAD 2024 07 06 03 02  0.000000 2  -5.619374757182E-12 -5.373936972503E-12
AR GRAD 2024 07 06 03 02 10.000000 2  -5.495011997508E-12  8.629255296433E-12
AR GRAD 2024 07 06 03 02 20.000000 2  -1.097011197160E-11  9.032447532975E-12
AR GRAD 2024 07 06 03 02 30.000000 2  -7.681521217717E-12 -1.064361923250E-12
AR GRAD 2024 07 06 03 02 40.000000 2  -9.326413773214E-12  5.238830636661E-12
AR GRAD 2024 07 06 03 02 50.000000 2  -1.402047401788E-11  2.742020586283E-12
AR GRAD 2024 07 06 03 03  0.000000 2  -1.020226871734E-11  4.945216545288E-12
AR GRAD 2024 07 06 03 03 10.000000 2  -1.099298690271E-11  1.424840453956E-11
AR GRAD 2024 07 06 03 03 20.000000 2  -5.613054292197E-12 -9.448403864853E-12
AR GRAD 2024 07 06 03 03 30.000000 2  -1.083433256305E-11 -5.145215850599E-12
AR GRAD 2024 07 06 03 03 40.000000 2  -5.945121131501E-12  1.565797144720E-11
AR GRAD 2024 07 06 03 03 50.000000 2  -1.035804515076E-11 -3.438837756220E-12
AR GRAD 2024 07 06 03 04  0.000000 2  -8.032325672647E-12  3.164351810095E-12
AR GRAD 2024 07 06 03 04 10.000000 2  -8.115056369939E-12 -1.193245762615E-11
AR GRAD 2024 07 06 03 04 20.000000 2  -1.187445194256E-11  8.270729587312E-12
AR GRAD 2024 07 06 03 04 30.000000 2  -9.904942317729E-12 -9.926082525369E-12
AR GRAD 2024 07 06 03 04 40.000000 2  -6.075757952306E-12 -5.322897504711E-12
AR GRAD 2024 07 06 03 04 50.000000 2  -1.213934595207E-11 -4.919709171297E-12
