 2.00 C RINEX VERSION / TYPE
 10.00 INTERVAL
 1 AR # / TYPES OF DATA
 END OF HEADER
AR GRAD 2024 06 21 01 05  0.000000 2  -6.902346749715E-12 -3.178081062205E-11
AR GRAD 2024 06 21 01 05 10.000000 2  -2.114322172203E-12  7.498069873324E-12
AR GRAD 2024 06 21 01 05 20.000000 2  -3.244022888857E-12 -1.281305183481E-11
AR GRAD 2024 06 21 01 05 30.000000 2  -2.776327128265E-12  1.015824685653E-12
AR GRAD 2024 06 21 01 05 40.000000 2  -6.283134602880E-12 -2.508530189127E-11
AR GRAD 2024 06 21 01 05 50.000000 2  -4.469692845011E-12 -6.226428660855E-12
AR GRAD 2024 06 21 01 06  0.000000 2  -5.346225198655E-12 -1.620755959997E-11
AR GRAD 2024 06 21 01 06 10.000000 2  -1.602568880550E-12 -4.528693392514E-12
AR GRAD 2024 06 21 01 06 20.000000 2  -4.089384646883E-12 -1.631983090333E-11
AR GRAD 2024 06 21 01 06 30.000000 2  -4.424954326565E-12 -1.438096777079E-11
AR GRAD 2024 06 21 01 06 40.000000 2  -5.930071971666E-12  7.307892138653E-12
AR GRAD 2024 06 21 01 06 50.000000 2  -3.543376746531E-12 -1.981324999900E-11
AR GRAD 2024 06 21 01 07  0.000000 2   7.917041046183E-13  1.645604117383E-12
AR GRAD 2024 06 21 01 07 10.000000 2  -2.742809234943E-12 -1.040554361426E-11
AR GRAD 2024 06 21 01 07 20.000000 2  -3.573956018285E-12  6.933057101512E-13
AR GRAD 2024 06 21 01 07 30.000000 2   2.941482994678E-12 -1.557845432515E-12
AR GRAD 2024 06 21 01 07 40.000000 2  -2.358351361420E-12  2.009986686639E-13
AR GRAD 2024 06 21 01 07 50.000000 2  -3.781774155984E-13 -1.202015830620E-11
AR GRAD 2024 06 21 01 08  0.000000 2   4.988748671976E-13 -7.961319103966E-12
AR GRAD 2024 06 21 01 08 10.000000 2   3.038312440182E-12 -3.412480801407E-12
AR GRAD 2024 06 21 01 08 20.000000 2  -2.395229197275E-12 -3.553646309509E-12
AR GRAD 2024 06 21 01 08 30.000000 2   5.457861810068E-13  1.935187036659E-12
AR GRAD 2024 06 21 01 08 40.000000 2   7.620539399164E-13  2.434016963676E-12
AR GRAD 2024 06 21 01 08 50.000000 2   7.529252286746E-13 -9.117154080307E-12
AR GRAD 2024 06 21 01 09  0.000000 2  -1.389974507021E-12 -4.778329208005E-12
AR GRAD 2024 06 21 01 09 10.000000 2   3.141153569891E-12 -7.919505329301E-12
AR GRAD 2024 06 21 01 09 20.000000 2   4.886035694963E-13 -4.390684864297E-12
AR GRAD 2024 06 21 01 09 30.000000 2   5.239869952864E-13  1.804813243300E-11
AR GRAD 2024 06 21 01 09 40.000000 2  -1.618692701578E-12 -7.913050423247E-12
AR GRAD 2024 06 21 01 09 50.000000 2   2.653070254807E-12 -1.074238246100E-12
AR GRAD 2024 06 21 01 10  0.000000 2   1.661162960659E-12  5.524573853943E-12
AR GRAD 2024 06 21 01 10 10.000000 2   3.452532964382E-12 -2.396618060257E-12
AR GRAD 2024 06 21 01 10 20.000000 2   4.933302030774E-12  3.212187894147E-12
AR GRAD 2024 06 21 01 10 30.000000 2   3.104989355907E-12 -6.589007985058E-12
AR GRAD 2024 06 21 01 10 40.000000 2   8.912537049523E-13  9.869792483297E-12
AR GRAD 2024 06 21 01 10 50.000000 2   1.034714848525E-12 -5.421407680423E-12
AR GRAD 2024 06 21 01 11  0.000000 2   3.813077024267E-12 -1.181261078537E-11
AR GRAD 2024 06 21 01 11 10.000000 2   5.496445746461E-12  8.436181440918E-12
AR GRAD 2024 06 21 01 11 20.000000 2   1.842681823100E-12  1.422497449693E-11
AR GRAD 2024 06 21 01 11 30.000000 2   3.755634692126E-12 -8.266235786147E-12
AR GRAD 2024 06 21 01 11 40.000000 2   3.965588274424E-12  1.039255053542E-11
AR GRAD 2024 06 21 01 11 50.000000 2   5.191561590345E-12  8.441335304366E-12
AR GRAD 2024 06 21 01 12  0.000000 2   4.563479368697E-12  1.364011594646E-11
AR GRAD 2024 06 21 01 12 10.000000 2   4.801106127245E-12  4.488896233890E-12
AR GRAD 2024 06 21 01 12 20.000000 2   6.775458666342E-12  1.474767183374E-11
AR GRAD 2024 06 21 01 12 30.000000 2   8.459043361608E-12 -1.623551878875E-12
AR GRAD 2024 06 21 01 12 40.000000 2   4.375929740091E-12  1.555219928534E-12
AR GRAD 2024 06 21 01 12 50.000000 2   3.142819121268E-12  9.593990532575E-12
AR GRAD 2024 06 21 01 13  0.000000 2   7.181320208632E-12  7.112757431649E-12
AR GRAD 2024 06 21 01 13 10.000000 2   5.358614160039E-12 -7.078478428402E-12
AR GRAD 2024 06 21 01 13 20.000000 2   5.856347091299E-12  3.774028312087E-11
AR GRAD 2024 06 21 01 13 30.000000 2   9.810153557555E-12  8.109045553095E-12
AR GRAD 2024 06 21 01 13 40.000000 2   8.406246185255E-12  1.160780239290E-11
AR GRAD 2024 06 21 01 13 50.000000 2   4.405637313298E-12  1.110655751396E-11
AR GRAD 2024 06 21 01 14  0.000000 2   1.879968403173E-12  2.579531033220E-11
AR GRAD 2024 06 21 01 14 10.000000 2   8.223385514206E-12  1.546406058761E-11
AR GRAD 2024 06 21 01 14 20.000000 2   5.756943966678E-12  7.382809641410E-12
AR GRAD 2024 06 21 01 14 30.000000 2   1.172585379489E-11  6.261554209158E-12
AR GRAD 2024 06 21 01 14 40.000000 2   4.873215546375E-12  3.900296752235E-12
AR GRAD 2024 06 21 01 14 50.000000 2   1.061903082827E-11  1.349038068754E-12
AR GRAD 2024 06 21 01 15  0.000000 2   6.426803100118E-12  2.231777609940E-11
AR GRAD 2024 06 21 01 15 10.000000 2   8.638651426141E-12  2.285651182210E-11
AR GRAD 2024 06 21 01 15 20.000000 2   6.787627317845E-12  1.613524244770E-11
AR GRAD 2024 06 21 01 15 30.000000 2   6.997017548693E-12  1.028397592778E-11
AR GRAD 2024 06 21 01 15 40.000000 2   8.706573656481E-12  6.362705501362E-12
AR GRAD 2024 06 21 01 15 50.000000 2   9.921303362193E-12  1.491142972987E-11
AR GRAD 2024 06 21 01 16  0.000000 2   1.122374936047E-11  2.763015337359E-11
AR GRAD 2024 06 21 01 16 10.000000 2   1.245764949531E-11  1.518887446372E-11
AR GRAD 2024 06 21 01 16 20.000000 2   1.027248078267E-11  1.853759507009E-11
AR GRAD 2024 06 21 01 16 30.000000 2   7.824678405211E-12  1.665631174652E-11
AR GRAD 2024 06 21 01 16 40.000000 2   7.612902495902E-12  2.686502582894E-11
AR GRAD 2024 06 21 01 16 50.000000 2   1.596170071116E-11  1.919373687764E-11
AR GRAD 2024 06 21 01 17  0.000000 2   1.009039640038E-11  1.629244482382E-11
AR GRAD 2024 06 21 01 17 10.000000 2   1.285923017375E-11  3.770115469814E-11
AR GRAD 2024 06 21 01 17 20.000000 2   1.332173954482E-11  8.749856741930E-12
AR GRAD 2024 06 21 01 17 30.000000 2   1.269604039955E-11  1.044855868493E-11
AR GRAD 2024 06 21 01 17 40.000000 2   1.472685862147E-11  2.796725524778E-11
AR GRAD 2024 06 21 01 17 50.000000 2   1.523906001388E-11  1.374595402781E-11
AR GRAD 2024 06 21 01 18  0.000000 2   1.113042297218E-11  3.616465113487E-11
AR GRAD 2024 06 21 01 18 10.000000 2   1.284438701232E-11  1.194334214860E-11
AR GRAD 2024 06 21 01 18 20.000000 2   1.459189366559E-11  5.832031038655E-12
AR GRAD 2024 06 21 01 18 30.000000 2   1.227564057349E-11  3.063071671305E-11
AR GRAD 2024 06 21 01 18 40.000000 2   1.632455282063E-11  4.572940637271E-11
AR GRAD 2024 06 21 01 18 50.000000 2   1.527403203916E-11  2.839808596611E-11
AR GRAD 2024 06 21 01 19  0.000000 2   1.549313108362E-11  1.175676483250E-11
AR GRAD 2024 06 21 01 19 10.000000 2   1.350135628297E-11  2.622544369169E-11
AR GRAD 2024 06 21 01 19 20.000000 2   1.745170501166E-11  1.336411883934E-11
AR GRAD 2024 06 21 01 19 30.000000 2   1.242012829389E-11  3.268279397117E-11
AR GRAD 2024 06 21 01 19 40.000000 2   1.868221202739E-11  2.683146239912E-11
AR GRAD 2024 06 21 01 19 50.000000 2   2.012240721272E-11  3.892013100693E-11
AR GRAD 2024 06 21 01 20  0.000000 2   1.515276966402E-11  1.860879506044E-11
AR GRAD 2024 06 21 01 20 10.000000 2   1.788429820904E-11  2.811745627995E-11
AR GRAD 2024 06 21 01 20 20.000000 2   1.391505660697E-11  3.421612299048E-11
AR GRAD 2024 06 21 01 20 30.000000 2   1.843074130814E-11  1.839477702104E-11
AR GRAD 2024 06 21 01 20 40.000000 2   2.042067036301E-11  2.308343273472E-11
AR GRAD 2024 06 21 01 20 50.000000 2   1.845008000545E-11  2.102208684907E-11
AR GRAD 2024 06 21 01 21  0.000000 2   1.794271675681E-11  4.362073896536E-11
AR GRAD 2024 06 21 01 21 10.000000 2   1.632110245564E-11  1.833938556572E-11
AR GRAD 2024 06 21 01 21 20.000000 2   2.051557708438E-11  3.552803190532E-11
AR GRAD 2024 06 21 01 21 30.000000 2   1.826597380294E-11  3.069667783850E-11
AR GRAD 2024 06 21 01 21 40.000000 2   1.931958586165E-11  4.347531709636E-11
AR GRAD 2024 06 21 01 21 50.000000 2   1.680192790454E-11  3.430395550952E-11
AR GRAD 2024 06 21 01 22  0.000000 2   2.194777692921E-11  1.350259227345E-11
AR GRAD 2024 06 21 01 22 10.000000 2   1.730175724912E-11  2.507122634499E-11
AR GRAD 2024 06 21 01 22 20.000000 2   1.917534707407E-11  3.889985902839E-11
AR GRAD 2024 06 21 01 22 30.000000 2   1.898145356172E-11  2.707848528738E-11
AR GRAD 2024 06 21 01 22 40.000000 2   2.076981815702E-11  4.375711251670E-11
AR GRAD 2024 06 21 01 22 50.000000 2   2.305951436743E-11  2.927573808376E-11
AR GRAD 2024 06 21 01 23  0.000000 2   2.319221203972E-11  1.951436061354E-11
AR GRAD 2024 06 21 01 23 10.000000 2   2.226658614435E-11  3.896297867678E-11
AR GRAD 2024 06 21 01 23 20.000000 2   2.269576540592E-11  3.818159677316E-11
AR GRAD 2024 06 21 01 23 30.000000 2   2.129087878222E-11  3.255021252535E-11
AR GRAD 2024 06 21 01 23 40.000000 2   2.380350257181E-11  4.042882348343E-11
AR GRAD 2024 06 21 01 23 50.000000 2   2.307737681506E-11  3.955743371753E-11
AR GRAD 2024 06 21 01 24  0.000000 2   2.130332021899E-11  1.510603968302E-11
AR GRAD 2024 06 21 01 24 10.000000 2   2.583533040279E-11  3.586464458749E-11
AR GRAD 2024 06 21 01 24 20.000000 2   2.010930484631E-11  3.655324654073E-11
AR GRAD 2024 06 21 01 24 30.000000 2   2.454081209080E-11  4.448184875994E-11
AR GRAD 2024 06 21 01 24 40.000000 2   2.267897328267E-11  2.404044498194E-11
AR GRAD 2024 06 21 01 24 50.000000 2   2.306549222453E-11  3.865904124600E-11
AR GRAD 2024 06 21 01 25  0.000000 2   2.803611162672E-11  4.618763010944E-11
AR GRAD 2024 06 21 01 25 10.000000 2   2.251068949299E-11  3.323622627116E-11
AR GRAD 2024 06 21 01 25 20.000000 2   2.540895271963E-11  3.702481377044E-11
AR GRAD 2024 06 21 01 25 30.000000 2   2.827204963196E-11  3.792339706155E-11
AR GRAD 2024 06 21 01 25 40.000000 2   2.346195286662E-11  3.232197842706E-11
AR GRAD 2024 06 21 01 25 50.000000 2   2.056320738686E-11  4.894056340743E-11
AR GRAD 2024 06 21 01 26  0.000000 2   2.437315627102E-11  1.882913616691E-11
AR GRAD 2024 06 21 01 26 10.000000 2   2.630146100913E-11  1.733771459733E-11
AR GRAD 2024 06 21 01 26 20.000000 2   2.667638332454E-11  5.739628911039E-11
AR GRAD 2024 06 21 01 26 30.000000 2   2.360992651385E-11  2.657485689839E-11
AR GRAD 2024 06 21 01 26 40.000000 2   2.467519417959E-11  2.423342429503E-11
AR GRAD 2024 06 21 01 26 50.000000 2   2.658765221875E-11  5.240199246748E-11
AR GRAD 2024 06 21 01 27  0.000000 2   2.601964130267E-11  5.098055658181E-11
AR GRAD 2024 06 21 01 27 10.000000 2   2.708439722499E-11  3.709911891581E-11
AR GRAD 2024 06 21 01 27 20.000000 2   2.858140807360E-11  4.421767813012E-11
AR GRAD 2024 06 21 01 27 30.000000 2   2.532726806059E-11  2.756623228295E-11
AR GRAD 2024 06 21 01 27 40.000000 2   2.900011480955E-11  5.236478958781E-11
AR GRAD 2024 06 21 01 27 50.000000 2   2.715355371108E-11  4.340333648045E-11
AR GRAD 2024 06 21 01 28  0.000000 2   2.531834811248E-11  2.869188567289E-11
AR GRAD 2024 06 21 01 28 10.000000 2   3.152838060072E-11  4.362043365402E-11
AR GRAD 2024 06 21 01 28 20.000000 2   2.390959479015E-11  3.911897888953E-11
AR GRAD 2024 06 21 01 28 30.000000 2   2.801156008536E-11  4.119751761955E-11
AR GRAD 2024 06 21 01 28 40.000000 2   2.918340569202E-11  1.675605834639E-11
AR GRAD 2024 06 21 01 28 50.000000 2   2.416378902526E-11  4.796459757150E-11
AR GRAD 2024 06 21 01 29  0.000000 2   2.906728850671E-11  4.670313094590E-11
AR GRAD 2024 06 21 01 29 10.000000 2   2.731440421067E-11  3.769166229128E-11
AR GRAD 2024 06 21 01 29 20.000000 2   3.193379241595E-11  4.740019488025E-11
AR GRAD 2024 06 21 01 29 30.000000 2   2.931635142978E-11  4.169872086512E-11
AR GRAD 2024 06 21 01 29 40.000000 2   3.319806235469E-11  2.711724247928E-11
AR GRAD 2024 06 21 01 29 50.000000 2   2.706665273855E-11  5.191577029384E-11
AR GRAD 2024 06 21 01 30  0.000000 2   2.904100224188E-11  2.663428505523E-11
AR GRAD 2024 06 21 01 30 10.000000 2   2.791958851611E-11  3.362280592833E-11
AR GRAD 2024 06 21 01 30 20.000000 2   2.935981319174E-11  3.908131804287E-11
AR GRAD 2024 06 21 01 30 30.000000 2   3.019889546763E-11  4.862983279952E-11
AR GRAD 2024 06 21 01 30 40.000000 2   3.286806243841E-11  5.267834085609E-11
AR GRAD 2024 06 21 01 30 50.000000 2   3.030807549376E-11  2.453684998238E-11
AR GRAD 2024 06 21 01 31  0.000000 2   2.774928897775E-11  4.587535559764E-11
AR GRAD 2024 06 21 01 31 10.000000 2   3.171118576062E-11  3.898385780854E-11
AR GRAD 2024 06 21 01 31 20.000000 2   3.100516371424E-11  3.316236174555E-11
AR GRAD 2024 06 21 01 31 30.000000 2   3.333092482571E-11  4.072085724172E-11
AR GRAD 2024 06 21 01 31 40.000000 2   3.069303838865E-11  4.235935213703E-11
AR GRAD 2024 06 21 01 31 50.000000 2   2.850308530866E-11  5.020784829557E-11
AR GRAD 2024 06 21 01 32  0.000000 2   3.075919727258E-11  3.263634154593E-11
AR GRAD 2024 06 21 01 32 10.000000 2   3.262727935049E-11  3.760482550352E-11
AR GRAD 2024 06 21 01 32 20.000000 2   3.127115233426E-11  3.146331112314E-11
AR GRAD 2024 06 21 01 32 30.000000 2   3.506282070243E-11  5.154179513744E-11
AR GRAD 2024 06 21 01 32 40.000000 2   3.164918674359E-11  5.444027520451E-11
AR GRAD 2024 06 21 01 32 50.000000 2   3.293032166396E-11  3.469875428652E-11
AR GRAD 2024 06 21 01 33  0.000000 2   3.636429005138E-11  4.569723072168E-11
AR GRAD 2024 06 21 01 33 10.000000 2   3.231213213661E-11  2.713570514123E-11
AR GRAD 2024 06 21 01 33 20.000000 2   3.508249940554E-11  5.577417694358E-11
AR GRAD 2024 06 21 01 33 30.000000 2   3.613601431973E-11  3.184264657508E-11
AR GRAD 2024 06 21 01 33 40.000000 2   3.631442022090E-11  4.117111165880E-11
AR GRAD 2024 06 21 01 33 50.000000 2   2.984481412005E-11  3.192957703790E-11
AR GRAD 2024 06 21 01 34  0.000000 2   3.806233800363E-11  4.184803892304E-11
AR GRAD 2024 06 21 01 34 10.000000 2   3.723610655926E-11  3.685650049046E-11
AR GRAD 2024 06 21 01 34 20.000000 2   3.232309558898E-11  3.931495407006E-11
AR GRAD 2024 06 21 01 34 30.000000 2   3.361840666960E-11  5.240341147128E-11
AR GRAD 2024 06 21 01 34 40.000000 2   3.431489814520E-11  3.489186023442E-11
AR GRAD 2024 06 21 01 34 50.000000 2   3.150307792410E-11  3.427030881298E-11
AR GRAD 2024 06 21 01 35  0.000000 2   3.232036860368E-11  5.593875709864E-11
AR GRAD 2024 06 21 01 35 10.000000 2   3.732678055535E-11  3.676720039536E-11
AR GRAD 2024 06 21 01 35 20.000000 2   3.298029904730E-11  4.261564365282E-11
AR GRAD 2024 06 21 01 35 30.000000 2   3.738381826324E-11  4.488408603120E-11
AR GRAD 2024 06 21 01 35 40.000000 2   3.665082473625E-11  4.935252553850E-11
AR GRAD 2024 06 21 01 35 50.000000 2   3.731645548122E-11  3.641095758233E-11
AR GRAD 2024 06 21 01 36  0.000000 2   3.492475059153E-11  2.703938808968E-11
AR GRAD 2024 06 21 01 36 10.000000 2   3.745644419628E-11  4.400782169234E-11
AR GRAD 2024 06 21 01 36 20.000000 2   3.685127550335E-11  2.523624711981E-11
AR GRAD 2024 06 21 01 36 30.000000 2   3.949487958899E-11  4.692467595047E-11
AR GRAD 2024 06 21 01 36 40.000000 2   3.798441075564E-11  5.111309639427E-11
AR GRAD 2024 06 21 01 36 50.000000 2   3.629661154969E-11  4.797151564873E-11
AR GRAD 2024 06 21 01 37  0.000000 2   3.177944712940E-11  4.849993323619E-11
AR GRAD 2024 06 21 01 37 10.000000 2   4.307775317014E-11  3.111834748215E-11
AR GRAD 2024 06 21 01 37 20.000000 2   3.703281431511E-11  4.594676375480E-11
AR GRAD 2024 06 21 01 37 30.000000 2   3.512325152943E-11  3.026517578220E-11
AR GRAD 2024 06 21 01 37 40.000000 2   3.353175723197E-11  4.566358055569E-11
AR GRAD 2024 06 21 01 37 50.000000 2   3.613162199989E-11  4.462199013067E-11
AR GRAD 2024 06 21 01 38  0.000000 2   3.964402417456E-11  4.710039303024E-11
AR GRAD 2024 06 21 01 38 10.000000 2   4.022485469712E-11  4.339879497439E-11
AR GRAD 2024 06 21 01 38 20.000000 2   3.618430902130E-11  3.713719262666E-11
AR GRAD 2024 06 21 01 38 30.000000 2   3.793534583685E-11  3.845558940729E-11
AR GRAD 2024 06 21 01 38 40.000000 2   3.828347361345E-11  4.182398524732E-11
AR GRAD 2024 06 21 01 38 50.000000 2   4.041109460950E-11  3.509237692101E-11
AR GRAD 2024 06 21 01 39  0.000000 2   3.831583314517E-11  4.188076274669E-11
AR GRAD 2024 06 21 01 39 10.000000 2   4.012272458720E-11  4.462915106918E-11
AR GRAD 2024 06 21 01 39 20.000000 2   3.723669289579E-11  4.176753387597E-11
AR GRAD 2024 06 21 01 39 30.000000 2   3.565588102550E-11  3.467591838668E-11
AR GRAD 2024 06 21 01 39 40.000000 2   3.552356325764E-11  4.942429451815E-11
AR GRAD 2024 06 21 01 39 50.000000 2   3.320852967614E-11  4.102267484041E-11
AR GRAD 2024 06 21 01 40  0.000000 2   3.893742619998E-11  4.016104809823E-11
AR GRAD 2024 06 21 01 40 10.000000 2   3.899200753943E-11  3.912941845541E-11
AR GRAD 2024 06 21 01 40 20.000000 2   3.269236964476E-11  3.645778817729E-11
AR GRAD 2024 06 21 01 40 30.000000 2   4.115013191308E-11  5.060615468344E-11
AR GRAD 2024 06 21 01 40 40.000000 2   3.644079482612E-11  2.944451973907E-11
AR GRAD 2024 06 21 01 40 50.000000 2   4.054770061379E-11  5.095288427293E-11
AR GRAD 2024 06 21 01 41  0.000000 2   3.677142965119E-11  3.300124062910E-11
AR GRAD 2024 06 21 01 41 10.000000 2   3.635352435749E-11  4.740959708149E-11
AR GRAD 2024 06 21 01 41 20.000000 2   3.706560752770E-11  3.886795399421E-11
AR GRAD 2024 06 21 01 41 30.000000 2   3.621837899037E-11  3.109630955511E-11
AR GRAD 2024 06 21 01 41 40.000000 2   3.724846472930E-11  4.198465533567E-11
AR GRAD 2024 06 21 01 41 50.000000 2   3.446243984628E-11  4.522300589560E-11
AR GRAD 2024 06 21 01 42  0.000000 2   3.497203221459E-11  3.430134995486E-11
AR GRAD 2024 06 21 01 42 10.000000 2   3.435235776394E-11  3.080969160352E-11
AR GRAD 2024 06 21 01 42 20.000000 2   3.699742942564E-11  4.753803253821E-11
AR GRAD 2024 06 21 01 42 30.000000 2   3.768756834388E-11  4.213637078143E-11
AR GRAD 2024 06 21 01 42 40.000000 2   3.397851444653E-11  4.183470583841E-11
AR GRAD 2024 06 21 01 42 50.000000 2   3.781116392210E-11  4.199304098895E-11
AR GRAD 2024 06 21 01 43  0.000000 2   3.178956750616E-11  3.126137196330E-11
AR GRAD 2024 06 21 01 43 10.000000 2   3.553013439017E-11  4.581969872963E-11
AR GRAD 2024 06 21 01 43 20.000000 2   3.095467632219E-11  3.459802583317E-11
AR GRAD 2024 06 21 01 43 30.000000 2   3.709788032324E-11  4.106634823864E-11
AR GRAD 2024 06 21 01 43 40.000000 2   3.150317159917E-11  3.762467074009E-11
AR GRAD 2024 06 21 01 43 50.000000 2   3.170324766599E-11  4.868298819627E-11
AR GRAD 2024 06 21 01 44  0.000000 2   2.946307781082E-11  3.073130638853E-11
AR GRAD 2024 06 21 01 44 10.000000 2   3.420350461192E-11  3.848961774300E-11
AR GRAD 2024 06 21 01 44 20.000000 2   3.073091781047E-11  4.746793236254E-11
AR GRAD 2024 06 21 01 44 30.000000 2   3.123654807036E-11  2.952623909258E-11
AR GRAD 2024 06 21 01 44 40.000000 2   3.240350696099E-11  4.422454763509E-11
AR GRAD 2024 06 21 01 44 50.000000 2   2.963833345415E-11  3.654284860821E-11
AR GRAD 2024 06 21 01 45  0.000000 2   2.856528208417E-11  5.470115332917E-11
AR GRAD 2024 06 21 01 45 10.000000 2   2.776710805730E-11  3.787944957701E-11
AR GRAD 2024 06 21 01 45 20.000000 2   3.304382809044E-11  2.965774500985E-11
AR GRAD 2024 06 21 01 45 30.000000 2   2.874277725551E-11  3.316604282877E-11
AR GRAD 2024 06 21 01 45 40.000000 2   3.180153015925E-11  3.754433222647E-11
AR GRAD 2024 06 21 01 45 50.000000 2   2.782468006002E-11  3.552262303752E-11
AR GRAD 2024 06 21 01 46  0.000000 2   3.025527398060E-11  4.132090850040E-11
AR GRAD 2024 06 21 01 46 10.000000 2   2.783489931601E-11  2.849919085446E-11
AR GRAD 2024 06 21 01 46 20.000000 2   2.669219879847E-11  3.523747613143E-11
AR GRAD 2024 06 21 01 46 30.000000 2   3.376220136797E-11  3.589575858776E-11
AR GRAD 2024 06 21 01 46 40.000000 2   2.888275729696E-11  3.960403185954E-11
AR GRAD 2024 06 21 01 46 50.000000 2   3.260895373169E-11  3.888230709626E-11
AR GRAD 2024 06 21 01 47  0.000000 2   2.769400507530E-11  2.224058090472E-11
AR GRAD 2024 06 21 01 47 10.000000 2   2.557547403026E-11  4.040885334677E-11
AR GRAD 2024 06 21 01 47 20.000000 2   2.617208012812E-11  4.243711979046E-11
AR GRAD 2024 06 21 01 47 30.000000 2   2.883249715369E-11  4.515538637451E-11
AR GRAD 2024 06 21 01 47 40.000000 2   2.609804039544E-11  2.321364628299E-11
AR GRAD 2024 06 21 01 47 50.000000 2   2.608292401507E-11  6.087190473902E-11
AR GRAD 2024 06 21 01 48  0.000000 2   2.670926674275E-11  3.192016789777E-11
AR GRAD 2024 06 21 01 48 10.000000 2   2.780938153368E-11  3.553841942949E-11
AR GRAD 2024 06 21 01 48 20.000000 2   2.635202646373E-11  2.875667065583E-11
AR GRAD 2024 06 21 01 48 30.000000 2   2.845399263429E-11  3.759492717137E-11
AR GRAD 2024 06 21 01 48 40.000000 2   2.565275075694E-11  4.382317425611E-11
AR GRAD 2024 06 21 01 48 50.000000 2   2.959321329654E-11  2.681141940408E-11
AR GRAD 2024 06 21 01 49  0.000000 2   2.296559123427E-11  4.482966081687E-11
AR GRAD 2024 06 21 01 49 10.000000 2   2.388547346022E-11  2.620790390262E-11
AR GRAD 2024 06 21 01 49 20.000000 2   2.439411173061E-11  3.148614008408E-11
AR GRAD 2024 06 21 01 49 30.000000 2   2.691301174973E-11  5.379437867381E-11
AR GRAD 2024 06 21 01 49 40.000000 2   2.592382385147E-11  9.272611324607E-12
AR GRAD 2024 06 21 01 49 50.000000 2   2.553915585957E-11  4.487084315219E-11
AR GRAD 2024 06 21 01 50  0.000000 2   2.638027990498E-11  2.290907047398E-11
AR GRAD 2024 06 21 01 50 10.000000 2   2.469925999837E-11  4.391729688247E-11
AR GRAD 2024 06 21 01 50 20.000000 2   2.293843240353E-11  3.615552648939E-11
AR GRAD 2024 06 21 01 50 30.000000 2   2.615297041431E-11  4.665374683799E-11
AR GRAD 2024 06 21 01 50 40.000000 2   2.215687702756E-11  2.668196219524E-11
AR GRAD 2024 06 21 01 50 50.000000 2   2.751395986045E-11  3.498018194548E-11
AR GRAD 2024 06 21 01 51  0.000000 2   2.129812819163E-11  2.840839369300E-11
AR GRAD 2024 06 21 01 51 10.000000 2   2.705163176797E-11  3.191660824520E-11
AR GRAD 2024 06 21 01 51 20.000000 2   2.174192423321E-11  3.572481893643E-11
AR GRAD 2024 06 21 01 51 30.000000 2   1.802883536905E-11  3.101302548103E-11
AR GRAD 2024 06 21 01 51 40.000000 2   1.764740957533E-11  3.028122891324E-11
AR GRAD 2024 06 21 01 51 50.000000 2   2.662900108752E-11  3.583942864704E-11
AR GRAD 2024 06 21 01 52  0.000000 2   1.371955153651E-11  2.675763083326E-11
AR GRAD 2024 06 21 01 52 10.000000 2   1.731276406958E-11  3.753582861199E-11
AR GRAD 2024 06 21 01 52 20.000000 2   2.183525235622E-11  3.963402522844E-11
AR GRAD 2024 06 21 01 52 30.000000 2   1.855831807673E-11  1.945221414501E-11
AR GRAD 2024 06 21 01 52 40.000000 2   1.577313279988E-11  3.329040515476E-11
AR GRAD 2024 06 21 01 52 50.000000 2   1.873906585459E-11  4.022859476094E-11
AR GRAD 2024 06 21 01 53  0.000000 2   9.631961894740E-12  2.904677713633E-11
AR GRAD 2024 06 21 01 53 10.000000 2   1.838246221908E-11  3.648496088582E-11
AR GRAD 2024 06 21 01 53 20.000000 2   1.374718047731E-11  1.427314169633E-11
AR GRAD 2024 06 21 01 53 30.000000 2   7.836467585953E-12  3.313131713423E-11
AR GRAD 2024 06 21 01 53 40.000000 2   1.158293946868E-11  3.798949696487E-11
AR GRAD 2024 06 21 01 53 50.000000 2   1.062560629761E-11  2.987766978269E-11
AR GRAD 2024 06 21 01 54  0.000000 2   1.085817200042E-11  2.438583709963E-11
AR GRAD 2024 06 21 01 54 10.000000 2   9.905594573756E-12  2.415400518485E-11
AR GRAD 2024 06 21 01 54 20.000000 2   1.207199704784E-11  2.675217165848E-11
AR GRAD 2024 06 21 01 54 30.000000 2   1.277004803985E-11  3.542033680248E-11
AR GRAD 2024 06 21 01 54 40.000000 2   8.568897327810E-12  3.216849703280E-11
AR GRAD 2024 06 21 01 54 50.000000 2   1.277180965154E-11  2.970665380353E-11
AR GRAD 2024 06 21 01 55  0.000000 2   9.871438735876E-12  3.009481205907E-11
AR GRAD 2024 06 21 01 55 10.000000 2   6.556259875279E-12  3.137296672451E-11
AR GRAD 2024 06 21 01 55 20.000000 2   8.974729813482E-12  3.806111675830E-11
AR GRAD 2024 06 21 01 55 30.000000 2   7.873117088830E-12  2.013926525546E-11
AR GRAD 2024 06 21 01 55 40.000000 2   1.074138087503E-11  3.114741450871E-11
AR GRAD 2024 06 21 01 55 50.000000 2   1.110639271523E-11  3.796555431146E-11
AR GRAD 2024 06 21 01 56  0.000000 2   8.572620044389E-12  2.674369753430E-11
AR GRAD 2024 06 21 01 56 10.000000 2   7.113680738219E-12  3.078183541394E-11
AR GRAD 2024 06 21 01 56 20.000000 2   1.149072937495E-11  2.870997016513E-11
AR GRAD 2024 06 21 01 56 30.000000 2   4.179213832639E-12  1.123810593195E-11
AR GRAD 2024 06 21 01 56 40.000000 2   7.365536132398E-12  1.142623756029E-11
AR GRAD 2024 06 21 01 56 50.000000 2   7.313303608536E-12  3.386436617236E-11
AR GRAD 2024 06 21 01 57  0.000000 2   1.151622807533E-11  2.392249419392E-11
AR GRAD 2024 06 21 01 57 10.000000 2   7.312593239273E-12  2.692062024690E-11
AR GRAD 2024 06 21 01 57 20.000000 2   2.516653552220E-12  1.702874299903E-11
AR GRAD 2024 06 21 01 57 30.000000 2   6.841551630776E-12  3.643686047328E-11
AR GRAD 2024 06 21 01 57 40.000000 2   9.493153659001E-12  2.410497842997E-11
AR GRAD 2024 06 21 01 57 50.000000 2   5.836723031977E-12  3.014309635230E-11
AR GRAD 2024 06 21 01 58  0.000000 2   4.642785288167E-12  1.832120566370E-11
AR GRAD 2024 06 21 01 58 10.000000 2   3.552893439521E-12  3.971931811231E-11
AR GRAD 2024 06 21 01 58 20.000000 2   6.310982552521E-12  2.241742208531E-11
AR GRAD 2024 06 21 01 58 30.000000 2   4.692460829625E-12  2.571552866482E-11
AR GRAD 2024 06 21 01 58 40.000000 2   4.574294935888E-12  1.820363131066E-11
AR GRAD 2024 06 21 01 58 50.000000 2   4.613418588123E-12  2.170173242499E-11
AR GRAD 2024 06 21 01 59  0.000000 2   3.884455257452E-12  3.519983263200E-11
AR GRAD 2024 06 21 01 59 10.000000 2   3.683376954139E-12  3.941792725559E-11
AR GRAD 2024 06 21 01 59 20.000000 2   2.868622223443E-12  1.541601742094E-11
AR GRAD 2024 06 21 01 59 30.000000 2   6.686364786498E-13  3.368411452542E-11
AR GRAD 2024 06 21 01 59 40.000000 2   3.997871044631E-12  1.005219692207E-11
AR GRAD 2024 06 21 01 59 50.000000 2   3.458090367878E-12  1.748028284621E-11
AR GRAD 2024 06 21 02 00  0.000000 2   1.177067558006E-12  3.472836601626E-11
AR GRAD 2024 06 21 02 00 10.000000 2  -6.197881292393E-13  2.489644775061E-11
AR GRAD 2024 06 21 02 00 20.000000 2  -1.456158327598E-12  2.709452627536E-11
AR GRAD 2024 06 21 02 00 30.000000 2  -4.860459690975E-12  1.337260250450E-11
AR GRAD 2024 06 21 02 00 40.000000 2  -2.403531150150E-12  1.753067482846E-11
AR GRAD 2024 06 21 02 00 50.000000 2  -3.516410470097E-12  2.293874812320E-11
AR GRAD 2024 06 21 02 01  0.000000 2  -5.025214185744E-13  3.520681662872E-11
AR GRAD 2024 06 21 02 01 10.000000 2  -4.832336787663E-12  2.228488227285E-11
AR GRAD 2024 06 21 02 01 20.000000 2  -7.695276707520E-12  2.887294396625E-11
AR GRAD 2024 06 21 02 01 30.000000 2  -5.066754307781E-12  1.250100804123E-11
AR GRAD 2024 06 21 02 01 40.000000 2  -1.933672189383E-12  1.190670825824E-13
AR GRAD 2024 06 21 02 01 50.000000 2  -9.599667415150E-12  2.556712480617E-11
AR GRAD 2024 06 21 02 02  0.000000 2  -8.507660721746E-12  4.001517867058E-11
AR GRAD 2024 06 21 02 02 10.000000 2  -4.994920709683E-12  2.291323034087E-11
AR GRAD 2024 06 21 02 02 20.000000 2  -4.598223711516E-12  2.313127987763E-11
AR GRAD 2024 06 21 02 02 30.000000 2  -7.237212131667E-12  9.609326355464E-12
AR GRAD 2024 06 21 02 02 40.000000 2  -6.186706962702E-12  2.145737060255E-11
AR GRAD 2024 06 21 02 02 50.000000 2  -3.109500070625E-12  2.018541236937E-11
AR GRAD 2024 06 21 02 03  0.000000 2  -8.815870776446E-12  2.161345061258E-11
AR GRAD 2024 06 21 02 03 10.000000 2  -8.173117564680E-12  2.023148835961E-11
AR GRAD 2024 06 21 02 03 20.000000 2  -5.793539259447E-12  2.392952329344E-11
AR GRAD 2024 06 21 02 03 30.000000 2  -6.046300612961E-12  1.563755722134E-11
AR GRAD 2024 06 21 02 03 40.000000 2  -1.038862225411E-11  1.775558693129E-11
AR GRAD 2024 06 21 02 03 50.000000 2  -6.947066186203E-12  1.940361413211E-11
AR GRAD 2024 06 21 02 04  0.000000 2  -8.016805969069E-12  1.125163937715E-11
AR GRAD 2024 06 21 02 04 10.000000 2  -1.243231732839E-11  1.864966167608E-11
AR GRAD 2024 06 21 02 04 20.000000 2  -6.114901553861E-12  1.486768173853E-11
AR GRAD 2024 06 21 02 04 30.000000 2  -6.817203485748E-12  1.071570089606E-11
AR GRAD 2024 06 21 02 04 40.000000 2  -8.130519695004E-12  2.765371612257E-11
AR GRAD 2024 06 21 02 04 50.000000 2  -4.916432278651E-12  2.121730091967E-12
AR GRAD 2024 06 21 02 05  0.000000 2  -1.095173344373E-11  2.333973986302E-11
AR GRAD 2024 06 21 02 05 10.000000 2  -9.994159146098E-12  2.048774865038E-11
AR GRAD 2024 06 21 02 05 20.000000 2  -1.257898125939E-11  1.508575209197E-11
AR GRAD 2024 06 21 02 05 30.000000 2  -1.187379014556E-11  1.002375873277E-11
AR GRAD 2024 06 21 02 05 40.000000 2  -1.079204347415E-11  1.388175772249E-11
AR GRAD 2024 06 21 02 05 50.000000 2  -1.067382033454E-11  1.271975753891E-11
AR GRAD 2024 06 21 02 06  0.000000 2  -1.024721887205E-11  4.587752920615E-12
AR GRAD 2024 06 21 02 06 10.000000 2  -7.017358048811E-12  1.786574534146E-11
AR GRAD 2024 06 21 02 06 20.000000 2  -1.200486324932E-11  1.333738024537E-12
AR GRAD 2024 06 21 02 06 30.000000 2  -1.142509264279E-11  1.909172646364E-11
AR GRAD 2024 06 21 02 06 40.000000 2  -1.004288926326E-11  1.293971266941E-11
AR GRAD 2024 06 21 02 06 50.000000 2  -1.411969759862E-11  3.127696886207E-12
AR GRAD 2024 06 21 02 07  0.000000 2  -1.023702216746E-11  1.394567794577E-11
AR GRAD 2024 06 21 02 07 10.000000 2  -1.314280802245E-11  2.518365724291E-11
AR GRAD 2024 06 21 02 07 20.000000 2  -8.709993663814E-12  8.381634795940E-12
AR GRAD 2024 06 21 02 07 30.000000 2  -1.193521757120E-11  5.589607769696E-12
AR GRAD 2024 06 21 02 07 40.000000 2  -1.191404787326E-11  1.268757928580E-11
AR GRAD 2024 06 21 02 07 50.000000 2  -8.892995714826E-12  1.570554970798E-11
AR GRAD 2024 06 21 02 08  0.000000 2  -1.211189655514E-11  7.733516951824E-12
AR GRAD 2024 06 21 02 08 10.000000 2  -1.435404746453E-11  8.621480265814E-12
AR GRAD 2024 06 21 02 08 20.000000 2  -1.320495622570E-11  3.909442648081E-12
AR GRAD 2024 06 21 02 08 30.000000 2  -1.283219103893E-11  2.297740296642E-11
AR GRAD 2024 06 21 02 08 40.000000 2  -1.376426490146E-11  6.215359390355E-12
AR GRAD 2024 06 21 02 08 50.000000 2  -1.637284752221E-11  1.499331388211E-11
AR GRAD 2024 06 21 02 09  0.000000 2  -1.418417206606E-11  1.212668068176E-13
AR GRAD 2024 06 21 02 09 10.000000 2  -1.546311516332E-11  1.445921680998E-11
AR GRAD 2024 06 21 02 09 20.000000 2  -1.482495723404E-11  2.208716369523E-11
AR GRAD 2024 06 21 02 09 30.000000 2  -1.756928977303E-11 -4.224889969123E-12
AR GRAD 2024 06 21 02 09 40.000000 2  -1.585593635556E-11  1.941305276254E-11
AR GRAD 2024 06 21 02 09 50.000000 2  -1.770827755265E-11  1.480993387822E-12
AR GRAD 2024 06 21 02 10  0.000000 2  -2.043063461465E-11 -4.331069357322E-12
AR GRAD 2024 06 21 02 10 10.000000 2  -1.369516999805E-11  1.290686654776E-11
AR GRAD 2024 06 21 02 10 20.000000 2  -1.732868536164E-11 -1.359520048622E-11
AR GRAD 2024 06 21 02 10 30.000000 2  -2.126806196434E-11  1.188272917563E-11
AR GRAD 2024 06 21 02 10 40.000000 2  -1.911629882168E-11  2.320657555011E-12
AR GRAD 2024 06 21 02 10 50.000000 2  -2.020571557293E-11  1.028858335334E-11
AR GRAD 2024 06 21 02 11  0.000000 2  -1.729811086038E-11  1.352650717129E-11
AR GRAD 2024 06 21 02 11 10.000000 2  -2.110125789379E-11 -1.774557237266E-11
AR GRAD 2024 06 21 02 11 20.000000 2  -1.686012614244E-11  2.362345995904E-12
AR GRAD 2024 06 21 02 11 30.000000 2  -1.663180877742E-11  6.920261672733E-12
AR GRAD 2024 06 21 02 11 40.000000 2  -2.173666975580E-11  2.688817397900E-11
AR GRAD 2024 06 21 02 11 50.000000 2  -2.028506355944E-11  2.556087286276E-12
AR GRAD 2024 06 21 02 12  0.000000 2  -2.169181501088E-11 -7.366003640374E-12
AR GRAD 2024 06 21 02 12 10.000000 2  -2.053137000690E-11  1.358190209605E-11
AR GRAD 2024 06 21 02 12 20.000000 2  -2.164066842392E-11 -7.570193603923E-12
AR GRAD 2024 06 21 02 12 30.000000 2  -2.139264633494E-11 -8.002293272469E-12
AR GRAD 2024 06 21 02 12 40.000000 2  -1.909928812327E-11 -7.534393248187E-12
AR GRAD 2024 06 21 02 12 50.000000 2  -2.092390843922E-11  1.833502316986E-12
AR GRAD 2024 06 21 02 13  0.000000 2  -2.121190723070E-11  7.691397865828E-12
AR GRAD 2024 06 21 02 13 10.000000 2  -1.929215467933E-11 -2.106071046726E-11
AR GRAD 2024 06 21 02 13 20.000000 2  -1.853958132847E-11 -2.702821907258E-12
AR GRAD 2024 06 21 02 13 30.000000 2  -1.730750612272E-11 -4.544935174738E-12
AR GRAD 2024 06 21 02 13 40.000000 2  -1.975227099937E-11  4.702948967761E-12
AR GRAD 2024 06 21 02 13 50.000000 2  -1.810383787326E-11 -1.046916893455E-11
AR GRAD 2024 06 21 02 14  0.000000 2  -1.817639441737E-11 -9.011288243377E-12
AR GRAD 2024 06 21 02 14 10.000000 2  -1.999947082942E-11  1.065883018241E-13
AR GRAD 2024 06 21 02 14 20.000000 2  -2.112711741664E-11 -8.965536646421E-12
AR GRAD 2024 06 21 02 14 30.000000 2  -1.942333099914E-11 -2.517665112847E-12
AR GRAD 2024 06 21 02 14 40.000000 2  -2.295613699133E-11 -7.339794570738E-12
AR GRAD 2024 06 21 02 14 50.000000 2  -1.696471782497E-11 -1.386192723107E-11
AR GRAD 2024 06 21 02 15  0.000000 2  -2.121017424195E-11  3.575938590378E-12
AR GRAD 2024 06 21 02 15 10.000000 2  -2.039399898957E-11 -1.257619876294E-11
AR GRAD 2024 06 21 02 15 20.000000 2  -2.141760380159E-11 -1.532833929230E-11
AR GRAD 2024 06 21 02 15 30.000000 2  -2.279628569246E-11 -8.310480775764E-12
AR GRAD 2024 06 21 02 15 40.000000 2  -1.980383565470E-11 -1.577262799535E-11
AR GRAD 2024 06 21 02 15 50.000000 2  -1.896987948669E-11 -1.032477228713E-11
AR GRAD 2024 06 21 02 16  0.000000 2  -1.983908697045E-11 -1.371692256308E-11
AR GRAD 2024 06 21 02 16 10.000000 2  -1.968856674917E-11 -1.111907354384E-11
AR GRAD 2024 06 21 02 16 20.000000 2  -1.945050370766E-11 -8.061228767842E-12
AR GRAD 2024 06 21 02 16 30.000000 2  -2.175994627540E-11 -2.007338739674E-11
AR GRAD 2024 06 21 02 16 40.000000 2  -2.137278028169E-11 -1.119554535883E-11
AR GRAD 2024 06 21 02 16 50.000000 2  -2.138729991719E-11 -1.874770651222E-11
AR GRAD 2024 06 21 02 17  0.000000 2  -2.031885770748E-11 -1.458987271274E-11
AR GRAD 2024 06 21 02 17 10.000000 2  -2.216173078384E-11 -7.212036957222E-12
AR GRAD 2024 06 21 02 17 20.000000 2  -1.778487426773E-11 -1.764420727579E-11
AR GRAD 2024 06 21 02 17 30.000000 2  -2.173062771393E-11 -1.696637795534E-11
AR GRAD 2024 06 21 02 17 40.000000 2  -2.206547791705E-11 -1.306855144934E-11
AR GRAD 2024 06 21 02 17 50.000000 2  -2.156606143666E-11 -1.690072734539E-11
AR GRAD 2024 06 21 02 18  0.000000 2  -2.173818590412E-11 -1.117290461539E-11
AR GRAD 2024 06 21 02 18 10.000000 2  -2.024770281994E-11 -2.138508641003E-11
AR GRAD 2024 06 21 02 18 20.000000 2  -1.952527028948E-11 -4.027270270740E-12
AR GRAD 2024 06 21 02 18 30.000000 2  -1.903026347616E-11 -2.303945749460E-11
AR GRAD 2024 06 21 02 18 40.000000 2  -2.056976811105E-11 -2.568164431116E-11
AR GRAD 2024 06 21 02 18 50.000000 2  -1.960989703953E-11 -5.463835113517E-12
AR GRAD 2024 06 21 02 19  0.000000 2  -1.855889573965E-11 -1.166602751901E-11
AR GRAD 2024 06 21 02 19 10.000000 2  -2.134366641759E-11 -3.051822336508E-11
AR GRAD 2024 06 21 02 19 20.000000 2  -2.206744162403E-11 -2.099042294146E-11
AR GRAD 2024 06 21 02 19 30.000000 2  -2.072365890005E-11 -2.813262296730E-11
AR GRAD 2024 06 21 02 19 40.000000 2  -2.457722393656E-11 -1.424482493767E-11
AR GRAD 2024 06 21 02 19 50.000000 2  -2.060374267032E-11 -2.760703124438E-11
AR GRAD 2024 06 21 02 20  0.000000 2  -2.123488884731E-11 -2.119923854516E-11
AR GRAD 2024 06 21 02 20 10.000000 2  -2.169412045838E-11 -1.620144816916E-11
AR GRAD 2024 06 21 02 20 20.000000 2  -2.290216107037E-11 -1.308365915609E-11
AR GRAD 2024 06 21 02 20 30.000000 2  -2.025097797786E-11 -2.822587476248E-11
AR GRAD 2024 06 21 02 20 40.000000 2  -2.230087815802E-11 -1.360809295109E-11
AR GRAD 2024 06 21 02 20 50.000000 2  -2.392426187714E-11 -3.400311933063E-12
AR GRAD 2024 06 21 02 21  0.000000 2  -1.961420956209E-11 -2.343253369119E-11
AR GRAD 2024 06 21 02 21 10.000000 2  -2.129518610061E-11 -2.389475943498E-11
AR GRAD 2024 06 21 02 21 20.000000 2  -2.108945483525E-11 -3.018698485624E-11
AR GRAD 2024 06 21 02 21 30.000000 2  -2.017885858407E-11 -2.746921613783E-11
AR GRAD 2024 06 21 02 21 40.000000 2  -2.089663858618E-11 -2.883144938071E-11
AR GRAD 2024 06 21 02 21 50.000000 2  -1.857350905021E-11 -1.654368309012E-11
AR GRAD 2024 06 21 02 22  0.000000 2  -2.007320525077E-11 -9.759191068118E-13
AR GRAD 2024 06 21 02 22 10.000000 2  -1.971684794599E-11 -2.038815991035E-11
AR GRAD 2024 06 21 02 22 20.000000 2  -2.061165821354E-11 -3.821039665231E-11
AR GRAD 2024 06 21 02 22 30.000000 2  -2.010635061223E-11 -3.836264292345E-11
AR GRAD 2024 06 21 02 22 40.000000 2  -2.040547245064E-11 -1.246489109846E-11
AR GRAD 2024 06 21 02 22 50.000000 2  -1.959570526677E-11 -1.711713930319E-11
AR GRAD 2024 06 21 02 23  0.000000 2  -2.098817127039E-11 -2.024939070588E-11
AR GRAD 2024 06 21 02 23 10.000000 2  -1.986669682930E-11 -1.831164560262E-11
AR GRAD 2024 06 21 02 23 20.000000 2  -1.558590929929E-11 -2.202390006478E-11
AR GRAD 2024 06 21 02 23 30.000000 2  -2.265759975473E-11 -2.188615955134E-11
AR GRAD 2024 06 21 02 23 40.000000 2  -1.775964444950E-11 -3.818841770586E-11
AR GRAD 2024 06 21 02 23 50.000000 2  -1.903289852112E-11 -1.538068457319E-11
AR GRAD 2024 06 21 02 24  0.000000 2  -1.593866011396E-11 -3.711294813136E-11
AR GRAD 2024 06 21 02 24 10.000000 2  -1.708820064616E-11 -1.480521955033E-11
AR GRAD 2024 06 21 02 24 20.000000 2  -1.631427284932E-11 -2.656748952778E-11
AR GRAD 2024 06 21 02 24 30.000000 2  -2.231929571717E-11 -2.468976412207E-11
AR GRAD 2024 06 21 02 24 40.000000 2  -2.213546360097E-11 -1.801203804164E-11
AR GRAD 2024 06 21 02 24 50.000000 2  -2.198786291929E-11 -3.602431547511E-11
AR GRAD 2024 06 21 02 25  0.000000 2  -1.760817533447E-11 -3.814659352286E-11
AR GRAD 2024 06 21 02 25 10.000000 2  -2.049069594556E-11 -1.172887828527E-11
AR GRAD 2024 06 21 02 25 20.000000 2  -1.690622294936E-11 -3.445116414369E-11
AR GRAD 2024 06 21 02 25 30.000000 2  -1.986434454426E-11 -2.127345348490E-11
AR GRAD 2024 06 21 02 25 40.000000 2  -1.770628088593E-11 -3.286574137840E-11
AR GRAD 2024 06 21 02 25 50.000000 2  -1.744393691994E-11 -2.119803638179E-11
AR GRAD 2024 06 21 02 26  0.000000 2  -1.505717425743E-11 -2.573032932551E-11
AR GRAD 2024 06 21 02 26 10.000000 2  -1.956690885707E-11  1.067373077944E-12
AR GRAD 2024 06 21 02 26 20.000000 2  -1.730067825112E-11 -3.055492664439E-11
AR GRAD 2024 06 21 02 26 30.000000 2  -1.779412034386E-11 -2.529722958888E-11
AR GRAD 2024 06 21 02 26 40.000000 2  -1.766567447881E-11 -2.427953497974E-11
AR GRAD 2024 06 21 02 26 50.000000 2  -1.853542493102E-11 -2.018184230845E-11
AR GRAD 2024 06 21 02 27  0.000000 2  -1.721661181675E-11 -2.292415215988E-11
AR GRAD 2024 06 21 02 27 10.000000 2  -1.791987044863E-11 -2.602646223537E-11
AR GRAD 2024 06 21 02 27 20.000000 2  -1.690714408753E-11 -4.342877446550E-11
AR GRAD 2024 06 21 02 27 30.000000 2  -1.664237150867E-11  4.898906367373E-12
AR GRAD 2024 06 21 02 27 40.000000 2  -1.778056347990E-11 -1.845341414397E-11
AR GRAD 2024 06 21 02 27 50.000000 2  -1.869222138184E-11 -2.023573669740E-11
AR GRAD 2024 06 21 02 28  0.000000 2  -1.661174149625E-11 -3.199805698184E-11
AR GRAD 2024 06 21 02 28 10.000000 2  -1.637895201412E-11 -1.714038633249E-11
AR GRAD 2024 06 21 02 28 20.000000 2  -1.390146765062E-11 -3.232271394982E-11
AR GRAD 2024 06 21 02 28 30.000000 2  -2.011522545753E-11 -2.162504723902E-11
AR GRAD 2024 06 21 02 28 40.000000 2  -1.618404195380E-11 -2.198738066617E-11
AR GRAD 2024 06 21 02 28 50.000000 2  -1.419919997553E-11 -2.799971712819E-11
AR GRAD 2024 06 21 02 29  0.000000 2  -1.556472485620E-11 -2.158205558711E-11
AR GRAD 2024 06 21 02 29 10.000000 2  -1.794442372471E-11 -5.304396245159E-12
AR GRAD 2024 06 21 02 29 20.000000 2  -1.066607392686E-11 -3.021673883330E-11
AR GRAD 2024 06 21 02 29 30.000000 2  -1.499168324204E-11 -3.518908428535E-11
AR GRAD 2024 06 21 02 29 40.000000 2  -1.485277699442E-11 -1.114143326209E-11
AR GRAD 2024 06 21 02 29 50.000000 2  -1.399378356248E-11 -2.302378426799E-11
AR GRAD 2024 06 21 02 30  0.000000 2  -1.813233764525E-11 -2.735613818805E-11
AR GRAD 2024 06 21 02 30 10.000000 2  -1.494986946737E-11 -1.382849390552E-11
AR GRAD 2024 06 21 02 30 20.000000 2  -1.425101443103E-11 -2.678085184171E-11
AR GRAD 2024 06 21 02 30 30.000000 2  -1.746823692639E-11 -3.280321153598E-11
AR GRAD 2024 06 21 02 30 40.000000 2  -1.432614617214E-11 -1.048557508182E-11
AR GRAD 2024 06 21 02 30 50.000000 2  -1.376488506510E-11 -3.141793769590E-11
AR GRAD 2024 06 21 02 31  0.000000 2  -1.289136245669E-11 -2.489030856423E-11
AR GRAD 2024 06 21 02 31 10.000000 2  -1.331516927966E-11 -2.008267857567E-11
AR GRAD 2024 06 21 02 31 20.000000 2  -1.336570090715E-11 -3.791504957218E-11
AR GRAD 2024 06 21 02 31 30.000000 2  -1.506104962967E-11 -1.572742630573E-11
AR GRAD 2024 06 21 02 31 40.000000 2  -1.524354947824E-11 -2.809980373386E-11
AR GRAD 2024 06 21 02 31 50.000000 2  -1.535684600318E-11 -1.289218384826E-11
AR GRAD 2024 06 21 02 32  0.000000 2  -7.044204629325E-12 -1.759456642880E-11
AR GRAD 2024 06 21 02 32 10.000000 2  -1.663086855730E-11 -2.394695032548E-11
AR GRAD 2024 06 21 02 32 20.000000 2  -1.300735560927E-11 -2.468933738009E-11
AR GRAD 2024 06 21 02 32 30.000000 2  -1.237471236593E-11 -2.994172618176E-11
AR GRAD 2024 06 21 02 32 40.000000 2  -1.182615637363E-11 -1.613412008161E-11
AR GRAD 2024 06 21 02 32 50.000000 2  -9.696771163803E-12 -8.946513668784E-12
AR GRAD 2024 06 21 02 33  0.000000 2  -1.274362733394E-11 -2.060891041156E-11
AR GRAD 2024 06 21 02 33 10.000000 2  -5.419738442758E-12 -1.538131080836E-11
AR GRAD 2024 06 21 02 33 20.000000 2  -1.015551791966E-11 -2.618371144902E-11
AR GRAD 2024 06 21 02 33 30.000000 2  -1.040869473945E-11 -2.013611673235E-11
AR GRAD 2024 06 21 02 33 40.000000 2  -9.675680395782E-12 -2.821852300439E-11
AR GRAD 2024 06 21 02 33 50.000000 2  -9.090145303148E-12 -1.468093181745E-11
AR GRAD 2024 06 21 02 34  0.000000 2  -1.347329105922E-11 -7.133342961457E-12
AR GRAD 2024 06 21 02 34 10.000000 2  -1.056007364886E-11 -1.426575697849E-11
AR GRAD 2024 06 21 02 34 20.000000 2  -5.880526534469E-12 -3.263816994448E-11
AR GRAD 2024 06 21 02 34 30.000000 2  -1.001585619997E-11  2.029408975937E-12
AR GRAD 2024 06 21 02 34 40.000000 2  -9.317220606153E-12 -2.862301368145E-11
AR GRAD 2024 06 21 02 34 50.000000 2  -1.069898857009E-11 -1.364543634336E-11
AR GRAD 2024 06 21 02 35  0.000000 2  -7.881429016365E-12 -2.955785963210E-11
AR GRAD 2024 06 21 02 35 10.000000 2  -1.049985619284E-11 -3.820291305523E-12
AR GRAD 2024 06 21 02 35 20.000000 2  -8.955440555791E-12 -2.058272129124E-11
AR GRAD 2024 06 21 02 35 30.000000 2  -8.036870648154E-12 -4.151549709477E-13
AR GRAD 2024 06 21 02 35 40.000000 2  -6.481942153164E-12 -2.313759080164E-11
AR GRAD 2024 06 21 02 35 50.000000 2  -8.082610969407E-12 -1.886002812257E-11
AR GRAD 2024 06 21 02 36  0.000000 2  -5.382070223520E-12 -8.722468927691E-12
AR GRAD 2024 06 21 02 36 10.000000 2  -6.175803358294E-12 -2.394911959719E-12
AR GRAD 2024 06 21 02 36 20.000000 2  -8.940776938249E-12 -1.819735681585E-11
AR GRAD 2024 06 21 02 36 30.000000 2  -6.338711673604E-12 -2.991980274647E-11
AR GRAD 2024 06 21 02 36 40.000000 2  -6.973456968123E-12 -1.037225513811E-11
AR GRAD 2024 06 21 02 36 50.000000 2  -7.101563694739E-12 -5.134708630505E-12
AR GRAD 2024 06 21 02 37  0.000000 2  -3.338834850958E-12 -2.476716227939E-11
AR GRAD 2024 06 21 02 37 10.000000 2  -4.145734103234E-12 -3.409621543438E-12
AR GRAD 2024 06 21 02 37 20.000000 2  -2.140471610720E-12 -1.382208063283E-11
AR GRAD 2024 06 21 02 37 30.000000 2  -5.205013503540E-12 -2.236454424431E-11
AR GRAD 2024 06 21 02 37 40.000000 2  -4.376408957452E-12 -1.036700759960E-11
AR GRAD 2024 06 21 02 37 50.000000 2  -3.096728602714E-12 -3.889475113511E-12
AR GRAD 2024 06 21 02 38  0.000000 2  -6.004059228959E-12 -1.498194623917E-11
AR GRAD 2024 06 21 02 38 10.000000 2  -6.225676224547E-12 -1.357441763161E-11
AR GRAD 2024 06 21 02 38 20.000000 2  -4.722415167246E-12 -1.785689131284E-11
AR GRAD 2024 06 21 02 38 30.000000 2  -2.275288247741E-12  1.820631969837E-12
AR GRAD 2024 06 21 02 38 40.000000 2  -3.312938031547E-12 -2.358184654494E-11
AR GRAD 2024 06 21 02 38 50.000000 2  -5.372089925682E-12 -2.984329146652E-12
AR GRAD 2024 06 21 02 39  0.000000 2  -4.513925257882E-12 -2.518681270491E-11
AR GRAD 2024 06 21 02 39 10.000000 2  -3.944692229113E-12  2.100699822427E-12
AR GRAD 2024 06 21 02 39 20.000000 2  -2.002250145197E-12 -1.470179013252E-11
AR GRAD 2024 06 21 02 39 30.000000 2   3.773435014974E-13  2.955719219724E-12
AR GRAD 2024 06 21 02 39 40.000000 2  -5.673772215942E-12 -3.046773987617E-12
AR GRAD 2024 06 21 02 39 50.000000 2  -4.286437090689E-12  3.160728406434E-12
AR GRAD 2024 06 21 02 40  0.000000 2   2.912817990280E-12 -1.735176932693E-11
AR GRAD 2024 06 21 02 40 10.000000 2   2.004484676134E-16 -5.014271116377E-12
AR GRAD 2024 06 21 02 40 20.000000 2  -1.274184750766E-12 -9.076774054595E-12
AR GRAD 2024 06 21 02 40 30.000000 2  -3.498355305529E-13 -4.279280055308E-12
AR GRAD 2024 06 21 02 40 40.000000 2   2.280680527246E-13 -7.317890325827E-13
AR GRAD 2024 06 21 02 40 50.000000 2   2.045715810292E-12 -8.204300086523E-12
AR GRAD 2024 06 21 02 41  0.000000 2   1.179399324513E-13 -2.816813188949E-12
AR GRAD 2024 06 21 02 41 10.000000 2  -5.317514007244E-13  4.980671257371E-12
AR GRAD 2024 06 21 02 41 20.000000 2   1.130417916391E-12 -2.079184741044E-11
AR GRAD 2024 06 21 02 41 30.000000 2   1.903509034423E-12  4.665632463707E-12
AR GRAD 2024 06 21 02 41 40.000000 2   6.678039198016E-13  9.331103598131E-13
AR GRAD 2024 06 21 02 41 50.000000 2   2.139114623281E-12  3.590583776483E-12
AR GRAD 2024 06 21 02 42  0.000000 2   2.195482077388E-12 -6.431943953139E-12
AR GRAD 2024 06 21 02 42 10.000000 2   5.117612605389E-13  8.855257564548E-13
AR GRAD 2024 06 21 02 42 20.000000 2   4.637813137004E-12 -1.105700600523E-11
AR GRAD 2024 06 21 02 42 30.000000 2   8.693448521821E-13 -4.649542469787E-12
AR GRAD 2024 06 21 02 42 40.000000 2   1.887044557072E-12  5.257920401153E-12
AR GRAD 2024 06 21 02 42 50.000000 2   3.292443791561E-12  6.345381251688E-12
AR GRAD 2024 06 21 02 43  0.000000 2   3.726781036550E-12 -1.840716294665E-11
AR GRAD 2024 06 21 02 43 10.000000 2   3.134498520116E-12 -8.929705933025E-12
AR GRAD 2024 06 21 02 43 20.000000 2  -8.645885114615E-13  3.077745957397E-12
AR GRAD 2024 06 21 02 43 30.000000 2   4.689454120160E-12  7.795196779736E-12
AR GRAD 2024 06 21 02 43 40.000000 2   5.618680434111E-12  3.522643982068E-12
AR GRAD 2024 06 21 02 43 50.000000 2   4.532390088241E-13  1.424009000994E-11
AR GRAD 2024 06 21 02 44  0.000000 2   3.684610342530E-12 -1.101246611263E-11
AR GRAD 2024 06 21 02 44 10.000000 2   6.431611319913E-12  9.164973467646E-12
AR GRAD 2024 06 21 02 44 20.000000 2   2.303320023860E-13  1.157241143190E-11
AR GRAD 2024 06 21 02 44 30.000000 2   1.269598358736E-12  8.749847200951E-12
AR GRAD 2024 06 21 02 44 40.000000 2   4.580397259396E-12 -1.442718991149E-12
AR GRAD 2024 06 21 02 44 50.000000 2   4.246206251196E-12  5.904711181809E-12
AR GRAD 2024 06 21 02 45  0.000000 2   4.205249429928E-12  7.602140271457E-12
AR GRAD 2024 06 21 02 45 10.000000 2   6.034198748311E-13  7.179565969517E-12
AR GRAD 2024 06 21 02 45 20.000000 2   7.238973743356E-12  2.217698941154E-11
AR GRAD 2024 06 21 02 45 30.000000 2   4.235001672265E-12 -3.375589087765E-12
AR GRAD 2024 06 21 02 45 40.000000 2   4.199849235748E-12  5.051830048036E-12
AR GRAD 2024 06 21 02 45 50.000000 2   8.501165917052E-12  2.709246021970E-12
AR GRAD 2024 06 21 02 46  0.000000 2   8.845141633018E-12  7.856659767214E-12
AR GRAD 2024 06 21 02 46 10.000000 2   2.211271313626E-12  2.254071929109E-12
AR GRAD 2024 06 21 02 46 20.000000 2   8.835321363421E-12  3.871481694256E-12
AR GRAD 2024 06 21 02 46 30.000000 2   2.584189589747E-12  6.698887104750E-12
AR GRAD 2024 06 21 02 46 40.000000 2   7.140578493076E-12  1.274629186920E-11
AR GRAD 2024 06 21 02 46 50.000000 2   8.612828332477E-12  8.083693436856E-12
AR GRAD 2024 06 21 02 47  0.000000 2   8.549281074743E-12  1.109281801614E-14
AR GRAD 2024 06 21 02 47 10.000000 2   7.869288554119E-12  4.528489562505E-12
AR GRAD 2024 06 21 02 47 20.000000 2   5.160531724169E-12  1.224588312698E-11
AR GRAD 2024 06 21 02 47 30.000000 2   8.179532572095E-12  9.683275015160E-12
AR GRAD 2024 06 21 02 47 40.000000 2   5.468177126378E-12  4.660665950396E-12
AR GRAD 2024 06 21 02 47 50.000000 2   8.611991328400E-12 -6.141947193894E-12
AR GRAD 2024 06 21 02 48  0.000000 2   8.028170142560E-12  7.145437887213E-12
AR GRAD 2024 06 21 02 48 10.000000 2   6.721181770863E-12 -3.071792765898E-13
AR GRAD 2024 06 21 02 48 20.000000 2   6.273985671268E-12  4.500200559421E-12
AR GRAD 2024 06 21 02 48 30.000000 2   1.243938719392E-11  4.387577540871E-12
AR GRAD 2024 06 21 02 48 40.000000 2   1.185253110936E-11 -2.025047230597E-12
AR GRAD 2024 06 21 02 48 50.000000 2   1.018969197214E-11  1.747232393490E-11
AR GRAD 2024 06 21 02 49  0.000000 2   6.027485368459E-12  1.270969614275E-11
AR GRAD 2024 06 21 02 49 10.000000 2   9.227104323661E-12 -1.176293611127E-11
AR GRAD 2024 06 21 02 49 20.000000 2   1.098142150130E-11  1.263443082794E-11
AR GRAD 2024 06 21 02 49 30.000000 2   1.403167512737E-11  9.531793757067E-12
AR GRAD 2024 06 21 02 49 40.000000 2   7.552232277053E-12  1.753915242209E-11
AR GRAD 2024 06 21 02 49 50.000000 2   1.006109258406E-11  1.833651112892E-11
AR GRAD 2024 06 21 02 50  0.000000 2   1.232331944823E-11  1.683867238353E-12
AR GRAD 2024 06 21 02 50 10.000000 2   1.051407051700E-11  1.170121898680E-11
AR GRAD 2024 06 21 02 50 20.000000 2   1.334702921102E-11  5.858570573114E-12
AR GRAD 2024 06 21 02 50 30.000000 2   8.979901024164E-12 -4.340798282886E-13
AR GRAD 2024 06 21 02 50 40.000000 2   1.439123039487E-11  1.567326476937E-11
AR GRAD 2024 06 21 02 50 50.000000 2   1.366957675525E-11  6.200609036638E-12
AR GRAD 2024 06 21 02 51  0.000000 2   1.596513372892E-11 -3.442050247257E-12
AR GRAD 2024 06 21 02 51 10.000000 2   1.228483200583E-11  1.700528780291E-11
AR GRAD 2024 06 21 02 51 20.000000 2   1.348264035139E-11  2.682625172348E-12
AR GRAD 2024 06 21 02 51 30.000000 2   1.160397559291E-11  1.146995779605E-11
AR GRAD 2024 06 21 02 51 40.000000 2   1.387473035769E-11  2.506729199214E-11
AR GRAD 2024 06 21 02 51 50.000000 2   1.470139981974E-11  7.334619890609E-12
AR GRAD 2024 06 21 02 52  0.000000 2   1.742401535554E-11  1.007194501412E-11
AR GRAD 2024 06 21 02 52 10.000000 2   1.417624351241E-11  1.610926843310E-11
AR GRAD 2024 06 21 02 52 20.000000 2   1.609194721919E-11  8.036593092398E-12
AR GRAD 2024 06 21 02 52 30.000000 2   1.719510818454E-11  1.123391223795E-11
AR GRAD 2024 06 21 02 52 40.000000 2   1.656086032198E-11  1.321122898579E-11
AR GRAD 2024 06 21 02 52 50.000000 2   1.474817837299E-11  2.215854236209E-11
AR GRAD 2024 06 21 02 53  0.000000 2   1.560522544519E-11  1.052585536093E-11
AR GRAD 2024 06 21 02 53 10.000000 2   1.435772507830E-11  1.008316433820E-11
AR GRAD 2024 06 21 02 53 20.000000 2   1.788940003078E-11  2.118047057187E-11
AR GRAD 2024 06 21 02 53 30.000000 2   1.749727099321E-11  1.569777641208E-11
AR GRAD 2024 06 21 02 53 40.000000 2   1.777164353178E-11  8.655078390096E-12
AR GRAD 2024 06 21 02 53 50.000000 2   1.729876138168E-11  1.044237873254E-11
AR GRAD 2024 06 21 02 54  0.000000 2   2.196829176904E-11  2.031967649696E-11
AR GRAD 2024 06 21 02 54 10.000000 2   1.465765876729E-11  2.104697145733E-11
AR GRAD 2024 06 21 02 54 20.000000 2   2.136260786323E-11  1.925426311444E-11
AR GRAD 2024 06 21 02 54 30.000000 2   2.043533918472E-11  4.971555719185E-12
AR GRAD 2024 06 21 02 54 40.000000 2   1.842921475148E-11  2.583884148311E-11
AR GRAD 2024 06 21 02 54 50.000000 2   1.740304081399E-11  1.235612740597E-11
AR GRAD 2024 06 21 02 55  0.000000 2   1.978588473617E-11  1.433341032669E-11
AR GRAD 2024 06 21 02 55 10.000000 2   2.078760601154E-11  1.582069024397E-11
AR GRAD 2024 06 21 02 55 20.000000 2   1.743889407879E-11  1.921796922988E-11
AR GRAD 2024 06 21 02 55 30.000000 2   2.182102935844E-11  1.259524429198E-11
AR GRAD 2024 06 21 02 55 40.000000 2   1.948628064463E-11  3.042251867091E-11
AR GRAD 2024 06 21 02 55 50.000000 2   2.267481515050E-11  1.221978768173E-11
AR GRAD 2024 06 21 02 56  0.000000 2   1.717101114074E-11  1.597058097748E-12
AR GRAD 2024 06 21 02 56 10.000000 2   1.995977341740E-11  2.411432338534E-11
AR GRAD 2024 06 21 02 56 20.000000 2   2.026810316802E-11  1.621158589316E-11
AR GRAD 2024 06 21 02 56 30.000000 2   2.321804901118E-11  3.388885005950E-11
AR GRAD 2024 06 21 02 56 40.000000 2   1.881282109262E-11  2.805610431478E-11
AR GRAD 2024 06 21 02 56 50.000000 2   2.131501225522E-11  1.707336355627E-11
AR GRAD 2024 06 21 02 57  0.000000 2   2.241549827697E-11  1.353061759857E-11
AR GRAD 2024 06 21 02 57 10.000000 2   2.142195795751E-11  1.429786931212E-11
AR GRAD 2024 06 21 02 57 20.000000 2   1.904737999270E-11  3.454511676715E-11
AR GRAD 2024 06 21 02 57 30.000000 2   2.574863759708E-11  1.254236384890E-11
AR GRAD 2024 06 21 02 57 40.000000 2   2.287665890055E-11  2.859960879231E-11
AR GRAD 2024 06 21 02 57 50.000000 2   2.370118337702E-11  7.236849574460E-12
AR GRAD 2024 06 21 02 58  0.000000 2   1.950478840940E-11  1.550408759710E-11
AR GRAD 2024 06 21 02 58 10.000000 2   2.634157475478E-11  3.710132895351E-11
AR GRAD 2024 06 21 02 58 20.000000 2   2.441314685131E-11  2.071856054775E-11
AR GRAD 2024 06 21 02 58 30.000000 2   2.406489764406E-11  2.046579225534E-11
AR GRAD 2024 06 21 02 58 40.000000 2   1.903126267688E-11  3.252302246959E-11
AR GRAD 2024 06 21 02 58 50.000000 2   2.426543514733E-11  1.869024726653E-11
AR GRAD 2024 06 21 02 59  0.000000 2   2.842344415388E-11  2.385747328859E-11
AR GRAD 2024 06 21 02 59 10.000000 2   2.474208685155E-11  9.864696733086E-12
AR GRAD 2024 06 21 02 59 20.000000 2   2.508499484521E-11  3.680191915101E-11
AR GRAD 2024 06 21 02 59 30.000000 2   2.448919539377E-11  2.491913446423E-11
AR GRAD 2024 06 21 02 59 40.000000 2   2.628968397145E-11  1.358634905968E-11
AR GRAD 2024 06 21 02 59 50.000000 2   1.979482723569E-11  2.075356206332E-11
AR GRAD 2024 06 21 03 00  0.000000 2   2.630242551538E-11  4.359077335203E-11
AR GRAD 2024 06 21 03 00 10.000000 2   2.612686282599E-11  1.836797901278E-11
AR GRAD 2024 06 21 03 00 20.000000 2   2.659097768365E-11  2.441518341667E-11
AR GRAD 2024 06 21 03 00 30.000000 2   2.426612383255E-11  1.448238751145E-11
AR GRAD 2024 06 21 03 00 40.000000 2   2.750147158614E-11  2.434958831787E-11
AR GRAD 2024 06 21 03 00 50.000000 2   2.451365672951E-11  2.637678617190E-11
AR GRAD 2024 06 21 03 01  0.000000 2   2.517608170549E-11  2.530398286738E-11
AR GRAD 2024 06 21 03 01 10.000000 2   2.618773774221E-11  3.021117730984E-11
AR GRAD 2024 06 21 03 01 20.000000 2   2.796914436165E-11  2.863836598421E-11
AR GRAD 2024 06 21 03 01 30.000000 2   2.792940531626E-11  2.308555256680E-11
AR GRAD 2024 06 21 03 01 40.000000 2   2.561489909070E-11  1.564273884036E-11
AR GRAD 2024 06 21 03 01 50.000000 2   2.957153966143E-11  2.328992380896E-11
AR GRAD 2024 06 21 03 02  0.000000 2   2.744555104017E-11  2.576710546320E-11
AR GRAD 2024 06 21 03 02 10.000000 2   2.470736289173E-11  2.143428316781E-11
AR GRAD 2024 06 21 03 02 20.000000 2   2.798040618646E-11  2.646145975949E-11
AR GRAD 2024 06 21 03 02 30.000000 2   3.056428027337E-11  3.081863236831E-11
AR GRAD 2024 06 21 03 02 40.000000 2   2.331254460308E-11  2.610580328299E-11
AR GRAD 2024 06 21 03 02 50.000000 2   2.957768752143E-11  3.553297586723E-11
AR GRAD 2024 06 21 03 03  0.000000 2   2.684444506962E-11  2.775013899226E-11
AR GRAD 2024 06 21 03 03 10.000000 2   3.271327653209E-11  2.954730557447E-11
AR GRAD 2024 06 21 03 03 20.000000 2   2.545481186944E-11  3.322446831544E-11
AR GRAD 2024 06 21 03 03 30.000000 2   2.814536104179E-11  1.304162507154E-11
AR GRAD 2024 06 21 03 03 40.000000 2   2.755859256076E-11  3.147878138710E-11
AR GRAD 2024 06 21 03 03 50.000000 2   2.945114638275E-11  2.541593498162E-11
AR GRAD 2024 06 21 03 04  0.000000 2   2.655160639964E-11  3.270309023584E-11
AR GRAD 2024 06 21 03 04 10.000000 2   3.042011434418E-11  2.925023764866E-11
AR GRAD 2024 06 21 03 04 20.000000 2   2.696184595030E-11  2.318738430429E-11
AR GRAD 2024 06 21 03 04 30.000000 2   2.877401268642E-11  2.947453045521E-11
AR GRAD 2024 06 21 03 04 40.000000 2   2.995629785896E-11  3.744167476061E-11
AR GRAD 2024 06 21 03 04 50.000000 2   2.894622909422E-11  1.360881112661E-11
