 2.00 C RINEX VERSION / TYPE
 10.00 INTERVAL
 1 AR # / TYPES OF DATA
 END OF HEADER
AR GRAD 2024 07 04 01 05  0.000000 2  -9.145953092093E-12  1.089975939367E-11
AR GRAD 2024 07 04 01 05 10.000000 2  -1.187986601453E-11 -1.186741937359E-11
AR GRAD 2024 07 04 01 05 20.000000 2  -1.008180865181E-11  1.298539921424E-11
AR GRAD 2024 07 04 01 05 30.000000 2  -1.161426944202E-11 -3.791784160961E-12
AR GRAD 2024 07 04 01 05 40.000000 2  -1.222034626269E-11  1.445102978254E-11
AR GRAD 2024 07 04 01 05 50.000000 2  -1.120002441485E-11 -8.966157677426E-12
AR GRAD 2024 07 04 01 06  0.000000 2  -1.193237522679E-11 -2.663349358764E-12
AR GRAD 2024 07 04 01 06 10.000000 2  -9.662826962187E-12  7.945710468705E-14
AR GRAD 2024 07 04 01 06 20.000000 2  -1.290901673751E-11  1.026226152667E-11
AR GRAD 2024 07 04 01 06 30.000000 2  -1.292512451234E-11 -2.234937929169E-12
AR GRAD 2024 07 04 01 06 40.000000 2  -1.203190411886E-11  9.297858490076E-12
AR GRAD 2024 07 04 01 06 50.000000 2  -1.223320923727E-11 -1.799342684398E-12
AR GRAD 2024 07 04 01 07  0.000000 2  -7.636885047957E-12  6.043451329651E-12
AR GRAD 2024 07 04 01 07 10.000000 2  -1.267415339345E-11 -2.637566001110E-13
AR GRAD 2024 07 04 01 07 20.000000 2  -1.026447937064E-11 -2.318097103160E-11
AR GRAD 2024 07 04 01 07 30.000000 2  -1.114052947115E-11 -7.781836156365E-13
AR GRAD 2024 07 04 01 07 40.000000 2  -1.163086467415E-11  1.040459905732E-11
AR GRAD 2024 07 04 01 07 50.000000 2  -1.099680329436E-11 -4.142619407232E-12
AR GRAD 2024 07 04 01 08  0.000000 2  -9.838462509959E-12  8.640158033479E-12
AR GRAD 2024 07 04 01 08 10.000000 2  -8.825305070070E-12 -2.310706834208E-11
AR GRAD 2024 07 04 01 08 20.000000 2  -1.102572460415E-11 -1.604295038829E-12
AR GRAD 2024 07 04 01 08 30.000000 2  -9.741019622866E-12 -4.151522875473E-12
AR GRAD 2024 07 04 01 08 40.000000 2  -7.746736412073E-12 -1.228755270276E-12
AR GRAD 2024 07 04 01 08 50.000000 2  -1.158020641184E-11  6.340093380852E-13
AR GRAD 2024 07 04 01 09  0.000000 2  -8.018004662991E-12 -8.463226647271E-12
AR GRAD 2024 07 04 01 09 10.000000 2  -1.101364572459E-11  3.229533177343E-12
AR GRAD 2024 07 04 01 09 20.000000 2  -7.032539047630E-12 -2.563771243913E-11
AR GRAD 2024 07 04 01 09 30.000000 2  -1.159247350890E-11 -7.724954356747E-12
AR GRAD 2024 07 04 01 09 40.000000 2  -1.054608917556E-11 -3.922030072673E-13
AR GRAD 2024 07 04 01 09 50.000000 2  -8.204133553069E-12  3.370544295056E-12
AR GRAD 2024 07 04 01 10  0.000000 2  -1.230526010948E-11 -1.512670544379E-11
AR GRAD 2024 07 04 01 10 10.000000 2  -1.016521155445E-11 -7.073962943194E-12
AR GRAD 2024 07 04 01 10 20.000000 2  -1.050979268891E-11 -1.031121889261E-11
AR GRAD 2024 07 04 01 10 30.000000 2  -7.767013594784E-12 -7.328481571589E-12
AR GRAD 2024 07 04 01 10 40.000000 2  -1.075808452738E-11 -2.415743169740E-12
AR GRAD 2024 07 04 01 10 50.000000 2  -7.908910505672E-12 -1.805301047542E-11
AR GRAD 2024 07 04 01 11  0.000000 2  -7.141783692211E-12 -1.161027610858E-11
AR GRAD 2024 07 04 01 11 10.000000 2  -1.013936851146E-11  7.982448903265E-12
AR GRAD 2024 07 04 01 11 20.000000 2  -8.456360611753E-12 -2.351482029928E-11
AR GRAD 2024 07 04 01 11 30.000000 2  -1.072780492911E-11 -7.832098684879E-12
AR GRAD 2024 07 04 01 11 40.000000 2  -9.267965735138E-12 -9.039375151176E-12
AR GRAD 2024 07 04 01 11 50.000000 2  -8.753421598673E-12  1.296334307260E-11
AR GRAD 2024 07 04 01 12  0.000000 2  -8.625380791549E-12 -1.414394122656E-11
AR GRAD 2024 07 04 01 12 10.000000 2  -7.519141559387E-12 -4.541228504351E-12
AR GRAD 2024 07 04 01 12 20.000000 2  -8.395303549569E-12 -1.068516043874E-12
AR GRAD 2024 07 04 01 12 30.000000 2  -8.046521782212E-12 -4.215809559088E-12
AR GRAD 2024 07 04 01 12 40.000000 2  -7.565176783630E-12 -1.366310276724E-11
AR GRAD 2024 07 04 01 12 50.000000 2  -9.633627229277E-12 -2.110400396105E-12
AR GRAD 2024 07 04 01 13  0.000000 2  -9.210349496969E-12 -9.787700164243E-12
AR GRAD 2024 07 04 01 13 10.000000 2  -6.656431482399E-12 -1.706500045440E-11
AR GRAD 2024 07 04 01 13 20.000000 2  -8.898318713813E-12 -5.042305115111E-12
AR GRAD 2024 07 04 01 13 30.000000 2  -9.237083320457E-12 -2.329961397429E-11
AR GRAD 2024 07 04 01 13 40.000000 2  -6.326961524139E-12 -1.202692112567E-11
AR GRAD 2024 07 04 01 13 50.000000 2  -1.005247187574E-11 -1.484423348130E-11
AR GRAD 2024 07 04 01 14  0.000000 2  -8.118770412902E-12 -1.252154803455E-11
AR GRAD 2024 07 04 01 14 10.000000 2  -8.420745004067E-12 -5.498867420434E-12
AR GRAD 2024 07 04 01 14 20.000000 2  -7.594990608650E-12  1.065381550341E-11
AR GRAD 2024 07 04 01 14 30.000000 2  -7.584552777495E-12 -1.734350857374E-11
AR GRAD 2024 07 04 01 14 40.000000 2  -9.948504693658E-12 -8.700833456499E-12
AR GRAD 2024 07 04 01 14 50.000000 2  -8.493453336478E-12 -1.274816190111E-11
AR GRAD 2024 07 04 01 15  0.000000 2  -5.869538795972E-12 -4.615491148996E-12
AR GRAD 2024 07 04 01 15 10.000000 2  -8.369729388724E-12 -2.814282661079E-11
AR GRAD 2024 07 04 01 15 20.000000 2  -7.388651322715E-12 -6.900158829731E-12
AR GRAD 2024 07 04 01 15 30.000000 2  -8.999075790106E-12 -1.407498358315E-12
AR GRAD 2024 07 04 01 15 40.000000 2  -8.443240898104E-12 -5.974839113049E-12
AR GRAD 2024 07 04 01 15 50.000000 2  -5.327088162949E-12 -2.131218292123E-11
AR GRAD 2024 07 04 01 16  0.000000 2  -7.621156310200E-12  1.054047300830E-11
AR GRAD 2024 07 04 01 16 10.000000 2  -5.559374575276E-12 -1.019687546205E-11
AR GRAD 2024 07 04 01 16 20.000000 2  -6.913847532680E-12 -1.194226141588E-12
AR GRAD 2024 07 04 01 16 30.000000 2  -8.016696681490E-12 -1.916158030857E-11
AR GRAD 2024 07 04 01 16 40.000000 2  -4.764871223278E-12 -1.597893518890E-11
AR GRAD 2024 07 04 01 16 50.000000 2  -4.322750490893E-12 -7.646295055452E-12
AR GRAD 2024 07 04 01 17  0.000000 2  -5.666587424985E-12 -1.414365673191E-11
AR GRAD 2024 07 04 01 17 10.000000 2  -5.671470671570E-12 -1.264102017506E-11
AR GRAD 2024 07 04 01 17 20.000000 2  -6.043160329788E-12 -1.026838423318E-11
AR GRAD 2024 07 04 01 17 30.000000 2  -5.052131022559E-12 -8.075754474868E-12
AR GRAD 2024 07 04 01 17 40.000000 2  -4.786868384316E-12 -1.447312755753E-11
AR GRAD 2024 07 04 01 17 50.000000 2  -4.422228208623E-12 -1.705049990086E-11
AR GRAD 2024 07 04 01 18  0.000000 2  -4.052876523969E-12 -1.897878772542E-12
AR GRAD 2024 07 04 01 18 10.000000 2  -2.909499030590E-12 -1.319525651938E-11
AR GRAD 2024 07 04 01 18 20.000000 2  -2.455787309619E-12 -1.444263719036E-11
AR GRAD 2024 07 04 01 18 30.000000 2  -5.627201395825E-12 -9.530022604398E-12
AR GRAD 2024 07 04 01 18 40.000000 2  -2.970337951297E-12 -1.337409566773E-12
AR GRAD 2024 07 04 01 18 50.000000 2  -1.277546211181E-12 -2.469480002432E-11
AR GRAD 2024 07 04 01 19  0.000000 2  -3.907913055656E-12  8.978079781355E-13
AR GRAD 2024 07 04 01 19 10.000000 2  -2.059322330716E-12 -1.456958685642E-11
AR GRAD 2024 07 04 01 19 20.000000 2  -3.021585802745E-12 -6.876984658816E-12
AR GRAD 2024 07 04 01 19 30.000000 2  -4.620113319698E-12 -1.729438293963E-11
AR GRAD 2024 07 04 01 19 40.000000 2  -1.925513568035E-12 -9.431786948677E-12
AR GRAD 2024 07 04 01 19 50.000000 2  -4.827746275665E-13 -1.146919018091E-11
AR GRAD 2024 07 04 01 20  0.000000 2  -3.871613533241E-12 -1.765659840558E-11
AR GRAD 2024 07 04 01 20 10.000000 2  -6.974829784914E-13 -1.569400859269E-11
AR GRAD 2024 07 04 01 20 20.000000 2  -2.935298705486E-12 -1.272142287345E-11
AR GRAD 2024 07 04 01 20 30.000000 2  -8.320693309707E-13 -6.918836163716E-12
AR GRAD 2024 07 04 01 20 40.000000 2   6.230681660717E-13 -1.154625527133E-11
AR GRAD 2024 07 04 01 20 50.000000 2  -3.394786188271E-12 -1.119367359220E-11
AR GRAD 2024 07 04 01 21  0.000000 2  -1.857073522737E-12 -1.669109989111E-11
AR GRAD 2024 07 04 01 21 10.000000 2   1.635136687508E-12 -1.233852343213E-11
AR GRAD 2024 07 04 01 21 20.000000 2  -4.482618974361E-13 -1.241595107976E-11
AR GRAD 2024 07 04 01 21 30.000000 2  -2.014361171355E-13 -2.007338392729E-11
AR GRAD 2024 07 04 01 21 40.000000 2  -1.338745303850E-12  2.469183494822E-12
AR GRAD 2024 07 04 01 21 50.000000 2  -1.100991802068E-12 -1.970825412589E-11
AR GRAD 2024 07 04 01 22  0.000000 2  -3.707727484412E-13 -9.756901233129E-13
AR GRAD 2024 07 04 01 22 10.000000 2   7.503806603859E-13 -5.823132774585E-12
AR GRAD 2024 07 04 01 22 20.000000 2  -9.066444968918E-13 -1.600576550638E-12
AR GRAD 2024 07 04 01 22 30.000000 2  -4.906086387840E-13 -2.082801986436E-11
AR GRAD 2024 07 04 01 22 40.000000 2  -1.515723744433E-12  1.684528276417E-12
AR GRAD 2024 07 04 01 22 50.000000 2   1.793508050407E-12 -2.012292589504E-11
AR GRAD 2024 07 04 01 23  0.000000 2   4.676146622695E-13 -9.510375993671E-12
AR GRAD 2024 07 04 01 23 10.000000 2  -4.845208977956E-13 -5.057833492306E-12
AR GRAD 2024 07 04 01 23 20.000000 2   5.287722842050E-13 -1.144529176295E-11
AR GRAD 2024 07 04 01 23 30.000000 2  -6.411575372185E-13 -9.512753432195E-12
AR GRAD 2024 07 04 01 23 40.000000 2   1.505116886159E-12 -1.005021846995E-11
AR GRAD 2024 07 04 01 23 50.000000 2   1.909613743176E-12 -1.657687225334E-12
AR GRAD 2024 07 04 01 24  0.000000 2  -9.896526279680E-14 -8.275154866899E-12
AR GRAD 2024 07 04 01 24 10.000000 2   3.586016683252E-12 -1.476262515010E-11
AR GRAD 2024 07 04 01 24 20.000000 2   8.575957869197E-13  4.979896269658E-12
AR GRAD 2024 07 04 01 24 30.000000 2   4.732557661730E-12 -8.327578210343E-12
AR GRAD 2024 07 04 01 24 40.000000 2  -6.216270987541E-13 -1.802505887605E-11
AR GRAD 2024 07 04 01 24 50.000000 2   9.946498919639E-13 -8.212540890395E-12
AR GRAD 2024 07 04 01 25  0.000000 2   3.880409448626E-12 -7.670026072604E-12
AR GRAD 2024 07 04 01 25 10.000000 2   2.658411902071E-12  7.524852594330E-13
AR GRAD 2024 07 04 01 25 20.000000 2   4.432520323006E-12 -2.132500426244E-11
AR GRAD 2024 07 04 01 25 30.000000 2   3.634711021744E-12  5.887503158608E-12
AR GRAD 2024 07 04 01 25 40.000000 2   4.375830427172E-12 -1.223999287342E-11
AR GRAD 2024 07 04 01 25 50.000000 2   1.479570155630E-12 -2.927489847759E-12
AR GRAD 2024 07 04 01 26  0.000000 2   4.692818616342E-12 -8.544991103587E-12
AR GRAD 2024 07 04 01 26 10.000000 2   2.987663285173E-12 -1.882249217600E-11
AR GRAD 2024 07 04 01 26 20.000000 2   5.081853340916E-12 -7.919998858130E-12
AR GRAD 2024 07 04 01 26 30.000000 2   3.060710322342E-12 -2.407507353197E-12
AR GRAD 2024 07 04 01 26 40.000000 2   4.698126870178E-12 -7.975018215256E-12
AR GRAD 2024 07 04 01 26 50.000000 2   4.023730133806E-12  1.977469403502E-12
AR GRAD 2024 07 04 01 27  0.000000 2   2.257031801040E-12 -1.447004668864E-11
AR GRAD 2024 07 04 01 27 10.000000 2   4.026108006011E-12 -7.477565441838E-12
AR GRAD 2024 07 04 01 27 20.000000 2   4.547280520878E-12 -4.455087340705E-12
AR GRAD 2024 07 04 01 27 30.000000 2   5.170655136694E-12 -5.002611172533E-12
AR GRAD 2024 07 04 01 27 40.000000 2   5.243609799838E-12 -2.409013960536E-11
AR GRAD 2024 07 04 01 27 50.000000 2   6.258582627844E-12 -1.380766508075E-11
AR GRAD 2024 07 04 01 28  0.000000 2   2.545596762896E-12  1.591480072727E-11
AR GRAD 2024 07 04 01 28 10.000000 2   7.845348502789E-12 -1.802731683549E-12
AR GRAD 2024 07 04 01 28 20.000000 2   3.833071447051E-12  4.919731289021E-12
AR GRAD 2024 07 04 01 28 30.000000 2   6.147762854347E-12 -1.171780554532E-11
AR GRAD 2024 07 04 01 28 40.000000 2   5.649506036598E-12  7.084648839806E-12
AR GRAD 2024 07 04 01 28 50.000000 2   7.837650667364E-12  1.411710852384E-11
AR GRAD 2024 07 04 01 29  0.000000 2   4.095177755931E-12 -2.553044060882E-11
AR GRAD 2024 07 04 01 29 10.000000 2   6.158868120359E-12  2.712010737510E-12
AR GRAD 2024 07 04 01 29 20.000000 2   6.683946798813E-12  8.314457629333E-12
AR GRAD 2024 07 04 01 29 30.000000 2   6.126647366517E-12 -1.503095282789E-12
AR GRAD 2024 07 04 01 29 40.000000 2   7.135676598213E-12  1.432934673695E-11
AR GRAD 2024 07 04 01 29 50.000000 2   7.035681932888E-12 -4.182123668640E-13
AR GRAD 2024 07 04 01 30  0.000000 2   5.319917683461E-12 -6.595774707657E-12
AR GRAD 2024 07 04 01 30 10.000000 2   6.119844214725E-12 -2.763339904122E-12
AR GRAD 2024 07 04 01 30 20.000000 2   4.698184983415E-12 -6.550908253355E-12
AR GRAD 2024 07 04 01 30 30.000000 2   8.182837220316E-12  2.085152189801E-11
AR GRAD 2024 07 04 01 30 40.000000 2   9.926132832350E-12  7.394983198928E-14
AR GRAD 2024 07 04 01 30 50.000000 2   9.412823818999E-12  9.136372214336E-12
AR GRAD 2024 07 04 01 31  0.000000 2   6.038503898298E-12  5.408797108114E-12
AR GRAD 2024 07 04 01 31 10.000000 2   8.676848302358E-12  9.471215478563E-12
AR GRAD 2024 07 04 01 31 20.000000 2   7.705540198966E-12  3.103632802148E-12
AR GRAD 2024 07 04 01 31 30.000000 2   6.806487665156E-12 -2.242395158447E-11
AR GRAD 2024 07 04 01 31 40.000000 2   6.840539853309E-12  2.398458168185E-12
AR GRAD 2024 07 04 01 31 50.000000 2   7.628971239459E-12  8.050869866605E-12
AR GRAD 2024 07 04 01 32  0.000000 2   1.042407393043E-11  7.163272579269E-12
AR GRAD 2024 07 04 01 32 10.000000 2   7.868507928555E-12  2.605679344167E-12
AR GRAD 2024 07 04 01 32 20.000000 2   9.636775752386E-12  2.718080968633E-12
AR GRAD 2024 07 04 01 32 30.000000 2   1.112725536712E-11  1.436048155390E-11
AR GRAD 2024 07 04 01 32 40.000000 2   7.963027806590E-12  1.812875262235E-12
AR GRAD 2024 07 04 01 32 50.000000 2   8.291370194591E-12  8.645271130925E-12
AR GRAD 2024 07 04 01 33  0.000000 2   8.582717002381E-12  5.877661204967E-12
AR GRAD 2024 07 04 01 33 10.000000 2   9.430473763006E-12  2.213005126372E-11
AR GRAD 2024 07 04 01 33 20.000000 2   9.213310669942E-12  5.512434692739E-12
AR GRAD 2024 07 04 01 33 30.000000 2   9.351137052194E-12 -2.885181893744E-12
AR GRAD 2024 07 04 01 33 40.000000 2   8.875199186686E-12  8.537202195180E-12
AR GRAD 2024 07 04 01 33 50.000000 2   8.563822394281E-12  2.473957670668E-11
AR GRAD 2024 07 04 01 34  0.000000 2   9.851813809192E-12 -7.328046155997E-12
AR GRAD 2024 07 04 01 34 10.000000 2   1.098015255108E-11  2.806432863878E-11
AR GRAD 2024 07 04 01 34 20.000000 2   9.117449850660E-12 -1.953302103397E-12
AR GRAD 2024 07 04 01 34 30.000000 2   1.259203765563E-11  1.746906438949E-11
AR GRAD 2024 07 04 01 34 40.000000 2   1.105133779628E-11  1.099143172312E-11
AR GRAD 2024 07 04 01 34 50.000000 2   6.745117919066E-12  1.501379402746E-11
AR GRAD 2024 07 04 01 35  0.000000 2   1.048314993840E-11 -4.643844770530E-12
AR GRAD 2024 07 04 01 35 10.000000 2   9.012578010281E-12  3.088851396882E-11
AR GRAD 2024 07 04 01 35 20.000000 2   1.298809844397E-11  1.220866398428E-12
AR GRAD 2024 07 04 01 35 30.000000 2   9.972526276991E-12  1.391322126953E-11
AR GRAD 2024 07 04 01 35 40.000000 2   8.522208112816E-12  1.696556957420E-11
AR GRAD 2024 07 04 01 35 50.000000 2   1.388540324387E-11  2.054791579942E-11
AR GRAD 2024 07 04 01 36  0.000000 2   1.203883000234E-11  1.619026093747E-11
AR GRAD 2024 07 04 01 36 10.000000 2   1.104274137409E-11  1.058260337000E-11
AR GRAD 2024 07 04 01 36 20.000000 2   1.151344644623E-11  1.832494572751E-11
AR GRAD 2024 07 04 01 36 30.000000 2   1.213051447485E-11  1.280728127717E-11
AR GRAD 2024 07 04 01 36 40.000000 2   1.177190029483E-11  8.799615550115E-12
AR GRAD 2024 07 04 01 36 50.000000 2   1.061941940633E-11  1.188194681534E-11
AR GRAD 2024 07 04 01 37  0.000000 2   1.335690759385E-11  3.084428198963E-11
AR GRAD 2024 07 04 01 37 10.000000 2   1.413850633791E-11  2.103660128039E-11
AR GRAD 2024 07 04 01 37 20.000000 2   1.276096849717E-11  1.124892887172E-11
AR GRAD 2024 07 04 01 37 30.000000 2   1.012040364706E-11  8.781249165313E-12
AR GRAD 2024 07 04 01 37 40.000000 2   1.259268123804E-11  1.135356912652E-11
AR GRAD 2024 07 04 01 37 50.000000 2   1.379282105196E-11  4.268588260636E-11
AR GRAD 2024 07 04 01 38  0.000000 2   1.253220357350E-11  1.938819764458E-11
AR GRAD 2024 07 04 01 38 10.000000 2   1.100923085334E-11 -1.609489343017E-12
AR GRAD 2024 07 04 01 38 20.000000 2   1.193477348199E-11  4.695282010414E-11
AR GRAD 2024 07 04 01 38 30.000000 2   1.366227096733E-11  8.485127531155E-12
AR GRAD 2024 07 04 01 38 40.000000 2   1.240527732621E-11  3.075743132408E-11
AR GRAD 2024 07 04 01 38 50.000000 2   1.369209780278E-11  1.106972933457E-11
AR GRAD 2024 07 04 01 39  0.000000 2   1.413077120593E-11  1.819202601061E-11
AR GRAD 2024 07 04 01 39 10.000000 2   1.372395166260E-11 -7.805676244255E-12
AR GRAD 2024 07 04 01 39 20.000000 2   1.305402487495E-11  2.909661747652E-11
AR GRAD 2024 07 04 01 39 30.000000 2   1.268443076269E-11  3.065890596954E-11
AR GRAD 2024 07 04 01 39 40.000000 2   1.428306865142E-11  2.196119848474E-11
AR GRAD 2024 07 04 01 39 50.000000 2   1.376088826222E-11  2.709348023711E-11
AR GRAD 2024 07 04 01 40  0.000000 2   1.585298385620E-11  1.615576422642E-11
AR GRAD 2024 07 04 01 40 10.000000 2   1.449289993571E-11  1.874804131385E-11
AR GRAD 2024 07 04 01 40 20.000000 2   1.406550917404E-11  2.342032297264E-11
AR GRAD 2024 07 04 01 40 30.000000 2   1.498694744695E-11  3.124259878584E-11
AR GRAD 2024 07 04 01 40 40.000000 2   1.415225228674E-11  2.226486876811E-11
AR GRAD 2024 07 04 01 40 50.000000 2   1.634448305865E-11  1.858713877256E-11
AR GRAD 2024 07 04 01 41  0.000000 2   1.286424352459E-11  1.864940667173E-11
AR GRAD 2024 07 04 01 41 10.000000 2   1.223899107061E-11  1.260167317718E-11
AR GRAD 2024 07 04 01 41 20.000000 2   1.656081695389E-11  3.064393183649E-11
AR GRAD 2024 07 04 01 41 30.000000 2   1.702718695207E-11  1.366194917612E-12
AR GRAD 2024 07 04 01 41 40.000000 2   1.469591288938E-11  2.189844833245E-11
AR GRAD 2024 07 04 01 41 50.000000 2   1.511353021899E-11  2.582070147972E-11
AR GRAD 2024 07 04 01 42  0.000000 2   1.656819993701E-11  2.380295786863E-11
AR GRAD 2024 07 04 01 42 10.000000 2   1.628270088205E-11  2.353520503484E-11
AR GRAD 2024 07 04 01 42 20.000000 2   1.474053865080E-11  7.977453767016E-12
AR GRAD 2024 07 04 01 42 30.000000 2   1.560432338898E-11  3.391970038180E-11
AR GRAD 2024 07 04 01 42 40.000000 2   1.678169062047E-11  1.483193776131E-11
AR GRAD 2024 07 04 01 42 50.000000 2   1.570735382039E-11  1.909417762791E-11
AR GRAD 2024 07 04 01 43  0.000000 2   1.474601864226E-11  2.975641608116E-11
AR GRAD 2024 07 04 01 43 10.000000 2   1.698014125140E-11  2.305865047514E-11
AR GRAD 2024 07 04 01 43 20.000000 2   1.768050462980E-11  2.629087746120E-11
AR GRAD 2024 07 04 01 43 30.000000 2   1.598579081608E-11  2.641310781204E-11
AR GRAD 2024 07 04 01 43 40.000000 2   1.397225824623E-11  1.431533537544E-11
AR GRAD 2024 07 04 01 43 50.000000 2   1.723456273528E-11  3.056756237019E-11
AR GRAD 2024 07 04 01 44  0.000000 2   1.610631419902E-11  1.653977822758E-11
AR GRAD 2024 07 04 01 44 10.000000 2   1.510279228067E-11  3.045199856166E-11
AR GRAD 2024 07 04 01 44 20.000000 2   1.673853416984E-11  1.233421611374E-11
AR GRAD 2024 07 04 01 44 30.000000 2   1.583977567166E-11  3.053643102269E-11
AR GRAD 2024 07 04 01 44 40.000000 2   1.286391913130E-11  2.604863547084E-11
AR GRAD 2024 07 04 01 44 50.000000 2   1.711865024734E-11  2.947084937199E-11
AR GRAD 2024 07 04 01 45  0.000000 2   1.616698094842E-11  3.148305227629E-11
AR GRAD 2024 07 04 01 45 10.000000 2   1.443530971840E-11  3.575525292510E-11
AR GRAD 2024 07 04 01 45 20.000000 2   1.958152043291E-11  2.497745413277E-11
AR GRAD 2024 07 04 01 45 30.000000 2   1.680649022728E-11  2.306965382615E-11
AR GRAD 2024 07 04 01 45 40.000000 2   2.006762638007E-11  2.404184663851E-11
AR GRAD 2024 07 04 01 45 50.000000 2   1.523987186447E-11  2.331403993472E-11
AR GRAD 2024 07 04 01 46  0.000000 2   1.792766976538E-11  3.287622604708E-11
AR GRAD 2024 07 04 01 46 10.000000 2   1.808422855909E-11  2.996841663716E-11
AR GRAD 2024 07 04 01 46 20.000000 2   1.635354872354E-11  2.910060387107E-11
AR GRAD 2024 07 04 01 46 30.000000 2   2.130905694953E-11  2.875278660996E-11
AR GRAD 2024 07 04 01 46 40.000000 2   1.658352795364E-11  3.405496371012E-11
AR GRAD 2024 07 04 01 46 50.000000 2   1.824419088026E-11  3.076714577555E-11
AR GRAD 2024 07 04 01 47  0.000000 2   1.580513324384E-11  1.715931563506E-11
AR GRAD 2024 07 04 01 47 10.000000 2   1.821078877973E-11  3.524148334266E-11
AR GRAD 2024 07 04 01 47 20.000000 2   1.676132323214E-11  2.368365573102E-11
AR GRAD 2024 07 04 01 47 30.000000 2   1.654857847977E-11  2.901582620007E-11
AR GRAD 2024 07 04 01 47 40.000000 2   1.771590860122E-11  2.283798844482E-11
AR GRAD 2024 07 04 01 47 50.000000 2   1.739552946134E-11  3.339015175463E-11
AR GRAD 2024 07 04 01 48  0.000000 2   1.921554061701E-11  3.545230775615E-11
AR GRAD 2024 07 04 01 48 10.000000 2   1.719518451238E-11  2.819446759394E-11
AR GRAD 2024 07 04 01 48 20.000000 2   1.570273425178E-11  2.720661890221E-11
AR GRAD 2024 07 04 01 48 30.000000 2   1.833726746836E-11  3.196877484957E-11
AR GRAD 2024 07 04 01 48 40.000000 2   1.673360755516E-11  2.034091992065E-11
AR GRAD 2024 07 04 01 48 50.000000 2   1.928445944599E-11  3.956306462993E-11
AR GRAD 2024 07 04 01 49  0.000000 2   1.772682348133E-11  3.017520955328E-11
AR GRAD 2024 07 04 01 49 10.000000 2   1.767339052883E-11  4.307735071429E-11
AR GRAD 2024 07 04 01 49 20.000000 2   2.084464545415E-11  2.306949076214E-11
AR GRAD 2024 07 04 01 49 30.000000 2   1.812702418724E-11  2.727162419502E-11
AR GRAD 2024 07 04 01 49 40.000000 2   2.123501374740E-11  2.198376029827E-11
AR GRAD 2024 07 04 01 49 50.000000 2   1.569133017965E-11  3.453588803826E-11
AR GRAD 2024 07 04 01 50  0.000000 2   1.774538849197E-11  3.561801895091E-11
AR GRAD 2024 07 04 01 50 10.000000 2   1.859267947935E-11  3.442014034905E-11
AR GRAD 2024 07 04 01 50 20.000000 2   1.880955807776E-11  2.370226584447E-11
AR GRAD 2024 07 04 01 50 30.000000 2   1.647549111028E-11  3.359438421890E-11
AR GRAD 2024 07 04 01 50 40.000000 2   2.224411453644E-11  3.050650357328E-11
AR GRAD 2024 07 04 01 50 50.000000 2   1.845310362847E-11  4.085861857184E-11
AR GRAD 2024 07 04 01 51  0.000000 2   1.708056612815E-11  2.558073024239E-11
AR GRAD 2024 07 04 01 51 10.000000 2   1.978784497370E-11  3.316284399868E-11
AR GRAD 2024 07 04 01 51 20.000000 2   1.763578345859E-11  4.789494842394E-11
AR GRAD 2024 07 04 01 51 30.000000 2   1.717682593383E-11  1.400705593180E-11
AR GRAD 2024 07 04 01 51 40.000000 2   1.756210281367E-11  3.331915646165E-11
AR GRAD 2024 07 04 01 51 50.000000 2   2.004599090888E-11  2.581125591039E-11
AR GRAD 2024 07 04 01 52  0.000000 2   1.780686535724E-11  4.055335581232E-11
AR GRAD 2024 07 04 01 52 10.000000 2   1.892485994304E-11  1.108544939871E-11
AR GRAD 2024 07 04 01 52 20.000000 2   2.058102126223E-11  4.078754001213E-11
AR GRAD 2024 07 04 01 52 30.000000 2   2.165363721662E-11  3.395963024677E-11
AR GRAD 2024 07 04 01 52 40.000000 2   1.943811084315E-11  3.633171888340E-11
AR GRAD 2024 07 04 01 52 50.000000 2   2.042002157643E-11  3.602379852752E-11
AR GRAD 2024 07 04 01 53  0.000000 2   1.652361754367E-11  3.278588511790E-11
AR GRAD 2024 07 04 01 53 10.000000 2   2.125147280374E-11  2.931796472261E-11
AR GRAD 2024 07 04 01 53 20.000000 2   1.846739948463E-11  3.550003693786E-11
AR GRAD 2024 07 04 01 53 30.000000 2   1.879084735035E-11  2.793211148489E-11
AR GRAD 2024 07 04 01 53 40.000000 2   2.034355496561E-11  3.665418316090E-11
AR GRAD 2024 07 04 01 53 50.000000 2   1.957345396875E-11  4.992625410316E-11
AR GRAD 2024 07 04 01 54  0.000000 2   2.027912386626E-11  1.339832151476E-11
AR GRAD 2024 07 04 01 54 10.000000 2   1.853319060718E-11  2.205038061864E-11
AR GRAD 2024 07 04 01 54 20.000000 2   1.980953422132E-11  3.070244752879E-11
AR GRAD 2024 07 04 01 54 30.000000 2   2.048501646090E-11  3.744450235987E-11
AR GRAD 2024 07 04 01 54 40.000000 2   1.791700815490E-11  2.563655711330E-11
AR GRAD 2024 07 04 01 54 50.000000 2   1.946313769874E-11  4.212860962860E-11
AR GRAD 2024 07 04 01 55  0.000000 2   2.138103930016E-11  4.196066064055E-11
AR GRAD 2024 07 04 01 55 10.000000 2   1.867472496087E-11  3.077271076846E-11
AR GRAD 2024 07 04 01 55 20.000000 2   2.031513499090E-11  4.572475384435E-11
AR GRAD 2024 07 04 01 55 30.000000 2   2.004495180952E-11  6.856800717492E-12
AR GRAD 2024 07 04 01 55 40.000000 2   1.937282105569E-11  3.030884224153E-11
AR GRAD 2024 07 04 01 55 50.000000 2   1.881519766378E-11  1.707087769753E-11
AR GRAD 2024 07 04 01 56  0.000000 2   1.952702409491E-11  4.019291496848E-11
AR GRAD 2024 07 04 01 56 10.000000 2   1.708605305850E-11  3.784494245762E-11
AR GRAD 2024 07 04 01 56 20.000000 2   2.137816486336E-11  4.064697189943E-11
AR GRAD 2024 07 04 01 56 30.000000 2   1.922303288771E-11  2.569900542371E-11
AR GRAD 2024 07 04 01 56 40.000000 2   1.848861688747E-11  2.874103038897E-11
AR GRAD 2024 07 04 01 56 50.000000 2   1.835236650150E-11  3.151305605353E-11
AR GRAD 2024 07 04 01 57  0.000000 2   1.964562713896E-11  2.645507250765E-11
AR GRAD 2024 07 04 01 57 10.000000 2   2.113171096441E-11  3.921709137988E-11
AR GRAD 2024 07 04 01 57 20.000000 2   1.768588227258E-11  2.416910248326E-11
AR GRAD 2024 07 04 01 57 30.000000 2   2.090439626956E-11  3.067111495336E-11
AR GRAD 2024 07 04 01 57 40.000000 2   1.829958753974E-11  2.976312599157E-11
AR GRAD 2024 07 04 01 57 50.000000 2   1.892344093923E-11  2.535513118906E-11
AR GRAD 2024 07 04 01 58  0.000000 2   2.042270692837E-11  3.019713992747E-11
AR GRAD 2024 07 04 01 58 10.000000 2   1.838986081470E-11  3.642913748436E-11
AR GRAD 2024 07 04 01 58 20.000000 2   1.897827207886E-11  3.591113517665E-11
AR GRAD 2024 07 04 01 58 30.000000 2   1.783620993956E-11  3.142313492743E-11
AR GRAD 2024 07 04 01 58 40.000000 2   1.982594990957E-11  3.148513047502E-11
AR GRAD 2024 07 04 01 58 50.000000 2   1.865620158359E-11  4.116711832536E-11
AR GRAD 2024 07 04 01 59  0.000000 2   2.020311175299E-11  3.347910837448E-11
AR GRAD 2024 07 04 01 59 10.000000 2   2.129228043879E-11  2.237109629488E-11
AR GRAD 2024 07 04 01 59 20.000000 2   1.625580746401E-11  3.405307980042E-11
AR GRAD 2024 07 04 01 59 30.000000 2   1.769887882086E-11  4.040505430236E-11
AR GRAD 2024 07 04 01 59 40.000000 2   1.909000561795E-11  4.151703286714E-11
AR GRAD 2024 07 04 01 59 50.000000 2   1.926686414577E-11  2.384901651165E-11
AR GRAD 2024 07 04 02 00  0.000000 2   1.529093344999E-11  3.534099055069E-11
AR GRAD 2024 07 04 02 00 10.000000 2   1.736326707413E-11  2.779295890654E-11
AR GRAD 2024 07 04 02 00 20.000000 2   1.557214079906E-11  4.811492176904E-11
AR GRAD 2024 07 04 02 00 30.000000 2   1.810646424460E-11  2.842688931470E-11
AR GRAD 2024 07 04 02 00 40.000000 2   1.792761425423E-11  2.889885726554E-11
AR GRAD 2024 07 04 02 00 50.000000 2   1.757478364228E-11  4.266081585214E-11
AR GRAD 2024 07 04 02 01  0.000000 2   1.884848527256E-11  3.493277542232E-11
AR GRAD 2024 07 04 02 01 10.000000 2   1.697273571688E-11  2.422472812624E-11
AR GRAD 2024 07 04 02 01 20.000000 2   1.762735096777E-11  3.926668018517E-11
AR GRAD 2024 07 04 02 01 30.000000 2   1.571244870324E-11  2.928863401808E-11
AR GRAD 2024 07 04 02 01 40.000000 2   1.781755645802E-11  3.995058103778E-11
AR GRAD 2024 07 04 02 01 50.000000 2   1.318745286583E-11  2.531252638049E-11
AR GRAD 2024 07 04 02 02  0.000000 2   1.433813744817E-11  3.279446852966E-11
AR GRAD 2024 07 04 02 02 10.000000 2   1.760978862730E-11  2.827640899206E-11
AR GRAD 2024 07 04 02 02 20.000000 2   1.738744044577E-11  3.297834227922E-11
AR GRAD 2024 07 04 02 02 30.000000 2   1.572059669941E-11  2.968027906780E-11
AR GRAD 2024 07 04 02 02 40.000000 2   1.783245773268E-11  3.557221531225E-11
AR GRAD 2024 07 04 02 02 50.000000 2   1.610014205289E-11  2.269413823530E-11
AR GRAD 2024 07 04 02 03  0.000000 2   1.629530364811E-11  4.133606304468E-11
AR GRAD 2024 07 04 02 03 10.000000 2   1.730223429808E-11  3.184799299283E-11
AR GRAD 2024 07 04 02 03 20.000000 2   1.668524172993E-11  2.654991157480E-11
AR GRAD 2024 07 04 02 03 30.000000 2   1.396932396147E-11  1.467183145809E-11
AR GRAD 2024 07 04 02 03 40.000000 2   1.608837542355E-11  4.365374728366E-11
AR GRAD 2024 07 04 02 03 50.000000 2   1.959937073748E-11  2.033566544324E-11
AR GRAD 2024 07 04 02 04  0.000000 2   1.480985126201E-11  4.134757813912E-11
AR GRAD 2024 07 04 02 04 10.000000 2   1.445320686050E-11  1.896948396973E-11
AR GRAD 2024 07 04 02 04 20.000000 2   1.714685685106E-11  3.796138750567E-11
AR GRAD 2024 07 04 02 04 30.000000 2   1.653480477537E-11  3.047329402706E-11
AR GRAD 2024 07 04 02 04 40.000000 2   1.500203260230E-11  3.502519455023E-11
AR GRAD 2024 07 04 02 04 50.000000 2   1.407461300285E-11  4.286709875956E-11
AR GRAD 2024 07 04 02 05  0.000000 2   1.558386059086E-11  1.618899111988E-11
AR GRAD 2024 07 04 02 05 10.000000 2   1.527628371023E-11  3.174088422653E-11
AR GRAD 2024 07 04 02 05 20.000000 2   1.477601374589E-11  4.065277628418E-11
AR GRAD 2024 07 04 02 05 30.000000 2   1.348179554106E-11  3.671465909072E-11
AR GRAD 2024 07 04 02 05 40.000000 2   1.539875518763E-11  2.737654720975E-11
AR GRAD 2024 07 04 02 05 50.000000 2   1.321110148361E-11  3.303843310043E-11
AR GRAD 2024 07 04 02 06  0.000000 2   1.659706747037E-11  2.786031474966E-11
AR GRAD 2024 07 04 02 06 10.000000 2   1.696867646395E-11  4.105218942563E-11
AR GRAD 2024 07 04 02 06 20.000000 2   1.373926840353E-11  2.238406161814E-11
AR GRAD 2024 07 04 02 06 30.000000 2   1.457430877372E-11  3.435593823320E-11
AR GRAD 2024 07 04 02 06 40.000000 2   1.571915861365E-11  2.612780825029E-11
AR GRAD 2024 07 04 02 06 50.000000 2   1.621954480446E-11  2.066967950964E-11
AR GRAD 2024 07 04 02 07  0.000000 2   1.341700101715E-11  4.222153876521E-11
AR GRAD 2024 07 04 02 07 10.000000 2   1.478224660734E-11  2.118340225454E-11
AR GRAD 2024 07 04 02 07 20.000000 2   1.525496222399E-11  3.627526057315E-11
AR GRAD 2024 07 04 02 07 30.000000 2   1.229189233037E-11  2.323712403052E-11
AR GRAD 2024 07 04 02 07 40.000000 2   1.190516435434E-11  3.638897516645E-11
AR GRAD 2024 07 04 02 07 50.000000 2   1.252524126083E-11  3.320082750391E-11
AR GRAD 2024 07 04 02 08  0.000000 2   1.506450519884E-11  3.989267596816E-11
AR GRAD 2024 07 04 02 08 10.000000 2   1.322845392254E-11  1.869452509462E-11
AR GRAD 2024 07 04 02 08 20.000000 2   1.394922111847E-11  2.579637024824E-11
AR GRAD 2024 07 04 02 08 30.000000 2   1.123200577685E-11  2.976821567025E-11
AR GRAD 2024 07 04 02 08 40.000000 2   1.385264385839E-11  4.636005121461E-11
AR GRAD 2024 07 04 02 08 50.000000 2   1.212577781240E-11  2.493188815123E-11
AR GRAD 2024 07 04 02 09  0.000000 2   1.169664278627E-11  2.490372491559E-11
AR GRAD 2024 07 04 02 09 10.000000 2   1.163444774549E-11  2.907555446408E-11
AR GRAD 2024 07 04 02 09 20.000000 2   1.105723325401E-11  1.576738219156E-11
AR GRAD 2024 07 04 02 09 30.000000 2   1.179932627299E-11  2.752920461035E-11
AR GRAD 2024 07 04 02 09 40.000000 2   8.085632857702E-12  3.102103643404E-11
AR GRAD 2024 07 04 02 09 50.000000 2   9.718401430825E-12  3.026285472219E-11
AR GRAD 2024 07 04 02 10  0.000000 2   8.164888036510E-12  1.930467070921E-11
AR GRAD 2024 07 04 02 10 10.000000 2   1.018589986662E-11  2.591649117534E-11
AR GRAD 2024 07 04 02 10 20.000000 2   9.044249724144E-12  2.225830110503E-11
AR GRAD 2024 07 04 02 10 30.000000 2   7.194396120513E-12  1.688011189160E-11
AR GRAD 2024 07 04 02 10 40.000000 2   8.067106010978E-12  3.284192015562E-11
AR GRAD 2024 07 04 02 10 50.000000 2   9.222967008171E-12  2.650372803170E-11
AR GRAD 2024 07 04 02 11  0.000000 2   9.240388836040E-12  2.571552866482E-11
AR GRAD 2024 07 04 02 11 10.000000 2   8.254091854454E-12  3.354732810990E-11
AR GRAD 2024 07 04 02 11 20.000000 2   1.049406568587E-11  1.555912863827E-11
AR GRAD 2024 07 04 02 11 30.000000 2   6.729859291371E-12  2.202092674874E-11
AR GRAD 2024 07 04 02 11 40.000000 2   8.280511692993E-12  2.197271878335E-11
AR GRAD 2024 07 04 02 11 50.000000 2   7.757311286383E-12  2.391450926176E-11
AR GRAD 2024 07 04 02 12  0.000000 2   9.061099960628E-12  3.510629634218E-11
AR GRAD 2024 07 04 02 12 10.000000 2   6.647053133607E-12  1.123808077846E-11
AR GRAD 2024 07 04 02 12 20.000000 2   8.493721351255E-12  3.216986399490E-11
AR GRAD 2024 07 04 02 12 30.000000 2   7.747127592217E-12  1.427164462997E-11
AR GRAD 2024 07 04 02 12 40.000000 2   7.650592832864E-12  1.548342183633E-11
AR GRAD 2024 07 04 02 12 50.000000 2   5.852183754956E-12  2.619519705316E-11
AR GRAD 2024 07 04 02 13  0.000000 2   6.829581171430E-12  3.281696789315E-11
AR GRAD 2024 07 04 02 13 10.000000 2   6.206938608921E-12  2.222873794755E-11
AR GRAD 2024 07 04 02 13 20.000000 2   7.492431154665E-12  2.239050611585E-11
AR GRAD 2024 07 04 02 13 30.000000 2   5.476076189725E-12  1.761226928187E-11
AR GRAD 2024 07 04 02 13 40.000000 2   9.539377100742E-12  2.181402974921E-11
AR GRAD 2024 07 04 02 13 50.000000 2   3.648804782624E-12  1.607578827001E-11
AR GRAD 2024 07 04 02 14  0.000000 2   9.864688926831E-12  3.038754664564E-11
AR GRAD 2024 07 04 02 14 10.000000 2   6.891826519195E-12  3.345929783238E-11
AR GRAD 2024 07 04 02 14 20.000000 2   7.484607551789E-12  1.449105245521E-11
AR GRAD 2024 07 04 02 14 30.000000 2   6.064108850484E-12  2.212280358904E-11
AR GRAD 2024 07 04 02 14 40.000000 2   6.191529493965E-12  2.351454621297E-11
AR GRAD 2024 07 04 02 14 50.000000 2   8.638508311454E-12  2.165629134354E-11
AR GRAD 2024 07 04 02 15  0.000000 2   3.613334891711E-12  2.560802958573E-11
AR GRAD 2024 07 04 02 15 10.000000 2   6.184880732563E-12  2.516977425093E-11
AR GRAD 2024 07 04 02 15 20.000000 2   8.298411437180E-12  1.185150762251E-11
AR GRAD 2024 07 04 02 15 30.000000 2   4.518223902655E-12  2.855324136852E-11
AR GRAD 2024 07 04 02 15 40.000000 2   5.553158627380E-12  1.602497301523E-11
AR GRAD 2024 07 04 02 15 50.000000 2   5.164638248317E-12  2.440669888415E-11
AR GRAD 2024 07 04 02 16  0.000000 2   5.852268756407E-12  3.077842841703E-11
AR GRAD 2024 07 04 02 16 10.000000 2   6.286681245027E-12  1.619014991516E-11
AR GRAD 2024 07 04 02 16 20.000000 2   6.616659910946E-12  2.384186945092E-11
AR GRAD 2024 07 04 02 16 30.000000 2   5.464117006082E-12  2.233358636916E-11
AR GRAD 2024 07 04 02 16 40.000000 2   4.769153388179E-12  3.188530342535E-11
AR GRAD 2024 07 04 02 16 50.000000 2   5.195585715129E-12  1.860701870360E-11
AR GRAD 2024 07 04 02 17  0.000000 2   4.177077954359E-12  2.671872618987E-11
AR GRAD 2024 07 04 02 17 10.000000 2   3.914824627665E-12  1.162043725134E-11
AR GRAD 2024 07 04 02 17 20.000000 2   5.238475452030E-12  1.271214123549E-11
AR GRAD 2024 07 04 02 17 30.000000 2   2.953276945911E-12  1.921384232273E-11
AR GRAD 2024 07 04 02 17 40.000000 2   3.418561657711E-12  2.991554226561E-11
AR GRAD 2024 07 04 02 17 50.000000 2   2.147178919040E-12  2.240724272795E-11
AR GRAD 2024 07 04 02 18  0.000000 2   2.991797131216E-12  2.828893543028E-11
AR GRAD 2024 07 04 02 18 10.000000 2   4.502588839966E-12  1.904062671421E-11
AR GRAD 2024 07 04 02 18 20.000000 2   1.638120195047E-12  1.215231908158E-11
AR GRAD 2024 07 04 02 18 30.000000 2   4.514194573702E-12  1.492400647507E-11
AR GRAD 2024 07 04 02 18 40.000000 2   3.992210641929E-12  5.275689607398E-12
AR GRAD 2024 07 04 02 18 50.000000 2   2.461077132018E-12  3.554737060263E-11
AR GRAD 2024 07 04 02 19  0.000000 2   2.056898054659E-12  1.993904867603E-11
AR GRAD 2024 07 04 02 19 10.000000 2   1.259524494250E-12  2.291072886962E-11
AR GRAD 2024 07 04 02 19 20.000000 2   7.663046629539E-13  1.606240314367E-11
AR GRAD 2024 07 04 02 19 30.000000 2  -4.468710828893E-13  9.824074713449E-12
AR GRAD 2024 07 04 02 19 40.000000 2   1.694135608708E-12  2.454574217492E-11
AR GRAD 2024 07 04 02 19 50.000000 2   2.187393929182E-12  1.711740992005E-11
AR GRAD 2024 07 04 02 20  0.000000 2   1.142546560834E-12  1.796907067586E-11
AR GRAD 2024 07 04 02 20 10.000000 2   8.570568300198E-13  1.532073426458E-11
AR GRAD 2024 07 04 02 20 20.000000 2   6.787841773034E-13  9.392392245899E-12
AR GRAD 2024 07 04 02 20 30.000000 2   1.097268543387E-12  2.690405016825E-11
AR GRAD 2024 07 04 02 20 40.000000 2  -8.529490590388E-13  1.794570221592E-11
AR GRAD 2024 07 04 02 20 50.000000 2   8.165616620370E-13  1.330735174832E-11
AR GRAD 2024 07 04 02 21  0.000000 2   1.144325736599E-12  3.023900227439E-11
AR GRAD 2024 07 04 02 21 10.000000 2  -1.243513538668E-12  2.204064881994E-11
AR GRAD 2024 07 04 02 21 20.000000 2  -4.814794396513E-13  5.782291312428E-12
AR GRAD 2024 07 04 02 21 30.000000 2   1.164744732954E-12  1.842393425322E-11
AR GRAD 2024 07 04 02 21 40.000000 2   1.937297761448E-12  1.649557053451E-11
AR GRAD 2024 07 04 02 21 50.000000 2   1.177124803881E-13  1.310720889464E-11
AR GRAD 2024 07 04 02 22  0.000000 2   1.738501920548E-12  2.561884038244E-11
AR GRAD 2024 07 04 02 22 10.000000 2   1.259461718944E-12  1.168047082667E-11
AR GRAD 2024 07 04 02 22 20.000000 2   1.595559892976E-13  2.884209537868E-11
AR GRAD 2024 07 04 02 22 30.000000 2   1.653396061556E-12  2.523722116704E-12
AR GRAD 2024 07 04 02 22 40.000000 2   4.269195945112E-13  3.759534350500E-11
AR GRAD 2024 07 04 02 22 50.000000 2  -1.034014115108E-13  4.046966321086E-12
AR GRAD 2024 07 04 02 23  0.000000 2   1.546778872520E-12  1.254858196520E-11
AR GRAD 2024 07 04 02 23 10.000000 2  -8.144657366073E-13  1.933019889988E-11
AR GRAD 2024 07 04 02 23 20.000000 2  -1.564884506700E-12  1.943181032749E-11
AR GRAD 2024 07 04 02 23 30.000000 2  -3.422908115801E-13  6.713420618032E-12
AR GRAD 2024 07 04 02 23 40.000000 2  -9.902667878411E-13  1.695502592491E-11
AR GRAD 2024 07 04 02 23 50.000000 2  -5.641117455969E-13  2.013663021050E-11
AR GRAD 2024 07 04 02 24  0.000000 2   1.872845682791E-13 -3.761766505933E-12
AR GRAD 2024 07 04 02 24 10.000000 2  -6.916753411343E-13  1.450983430629E-11
AR GRAD 2024 07 04 02 24 20.000000 2  -2.505701375555E-12  1.870142929405E-11
AR GRAD 2024 07 04 02 24 30.000000 2  -3.293707320773E-12  1.813302459575E-11
AR GRAD 2024 07 04 02 24 40.000000 2  -3.173727339961E-12  1.162461620019E-11
AR GRAD 2024 07 04 02 24 50.000000 2  -3.790385540159E-12  1.964620480188E-11
AR GRAD 2024 07 04 02 25  0.000000 2  -2.762406839732E-12  8.307793689100E-12
AR GRAD 2024 07 04 02 25 10.000000 2  -3.830204816507E-12  1.129937549776E-11
AR GRAD 2024 07 04 02 25 20.000000 2  -2.237177890857E-12  1.243095903991E-11
AR GRAD 2024 07 04 02 25 30.000000 2  -1.564623756077E-12  2.121253346588E-11
AR GRAD 2024 07 04 02 25 40.000000 2  -2.407235001611E-12  5.514111302979E-12
AR GRAD 2024 07 04 02 25 50.000000 2  -4.224463660829E-12  3.525685819683E-12
AR GRAD 2024 07 04 02 26  0.000000 2  -2.193109843035E-12 -1.942742407918E-12
AR GRAD 2024 07 04 02 26 10.000000 2  -2.287252201874E-12 -1.131173605305E-12
AR GRAD 2024 07 04 02 26 20.000000 2  -3.499376136085E-12  1.086039071174E-11
AR GRAD 2024 07 04 02 26 30.000000 2  -3.585811118520E-12  1.889195397342E-11
AR GRAD 2024 07 04 02 26 40.000000 2  -4.455015783361E-12  2.038351779032E-11
AR GRAD 2024 07 04 02 26 50.000000 2  -3.621412197896E-12  1.701507337803E-11
AR GRAD 2024 07 04 02 27  0.000000 2  -5.186161829845E-12  2.476629144821E-12
AR GRAD 2024 07 04 02 27 10.000000 2  -6.398420421966E-12 -9.618176480958E-13
AR GRAD 2024 07 04 02 27 20.000000 2  -5.165842580090E-12  3.897324628820E-13
AR GRAD 2024 07 04 02 27 30.000000 2  -4.640815075979E-12  1.822128038731E-11
AR GRAD 2024 07 04 02 27 40.000000 2  -4.515823045365E-12  2.696282780379E-11
AR GRAD 2024 07 04 02 27 50.000000 2  -5.407732855262E-12 -4.175631194980E-12
AR GRAD 2024 07 04 02 28  0.000000 2  -4.313576839471E-12  1.368590917677E-11
AR GRAD 2024 07 04 02 28 10.000000 2  -6.586900729716E-12  9.377446735792E-12
AR GRAD 2024 07 04 02 28 20.000000 2  -3.638714329846E-12 -1.052101808452E-11
AR GRAD 2024 07 04 02 28 30.000000 2  -5.488033638645E-12  2.336051317664E-11
AR GRAD 2024 07 04 02 28 40.000000 2  -4.820989961407E-12  3.842044304231E-12
AR GRAD 2024 07 04 02 28 50.000000 2  -2.952939975875E-12  9.033571633787E-12
AR GRAD 2024 07 04 02 29  0.000000 2  -5.869073022718E-12  1.431509598360E-11
AR GRAD 2024 07 04 02 29 10.000000 2  -6.136311944682E-12  3.796618401608E-12
AR GRAD 2024 07 04 02 29 20.000000 2  -3.738495624184E-12  1.051813844355E-11
AR GRAD 2024 07 04 02 29 30.000000 2  -5.388855160715E-12  6.719653913162E-12
AR GRAD 2024 07 04 02 29 40.000000 2  -4.324618354395E-12  1.847116730402E-11
AR GRAD 2024 07 04 02 29 50.000000 2  -6.923289198879E-12  1.441268198538E-11
AR GRAD 2024 07 04 02 30  0.000000 2  -5.419128253775E-12 -7.235810908779E-12
AR GRAD 2024 07 04 02 30 10.000000 2  -2.163271948727E-12  2.225569728509E-11
AR GRAD 2024 07 04 02 30 20.000000 2  -9.107670347064E-12  2.246719824073E-11
AR GRAD 2024 07 04 02 30 30.000000 2  -7.259402714371E-12  6.528701624459E-12
AR GRAD 2024 07 04 02 30 40.000000 2  -7.076637453113E-12 -4.229800103922E-12
AR GRAD 2024 07 04 02 30 50.000000 2  -5.590810366746E-12  9.611698589818E-12
AR GRAD 2024 07 04 02 31  0.000000 2  -3.210578504442E-12  5.853190328253E-12
AR GRAD 2024 07 04 02 31 10.000000 2  -6.110098104556E-12  2.184468231303E-11
AR GRAD 2024 07 04 02 31 20.000000 2  -7.550904346232E-12 -6.823830563107E-12
AR GRAD 2024 07 04 02 31 30.000000 2  -4.979408812361E-12  1.677765738839E-11
AR GRAD 2024 07 04 02 31 40.000000 2  -5.089023820404E-12  1.330913851350E-11
AR GRAD 2024 07 04 02 31 50.000000 2  -5.939066946570E-12  5.520619551780E-12
AR GRAD 2024 07 04 02 32  0.000000 2  -6.219089045828E-12  2.174209597083E-11
AR GRAD 2024 07 04 02 32 10.000000 2  -8.505255527647E-12  5.035732573121E-13
AR GRAD 2024 07 04 02 32 20.000000 2  -7.829015213900E-12  1.238504698103E-11
AR GRAD 2024 07 04 02 32 30.000000 2  -7.166138342452E-12  4.765178594594E-13
AR GRAD 2024 07 04 02 32 40.000000 2  -5.528080597450E-12  1.491798698461E-11
AR GRAD 2024 07 04 02 32 50.000000 2  -7.281582455054E-12 -1.220550461915E-12
AR GRAD 2024 07 04 02 33  0.000000 2  -6.687882019019E-12  1.649091280198E-11
AR GRAD 2024 07 04 02 33 10.000000 2  -6.928784802851E-12  4.472372992781E-12
AR GRAD 2024 07 04 02 33 20.000000 2  -4.718398415038E-12  7.913832783535E-12
AR GRAD 2024 07 04 02 33 30.000000 2  -9.447888651981E-12  9.755285121371E-12
AR GRAD 2024 07 04 02 33 40.000000 2  -6.671714396222E-12 -3.693260974824E-12
AR GRAD 2024 07 04 02 33 50.000000 2  -8.435813679541E-12  1.055818800444E-11
AR GRAD 2024 07 04 02 34  0.000000 2  -7.982067264101E-12  7.139636538228E-12
AR GRAD 2024 07 04 02 34 10.000000 2  -7.186915559204E-12 -1.724891930677E-11
AR GRAD 2024 07 04 02 34 20.000000 2  -5.985578786089E-12  2.031252423207E-11
AR GRAD 2024 07 04 02 34 30.000000 2  -9.016115978810E-12 -7.236038591235E-12
AR GRAD 2024 07 04 02 34 40.000000 2  -8.461942084537E-12 -1.694601056701E-12
AR GRAD 2024 07 04 02 34 50.000000 2  -6.585460041869E-12  7.606836167906E-12
AR GRAD 2024 07 04 02 35  0.000000 2  -8.437282990326E-12  5.948264884120E-12
AR GRAD 2024 07 04 02 35 10.000000 2  -9.830024814972E-12  1.320969462287E-11
AR GRAD 2024 07 04 02 35 20.000000 2  -7.977872702736E-12 -1.788877639769E-12
AR GRAD 2024 07 04 02 35 30.000000 2  -7.773195281890E-12 -7.947453459223E-12
AR GRAD 2024 07 04 02 35 40.000000 2  -9.362901079446E-12  3.013967114079E-12
AR GRAD 2024 07 04 02 35 50.000000 2  -6.653235688076E-12  6.595386129599E-12
AR GRAD 2024 07 04 02 36  0.000000 2  -9.323310352916E-12  7.106801258594E-12
AR GRAD 2024 07 04 02 36 10.000000 2  -9.478426724052E-12  3.868216944675E-12
AR GRAD 2024 07 04 02 36 20.000000 2  -9.074241358320E-12  9.896265664583E-13
AR GRAD 2024 07 04 02 36 30.000000 2  -6.469212752297E-12 -1.589896443666E-11
AR GRAD 2024 07 04 02 36 40.000000 2  -1.068268650622E-11  1.217244187390E-11
AR GRAD 2024 07 04 02 36 50.000000 2  -1.171112339049E-11  3.133845396727E-12
AR GRAD 2024 07 04 02 37  0.000000 2  -7.145600951219E-12  2.552446372751E-13
AR GRAD 2024 07 04 02 37 10.000000 2  -1.088265675492E-11 -1.032335415069E-11
AR GRAD 2024 07 04 02 37 20.000000 2  -8.550051291967E-12  1.608040740494E-12
AR GRAD 2024 07 04 02 37 30.000000 2  -1.069459538289E-11  8.389434980050E-12
AR GRAD 2024 07 04 02 37 40.000000 2  -9.773852734096E-12 -6.709176183367E-12
AR GRAD 2024 07 04 02 37 50.000000 2  -8.137199247749E-12  8.792213485043E-12
AR GRAD 2024 07 04 02 38  0.000000 2  -1.034396266558E-11 -8.616401862838E-12
AR GRAD 2024 07 04 02 38 10.000000 2  -1.132165021456E-11 -5.445021603739E-12
AR GRAD 2024 07 04 02 38 20.000000 2  -9.813488563437E-12  2.506359919954E-12
AR GRAD 2024 07 04 02 38 30.000000 2  -9.407403675499E-12 -1.837226204504E-11
AR GRAD 2024 07 04 02 38 40.000000 2  -1.160191387406E-11  1.209911424521E-11
AR GRAD 2024 07 04 02 38 50.000000 2  -1.072957261233E-11 -8.019513005053E-12
AR GRAD 2024 07 04 02 39  0.000000 2  -1.054140975898E-11  7.711856327142E-12
AR GRAD 2024 07 04 02 39 10.000000 2  -1.081722472013E-11  5.133222839848E-12
AR GRAD 2024 07 04 02 39 20.000000 2  -9.026963204706E-12  3.645884863544E-13
AR GRAD 2024 07 04 02 39 30.000000 2  -9.077447127304E-12  7.259495196817E-13
AR GRAD 2024 07 04 02 39 40.000000 2  -1.131122365911E-11  1.509731055449E-11
AR GRAD 2024 07 04 02 39 50.000000 2  -1.047383967751E-11 -2.438133549221E-11
AR GRAD 2024 07 04 02 40  0.000000 2  -8.299661305444E-12  1.078002097310E-11
AR GRAD 2024 07 04 02 40 10.000000 2  -8.908571796917E-12 -4.628627342518E-12
AR GRAD 2024 07 04 02 40 20.000000 2  -9.385906114823E-12 -5.917278386031E-12
AR GRAD 2024 07 04 02 40 30.000000 2  -8.625774573778E-12  4.414068503072E-12
AR GRAD 2024 07 04 02 40 40.000000 2  -9.255853895829E-12 -2.780458849272E-11
AR GRAD 2024 07 04 02 40 50.000000 2  -6.060863616542E-12  3.346754514147E-12
AR GRAD 2024 07 04 02 41  0.000000 2  -9.942460917067E-12 -1.477190592070E-11
AR GRAD 2024 07 04 02 41 10.000000 2  -1.095000479179E-11  1.514942685188E-11
AR GRAD 2024 07 04 02 41 20.000000 2  -8.973224073505E-12 -2.248923790249E-11
AR GRAD 2024 07 04 02 41 30.000000 2  -7.899259371613E-12  3.222096200961E-12
AR GRAD 2024 07 04 02 41 40.000000 2  -1.136178911371E-11  6.313421573728E-12
AR GRAD 2024 07 04 02 41 50.000000 2  -1.033589880350E-11  8.947500943282E-13
AR GRAD 2024 07 04 02 42  0.000000 2  -7.183100034919E-12 -1.075392726257E-11
AR GRAD 2024 07 04 02 42 10.000000 2  -7.502453519548E-12 -1.004260563597E-11
AR GRAD 2024 07 04 02 42 20.000000 2  -6.325680864533E-12  7.428712159308E-12
AR GRAD 2024 07 04 02 42 30.000000 2  -7.272451304358E-12 -2.343997218546E-11
AR GRAD 2024 07 04 02 42 40.000000 2  -8.516326532870E-12 -1.259865996250E-11
AR GRAD 2024 07 04 02 42 50.000000 2  -7.230031243838E-12 -7.487348414881E-12
AR GRAD 2024 07 04 02 43  0.000000 2  -1.236227179652E-11  2.563961412974E-12
AR GRAD 2024 07 04 02 43 10.000000 2  -8.265278218789E-12 -6.324736307600E-12
AR GRAD 2024 07 04 02 43 20.000000 2  -1.040607183755E-11 -2.003431491884E-12
AR GRAD 2024 07 04 02 43 30.000000 2  -4.595236517690E-12 -4.382132677561E-12
AR GRAD 2024 07 04 02 43 40.000000 2  -8.158308230366E-12 -1.054083209606E-11
AR GRAD 2024 07 04 02 43 50.000000 2  -7.901779924824E-12  9.770460482339E-12
AR GRAD 2024 07 04 02 44  0.000000 2  -1.073578378974E-11 -2.116824424081E-11
AR GRAD 2024 07 04 02 44 10.000000 2  -7.582141511864E-12  8.630431981051E-13
AR GRAD 2024 07 04 02 44 20.000000 2  -7.313794535280E-12  5.264331071758E-12
AR GRAD 2024 07 04 02 44 30.000000 2  -1.005490135597E-11 -2.729438376703E-11
AR GRAD 2024 07 04 02 44 40.000000 2  -9.410776845298E-12 -1.128310205684E-11
AR GRAD 2024 07 04 02 44 50.000000 2  -6.418437396155E-12 -7.691821138356E-12
AR GRAD 2024 07 04 02 45  0.000000 2  -6.108867751931E-12  6.949456635152E-12
AR GRAD 2024 07 04 02 45 10.000000 2  -7.820832523264E-12 -9.789272691074E-12
AR GRAD 2024 07 04 02 45 20.000000 2  -8.488499833592E-12 -7.537998870932E-12
AR GRAD 2024 07 04 02 45 30.000000 2  -8.359835393379E-12 -4.967272795343E-13
AR GRAD 2024 07 04 02 45 40.000000 2  -7.440093680033E-12 -1.467546396905E-11
AR GRAD 2024 07 04 02 45 50.000000 2  -8.145431378004E-12  1.055580102494E-11
AR GRAD 2024 07 04 02 46  0.000000 2  -6.561092381202E-12 -2.955293301743E-11
AR GRAD 2024 07 04 02 46 10.000000 2  -9.297283429244E-12 -1.281679081443E-12
AR GRAD 2024 07 04 02 46 20.000000 2  -5.285054945764E-12 -2.760421015033E-12
AR GRAD 2024 07 04 02 46 30.000000 2  -8.432195046371E-12 -1.318916677262E-11
AR GRAD 2024 07 04 02 46 40.000000 2  -7.390157062692E-12 -3.837915228677E-12
AR GRAD 2024 07 04 02 46 50.000000 2  -6.159438410702E-12 -2.254666765789E-11
AR GRAD 2024 07 04 02 47  0.000000 2  -5.257845374362E-12  6.164578396362E-12
AR GRAD 2024 07 04 02 47 10.000000 2  -7.101014654759E-12 -1.677417753310E-11
AR GRAD 2024 07 04 02 47 20.000000 2  -7.281688273186E-12  8.970623180914E-13
AR GRAD 2024 07 04 02 47 30.000000 2  -6.814112642195E-12 -9.351697367876E-12
AR GRAD 2024 07 04 02 47 40.000000 2  -7.868216495011E-12  1.250953680920E-11
AR GRAD 2024 07 04 02 47 50.000000 2  -7.976736458859E-12 -1.860923047603E-11
AR GRAD 2024 07 04 02 48  0.000000 2  -7.001128843331E-12 -1.656799870908E-11
AR GRAD 2024 07 04 02 48 10.000000 2  -6.664739073126E-12 -1.225677025152E-11
AR GRAD 2024 07 04 02 48 20.000000 2  -5.538680625250E-12 -1.221554628283E-11
AR GRAD 2024 07 04 02 48 30.000000 2  -5.250135395873E-12  1.585677444384E-12
AR GRAD 2024 07 04 02 48 40.000000 2  -7.444844220272E-12 -8.253101327349E-12
AR GRAD 2024 07 04 02 48 50.000000 2  -3.794593979312E-12 -2.563188376825E-11
AR GRAD 2024 07 04 02 49  0.000000 2  -5.876619069839E-12  1.250933211183E-11
AR GRAD 2024 07 04 02 49 10.000000 2  -8.465623167753E-12  5.405440635028E-13
AR GRAD 2024 07 04 02 49 20.000000 2  -2.531729166588E-12 -5.148245978831E-12
AR GRAD 2024 07 04 02 49 30.000000 2  -7.991203185287E-12  1.592959921956E-12
AR GRAD 2024 07 04 02 49 40.000000 2  -5.262172208392E-12 -2.403583582167E-11
AR GRAD 2024 07 04 02 49 50.000000 2  -5.054627289641E-12  7.305368983357E-12
AR GRAD 2024 07 04 02 50  0.000000 2  -4.878482166848E-12 -6.653433012871E-12
AR GRAD 2024 07 04 02 50 10.000000 2  -7.577660721125E-12  5.827765353628E-12
AR GRAD 2024 07 04 02 50 20.000000 2  -4.209861192289E-12 -9.081038872261E-12
AR GRAD 2024 07 04 02 50 30.000000 2  -8.708627569076E-12 -1.153984720281E-11
AR GRAD 2024 07 04 02 50 40.000000 2  -4.398258666993E-12 -1.812866003148E-11
AR GRAD 2024 07 04 02 50 50.000000 2  -6.897424905533E-12 -1.066747211398E-11
AR GRAD 2024 07 04 02 51  0.000000 2  -5.567957553354E-12 -2.284628909666E-11
AR GRAD 2024 07 04 02 51 10.000000 2  -3.421596339592E-12 -3.515107042246E-12
AR GRAD 2024 07 04 02 51 20.000000 2  -6.387005941494E-12 -1.377392644386E-11
AR GRAD 2024 07 04 02 51 30.000000 2  -5.725604018680E-12 -6.062751863045E-12
AR GRAD 2024 07 04 02 51 40.000000 2  -7.999380671753E-12  5.188423041896E-12
AR GRAD 2024 07 04 02 51 50.000000 2  -6.236128692431E-13 -2.461040746193E-11
AR GRAD 2024 07 04 02 52  0.000000 2  -5.939566546931E-12 -1.576923661095E-11
AR GRAD 2024 07 04 02 52 10.000000 2  -5.935598800660E-12 -1.126807154528E-11
AR GRAD 2024 07 04 02 52 20.000000 2  -1.980853849004E-12 -1.712690753108E-11
AR GRAD 2024 07 04 02 52 30.000000 2  -3.582234552393E-12  4.084254202202E-12
AR GRAD 2024 07 04 02 52 40.000000 2  -2.201093690993E-12  2.395410909559E-12
AR GRAD 2024 07 04 02 52 50.000000 2  -2.757364215428E-12 -3.314342897354E-11
AR GRAD 2024 07 04 02 53  0.000000 2  -3.390165752293E-12  8.777221571082E-13
AR GRAD 2024 07 04 02 53 10.000000 2  -2.712716769965E-12 -2.376113021618E-11
AR GRAD 2024 07 04 02 53 20.000000 2  -3.281684386042E-12 -1.248997866937E-11
AR GRAD 2024 07 04 02 53 30.000000 2  -1.227633012607E-12  1.043116548000E-11
AR GRAD 2024 07 04 02 53 40.000000 2  -1.925683570936E-12 -1.277691060592E-12
AR GRAD 2024 07 04 02 53 50.000000 2  -3.776883319984E-12 -1.306654957844E-11
AR GRAD 2024 07 04 02 54  0.000000 2  -1.489923961116E-12 -1.247541132898E-11
AR GRAD 2024 07 04 02 54 10.000000 2  -3.890053643790E-12 -4.474278152838E-12
AR GRAD 2024 07 04 02 54 20.000000 2  -1.671333752819E-12 -8.913145395362E-12
AR GRAD 2024 07 04 02 54 30.000000 2  -2.070460556475E-12 -1.938201682483E-11
AR GRAD 2024 07 04 02 54 40.000000 2  -4.979312101527E-12 -1.220088700210E-11
AR GRAD 2024 07 04 02 54 50.000000 2  -2.721182437368E-12 -4.209763614094E-12
AR GRAD 2024 07 04 02 55  0.000000 2  -3.099626458281E-12 -8.298638685955E-12
AR GRAD 2024 07 04 02 55 10.000000 2  -1.801605631173E-12 -2.016752216616E-11
AR GRAD 2024 07 04 02 55 20.000000 2  -3.208384079245E-12 -1.297640293829E-11
AR GRAD 2024 07 04 02 55 30.000000 2  -3.179650986951E-12 -7.952897780432E-13
AR GRAD 2024 07 04 02 55 40.000000 2  -4.304632171548E-12  5.824591568608E-15
AR GRAD 2024 07 04 02 55 50.000000 2  -2.020472981631E-12 -6.103067703989E-12
AR GRAD 2024 07 04 02 56  0.000000 2  -2.219286386607E-12 -1.488196198218E-11
AR GRAD 2024 07 04 02 56 10.000000 2  -6.825297163386E-13 -1.501085540589E-11
AR GRAD 2024 07 04 02 56 20.000000 2  -2.342576219810E-12 -1.694975583499E-11
AR GRAD 2024 07 04 02 56 30.000000 2  -1.033463462377E-12 -7.198653131923E-12
AR GRAD 2024 07 04 02 56 40.000000 2  -2.315165474696E-13  1.392440850123E-12
AR GRAD 2024 07 04 02 56 50.000000 2   6.351672389004E-14 -1.505646649025E-11
AR GRAD 2024 07 04 02 57  0.000000 2  -4.483034603264E-12  2.144627140807E-12
AR GRAD 2024 07 04 02 57 10.000000 2  -1.351387318022E-12 -2.894284855184E-12
AR GRAD 2024 07 04 02 57 20.000000 2  -4.238167108928E-12 -8.883198863996E-12
AR GRAD 2024 07 04 02 57 30.000000 2  -2.101788795089E-12  6.777885110804E-12
AR GRAD 2024 07 04 02 57 40.000000 2  -1.092177631429E-13 -1.002103348219E-11
AR GRAD 2024 07 04 02 57 50.000000 2  -1.512810710036E-12 -5.489954411214E-12
AR GRAD 2024 07 04 02 58  0.000000 2  -1.662484603107E-12 -1.072887959030E-11
AR GRAD 2024 07 04 02 58 10.000000 2   1.522870100423E-13 -8.527805198111E-12
AR GRAD 2024 07 04 02 58 20.000000 2  -2.912274777887E-14 -1.035673456717E-11
AR GRAD 2024 07 04 02 58 30.000000 2  -3.435043915978E-12 -5.705666408090E-12
AR GRAD 2024 07 04 02 58 40.000000 2   1.081125315140E-12 -2.184600807545E-12
AR GRAD 2024 07 04 02 58 50.000000 2   4.918343293400E-13 -2.613538508875E-12
AR GRAD 2024 07 04 02 59  0.000000 2  -2.080968013738E-14 -6.992479078399E-12
AR GRAD 2024 07 04 02 59 10.000000 2  -2.446664832539E-12 -1.901141917504E-11
AR GRAD 2024 07 04 02 59 20.000000 2   2.763481717766E-12  8.249633615121E-12
AR GRAD 2024 07 04 02 59 30.000000 2  -1.078268225575E-12 -1.053931161094E-11
AR GRAD 2024 07 04 02 59 40.000000 2  -1.092159023809E-12  7.061738780539E-12
AR GRAD 2024 07 04 02 59 50.000000 2  -9.025106508485E-13 -2.557213989174E-12
AR GRAD 2024 07 04 03 00  0.000000 2   1.204093465559E-12 -9.756170697706E-12
AR GRAD 2024 07 04 03 00 10.000000 2  -6.339358833880E-13 -2.094512757678E-11
AR GRAD 2024 07 04 03 00 20.000000 2   2.752595677433E-12  1.358591451145E-11
AR GRAD 2024 07 04 03 00 30.000000 2  -5.421405512018E-13 -8.853050237345E-12
AR GRAD 2024 07 04 03 00 40.000000 2   3.880224266894E-12  9.247986057503E-12
AR GRAD 2024 07 04 03 00 50.000000 2   3.977905244784E-13 -4.840983083149E-12
AR GRAD 2024 07 04 03 01  0.000000 2  -1.321744471684E-12 -6.869955992972E-12
AR GRAD 2024 07 04 03 01 10.000000 2   1.103519511013E-12 -6.489258999945E-13
AR GRAD 2024 07 04 03 01 20.000000 2   3.579864269604E-12 -1.186790249408E-11
AR GRAD 2024 07 04 03 01 30.000000 2   1.326065776283E-12  2.623117651909E-12
AR GRAD 2024 07 04 03 01 40.000000 2   1.783026634325E-12  2.141390499167E-13
AR GRAD 2024 07 04 03 01 50.000000 2   4.384419043102E-12  2.105154809154E-12
AR GRAD 2024 07 04 03 02  0.000000 2   2.490490235915E-12 -6.223831346130E-12
AR GRAD 2024 07 04 03 02 10.000000 2   1.955709899581E-12 -2.118281938746E-11
AR GRAD 2024 07 04 03 02 20.000000 2   1.656533932378E-13  2.028188164291E-12
AR GRAD 2024 07 04 03 02 30.000000 2   2.806922879892E-12  2.965919523867E-11
AR GRAD 2024 07 04 03 02 40.000000 2  -1.551381961264E-12 -9.639801110128E-12
AR GRAD 2024 07 04 03 02 50.000000 2   1.536224055951E-12  4.931197811198E-12
AR GRAD 2024 07 04 03 03  0.000000 2   2.348417467435E-12 -4.947800415905E-12
AR GRAD 2024 07 04 03 03 10.000000 2   3.192591373560E-12  9.923194210781E-12
AR GRAD 2024 07 04 03 03 20.000000 2   2.272071853576E-12 -6.905810992497E-12
AR GRAD 2024 07 04 03 03 30.000000 2   2.130005156628E-12  1.365178803336E-12
AR GRAD 2024 07 04 03 03 40.000000 2   2.904017738087E-12  3.516166524609E-12
AR GRAD 2024 07 04 03 03 50.000000 2   3.468869722717E-12  1.254715255306E-11
AR GRAD 2024 07 04 03 04  0.000000 2  -2.739530878624E-13  1.700813448413E-11
AR GRAD 2024 07 04 03 04 10.000000 2   1.958924125342E-12 -3.268088230590E-11
AR GRAD 2024 07 04 03 04 20.000000 2   3.026707573808E-13  5.700093608924E-12
AR GRAD 2024 07 04 03 04 30.000000 2   3.563921944019E-12 -7.368930118878E-12
AR GRAD 2024 07 04 03 04 40.000000 2   3.575096815811E-12  1.902041458363E-12
AR GRAD 2024 07 04 03 04 50.000000 2   1.211655125191E-12 -1.020698716520E-11
