 2.00 C RINEX VERSION / TYPE
 10.00 INTERVAL
 1 AR # / TYPES OF DATA
 END OF HEADER
AR GRAD 2024 07 01 01 05  0.000000 2  -3.008596149989E-11 -3.490775724035E-11
AR GRAD 2024 07 01 01 05 10.000000 2  -3.127804612535E-11 -1.375401528780E-11
AR GRAD 2024 07 01 01 05 20.000000 2  -3.137173160139E-11 -2.286027790677E-11
AR GRAD 2024 07 01 01 05 30.000000 2  -3.265765782801E-11 -3.039653945214E-11
AR GRAD 2024 07 01 01 05 40.000000 2  -3.321250913180E-11 -2.883281113863E-11
AR GRAD 2024 07 01 01 05 50.000000 2  -3.138844392736E-11 -7.449079547639E-12
AR GRAD 2024 07 01 01 06  0.000000 2  -3.287157351872E-11 -2.883535250853E-11
AR GRAD 2024 07 01 01 06 10.000000 2  -2.857206311824E-11 -1.455162986636E-11
AR GRAD 2024 07 01 01 06 20.000000 2  -3.266432263560E-11 -1.817791056569E-11
AR GRAD 2024 07 01 01 06 30.000000 2  -3.341275867097E-11 -9.944193905820E-12
AR GRAD 2024 07 01 01 06 40.000000 2  -3.324265515636E-11 -2.570047820394E-11
AR GRAD 2024 07 01 01 06 50.000000 2  -3.209337656740E-11 -2.033676872737E-11
AR GRAD 2024 07 01 01 07  0.000000 2  -2.770187031154E-11 -3.028306078123E-11
AR GRAD 2024 07 01 01 07 10.000000 2  -3.308653004352E-11 -1.220935505475E-11
AR GRAD 2024 07 01 01 07 20.000000 2  -3.049507521502E-11 -1.715565363380E-11
AR GRAD 2024 07 01 01 07 30.000000 2  -2.867065265755E-11 -1.263195277545E-11
AR GRAD 2024 07 01 01 07 40.000000 2  -3.155968542057E-11 -1.208825661098E-11
AR GRAD 2024 07 01 01 07 50.000000 2  -3.017822103324E-11 -1.141456460602E-11
AR GRAD 2024 07 01 01 08  0.000000 2  -2.914328153802E-11 -2.943087440421E-11
AR GRAD 2024 07 01 01 08 10.000000 2  -2.757438201384E-11 -1.460718872248E-11
AR GRAD 2024 07 01 01 08 20.000000 2  -3.012540564229E-11 -1.470350577404E-11
AR GRAD 2024 07 01 01 08 30.000000 2  -2.788120949393E-11 -6.759826639419E-12
AR GRAD 2024 07 01 01 08 40.000000 2  -2.620056949176E-11 -2.649614902483E-11
AR GRAD 2024 07 01 01 08 50.000000 2  -2.983391658717E-11 -1.607247494817E-11
AR GRAD 2024 07 01 01 09  0.000000 2  -2.696654358147E-11 -3.236880208313E-11
AR GRAD 2024 07 01 01 09 10.000000 2  -3.012996102614E-11 -1.792513533438E-11
AR GRAD 2024 07 01 01 09 20.000000 2  -2.712784163972E-11 -1.799147116011E-11
AR GRAD 2024 07 01 01 09 30.000000 2  -3.026759398672E-11 -1.450780641454E-11
AR GRAD 2024 07 01 01 09 40.000000 2  -3.032075979181E-11 -2.027414867933E-11
AR GRAD 2024 07 01 01 09 50.000000 2  -2.855509578792E-11 -1.800049345690E-11
AR GRAD 2024 07 01 01 10  0.000000 2  -3.004584775423E-11 -1.419683988424E-11
AR GRAD 2024 07 01 01 10 10.000000 2  -2.859580801318E-11 -3.182318991657E-11
AR GRAD 2024 07 01 01 10 20.000000 2  -2.921646605203E-11 -1.747954385400E-11
AR GRAD 2024 07 01 01 10 30.000000 2  -2.588021984218E-11 -1.358589889894E-11
AR GRAD 2024 07 01 01 10 40.000000 2  -2.985804312128E-11 -1.968225929461E-11
AR GRAD 2024 07 01 01 10 50.000000 2  -2.836201759560E-11  7.113796856272E-13
AR GRAD 2024 07 01 01 11  0.000000 2  -2.675926667750E-11 -2.658498594876E-11
AR GRAD 2024 07 01 01 11 10.000000 2  -2.753006850265E-11 -6.071355657805E-12
AR GRAD 2024 07 01 01 11 20.000000 2  -2.865148222841E-11 -3.144772636743E-11
AR GRAD 2024 07 01 01 11 30.000000 2  -2.846787736099E-11 -1.124410200365E-11
AR GRAD 2024 07 01 01 11 40.000000 2  -2.739046142675E-11 -1.244047920235E-11
AR GRAD 2024 07 01 01 11 50.000000 2  -2.646780537796E-11  8.413142578434E-12
AR GRAD 2024 07 01 01 12  0.000000 2  -2.630778234147E-11 -3.304324522335E-11
AR GRAD 2024 07 01 01 12 10.000000 2  -2.606726987042E-11 -1.444963159541E-11
AR GRAD 2024 07 01 01 12 20.000000 2  -2.583219055330E-11  2.239810577677E-13
AR GRAD 2024 07 01 01 12 30.000000 2  -2.452676603482E-11 -2.487241315685E-11
AR GRAD 2024 07 01 01 12 40.000000 2  -2.622658860918E-11 -1.742881186595E-11
AR GRAD 2024 07 01 01 12 50.000000 2  -2.796688575168E-11 -1.935208720702E-12
AR GRAD 2024 07 01 01 13  0.000000 2  -2.718761500653E-11 -2.072161019162E-11
AR GRAD 2024 07 01 01 13 10.000000 2  -2.457354805752E-11 -1.672801827612E-11
AR GRAD 2024 07 01 01 13 20.000000 2  -2.571525978268E-11 -1.801442502114E-11
AR GRAD 2024 07 01 01 13 30.000000 2  -2.575827919016E-11 -1.717083593367E-11
AR GRAD 2024 07 01 01 13 40.000000 2  -2.414671067263E-11 -2.473725044250E-11
AR GRAD 2024 07 01 01 13 50.000000 2  -2.891533540383E-11 -9.403667948493E-12
AR GRAD 2024 07 01 01 14  0.000000 2  -2.710542380824E-11 -1.098008923367E-11
AR GRAD 2024 07 01 01 14 10.000000 2  -2.434762634562E-11 -3.036513098256E-12
AR GRAD 2024 07 01 01 14 20.000000 2  -2.500108800541E-11 -2.411293907600E-11
AR GRAD 2024 07 01 01 14 30.000000 2  -2.400294546456E-11 -5.519370550877E-12
AR GRAD 2024 07 01 01 14 40.000000 2  -2.765996633125E-11 -1.006580235829E-11
AR GRAD 2024 07 01 01 14 50.000000 2  -2.485451254530E-11 -8.922379436845E-13
AR GRAD 2024 07 01 01 15  0.000000 2  -2.293941252229E-11 -2.773867593953E-11
AR GRAD 2024 07 01 01 15 10.000000 2  -2.500131525418E-11 -5.285119130533E-12
AR GRAD 2024 07 01 01 15 20.000000 2  -2.486825328996E-11 -1.332156347039E-11
AR GRAD 2024 07 01 01 15 30.000000 2  -2.612524953316E-11  9.951988018397E-12
AR GRAD 2024 07 01 01 15 40.000000 2  -2.535624835098E-11 -1.115446190275E-11
AR GRAD 2024 07 01 01 15 50.000000 2  -2.167451634838E-11 -3.600916873708E-12
AR GRAD 2024 07 01 01 16  0.000000 2  -2.358410515491E-11 -1.098737333755E-11
AR GRAD 2024 07 01 01 16 10.000000 2  -2.235362069058E-11 -4.533835112897E-12
AR GRAD 2024 07 01 01 16 20.000000 2  -2.270862317633E-11  3.089703189477E-12
AR GRAD 2024 07 01 01 16 30.000000 2  -2.666289238007E-11 -2.146676586490E-11
AR GRAD 2024 07 01 01 16 40.000000 2  -2.307256816159E-11 -1.032333601741E-13
AR GRAD 2024 07 01 01 16 50.000000 2  -1.856777752385E-11  6.702924348380E-13
AR GRAD 2024 07 01 01 17  0.000000 2  -2.329959315761E-11 -1.804618433854E-11
AR GRAD 2024 07 01 01 17 10.000000 2  -2.226645083592E-11  1.101733981823E-11
AR GRAD 2024 07 01 01 17 20.000000 2  -2.131012033502E-11 -1.250914302697E-11
AR GRAD 2024 07 01 01 17 30.000000 2  -2.076470072276E-11 -1.720562754770E-11
AR GRAD 2024 07 01 01 17 40.000000 2  -1.950706436660E-11  2.307882834493E-12
AR GRAD 2024 07 01 01 17 50.000000 2  -1.879849921560E-11  4.111394384665E-12
AR GRAD 2024 07 01 01 18  0.000000 2  -1.993806161837E-11  2.948975970102E-13
AR GRAD 2024 07 01 01 18 10.000000 2  -1.964864382309E-11 -1.727159734677E-11
AR GRAD 2024 07 01 01 18 20.000000 2  -1.835501542424E-11  2.270190285758E-11
AR GRAD 2024 07 01 01 18 30.000000 2  -2.102352320010E-11 -3.174602507955E-12
AR GRAD 2024 07 01 01 18 40.000000 2  -1.772484069240E-11  2.258890990925E-12
AR GRAD 2024 07 01 01 18 50.000000 2  -1.618324224628E-11  2.172381849061E-12
AR GRAD 2024 07 01 01 19  0.000000 2  -1.924579072499E-11 -1.073412973090E-11
AR GRAD 2024 07 01 01 19 10.000000 2  -1.810157752857E-11  2.152935642263E-11
AR GRAD 2024 07 01 01 19 20.000000 2  -1.899018095552E-11  1.642837450279E-12
AR GRAD 2024 07 01 01 19 30.000000 2  -2.081110284102E-11  8.163134339496E-13
AR GRAD 2024 07 01 01 19 40.000000 2  -1.595078409633E-11  8.989789815339E-12
AR GRAD 2024 07 01 01 19 50.000000 2  -1.418402895137E-11  3.763259669165E-12
AR GRAD 2024 07 01 01 20  0.000000 2  -1.777269650893E-11  3.906730841607E-12
AR GRAD 2024 07 01 01 20 10.000000 2  -1.620193042229E-11  6.970197422712E-12
AR GRAD 2024 07 01 01 20 20.000000 2  -1.847351611961E-11 -4.566339494028E-12
AR GRAD 2024 07 01 01 20 30.000000 2  -1.476574938708E-11 -1.802879568726E-12
AR GRAD 2024 07 01 01 20 40.000000 2  -1.313490375493E-11 -3.219421691042E-12
AR GRAD 2024 07 01 01 20 50.000000 2  -1.664692689252E-11  8.694030738388E-12
AR GRAD 2024 07 01 01 21  0.000000 2  -1.503938293346E-11  1.850748373999E-11
AR GRAD 2024 07 01 01 21 10.000000 2  -1.471411707754E-11  1.895093283688E-11
AR GRAD 2024 07 01 01 21 20.000000 2  -1.490732884357E-11  3.514375856301E-12
AR GRAD 2024 07 01 01 21 30.000000 2  -1.474468463991E-11 -5.282183111049E-12
AR GRAD 2024 07 01 01 21 40.000000 2  -1.572628485769E-11  2.871125212578E-11
AR GRAD 2024 07 01 01 21 50.000000 2  -1.527213772112E-11  1.983469291589E-11
AR GRAD 2024 07 01 01 22  0.000000 2  -1.290097629419E-11 -4.501877169660E-12
AR GRAD 2024 07 01 01 22 10.000000 2  -1.437126025822E-11  6.671553066939E-12
AR GRAD 2024 07 01 01 22 20.000000 2  -1.368606009772E-11  2.404977692688E-12
AR GRAD 2024 07 01 01 22 30.000000 2  -1.324003840592E-11  7.308403882078E-12
AR GRAD 2024 07 01 01 22 40.000000 2  -1.386234876888E-11  1.974182449460E-11
AR GRAD 2024 07 01 01 22 50.000000 2  -1.068243930813E-11  2.134523807706E-11
AR GRAD 2024 07 01 01 23  0.000000 2  -1.232546183172E-11 -1.821134389124E-11
AR GRAD 2024 07 01 01 23 10.000000 2  -1.250199770098E-11  1.636206448108E-11
AR GRAD 2024 07 01 01 23 20.000000 2  -1.180270724904E-11  1.883547484649E-11
AR GRAD 2024 07 01 01 23 30.000000 2  -1.312857895314E-11  1.568887901537E-11
AR GRAD 2024 07 01 01 23 40.000000 2  -1.030328340007E-11  2.271227997341E-11
AR GRAD 2024 07 01 01 23 50.000000 2  -1.096909976045E-11  2.865680132427E-12
AR GRAD 2024 07 01 01 24  0.000000 2  -1.156964541532E-11  8.429075146199E-12
AR GRAD 2024 07 01 01 24 10.000000 2  -8.577962992695E-12  2.107246668825E-11
AR GRAD 2024 07 01 01 24 20.000000 2  -1.210755454228E-11  1.508585617538E-11
AR GRAD 2024 07 01 01 24 30.000000 2  -7.667489039520E-12  5.129245552599E-12
AR GRAD 2024 07 01 01 24 40.000000 2  -1.150179083920E-11  2.084262623603E-11
AR GRAD 2024 07 01 01 24 50.000000 2  -1.182594733945E-11  4.735600800387E-11
AR GRAD 2024 07 01 01 25  0.000000 2  -6.340387416481E-12 -4.200615116162E-12
AR GRAD 2024 07 01 01 25 10.000000 2  -1.081067353692E-11  2.185276265498E-11
AR GRAD 2024 07 01 01 25 20.000000 2  -7.275160075065E-12  1.702613224019E-11
AR GRAD 2024 07 01 01 25 30.000000 2  -6.955044179469E-12  9.649499949083E-12
AR GRAD 2024 07 01 01 25 40.000000 2  -8.561673071894E-12  1.048286544375E-11
AR GRAD 2024 07 01 01 25 50.000000 2  -1.179499033166E-11  1.175622620087E-11
AR GRAD 2024 07 01 01 26  0.000000 2  -6.567479633041E-12  6.089585866814E-12
AR GRAD 2024 07 01 01 26 10.000000 2  -7.288718240073E-12  3.306294127370E-11
AR GRAD 2024 07 01 01 26 20.000000 2  -6.238090339422E-12  2.599629539413E-11
AR GRAD 2024 07 01 01 26 30.000000 2  -8.645192201007E-12  6.839645603357E-12
AR GRAD 2024 07 01 01 26 40.000000 2  -8.379481136744E-12  2.114299360589E-11
AR GRAD 2024 07 01 01 26 50.000000 2  -5.835333084792E-12  2.212633722076E-11
AR GRAD 2024 07 01 01 27  0.000000 2  -7.613811491003E-12  2.637967622121E-11
AR GRAD 2024 07 01 01 27 10.000000 2  -6.308711365810E-12  8.583016242181E-12
AR GRAD 2024 07 01 01 27 20.000000 2  -6.119232724699E-12  3.320635086346E-11
AR GRAD 2024 07 01 01 27 30.000000 2  -6.521642600954E-12  7.849680974670E-12
AR GRAD 2024 07 01 01 27 40.000000 2  -4.573166498267E-12  2.690300413000E-11
AR GRAD 2024 07 01 01 27 50.000000 2  -5.171293948614E-12  2.703633324164E-11
AR GRAD 2024 07 01 01 28  0.000000 2  -6.146745872709E-12  3.357966335549E-11
AR GRAD 2024 07 01 01 28 10.000000 2  -2.640559212258E-12  3.517297564315E-11
AR GRAD 2024 07 01 01 28 20.000000 2  -6.331279250871E-12  1.008629117727E-11
AR GRAD 2024 07 01 01 28 30.000000 2  -4.475296869200E-12  3.110960447583E-11
AR GRAD 2024 07 01 01 28 40.000000 2  -5.375787488771E-12  2.900291638797E-11
AR GRAD 2024 07 01 01 28 50.000000 2  -5.276150176481E-12  1.385622259292E-11
AR GRAD 2024 07 01 01 29  0.000000 2  -4.604560222693E-12  2.257952505524E-11
AR GRAD 2024 07 01 01 29 10.000000 2  -5.023088282124E-12  1.058282714933E-11
AR GRAD 2024 07 01 01 29 20.000000 2  -2.317364616172E-12  3.683612095906E-11
AR GRAD 2024 07 01 01 29 30.000000 2  -2.554494159604E-12  6.609421777243E-12
AR GRAD 2024 07 01 01 29 40.000000 2  -1.824306114159E-12  3.341271703761E-11
AR GRAD 2024 07 01 01 29 50.000000 2  -3.565756197255E-12  2.096599976964E-11
AR GRAD 2024 07 01 01 30  0.000000 2  -4.776382848265E-12  3.186928845822E-11
AR GRAD 2024 07 01 01 30 10.000000 2  -2.941824952044E-12  4.744257070532E-11
AR GRAD 2024 07 01 01 30 20.000000 2  -3.289020965302E-12  5.375846035688E-12
AR GRAD 2024 07 01 01 30 30.000000 2  -1.100795669895E-12  2.822912389955E-11
AR GRAD 2024 07 01 01 30 40.000000 2   5.161552134596E-14  2.172239471632E-11
AR GRAD 2024 07 01 01 30 50.000000 2   5.292397379716E-13  3.657566610693E-11
AR GRAD 2024 07 01 01 31  0.000000 2  -4.365734770223E-12  1.148893740560E-11
AR GRAD 2024 07 01 01 31 10.000000 2  -1.924546812063E-13  4.683220131141E-11
AR GRAD 2024 07 01 01 31 20.000000 2  -6.972888520924E-13  3.074546173210E-11
AR GRAD 2024 07 01 01 31 30.000000 2  -2.085809823471E-12  3.243872184755E-11
AR GRAD 2024 07 01 01 31 40.000000 2  -1.313311547187E-12  2.578197377812E-11
AR GRAD 2024 07 01 01 31 50.000000 2  -2.574266971464E-12  2.658522360588E-11
AR GRAD 2024 07 01 01 32  0.000000 2   6.529534942248E-13  3.964847547500E-11
AR GRAD 2024 07 01 01 32 10.000000 2   4.798229955721E-13  2.738171842043E-11
AR GRAD 2024 07 01 01 32 20.000000 2   1.557556709476E-12  3.861496886137E-11
AR GRAD 2024 07 01 01 32 30.000000 2   1.706359446102E-12  3.219820243761E-11
AR GRAD 2024 07 01 01 32 40.000000 2  -5.122042113365E-14  2.350143690766E-11
AR GRAD 2024 07 01 01 32 50.000000 2   2.774968568733E-13  4.572467404707E-11
AR GRAD 2024 07 01 01 33  0.000000 2   1.176521336951E-12  4.009790416371E-11
AR GRAD 2024 07 01 01 33 10.000000 2   2.139681877858E-12  3.005113172194E-11
AR GRAD 2024 07 01 01 33 20.000000 2   3.384438129056E-12  3.724435690411E-11
AR GRAD 2024 07 01 01 33 30.000000 2   2.712991073114E-12  2.896757313187E-11
AR GRAD 2024 07 01 01 33 40.000000 2   2.991781518705E-12  2.439079493932E-11
AR GRAD 2024 07 01 01 33 50.000000 2   1.635960572739E-12  3.968400955068E-11
AR GRAD 2024 07 01 01 34  0.000000 2   2.022906798668E-12  2.973722310062E-11
AR GRAD 2024 07 01 01 34 10.000000 2   3.433422166368E-12  3.533042955417E-11
AR GRAD 2024 07 01 01 34 20.000000 2   3.276321813676E-13  3.228363756880E-11
AR GRAD 2024 07 01 01 34 30.000000 2   5.898166070134E-12  3.736684225930E-11
AR GRAD 2024 07 01 01 34 40.000000 2   2.354591131445E-12  2.288003987660E-11
AR GRAD 2024 07 01 01 34 50.000000 2  -1.724924998843E-13  2.727323401841E-11
AR GRAD 2024 07 01 01 35  0.000000 2   3.408132283333E-12  3.400642961671E-11
AR GRAD 2024 07 01 01 35 10.000000 2   3.652426885242E-12  4.635962100319E-11
AR GRAD 2024 07 01 01 35 20.000000 2   5.755969919446E-12  2.563280837586E-11
AR GRAD 2024 07 01 01 35 30.000000 2   3.525046574082E-12  2.641599265718E-11
AR GRAD 2024 07 01 01 35 40.000000 2   2.084269172184E-12  2.606917459680E-11
AR GRAD 2024 07 01 01 35 50.000000 2   8.642570166473E-12  2.572234959752E-11
AR GRAD 2024 07 01 01 36  0.000000 2   5.628987727324E-12  4.570552616934E-11
AR GRAD 2024 07 01 01 36 10.000000 2   5.027456315837E-12  3.672870341198E-11
AR GRAD 2024 07 01 01 36 20.000000 2   5.727546908973E-12  3.199186748848E-11
AR GRAD 2024 07 01 01 36 30.000000 2   5.854250677978E-12  2.704503808404E-11
AR GRAD 2024 07 01 01 36 40.000000 2   7.036516334880E-12  4.721820157094E-11
AR GRAD 2024 07 01 01 36 50.000000 2   4.785163584820E-12  4.129136269015E-11
AR GRAD 2024 07 01 01 37  0.000000 2   5.476317749969E-12  2.376451813113E-11
AR GRAD 2024 07 01 01 37 10.000000 2   9.889088679882E-12  3.279267135614E-11
AR GRAD 2024 07 01 01 37 20.000000 2   6.099267792214E-12  4.182082458115E-11
AR GRAD 2024 07 01 01 37 30.000000 2   5.798154491254E-12  3.275397661429E-11
AR GRAD 2024 07 01 01 37 40.000000 2   4.316371045310E-12  2.689711647852E-11
AR GRAD 2024 07 01 01 37 50.000000 2   7.351751152296E-12  3.525025757400E-11
AR GRAD 2024 07 01 01 38  0.000000 2   7.878320391896E-12  3.957340011240E-11
AR GRAD 2024 07 01 01 38 10.000000 2   6.814711121794E-12  4.579653323233E-11
AR GRAD 2024 07 01 01 38 20.000000 2   5.579613594070E-12  4.196966732484E-11
AR GRAD 2024 07 01 01 38 30.000000 2   9.023833763555E-12  2.586279281014E-11
AR GRAD 2024 07 01 01 38 40.000000 2   8.393628674053E-12  3.876591755936E-11
AR GRAD 2024 07 01 01 38 50.000000 2   1.024292543145E-11  4.078904228266E-11
AR GRAD 2024 07 01 01 39  0.000000 2   8.091556938372E-12  4.057216715370E-11
AR GRAD 2024 07 01 01 39 10.000000 2   9.335343262307E-12  3.991527941505E-11
AR GRAD 2024 07 01 01 39 20.000000 2   8.455095130977E-12  2.435839203951E-11
AR GRAD 2024 07 01 01 39 30.000000 2   7.543221255957E-12  4.346150869750E-11
AR GRAD 2024 07 01 01 39 40.000000 2   7.155288948152E-12  4.018461258193E-11
AR GRAD 2024 07 01 01 39 50.000000 2   7.534566720535E-12  3.200772286105E-11
AR GRAD 2024 07 01 01 40  0.000000 2   9.527543684551E-12  3.580582011442E-11
AR GRAD 2024 07 01 01 40 10.000000 2   9.855762907185E-12  3.960392083724E-11
AR GRAD 2024 07 01 01 40 20.000000 2   6.022107725684E-12  3.600702028206E-11
AR GRAD 2024 07 01 01 40 30.000000 2   1.217612729393E-11  4.468011030601E-11
AR GRAD 2024 07 01 01 40 40.000000 2   9.594121504197E-12  4.022319977093E-11
AR GRAD 2024 07 01 01 40 50.000000 2   1.247764652018E-11  3.389629202322E-11
AR GRAD 2024 07 01 01 41  0.000000 2   7.194409564620E-12  4.271936623890E-11
AR GRAD 2024 07 01 01 41 10.000000 2   8.476780041788E-12  4.634244724078E-11
AR GRAD 2024 07 01 01 41 20.000000 2   1.175082947613E-11  3.396552136770E-11
AR GRAD 2024 07 01 01 41 30.000000 2   1.088190822174E-11  3.682860266752E-11
AR GRAD 2024 07 01 01 41 40.000000 2   9.498807990171E-12  4.031167413765E-11
AR GRAD 2024 07 01 01 41 50.000000 2   9.139646504897E-12  3.610474072491E-11
AR GRAD 2024 07 01 01 42  0.000000 2   1.033235129400E-11  3.780280602439E-11
AR GRAD 2024 07 01 01 42 10.000000 2   1.109177940467E-11  3.950086785443E-11
AR GRAD 2024 07 01 01 42 20.000000 2   1.132441449642E-11  3.934393089100E-11
AR GRAD 2024 07 01 01 42 30.000000 2   1.180364139763E-11  3.691699029806E-11
AR GRAD 2024 07 01 01 42 40.000000 2   1.080589957791E-11  3.444004109676E-11
AR GRAD 2024 07 01 01 42 50.000000 2   1.188799492874E-11  3.484809316112E-11
AR GRAD 2024 07 01 01 43  0.000000 2   9.308863575808E-12  3.525613134769E-11
AR GRAD 2024 07 01 01 43 10.000000 2   1.309701479213E-11  4.712917903160E-11
AR GRAD 2024 07 01 01 43 20.000000 2   1.077280972761E-11  4.420221480506E-11
AR GRAD 2024 07 01 01 43 30.000000 2   1.173984173763E-11  3.807525128519E-11
AR GRAD 2024 07 01 01 43 40.000000 2   7.395844353608E-12  3.787328783922E-11
AR GRAD 2024 07 01 01 43 50.000000 2   1.260805175540E-11  3.767132439325E-11
AR GRAD 2024 07 01 01 44  0.000000 2   9.614697926708E-12  4.144435142295E-11
AR GRAD 2024 07 01 01 44 10.000000 2   1.016096755346E-11  3.619737842797E-11
AR GRAD 2024 07 01 01 44 20.000000 2   9.027221678504E-12  3.306706644612E-11
AR GRAD 2024 07 01 01 44 30.000000 2   1.099308144514E-11  2.993675099483E-11
AR GRAD 2024 07 01 01 44 40.000000 2   9.746030371627E-12  2.680643554354E-11
AR GRAD 2024 07 01 01 44 50.000000 2   1.024661085147E-11  3.832944725501E-11
AR GRAD 2024 07 01 01 45  0.000000 2   1.079519459934E-11  4.047245871774E-11
AR GRAD 2024 07 01 01 45 10.000000 2   7.967839062151E-12  4.206546222463E-11
AR GRAD 2024 07 01 01 45 20.000000 2   1.444221131575E-11  4.426846389460E-11
AR GRAD 2024 07 01 01 45 30.000000 2   1.172306262481E-11  3.772147177949E-11
AR GRAD 2024 07 01 01 45 40.000000 2   1.354604189235E-11  4.302446593440E-11
AR GRAD 2024 07 01 01 45 50.000000 2   9.318070620656E-12  3.566745856998E-11
AR GRAD 2024 07 01 01 46  0.000000 2   1.220730547896E-11  2.831045640972E-11
AR GRAD 2024 07 01 01 46 10.000000 2   1.089359158435E-11  4.846344506260E-11
AR GRAD 2024 07 01 01 46 20.000000 2   1.074054300360E-11  4.197643274639E-11
AR GRAD 2024 07 01 01 46 30.000000 2   1.658831405571E-11  4.577940804218E-11
AR GRAD 2024 07 01 01 46 40.000000 2   1.064606302420E-11  4.188238991731E-11
AR GRAD 2024 07 01 01 46 50.000000 2   1.464701276932E-11  3.798537526190E-11
AR GRAD 2024 07 01 01 47  0.000000 2   1.090734533943E-11  3.058834088798E-11
AR GRAD 2024 07 01 01 47 10.000000 2   1.150909229031E-11  4.279131909923E-11
AR GRAD 2024 07 01 01 47 20.000000 2   1.111698493678E-11  3.846428037191E-11
AR GRAD 2024 07 01 01 47 30.000000 2   1.311060635056E-11  3.713724119891E-11
AR GRAD 2024 07 01 01 47 40.000000 2   1.004663800069E-11  4.023020805377E-11
AR GRAD 2024 07 01 01 47 50.000000 2   1.202521936194E-11  3.954315694332E-11
AR GRAD 2024 07 01 01 48  0.000000 2   1.396664641579E-11  3.853612567939E-11
AR GRAD 2024 07 01 01 48 10.000000 2   1.377946107911E-11  4.454907276408E-11
AR GRAD 2024 07 01 01 48 20.000000 2   1.097437852399E-11  4.815201362640E-11
AR GRAD 2024 07 01 01 48 30.000000 2   1.305890638681E-11  4.239997242195E-11
AR GRAD 2024 07 01 01 48 40.000000 2   1.025647015235E-11  3.664791040081E-11
AR GRAD 2024 07 01 01 48 50.000000 2   1.465517984744E-11  4.200085071404E-11
AR GRAD 2024 07 01 01 49  0.000000 2   1.120568395019E-11  3.411378471374E-11
AR GRAD 2024 07 01 01 49 10.000000 2   1.071663591201E-11  2.622671697872E-11
AR GRAD 2024 07 01 01 49 20.000000 2   1.381432815362E-11  3.784964355824E-11
AR GRAD 2024 07 01 01 49 30.000000 2   1.346352803550E-11  4.109258072704E-11
AR GRAD 2024 07 01 01 49 40.000000 2   1.647188288545E-11  2.577549805538E-11
AR GRAD 2024 07 01 01 49 50.000000 2   1.153478007554E-11  3.011342217252E-11
AR GRAD 2024 07 01 01 50  0.000000 2   1.220817023861E-11  3.445133761604E-11
AR GRAD 2024 07 01 01 50 10.000000 2   1.234651530319E-11  4.013425702887E-11
AR GRAD 2024 07 01 01 50 20.000000 2   1.292604391578E-11  4.405716763634E-11
AR GRAD 2024 07 01 01 50 30.000000 2   1.147239421517E-11  3.644007665060E-11
AR GRAD 2024 07 01 01 50 40.000000 2   1.547061263818E-11  2.532298329361E-11
AR GRAD 2024 07 01 01 50 50.000000 2   1.415423420831E-11  2.870588315662E-11
AR GRAD 2024 07 01 01 51  0.000000 2   1.095790125305E-11  3.208878301963E-11
AR GRAD 2024 07 01 01 51 10.000000 2   1.620565487359E-11  3.266168932536E-11
AR GRAD 2024 07 01 01 51 20.000000 2   1.110905291368E-11  3.246457616624E-11
AR GRAD 2024 07 01 01 51 30.000000 2   1.016966719170E-11  3.631746639532E-11
AR GRAD 2024 07 01 01 51 40.000000 2   9.183338117724E-12  4.481035334458E-11
AR GRAD 2024 07 01 01 51 50.000000 2   1.590475494362E-11  3.502324472104E-11
AR GRAD 2024 07 01 01 52  0.000000 2   8.648566238167E-12  3.552612024005E-11
AR GRAD 2024 07 01 01 52 10.000000 2   1.052356292386E-11  4.019900037844E-11
AR GRAD 2024 07 01 01 52 20.000000 2   1.444241688048E-11  4.174188078521E-11
AR GRAD 2024 07 01 01 52 30.000000 2   1.457916426473E-11  4.356474556100E-11
AR GRAD 2024 07 01 01 52 40.000000 2   1.054442904519E-11  4.945761161723E-11
AR GRAD 2024 07 01 01 52 50.000000 2   1.246374618097E-11  2.916048305601E-11
AR GRAD 2024 07 01 01 53  0.000000 2   7.358690046200E-12  3.087334901619E-11
AR GRAD 2024 07 01 01 53 10.000000 2   1.508063292299E-11  2.907620498538E-11
AR GRAD 2024 07 01 01 53 20.000000 2   9.595048713895E-12  2.727906442401E-11
AR GRAD 2024 07 01 01 53 30.000000 2   8.972910088556E-12  3.241192036985E-11
AR GRAD 2024 07 01 01 53 40.000000 2   1.190489720693E-11  3.475476850756E-11
AR GRAD 2024 07 01 01 53 50.000000 2   1.084163227943E-11  3.743762244657E-11
AR GRAD 2024 07 01 01 54  0.000000 2   1.165012617627E-11  3.390046229845E-11
AR GRAD 2024 07 01 01 54 10.000000 2   1.216764709822E-11  3.360330763647E-11
AR GRAD 2024 07 01 01 54 20.000000 2   1.074558844683E-11  4.036613751590E-11
AR GRAD 2024 07 01 01 54 30.000000 2   1.304575891758E-11  3.923897665126E-11
AR GRAD 2024 07 01 01 54 40.000000 2   8.920301997062E-12  2.763181176924E-11
AR GRAD 2024 07 01 01 54 50.000000 2   1.210642783939E-11  3.670464279737E-11
AR GRAD 2024 07 01 01 55  0.000000 2   1.247628649698E-11  4.024747202180E-11
AR GRAD 2024 07 01 01 55 10.000000 2   9.201967313133E-12  3.501029327557E-11
AR GRAD 2024 07 01 01 55 20.000000 2   1.089924331343E-11  2.693310852120E-11
AR GRAD 2024 07 01 01 55 30.000000 2   1.038218556265E-11  2.342592612947E-11
AR GRAD 2024 07 01 01 55 40.000000 2   1.135948973774E-11  3.229874354083E-11
AR GRAD 2024 07 01 01 55 50.000000 2   1.253343782925E-11  2.324155277955E-11
AR GRAD 2024 07 01 01 56  0.000000 2   9.558076552452E-12  3.667436146437E-11
AR GRAD 2024 07 01 01 56 10.000000 2   9.374155097996E-12  3.084716510005E-11
AR GRAD 2024 07 01 01 56 20.000000 2   1.295039509658E-11  2.653996813984E-11
AR GRAD 2024 07 01 01 56 30.000000 2   8.382648741811E-12  3.169276993620E-11
AR GRAD 2024 07 01 01 56 40.000000 2   1.017036715262E-11  3.102556059287E-11
AR GRAD 2024 07 01 01 56 50.000000 2   9.196852480964E-12  2.550835584425E-11
AR GRAD 2024 07 01 01 57  0.000000 2   1.288306353958E-11  3.455115360484E-11
AR GRAD 2024 07 01 01 57 10.000000 2   1.162630755558E-11  3.890393562855E-11
AR GRAD 2024 07 01 01 57 20.000000 2   6.039021713256E-12  3.452672175941E-11
AR GRAD 2024 07 01 01 57 30.000000 2   1.123457490232E-11  3.357950029148E-11
AR GRAD 2024 07 01 01 57 40.000000 2   1.206721875202E-11  2.904227552891E-11
AR GRAD 2024 07 01 01 57 50.000000 2   9.024200657570E-12  3.322504771308E-11
AR GRAD 2024 07 01 01 58  0.000000 2   9.954897149667E-12  3.437782350457E-11
AR GRAD 2024 07 01 01 58 10.000000 2   5.923201165658E-12  2.972059057194E-11
AR GRAD 2024 07 01 01 58 20.000000 2   1.068743270966E-11  2.791335218522E-11
AR GRAD 2024 07 01 01 58 30.000000 2   7.936935830788E-12  3.827611838592E-11
AR GRAD 2024 07 01 01 58 40.000000 2   8.485144878390E-12  2.565887433081E-11
AR GRAD 2024 07 01 01 58 50.000000 2   8.683557345401E-12  2.732163106867E-11
AR GRAD 2024 07 01 01 59  0.000000 2   9.561124461599E-12  4.135438172459E-11
AR GRAD 2024 07 01 01 59 10.000000 2   8.228066665505E-12  2.792713803268E-11
AR GRAD 2024 07 01 01 59 20.000000 2   5.536285405811E-12  1.975988123126E-11
AR GRAD 2024 07 01 01 59 30.000000 2   6.096621037871E-12  2.749262449642E-11
AR GRAD 2024 07 01 01 59 40.000000 2   8.019694283656E-12  3.418536634325E-11
AR GRAD 2024 07 01 01 59 50.000000 2   8.952005803309E-12  2.579810323700E-11
AR GRAD 2024 07 01 02 00  0.000000 2   4.622661194803E-12  2.551083649882E-11
AR GRAD 2024 07 01 02 00 10.000000 2   5.355238821836E-12  2.164357061629E-11
AR GRAD 2024 07 01 02 00 20.000000 2   3.402507225622E-12  3.266630022036E-11
AR GRAD 2024 07 01 02 00 30.000000 2   4.058419399156E-12  3.546902702101E-11
AR GRAD 2024 07 01 02 00 40.000000 2   4.267966622479E-12  2.370174542743E-11
AR GRAD 2024 07 01 02 00 50.000000 2   5.453353914275E-12  3.221446720492E-11
AR GRAD 2024 07 01 02 01  0.000000 2   7.495025433624E-12  3.109718385574E-11
AR GRAD 2024 07 01 02 01 10.000000 2   3.937866092235E-12  2.459989330295E-11
AR GRAD 2024 07 01 02 01 20.000000 2   2.674102042230E-12  3.733260575678E-11
AR GRAD 2024 07 01 02 01 30.000000 2   4.026503956645E-12  2.971531354312E-11
AR GRAD 2024 07 01 02 01 40.000000 2   6.094299110498E-12  2.639801918725E-11
AR GRAD 2024 07 01 02 01 50.000000 2  -1.541186449294E-12  3.238071963341E-11
AR GRAD 2024 07 01 02 02  0.000000 2   5.424796354313E-13  2.299341446410E-11
AR GRAD 2024 07 01 02 02 10.000000 2   3.789465269355E-12  2.380611159591E-11
AR GRAD 2024 07 01 02 02 20.000000 2   5.267273162773E-12  2.497880374763E-11
AR GRAD 2024 07 01 02 02 30.000000 2   2.086401797857E-12  1.716149097830E-11
AR GRAD 2024 07 01 02 02 40.000000 2   4.405951731928E-12  4.110417908820E-11
AR GRAD 2024 07 01 02 02 50.000000 2   3.916095746292E-12  2.494686054955E-11
AR GRAD 2024 07 01 02 03  0.000000 2   1.587436237148E-12  2.074953750486E-11
AR GRAD 2024 07 01 02 03 10.000000 2   3.035758710385E-12  3.371222398463E-11
AR GRAD 2024 07 01 02 03 20.000000 2   4.218089853097E-12  3.056489089603E-11
AR GRAD 2024 07 01 02 03 30.000000 2   1.494329155858E-13  3.661755967888E-11
AR GRAD 2024 07 01 02 03 40.000000 2   1.891392858305E-12  7.510231152252E-12
AR GRAD 2024 07 01 02 03 50.000000 2   5.227734911628E-12  1.267289485157E-11
AR GRAD 2024 07 01 02 04  0.000000 2   1.666867707230E-12  4.126555347428E-11
AR GRAD 2024 07 01 02 04 10.000000 2  -8.452976274671E-13  4.431820882500E-11
AR GRAD 2024 07 01 02 04 20.000000 2   3.974193803907E-12  2.326087066018E-11
AR GRAD 2024 07 01 02 04 30.000000 2   7.313727531585E-13  3.934352149626E-11
AR GRAD 2024 07 01 02 04 40.000000 2   1.574868599245E-12  1.493617035608E-11
AR GRAD 2024 07 01 02 04 50.000000 2   1.821202693861E-12  3.055881589442E-11
AR GRAD 2024 07 01 02 05  0.000000 2   1.181219184965E-12  2.610145780069E-11
AR GRAD 2024 07 01 02 05 10.000000 2   3.254879818362E-13  2.519409507407E-11
AR GRAD 2024 07 01 02 05 20.000000 2   2.987996406290E-13  2.316673415603E-11
AR GRAD 2024 07 01 02 05 30.000000 2  -2.489144741019E-12  3.096937289948E-11
AR GRAD 2024 07 01 02 05 40.000000 2  -4.446457579303E-13  2.764199980021E-11
AR GRAD 2024 07 01 02 05 50.000000 2  -1.349496144172E-12  2.472462685976E-11
AR GRAD 2024 07 01 02 06  0.000000 2   2.181028144546E-12  2.030724720326E-11
AR GRAD 2024 07 01 02 06 10.000000 2   3.167465855575E-12  3.229987111109E-11
AR GRAD 2024 07 01 02 06 20.000000 2  -7.815186757291E-13  2.812249044748E-11
AR GRAD 2024 07 01 02 06 30.000000 2  -1.351109111744E-12  3.387510411068E-11
AR GRAD 2024 07 01 02 06 40.000000 2   3.389364797938E-13  3.947771970436E-11
AR GRAD 2024 07 01 02 06 50.000000 2  -3.316181693396E-13  3.094032668960E-11
AR GRAD 2024 07 01 02 07  0.000000 2  -7.771028287008E-13  4.034293385469E-11
AR GRAD 2024 07 01 02 07 10.000000 2  -1.310981921979E-12  3.354554134471E-11
AR GRAD 2024 07 01 02 07 20.000000 2   5.409767685899E-13  1.012813617696E-11
AR GRAD 2024 07 01 02 07 30.000000 2  -2.581041500319E-12  2.515073219134E-11
AR GRAD 2024 07 01 02 07 40.000000 2  -4.827463082058E-12  2.175332657062E-11
AR GRAD 2024 07 01 02 07 50.000000 2  -2.322493326129E-12  2.616591839033E-11
AR GRAD 2024 07 01 02 08  0.000000 2  -1.956331797948E-12  2.823850354938E-11
AR GRAD 2024 07 01 02 08 10.000000 2  -4.763183771017E-12  6.221092217762E-12
AR GRAD 2024 07 01 02 08 20.000000 2  -2.701879085049E-12  3.484367308570E-11
AR GRAD 2024 07 01 02 08 30.000000 2  -4.632932926185E-12  3.393625311321E-11
AR GRAD 2024 07 01 02 08 40.000000 2  -3.549968478900E-12  2.289882693185E-11
AR GRAD 2024 07 01 02 08 50.000000 2  -6.141897320594E-12  2.735139892351E-11
AR GRAD 2024 07 01 02 09  0.000000 2  -4.944796308526E-12  1.210397060358E-11
AR GRAD 2024 07 01 02 09 10.000000 2  -5.623726744702E-12  2.475653536338E-11
AR GRAD 2024 07 01 02 09 20.000000 2  -6.680030226885E-12  2.173910010339E-11
AR GRAD 2024 07 01 02 09 30.000000 2  -7.149987633209E-12  1.443166072757E-11
AR GRAD 2024 07 01 02 09 40.000000 2  -8.494975556328E-12  3.147421906435E-11
AR GRAD 2024 07 01 02 09 50.000000 2  -9.566366795943E-12  1.587677211923E-11
AR GRAD 2024 07 01 02 10  0.000000 2  -1.021582991811E-11  3.294932382492E-11
AR GRAD 2024 07 01 02 10 10.000000 2  -6.452056770800E-12  2.520186836996E-11
AR GRAD 2024 07 01 02 10 20.000000 2  -9.805135002539E-12  2.328441432720E-11
AR GRAD 2024 07 01 02 10 30.000000 2  -1.146591935980E-11  7.236953657869E-12
AR GRAD 2024 07 01 02 10 40.000000 2  -1.121787732150E-11  3.215949381796E-11
AR GRAD 2024 07 01 02 10 50.000000 2  -9.670189995981E-12  2.247203464978E-11
AR GRAD 2024 07 01 02 11  0.000000 2  -9.525057825810E-12  3.611456272923E-11
AR GRAD 2024 07 01 02 11 10.000000 2  -1.128934272454E-11  1.615709302460E-11
AR GRAD 2024 07 01 02 11 20.000000 2  -8.990931263386E-12  1.623962249397E-11
AR GRAD 2024 07 01 02 11 30.000000 2  -1.042536282997E-11  2.869214414669E-11
AR GRAD 2024 07 01 02 11 40.000000 2  -1.141996393283E-11  1.828466544840E-11
AR GRAD 2024 07 01 02 11 50.000000 2  -1.086825681534E-11  2.653717870449E-11
AR GRAD 2024 07 01 02 12  0.000000 2  -1.217916652946E-11  2.459694991089E-12
AR GRAD 2024 07 01 02 12 10.000000 2  -1.278542636346E-11  2.272220432642E-11
AR GRAD 2024 07 01 02 12 20.000000 2  -1.142442390689E-11  3.123471967181E-11
AR GRAD 2024 07 01 02 12 30.000000 2  -1.375718289287E-11  2.557721742735E-11
AR GRAD 2024 07 01 02 12 40.000000 2  -1.207026839589E-11  6.489721954273E-12
AR GRAD 2024 07 01 02 12 50.000000 2  -1.298021846258E-11  9.582222168514E-12
AR GRAD 2024 07 01 02 13  0.000000 2  -1.331758054529E-11  3.623472008552E-11
AR GRAD 2024 07 01 02 13 10.000000 2  -1.285630629733E-11  2.868721059313E-11
AR GRAD 2024 07 01 02 13 20.000000 2  -1.190620518843E-11  1.399970157162E-11
AR GRAD 2024 07 01 02 13 30.000000 2  -1.375771458562E-11  1.117218904195E-11
AR GRAD 2024 07 01 02 13 40.000000 2  -1.203070195549E-11  2.260467160675E-11
AR GRAD 2024 07 01 02 13 50.000000 2  -1.576763893063E-11  1.935715303325E-11
AR GRAD 2024 07 01 02 14  0.000000 2  -9.581444145035E-12 -3.360370141869E-12
AR GRAD 2024 07 01 02 14 10.000000 2  -1.272877376418E-11  1.100210287458E-11
AR GRAD 2024 07 01 02 14 20.000000 2  -1.361868604000E-11  3.380457372359E-11
AR GRAD 2024 07 01 02 14 30.000000 2  -1.337808336332E-11  1.745704102107E-11
AR GRAD 2024 07 01 02 14 40.000000 2  -1.492020049176E-11  2.453950757875E-11
AR GRAD 2024 07 01 02 14 50.000000 2  -1.021322956762E-11  2.332197455990E-11
AR GRAD 2024 07 01 02 15  0.000000 2  -1.662600612740E-11  1.684443036443E-11
AR GRAD 2024 07 01 02 15 10.000000 2  -1.261815044812E-11  1.976886102734E-12
AR GRAD 2024 07 01 02 15 20.000000 2  -1.254429633085E-11  1.346934196123E-11
AR GRAD 2024 07 01 02 15 30.000000 2  -1.738487305503E-11  1.531178829561E-11
AR GRAD 2024 07 01 02 15 40.000000 2  -1.324577513645E-11  3.356423819434E-11
AR GRAD 2024 07 01 02 15 50.000000 2  -1.430035170141E-11  7.046680947087E-12
AR GRAD 2024 07 01 02 16  0.000000 2  -1.448435208579E-11  1.270912194928E-11
AR GRAD 2024 07 01 02 16 10.000000 2  -1.513239533679E-11  1.520155876178E-11
AR GRAD 2024 07 01 02 16 20.000000 2  -1.366614980902E-11  1.167399770602E-11
AR GRAD 2024 07 01 02 16 30.000000 2  -1.641356842108E-11  3.346426217729E-12
AR GRAD 2024 07 01 02 16 40.000000 2  -1.609537503278E-11  1.998885432175E-11
AR GRAD 2024 07 01 02 16 50.000000 2  -1.554552493677E-11  1.731128261573E-11
AR GRAD 2024 07 01 02 17  0.000000 2  -1.506043380284E-11  1.014370532015E-11
AR GRAD 2024 07 01 02 17 10.000000 2  -1.689089319801E-11  1.815612243883E-11
AR GRAD 2024 07 01 02 17 20.000000 2  -1.397383077306E-11 -5.981460118876E-12
AR GRAD 2024 07 01 02 17 30.000000 2  -1.834268674450E-11  1.800095315863E-11
AR GRAD 2024 07 01 02 17 40.000000 2  -1.616237525759E-11  2.068336474315E-11
AR GRAD 2024 07 01 02 17 50.000000 2  -1.851213453363E-11  9.165771440445E-12
AR GRAD 2024 07 01 02 18  0.000000 2  -1.808590950614E-11  1.894817462655E-11
AR GRAD 2024 07 01 02 18 10.000000 2  -1.641638908145E-11 -8.049424841949E-12
AR GRAD 2024 07 01 02 18 20.000000 2  -1.887254415245E-11  1.383297296154E-11
AR GRAD 2024 07 01 02 18 30.000000 2  -1.651372268097E-11  2.545536524623E-11
AR GRAD 2024 07 01 02 18 40.000000 2  -1.675462893425E-11  3.367759847037E-12
AR GRAD 2024 07 01 02 18 50.000000 2  -1.725653474283E-11  3.970148428761E-12
AR GRAD 2024 07 01 02 19  0.000000 2  -1.695820740777E-11 -5.417465955004E-12
AR GRAD 2024 07 01 02 19 10.000000 2  -1.856745833473E-11  6.374917087271E-12
AR GRAD 2024 07 01 02 19 20.000000 2  -1.937237523175E-11  1.044729927568E-11
AR GRAD 2024 07 01 02 19 30.000000 2  -2.160095019521E-11  2.289674526368E-12
AR GRAD 2024 07 01 02 19 40.000000 2  -2.096881175639E-11  1.261205029301E-11
AR GRAD 2024 07 01 02 19 50.000000 2  -1.736824399579E-11  1.378441805144E-11
AR GRAD 2024 07 01 02 20  0.000000 2  -2.073224057708E-11  5.366786442335E-12
AR GRAD 2024 07 01 02 20 10.000000 2  -2.062807216707E-11 -1.040849264416E-12
AR GRAD 2024 07 01 02 20 20.000000 2  -2.100232661395E-11  1.861513330634E-12
AR GRAD 2024 07 01 02 20 30.000000 2  -2.076550216501E-11  2.058386794346E-11
AR GRAD 2024 07 01 02 20 40.000000 2  -2.178595324975E-11  3.448623331348E-11
AR GRAD 2024 07 01 02 20 50.000000 2  -2.226937211025E-11  8.585790498700E-13
AR GRAD 2024 07 01 02 21  0.000000 2  -2.094862651403E-11  1.150926359425E-12
AR GRAD 2024 07 01 02 21 10.000000 2  -2.191643914962E-11  2.683273742088E-12
AR GRAD 2024 07 01 02 21 20.000000 2  -2.043743646540E-11  6.156176371626E-13
AR GRAD 2024 07 01 02 21 30.000000 2  -1.919735551081E-11  1.621795579776E-11
AR GRAD 2024 07 01 02 21 40.000000 2  -1.947710395744E-11  7.302909904409E-13
AR GRAD 2024 07 01 02 21 50.000000 2  -2.049859414155E-11 -9.827372422777E-12
AR GRAD 2024 07 01 02 22  0.000000 2  -2.002156426761E-11  7.984958180773E-12
AR GRAD 2024 07 01 02 22 10.000000 2  -2.061590655134E-11  7.197284001420E-12
AR GRAD 2024 07 01 02 22 20.000000 2  -2.010142399755E-11  6.229607107944E-12
AR GRAD 2024 07 01 02 22 30.000000 2  -1.960533992096E-11 -2.988067909424E-12
AR GRAD 2024 07 01 02 22 40.000000 2  -2.062805828928E-11  6.474249088229E-12
AR GRAD 2024 07 01 02 22 50.000000 2  -2.146291824823E-11 -4.333434652781E-12
AR GRAD 2024 07 01 02 23  0.000000 2  -2.051236090705E-11  8.958878777721E-12
AR GRAD 2024 07 01 02 23 10.000000 2  -2.253355488313E-11  3.431185240446E-12
AR GRAD 2024 07 01 02 23 20.000000 2  -1.951835221226E-11  9.793492405930E-12
AR GRAD 2024 07 01 02 23 30.000000 2  -2.264694508314E-11  5.525796400313E-12
AR GRAD 2024 07 01 02 23 40.000000 2  -2.099581619674E-11  7.198095418326E-12
AR GRAD 2024 07 01 02 23 50.000000 2  -2.270804030924E-11  1.268039406116E-11
AR GRAD 2024 07 01 02 24  0.000000 2  -1.999740477376E-11  6.126891528846E-13
AR GRAD 2024 07 01 02 24 10.000000 2  -1.994372549052E-11 -1.625022165441E-12
AR GRAD 2024 07 01 02 24 20.000000 2  -2.085116454498E-11 -5.192733829734E-12
AR GRAD 2024 07 01 02 24 30.000000 2  -2.578533046804E-11  1.143955156296E-11
AR GRAD 2024 07 01 02 24 40.000000 2  -2.409542877724E-11  6.118314947560E-13
AR GRAD 2024 07 01 02 24 50.000000 2  -2.553981158504E-11  6.341116867703E-13
AR GRAD 2024 07 01 02 25  0.000000 2  -2.118601301337E-11  9.556387799148E-12
AR GRAD 2024 07 01 02 25 10.000000 2  -2.532492618390E-11 -1.823134178347E-11
AR GRAD 2024 07 01 02 25 20.000000 2  -2.196851901781E-11  2.709290853730E-13
AR GRAD 2024 07 01 02 25 30.000000 2  -2.339644450400E-11 -6.096805785921E-12
AR GRAD 2024 07 01 02 25 40.000000 2  -2.326308069789E-11  1.049546040355E-11
AR GRAD 2024 07 01 02 25 50.000000 2  -2.310955420082E-11 -4.822280161992E-12
AR GRAD 2024 07 01 02 26  0.000000 2  -2.148760162857E-11  9.049977781062E-12
AR GRAD 2024 07 01 02 26 10.000000 2  -2.415971069036E-11 -5.197769731985E-12
AR GRAD 2024 07 01 02 26 20.000000 2  -2.351024930292E-11  1.974483077039E-12
AR GRAD 2024 07 01 02 26 30.000000 2  -2.397625500916E-11  8.086731805024E-12
AR GRAD 2024 07 01 02 26 40.000000 2  -2.490715966807E-11 -2.539102435251E-11
AR GRAD 2024 07 01 02 26 50.000000 2  -2.579535716973E-11  2.041215503915E-12
AR GRAD 2024 07 01 02 27  0.000000 2  -2.449487834788E-11 -7.456544062756E-12
AR GRAD 2024 07 01 02 27 10.000000 2  -2.690477007850E-11  2.175692785655E-12
AR GRAD 2024 07 01 02 27 20.000000 2  -2.443421680265E-11 -8.302076040523E-12
AR GRAD 2024 07 01 02 27 30.000000 2  -2.472240120954E-11  1.751015478446E-11
AR GRAD 2024 07 01 02 27 40.000000 2  -2.493792672364E-11 -3.676211624611E-13
AR GRAD 2024 07 01 02 27 50.000000 2  -2.608580018659E-11  9.514605249505E-12
AR GRAD 2024 07 01 02 28  0.000000 2  -2.370932443430E-11 -1.727317594513E-11
AR GRAD 2024 07 01 02 28 10.000000 2  -2.574444823988E-11 -1.485095900422E-11
AR GRAD 2024 07 01 02 28 20.000000 2  -2.216824467050E-11 -5.228742785968E-12
AR GRAD 2024 07 01 02 28 30.000000 2  -2.759562196808E-11 -1.639653170182E-11
AR GRAD 2024 07 01 02 28 40.000000 2  -2.425707031073E-11  2.975675044911E-12
AR GRAD 2024 07 01 02 28 50.000000 2  -2.383003343265E-11 -1.482211749171E-11
AR GRAD 2024 07 01 02 29  0.000000 2  -2.638822146905E-11 -1.619914814267E-12
AR GRAD 2024 07 01 02 29 10.000000 2  -2.575279052508E-11 -1.837717911873E-12
AR GRAD 2024 07 01 02 29 20.000000 2  -2.119187811345E-11 -2.505552189336E-11
AR GRAD 2024 07 01 02 29 30.000000 2  -2.473726432028E-11 -1.114332758012E-11
AR GRAD 2024 07 01 02 29 40.000000 2  -2.410739489977E-11 -7.891137396299E-12
AR GRAD 2024 07 01 02 29 50.000000 2  -2.601535480096E-11 -1.556895237731E-11
AR GRAD 2024 07 01 02 30  0.000000 2  -2.625450377935E-11 -5.067653653483E-13
AR GRAD 2024 07 01 02 30 10.000000 2  -2.305514806844E-11 -2.208458763087E-11
AR GRAD 2024 07 01 02 30 20.000000 2  -2.717523601981E-11  7.607593374703E-12
AR GRAD 2024 07 01 02 30 30.000000 2  -2.707868825003E-11  3.439765833280E-12
AR GRAD 2024 07 01 02 30 40.000000 2  -2.485128769436E-11 -9.568061620779E-12
AR GRAD 2024 07 01 02 30 50.000000 2  -2.351420794189E-11 -1.879589366094E-11
AR GRAD 2024 07 01 02 31  0.000000 2  -2.496862439028E-11 -4.063728954035E-12
AR GRAD 2024 07 01 02 31 10.000000 2  -2.537865230468E-11 -2.446156645297E-11
AR GRAD 2024 07 01 02 31 20.000000 2  -2.539595443662E-11 -4.394070014530E-13
AR GRAD 2024 07 01 02 31 30.000000 2  -2.544836563700E-11 -1.331725008047E-11
AR GRAD 2024 07 01 02 31 40.000000 2  -2.444012180136E-11  5.464905437902E-12
AR GRAD 2024 07 01 02 31 50.000000 2  -2.761257889006E-11 -8.862946834776E-12
AR GRAD 2024 07 01 02 32  0.000000 2  -2.347544381109E-11 -1.016079928529E-11
AR GRAD 2024 07 01 02 32 10.000000 2  -2.701774394487E-11 -1.966865732783E-11
AR GRAD 2024 07 01 02 32 20.000000 2  -2.688257429162E-11 -6.136515774691E-12
AR GRAD 2024 07 01 02 32 30.000000 2  -2.493923817459E-11  7.965622085548E-12
AR GRAD 2024 07 01 02 32 40.000000 2  -2.583719002636E-11 -1.476224351094E-11
AR GRAD 2024 07 01 02 32 50.000000 2  -2.464191004026E-11 -9.350107493811E-12
AR GRAD 2024 07 01 02 33  0.000000 2  -2.328473698576E-11 -1.461798390667E-11
AR GRAD 2024 07 01 02 33 10.000000 2  -2.417274019839E-11 -1.750585440496E-11
AR GRAD 2024 07 01 02 33 20.000000 2  -2.363140065575E-11 -6.923733288089E-12
AR GRAD 2024 07 01 02 33 30.000000 2  -2.714759667066E-11 -1.943161430373E-11
AR GRAD 2024 07 01 02 33 40.000000 2  -2.446499079711E-11 -1.701949692290E-11
AR GRAD 2024 07 01 02 33 50.000000 2  -2.589949782417E-11 -1.724738581121E-11
AR GRAD 2024 07 01 02 34  0.000000 2  -2.566184244268E-11 -1.201527332489E-11
AR GRAD 2024 07 01 02 34 10.000000 2  -2.554558647949E-11 -1.417316524560E-11
AR GRAD 2024 07 01 02 34 20.000000 2  -2.272999670427E-11 -6.051061127860E-12
AR GRAD 2024 07 01 02 34 30.000000 2  -2.649162833546E-11 -1.574896289769E-11
AR GRAD 2024 07 01 02 34 40.000000 2  -2.556095266004E-11 -1.640686544957E-11
AR GRAD 2024 07 01 02 34 50.000000 2  -2.439446041003E-11 -2.037476784511E-11
AR GRAD 2024 07 01 02 35  0.000000 2  -2.451401234782E-11 -1.179267360846E-11
AR GRAD 2024 07 01 02 35 10.000000 2  -2.577781564594E-11 -7.920586062027E-12
AR GRAD 2024 07 01 02 35 20.000000 2  -2.506376703404E-11 -1.255850198140E-11
AR GRAD 2024 07 01 02 35 30.000000 2  -2.595263587368E-11 -1.265641758064E-11
AR GRAD 2024 07 01 02 35 40.000000 2  -2.542134731887E-11 -8.964337952500E-12
AR GRAD 2024 07 01 02 35 50.000000 2  -2.455800493517E-11 -2.024226099240E-11
AR GRAD 2024 07 01 02 36  0.000000 2  -2.444063874896E-11 -1.995018907019E-11
AR GRAD 2024 07 01 02 36 10.000000 2  -2.538122316487E-11 -1.197811728276E-11
AR GRAD 2024 07 01 02 36 20.000000 2  -2.676324613315E-11 -1.856605147399E-11
AR GRAD 2024 07 01 02 36 30.000000 2  -2.399296039624E-11 -4.413986537388E-12
AR GRAD 2024 07 01 02 36 40.000000 2  -2.693660572373E-11 -8.081924018910E-12
AR GRAD 2024 07 01 02 36 50.000000 2  -2.688088640568E-11 -1.788986493667E-11
AR GRAD 2024 07 01 02 37  0.000000 2  -2.338024739090E-11 -8.607809777461E-12
AR GRAD 2024 07 01 02 37 10.000000 2  -2.531267036254E-11 -1.706576026328E-11
AR GRAD 2024 07 01 02 37 20.000000 2  -2.366053707126E-11 -1.966370816175E-11
AR GRAD 2024 07 01 02 37 30.000000 2  -2.507109277128E-11 -1.853166405053E-11
AR GRAD 2024 07 01 02 37 40.000000 2  -2.526769418698E-11 -1.652962142162E-11
AR GRAD 2024 07 01 02 37 50.000000 2  -2.357124738450E-11 -1.235758023688E-11
AR GRAD 2024 07 01 02 38  0.000000 2  -2.622576981970E-11 -1.708554304980E-11
AR GRAD 2024 07 01 02 38 10.000000 2  -2.694525852442E-11 -2.402350887665E-11
AR GRAD 2024 07 01 02 38 20.000000 2  -2.571489375602E-11 -7.031477830544E-12
AR GRAD 2024 07 01 02 38 30.000000 2  -2.374118783510E-11 -1.042944810375E-11
AR GRAD 2024 07 01 02 38 40.000000 2  -2.718902360199E-11 -1.330742547406E-11
AR GRAD 2024 07 01 02 38 50.000000 2  -2.617660081750E-11 -1.217540304688E-11
AR GRAD 2024 07 01 02 39  0.000000 2  -2.513513182312E-11 -6.123386086382E-12
AR GRAD 2024 07 01 02 39 10.000000 2  -2.518018606124E-11 -2.436137055972E-11
AR GRAD 2024 07 01 02 39 20.000000 2  -2.508094947007E-11 -9.719355528737E-12
AR GRAD 2024 07 01 02 39 30.000000 2  -2.347191017937E-11 -1.491734860637E-11
AR GRAD 2024 07 01 02 39 40.000000 2  -2.567668647147E-11 -1.721534373389E-11
AR GRAD 2024 07 01 02 39 50.000000 2  -2.578308573586E-11 -1.917333826429E-11
AR GRAD 2024 07 01 02 40  0.000000 2  -2.289776181164E-11 -2.195133831651E-11
AR GRAD 2024 07 01 02 40 10.000000 2  -2.264045548261E-11 -1.309934105631E-11
AR GRAD 2024 07 01 02 40 20.000000 2  -2.355635478346E-11 -2.159734717455E-11
AR GRAD 2024 07 01 02 40 30.000000 2  -2.303636795209E-11 -8.565355022472E-12
AR GRAD 2024 07 01 02 40 40.000000 2  -2.269360567519E-11 -6.963367816387E-12
AR GRAD 2024 07 01 02 40 50.000000 2  -1.902202007020E-11 -2.636138356216E-11
AR GRAD 2024 07 01 02 41  0.000000 2  -2.363890333479E-11 -1.069399777065E-12
AR GRAD 2024 07 01 02 41 10.000000 2  -2.454151812326E-11 -1.933742402316E-11
AR GRAD 2024 07 01 02 41 20.000000 2  -2.214864056049E-11 -3.466544412634E-11
AR GRAD 2024 07 01 02 41 30.000000 2  -2.138530671991E-11 -9.863472018312E-12
AR GRAD 2024 07 01 02 41 40.000000 2  -2.498949831786E-11 -2.175150684569E-11
AR GRAD 2024 07 01 02 41 50.000000 2  -2.376587468489E-11 -6.589537943080E-12
AR GRAD 2024 07 01 02 42  0.000000 2  -2.025681532236E-11 -3.175747154398E-13
AR GRAD 2024 07 01 02 42 10.000000 2  -2.277165955800E-11 -1.589561295090E-11
AR GRAD 2024 07 01 02 42 20.000000 2  -1.931131123067E-11 -2.541365902442E-11
AR GRAD 2024 07 01 02 42 30.000000 2  -2.237105639624E-11 -1.101170109957E-11
AR GRAD 2024 07 01 02 42 40.000000 2  -2.158445991385E-11 -6.299751952737E-12
AR GRAD 2024 07 01 02 42 50.000000 2  -2.224412147533E-11 -1.223780105031E-11
AR GRAD 2024 07 01 02 43  0.000000 2  -2.553712796782E-11 -1.909586030968E-11
AR GRAD 2024 07 01 02 43 10.000000 2  -2.175973290441E-11 -1.886391737260E-11
AR GRAD 2024 07 01 02 43 20.000000 2  -2.412146871134E-11 -2.826197782746E-11
AR GRAD 2024 07 01 02 43 30.000000 2  -1.927117840306E-11 -9.170040594919E-12
AR GRAD 2024 07 01 02 43 40.000000 2  -2.041252930574E-11 -9.558106910112E-12
AR GRAD 2024 07 01 02 43 50.000000 2  -2.280853804437E-11 -1.652617799552E-11
AR GRAD 2024 07 01 02 44  0.000000 2  -2.517932216894E-11  6.115748966279E-12
AR GRAD 2024 07 01 02 44 10.000000 2  -2.019391424912E-11 -7.082327779795E-12
AR GRAD 2024 07 01 02 44 20.000000 2  -2.235666513029E-11 -1.611040641170E-11
AR GRAD 2024 07 01 02 44 30.000000 2  -2.308768974613E-11 -1.687848992515E-11
AR GRAD 2024 07 01 02 44 40.000000 2  -2.103642607332E-11 -1.695657676770E-11
AR GRAD 2024 07 01 02 44 50.000000 2  -2.067138994699E-11 -9.214664621615E-12
AR GRAD 2024 07 01 02 45  0.000000 2  -1.988089554095E-11 -1.148275398377E-11
AR GRAD 2024 07 01 02 45 10.000000 2  -2.321627091961E-11 -4.660849831084E-12
AR GRAD 2024 07 01 02 45 20.000000 2  -1.882062387881E-11 -1.348894693859E-11
AR GRAD 2024 07 01 02 45 30.000000 2  -2.158164966182E-11 -1.461704889072E-11
AR GRAD 2024 07 01 02 45 40.000000 2  -2.083027153543E-11 -1.835515420212E-11
AR GRAD 2024 07 01 02 45 50.000000 2  -2.064671524027E-11 -1.357325796897E-11
AR GRAD 2024 07 01 02 46  0.000000 2  -1.866156361385E-11 -2.209136866493E-11
AR GRAD 2024 07 01 02 46 10.000000 2  -2.191328195289E-11  3.250517259870E-12
AR GRAD 2024 07 01 02 46 20.000000 2  -1.799743860886E-11  1.532402134873E-12
AR GRAD 2024 07 01 02 46 30.000000 2  -2.130215968899E-11 -5.385716178585E-12
AR GRAD 2024 07 01 02 46 40.000000 2  -1.726057491380E-11 -7.083840458666E-12
AR GRAD 2024 07 01 02 46 50.000000 2  -1.852402259361E-11 -2.123196583825E-11
AR GRAD 2024 07 01 02 47  0.000000 2  -1.780714464772E-11 -1.068009396199E-11
AR GRAD 2024 07 01 02 47 10.000000 2  -1.923487237543E-11 -8.782253353365E-13
AR GRAD 2024 07 01 02 47 20.000000 2  -1.995547824207E-11 -6.806357560896E-12
AR GRAD 2024 07 01 02 47 30.000000 2  -1.808601358955E-11 -1.163449631775E-11
AR GRAD 2024 07 01 02 47 40.000000 2  -2.018332723175E-11  9.173606969545E-13
AR GRAD 2024 07 01 02 47 50.000000 2  -1.847371734753E-11 -1.206078032584E-11
AR GRAD 2024 07 01 02 48  0.000000 2  -1.933040706670E-11 -6.878927549109E-12
AR GRAD 2024 07 01 02 48 10.000000 2  -1.990985327993E-11 -6.547079284963E-12
AR GRAD 2024 07 01 02 48 20.000000 2  -1.762835190322E-11 -4.252283204373E-13
AR GRAD 2024 07 01 02 48 30.000000 2  -1.608453821522E-11 -1.529338634898E-11
AR GRAD 2024 07 01 02 48 40.000000 2  -1.840130652020E-11 -9.641545374584E-12
AR GRAD 2024 07 01 02 48 50.000000 2  -1.486268053075E-11 -5.109707362089E-12
AR GRAD 2024 07 01 02 49  0.000000 2  -1.937304656974E-11 -9.587873030237E-12
AR GRAD 2024 07 01 02 49 10.000000 2  -1.973060256844E-11  7.439596898598E-13
AR GRAD 2024 07 01 02 49 20.000000 2  -1.505792018852E-11 -2.404211812274E-12
AR GRAD 2024 07 01 02 49 30.000000 2  -1.785914471863E-11 -1.280238675488E-11
AR GRAD 2024 07 01 02 49 40.000000 2  -1.787014286547E-11 -7.570562232662E-12
AR GRAD 2024 07 01 02 49 50.000000 2  -1.675232695619E-11 -7.268744200289E-12
AR GRAD 2024 07 01 02 50  0.000000 2  -1.575348358707E-11 -6.696926867222E-12
AR GRAD 2024 07 01 02 50 10.000000 2  -1.911285886502E-11 -6.945115489654E-12
AR GRAD 2024 07 01 02 50 20.000000 2  -1.504821441067E-11 -4.363302687910E-12
AR GRAD 2024 07 01 02 50 30.000000 2  -2.014441391474E-11 -1.191149609503E-11
AR GRAD 2024 07 01 02 50 40.000000 2  -1.452320382012E-11 -2.096893080179E-13
AR GRAD 2024 07 01 02 50 50.000000 2  -1.720046848008E-11  4.622108685376E-12
AR GRAD 2024 07 01 02 51  0.000000 2  -1.521065391696E-11  5.573907221196E-12
AR GRAD 2024 07 01 02 51 10.000000 2  -1.601171278898E-11  8.915701510404E-12
AR GRAD 2024 07 01 02 51 20.000000 2  -1.740072842760E-11 -5.632504445491E-12
AR GRAD 2024 07 01 02 51 30.000000 2  -1.670706455126E-11  1.116928338013E-11
AR GRAD 2024 07 01 02 51 40.000000 2  -1.758929980833E-11 -3.828928927391E-12
AR GRAD 2024 07 01 02 51 50.000000 2  -1.178552481301E-11  6.382852579812E-12
AR GRAD 2024 07 01 02 52  0.000000 2  -1.538623048414E-11 -2.545366912035E-12
AR GRAD 2024 07 01 02 52 10.000000 2  -1.563719292941E-11  7.326411179120E-12
AR GRAD 2024 07 01 02 52 20.000000 2  -1.195145718502E-11  1.168184147506E-12
AR GRAD 2024 07 01 02 52 30.000000 2  -1.306230037329E-11  6.389953670360E-12
AR GRAD 2024 07 01 02 52 40.000000 2  -1.362122220572E-11  1.724172193907E-11
AR GRAD 2024 07 01 02 52 50.000000 2  -1.270144579790E-11 -1.078651577779E-11
AR GRAD 2024 07 01 02 53  0.000000 2  -1.427112941710E-11  7.725249259738E-12
AR GRAD 2024 07 01 02 53 10.000000 2  -1.172487107404E-11  1.747006185548E-12
AR GRAD 2024 07 01 02 53 20.000000 2  -1.393106897202E-11 -4.201237014528E-12
AR GRAD 2024 07 01 02 53 30.000000 2  -1.064599797207E-11  8.670513959586E-12
AR GRAD 2024 07 01 02 53 40.000000 2  -1.132774429813E-11 -1.217736957278E-12
AR GRAD 2024 07 01 02 53 50.000000 2  -1.181942824863E-11 -3.335990121298E-12
AR GRAD 2024 07 01 02 54  0.000000 2  -1.011585867156E-11  5.025752817384E-12
AR GRAD 2024 07 01 02 54 10.000000 2  -1.347941029628E-11  4.077493117455E-12
AR GRAD 2024 07 01 02 54 20.000000 2  -1.114200832292E-11  8.989229499656E-12
AR GRAD 2024 07 01 02 54 30.000000 2  -1.102091334859E-11 -3.319037536129E-12
AR GRAD 2024 07 01 02 54 40.000000 2  -1.337314026878E-11  1.155269456488E-11
AR GRAD 2024 07 01 02 54 50.000000 2  -1.244566776026E-11  7.434420266905E-12
AR GRAD 2024 07 01 02 55  0.000000 2  -1.305154855719E-11  1.161458760114E-13
AR GRAD 2024 07 01 02 55 10.000000 2  -9.680505529130E-12 -9.021320474499E-13
AR GRAD 2024 07 01 02 55 20.000000 2  -1.295346295505E-11  2.309586549787E-12
AR GRAD 2024 07 01 02 55 30.000000 2  -1.150691781443E-11  1.496130129508E-11
AR GRAD 2024 07 01 02 55 40.000000 2  -1.313332949338E-11  7.773015738011E-12
AR GRAD 2024 07 01 02 55 50.000000 2  -9.698080012666E-12  1.139472457362E-11
AR GRAD 2024 07 01 02 56  0.000000 2  -1.377230447741E-11  2.884643218737E-11
AR GRAD 2024 07 01 02 56 10.000000 2  -9.438053637234E-12  6.938134962386E-12
AR GRAD 2024 07 01 02 56 20.000000 2  -1.029826137561E-11  6.709835378288E-12
AR GRAD 2024 07 01 02 56 30.000000 2  -8.505757730093E-12  1.657153060608E-11
AR GRAD 2024 07 01 02 56 40.000000 2  -9.387271342198E-12  1.343226961950E-12
AR GRAD 2024 07 01 02 56 50.000000 2  -8.690981094517E-12  1.181491883495E-11
AR GRAD 2024 07 01 02 57  0.000000 2  -1.225689948842E-11 -1.703395128942E-12
AR GRAD 2024 07 01 02 57 10.000000 2  -1.020500784571E-11  7.808288737809E-12
AR GRAD 2024 07 01 02 57 20.000000 2  -1.191086118624E-11  2.783997164746E-11
AR GRAD 2024 07 01 02 57 30.000000 2  -7.848831827528E-12  9.921652908973E-12
AR GRAD 2024 07 01 02 57 40.000000 2  -8.616054050781E-12  8.743328110128E-12
AR GRAD 2024 07 01 02 57 50.000000 2  -1.015834812101E-11  3.855000086511E-12
AR GRAD 2024 07 01 02 58  0.000000 2  -9.678284215719E-12  1.703666895059E-11
AR GRAD 2024 07 01 02 58 10.000000 2  -5.512876179864E-12  1.688336644969E-12
AR GRAD 2024 07 01 02 58 20.000000 2  -7.686091346715E-12  2.158999715118E-11
AR GRAD 2024 07 01 02 58 30.000000 2  -1.040031255561E-11  2.131657697579E-12
AR GRAD 2024 07 01 02 58 40.000000 2  -9.251845817237E-12  1.654331706347E-11
AR GRAD 2024 07 01 02 58 50.000000 2  -6.282731713353E-12  7.934969521728E-12
AR GRAD 2024 07 01 02 59  0.000000 2  -5.838753959486E-12  2.930662310052E-11
AR GRAD 2024 07 01 02 59 10.000000 2  -9.448151462588E-12 -9.001729917024E-12
AR GRAD 2024 07 01 02 59 20.000000 2  -4.240809526462E-12  2.488991478200E-11
AR GRAD 2024 07 01 02 59 30.000000 2  -7.853565887894E-12 -2.288441137976E-12
AR GRAD 2024 07 01 02 59 40.000000 2  -7.975807514438E-12  1.575319735769E-11
AR GRAD 2024 07 01 02 59 50.000000 2  -9.243357815270E-12  1.886483330660E-11
AR GRAD 2024 07 01 03 00  0.000000 2  -4.827947937269E-12  2.038646335079E-11
AR GRAD 2024 07 01 03 00 10.000000 2  -7.618980099600E-12 -1.182190196430E-11
AR GRAD 2024 07 01 03 00 20.000000 2  -2.848898634361E-12  9.289724371697E-12
AR GRAD 2024 07 01 03 00 30.000000 2  -7.171516418908E-12 -1.886531024713E-13
AR GRAD 2024 07 01 03 00 40.000000 2  -1.682188893390E-12  1.700296847762E-11
AR GRAD 2024 07 01 03 00 50.000000 2  -8.528671692487E-12  4.394585390033E-12
AR GRAD 2024 07 01 03 01  0.000000 2  -7.146858192059E-12 -2.183801100022E-12
AR GRAD 2024 07 01 03 01 10.000000 2  -3.437837037615E-12 -1.678219022083E-11
AR GRAD 2024 07 01 03 01 20.000000 2  -3.483160591553E-12  3.262941999926E-11
AR GRAD 2024 07 01 03 01 30.000000 2  -4.931366946737E-12 -4.138974319529E-12
AR GRAD 2024 07 01 03 01 40.000000 2  -3.682498316698E-12 -4.447373892769E-12
AR GRAD 2024 07 01 03 01 50.000000 2  -2.888194241060E-13 -2.608577416574E-11
AR GRAD 2024 07 01 03 02  0.000000 2  -2.942844969447E-12 -2.057417777812E-11
AR GRAD 2024 07 01 03 02 10.000000 2  -6.117789868448E-12  1.300741458987E-11
AR GRAD 2024 07 01 03 02 20.000000 2  -4.448656720779E-12 -1.259099335210E-11
AR GRAD 2024 07 01 03 02 30.000000 2  -2.782162304357E-12  2.030059106928E-11
AR GRAD 2024 07 01 03 02 40.000000 2  -8.420139585574E-12 -2.289782252696E-11
AR GRAD 2024 07 01 03 02 50.000000 2  -3.342480806023E-12 -2.862425465926E-13
AR GRAD 2024 07 01 03 03  0.000000 2  -3.473729984216E-12 -6.466504984476E-14
AR GRAD 2024 07 01 03 03 10.000000 2  -3.763601843371E-13 -1.298308942993E-11
AR GRAD 2024 07 01 03 03 20.000000 2  -3.033961320023E-12 -1.719151904167E-11
AR GRAD 2024 07 01 03 03 30.000000 2  -2.516053337898E-12 -1.649948840748E-12
AR GRAD 2024 07 01 03 03 40.000000 2  -2.905493554084E-12 -1.618838396666E-11
AR GRAD 2024 07 01 03 03 50.000000 2  -2.037867053925E-12 -7.568199539287E-13
AR GRAD 2024 07 01 03 04  0.000000 2  -6.162553106703E-12 -7.135260264579E-12
AR GRAD 2024 07 01 03 04 10.000000 2  -2.503995708697E-12 -8.683703929535E-12
AR GRAD 2024 07 01 03 04 20.000000 2  -3.028353609547E-12 -1.336215253028E-11
AR GRAD 2024 07 01 03 04 30.000000 2  -1.490060136909E-12 -4.630599723110E-12
AR GRAD 2024 07 01 03 04 40.000000 2  -2.093461255043E-12 -8.179053788415E-12
AR GRAD 2024 07 01 03 04 50.000000 2  -3.955760632252E-12  1.223249106175E-11
