 2.00 C RINEX VERSION / TYPE
 10.00 INTERVAL
 1 AR # / TYPES OF DATA
 END OF HEADER
AR GRAD 2024 06 02 01 05  0.000000 2   3.885182800478E-11  3.297074072095E-11
AR GRAD 2024 06 02 01 05 10.000000 2   4.021105670660E-11  2.933141576844E-11
AR GRAD 2024 06 02 01 05 20.000000 2   3.742458079548E-11  3.592208822067E-11
AR GRAD 2024 06 02 01 05 30.000000 2   3.848501378689E-11  2.639275430150E-11
AR GRAD 2024 06 02 01 05 40.000000 2   3.953051427863E-11  1.424342241374E-11
AR GRAD 2024 06 02 01 05 50.000000 2   3.618062446864E-11  2.862408574056E-11
AR GRAD 2024 06 02 01 06  0.000000 2   4.319060040170E-11  3.120475058904E-11
AR GRAD 2024 06 02 01 06 10.000000 2   3.861071531941E-11  3.895541528243E-11
AR GRAD 2024 06 02 01 06 20.000000 2   3.733120063076E-11  3.607607268474E-11
AR GRAD 2024 06 02 01 06 30.000000 2   3.773143256169E-11  3.124673089716E-11
AR GRAD 2024 06 02 01 06 40.000000 2   4.023930841313E-11  3.717738616960E-11
AR GRAD 2024 06 02 01 06 50.000000 2   3.542499280029E-11  2.508803755019E-11
AR GRAD 2024 06 02 01 07  0.000000 2   3.726850772434E-11  2.312868820076E-11
AR GRAD 2024 06 02 01 07 10.000000 2   3.794700664805E-11  1.132933850900E-11
AR GRAD 2024 06 02 01 07 20.000000 2   3.934239392600E-11  3.064998602142E-11
AR GRAD 2024 06 02 01 07 30.000000 2   4.301026895748E-11  3.071063195415E-11
AR GRAD 2024 06 02 01 07 40.000000 2   3.933548972657E-11  3.185127508964E-11
AR GRAD 2024 06 02 01 07 50.000000 2   3.547665633485E-11  1.120191526344E-11
AR GRAD 2024 06 02 01 08  0.000000 2   3.552617228175E-11  2.921255598531E-11
AR GRAD 2024 06 02 01 08 10.000000 2   3.835567627397E-11  3.208319027115E-11
AR GRAD 2024 06 02 01 08 20.000000 2   3.293550501771E-11  2.832382592355E-11
AR GRAD 2024 06 02 01 08 30.000000 2   3.677719240258E-11  2.814445725086E-11
AR GRAD 2024 06 02 01 08 40.000000 2   4.101538553236E-11  2.839509009867E-11
AR GRAD 2024 06 02 01 08 50.000000 2   3.498544509650E-11  2.655571769428E-11
AR GRAD 2024 06 02 01 09  0.000000 2   3.471903667340E-11  3.188634425944E-11
AR GRAD 2024 06 02 01 09 10.000000 2   3.401288278804E-11  1.073696947324E-11
AR GRAD 2024 06 02 01 09 20.000000 2   2.981486238451E-11  3.425759328990E-11
AR GRAD 2024 06 02 01 09 30.000000 2   3.648386454058E-11  2.712821113582E-11
AR GRAD 2024 06 02 01 09 40.000000 2   3.219599586934E-11  1.855882982016E-11
AR GRAD 2024 06 02 01 09 50.000000 2   2.826422255964E-11  3.032944728698E-11
AR GRAD 2024 06 02 01 10  0.000000 2   2.878812292717E-11  1.986005977728E-11
AR GRAD 2024 06 02 01 10 10.000000 2   2.942406041040E-11  2.524067239940E-11
AR GRAD 2024 06 02 01 10 20.000000 2   2.896125873841E-11  2.112128354159E-11
AR GRAD 2024 06 02 01 10 30.000000 2   3.328000375280E-11  1.879189165388E-11
AR GRAD 2024 06 02 01 10 40.000000 2   2.987479014172E-11  1.668249913211E-11
AR GRAD 2024 06 02 01 10 50.000000 2   2.995055245480E-11  2.333310281100E-11
AR GRAD 2024 06 02 01 11  0.000000 2   2.657249073557E-11  1.444370491266E-11
AR GRAD 2024 06 02 01 11 10.000000 2   2.763508172299E-11  1.229430533073E-11
AR GRAD 2024 06 02 01 11 20.000000 2   3.170639792383E-11  1.553490322492E-11
AR GRAD 2024 06 02 01 11 30.000000 2   2.757319546298E-11  1.904549781773E-11
AR GRAD 2024 06 02 01 11 40.000000 2   1.917777048277E-11  2.028609225047E-11
AR GRAD 2024 06 02 01 11 50.000000 2   2.651792327391E-11  2.552668319777E-11
AR GRAD 2024 06 02 01 12  0.000000 2   2.668220679125E-11  1.139727374977E-11
AR GRAD 2024 06 02 01 12 10.000000 2   2.580094297933E-11  1.398786468598E-11
AR GRAD 2024 06 02 01 12 20.000000 2   2.805434010100E-11  1.371844998710E-11
AR GRAD 2024 06 02 01 12 30.000000 2   2.547457383928E-11  2.296903119092E-11
AR GRAD 2024 06 02 01 12 40.000000 2   2.558293160648E-11  1.022961576558E-11
AR GRAD 2024 06 02 01 12 50.000000 2   2.150014714875E-11  1.804019433838E-11
AR GRAD 2024 06 02 01 13  0.000000 2   2.648117489179E-11  1.688077108652E-11
AR GRAD 2024 06 02 01 13 10.000000 2   1.987587178176E-11  1.998134643855E-11
AR GRAD 2024 06 02 01 13 20.000000 2   2.739795022799E-11  1.357191962981E-11
AR GRAD 2024 06 02 01 13 30.000000 2   2.616178454429E-11  8.722492346458E-12
AR GRAD 2024 06 02 01 13 40.000000 2   2.685538250113E-11  2.933061779564E-12
AR GRAD 2024 06 02 01 13 50.000000 2   2.294050019391E-11  2.562362821923E-11
AR GRAD 2024 06 02 01 14  0.000000 2   2.556737634107E-11  1.216419326378E-11
AR GRAD 2024 06 02 01 14 10.000000 2   2.353966847835E-11  1.854475600860E-11
AR GRAD 2024 06 02 01 14 20.000000 2   2.722100149455E-11  1.009532041296E-11
AR GRAD 2024 06 02 01 14 30.000000 2   2.616747096784E-11  8.165876828892E-12
AR GRAD 2024 06 02 01 14 40.000000 2   2.458490355739E-11  1.232643501159E-11
AR GRAD 2024 06 02 01 14 50.000000 2   2.880005608996E-11  7.036987745984E-12
AR GRAD 2024 06 02 01 15  0.000000 2   2.051127843961E-11  9.987542910761E-12
AR GRAD 2024 06 02 01 15 10.000000 2   2.317166944432E-11  6.288095044660E-12
AR GRAD 2024 06 02 01 15 20.000000 2   1.890950243610E-11  1.599864338231E-11
AR GRAD 2024 06 02 01 15 30.000000 2   1.692053268332E-11  5.029191039313E-12
AR GRAD 2024 06 02 01 15 40.000000 2   2.100224681667E-11 -1.620266312612E-12
AR GRAD 2024 06 02 01 15 50.000000 2   2.262692117005E-11  5.680278296338E-12
AR GRAD 2024 06 02 01 16  0.000000 2   1.815538865080E-11 -3.929180331791E-12
AR GRAD 2024 06 02 01 16 10.000000 2   2.122253935088E-11 -5.778643188958E-12
AR GRAD 2024 06 02 01 16 20.000000 2   1.654464065748E-11  6.061893174925E-12
AR GRAD 2024 06 02 01 16 30.000000 2   1.680279353156E-11 -4.267571539207E-12
AR GRAD 2024 06 02 01 16 40.000000 2   1.886889255953E-11 -3.770362657068E-13
AR GRAD 2024 06 02 01 16 50.000000 2   1.292802063318E-11 -1.177650772038E-11
AR GRAD 2024 06 02 01 17  0.000000 2   1.633499759068E-11  3.824019659954E-12
AR GRAD 2024 06 02 01 17 10.000000 2   1.531916954400E-11 -9.605450983219E-12
AR GRAD 2024 06 02 01 17 20.000000 2   9.077693458037E-12  6.555071589698E-12
AR GRAD 2024 06 02 01 17 30.000000 2   1.244597046951E-11 -8.944404245037E-12
AR GRAD 2024 06 02 01 17 40.000000 2   1.573388641596E-11  9.296114225621E-12
AR GRAD 2024 06 02 01 17 50.000000 2   1.044831755836E-11 -2.413368116461E-12
AR GRAD 2024 06 02 01 18  0.000000 2   7.767356202670E-12 -2.285148693805E-14
AR GRAD 2024 06 02 01 18 10.000000 2   5.946335004253E-12 -4.662337356465E-12
AR GRAD 2024 06 02 01 18 20.000000 2   1.073409677116E-11 -3.618222258264E-13
AR GRAD 2024 06 02 01 18 30.000000 2   3.662846068120E-12 -2.481131793075E-11
AR GRAD 2024 06 02 01 18 40.000000 2   1.023737344896E-11 -7.920804637185E-12
AR GRAD 2024 06 02 01 18 50.000000 2   2.964498221555E-12 -1.140030084223E-11
AR GRAD 2024 06 02 01 19  0.000000 2  -8.194649928246E-13  5.320201744430E-12
AR GRAD 2024 06 02 01 19 10.000000 2   6.331195116782E-12 -4.949295313861E-12
AR GRAD 2024 06 02 01 19 20.000000 2   4.547525984250E-12 -1.780879263502E-11
AR GRAD 2024 06 02 01 19 30.000000 2   3.538510413501E-12 -9.778296228280E-12
AR GRAD 2024 06 02 01 19 40.000000 2   3.455004023763E-13 -9.627801160483E-12
AR GRAD 2024 06 02 01 19 50.000000 2  -4.166844820575E-12 -3.057307879084E-12
AR GRAD 2024 06 02 01 20  0.000000 2  -2.831981882074E-13 -3.466816460643E-12
AR GRAD 2024 06 02 01 20 10.000000 2  -4.981898574230E-12 -4.666324618374E-12
AR GRAD 2024 06 02 01 20 20.000000 2  -1.528232510158E-12 -1.187583538453E-11
AR GRAD 2024 06 02 01 20 30.000000 2  -7.246765037008E-13 -3.239535376065E-11
AR GRAD 2024 06 02 01 20 40.000000 2   2.382485755990E-13 -2.751487059027E-11
AR GRAD 2024 06 02 01 20 50.000000 2  -4.055041892548E-12 -1.378438509170E-11
AR GRAD 2024 06 02 01 21  0.000000 2  -2.203562419339E-12 -1.426390602854E-11
AR GRAD 2024 06 02 01 21 10.000000 2  -3.950506154843E-12 -1.112342683240E-11
AR GRAD 2024 06 02 01 21 20.000000 2  -4.602690624467E-12 -8.829522399681E-13
AR GRAD 2024 06 02 01 21 30.000000 2  -2.351008927468E-12 -2.265248232047E-11
AR GRAD 2024 06 02 01 21 40.000000 2  -4.848943295499E-12  2.847989639260E-12
AR GRAD 2024 06 02 01 21 50.000000 2  -6.718561904734E-12 -1.782154111785E-11
AR GRAD 2024 06 02 01 22  0.000000 2  -2.492745593274E-12 -1.038107447227E-11
AR GRAD 2024 06 02 01 22 10.000000 2  -4.449533623496E-12 -1.349060880368E-11
AR GRAD 2024 06 02 01 22 20.000000 2  -1.074466297185E-11 -1.989014335180E-11
AR GRAD 2024 06 02 01 22 30.000000 2  -9.047178804733E-12 -2.381968407239E-11
AR GRAD 2024 06 02 01 22 40.000000 2  -5.546449150656E-12 -2.589922026841E-11
AR GRAD 2024 06 02 01 22 50.000000 2  -4.856797689717E-12 -2.379876677672E-11
AR GRAD 2024 06 02 01 23  0.000000 2  -4.132456963429E-12 -2.638830993995E-11
AR GRAD 2024 06 02 01 23 10.000000 2  -5.486886986428E-12 -3.739785911505E-11
AR GRAD 2024 06 02 01 23 20.000000 2  -5.595776880057E-12 -1.759740964058E-11
AR GRAD 2024 06 02 01 23 30.000000 2  -6.889984676545E-12 -1.165695838468E-11
AR GRAD 2024 06 02 01 23 40.000000 2  -2.604648918422E-12 -8.856511878041E-12
AR GRAD 2024 06 02 01 23 50.000000 2  -4.602586107377E-12 -2.183606767625E-11
AR GRAD 2024 06 02 01 24  0.000000 2  -1.072457313928E-11 -7.485624099746E-12
AR GRAD 2024 06 02 01 24 10.000000 2  -1.015332349447E-11 -1.423518594668E-11
AR GRAD 2024 06 02 01 24 20.000000 2  -9.186248983717E-12 -2.217474988353E-11
AR GRAD 2024 06 02 01 24 30.000000 2  -1.451547129022E-11 -3.233431231098E-11
AR GRAD 2024 06 02 01 24 40.000000 2  -7.762609999240E-12 -3.269386844584E-11
AR GRAD 2024 06 02 01 24 50.000000 2  -1.337243857313E-11 -4.144343895840E-11
AR GRAD 2024 06 02 01 25  0.000000 2  -1.494288026649E-11 -1.057301208390E-11
AR GRAD 2024 06 02 01 25 10.000000 2  -8.655360282661E-12 -2.180258404372E-11
AR GRAD 2024 06 02 01 25 20.000000 2  -1.370666947997E-11 -3.838215162366E-11
AR GRAD 2024 06 02 01 25 30.000000 2  -1.253874087892E-11 -1.360173172010E-11
AR GRAD 2024 06 02 01 25 40.000000 2  -1.429731680269E-11 -3.336131024212E-11
AR GRAD 2024 06 02 01 25 50.000000 2  -1.685316469713E-11 -9.280891159757E-12
AR GRAD 2024 06 02 01 26  0.000000 2  -1.187088274901E-11 -1.957047024437E-11
AR GRAD 2024 06 02 01 26 10.000000 2  -1.744773769907E-11 -3.259005218470E-11
AR GRAD 2024 06 02 01 26 20.000000 2  -2.002703211601E-11 -4.476963938460E-11
AR GRAD 2024 06 02 01 26 30.000000 2  -1.361084162044E-11 -2.922922667792E-11
AR GRAD 2024 06 02 01 26 40.000000 2  -2.012087371717E-11 -1.511881939087E-11
AR GRAD 2024 06 02 01 26 50.000000 2  -2.334811684268E-11 -3.587840788355E-11
AR GRAD 2024 06 02 01 27  0.000000 2  -2.053106296085E-11 -2.793800434053E-11
AR GRAD 2024 06 02 01 27 10.000000 2  -2.378806526759E-11 -4.191759439554E-11
AR GRAD 2024 06 02 01 27 20.000000 2  -2.516339740744E-11 -1.198720202961E-11
AR GRAD 2024 06 02 01 27 30.000000 2  -2.752790530247E-11 -3.610679810695E-11
AR GRAD 2024 06 02 01 27 40.000000 2  -2.795251530241E-11 -3.237640017195E-11
AR GRAD 2024 06 02 01 27 50.000000 2  -2.550546232549E-11 -1.885600529883E-11
AR GRAD 2024 06 02 01 28  0.000000 2  -2.467814667895E-11 -1.891561733636E-11
AR GRAD 2024 06 02 01 28 10.000000 2  -3.067543788426E-11 -1.394522258086E-11
AR GRAD 2024 06 02 01 28 20.000000 2  -2.796919813808E-11 -3.021483410692E-11
AR GRAD 2024 06 02 01 28 30.000000 2  -2.886193714580E-11 -4.632444428054E-11
AR GRAD 2024 06 02 01 28 40.000000 2  -3.046056462619E-11 -2.824405639923E-11
AR GRAD 2024 06 02 01 28 50.000000 2  -2.801669486685E-11 -3.209367493984E-11
AR GRAD 2024 06 02 01 29  0.000000 2  -3.032780970802E-11 -2.983329555617E-11
AR GRAD 2024 06 02 01 29 10.000000 2  -2.944155336193E-11 -2.876291739506E-11
AR GRAD 2024 06 02 01 29 20.000000 2  -3.172995893808E-11 -3.658253561190E-11
AR GRAD 2024 06 02 01 29 30.000000 2  -2.616908599540E-11 -2.954216385409E-11
AR GRAD 2024 06 02 01 29 40.000000 2  -3.316175112289E-11 -1.834178989246E-11
AR GRAD 2024 06 02 01 29 50.000000 2  -2.660880196736E-11 -4.133141745521E-11
AR GRAD 2024 06 02 01 30  0.000000 2  -3.304148274430E-11 -3.883104948699E-11
AR GRAD 2024 06 02 01 30 10.000000 2  -3.167838213969E-11 -2.320068269446E-11
AR GRAD 2024 06 02 01 30 20.000000 2  -3.038624560303E-11 -3.121031558195E-11
AR GRAD 2024 06 02 01 30 30.000000 2  -3.179978849688E-11 -3.832995032482E-11
AR GRAD 2024 06 02 01 30 40.000000 2  -3.630748479644E-11 -2.274959214066E-11
AR GRAD 2024 06 02 01 30 50.000000 2  -3.004004683893E-11 -3.185923747040E-11
AR GRAD 2024 06 02 01 31  0.000000 2  -3.063495637723E-11 -4.100887684988E-11
AR GRAD 2024 06 02 01 31 10.000000 2  -3.308652310463E-11 -2.903852505676E-11
AR GRAD 2024 06 02 01 31 20.000000 2  -3.535947576405E-11 -4.785817228625E-11
AR GRAD 2024 06 02 01 31 30.000000 2  -3.529946127068E-11 -2.225782058662E-11
AR GRAD 2024 06 02 01 31 40.000000 2  -2.959136755076E-11 -4.389747246258E-11
AR GRAD 2024 06 02 01 31 50.000000 2  -3.295243244938E-11 -3.023711836470E-11
AR GRAD 2024 06 02 01 32  0.000000 2  -3.380738050618E-11 -2.362678455659E-11
AR GRAD 2024 06 02 01 32 10.000000 2  -3.479007359974E-11 -2.682643517049E-11
AR GRAD 2024 06 02 01 32 20.000000 2  -3.428473130396E-11 -3.688609140351E-11
AR GRAD 2024 06 02 01 32 30.000000 2  -3.763011777180E-11 -3.211575796969E-11
AR GRAD 2024 06 02 01 32 40.000000 2  -3.821012950489E-11 -4.173542067498E-11
AR GRAD 2024 06 02 01 32 50.000000 2  -3.780788876417E-11 -3.837509129911E-11
AR GRAD 2024 06 02 01 33  0.000000 2  -3.360162842414E-11 -3.404475312774E-11
AR GRAD 2024 06 02 01 33 10.000000 2  -3.524827305035E-11 -3.386442515296E-11
AR GRAD 2024 06 02 01 33 20.000000 2  -3.846076582215E-11 -5.073409400924E-11
AR GRAD 2024 06 02 01 33 30.000000 2  -3.957822264367E-11 -3.457376746008E-11
AR GRAD 2024 06 02 01 33 40.000000 2  -3.888447203115E-11 -4.076344470305E-11
AR GRAD 2024 06 02 01 33 50.000000 2  -3.412995580598E-11 -2.261312491425E-11
AR GRAD 2024 06 02 01 34  0.000000 2  -4.180435858592E-11 -3.488280150843E-11
AR GRAD 2024 06 02 01 34 10.000000 2  -4.172126533142E-11 -3.349247962303E-11
AR GRAD 2024 06 02 01 34 20.000000 2  -3.477244880923E-11 -3.351216873448E-11
AR GRAD 2024 06 02 01 34 30.000000 2  -4.465474517934E-11 -1.635185736815E-11
AR GRAD 2024 06 02 01 34 40.000000 2  -4.228364533509E-11 -4.953154206233E-11
AR GRAD 2024 06 02 01 34 50.000000 2  -3.922708685655E-11 -2.488122902156E-11
AR GRAD 2024 06 02 01 35  0.000000 2  -4.429111244431E-11 -2.866093126719E-11
AR GRAD 2024 06 02 01 35 10.000000 2  -3.888640451311E-11 -4.716062262933E-11
AR GRAD 2024 06 02 01 35 20.000000 2  -4.418826762831E-11 -4.094031016977E-11
AR GRAD 2024 06 02 01 35 30.000000 2  -4.525897018270E-11 -3.143001484074E-11
AR GRAD 2024 06 02 01 35 40.000000 2  -4.228728478495E-11 -4.158971778079E-11
AR GRAD 2024 06 02 01 35 50.000000 2  -4.554517873956E-11 -2.587941666521E-11
AR GRAD 2024 06 02 01 36  0.000000 2  -4.772207976012E-11 -2.887912131655E-11
AR GRAD 2024 06 02 01 36 10.000000 2  -4.523018071190E-11 -2.806882677675E-11
AR GRAD 2024 06 02 01 36 20.000000 2  -4.085102048301E-11 -4.365853512045E-11
AR GRAD 2024 06 02 01 36 30.000000 2  -4.721159574395E-11 -3.147824362282E-11
AR GRAD 2024 06 02 01 36 40.000000 2  -4.290153302056E-11 -3.133795653532E-11
AR GRAD 2024 06 02 01 36 50.000000 2  -4.281442214649E-11 -3.419767594104E-11
AR GRAD 2024 06 02 01 37  0.000000 2  -4.526161390128E-11 -4.215738869107E-11
AR GRAD 2024 06 02 01 37 10.000000 2  -3.685596966507E-11 -3.717711208329E-11
AR GRAD 2024 06 02 01 37 20.000000 2  -4.957907001613E-11 -4.145683102363E-11
AR GRAD 2024 06 02 01 37 30.000000 2  -4.587946342283E-11 -1.776655732255E-11
AR GRAD 2024 06 02 01 37 40.000000 2  -4.685182103392E-11 -1.981627882619E-11
AR GRAD 2024 06 02 01 37 50.000000 2  -4.541914760958E-11 -4.577600104527E-11
AR GRAD 2024 06 02 01 38  0.000000 2  -4.681424345399E-11 -3.608573162506E-11
AR GRAD 2024 06 02 01 38 10.000000 2  -4.169928985442E-11 -2.970547072212E-11
AR GRAD 2024 06 02 01 38 20.000000 2  -4.725365931879E-11 -3.690519764787E-11
AR GRAD 2024 06 02 01 38 30.000000 2  -4.956689225732E-11 -2.387493848455E-11
AR GRAD 2024 06 02 01 38 40.000000 2  -5.082639864540E-11 -2.117466965657E-11
AR GRAD 2024 06 02 01 38 50.000000 2  -4.532809544378E-11 -3.561441419553E-11
AR GRAD 2024 06 02 01 39  0.000000 2  -4.846483631082E-11 -1.390415473729E-11
AR GRAD 2024 06 02 01 39 10.000000 2  -4.445199416891E-11 -3.431389200559E-11
AR GRAD 2024 06 02 01 39 20.000000 2  -4.396857183897E-11 -3.588364674845E-11
AR GRAD 2024 06 02 01 39 30.000000 2  -4.648205431668E-11 -3.341339011032E-11
AR GRAD 2024 06 02 01 39 40.000000 2  -4.960236041351E-11 -1.702313810747E-11
AR GRAD 2024 06 02 01 39 50.000000 2  -4.443347773053E-11 -3.473288670564E-11
AR GRAD 2024 06 02 01 40  0.000000 2  -4.466693681593E-11 -2.697264286922E-11
AR GRAD 2024 06 02 01 40 10.000000 2  -4.737773715013E-11 -4.239239861925E-11
AR GRAD 2024 06 02 01 40 20.000000 2  -4.484783724945E-11 -1.276215678275E-11
AR GRAD 2024 06 02 01 40 30.000000 2  -4.719800245079E-11 -3.472191631437E-11
AR GRAD 2024 06 02 01 40 40.000000 2  -4.123042879334E-11 -2.372167740017E-11
AR GRAD 2024 06 02 01 40 50.000000 2  -4.614092441457E-11 -1.917144394625E-11
AR GRAD 2024 06 02 01 41  0.000000 2  -4.231682365630E-11 -1.161120765508E-11
AR GRAD 2024 06 02 01 41 10.000000 2  -4.561512972900E-11 -1.499097547486E-11
AR GRAD 2024 06 02 01 41 20.000000 2  -4.474716430725E-11 -1.884074493641E-11
AR GRAD 2024 06 02 01 41 30.000000 2  -4.542692957910E-11 -3.911050996952E-11
AR GRAD 2024 06 02 01 41 40.000000 2  -4.763984345901E-11 -2.438029465812E-11
AR GRAD 2024 06 02 01 41 50.000000 2  -4.368167633162E-11 -2.362006944201E-11
AR GRAD 2024 06 02 01 42  0.000000 2  -4.317596627446E-11 -3.537984488711E-11
AR GRAD 2024 06 02 01 42 10.000000 2  -4.842355683099E-11 -1.938962532200E-11
AR GRAD 2024 06 02 01 42 20.000000 2  -4.258392249934E-11 -3.548941002185E-11
AR GRAD 2024 06 02 01 42 30.000000 2  -4.417130897161E-11 -8.009191400371E-12
AR GRAD 2024 06 02 01 42 40.000000 2  -4.210854928632E-11 -4.005897696890E-11
AR GRAD 2024 06 02 01 42 50.000000 2  -4.279255422235E-11 -2.248768012081E-12
AR GRAD 2024 06 02 01 43  0.000000 2  -4.511841941723E-11 -2.437855473048E-11
AR GRAD 2024 06 02 01 43 10.000000 2  -3.986361241104E-11 -2.919834513060E-11
AR GRAD 2024 06 02 01 43 20.000000 2  -4.319085714077E-11 -2.546814148463E-11
AR GRAD 2024 06 02 01 43 30.000000 2  -4.447921544970E-11 -1.548794079098E-11
AR GRAD 2024 06 02 01 43 40.000000 2  -4.144264445505E-11 -1.281773558820E-11
AR GRAD 2024 06 02 01 43 50.000000 2  -4.411850398900E-11 -1.264753753116E-11
AR GRAD 2024 06 02 01 44  0.000000 2  -4.562802566332E-11 -4.149733334735E-11
AR GRAD 2024 06 02 01 44 10.000000 2  -4.658528424129E-11  3.412853333273E-12
AR GRAD 2024 06 02 01 44 20.000000 2  -3.860487624019E-11 -6.332695479117E-11
AR GRAD 2024 06 02 01 44 30.000000 2  -3.936089995604E-11  2.483238441264E-12
AR GRAD 2024 06 02 01 44 40.000000 2  -4.296660943703E-11 -4.816572054395E-12
AR GRAD 2024 06 02 01 44 50.000000 2  -3.950071519876E-11 -3.608638388108E-11
AR GRAD 2024 06 02 01 45  0.000000 2  -4.390020638678E-11 -2.146620207977E-11
AR GRAD 2024 06 02 01 45 10.000000 2  -4.259184324673E-11 -3.755602079325E-11
AR GRAD 2024 06 02 01 45 20.000000 2  -4.306079798289E-11 -2.395835916810E-12
AR GRAD 2024 06 02 01 45 30.000000 2  -4.456769328587E-11 -2.508565750958E-11
AR GRAD 2024 06 02 01 45 40.000000 2  -4.254410712612E-11 -1.580548018854E-11
AR GRAD 2024 06 02 01 45 50.000000 2  -3.849912749709E-11 -2.441530311259E-11
AR GRAD 2024 06 02 01 46  0.000000 2  -4.075319942620E-11 -1.911513135278E-11
AR GRAD 2024 06 02 01 46 10.000000 2  -4.494198069249E-11 -3.225495565085E-11
AR GRAD 2024 06 02 01 46 20.000000 2  -4.181589449703E-11 -3.164791345656E-12
AR GRAD 2024 06 02 01 46 30.000000 2  -4.094251326858E-11 -1.483462831742E-11
AR GRAD 2024 06 02 01 46 40.000000 2  -4.313445781112E-11 -8.914459448395E-12
AR GRAD 2024 06 02 01 46 50.000000 2  -4.211256690589E-11 -2.048429655066E-11
AR GRAD 2024 06 02 01 47  0.000000 2  -3.874397677683E-11 -1.577414067422E-11
AR GRAD 2024 06 02 01 47 10.000000 2  -4.210236673186E-11 -2.338397704638E-11
AR GRAD 2024 06 02 01 47 20.000000 2  -4.441971096503E-11 -1.157382176209E-11
AR GRAD 2024 06 02 01 47 30.000000 2  -4.145141521694E-11 -1.974366677093E-11
AR GRAD 2024 06 02 01 47 40.000000 2  -4.201687608951E-11 -3.079351010293E-11
AR GRAD 2024 06 02 01 47 50.000000 2  -4.006194334605E-11 -2.539336275975E-11
AR GRAD 2024 06 02 01 48  0.000000 2  -3.735759618317E-11 -1.837321961240E-11
AR GRAD 2024 06 02 01 48 10.000000 2  -4.009611045963E-11 -1.524307069456E-11
AR GRAD 2024 06 02 01 48 20.000000 2  -3.635041573302E-11 -1.506292833520E-11
AR GRAD 2024 06 02 01 48 30.000000 2  -4.180689475164E-11 -1.089278233585E-11
AR GRAD 2024 06 02 01 48 40.000000 2  -3.859011027396E-11 -9.926456358278E-13
AR GRAD 2024 06 02 01 48 50.000000 2  -3.745765850272E-11 -1.504250543571E-11
AR GRAD 2024 06 02 01 49  0.000000 2  -3.534487286183E-11 -2.048237274233E-11
AR GRAD 2024 06 02 01 49 10.000000 2  -4.292144417661E-11 -7.882236530143E-12
AR GRAD 2024 06 02 01 49 20.000000 2  -3.357137831617E-11 -6.222103561548E-12
AR GRAD 2024 06 02 01 49 30.000000 2  -3.841426482465E-11 -2.356197181808E-11
AR GRAD 2024 06 02 01 49 40.000000 2  -3.678531090845E-11 -1.022184507177E-11
AR GRAD 2024 06 02 01 49 50.000000 2  -3.678944995866E-11 -1.724172193907E-11
AR GRAD 2024 06 02 01 50  0.000000 2  -3.524329439397E-11  1.784045459106E-13
AR GRAD 2024 06 02 01 50 10.000000 2  -3.833205280968E-11 -8.511476246031E-12
AR GRAD 2024 06 02 01 50 20.000000 2  -3.627521893979E-11 -1.203135681360E-11
AR GRAD 2024 06 02 01 50 30.000000 2  -3.470058268507E-11 -1.959124008855E-11
AR GRAD 2024 06 02 01 50 40.000000 2  -3.876248974577E-11 -1.338111999677E-11
AR GRAD 2024 06 02 01 50 50.000000 2  -3.448170568521E-11 -6.371006586875E-12
AR GRAD 2024 06 02 01 51  0.000000 2  -3.461764208623E-11 -7.640897463357E-12
AR GRAD 2024 06 02 01 51 10.000000 2  -3.760186953472E-11  1.792119919261E-13
AR GRAD 2024 06 02 01 51 20.000000 2  -3.571011195080E-11 -1.326067814583E-11
AR GRAD 2024 06 02 01 51 30.000000 2  -3.274207641124E-11 -1.090575112855E-12
AR GRAD 2024 06 02 01 51 40.000000 2  -3.603264908669E-11 -1.696047122191E-11
AR GRAD 2024 06 02 01 51 50.000000 2  -3.634228681881E-11  1.939631398204E-12
AR GRAD 2024 06 02 01 52  0.000000 2  -3.771706905131E-11 -1.830269226108E-12
AR GRAD 2024 06 02 01 52 10.000000 2  -3.397810852124E-11 -2.317017758213E-11
AR GRAD 2024 06 02 01 52 20.000000 2  -3.659846731230E-11  3.969920746305E-12
AR GRAD 2024 06 02 01 52 30.000000 2  -3.709985096911E-11  8.200145749059E-13
AR GRAD 2024 06 02 01 52 40.000000 2  -3.552396571349E-11 -8.369894187454E-12
AR GRAD 2024 06 02 01 52 50.000000 2  -3.245093083137E-11 -2.556980321922E-11
AR GRAD 2024 06 02 01 53  0.000000 2  -3.148295860123E-11 -7.579716368444E-12
AR GRAD 2024 06 02 01 53 10.000000 2  -3.399003994931E-11  7.790366442217E-12
AR GRAD 2024 06 02 01 53 20.000000 2  -3.372610871133E-11 -2.549955212261E-11
AR GRAD 2024 06 02 01 53 30.000000 2  -3.392766970145E-11  7.053072589944E-14
AR GRAD 2024 06 02 01 53 40.000000 2  -2.967843332202E-11 -8.599391164432E-12
AR GRAD 2024 06 02 01 53 50.000000 2  -2.916851135626E-11  8.390688317761E-12
AR GRAD 2024 06 02 01 54  0.000000 2  -3.266595327567E-11 -1.184923600211E-11
AR GRAD 2024 06 02 01 54 10.000000 2  -3.380532312414E-11  1.061083686194E-11
AR GRAD 2024 06 02 01 54 20.000000 2  -2.981208335751E-11 -3.909321325858E-14
AR GRAD 2024 06 02 01 54 30.000000 2  -3.641466989057E-11 -2.354902210733E-11
AR GRAD 2024 06 02 01 54 40.000000 2  -3.259366040953E-11  1.059104106499E-11
AR GRAD 2024 06 02 01 54 50.000000 2  -3.047773838860E-11 -2.968889717403E-11
AR GRAD 2024 06 02 01 55  0.000000 2  -3.383421320891E-11  1.906116930961E-11
AR GRAD 2024 06 02 01 55 10.000000 2  -3.485175689710E-11  1.429122792329E-11
AR GRAD 2024 06 02 01 55 20.000000 2  -3.011489668747E-11  4.151283917314E-12
AR GRAD 2024 06 02 01 55 30.000000 2  -3.285576324896E-11 -1.220865596119E-11
AR GRAD 2024 06 02 01 55 40.000000 2  -2.983685520874E-11  1.208139664699E-11
AR GRAD 2024 06 02 01 55 50.000000 2  -3.009948193466E-11 -1.988552551790E-12
AR GRAD 2024 06 02 01 56  0.000000 2  -2.973564103281E-11 -1.128498228024E-12
AR GRAD 2024 06 02 01 56 10.000000 2  -2.998138542987E-11  3.256154720854E-11
AR GRAD 2024 06 02 01 56 20.000000 2  -2.788456618386E-11 -9.118403948571E-12
AR GRAD 2024 06 02 01 56 30.000000 2  -2.858029438113E-11 -1.449836084522E-11
AR GRAD 2024 06 02 01 56 40.000000 2  -3.167329939990E-11  7.701678704508E-12
AR GRAD 2024 06 02 01 56 50.000000 2  -2.482701891293E-11 -1.123827766958E-11
AR GRAD 2024 06 02 01 57  0.000000 2  -3.149766905630E-11  1.981175813681E-11
AR GRAD 2024 06 02 01 57 10.000000 2  -2.536128078379E-11  1.028179538037E-11
AR GRAD 2024 06 02 01 57 20.000000 2  -3.492021602436E-11  9.601828880601E-12
AR GRAD 2024 06 02 01 57 30.000000 2  -2.765312631658E-11 -1.062813899388E-11
AR GRAD 2024 06 02 01 57 40.000000 2  -2.735450754798E-11  8.521889791058E-12
AR GRAD 2024 06 02 01 57 50.000000 2  -2.350621607083E-11 -2.018084484245E-12
AR GRAD 2024 06 02 01 58  0.000000 2  -2.672760276989E-11  2.443194084545E-11
AR GRAD 2024 06 02 01 58 10.000000 2  -2.734239223923E-11 -8.680356238487E-13
AR GRAD 2024 06 02 01 58 20.000000 2  -2.315617662896E-11  2.979198832076E-11
AR GRAD 2024 06 02 01 58 30.000000 2  -2.582738363455E-11  4.892009540514E-12
AR GRAD 2024 06 02 01 58 40.000000 2  -2.758504535905E-11 -5.357977082843E-12
AR GRAD 2024 06 02 01 58 50.000000 2  -2.328049211742E-11 -1.796042393314E-14
AR GRAD 2024 06 02 01 59  0.000000 2  -2.372210240742E-11  9.002051708229E-12
AR GRAD 2024 06 02 01 59 10.000000 2  -2.674489449350E-11  1.752206366112E-11
AR GRAD 2024 06 02 01 59 20.000000 2  -1.925136092207E-11 -2.192792475375E-11
AR GRAD 2024 06 02 01 59 30.000000 2  -2.602066132007E-11  1.283208261871E-11
AR GRAD 2024 06 02 01 59 40.000000 2  -2.160883451341E-11  8.522086682172E-12
AR GRAD 2024 06 02 01 59 50.000000 2  -2.259816639372E-11  2.556209063864E-11
AR GRAD 2024 06 02 02 00  0.000000 2  -2.320996173033E-11  9.402091084854E-12
AR GRAD 2024 06 02 02 00 10.000000 2  -1.986834308187E-11  1.231209231789E-11
AR GRAD 2024 06 02 02 00 20.000000 2  -2.297825124620E-11  1.420208829012E-11
AR GRAD 2024 06 02 02 00 30.000000 2  -2.344296458345E-11  9.542083269365E-12
AR GRAD 2024 06 02 02 00 40.000000 2  -2.195120127335E-11  3.720207822355E-11
AR GRAD 2024 06 02 02 00 50.000000 2  -1.672737642844E-11 -4.607932958811E-12
AR GRAD 2024 06 02 02 01  0.000000 2  -2.009079708154E-11 -2.707944545682E-12
AR GRAD 2024 06 02 02 01 10.000000 2  -1.268347493005E-11 -5.679577359634E-13
AR GRAD 2024 06 02 02 01 20.000000 2  -2.211402415353E-11  2.217202810240E-11
AR GRAD 2024 06 02 02 01 30.000000 2  -1.598542999359E-11 -7.017990789199E-12
AR GRAD 2024 06 02 02 01 40.000000 2  -1.551706159397E-11  1.991991857922E-12
AR GRAD 2024 06 02 02 01 50.000000 2  -1.769842605803E-11 -6.680313312073E-13
AR GRAD 2024 06 02 02 02  0.000000 2  -1.599285981424E-11  5.931947641424E-12
AR GRAD 2024 06 02 02 02 10.000000 2  -1.431522782258E-11 -4.468077817454E-12
AR GRAD 2024 06 02 02 02 20.000000 2  -2.012402224028E-11  2.438189407317E-11
AR GRAD 2024 06 02 02 02 30.000000 2  -1.339014836510E-11  3.460186304149E-11
AR GRAD 2024 06 02 02 02 40.000000 2  -1.664648453803E-11  2.431183206142E-11
AR GRAD 2024 06 02 02 02 50.000000 2  -2.108901421549E-11  5.931801057291E-12
AR GRAD 2024 06 02 02 03  0.000000 2  -1.623644621529E-11  1.738176269583E-11
AR GRAD 2024 06 02 02 03 10.000000 2  -1.428622151134E-11  1.135172424810E-11
AR GRAD 2024 06 02 02 03 20.000000 2  -1.088468811611E-11  1.041168627008E-11
AR GRAD 2024 06 02 02 03 30.000000 2  -1.599947778430E-11  5.128164559665E-11
AR GRAD 2024 06 02 02 03 40.000000 2  -1.578374063393E-11  2.468160051339E-11
AR GRAD 2024 06 02 02 03 50.000000 2  -1.486554629393E-11  2.958155595478E-11
AR GRAD 2024 06 02 02 04  0.000000 2  -1.643110474070E-11  1.281505283834E-12
AR GRAD 2024 06 02 02 04 10.000000 2  -1.424519183169E-11  1.886145579999E-11
AR GRAD 2024 06 02 02 04 20.000000 2  -1.045860533594E-11  2.458140288542E-11
AR GRAD 2024 06 02 02 04 30.000000 2  -1.555519428542E-11  2.249134906096E-11
AR GRAD 2024 06 02 02 04 40.000000 2  -1.108652752935E-11  2.707129312385E-11
AR GRAD 2024 06 02 02 04 50.000000 2  -1.575500493955E-11  1.733123540515E-11
AR GRAD 2024 06 02 02 05  0.000000 2  -1.117580680776E-11  1.555117666585E-11
AR GRAD 2024 06 02 02 05 10.000000 2  -1.438568101447E-11  2.146111413581E-11
AR GRAD 2024 06 02 02 05 20.000000 2  -1.223304877535E-11  2.148104957800E-11
AR GRAD 2024 06 02 02 05 30.000000 2  -1.615268856170E-11  1.286098484654E-11
AR GRAD 2024 06 02 02 05 40.000000 2  -1.411821354269E-11  4.452091473262E-11
AR GRAD 2024 06 02 02 05 50.000000 2  -1.123051217994E-11  2.653084522908E-11
AR GRAD 2024 06 02 02 06  0.000000 2  -2.971652438011E-12  1.714077144110E-11
AR GRAD 2024 06 02 02 06 10.000000 2  -1.269762246736E-11 -7.359302403587E-12
AR GRAD 2024 06 02 02 06 20.000000 2  -1.130616607281E-11  4.150062238306E-11
AR GRAD 2024 06 02 02 06 30.000000 2  -9.342303840254E-12  2.690054255738E-11
AR GRAD 2024 06 02 02 06 40.000000 2  -6.456093906010E-12  2.014046047993E-11
AR GRAD 2024 06 02 02 06 50.000000 2  -9.859156893666E-12  3.407037846292E-11
AR GRAD 2024 06 02 02 07  0.000000 2  -6.247516826791E-12  8.350297016346E-12
AR GRAD 2024 06 02 02 07 10.000000 2  -6.203705951724E-12  2.921020716973E-11
AR GRAD 2024 06 02 02 07 20.000000 2  -9.667392754376E-12  1.452011948178E-11
AR GRAD 2024 06 02 02 07 30.000000 2  -3.547074743301E-12  1.602002731860E-11
AR GRAD 2024 06 02 02 07 40.000000 2  -5.864090029534E-12  2.477993504835E-11
AR GRAD 2024 06 02 02 07 50.000000 2  -8.382148274089E-12  3.042984267343E-11
AR GRAD 2024 06 02 02 08  0.000000 2  -3.662235011775E-12  2.437974301606E-11
AR GRAD 2024 06 02 02 08 10.000000 2  -3.939835437061E-12  2.613964426856E-11
AR GRAD 2024 06 02 02 08 20.000000 2  -4.861742952667E-12  2.459954288880E-11
AR GRAD 2024 06 02 02 08 30.000000 2  -3.529140738326E-12  2.689944100798E-11
AR GRAD 2024 06 02 02 08 40.000000 2  -5.712200677743E-12  2.124933388969E-11
AR GRAD 2024 06 02 02 08 50.000000 2  -2.874812367326E-12  2.626922811222E-11
AR GRAD 2024 06 02 02 09  0.000000 2  -8.019714991918E-13  2.102911768331E-11
AR GRAD 2024 06 02 02 09 10.000000 2  -3.014767905804E-12  1.954900824552E-11
AR GRAD 2024 06 02 02 09 20.000000 2  -5.449760000914E-12  8.478893802344E-12
AR GRAD 2024 06 02 02 09 30.000000 2  -4.051638365088E-12  2.518877814661E-11
AR GRAD 2024 06 02 02 09 40.000000 2   1.306215660808E-12  3.856866215290E-11
AR GRAD 2024 06 02 02 09 50.000000 2  -2.763272249906E-12  1.754854248026E-11
AR GRAD 2024 06 02 02 10  0.000000 2   9.846920371107E-13  4.581842197315E-11
AR GRAD 2024 06 02 02 10 10.000000 2  -5.144926151779E-12  2.299829597596E-11
AR GRAD 2024 06 02 02 10 20.000000 2  -2.356290293090E-12  2.176817059940E-11
AR GRAD 2024 06 02 02 10 30.000000 2   3.466013717354E-12  2.570804333302E-11
AR GRAD 2024 06 02 02 10 40.000000 2  -4.459319632305E-12  3.103791529346E-11
AR GRAD 2024 06 02 02 10 50.000000 2  -2.489523344418E-12  3.572778531358E-11
AR GRAD 2024 06 02 02 11  0.000000 2  -4.956542446442E-13  2.795764834918E-11
AR GRAD 2024 06 02 02 11 10.000000 2   6.357976211485E-12  3.959751623817E-11
AR GRAD 2024 06 02 02 11 20.000000 2  -5.117066709595E-13  2.792737395507E-11
AR GRAD 2024 06 02 02 11 30.000000 2   2.696100287469E-12  2.591723537171E-11
AR GRAD 2024 06 02 02 11 40.000000 2   2.447208451509E-12  2.875709219363E-11
AR GRAD 2024 06 02 02 11 50.000000 2   3.764248895227E-12  1.775694868922E-11
AR GRAD 2024 06 02 02 12  0.000000 2  -1.062805008931E-12  4.705680289874E-11
AR GRAD 2024 06 02 02 12 10.000000 2   9.298317324435E-13  7.626655383619E-12
AR GRAD 2024 06 02 02 12 20.000000 2   6.631412541487E-13  4.306650869257E-11
AR GRAD 2024 06 02 02 12 30.000000 2   2.946089119188E-12  2.649635198748E-11
AR GRAD 2024 06 02 02 12 40.000000 2   1.854478159577E-12  3.915619911643E-11
AR GRAD 2024 06 02 02 12 50.000000 2   7.032047470365E-13  3.245604132673E-11
AR GRAD 2024 06 02 02 13  0.000000 2  -2.968662208419E-12  3.535588488646E-11
AR GRAD 2024 06 02 02 13 10.000000 2   2.367549082130E-12  1.662572336747E-11
AR GRAD 2024 06 02 02 13 20.000000 2  -1.306967880275E-12  4.336556114204E-11
AR GRAD 2024 06 02 02 13 30.000000 2   3.338552524712E-12  2.101539775534E-11
AR GRAD 2024 06 02 02 13 40.000000 2   2.395415680048E-12  3.209523272152E-11
AR GRAD 2024 06 02 02 13 50.000000 2   4.945038736132E-12  3.762506278759E-11
AR GRAD 2024 06 02 02 14  0.000000 2  -1.656841113959E-12  1.469489287198E-11
AR GRAD 2024 06 02 02 14 10.000000 2   1.505026138438E-12  4.495472050170E-11
AR GRAD 2024 06 02 02 14 20.000000 2  -4.273222671981E-13  3.217454427884E-11
AR GRAD 2024 06 02 02 14 30.000000 2   4.065366099315E-12  2.660436801416E-11
AR GRAD 2024 06 02 02 14 40.000000 2   5.193922548996E-12  3.972418921583E-11
AR GRAD 2024 06 02 02 14 50.000000 2   2.621776060141E-12  3.314400837118E-11
AR GRAD 2024 06 02 02 15  0.000000 2   6.100724092573E-12  2.591382490535E-11
AR GRAD 2024 06 02 02 15 10.000000 2   5.113664266337E-12  3.299364254028E-11
AR GRAD 2024 06 02 02 15 20.000000 2   6.492298885996E-12  4.383345422743E-11
AR GRAD 2024 06 02 02 15 30.000000 2   3.364904709036E-12  2.892326482484E-11
AR GRAD 2024 06 02 02 15 40.000000 2   6.156832422360E-12  4.568307537811E-11
AR GRAD 2024 06 02 02 15 50.000000 2   7.643294851201E-12  4.256288377302E-11
AR GRAD 2024 06 02 02 16  0.000000 2   3.298759486056E-12  2.049268567339E-11
AR GRAD 2024 06 02 02 16 10.000000 2   5.590419186602E-12  2.072248796170E-11
AR GRAD 2024 06 02 02 16 20.000000 2   6.681929749092E-12  2.959229042365E-11
AR GRAD 2024 06 02 02 16 30.000000 2   6.229630093030E-12  4.026208880181E-11
AR GRAD 2024 06 02 02 16 40.000000 2   7.663650963829E-12  4.017188665051E-11
AR GRAD 2024 06 02 02 16 50.000000 2   7.649166890167E-12  4.715168186453E-11
AR GRAD 2024 06 02 02 17  0.000000 2   6.688134421284E-12  2.051147099391E-11
AR GRAD 2024 06 02 02 17 10.000000 2   9.743206241808E-12  4.764126246282E-11
AR GRAD 2024 06 02 02 17 20.000000 2   1.094505909516E-11  3.211105339962E-11
AR GRAD 2024 06 02 02 17 30.000000 2   1.099563929491E-11  3.298084028103E-11
AR GRAD 2024 06 02 02 17 40.000000 2   7.467842316755E-12  3.211062318820E-11
AR GRAD 2024 06 02 02 17 50.000000 2   7.610548476145E-12  4.623040839036E-11
AR GRAD 2024 06 02 02 18  0.000000 2   1.027110688168E-11  3.912018625707E-11
AR GRAD 2024 06 02 02 18 10.000000 2   1.302497259353E-11  1.643996223877E-11
AR GRAD 2024 06 02 02 18 20.000000 2   6.034258162591E-12  4.143974399740E-11
AR GRAD 2024 06 02 02 18 30.000000 2   1.162235932495E-11  4.772951478493E-11
AR GRAD 2024 06 02 02 18 40.000000 2   1.200350669556E-11  3.071928822429E-11
AR GRAD 2024 06 02 02 18 50.000000 2   9.356267496874E-12  4.328905983675E-11
AR GRAD 2024 06 02 02 19  0.000000 2   1.403000025185E-11  3.041882717936E-11
AR GRAD 2024 06 02 02 19 10.000000 2   7.005489504469E-12  4.327859251529E-11
AR GRAD 2024 06 02 02 19 20.000000 2   1.164560201744E-11  2.541835492087E-11
AR GRAD 2024 06 02 02 19 30.000000 2   1.193087729306E-11  4.809811576800E-11
AR GRAD 2024 06 02 02 19 40.000000 2   1.903055664443E-11  3.731787795447E-11
AR GRAD 2024 06 02 02 19 50.000000 2   1.301016152450E-11  3.527763844935E-11
AR GRAD 2024 06 02 02 20  0.000000 2   9.830360483964E-12  3.793739281055E-11
AR GRAD 2024 06 02 02 20 10.000000 2   1.241624338066E-11  4.211714657587E-11
AR GRAD 2024 06 02 02 20 20.000000 2   1.636061078281E-11  3.625689679043E-11
AR GRAD 2024 06 02 02 20 30.000000 2   1.590222051262E-11  4.023664387787E-11
AR GRAD 2024 06 02 02 20 40.000000 2   1.493003116970E-11  2.680639391017E-11
AR GRAD 2024 06 02 02 20 50.000000 2   1.511737957038E-11  4.768613975914E-11
AR GRAD 2024 06 02 02 21  0.000000 2   1.719130740541E-11  5.417588599954E-11
AR GRAD 2024 06 02 02 21 10.000000 2   1.729672481632E-11  3.844562515565E-11
AR GRAD 2024 06 02 02 21 20.000000 2   1.131981661184E-11  2.632536376390E-11
AR GRAD 2024 06 02 02 21 30.000000 2   1.322284382682E-11  4.870510245114E-11
AR GRAD 2024 06 02 02 21 40.000000 2   1.824840278886E-11  2.397483600536E-11
AR GRAD 2024 06 02 02 21 50.000000 2   1.242166959570E-11  3.001457068996E-11
AR GRAD 2024 06 02 02 22  0.000000 2   1.986676621824E-11  3.756430236312E-11
AR GRAD 2024 06 02 02 22 10.000000 2   1.694744691805E-11  2.267402932077E-11
AR GRAD 2024 06 02 02 22 20.000000 2   1.038173106510E-11  2.655375745675E-11
AR GRAD 2024 06 02 02 22 30.000000 2   1.364966993600E-11  5.558348226131E-11
AR GRAD 2024 06 02 02 22 40.000000 2   1.478596411975E-11  4.720320662122E-11
AR GRAD 2024 06 02 02 22 50.000000 2   1.911570034208E-11  3.531292966374E-11
AR GRAD 2024 06 02 02 23  0.000000 2   1.854694176018E-11  3.129264902757E-11
AR GRAD 2024 06 02 02 23 10.000000 2   1.994440723685E-11  3.599236533813E-11
AR GRAD 2024 06 02 02 23 20.000000 2   1.611740775564E-11  2.915208005549E-11
AR GRAD 2024 06 02 02 23 30.000000 2   1.626803206034E-11  5.604179273422E-11
AR GRAD 2024 06 02 02 23 40.000000 2   1.272341433600E-11  4.124150326801E-11
AR GRAD 2024 06 02 02 23 50.000000 2   1.398637716060E-11  4.992121299674E-11
AR GRAD 2024 06 02 02 24  0.000000 2   2.136183070711E-11  4.274091844336E-11
AR GRAD 2024 06 02 02 24 10.000000 2   2.348838658295E-11  4.346062398852E-11
AR GRAD 2024 06 02 02 24 20.000000 2   2.153158380758E-11  4.963032415595E-11
AR GRAD 2024 06 02 02 24 30.000000 2   2.304387236585E-11  2.841002606779E-11
AR GRAD 2024 06 02 02 24 40.000000 2   2.155656035618E-11  4.981972473450E-11
AR GRAD 2024 06 02 02 24 50.000000 2   1.268148173278E-11  3.113942090294E-11
AR GRAD 2024 06 02 02 25  0.000000 2   2.186733780163E-11  4.868911523959E-11
AR GRAD 2024 06 02 02 25 10.000000 2   1.860989140567E-11  3.389881084170E-11
AR GRAD 2024 06 02 02 25 20.000000 2   1.990767446725E-11  4.055850100215E-11
AR GRAD 2024 06 02 02 25 30.000000 2   1.657000578414E-11  3.716818866573E-11
AR GRAD 2024 06 02 02 25 40.000000 2   1.530625799717E-11  3.806787524097E-11
AR GRAD 2024 06 02 02 25 50.000000 2   1.668259801135E-11  4.195755895497E-11
AR GRAD 2024 06 02 02 26  0.000000 2   2.336639562395E-11  3.835724099455E-11
AR GRAD 2024 06 02 02 26 10.000000 2   1.952569182728E-11  4.193692268450E-11
AR GRAD 2024 06 02 02 26 20.000000 2   2.313409533383E-11  3.976659973537E-11
AR GRAD 2024 06 02 02 26 30.000000 2   2.184112959935E-11  4.574627829323E-11
AR GRAD 2024 06 02 02 26 40.000000 2   2.325058721941E-11  3.392594885576E-11
AR GRAD 2024 06 02 02 26 50.000000 2   2.126866564811E-11  2.905562075661E-11
AR GRAD 2024 06 02 02 27  0.000000 2   2.582946877216E-11  2.210529155555E-11
AR GRAD 2024 06 02 02 27 10.000000 2   1.948613666258E-11  2.837495863273E-11
AR GRAD 2024 06 02 02 27 20.000000 2   2.841028627631E-11  3.323462685612E-11
AR GRAD 2024 06 02 02 27 30.000000 2   2.399039474021E-11  4.382429141803E-11
AR GRAD 2024 06 02 02 27 40.000000 2   2.139971186366E-11  3.868395187512E-11
AR GRAD 2024 06 02 02 27 50.000000 2   1.927198851892E-11  2.541361045216E-11
AR GRAD 2024 06 02 02 28  0.000000 2   2.293829882982E-11  5.421326929045E-11
AR GRAD 2024 06 02 02 28 10.000000 2   2.660130622723E-11  4.037292722359E-11
AR GRAD 2024 06 02 02 28 20.000000 2   2.385300637564E-11  4.423257940478E-11
AR GRAD 2024 06 02 02 28 30.000000 2   2.325321185603E-11  3.790222996569E-11
AR GRAD 2024 06 02 02 28 40.000000 2   2.202897066150E-11  4.883187951221E-11
AR GRAD 2024 06 02 02 28 50.000000 2   2.127526280149E-11  5.895152421775E-11
AR GRAD 2024 06 02 02 29  0.000000 2   2.306294044629E-11  2.758117172152E-11
AR GRAD 2024 06 02 02 29 10.000000 2   2.121936133748E-11  3.125081790567E-11
AR GRAD 2024 06 02 02 29 20.000000 2   2.944783306091E-11  4.486045909746E-11
AR GRAD 2024 06 02 02 29 30.000000 2   2.284986089229E-11  2.412009654507E-11
AR GRAD 2024 06 02 02 29 40.000000 2   2.236436036362E-11  4.413973353490E-11
AR GRAD 2024 06 02 02 29 50.000000 2   1.940446761606E-11  2.867936790829E-11
AR GRAD 2024 06 02 02 30  0.000000 2   2.549890680548E-11  2.664900071447E-11
AR GRAD 2024 06 02 02 30 10.000000 2   2.331958064150E-11  4.100863398859E-11
AR GRAD 2024 06 02 02 30 20.000000 2   2.687971546733E-11  4.020826380180E-11
AR GRAD 2024 06 02 02 30 30.000000 2   2.361996709332E-11  4.811789161563E-11
AR GRAD 2024 06 02 02 30 40.000000 2   3.072725060504E-11  3.407751511530E-11
AR GRAD 2024 06 02 02 30 50.000000 2   2.211255657747E-11  2.560713793787E-11
AR GRAD 2024 06 02 02 31  0.000000 2   2.659369426061E-11  3.457675812335E-11
AR GRAD 2024 06 02 02 31 10.000000 2   2.527581789702E-11  3.595637676490E-11
AR GRAD 2024 06 02 02 31 20.000000 2   2.421972691846E-11  4.339599513070E-11
AR GRAD 2024 06 02 02 31 30.000000 2   2.124569097040E-11  4.864561184426E-11
AR GRAD 2024 06 02 02 31 40.000000 2   2.120995393207E-11  4.344521964406E-11
AR GRAD 2024 06 02 02 31 50.000000 2   1.994280782180E-11  6.029483162751E-11
AR GRAD 2024 06 02 02 32  0.000000 2   2.881985622372E-11  3.286444380524E-11
AR GRAD 2024 06 02 02 32 10.000000 2   2.502702906026E-11  5.768404851003E-11
AR GRAD 2024 06 02 02 32 20.000000 2   2.841939877873E-11  3.603365522631E-11
AR GRAD 2024 06 02 02 32 30.000000 2   2.726295404709E-11  2.859325276550E-11
AR GRAD 2024 06 02 02 32 40.000000 2   2.539206171714E-11  4.264285452527E-11
AR GRAD 2024 06 02 02 32 50.000000 2   2.482982396079E-11  5.734245370204E-11
AR GRAD 2024 06 02 02 33  0.000000 2   3.119151117947E-11  2.990205305586E-11
AR GRAD 2024 06 02 02 33 10.000000 2   2.664511493389E-11  4.182164337063E-11
AR GRAD 2024 06 02 02 33 20.000000 2   2.521378592024E-11  2.723123636306E-11
AR GRAD 2024 06 02 02 33 30.000000 2   2.605367484254E-11  3.655082833620E-11
AR GRAD 2024 06 02 02 33 40.000000 2   2.287143738289E-11  4.110041820771E-11
AR GRAD 2024 06 02 02 33 50.000000 2   2.923245673303E-11  5.060000335400E-11
AR GRAD 2024 06 02 02 34  0.000000 2   2.627198805727E-11  4.734958605757E-11
AR GRAD 2024 06 02 02 34 10.000000 2   2.472210110238E-11  3.985916804949E-11
AR GRAD 2024 06 02 02 34 20.000000 2   2.997349590750E-11  2.821874851844E-11
AR GRAD 2024 06 02 02 34 30.000000 2   3.093482414673E-11  4.980832760126E-11
AR GRAD 2024 06 02 02 34 40.000000 2   2.646396816963E-11  4.297790595631E-11
AR GRAD 2024 06 02 02 34 50.000000 2   2.495221217147E-11  4.323747956891E-11
AR GRAD 2024 06 02 02 35  0.000000 2   2.500899314029E-11  5.272704842185E-11
AR GRAD 2024 06 02 02 35 10.000000 2   2.471360789624E-11  4.416661827933E-11
AR GRAD 2024 06 02 02 35 20.000000 2   2.645722876893E-11  2.932618731188E-11
AR GRAD 2024 06 02 02 35 30.000000 2   2.368474166792E-11  5.498575206264E-11
AR GRAD 2024 06 02 02 35 40.000000 2   2.959287329074E-11  1.720531529747E-11
AR GRAD 2024 06 02 02 35 50.000000 2   2.791630815402E-11  5.591487689527E-11
AR GRAD 2024 06 02 02 36  0.000000 2   2.492350423267E-11  4.624443883383E-11
AR GRAD 2024 06 02 02 36 10.000000 2   2.291720285763E-11  3.827399161493E-11
AR GRAD 2024 06 02 02 36 20.000000 2   2.579664259983E-11  4.758355168222E-11
AR GRAD 2024 06 02 02 36 30.000000 2   2.688728580058E-11  3.778310303515E-11
AR GRAD 2024 06 02 02 36 40.000000 2   2.667637812037E-11  2.778265464909E-11
AR GRAD 2024 06 02 02 36 50.000000 2   2.625652646693E-11  3.954220284541E-11
AR GRAD 2024 06 02 02 37  0.000000 2   2.370087286152E-11  5.180175385866E-11
AR GRAD 2024 06 02 02 37 10.000000 2   2.998132644927E-11  4.786129825796E-11
AR GRAD 2024 06 02 02 37 20.000000 2   2.710197691269E-11  4.156084157381E-11
AR GRAD 2024 06 02 02 37 30.000000 2   3.162162892645E-11  4.153038329902E-11
AR GRAD 2024 06 02 02 37 40.000000 2   2.711369150032E-11  3.250992183790E-11
AR GRAD 2024 06 02 02 37 50.000000 2   2.626299351605E-11  2.820945733950E-11
AR GRAD 2024 06 02 02 38  0.000000 2   2.186215618261E-11  1.515899038240E-11
AR GRAD 2024 06 02 02 38 10.000000 2   2.887916294991E-11  3.118852398565E-11
AR GRAD 2024 06 02 02 38 20.000000 2   2.456520577232E-11  3.950806001796E-11
AR GRAD 2024 06 02 02 38 30.000000 2   2.859599189386E-11  3.968758655049E-11
AR GRAD 2024 06 02 02 38 40.000000 2   2.877448453120E-11  2.318711195270E-11
AR GRAD 2024 06 02 02 38 50.000000 2   2.722143864486E-11  2.110663727128E-11
AR GRAD 2024 06 02 02 39  0.000000 2   2.570951784797E-11  4.113616045021E-11
AR GRAD 2024 06 02 02 39 10.000000 2   2.541366769804E-11  3.419568100904E-11
AR GRAD 2024 06 02 02 39 20.000000 2   2.822980391115E-11  3.628520053867E-11
AR GRAD 2024 06 02 02 39 30.000000 2   2.445822017139E-11  4.221471783250E-11
AR GRAD 2024 06 02 02 39 40.000000 2   2.693745053406E-11  4.434422967714E-11
AR GRAD 2024 06 02 02 39 50.000000 2   2.509582992805E-11  3.226374375997E-11
AR GRAD 2024 06 02 02 40  0.000000 2   1.677563990499E-11  4.056325414448E-11
AR GRAD 2024 06 02 02 40 10.000000 2   2.288790337812E-11  4.888276242121E-11
AR GRAD 2024 06 02 02 40 20.000000 2   2.218979167079E-11  3.099227124936E-11
AR GRAD 2024 06 02 02 40 30.000000 2   2.530280325541E-11  5.636177635715E-11
AR GRAD 2024 06 02 02 40 40.000000 2   2.568738971531E-11  4.672127615346E-11
AR GRAD 2024 06 02 02 40 50.000000 2   2.620700531586E-11  2.749077528119E-11
AR GRAD 2024 06 02 02 41  0.000000 2   2.093995983554E-11  2.747027258443E-11
AR GRAD 2024 06 02 02 41 10.000000 2   1.945484225108E-11  4.931977048983E-11
AR GRAD 2024 06 02 02 41 20.000000 2   1.917460808187E-11  4.848926815626E-11
AR GRAD 2024 06 02 02 41 30.000000 2   2.382143787782E-11  2.600875764758E-11
AR GRAD 2024 06 02 02 41 40.000000 2   2.304476748316E-11  2.037824596568E-11
AR GRAD 2024 06 02 02 41 50.000000 2   2.009493613175E-11  3.457773650739E-11
AR GRAD 2024 06 02 02 42  0.000000 2   1.987765681222E-11  2.359722139911E-11
AR GRAD 2024 06 02 02 42 10.000000 2   1.529306715986E-11  2.628670371652E-11
AR GRAD 2024 06 02 02 42 20.000000 2   2.285777296607E-11  1.978618831278E-11
AR GRAD 2024 06 02 02 42 30.000000 2   2.060586597186E-11  7.175668479548E-12
AR GRAD 2024 06 02 02 42 40.000000 2   2.469088128398E-11  2.026514372977E-11
AR GRAD 2024 06 02 02 42 50.000000 2   1.569270581536E-11  3.893462288684E-11
AR GRAD 2024 06 02 02 43  0.000000 2   1.627100017221E-11  3.700409423324E-11
AR GRAD 2024 06 02 02 43 10.000000 2   1.937565906329E-11  1.474356574327E-11
AR GRAD 2024 06 02 02 43 20.000000 2   1.978359663590E-11  3.807303777803E-11
AR GRAD 2024 06 02 02 43 30.000000 2   1.611954320024E-11  3.085250457890E-11
AR GRAD 2024 06 02 02 43 40.000000 2   1.314891771853E-11  2.979197097353E-11
AR GRAD 2024 06 02 02 43 50.000000 2   2.078691212215E-11  3.756142966105E-11
AR GRAD 2024 06 02 02 44  0.000000 2   1.086625928126E-11  8.280894199519E-12
AR GRAD 2024 06 02 02 44 10.000000 2   1.723986925439E-11  1.645035149767E-11
AR GRAD 2024 06 02 02 44 20.000000 2   1.914979806672E-11  2.208981088325E-11
AR GRAD 2024 06 02 02 44 30.000000 2   1.053092248821E-11  6.139265311400E-12
AR GRAD 2024 06 02 02 44 40.000000 2   1.888764145086E-11  3.528871986291E-11
AR GRAD 2024 06 02 02 44 50.000000 2   1.131320297859E-11  7.138170263210E-12
AR GRAD 2024 06 02 02 45  0.000000 2   5.054214425454E-12  1.185762078804E-11
AR GRAD 2024 06 02 02 45 10.000000 2   1.493131486507E-11  1.313706695510E-11
AR GRAD 2024 06 02 02 45 20.000000 2   1.569488115860E-11  1.780650973893E-11
AR GRAD 2024 06 02 02 45 30.000000 2   8.512833667151E-12  1.599595456092E-11
AR GRAD 2024 06 02 02 45 40.000000 2   1.113116890328E-11  1.086539625633E-11
AR GRAD 2024 06 02 02 45 50.000000 2   1.268668763793E-11  1.583483517920E-11
AR GRAD 2024 06 02 02 46  0.000000 2   1.472357478993E-11  1.728427123648E-11
AR GRAD 2024 06 02 02 46 10.000000 2   9.195175870724E-12  1.359370688930E-11
AR GRAD 2024 06 02 02 46 20.000000 2   1.372054640042E-11  4.045314430656E-11
AR GRAD 2024 06 02 02 46 30.000000 2   1.440899049382E-11  2.674257169877E-11
AR GRAD 2024 06 02 02 46 40.000000 2   1.057487864636E-11  2.131200077526E-11
AR GRAD 2024 06 02 02 46 50.000000 2   1.405206073030E-11  3.087142694258E-11
AR GRAD 2024 06 02 02 47  0.000000 2   7.869303299268E-12  3.760848837214E-12
AR GRAD 2024 06 02 02 47 10.000000 2   1.033937518935E-11  2.686027268661E-11
AR GRAD 2024 06 02 02 47 20.000000 2   1.022402735390E-11  1.169969503223E-11
AR GRAD 2024 06 02 02 47 30.000000 2   9.796417149710E-12  3.101911436043E-11
AR GRAD 2024 06 02 02 47 40.000000 2   8.916396267156E-12  1.895852919098E-11
AR GRAD 2024 06 02 02 47 50.000000 2   4.161267250918E-12  9.079455394988E-13
AR GRAD 2024 06 02 02 48  0.000000 2   1.477730611488E-11  3.397357265303E-12
AR GRAD 2024 06 02 02 48 10.000000 2   7.149594284661E-12  2.373676602496E-11
AR GRAD 2024 06 02 02 48 20.000000 2   1.007749873133E-11 -4.138235706799E-13
AR GRAD 2024 06 02 02 48 30.000000 2   7.858493369928E-12  6.165582801254E-12
AR GRAD 2024 06 02 02 48 40.000000 2   1.026850479646E-11  2.624498708637E-11
AR GRAD 2024 06 02 02 48 50.000000 2   7.264225245635E-12  7.054388757172E-12
AR GRAD 2024 06 02 02 49  0.000000 2   7.402357372899E-12  2.675378842076E-11
AR GRAD 2024 06 02 02 49 10.000000 2   6.705094812709E-12 -2.726813349771E-12
AR GRAD 2024 06 02 02 49 20.000000 2   3.411698224279E-12  3.067258252942E-11
AR GRAD 2024 06 02 02 49 30.000000 2   7.153620144168E-12  8.571978196703E-12
AR GRAD 2024 06 02 02 49 40.000000 2   1.076289838503E-11  5.161369595608E-12
AR GRAD 2024 06 02 02 49 50.000000 2  -1.529140312637E-12  1.315075826014E-11
AR GRAD 2024 06 02 02 50  0.000000 2   2.221570583744E-12  2.149014473318E-11
AR GRAD 2024 06 02 02 50 10.000000 2  -1.179158983997E-12  1.690953106703E-11
AR GRAD 2024 06 02 02 50 20.000000 2   4.159536430570E-12  1.532891522049E-11
AR GRAD 2024 06 02 02 50 30.000000 2   1.833924938993E-12  1.801829865866E-11
AR GRAD 2024 06 02 02 50 40.000000 2   9.411592599012E-13 -6.032321777510E-12
AR GRAD 2024 06 02 02 50 50.000000 2   6.595486309879E-12  1.284705675175E-11
AR GRAD 2024 06 02 02 51  0.000000 2  -1.566623024883E-12  1.390643156185E-11
AR GRAD 2024 06 02 02 51 10.000000 2   6.358362621139E-12 -7.241936000532E-13
AR GRAD 2024 06 02 02 51 20.000000 2  -5.143916976397E-13 -4.474823723372E-12
AR GRAD 2024 06 02 02 51 30.000000 2  -1.173487414012E-12  9.354548385909E-12
AR GRAD 2024 06 02 02 51 40.000000 2  -1.777966445946E-12  9.923913253662E-12
AR GRAD 2024 06 02 02 51 50.000000 2  -3.683854436776E-12 -1.068671973831E-11
AR GRAD 2024 06 02 02 52  0.000000 2  -3.125523928213E-12  7.772641037740E-12
AR GRAD 2024 06 02 02 52 10.000000 2  -1.120998571204E-13  9.762001970670E-12
AR GRAD 2024 06 02 02 52 20.000000 2  -8.360289023568E-12 -6.508636511693E-12
AR GRAD 2024 06 02 02 52 30.000000 2  -7.988576163423E-13  6.550721336901E-12
AR GRAD 2024 06 02 02 52 40.000000 2  -9.621499777457E-12  7.070074126841E-12
AR GRAD 2024 06 02 02 52 50.000000 2  -8.576535315274E-12  1.494942884761E-11
AR GRAD 2024 06 02 02 53  0.000000 2  -1.070800306063E-11  3.728779004314E-12
AR GRAD 2024 06 02 02 53 10.000000 2  -4.976261590295E-12 -8.471872509075E-12
AR GRAD 2024 06 02 02 53 20.000000 2  -1.053787092309E-11  2.637747312240E-11
AR GRAD 2024 06 02 02 53 30.000000 2  -1.261699338756E-11 -7.293179948853E-12
AR GRAD 2024 06 02 02 53 40.000000 2  -8.276333611501E-12 -3.938382009839E-13
AR GRAD 2024 06 02 02 53 50.000000 2  -7.915693274463E-12  2.272550377047E-11
AR GRAD 2024 06 02 02 54  0.000000 2  -1.265484331908E-11 -1.326515633449E-11
AR GRAD 2024 06 02 02 54 10.000000 2  -1.029241362277E-11  5.374181134832E-12
AR GRAD 2024 06 02 02 54 20.000000 2  -1.477404136530E-11 -1.726486575232E-12
AR GRAD 2024 06 02 02 54 30.000000 2  -1.273585924222E-11 -4.477153023319E-12
AR GRAD 2024 06 02 02 54 40.000000 2  -2.955893559434E-12 -2.017821673639E-12
AR GRAD 2024 06 02 02 54 50.000000 2  -1.101375241008E-11 -2.528493473625E-12
AR GRAD 2024 06 02 02 55  0.000000 2  -1.088452938891E-11 -3.109166136356E-12
AR GRAD 2024 06 02 02 55 10.000000 2  -1.143910487167E-11 -4.589840660318E-12
AR GRAD 2024 06 02 02 55 20.000000 2  -1.100196583143E-11  5.294792924417E-13
AR GRAD 2024 06 02 02 55 30.000000 2  -1.196415622823E-11  3.808801364580E-12
AR GRAD 2024 06 02 02 55 40.000000 2  -1.084615036673E-11  1.978118406923E-12
AR GRAD 2024 06 02 02 55 50.000000 2  -1.579752648140E-11 -5.042565323632E-12
AR GRAD 2024 06 02 02 56  0.000000 2  -1.209352236409E-11 -7.603248759758E-12
AR GRAD 2024 06 02 02 56 10.000000 2  -1.692374192175E-11  7.546060998287E-12
AR GRAD 2024 06 02 02 56 20.000000 2  -7.041827624482E-12 -8.846289586278E-13
AR GRAD 2024 06 02 02 56 30.000000 2  -1.389125099671E-11 -9.575317101718E-12
AR GRAD 2024 06 02 02 56 40.000000 2  -1.234638606629E-11 -2.446013877555E-12
AR GRAD 2024 06 02 02 56 50.000000 2  -1.335539318026E-11 -1.070670895692E-11
AR GRAD 2024 06 02 02 57  0.000000 2  -1.663275420172E-11 -1.237407420453E-12
AR GRAD 2024 06 02 02 57 10.000000 2  -1.397121134061E-11 -7.978106890405E-12
AR GRAD 2024 06 02 02 57 20.000000 2  -2.189089708116E-11 -4.348811241672E-12
AR GRAD 2024 06 02 02 57 30.000000 2  -1.118885366302E-11  8.850487183409E-12
AR GRAD 2024 06 02 02 57 40.000000 2  -1.526034680566E-11 -1.160220574128E-12
AR GRAD 2024 06 02 02 57 50.000000 2  -1.482148084819E-11 -1.760092592507E-11
AR GRAD 2024 06 02 02 58  0.000000 2  -1.499767844637E-11 -2.566163601059E-11
AR GRAD 2024 06 02 02 58 10.000000 2  -1.707195322609E-11 -1.232350159419E-12
AR GRAD 2024 06 02 02 58 20.000000 2  -1.915726778601E-11 -2.448306835046E-11
AR GRAD 2024 06 02 02 58 30.000000 2  -1.473049460188E-11 -1.028377903667E-11
AR GRAD 2024 06 02 02 58 40.000000 2  -1.882137674880E-11 -1.126449888228E-11
AR GRAD 2024 06 02 02 58 50.000000 2  -1.191023495106E-11  5.184781857320E-12
AR GRAD 2024 06 02 02 59  0.000000 2  -1.834878256279E-11 -9.905942385813E-12
AR GRAD 2024 06 02 02 59 10.000000 2  -2.466450134408E-11 -1.879666734761E-11
AR GRAD 2024 06 02 02 59 20.000000 2  -2.431739705433E-11 -5.417392229257E-12
AR GRAD 2024 06 02 02 59 30.000000 2  -2.129924535355E-11 -1.330812109818E-11
AR GRAD 2024 06 02 02 59 40.000000 2  -2.211530611418E-11 -9.608851041232E-12
AR GRAD 2024 06 02 02 59 50.000000 2  -2.284976548250E-11 -1.115958454118E-11
AR GRAD 2024 06 02 03 00  0.000000 2  -1.935064261605E-11 -3.224032152360E-11
AR GRAD 2024 06 02 03 00 10.000000 2  -2.628874375132E-11 -9.451054522325E-12
AR GRAD 2024 06 02 03 00 20.000000 2  -2.483568732614E-11 -1.108179520370E-11
AR GRAD 2024 06 02 03 00 30.000000 2  -2.915337415921E-11 -1.878253802490E-11
AR GRAD 2024 06 02 03 00 40.000000 2  -2.897851056338E-11 -2.363328283073E-11
AR GRAD 2024 06 02 03 00 50.000000 2  -2.524604310328E-11 -1.179402409068E-11
AR GRAD 2024 06 02 03 01  0.000000 2  -2.494241792272E-11 -1.352476897837E-11
AR GRAD 2024 06 02 03 01 10.000000 2  -3.079085944546E-11 -1.331551969380E-11
AR GRAD 2024 06 02 03 01 20.000000 2  -2.340898828945E-11 -1.997627063766E-11
AR GRAD 2024 06 02 03 01 30.000000 2  -3.000253517849E-11 -1.733702417739E-11
AR GRAD 2024 06 02 03 01 40.000000 2  -2.372239557569E-11 -2.711778197828E-11
AR GRAD 2024 06 02 03 01 50.000000 2  -2.818707767194E-11 -1.001853721511E-11
AR GRAD 2024 06 02 03 02  0.000000 2  -2.769102482036E-11 -2.273929655683E-11
AR GRAD 2024 06 02 03 02 10.000000 2  -3.092865200061E-11 -3.236005560736E-11
AR GRAD 2024 06 02 03 02 20.000000 2  -3.109966797976E-11 -3.039082180356E-11
AR GRAD 2024 06 02 03 02 30.000000 2  -2.499364777642E-11 -1.562158735702E-11
AR GRAD 2024 06 02 03 02 40.000000 2  -2.952899730291E-11 -1.970235086191E-11
AR GRAD 2024 06 02 03 02 50.000000 2  -3.502821296908E-11 -1.967312077134E-11
AR GRAD 2024 06 02 03 03  0.000000 2  -3.210186630409E-11 -9.503894199403E-12
AR GRAD 2024 06 02 03 03 10.000000 2  -3.279108928833E-11 -2.094466614033E-11
AR GRAD 2024 06 02 03 03 20.000000 2  -2.850667445153E-11 -2.080544417304E-11
AR GRAD 2024 06 02 03 03 30.000000 2  -3.781737770159E-11 -3.016621674679E-11
AR GRAD 2024 06 02 03 03 40.000000 2  -2.905633546268E-11  4.252999428328E-12
AR GRAD 2024 06 02 03 03 50.000000 2  -3.233529416447E-11 -3.003778475952E-11
AR GRAD 2024 06 02 03 04  0.000000 2  -2.988609013044E-11 -1.264856535482E-11
AR GRAD 2024 06 02 03 04 10.000000 2  -2.870247962916E-11 -4.555935143036E-11
AR GRAD 2024 06 02 03 04 20.000000 2  -2.653437886080E-11 -2.408013892452E-11
AR GRAD 2024 06 02 03 04 30.000000 2  -3.158428033001E-11 -1.664093342291E-11
AR GRAD 2024 06 02 03 04 40.000000 2  -3.007633378460E-11 -2.774172037923E-11
AR GRAD 2024 06 02 03 04 50.000000 2  -3.199582959690E-11 -2.417251294962E-11
