 2.00 C RINEX VERSION / TYPE
 10.00 INTERVAL
 1 AR # / TYPES OF DATA
 END OF HEADER
AR GRAD 2024 06 09 01 05  0.000000 2   3.257827688175E-11  2.164827865581E-11
AR GRAD 2024 06 09 01 05 10.000000 2   3.168827006350E-11  3.254690267296E-11
AR GRAD 2024 06 09 01 05 20.000000 2   3.122708341907E-11  3.298552056497E-11
AR GRAD 2024 06 09 01 05 30.000000 2   3.306166798667E-11  2.657414219231E-11
AR GRAD 2024 06 09 01 05 40.000000 2   3.089203545747E-11  3.916276331006E-11
AR GRAD 2024 06 09 01 05 50.000000 2   2.803454690614E-11  2.936137791232E-11
AR GRAD 2024 06 09 01 06  0.000000 2   3.415543542440E-11  8.739995706331E-12
AR GRAD 2024 06 09 01 06 10.000000 2   3.136149326344E-11  2.633861011236E-11
AR GRAD 2024 06 09 01 06 20.000000 2   3.120316852123E-11  2.397722471958E-11
AR GRAD 2024 06 09 01 06 30.000000 2   3.177475643712E-11  1.892583832708E-11
AR GRAD 2024 06 09 01 06 40.000000 2   3.093562211953E-11  3.189445235696E-11
AR GRAD 2024 06 09 01 06 50.000000 2   3.012515237266E-11  1.577306341094E-11
AR GRAD 2024 06 09 01 07  0.000000 2   3.192274916630E-11  2.595167136743E-11
AR GRAD 2024 06 09 01 07 10.000000 2   3.025213760055E-11  1.301028122042E-11
AR GRAD 2024 06 09 01 07 20.000000 2   3.264533782188E-11  1.587888674714E-11
AR GRAD 2024 06 09 01 07 30.000000 2   3.300140369311E-11  2.697749489078E-11
AR GRAD 2024 06 09 01 07 40.000000 2   3.015507982207E-11  3.160609968189E-11
AR GRAD 2024 06 09 01 07 50.000000 2   2.777853468083E-11  2.194470299921E-11
AR GRAD 2024 06 09 01 08  0.000000 2   2.901520169962E-11  8.963307526755E-12
AR GRAD 2024 06 09 01 08 10.000000 2   3.234918236061E-11  9.191911121142E-12
AR GRAD 2024 06 09 01 08 20.000000 2   2.823871171620E-11  1.817051023534E-11
AR GRAD 2024 06 09 01 08 30.000000 2   2.900464937672E-11  3.326910968937E-11
AR GRAD 2024 06 09 01 08 40.000000 2   3.125627534573E-11  1.168770896037E-11
AR GRAD 2024 06 09 01 08 50.000000 2   2.817513236608E-11  1.331630725826E-11
AR GRAD 2024 06 09 01 09  0.000000 2   2.713147415068E-11  1.995490231388E-11
AR GRAD 2024 06 09 01 09 10.000000 2   2.679942205652E-11  1.872349844612E-11
AR GRAD 2024 06 09 01 09 20.000000 2   2.639697661844E-11  1.214209288669E-11
AR GRAD 2024 06 09 01 09 30.000000 2   2.922957015317E-11  1.474068610230E-11
AR GRAD 2024 06 09 01 09 40.000000 2   2.548417553372E-11  6.889278644090E-12
AR GRAD 2024 06 09 01 09 50.000000 2   2.341269018935E-11  1.435786992771E-11
AR GRAD 2024 06 09 01 10  0.000000 2   2.456410595764E-11  8.136459388186E-12
AR GRAD 2024 06 09 01 10 10.000000 2   2.455399945867E-11  1.430504759786E-11
AR GRAD 2024 06 09 01 10 20.000000 2   2.570949182712E-11  1.571363351938E-11
AR GRAD 2024 06 09 01 10 30.000000 2   2.838354204449E-11  1.416222174255E-11
AR GRAD 2024 06 09 01 10 40.000000 2   2.431911096112E-11  9.230807958283E-12
AR GRAD 2024 06 09 01 10 50.000000 2   2.439650217956E-11  1.413939104689E-11
AR GRAD 2024 06 09 01 11  0.000000 2   2.207859242653E-11  2.987797509402E-11
AR GRAD 2024 06 09 01 11 10.000000 2   2.251870738490E-11  1.653655511136E-11
AR GRAD 2024 06 09 01 11 20.000000 2   2.664253713480E-11  2.348513744588E-11
AR GRAD 2024 06 09 01 11 30.000000 2   2.354975589536E-11  2.047371647218E-11
AR GRAD 2024 06 09 01 11 40.000000 2   1.914118169521E-11 -2.637704074257E-12
AR GRAD 2024 06 09 01 11 50.000000 2   2.321434364183E-11  3.440872586857E-12
AR GRAD 2024 06 09 01 12  0.000000 2   2.353291866930E-11  1.323944859993E-11
AR GRAD 2024 06 09 01 12 10.000000 2   2.384569278147E-11  5.338025594465E-12
AR GRAD 2024 06 09 01 12 20.000000 2   2.319087630265E-11 -2.953401629160E-12
AR GRAD 2024 06 09 01 12 30.000000 2   2.337144540399E-11  6.775171135925E-12
AR GRAD 2024 06 09 01 12 40.000000 2   2.157061855523E-11  1.525374444811E-11
AR GRAD 2024 06 09 01 12 50.000000 2   1.857110645820E-11  3.392313556796E-12
AR GRAD 2024 06 09 01 13  0.000000 2   2.322937155130E-11  1.463088331044E-11
AR GRAD 2024 06 09 01 13 10.000000 2   1.948842823229E-11  9.279453941358E-12
AR GRAD 2024 06 09 01 13 20.000000 2   2.150120012590E-11  2.955801922666E-11
AR GRAD 2024 06 09 01 13 30.000000 2   2.437400802024E-11  1.144658673402E-11
AR GRAD 2024 06 09 01 13 40.000000 2   2.403330486012E-11  7.805151490403E-12
AR GRAD 2024 06 09 01 13 50.000000 2   1.858741806304E-11  8.323716715886E-12
AR GRAD 2024 06 09 01 14  0.000000 2   2.175681163008E-11 -3.667721074768E-12
AR GRAD 2024 06 09 01 14 10.000000 2   2.231298479316E-11  1.266084112550E-11
AR GRAD 2024 06 09 01 14 20.000000 2   2.359397226204E-11  1.566940154019E-11
AR GRAD 2024 06 09 01 14 30.000000 2   2.573900294289E-11  2.331796040977E-11
AR GRAD 2024 06 09 01 14 40.000000 2   2.204820527540E-11  9.216520775734E-12
AR GRAD 2024 06 09 01 14 50.000000 2   2.347622443666E-11 -1.154923812835E-12
AR GRAD 2024 06 09 01 15  0.000000 2   1.865032954462E-11 -2.946366458104E-12
AR GRAD 2024 06 09 01 15 10.000000 2   1.901730682652E-11  1.395219009770E-11
AR GRAD 2024 06 09 01 15 20.000000 2   1.872110279300E-11  6.620743450009E-12
AR GRAD 2024 06 09 01 15 30.000000 2   1.705036979660E-11  2.194929481225E-11
AR GRAD 2024 06 09 01 15 40.000000 2   2.030074545967E-11  1.525784706913E-11
AR GRAD 2024 06 09 01 15 50.000000 2   2.123120255992E-11 -6.663601094525E-12
AR GRAD 2024 06 09 01 16  0.000000 2   1.817130994286E-11  1.184494950041E-11
AR GRAD 2024 06 09 01 16 10.000000 2   2.022594244866E-11  1.335349799486E-11
AR GRAD 2024 06 09 01 16 20.000000 2   1.675822501601E-11  1.031204548835E-11
AR GRAD 2024 06 09 01 16 30.000000 2   1.838352213512E-11  7.470589251379E-12
AR GRAD 2024 06 09 01 16 40.000000 2   1.749075710655E-11  5.489134754372E-12
AR GRAD 2024 06 09 01 16 50.000000 2   1.657611548023E-11  9.537679673821E-12
AR GRAD 2024 06 09 01 17  0.000000 2   1.802807382545E-11  5.516222895130E-12
AR GRAD 2024 06 09 01 17 10.000000 2   1.884354131065E-11  1.344764577471E-12
AR GRAD 2024 06 09 01 17 20.000000 2   1.327221232222E-11  2.773304372608E-12
AR GRAD 2024 06 09 01 17 30.000000 2   1.551479604511E-11 -3.848157036079E-12
AR GRAD 2024 06 09 01 17 40.000000 2   1.697090211417E-11 -2.229617098587E-12
AR GRAD 2024 06 09 01 17 50.000000 2   1.218910822970E-11 -3.731080548686E-12
AR GRAD 2024 06 09 01 18  0.000000 2   1.165404318187E-11  1.407745708198E-11
AR GRAD 2024 06 09 01 18 10.000000 2   1.270758845373E-11  6.145991701678E-12
AR GRAD 2024 06 09 01 18 20.000000 2   1.348953067304E-11  4.934526311867E-12
AR GRAD 2024 06 09 01 18 30.000000 2   1.082479765546E-11  7.330572238638E-13
AR GRAD 2024 06 09 01 18 40.000000 2   1.712726314940E-11 -9.288409451302E-12
AR GRAD 2024 06 09 01 18 50.000000 2   1.061408773373E-11 -7.489877641709E-12
AR GRAD 2024 06 09 01 19  0.000000 2   6.486928615795E-12 -3.491349136880E-12
AR GRAD 2024 06 09 01 19 10.000000 2   1.126744617747E-11 -1.870282054228E-11
AR GRAD 2024 06 09 01 19 20.000000 2   1.285648757593E-11 -4.704293812136E-12
AR GRAD 2024 06 09 01 19 30.000000 2   8.665773827687E-12 -9.265766105770E-12
AR GRAD 2024 06 09 01 19 40.000000 2   7.639666677051E-12  1.306275834029E-11
AR GRAD 2024 06 09 01 19 50.000000 2   6.368934893364E-12 -2.296872067542E-11
AR GRAD 2024 06 09 01 20  0.000000 2   8.727677434928E-12 -1.043019403485E-11
AR GRAD 2024 06 09 01 20 10.000000 2   6.904542909636E-12 -1.780167506460E-11
AR GRAD 2024 06 09 01 20 20.000000 2   7.116958498227E-12 -6.073154132369E-12
AR GRAD 2024 06 09 01 20 30.000000 2   8.668211981533E-12 -6.204633161422E-12
AR GRAD 2024 06 09 01 20 40.000000 2   1.101131685832E-11 -7.076115301347E-12
AR GRAD 2024 06 09 01 20 50.000000 2   6.246627347328E-12 -2.676759681963E-11
AR GRAD 2024 06 09 01 21  0.000000 2   7.846708525994E-12 -7.649080153993E-12
AR GRAD 2024 06 09 01 21 10.000000 2   7.996231281282E-12 -5.860566806154E-12
AR GRAD 2024 06 09 01 21 20.000000 2   3.902664649780E-12 -7.802051539552E-12
AR GRAD 2024 06 09 01 21 30.000000 2   8.869357505381E-12 -1.582354212937E-11
AR GRAD 2024 06 09 01 21 40.000000 2   5.463070100464E-12 -1.003503009855E-11
AR GRAD 2024 06 09 01 21 50.000000 2   9.061389659448E-12 -4.436517993256E-12
AR GRAD 2024 06 09 01 22  0.000000 2   8.710533162815E-12 -6.158009865920E-12
AR GRAD 2024 06 09 01 22 10.000000 2   6.735470688135E-12  1.004991039390E-13
AR GRAD 2024 06 09 01 22 20.000000 2   2.960055377893E-12 -1.303099121663E-11
AR GRAD 2024 06 09 01 22 30.000000 2   2.186834697701E-12  1.997512832225E-12
AR GRAD 2024 06 09 01 22 40.000000 2   6.329124290633E-12 -4.543982377869E-12
AR GRAD 2024 06 09 01 22 50.000000 2   6.630274454467E-12 -2.633547893649E-11
AR GRAD 2024 06 09 01 23  0.000000 2   4.908798194314E-12 -1.314697482824E-11
AR GRAD 2024 06 09 01 23 10.000000 2   4.997623408859E-12 -8.978475948829E-12
AR GRAD 2024 06 09 01 23 20.000000 2   7.239420434652E-12 -1.140997539506E-11
AR GRAD 2024 06 09 01 23 30.000000 2   3.265970827115E-12 -8.741471956009E-12
AR GRAD 2024 06 09 01 23 40.000000 2   6.311524653607E-12 -1.665297934272E-11
AR GRAD 2024 06 09 01 23 50.000000 2   3.762011969305E-12 -1.955447956337E-11
AR GRAD 2024 06 09 01 24  0.000000 2   3.155435114588E-12 -5.995982790136E-12
AR GRAD 2024 06 09 01 24 10.000000 2   2.511020254573E-12 -4.737488179529E-12
AR GRAD 2024 06 09 01 24 20.000000 2   3.688659620804E-12 -1.956899572941E-11
AR GRAD 2024 06 09 01 24 30.000000 2   7.696300736472E-13 -3.274050128232E-11
AR GRAD 2024 06 09 01 24 40.000000 2   4.866194253106E-12 -3.223200872871E-11
AR GRAD 2024 06 09 01 24 50.000000 2   1.242139203994E-12 -7.833518556044E-12
AR GRAD 2024 06 09 01 25  0.000000 2  -4.148319058053E-13 -2.024502787634E-11
AR GRAD 2024 06 09 01 25 10.000000 2   3.589967082288E-12 -1.030654207812E-11
AR GRAD 2024 06 09 01 25 20.000000 2   2.614347811587E-13 -1.487805711964E-11
AR GRAD 2024 06 09 01 25 30.000000 2   3.178130718665E-12 -1.055956797696E-11
AR GRAD 2024 06 09 01 25 40.000000 2   1.245983351217E-12 -1.082108534722E-11
AR GRAD 2024 06 09 01 25 50.000000 2   5.409276067976E-15 -3.327259995300E-11
AR GRAD 2024 06 09 01 26  0.000000 2   1.416310861993E-12 -3.728412023563E-11
AR GRAD 2024 06 09 01 26 10.000000 2  -1.609390897460E-12 -2.015563584090E-11
AR GRAD 2024 06 09 01 26 20.000000 2  -3.343404112593E-12 -2.941715274152E-11
AR GRAD 2024 06 09 01 26 30.000000 2  -5.833688566936E-13 -2.253867405211E-11
AR GRAD 2024 06 09 01 26 40.000000 2  -9.109656388603E-13 -2.216019902301E-11
AR GRAD 2024 06 09 01 26 50.000000 2  -4.053666690512E-12 -9.631722502901E-12
AR GRAD 2024 06 09 01 27  0.000000 2  -3.424620396292E-12 -2.294324452645E-11
AR GRAD 2024 06 09 01 27 10.000000 2  -3.972832913340E-12 -1.446477226191E-11
AR GRAD 2024 06 09 01 27 20.000000 2  -5.713228067722E-12 -2.159629766685E-11
AR GRAD 2024 06 09 01 27 30.000000 2  -4.619287591323E-12 -3.769782055962E-11
AR GRAD 2024 06 09 01 27 40.000000 2  -6.500283818156E-12 -8.459351275025E-12
AR GRAD 2024 06 09 01 27 50.000000 2  -3.717632104938E-12 -3.212088234283E-11
AR GRAD 2024 06 09 01 28  0.000000 2  -6.941731044152E-12 -2.262241262374E-11
AR GRAD 2024 06 09 01 28 10.000000 2  -6.927050079375E-12 -3.493393768705E-11
AR GRAD 2024 06 09 01 28 20.000000 2  -6.960866345135E-12 -1.949547814850E-11
AR GRAD 2024 06 09 01 28 30.000000 2  -7.083865612156E-12 -2.962701264875E-11
AR GRAD 2024 06 09 01 28 40.000000 2  -7.956722954117E-12 -1.384854470682E-11
AR GRAD 2024 06 09 01 28 50.000000 2  -8.075986060452E-12 -3.399007811322E-11
AR GRAD 2024 06 09 01 29  0.000000 2  -6.919141908729E-12 -2.560162151721E-11
AR GRAD 2024 06 09 01 29 10.000000 2  -7.741400402661E-12 -2.264315991651E-11
AR GRAD 2024 06 09 01 29 20.000000 2  -9.066313672035E-12 -2.428469751681E-11
AR GRAD 2024 06 09 01 29 30.000000 2  -6.098946001010E-12 -2.807623751544E-11
AR GRAD 2024 06 09 01 29 40.000000 2  -1.103957984055E-11 -3.391777830819E-11
AR GRAD 2024 06 09 01 29 50.000000 2  -5.238729589019E-12 -2.804932501543E-11
AR GRAD 2024 06 09 01 30  0.000000 2  -1.041270108332E-11 -3.155086955586E-11
AR GRAD 2024 06 09 01 30 10.000000 2  -8.971297663085E-12 -3.997241426745E-11
AR GRAD 2024 06 09 01 30 20.000000 2  -9.026037729731E-12 -3.635395456891E-11
AR GRAD 2024 06 09 01 30 30.000000 2  -1.031556350756E-11 -2.577550672900E-11
AR GRAD 2024 06 09 01 30 40.000000 2  -1.141745465533E-11 -2.778705390782E-11
AR GRAD 2024 06 09 01 30 50.000000 2  -6.844180170523E-12 -1.375860449876E-11
AR GRAD 2024 06 09 01 31  0.000000 2  -7.871974773421E-12 -2.879015428836E-11
AR GRAD 2024 06 09 01 31 10.000000 2  -8.782817355335E-12 -2.916170777079E-11
AR GRAD 2024 06 09 01 31 20.000000 2  -1.174194162040E-11 -3.248325913807E-11
AR GRAD 2024 06 09 01 31 30.000000 2  -8.538770385202E-12 -3.652481789240E-11
AR GRAD 2024 06 09 01 31 40.000000 2  -8.190106579042E-12 -3.202136819591E-11
AR GRAD 2024 06 09 01 31 50.000000 2  -8.780855383084E-12 -2.751793064248E-11
AR GRAD 2024 06 09 01 32  0.000000 2  -7.419903233497E-12 -1.578948603809E-11
AR GRAD 2024 06 09 01 32 10.000000 2  -1.103114561501E-11 -3.768104578361E-11
AR GRAD 2024 06 09 01 32 20.000000 2  -1.182190196430E-11 -3.592259822938E-11
AR GRAD 2024 06 09 01 32 30.000000 2  -9.156195766857E-12 -1.068416275590E-11
AR GRAD 2024 06 09 01 32 40.000000 2  -1.197243606338E-11 -2.240572657963E-11
AR GRAD 2024 06 09 01 32 50.000000 2  -1.055554168378E-11 -3.412729127072E-11
AR GRAD 2024 06 09 01 33  0.000000 2  -9.460690043872E-12 -3.821385569092E-11
AR GRAD 2024 06 09 01 33 10.000000 2  -8.476191103168E-12 -4.230042011111E-11
AR GRAD 2024 06 09 01 33 20.000000 2  -1.266409199729E-11 -4.179197959919E-11
AR GRAD 2024 06 09 01 33 30.000000 2  -1.153889657435E-11 -3.723355651575E-11
AR GRAD 2024 06 09 01 33 40.000000 2  -1.249044791207E-11 -3.267511608507E-11
AR GRAD 2024 06 09 01 33 50.000000 2  -8.652122421293E-12 -2.006669309884E-11
AR GRAD 2024 06 09 01 34  0.000000 2  -1.056066085275E-11 -3.889826308279E-11
AR GRAD 2024 06 09 01 34 10.000000 2  -1.498977504621E-11 -2.694983645968E-11
AR GRAD 2024 06 09 01 34 20.000000 2  -6.454463699623E-12 -3.730140502034E-11
AR GRAD 2024 06 09 01 34 30.000000 2  -1.665513386928E-11 -3.039297979957E-11
AR GRAD 2024 06 09 01 34 40.000000 2  -1.261839244204E-11 -4.517455506892E-11
AR GRAD 2024 06 09 01 34 50.000000 2  -9.234039748118E-12 -4.460613475810E-11
AR GRAD 2024 06 09 01 35  0.000000 2  -1.329304548381E-11 -3.798770673025E-11
AR GRAD 2024 06 09 01 35 10.000000 2  -8.514555380201E-12 -3.506928775154E-11
AR GRAD 2024 06 09 01 35 20.000000 2  -1.092096205135E-11 -2.535087244293E-11
AR GRAD 2024 06 09 01 35 30.000000 2  -1.468730519150E-11 -4.501244862953E-11
AR GRAD 2024 06 09 01 35 40.000000 2  -1.048056866987E-11 -3.643403287401E-11
AR GRAD 2024 06 09 01 35 50.000000 2  -1.216673376631E-11 -4.469561873388E-11
AR GRAD 2024 06 09 01 36  0.000000 2  -1.320425713214E-11 -2.728220080406E-11
AR GRAD 2024 06 09 01 36 10.000000 2  -9.233614740867E-12 -9.868788078404E-12
AR GRAD 2024 06 09 01 36 20.000000 2  -9.767138486882E-12 -4.180037219137E-11
AR GRAD 2024 06 09 01 36 30.000000 2  -1.052024613257E-11 -3.169195808561E-11
AR GRAD 2024 06 09 01 36 40.000000 2  -1.051088122789E-11 -2.158354918402E-11
AR GRAD 2024 06 09 01 36 50.000000 2  -7.726019476961E-12 -3.738514012253E-11
AR GRAD 2024 06 09 01 37  0.000000 2  -1.037649653701E-11 -3.135672971277E-11
AR GRAD 2024 06 09 01 37 10.000000 2  -5.746716037064E-12 -2.845831903464E-11
AR GRAD 2024 06 09 01 37 20.000000 2  -9.858615659941E-12 -3.056991118577E-11
AR GRAD 2024 06 09 01 37 30.000000 2  -1.292716281243E-11 -3.108151236386E-11
AR GRAD 2024 06 09 01 37 40.000000 2  -9.480191805189E-12 -3.169310300311E-11
AR GRAD 2024 06 09 01 37 50.000000 2  -9.806359717313E-12 -2.213470032264E-11
AR GRAD 2024 06 09 01 38  0.000000 2  -1.424142141021E-11 -2.539629791187E-11
AR GRAD 2024 06 09 01 38 10.000000 2  -7.571054894129E-12 -2.701789833526E-11
AR GRAD 2024 06 09 01 38 20.000000 2  -1.020430094589E-11 -3.562949588143E-11
AR GRAD 2024 06 09 01 38 30.000000 2  -1.200111364452E-11 -3.519110003403E-11
AR GRAD 2024 06 09 01 38 40.000000 2  -1.431723316292E-11 -3.073270110621E-11
AR GRAD 2024 06 09 01 38 50.000000 2  -1.180981007431E-11 -3.699430345394E-11
AR GRAD 2024 06 09 01 39  0.000000 2  -1.318904360725E-11 -2.291591048864E-11
AR GRAD 2024 06 09 01 39 10.000000 2  -6.928332907385E-12 -2.912751290163E-11
AR GRAD 2024 06 09 01 39 20.000000 2  -1.019351877213E-11 -3.533911704934E-11
AR GRAD 2024 06 09 01 39 30.000000 2  -1.106323106043E-11 -3.381072505304E-11
AR GRAD 2024 06 09 01 39 40.000000 2  -1.300503715135E-11 -2.849234043145E-11
AR GRAD 2024 06 09 01 39 50.000000 2  -1.094975585897E-11 -2.539394909629E-11
AR GRAD 2024 06 09 01 40  0.000000 2  -9.153588477473E-12 -2.335555880639E-11
AR GRAD 2024 06 09 01 40 10.000000 2  -1.170389132832E-11 -2.242717123124E-11
AR GRAD 2024 06 09 01 40 20.000000 2  -7.627220903472E-12 -2.845878394053E-11
AR GRAD 2024 06 09 01 40 30.000000 2  -9.112980335624E-12 -4.235039749445E-11
AR GRAD 2024 06 09 01 40 40.000000 2  -7.364220344641E-12 -2.564201802280E-11
AR GRAD 2024 06 09 01 40 50.000000 2  -8.584509839094E-12 -4.179363452539E-11
AR GRAD 2024 06 09 01 41  0.000000 2  -7.608476348953E-12 -1.493524921792E-11
AR GRAD 2024 06 09 01 41 10.000000 2  -1.159292280228E-11 -2.622686789966E-11
AR GRAD 2024 06 09 01 41 20.000000 2  -9.008548247647E-12 -1.961848912491E-11
AR GRAD 2024 06 09 01 41 30.000000 2  -8.330421422120E-12 -2.301010944283E-11
AR GRAD 2024 06 09 01 41 40.000000 2  -1.139452941723E-11 -3.284172933604E-11
AR GRAD 2024 06 09 01 41 50.000000 2  -9.804968469085E-12 -2.328335441115E-11
AR GRAD 2024 06 09 01 42  0.000000 2  -7.172607559974E-12 -2.600497595040E-11
AR GRAD 2024 06 09 01 42 10.000000 2  -1.168763003045E-11 -1.838660647346E-11
AR GRAD 2024 06 09 01 42 20.000000 2  -1.005935786058E-11 -7.688231995484E-12
AR GRAD 2024 06 09 01 42 30.000000 2  -8.339666630885E-12 -3.439986143161E-11
AR GRAD 2024 06 09 01 42 40.000000 2  -6.501987316609E-12 -2.404148928548E-11
AR GRAD 2024 06 09 01 42 50.000000 2  -9.259140329454E-12 -4.893117595134E-12
AR GRAD 2024 06 09 01 43  0.000000 2  -8.365141912492E-12 -1.710474990813E-11
AR GRAD 2024 06 09 01 43 10.000000 2  -3.986555443397E-12 -3.156638492263E-11
AR GRAD 2024 06 09 01 43 20.000000 2  -7.679164595875E-12 -1.863801647739E-11
AR GRAD 2024 06 09 01 43 30.000000 2  -6.271887089543E-12 -1.333964969735E-11
AR GRAD 2024 06 09 01 43 40.000000 2  -4.117880082061E-12 -4.291285209124E-12
AR GRAD 2024 06 09 01 43 50.000000 2  -8.400237103134E-12 -1.688292040891E-11
AR GRAD 2024 06 09 01 44  0.000000 2  -1.018027849520E-11 -3.326456471386E-11
AR GRAD 2024 06 09 01 44 10.000000 2  -7.516998308532E-12 -2.750620044234E-11
AR GRAD 2024 06 09 01 44 20.000000 2  -3.738745424364E-12  7.321609139278E-13
AR GRAD 2024 06 09 01 44 30.000000 2  -4.343155175779E-12 -3.452947996974E-11
AR GRAD 2024 06 09 01 44 40.000000 2  -5.383004372111E-12  1.319887688728E-11
AR GRAD 2024 06 09 01 44 50.000000 2  -3.384533755688E-12 -4.112276144608E-11
AR GRAD 2024 06 09 01 45  0.000000 2  -6.079401305287E-12 -4.049440296972E-11
AR GRAD 2024 06 09 01 45 10.000000 2  -7.031825642601E-12 -6.236058110870E-12
AR GRAD 2024 06 09 01 45 20.000000 2  -7.621279475567E-12 -1.147770420373E-11
AR GRAD 2024 06 09 01 45 30.000000 2  -7.606235086222E-12 -3.135935261467E-11
AR GRAD 2024 06 09 01 45 40.000000 2  -2.821451189003E-12 -1.453099880006E-11
AR GRAD 2024 06 09 01 45 50.000000 2  -4.316138158683E-12 -2.178265207098E-11
AR GRAD 2024 06 09 01 46  0.000000 2  -5.715569510734E-12 -9.564302475007E-12
AR GRAD 2024 06 09 01 46 10.000000 2  -7.669363408236E-12 -6.425951784572E-12
AR GRAD 2024 06 09 01 46 20.000000 2  -6.888531845634E-12 -7.347607765273E-12
AR GRAD 2024 06 09 01 46 30.000000 2  -4.530120202573E-12 -2.411926387780E-11
AR GRAD 2024 06 09 01 46 40.000000 2  -5.887514000630E-12 -1.284091583065E-11
AR GRAD 2024 06 09 01 46 50.000000 2  -2.892707774704E-12 -7.812575239519E-12
AR GRAD 2024 06 09 01 47  0.000000 2  -7.145157404111E-13 -2.288423096852E-11
AR GRAD 2024 06 09 01 47 10.000000 2  -4.722834536647E-12 -1.288589374093E-11
AR GRAD 2024 06 09 01 47 20.000000 2  -6.760781171011E-12 -1.392755095281E-11
AR GRAD 2024 06 09 01 47 30.000000 2  -5.722677973857E-12 -6.029215755127E-12
AR GRAD 2024 06 09 01 47 40.000000 2  -4.771876470355E-12 -9.190877225951E-12
AR GRAD 2024 06 09 01 47 50.000000 2  -4.491003489232E-12 -3.282540038396E-12
AR GRAD 2024 06 09 01 48  0.000000 2  -2.610177265300E-12 -2.029420555216E-11
AR GRAD 2024 06 09 01 48 10.000000 2  -4.179142275296E-12 -2.690587162790E-11
AR GRAD 2024 06 09 01 48 20.000000 2  -6.658369602203E-13 -7.107536347667E-12
AR GRAD 2024 06 09 01 48 30.000000 2  -2.903138883806E-12 -1.199206099006E-12
AR GRAD 2024 06 09 01 48 40.000000 2  -1.983163199631E-12 -1.810874909226E-12
AR GRAD 2024 06 09 01 48 50.000000 2  -1.728572905473E-12 -2.232254658896E-11
AR GRAD 2024 06 09 01 49  0.000000 2  -5.338323641642E-13 -2.145421687527E-11
AR GRAD 2024 06 09 01 49 10.000000 2  -6.606473181014E-12 -2.242588927059E-11
AR GRAD 2024 06 09 01 49 20.000000 2   3.277461581210E-13 -1.547561015967E-12
AR GRAD 2024 06 09 01 49 30.000000 2  -1.748376617094E-12 -2.000923732259E-11
AR GRAD 2024 06 09 01 49 40.000000 2  -3.130078661540E-12 -6.240914469241E-12
AR GRAD 2024 06 09 01 49 50.000000 2  -3.276080361853E-12  5.487411740279E-12
AR GRAD 2024 06 09 01 50  0.000000 2  -1.560402957020E-12 -2.428426904011E-11
AR GRAD 2024 06 09 01 50 10.000000 2  -3.198306420052E-12 -6.865946613338E-12
AR GRAD 2024 06 09 01 50 20.000000 2   2.961733031677E-14 -7.176257743428E-13
AR GRAD 2024 06 09 01 50 30.000000 2  -1.384158629728E-12 -2.662930986830E-11
AR GRAD 2024 06 09 01 50 40.000000 2   5.881303473745E-14  1.539008612390E-12
AR GRAD 2024 06 09 01 50 50.000000 2  -3.053977643691E-12 -1.184267614529E-11
AR GRAD 2024 06 09 01 51  0.000000 2   1.183353762202E-12 -4.357396672758E-15
AR GRAD 2024 06 09 01 51 10.000000 2  -1.549488835850E-12 -3.526046208485E-12
AR GRAD 2024 06 09 01 51 20.000000 2  -2.522230905036E-12 -5.137732687205E-12
AR GRAD 2024 06 09 01 51 30.000000 2   2.908255775959E-13  8.720579813826E-12
AR GRAD 2024 06 09 01 51 40.000000 2  -1.193383933340E-12  2.698889505978E-12
AR GRAD 2024 06 09 01 51 50.000000 2  -2.621887299284E-12 -5.902801251262E-12
AR GRAD 2024 06 09 01 52  0.000000 2  -1.630268728174E-12 -4.564488977760E-12
AR GRAD 2024 06 09 01 52 10.000000 2  -3.478753472352E-13 -1.198618548165E-11
AR GRAD 2024 06 09 01 52 20.000000 2  -1.082662822241E-12 -5.097877849025E-12
AR GRAD 2024 06 09 01 52 30.000000 2  -1.139156450376E-13  1.295042979105E-11
AR GRAD 2024 06 09 01 52 40.000000 2  -5.202409141501E-13 -3.631269764048E-12
AR GRAD 2024 06 09 01 52 50.000000 2   2.333240154903E-12 -7.472963220456E-12
AR GRAD 2024 06 09 01 53  0.000000 2   2.526023661076E-12 -1.084664042611E-12
AR GRAD 2024 06 09 01 53 10.000000 2   1.359728437700E-13  5.073637690534E-12
AR GRAD 2024 06 09 01 53 20.000000 2   1.047010568522E-12  1.078193697518E-11
AR GRAD 2024 06 09 01 53 30.000000 2   5.269197621630E-13 -1.578976359384E-11
AR GRAD 2024 06 09 01 53 40.000000 2   4.995405564895E-12  1.138853334554E-11
AR GRAD 2024 06 09 01 53 50.000000 2   1.197679217087E-12 -6.213171470371E-12
AR GRAD 2024 06 09 01 54  0.000000 2   9.313307503672E-13  7.015125026016E-12
AR GRAD 2024 06 09 01 54 10.000000 2  -5.179614875027E-13 -4.676581604607E-12
AR GRAD 2024 06 09 01 54 20.000000 2   4.907785983166E-12  1.125171050081E-11
AR GRAD 2024 06 09 01 54 30.000000 2  -6.286632998030E-13 -1.183999426280E-11
AR GRAD 2024 06 09 01 54 40.000000 2   9.218190447080E-13 -4.611707717095E-12
AR GRAD 2024 06 09 01 54 50.000000 2   3.661849469483E-12  1.884658228091E-11
AR GRAD 2024 06 09 01 55  0.000000 2   1.059721104271E-12 -1.008513064726E-11
AR GRAD 2024 06 09 01 55 10.000000 2  -6.689585409052E-13  3.193159278658E-12
AR GRAD 2024 06 09 01 55 20.000000 2   4.608577408582E-12 -5.858553659560E-12
AR GRAD 2024 06 09 01 55 30.000000 2   1.672670574097E-12  1.047973079843E-11
AR GRAD 2024 06 09 01 55 40.000000 2   3.002819347342E-12  1.690801318399E-11
AR GRAD 2024 06 09 01 55 50.000000 2   3.125400979687E-12 -9.073700991957E-12
AR GRAD 2024 06 09 01 56  0.000000 2   4.951254684027E-12  1.771457980304E-11
AR GRAD 2024 06 09 01 56 10.000000 2   1.919771416489E-12  1.582858193475E-12
AR GRAD 2024 06 09 01 56 20.000000 2   8.056998644645E-12  5.661139092228E-12
AR GRAD 2024 06 09 01 56 30.000000 2   2.764777989883E-12  1.270941771964E-11
AR GRAD 2024 06 09 01 56 40.000000 2   2.073019056761E-12  9.647694969306E-12
AR GRAD 2024 06 09 01 56 50.000000 2   4.876724024605E-12  1.702597091091E-11
AR GRAD 2024 06 09 01 57  0.000000 2   4.393075801138E-13 -4.805754318798E-12
AR GRAD 2024 06 09 01 57 10.000000 2   7.534303909928E-12  1.329252072996E-11
AR GRAD 2024 06 09 01 57 20.000000 2  -1.770822122835E-13 -1.239920579404E-11
AR GRAD 2024 06 09 01 57 30.000000 2   1.991574656926E-12  2.277906335779E-11
AR GRAD 2024 06 09 01 57 40.000000 2   3.168510809629E-12  7.277335851985E-12
AR GRAD 2024 06 09 01 57 50.000000 2   8.334703587021E-12  1.381560317537E-11
AR GRAD 2024 06 09 01 58  0.000000 2   4.724241397386E-12  1.366387211710E-11
AR GRAD 2024 06 09 01 58 10.000000 2   7.982514822757E-12  1.035214015205E-11
AR GRAD 2024 06 09 01 58 20.000000 2   7.518229094838E-12  1.693040499462E-11
AR GRAD 2024 06 09 01 58 30.000000 2   6.883649466410E-12  1.997866976022E-11
AR GRAD 2024 06 09 01 58 40.000000 2   6.632480589047E-12  1.491693400746E-11
AR GRAD 2024 06 09 01 58 50.000000 2   4.610580580516E-12  9.005196761891E-12
AR GRAD 2024 06 09 01 59  0.000000 2   6.129317105946E-12  3.643459665914E-12
AR GRAD 2024 06 09 01 59 10.000000 2   7.993191178390E-12 -1.539827813868E-11
AR GRAD 2024 06 09 01 59 20.000000 2   8.612595879531E-12  3.641997814441E-11
AR GRAD 2024 06 09 01 59 30.000000 2   4.356513413906E-12  1.503823628124E-11
AR GRAD 2024 06 09 01 59 40.000000 2   6.195180219520E-12  3.817649668614E-11
AR GRAD 2024 06 09 01 59 50.000000 2   8.073163665356E-12  1.757475068254E-11
AR GRAD 2024 06 09 02 00  0.000000 2   8.963806259754E-12 -4.816993158518E-12
AR GRAD 2024 06 09 02 00 10.000000 2   1.033649294629E-11  3.636126122419E-11
AR GRAD 2024 06 09 02 00 20.000000 2   6.092263412499E-12  1.299512580877E-12
AR GRAD 2024 06 09 02 00 30.000000 2   7.338150052882E-12  1.897776380488E-11
AR GRAD 2024 06 09 02 00 40.000000 2   1.167738562097E-11  2.715601528369E-11
AR GRAD 2024 06 09 02 00 50.000000 2   1.231756276837E-11  2.293426386302E-11
AR GRAD 2024 06 09 02 01  0.000000 2   8.011787414053E-12  1.473251035056E-11
AR GRAD 2024 06 09 02 01 10.000000 2   1.297741341472E-11  3.277075832919E-11
AR GRAD 2024 06 09 02 01 20.000000 2   5.955722894024E-12  7.549004824026E-12
AR GRAD 2024 06 09 02 01 30.000000 2   9.578914918207E-12  2.221725060869E-11
AR GRAD 2024 06 09 02 01 40.000000 2   9.725898038326E-12  2.011549433967E-11
AR GRAD 2024 06 09 02 01 50.000000 2   1.002457145072E-11  5.492373916782E-11
AR GRAD 2024 06 09 02 02  0.000000 2   1.006284638949E-11  9.591977385981E-12
AR GRAD 2024 06 09 02 02 10.000000 2   1.329736928207E-11  1.439021818372E-11
AR GRAD 2024 06 09 02 02 20.000000 2   7.922649515602E-12  2.463845794054E-11
AR GRAD 2024 06 09 02 02 30.000000 2   1.451917405748E-11  3.665669504049E-11
AR GRAD 2024 06 09 02 02 40.000000 2   9.755986817017E-12  2.068493293317E-11
AR GRAD 2024 06 09 02 02 50.000000 2   8.003583906735E-12  1.889317001458E-11
AR GRAD 2024 06 09 02 03  0.000000 2   1.028774287981E-11  3.666140654945E-11
AR GRAD 2024 06 09 02 03 10.000000 2   1.129431270730E-11  1.518963774205E-11
AR GRAD 2024 06 09 02 03 20.000000 2   1.290809126253E-11  2.480786930048E-11
AR GRAD 2024 06 09 02 03 30.000000 2   1.317343283069E-11  3.615610588703E-11
AR GRAD 2024 06 09 02 03 40.000000 2   1.084797789791E-11  1.356433368405E-11
AR GRAD 2024 06 09 02 03 50.000000 2   1.129721403231E-11  3.021256161917E-11
AR GRAD 2024 06 09 02 04  0.000000 2   1.106017100821E-11  2.330078838209E-11
AR GRAD 2024 06 09 02 04 10.000000 2   1.205188292913E-11  3.320901886816E-11
AR GRAD 2024 06 09 02 04 20.000000 2   1.338528853728E-11  2.951724281663E-11
AR GRAD 2024 06 09 02 04 30.000000 2   1.271477974990E-11  1.699546753331E-11
AR GRAD 2024 06 09 02 04 40.000000 2   1.357348781983E-11  4.117369292733E-11
AR GRAD 2024 06 09 02 04 50.000000 2   1.299448396108E-11  2.954191752336E-11
AR GRAD 2024 06 09 02 05  0.000000 2   1.302351369109E-11  3.041013621474E-11
AR GRAD 2024 06 09 02 05 10.000000 2   1.088593191284E-11  1.397835666661E-11
AR GRAD 2024 06 09 02 05 20.000000 2   1.269779420499E-11  4.112657436828E-11
AR GRAD 2024 06 09 02 05 30.000000 2   1.010707836868E-11  4.070479717178E-11
AR GRAD 2024 06 09 02 05 40.000000 2   1.399445750255E-11  1.870300962714E-11
AR GRAD 2024 06 09 02 05 50.000000 2   1.288047359743E-11  3.894122871384E-11
AR GRAD 2024 06 09 02 06  0.000000 2   1.792962653346E-11  2.645944054136E-11
AR GRAD 2024 06 09 02 06 10.000000 2   1.523064487030E-11  5.915765100006E-11
AR GRAD 2024 06 09 02 06 20.000000 2   1.508864214128E-11  2.392586823108E-11
AR GRAD 2024 06 09 02 06 30.000000 2   1.274324916423E-11  1.825407880407E-11
AR GRAD 2024 06 09 02 06 40.000000 2   1.610965527643E-11  2.671229036577E-11
AR GRAD 2024 06 09 02 06 50.000000 2   1.330886095774E-11  4.278050136364E-11
AR GRAD 2024 06 09 02 07  0.000000 2   1.491449845570E-11  3.222870928465E-11
AR GRAD 2024 06 09 02 07 10.000000 2   1.497399600148E-11  2.240691486521E-11
AR GRAD 2024 06 09 02 07 20.000000 2   1.272823253046E-11  2.975511850800E-11
AR GRAD 2024 06 09 02 07 30.000000 2   1.813320327226E-11  2.024332437789E-11
AR GRAD 2024 06 09 02 07 40.000000 2   1.657405983291E-11  1.883152835058E-11
AR GRAD 2024 06 09 02 07 50.000000 2   1.548342877522E-11  5.624973056784E-11
AR GRAD 2024 06 09 02 08  0.000000 2   1.626944239053E-11  3.465793277369E-11
AR GRAD 2024 06 09 02 08 10.000000 2   1.769609805913E-11  4.327613267741E-11
AR GRAD 2024 06 09 02 08 20.000000 2   1.867625845642E-11  2.745433047568E-11
AR GRAD 2024 06 09 02 08 30.000000 2   1.702459527519E-11  2.668252771509E-11
AR GRAD 2024 06 09 02 08 40.000000 2   1.525203401076E-11  4.058072627933E-11
AR GRAD 2024 06 09 02 08 50.000000 2   1.530951407314E-11  4.113892212998E-11
AR GRAD 2024 06 09 02 09  0.000000 2   1.711919495051E-11  2.481711711133E-11
AR GRAD 2024 06 09 02 09 10.000000 2   1.675811919788E-11  3.459530925620E-11
AR GRAD 2024 06 09 02 09 20.000000 2   1.711388669667E-11  3.111350413421E-11
AR GRAD 2024 06 09 02 09 30.000000 2   1.636337940147E-11  4.020169266927E-11
AR GRAD 2024 06 09 02 09 40.000000 2   1.842378680172E-11  2.510988292292E-11
AR GRAD 2024 06 09 02 09 50.000000 2   2.023064528400E-11  3.745807483635E-11
AR GRAD 2024 06 09 02 10  0.000000 2   1.761778223308E-11  3.836626155662E-11
AR GRAD 2024 06 09 02 10 10.000000 2   1.710520787512E-11  3.601444836798E-11
AR GRAD 2024 06 09 02 10 20.000000 2   2.032829807264E-11  2.970263618396E-11
AR GRAD 2024 06 09 02 10 30.000000 2   2.084547465198E-11  2.135081694776E-11
AR GRAD 2024 06 09 02 10 40.000000 2   1.574356617295E-11  6.186900297633E-11
AR GRAD 2024 06 09 02 10 50.000000 2   1.805935609389E-11  3.179718641166E-11
AR GRAD 2024 06 09 02 11  0.000000 2   1.880249081432E-11  3.144536714350E-11
AR GRAD 2024 06 09 02 11 10.000000 2   2.196310494584E-11  4.548354748390E-11
AR GRAD 2024 06 09 02 11 20.000000 2   1.961183472565E-11  3.404172430055E-11
AR GRAD 2024 06 09 02 11 30.000000 2   2.195263415494E-11  3.466990583512E-11
AR GRAD 2024 06 09 02 11 40.000000 2   2.108054009131E-11  4.713808163248E-11
AR GRAD 2024 06 09 02 11 50.000000 2   2.049243240376E-11  3.676626017524E-11
AR GRAD 2024 06 09 02 12  0.000000 2   2.124223713595E-11  3.739443130146E-11
AR GRAD 2024 06 09 02 12 10.000000 2   2.029873318043E-11  3.934260556226E-11
AR GRAD 2024 06 09 02 12 20.000000 2   2.096452872413E-11  4.081077836782E-11
AR GRAD 2024 06 09 02 12 30.000000 2   2.201402081459E-11  3.783894725329E-11
AR GRAD 2024 06 09 02 12 40.000000 2   2.170720374284E-11  4.006711976090E-11
AR GRAD 2024 06 09 02 12 50.000000 2   1.787918944840E-11  3.404528742257E-11
AR GRAD 2024 06 09 02 13  0.000000 2   1.786101995471E-11  5.113345857843E-11
AR GRAD 2024 06 09 02 13 10.000000 2   2.139758335795E-11  1.744162106410E-11
AR GRAD 2024 06 09 02 13 20.000000 2   1.676685873475E-11  3.944978718695E-11
AR GRAD 2024 06 09 02 13 30.000000 2   2.212594690798E-11  5.231795205396E-11
AR GRAD 2024 06 09 02 13 40.000000 2   2.108466005957E-11  4.167611741823E-11
AR GRAD 2024 06 09 02 13 50.000000 2   1.980803888968E-11  1.929427624614E-11
AR GRAD 2024 06 09 02 14  0.000000 2   1.783208650186E-11  4.963243704914E-11
AR GRAD 2024 06 09 02 14 10.000000 2   2.133679344318E-11  4.096059949554E-11
AR GRAD 2024 06 09 02 14 20.000000 2   1.893214404691E-11  3.095875986125E-11
AR GRAD 2024 06 09 02 14 30.000000 2   2.025619429136E-11  3.915691382250E-11
AR GRAD 2024 06 09 02 14 40.000000 2   2.246662057781E-11  3.475507381889E-11
AR GRAD 2024 06 09 02 14 50.000000 2   2.307910633437E-11  4.005323156475E-11
AR GRAD 2024 06 09 02 15  0.000000 2   2.254944495017E-11  4.001138309562E-11
AR GRAD 2024 06 09 02 15 10.000000 2   2.227213379002E-11  3.440953771916E-11
AR GRAD 2024 06 09 02 15 20.000000 2   2.415055655458E-11  9.077689121229E-12
AR GRAD 2024 06 09 02 15 30.000000 2   2.246914806991E-11  5.397584115774E-11
AR GRAD 2024 06 09 02 15 40.000000 2   2.534383120034E-11  5.160398844350E-11
AR GRAD 2024 06 09 02 15 50.000000 2   2.357115197471E-11  3.614213789360E-11
AR GRAD 2024 06 09 02 16  0.000000 2   1.906231422710E-11  3.901028805542E-11
AR GRAD 2024 06 09 02 16 10.000000 2   2.223605848062E-11  3.977843401892E-11
AR GRAD 2024 06 09 02 16 20.000000 2   2.419269819198E-11  3.949657961799E-11
AR GRAD 2024 06 09 02 16 30.000000 2   2.589261791086E-11  4.098472256020E-11
AR GRAD 2024 06 09 02 16 40.000000 2   2.500702769859E-11  4.258286778747E-11
AR GRAD 2024 06 09 02 16 50.000000 2   2.286173160504E-11  3.773100581972E-11
AR GRAD 2024 06 09 02 17  0.000000 2   2.395673416589E-11  4.289914951050E-11
AR GRAD 2024 06 09 02 17 10.000000 2   2.623221778686E-11  4.519729035479E-11
AR GRAD 2024 06 09 02 17 20.000000 2   2.532700438262E-11  3.993542649350E-11
AR GRAD 2024 06 09 02 17 30.000000 2   2.510110695686E-11  3.644356691423E-11
AR GRAD 2024 06 09 02 17 40.000000 2   2.340305553516E-11  4.293170680070E-11
AR GRAD 2024 06 09 02 17 50.000000 2   2.434888228542E-11  4.495984140540E-11
AR GRAD 2024 06 09 02 18  0.000000 2   2.430314977042E-11  2.754797431836E-11
AR GRAD 2024 06 09 02 18 10.000000 2   2.895797317215E-11  4.488610524933E-11
AR GRAD 2024 06 09 02 18 20.000000 2   2.267791510135E-11  3.177423948952E-11
AR GRAD 2024 06 09 02 18 30.000000 2   2.456718162236E-11  5.314237244702E-11
AR GRAD 2024 06 09 02 18 40.000000 2   2.673180080071E-11  2.978050098190E-11
AR GRAD 2024 06 09 02 18 50.000000 2   2.376015530159E-11  4.649862786477E-11
AR GRAD 2024 06 09 02 19  0.000000 2   2.782420127634E-11  4.712675735763E-11
AR GRAD 2024 06 09 02 19 10.000000 2   2.290861597642E-11  2.562488242430E-11
AR GRAD 2024 06 09 02 19 20.000000 2   2.472523921715E-11  4.408301154668E-11
AR GRAD 2024 06 09 02 19 30.000000 2   2.640292845468E-11  2.918113320427E-11
AR GRAD 2024 06 09 02 19 40.000000 2   3.105105755852E-11  5.067925593072E-11
AR GRAD 2024 06 09 02 19 50.000000 2   2.803300473697E-11  5.338738132132E-11
AR GRAD 2024 06 09 02 20  0.000000 2   2.324994710645E-11  3.824550051656E-11
AR GRAD 2024 06 09 02 20 10.000000 2   2.712068417066E-11  3.285362260019E-11
AR GRAD 2024 06 09 02 20 20.000000 2   2.695368754579E-11  4.578173951053E-11
AR GRAD 2024 06 09 02 20 30.000000 2   2.709917186483E-11  4.273985679260E-11
AR GRAD 2024 06 09 02 20 40.000000 2   2.816786734416E-11  4.489797422735E-11
AR GRAD 2024 06 09 02 20 50.000000 2   2.708141870478E-11  5.540608596921E-11
AR GRAD 2024 06 09 02 21  0.000000 2   3.013198371371E-11  4.741420103760E-11
AR GRAD 2024 06 09 02 21 10.000000 2   2.816546301743E-11  3.231231601730E-11
AR GRAD 2024 06 09 02 21 20.000000 2   2.250722525021E-11  4.320042934491E-11
AR GRAD 2024 06 09 02 21 30.000000 2   2.637434194652E-11  4.065853903557E-11
AR GRAD 2024 06 09 02 21 40.000000 2   2.943691818080E-11  4.866665057057E-11
AR GRAD 2024 06 09 02 21 50.000000 2   2.647402089218E-11  5.664475832834E-11
AR GRAD 2024 06 09 02 22  0.000000 2   2.970853771322E-11  2.469286407292E-11
AR GRAD 2024 06 09 02 22 10.000000 2   2.830460345271E-11  3.424097116955E-11
AR GRAD 2024 06 09 02 22 20.000000 2   2.618657547748E-11  3.228907766162E-11
AR GRAD 2024 06 09 02 22 30.000000 2   2.823011095721E-11  5.929717827868E-11
AR GRAD 2024 06 09 02 22 40.000000 2   2.724379749575E-11  4.406528614220E-11
AR GRAD 2024 06 09 02 22 50.000000 2   2.910002794287E-11  6.800338764323E-11
AR GRAD 2024 06 09 02 23  0.000000 2   2.952855321370E-11  2.965148612755E-11
AR GRAD 2024 06 09 02 23 10.000000 2   3.123973996155E-11  2.927958570043E-11
AR GRAD 2024 06 09 02 23 20.000000 2   2.774724547350E-11  3.601768536199E-11
AR GRAD 2024 06 09 02 23 30.000000 2   2.898764214776E-11  6.050578094108E-11
AR GRAD 2024 06 09 02 23 40.000000 2   2.567774985696E-11  5.711387959795E-11
AR GRAD 2024 06 09 02 23 50.000000 2   2.810190621871E-11  4.880197287949E-11
AR GRAD 2024 06 09 02 24  0.000000 2   3.134088474854E-11  3.921007268870E-11
AR GRAD 2024 06 09 02 24 10.000000 2   3.183302232923E-11  4.778816578566E-11
AR GRAD 2024 06 09 02 24 20.000000 2   3.024523687056E-11  4.640625383967E-11
AR GRAD 2024 06 09 02 24 30.000000 2   2.735693616085E-11  4.949434612156E-11
AR GRAD 2024 06 09 02 24 40.000000 2   3.095385406326E-11  3.895243502750E-11
AR GRAD 2024 06 09 02 24 50.000000 2   2.374265541116E-11  5.125052118804E-11
AR GRAD 2024 06 09 02 25  0.000000 2   3.162431774784E-11  3.857861252676E-11
AR GRAD 2024 06 09 02 25 10.000000 2   2.811735046182E-11  3.660669684047E-11
AR GRAD 2024 06 09 02 25 20.000000 2   3.071141951860E-11  3.693478509148E-11
AR GRAD 2024 06 09 02 25 30.000000 2   2.817516185638E-11  5.893286553205E-11
AR GRAD 2024 06 09 02 25 40.000000 2   2.667968276859E-11  4.148095061884E-11
AR GRAD 2024 06 09 02 25 50.000000 2   2.785158388641E-11  5.258903035266E-11
AR GRAD 2024 06 09 02 26  0.000000 2   3.253550900917E-11  4.562711319878E-11
AR GRAD 2024 06 09 02 26 10.000000 2   2.708645113758E-11  2.964519255078E-11
AR GRAD 2024 06 09 02 26 20.000000 2   3.041794247038E-11  4.197326861077E-11
AR GRAD 2024 06 09 02 26 30.000000 2   2.966079118427E-11  5.566135052870E-11
AR GRAD 2024 06 09 02 26 40.000000 2   3.321981231763E-11  4.078942392183E-11
AR GRAD 2024 06 09 02 26 50.000000 2   3.073496665507E-11  4.296750108490E-11
AR GRAD 2024 06 09 02 27  0.000000 2   3.164248377208E-11  5.924557372472E-11
AR GRAD 2024 06 09 02 27 10.000000 2   2.902730486531E-11  5.828364180172E-11
AR GRAD 2024 06 09 02 27 20.000000 2   3.326421429972E-11  2.152171843517E-11
AR GRAD 2024 06 09 02 27 30.000000 2   2.911332633304E-11  5.810979128440E-11
AR GRAD 2024 06 09 02 27 40.000000 2   3.066872103497E-11  5.529786004099E-11
AR GRAD 2024 06 09 02 27 50.000000 2   2.857603563500E-11  4.349592908071E-11
AR GRAD 2024 06 09 02 28  0.000000 2   2.961971640181E-11  5.274399667021E-11
AR GRAD 2024 06 09 02 28 10.000000 2   3.321000419110E-11  3.713206478406E-11
AR GRAD 2024 06 09 02 28 20.000000 2   3.069385717813E-11  6.596012624982E-11
AR GRAD 2024 06 09 02 28 30.000000 2   3.071934026599E-11  3.386819297235E-11
AR GRAD 2024 06 09 02 28 40.000000 2   3.129591030770E-11  4.899625843935E-11
AR GRAD 2024 06 09 02 28 50.000000 2   2.877251388533E-11  6.069431762734E-11
AR GRAD 2024 06 09 02 29  0.000000 2   3.058558267766E-11  3.829237968378E-11
AR GRAD 2024 06 09 02 29 10.000000 2   2.751011050905E-11  5.728043733777E-11
AR GRAD 2024 06 09 02 29 20.000000 2   3.335760140333E-11  5.807849687289E-11
AR GRAD 2024 06 09 02 29 30.000000 2   2.951563646270E-11  2.981655200518E-11
AR GRAD 2024 06 09 02 29 40.000000 2   2.987452646375E-11  2.251460823333E-11
AR GRAD 2024 06 09 02 29 50.000000 2   3.085786140500E-11  5.383266402093E-11
AR GRAD 2024 06 09 02 30  0.000000 2   3.006546747675E-11  4.924071567158E-11
AR GRAD 2024 06 09 02 30 10.000000 2   3.221188593638E-11  5.471877465024E-11
AR GRAD 2024 06 09 02 30 20.000000 2   3.136937931636E-11  3.324682196215E-11
AR GRAD 2024 06 09 02 30 30.000000 2   3.209116999914E-11  5.106487455109E-11
AR GRAD 2024 06 09 02 30 40.000000 2   3.502885134732E-11  4.837292372217E-11
AR GRAD 2024 06 09 02 30 50.000000 2   3.038931259414E-11  3.891097513642E-11
AR GRAD 2024 06 09 02 31  0.000000 2   3.175455731697E-11  3.612901991468E-11
AR GRAD 2024 06 09 02 31 10.000000 2   3.023212583053E-11  6.228706439515E-11
AR GRAD 2024 06 09 02 31 20.000000 2   2.657055131472E-11  4.711511389366E-11
AR GRAD 2024 06 09 02 31 30.000000 2   2.615673302953E-11  3.668315651240E-11
AR GRAD 2024 06 09 02 31 40.000000 2   2.739233145865E-11  4.683120211069E-11
AR GRAD 2024 06 09 02 31 50.000000 2   2.904607457332E-11  4.083923824116E-11
AR GRAD 2024 06 09 02 32  0.000000 2   3.258450800847E-11  4.889728205670E-11
AR GRAD 2024 06 09 02 32 10.000000 2   3.163536099748E-11  4.896532138088E-11
AR GRAD 2024 06 09 02 32 20.000000 2   2.988007063998E-11  5.317335807775E-11
AR GRAD 2024 06 09 02 32 30.000000 2   3.134960346873E-11  4.719139662379E-11
AR GRAD 2024 06 09 02 32 40.000000 2   3.135111267816E-11  3.590943514764E-11
AR GRAD 2024 06 09 02 32 50.000000 2   3.012698424065E-11  3.699746758956E-11
AR GRAD 2024 06 09 02 33  0.000000 2   3.312665419752E-11  5.745549869207E-11
AR GRAD 2024 06 09 02 33 10.000000 2   3.479096524761E-11  4.328353300775E-11
AR GRAD 2024 06 09 02 33 20.000000 2   3.152576810717E-11  5.074156719798E-11
AR GRAD 2024 06 09 02 33 30.000000 2   2.878569431430E-11  3.717959620730E-11
AR GRAD 2024 06 09 02 33 40.000000 2   2.862484901889E-11  3.416762359154E-11
AR GRAD 2024 06 09 02 33 50.000000 2   3.283025240552E-11  5.372565586859E-11
AR GRAD 2024 06 09 02 34  0.000000 2   2.897472366203E-11  4.315368201668E-11
AR GRAD 2024 06 09 02 34 10.000000 2   3.160116959777E-11  3.062171002877E-11
AR GRAD 2024 06 09 02 34 20.000000 2   3.093147266098E-11  6.386972895012E-11
AR GRAD 2024 06 09 02 34 30.000000 2   3.216137078876E-11  2.816775632186E-11
AR GRAD 2024 06 09 02 34 40.000000 2   3.302332365895E-11  4.976578177329E-11
AR GRAD 2024 06 09 02 34 50.000000 2   2.973955456897E-11  2.852379964169E-11
AR GRAD 2024 06 09 02 35  0.000000 2   2.916224900451E-11  5.296182242764E-11
AR GRAD 2024 06 09 02 35 10.000000 2   3.087224573206E-11  2.574984149517E-11
AR GRAD 2024 06 09 02 35 20.000000 2   2.879130614475E-11  4.838785969130E-11
AR GRAD 2024 06 09 02 35 30.000000 2   2.474277380204E-11  4.841587894489E-11
AR GRAD 2024 06 09 02 35 40.000000 2   3.330092798737E-11  5.221389293153E-11
AR GRAD 2024 06 09 02 35 50.000000 2   3.038188103877E-11  3.380190918834E-11
AR GRAD 2024 06 09 02 36  0.000000 2   2.852105704387E-11  5.022992091708E-11
AR GRAD 2024 06 09 02 36 10.000000 2   2.783447604349E-11  6.002793401239E-11
AR GRAD 2024 06 09 02 36 20.000000 2   3.014827623660E-11  3.641595011650E-11
AR GRAD 2024 06 09 02 36 30.000000 2   2.749623966014E-11  2.968395668157E-11
AR GRAD 2024 06 09 02 36 40.000000 2   3.179789417884E-11  4.675196688120E-11
AR GRAD 2024 06 09 02 36 50.000000 2   2.781076757774E-11  4.837997363838E-11
AR GRAD 2024 06 09 02 37  0.000000 2   2.838211436706E-11  3.975798162914E-11
AR GRAD 2024 06 09 02 37 10.000000 2   3.003382265110E-11  5.217598922358E-11
AR GRAD 2024 06 09 02 37 20.000000 2   2.825237786774E-11  4.592399377445E-11
AR GRAD 2024 06 09 02 37 30.000000 2   2.964327741606E-11  2.961199688234E-11
AR GRAD 2024 06 09 02 37 40.000000 2   3.011974003542E-11  4.821000196276E-11
AR GRAD 2024 06 09 02 37 50.000000 2   2.877148519431E-11  4.193800168251E-11
AR GRAD 2024 06 09 02 38  0.000000 2   2.551495820180E-11  3.427600217543E-11
AR GRAD 2024 06 09 02 38 10.000000 2   2.918493918758E-11  3.925400282601E-11
AR GRAD 2024 06 09 02 38 20.000000 2   2.740329144157E-11  2.720199933359E-11
AR GRAD 2024 06 09 02 38 30.000000 2   3.075615456760E-11  4.202999753788E-11
AR GRAD 2024 06 09 02 38 40.000000 2   3.129112594036E-11  3.173799417722E-11
AR GRAD 2024 06 09 02 38 50.000000 2   2.932983023118E-11  3.370598591901E-11
AR GRAD 2024 06 09 02 39  0.000000 2   2.903460805115E-11  2.081397901255E-11
AR GRAD 2024 06 09 02 39 10.000000 2   2.582185854028E-11  3.351197444545E-11
AR GRAD 2024 06 09 02 39 20.000000 2   2.851086207400E-11  5.593996793563E-11
AR GRAD 2024 06 09 02 39 30.000000 2   2.735087677175E-11  3.193795575229E-11
AR GRAD 2024 06 09 02 39 40.000000 2   2.808180077363E-11  2.860594400245E-11
AR GRAD 2024 06 09 02 39 50.000000 2   2.794152062502E-11  4.197393474459E-11
AR GRAD 2024 06 09 02 40  0.000000 2   2.294234767442E-11  2.586191850951E-11
AR GRAD 2024 06 09 02 40 10.000000 2   2.495561396421E-11  2.871990492648E-11
AR GRAD 2024 06 09 02 40 20.000000 2   2.572115263832E-11  4.446789464430E-11
AR GRAD 2024 06 09 02 40 30.000000 2   2.915577154705E-11  4.990587457177E-11
AR GRAD 2024 06 09 02 40 40.000000 2   2.663321126140E-11  3.208385987441E-11
AR GRAD 2024 06 09 02 40 50.000000 2   2.894348996585E-11  2.297183797351E-11
AR GRAD 2024 06 09 02 41  0.000000 2   2.341813375162E-11  4.075981913099E-11
AR GRAD 2024 06 09 02 41 10.000000 2   2.405957030827E-11  1.525779676215E-11
AR GRAD 2024 06 09 02 41 20.000000 2   2.516628919147E-11  3.441577925423E-11
AR GRAD 2024 06 09 02 41 30.000000 2   2.707554319636E-11  3.112375288050E-11
AR GRAD 2024 06 09 02 41 40.000000 2   2.608784889502E-11  3.848173169008E-11
AR GRAD 2024 06 09 02 41 50.000000 2   2.466673393320E-11  3.005970472536E-11
AR GRAD 2024 06 09 02 42  0.000000 2   2.573757179603E-11  2.624767764248E-11
AR GRAD 2024 06 09 02 42 10.000000 2   2.194289715207E-11  2.844565034910E-11
AR GRAD 2024 06 09 02 42 20.000000 2   2.579835650662E-11  3.787362437557E-11
AR GRAD 2024 06 09 02 42 30.000000 2   2.264755223635E-11  1.532158948325E-11
AR GRAD 2024 06 09 02 42 40.000000 2   2.586893720069E-11  1.284956255981E-11
AR GRAD 2024 06 09 02 42 50.000000 2   2.307401839041E-11  1.958752951503E-11
AR GRAD 2024 06 09 02 43  0.000000 2   2.097421021585E-11  3.615549873381E-11
AR GRAD 2024 06 09 02 43 10.000000 2   2.294380484213E-11  2.709346288987E-11
AR GRAD 2024 06 09 02 43 20.000000 2   2.344302356405E-11  2.018142597482E-11
AR GRAD 2024 06 09 02 43 30.000000 2   2.206220449386E-11  3.938939105441E-11
AR GRAD 2024 06 09 02 43 40.000000 2   1.740109792370E-11  3.297735348684E-11
AR GRAD 2024 06 09 02 43 50.000000 2   2.443421506793E-11  2.684531416608E-11
AR GRAD 2024 06 09 02 44  0.000000 2   1.668400660682E-11  1.464327444023E-11
AR GRAD 2024 06 09 02 44 10.000000 2   2.303730470277E-11  3.629123390692E-11
AR GRAD 2024 06 09 02 44 20.000000 2   2.196402087984E-11  1.254919258786E-11
AR GRAD 2024 06 09 02 44 30.000000 2   1.647000591465E-11  3.265715128875E-11
AR GRAD 2024 06 09 02 44 40.000000 2   2.561517317701E-11  2.384510471021E-11
AR GRAD 2024 06 09 02 44 50.000000 2   1.761267867662E-11  7.773059973459E-12
AR GRAD 2024 06 09 02 45  0.000000 2   1.427079114602E-11  5.175101319699E-11
AR GRAD 2024 06 09 02 45 10.000000 2   2.143450347769E-11  7.438966977136E-12
AR GRAD 2024 06 09 02 45 20.000000 2   1.873695816557E-11  2.333691746792E-11
AR GRAD 2024 06 09 02 45 30.000000 2   1.602317757643E-11  2.594486778196E-11
AR GRAD 2024 06 09 02 45 40.000000 2   1.822153886111E-11  2.617281565087E-11
AR GRAD 2024 06 09 02 45 50.000000 2   1.751613090684E-11  2.957076597476E-11
AR GRAD 2024 06 09 02 46  0.000000 2   1.790893128240E-11  1.837871001220E-11
AR GRAD 2024 06 09 02 46 10.000000 2   1.611018263237E-11  1.001665764222E-11
AR GRAD 2024 06 09 02 46 20.000000 2   1.820179944267E-11  2.708460365708E-11
AR GRAD 2024 06 09 02 46 30.000000 2   1.976727635744E-11  2.288254481730E-11
AR GRAD 2024 06 09 02 46 40.000000 2   1.312774802059E-11  2.184048775167E-11
AR GRAD 2024 06 09 02 46 50.000000 2   1.814669595146E-11  2.428843064173E-11
AR GRAD 2024 06 09 02 47  0.000000 2   1.575888725069E-11  2.980637264782E-11
AR GRAD 2024 06 09 02 47 10.000000 2   1.812029346016E-11  1.155430959243E-11
AR GRAD 2024 06 09 02 47 20.000000 2   1.655955060575E-11  2.945224966688E-11
AR GRAD 2024 06 09 02 47 30.000000 2   1.512474520626E-11  2.049018420214E-11
AR GRAD 2024 06 09 02 47 40.000000 2   1.656441823983E-11  2.494811822407E-11
AR GRAD 2024 06 09 02 47 50.000000 2   1.036149725048E-11  3.371605425406E-11
AR GRAD 2024 06 09 02 48  0.000000 2   1.844719169086E-11  1.482398752362E-11
AR GRAD 2024 06 09 02 48 10.000000 2   1.532730539711E-11  2.234191998074E-11
AR GRAD 2024 06 09 02 48 20.000000 2   1.280581543583E-11  1.257985295794E-11
AR GRAD 2024 06 09 02 48 30.000000 2   1.505526432688E-11  1.855778204718E-11
AR GRAD 2024 06 09 02 48 40.000000 2   1.510807104421E-11  1.585571084151E-11
AR GRAD 2024 06 09 02 48 50.000000 2   1.381165321002E-11  1.988363813876E-11
AR GRAD 2024 06 09 02 49  0.000000 2   1.152684111355E-11  1.803156582381E-11
AR GRAD 2024 06 09 02 49 10.000000 2   1.362794859600E-11  1.560949113022E-11
AR GRAD 2024 06 09 02 49 20.000000 2   1.353402546284E-11  1.877417058621E-12
AR GRAD 2024 06 09 02 49 30.000000 2   1.266797691052E-11  2.245533967105E-11
AR GRAD 2024 06 09 02 49 40.000000 2   1.688484074780E-11  1.802325996780E-11
AR GRAD 2024 06 09 02 49 50.000000 2   9.217728143274E-12  1.633118293376E-11
AR GRAD 2024 06 09 02 50  0.000000 2   1.069697889294E-11  1.791910196614E-11
AR GRAD 2024 06 09 02 50 10.000000 2   1.169403723161E-11  1.238702283107E-11
AR GRAD 2024 06 09 02 50 20.000000 2   1.325106604305E-11  9.934939156075E-12
AR GRAD 2024 06 09 02 50 30.000000 2   9.010120774477E-12  2.142285654427E-11
AR GRAD 2024 06 09 02 50 40.000000 2   1.306960182440E-11  1.339077199819E-11
AR GRAD 2024 06 09 02 50 50.000000 2   1.116045363764E-11  9.628687604180E-12
AR GRAD 2024 06 09 02 51  0.000000 2   9.288216029635E-12  8.366599947573E-12
AR GRAD 2024 06 09 02 51 10.000000 2   1.315556517889E-11  9.994513029687E-12
AR GRAD 2024 06 09 02 51 20.000000 2   7.920050899834E-12  2.902423093532E-12
AR GRAD 2024 06 09 02 51 30.000000 2   1.132197634257E-11  2.022033235294E-11
AR GRAD 2024 06 09 02 51 40.000000 2   6.871615255977E-12  1.627824264272E-11
AR GRAD 2024 06 09 02 51 50.000000 2   6.943712098362E-12  7.206150606787E-12
AR GRAD 2024 06 09 02 52  0.000000 2   5.584661205704E-12 -4.859416363225E-13
AR GRAD 2024 06 09 02 52 10.000000 2   1.008595117147E-11  1.835196231093E-11
AR GRAD 2024 06 09 02 52 20.000000 2   5.275598968096E-12  7.849868324805E-12
AR GRAD 2024 06 09 02 52 30.000000 2   1.085548231167E-11 -1.282222938936E-11
AR GRAD 2024 06 09 02 52 40.000000 2   3.412808880984E-12 -3.664324919883E-12
AR GRAD 2024 06 09 02 52 50.000000 2   3.700083642255E-12  1.080357418110E-11
AR GRAD 2024 06 09 02 53  0.000000 2   3.488301661414E-12  8.801476041043E-12
AR GRAD 2024 06 09 02 53 10.000000 2   5.530577298213E-12  6.293732353856E-13
AR GRAD 2024 06 09 02 53 20.000000 2   3.819458638255E-12 -1.458273085619E-11
AR GRAD 2024 06 09 02 53 30.000000 2   3.788801683415E-13  1.675516843325E-11
AR GRAD 2024 06 09 02 53 40.000000 2   3.471756736262E-12  9.230650098446E-13
AR GRAD 2024 06 09 02 53 50.000000 2   5.873366897002E-12  6.330957459666E-12
AR GRAD 2024 06 09 02 54  0.000000 2   4.922157733483E-12 -9.981147852667E-12
AR GRAD 2024 06 09 02 54 10.000000 2   2.725887007435E-12  5.436743069631E-12
AR GRAD 2024 06 09 02 54 20.000000 2   9.392294884544E-13  1.454635782487E-12
AR GRAD 2024 06 09 02 54 30.000000 2   3.751437962357E-12  1.152525774470E-12
AR GRAD 2024 06 09 02 54 40.000000 2   7.526185404061E-12 -5.199585553783E-12
AR GRAD 2024 06 09 02 54 50.000000 2   3.686861146240E-12 -1.463169863047E-11
AR GRAD 2024 06 09 02 55  0.000000 2   2.424816207200E-12  4.666188008901E-12
AR GRAD 2024 06 09 02 55 10.000000 2   2.985814503628E-12 -1.559262430544E-13
AR GRAD 2024 06 09 02 55 20.000000 2   2.899405758885E-12 -1.398039778562E-12
AR GRAD 2024 06 09 02 55 30.000000 2   3.207220079793E-12  9.059840551384E-12
AR GRAD 2024 06 09 02 55 40.000000 2   1.417437131210E-12 -4.752277564524E-12
AR GRAD 2024 06 09 02 55 50.000000 2   1.692760298252E-12 -6.584393620612E-12
AR GRAD 2024 06 09 02 56  0.000000 2   4.796338239771E-12 -4.696517046793E-12
AR GRAD 2024 06 09 02 56 10.000000 2  -1.514640192782E-13 -2.098636368852E-12
AR GRAD 2024 06 09 02 56 20.000000 2   6.602000196532E-12 -9.400760551947E-12
AR GRAD 2024 06 09 02 56 30.000000 2   2.503921332428E-12  7.977118965385E-12
AR GRAD 2024 06 09 02 56 40.000000 2   1.574414643796E-12 -6.285007236873E-12
AR GRAD 2024 06 09 02 56 50.000000 2   2.293470318174E-12 -6.857130314952E-12
AR GRAD 2024 06 09 02 57  0.000000 2   1.053408337122E-12  7.007418191714E-13
AR GRAD 2024 06 09 02 57 10.000000 2  -1.767411629376E-12 -5.811385660887E-12
AR GRAD 2024 06 09 02 57 20.000000 2  -2.683547177876E-12 -2.473351731758E-11
AR GRAD 2024 06 09 02 57 30.000000 2   3.971516258222E-12 -2.132564437540E-11
AR GRAD 2024 06 09 02 57 40.000000 2  -2.545781239895E-13  1.074222308328E-11
AR GRAD 2024 06 09 02 57 50.000000 2   1.790861621324E-12 -2.176991052705E-11
AR GRAD 2024 06 09 02 58  0.000000 2  -1.414598364662E-12 -2.902041671207E-12
AR GRAD 2024 06 09 02 58 10.000000 2   1.120337871953E-12 -2.784177185675E-12
AR GRAD 2024 06 09 02 58 20.000000 2  -1.243677686877E-12 -1.313631148303E-11
AR GRAD 2024 06 09 02 58 30.000000 2  -7.336928915976E-14 -2.033845314386E-11
AR GRAD 2024 06 09 02 58 40.000000 2  -2.079852566214E-12 -2.662058594394E-11
AR GRAD 2024 06 09 02 58 50.000000 2   1.864654264327E-12 -1.644272565327E-11
AR GRAD 2024 06 09 02 59  0.000000 2  -1.337341912558E-12 -1.480486740146E-11
AR GRAD 2024 06 09 02 59 10.000000 2  -2.932956611953E-12 -1.189700681720E-11
AR GRAD 2024 06 09 02 59 20.000000 2  -4.506982460850E-12 -1.299152192075E-12
AR GRAD 2024 06 09 02 59 30.000000 2  -5.447870887049E-12 -1.368129394497E-11
AR GRAD 2024 06 09 02 59 40.000000 2  -2.329628894307E-12 -2.808343835259E-11
AR GRAD 2024 06 09 02 59 50.000000 2  -3.312241973752E-12 -1.030558364340E-11
AR GRAD 2024 06 09 03 00  0.000000 2  -2.744094231358E-12 -1.733773194457E-11
AR GRAD 2024 06 09 03 00 10.000000 2  -7.257919525799E-12 -2.707988173978E-11
AR GRAD 2024 06 09 03 00 20.000000 2  -6.400735410445E-12 -3.197202572136E-11
AR GRAD 2024 06 09 03 00 30.000000 2  -8.214206224932E-12 -1.520417819423E-11
AR GRAD 2024 06 09 03 00 40.000000 2  -5.699416633087E-12 -4.936329556920E-12
AR GRAD 2024 06 09 03 00 50.000000 2  -3.483776852067E-12 -2.477848308480E-11
AR GRAD 2024 06 09 03 01  0.000000 2  -5.816508299311E-12 -1.715063854824E-11
AR GRAD 2024 06 09 03 01 10.000000 2  -8.994729440437E-12 -2.200278848008E-11
AR GRAD 2024 06 09 03 01 20.000000 2  -2.776249499389E-12 -2.181494741793E-11
AR GRAD 2024 06 09 03 01 30.000000 2  -8.011220159476E-12 -6.177102666177E-12
AR GRAD 2024 06 09 03 01 40.000000 2  -6.151414880945E-12 -2.273926186236E-11
AR GRAD 2024 06 09 03 01 50.000000 2  -4.487410443232E-12 -2.463142190212E-11
AR GRAD 2024 06 09 03 02  0.000000 2  -8.175626842188E-12 -3.024357847492E-11
AR GRAD 2024 06 09 03 02 10.000000 2  -9.284727500725E-12 -2.103574259227E-11
AR GRAD 2024 06 09 03 02 20.000000 2  -7.779601615687E-12 -2.923790376474E-11
AR GRAD 2024 06 09 03 02 30.000000 2  -3.955833924318E-12 -2.799006859622E-11
AR GRAD 2024 06 09 03 02 40.000000 2  -6.169812490769E-12 -1.222223190711E-11
AR GRAD 2024 06 09 03 02 50.000000 2  -9.903505099329E-12 -1.547439953953E-11
AR GRAD 2024 06 09 03 03  0.000000 2  -1.000157682368E-11 -3.830656278292E-11
AR GRAD 2024 06 09 03 03 10.000000 2  -6.406688981414E-12 -7.968734179464E-12
AR GRAD 2024 06 09 03 03 20.000000 2  -7.313663563657E-12 -2.611090337001E-11
AR GRAD 2024 06 09 03 03 30.000000 2  -1.285619961183E-11 -2.461307199719E-11
AR GRAD 2024 06 09 03 03 40.000000 2  -8.611232386879E-12 -5.705242701881E-12
AR GRAD 2024 06 09 03 03 50.000000 2  -7.479805837207E-12 -2.833741921671E-11
AR GRAD 2024 06 09 03 04  0.000000 2  -7.281867817066E-12 -3.035958984210E-11
AR GRAD 2024 06 09 03 04 10.000000 2  -7.320200869076E-12 -2.581176765382E-11
AR GRAD 2024 06 09 03 04 20.000000 2  -6.531727849562E-12 -2.760393996715E-11
AR GRAD 2024 06 09 03 04 30.000000 2  -6.548429333508E-12 -2.589611684811E-11
AR GRAD 2024 06 09 03 04 40.000000 2  -5.786331483404E-12 -3.435829051823E-11
AR GRAD 2024 06 09 03 04 50.000000 2  -9.654620852784E-12 -2.528047389483E-11
