 2.00 C RINEX VERSION / TYPE
 10.00 INTERVAL
 1 AR # / TYPES OF DATA
 END OF HEADER
AR GRAD 2024 06 05 01 05  0.000000 2   3.696714809265E-11  5.983960549294E-11
AR GRAD 2024 06 05 01 05 10.000000 2   3.915693116974E-11  3.927141944970E-11
AR GRAD 2024 06 05 01 05 20.000000 2   3.670403217471E-11  2.965323125936E-11
AR GRAD 2024 06 05 01 05 30.000000 2   3.534495612856E-11  4.521503657595E-11
AR GRAD 2024 06 05 01 05 40.000000 2   4.110799547985E-11  3.516684513039E-11
AR GRAD 2024 06 05 01 05 50.000000 2   3.546784047015E-11  4.517865248577E-11
AR GRAD 2024 06 05 01 06  0.000000 2   3.966867459515E-11  4.886045387731E-11
AR GRAD 2024 06 05 01 06 10.000000 2   3.666107348255E-11  4.615225562832E-11
AR GRAD 2024 06 05 01 06 20.000000 2   3.792844510686E-11  5.735405900209E-11
AR GRAD 2024 06 05 01 06 30.000000 2   4.055725894014E-11  3.862585598591E-11
AR GRAD 2024 06 05 01 06 40.000000 2   4.043509624352E-11  3.356765213014E-11
AR GRAD 2024 06 05 01 06 50.000000 2   3.486499977612E-11  5.786944881625E-11
AR GRAD 2024 06 05 01 07  0.000000 2   3.950191215796E-11  3.792124253499E-11
AR GRAD 2024 06 05 01 07 10.000000 2   3.770641437972E-11  5.649303247424E-11
AR GRAD 2024 06 05 01 07 20.000000 2   3.996354636104E-11  3.713482299439E-11
AR GRAD 2024 06 05 01 07 30.000000 2   4.094170141800E-11  4.914660692301E-11
AR GRAD 2024 06 05 01 07 40.000000 2   3.624198857688E-11  4.875839662577E-11
AR GRAD 2024 06 05 01 07 50.000000 2   3.784091442971E-11  4.442017934037E-11
AR GRAD 2024 06 05 01 08  0.000000 2   3.582567575933E-11  2.478195947064E-11
AR GRAD 2024 06 05 01 08 10.000000 2   4.003838580124E-11  4.648374046790E-11
AR GRAD 2024 06 05 01 08 20.000000 2   3.539853479784E-11  2.869552165330E-11
AR GRAD 2024 06 05 01 08 30.000000 2   3.566740305883E-11  3.462730102655E-11
AR GRAD 2024 06 05 01 08 40.000000 2   4.193075053838E-11  5.874906811032E-11
AR GRAD 2024 06 05 01 08 50.000000 2   3.312172064396E-11  4.454085017480E-11
AR GRAD 2024 06 05 01 09  0.000000 2   4.030187988890E-11  4.437262363099E-11
AR GRAD 2024 06 05 01 09 10.000000 2   3.484219857075E-11  5.565439081812E-11
AR GRAD 2024 06 05 01 09 20.000000 2   3.123631908686E-11  3.866615708170E-11
AR GRAD 2024 06 05 01 09 30.000000 2   3.878677240499E-11  4.808792947175E-11
AR GRAD 2024 06 05 01 09 40.000000 2   3.938638651335E-11  3.029969330992E-11
AR GRAD 2024 06 05 01 09 50.000000 2   3.271096588042E-11  5.487145460226E-11
AR GRAD 2024 06 05 01 10  0.000000 2   3.262065964571E-11  4.584321811052E-11
AR GRAD 2024 06 05 01 10 10.000000 2   3.330652767475E-11  4.922497826021E-11
AR GRAD 2024 06 05 01 10 20.000000 2   3.402374909589E-11  5.245673687093E-11
AR GRAD 2024 06 05 01 10 30.000000 2   3.459958014540E-11  4.019849383918E-11
AR GRAD 2024 06 05 01 10 40.000000 2   3.491742311956E-11  4.423024793643E-11
AR GRAD 2024 06 05 01 10 50.000000 2   3.435675355323E-11  4.134199926842E-11
AR GRAD 2024 06 05 01 11  0.000000 2   3.748530652548E-11  4.514375331888E-11
AR GRAD 2024 06 05 01 11 10.000000 2   3.241325610692E-11  4.013550256032E-11
AR GRAD 2024 06 05 01 11 20.000000 2   3.589152586247E-11  4.097724590202E-11
AR GRAD 2024 06 05 01 11 30.000000 2   3.179707885881E-11  5.474899353319E-11
AR GRAD 2024 06 05 01 11 40.000000 2   2.568071796882E-11  5.886073572992E-11
AR GRAD 2024 06 05 01 11 50.000000 2   3.178587601460E-11  4.410248208297E-11
AR GRAD 2024 06 05 01 12  0.000000 2   3.234238571403E-11  4.540422204879E-11
AR GRAD 2024 06 05 01 12 10.000000 2   3.253647004597E-11  4.526596111831E-11
AR GRAD 2024 06 05 01 12 20.000000 2   3.163670714290E-11  4.942769804561E-11
AR GRAD 2024 06 05 01 12 30.000000 2   3.242904209055E-11  3.711943252771E-11
AR GRAD 2024 06 05 01 12 40.000000 2   3.007163615343E-11  4.819116633525E-11
AR GRAD 2024 06 05 01 12 50.000000 2   2.902172079045E-11  3.751289903708E-11
AR GRAD 2024 06 05 01 13  0.000000 2   2.912069890781E-11  3.229462877674E-11
AR GRAD 2024 06 05 01 13 10.000000 2   2.955859515485E-11  5.749635836882E-11
AR GRAD 2024 06 05 01 13 20.000000 2   3.607639187386E-11  3.368808357274E-11
AR GRAD 2024 06 05 01 13 30.000000 2   3.226432662706E-11  4.635981182277E-11
AR GRAD 2024 06 05 01 13 40.000000 2   3.287589991907E-11  4.749153154071E-11
AR GRAD 2024 06 05 01 13 50.000000 2   3.146957694433E-11  3.479325508260E-11
AR GRAD 2024 06 05 01 14  0.000000 2   3.228345368811E-11  4.446497683941E-11
AR GRAD 2024 06 05 01 14 10.000000 2   2.889634885539E-11  3.685669477949E-11
AR GRAD 2024 06 05 01 14 20.000000 2   3.296493633620E-11  5.082840745518E-11
AR GRAD 2024 06 05 01 14 30.000000 2   3.196181166953E-11  4.232012310035E-11
AR GRAD 2024 06 05 01 14 40.000000 2   3.227846462339E-11  6.115183359690E-11
AR GRAD 2024 06 05 01 14 50.000000 2   3.345642513031E-11  3.927354622069E-11
AR GRAD 2024 06 05 01 15  0.000000 2   3.106258653074E-11  3.407525650534E-11
AR GRAD 2024 06 05 01 15 10.000000 2   2.719119374106E-11  3.583696533971E-11
AR GRAD 2024 06 05 01 15 20.000000 2   2.840250083735E-11  4.640867204420E-11
AR GRAD 2024 06 05 01 15 30.000000 2   2.709973564996E-11  4.006037515603E-11
AR GRAD 2024 06 05 01 15 40.000000 2   2.753624585294E-11  2.142207418399E-11
AR GRAD 2024 06 05 01 15 50.000000 2   3.294274228405E-11  4.080377702387E-11
AR GRAD 2024 06 05 01 16  0.000000 2   2.542767038594E-11  4.205547715630E-11
AR GRAD 2024 06 05 01 16 10.000000 2   2.894845300971E-11  3.467717085703E-11
AR GRAD 2024 06 05 01 16 20.000000 2   2.560640068039E-11  4.298886940868E-11
AR GRAD 2024 06 05 01 16 30.000000 2   2.541939748968E-11  4.908056253083E-11
AR GRAD 2024 06 05 01 16 40.000000 2   2.871761509149E-11  2.742225196917E-11
AR GRAD 2024 06 05 01 16 50.000000 2   2.159765248588E-11  1.548394225337E-11
AR GRAD 2024 06 05 01 17  0.000000 2   2.533011127237E-11  3.371563098153E-11
AR GRAD 2024 06 05 01 17 10.000000 2   2.543793474474E-11  4.276731746522E-11
AR GRAD 2024 06 05 01 17 20.000000 2   2.128451755123E-11  4.016900354009E-11
AR GRAD 2024 06 05 01 17 30.000000 2   2.576752873573E-11  4.041068868421E-11
AR GRAD 2024 06 05 01 17 40.000000 2   2.618348420025E-11  3.820236835206E-11
AR GRAD 2024 06 05 01 17 50.000000 2   2.340770112463E-11  4.712404771956E-11
AR GRAD 2024 06 05 01 18  0.000000 2   2.165593745995E-11  2.821572489542E-11
AR GRAD 2024 06 05 01 18 10.000000 2   1.886432503262E-11  3.771740211822E-11
AR GRAD 2024 06 05 01 18 20.000000 2   2.448710505198E-11  3.203907625315E-11
AR GRAD 2024 06 05 01 18 30.000000 2   1.708998394190E-11  3.431074868665E-11
AR GRAD 2024 06 05 01 18 40.000000 2   2.457362438535E-11  4.079241805455E-11
AR GRAD 2024 06 05 01 18 50.000000 2   1.993340735529E-11  2.753408612222E-11
AR GRAD 2024 06 05 01 19  0.000000 2   1.171967817931E-11  2.667575535464E-11
AR GRAD 2024 06 05 01 19 10.000000 2   2.300428077195E-11  3.462742245719E-11
AR GRAD 2024 06 05 01 19 20.000000 2   1.974394259197E-11  4.013908649902E-11
AR GRAD 2024 06 05 01 19 30.000000 2   1.583241870939E-11  3.974074888613E-11
AR GRAD 2024 06 05 01 19 40.000000 2   1.832521114020E-11  1.602240735921E-11
AR GRAD 2024 06 05 01 19 50.000000 2   1.344164970302E-11  3.142406820866E-11
AR GRAD 2024 06 05 01 20  0.000000 2   1.811840781574E-11  3.824572256117E-11
AR GRAD 2024 06 05 01 20 10.000000 2   1.167212420466E-11  2.785737786282E-11
AR GRAD 2024 06 05 01 20 20.000000 2   1.536688137849E-11  2.501903198504E-11
AR GRAD 2024 06 05 01 20 30.000000 2   1.605475995203E-11  3.767068601501E-11
AR GRAD 2024 06 05 01 20 40.000000 2   1.691290510419E-11  1.354233305356E-11
AR GRAD 2024 06 05 01 20 50.000000 2   1.128147228413E-11  3.543398213735E-11
AR GRAD 2024 06 05 01 21  0.000000 2   1.641291963450E-11  3.883562915696E-11
AR GRAD 2024 06 05 01 21 10.000000 2   1.328073154921E-11  2.037727278581E-11
AR GRAD 2024 06 05 01 21 20.000000 2   1.364793174308E-11  2.998891412975E-11
AR GRAD 2024 06 05 01 21 30.000000 2   1.355489505361E-11  4.128055883235E-11
AR GRAD 2024 06 05 01 21 40.000000 2   1.417956203842E-11  2.725219529209E-11
AR GRAD 2024 06 05 01 21 50.000000 2   1.145776876155E-11  3.718383587148E-11
AR GRAD 2024 06 05 01 22  0.000000 2   1.485572775906E-11  2.704546829546E-11
AR GRAD 2024 06 05 01 22 10.000000 2   1.458884228700E-11  2.782710346871E-11
AR GRAD 2024 06 05 01 22 20.000000 2   8.191686912129E-12  3.405873846840E-11
AR GRAD 2024 06 05 01 22 30.000000 2   8.513296838319E-12  2.934036694158E-11
AR GRAD 2024 06 05 01 22 40.000000 2   1.416143504546E-11  3.938199766296E-11
AR GRAD 2024 06 05 01 22 50.000000 2   1.130541233546E-11  4.273362566587E-11
AR GRAD 2024 06 05 01 23  0.000000 2   1.722700627982E-11  2.091524869963E-11
AR GRAD 2024 06 05 01 23 10.000000 2   1.344993994651E-11  2.006687177536E-11
AR GRAD 2024 06 05 01 23 20.000000 2   1.247189938131E-11  2.833849474526E-11
AR GRAD 2024 06 05 01 23 30.000000 2   1.198036895383E-11  3.395011702323E-11
AR GRAD 2024 06 05 01 23 40.000000 2   1.468239071989E-11  2.120173307751E-11
AR GRAD 2024 06 05 01 23 50.000000 2   1.445456081217E-11  2.691335002081E-11
AR GRAD 2024 06 05 01 24  0.000000 2   9.631198616411E-12  2.895496342692E-11
AR GRAD 2024 06 05 01 24 10.000000 2   9.095414525706E-12  2.873657908853E-11
AR GRAD 2024 06 05 01 24 20.000000 2   1.092900509675E-11  3.218188302651E-12
AR GRAD 2024 06 05 01 24 30.000000 2   4.663729038373E-12  1.689979926833E-11
AR GRAD 2024 06 05 01 24 40.000000 2   9.878718502943E-12  9.841408070421E-12
AR GRAD 2024 06 05 01 24 50.000000 2   3.475096512634E-12  4.566301850528E-11
AR GRAD 2024 06 05 01 25  0.000000 2   6.361356753859E-12  1.720461793864E-11
AR GRAD 2024 06 05 01 25 10.000000 2   1.098613127554E-11  1.358622155750E-11
AR GRAD 2024 06 05 01 25 20.000000 2   7.233754827779E-12  2.551782396498E-11
AR GRAD 2024 06 05 01 25 30.000000 2   6.478827023482E-12  2.124942062587E-11
AR GRAD 2024 06 05 01 25 40.000000 2   5.489820403826E-12  2.734101833823E-11
AR GRAD 2024 06 05 01 25 50.000000 2   2.185014972775E-12  2.136261480212E-11
AR GRAD 2024 06 05 01 26  0.000000 2   8.632625864147E-12  2.183420805268E-11
AR GRAD 2024 06 05 01 26 10.000000 2   4.494245687409E-12  6.485800611855E-12
AR GRAD 2024 06 05 01 26 20.000000 2   1.323859750123E-12  3.172739154733E-11
AR GRAD 2024 06 05 01 26 30.000000 2   8.347057420255E-12  1.259898001899E-11
AR GRAD 2024 06 05 01 26 40.000000 2  -3.270632191726E-13  2.526056794294E-11
AR GRAD 2024 06 05 01 26 50.000000 2   9.718113900409E-13  7.992152079028E-12
AR GRAD 2024 06 05 01 27  0.000000 2   5.789307835208E-13  1.309373876685E-11
AR GRAD 2024 06 05 01 27 10.000000 2   4.881814136964E-12  1.145531759728E-11
AR GRAD 2024 06 05 01 27 20.000000 2  -4.852307791681E-13  3.674690066124E-11
AR GRAD 2024 06 05 01 27 30.000000 2  -4.402667033027E-12  9.338477040266E-12
AR GRAD 2024 06 05 01 27 40.000000 2  -2.943808825179E-12  1.400564505951E-13
AR GRAD 2024 06 05 01 27 50.000000 2  -2.298663863420E-12  7.771628826592E-12
AR GRAD 2024 06 05 01 28  0.000000 2  -1.731609538917E-12  1.830320096874E-11
AR GRAD 2024 06 05 01 28 10.000000 2  -6.722726542119E-12  1.056477388212E-11
AR GRAD 2024 06 05 01 28 20.000000 2  -3.450095677898E-12  2.654634324861E-11
AR GRAD 2024 06 05 01 28 30.000000 2  -3.612207755133E-12  5.117910435726E-12
AR GRAD 2024 06 05 01 28 40.000000 2  -2.574174380598E-12  1.635947627365E-11
AR GRAD 2024 06 05 01 28 50.000000 2  -1.986454837427E-12  1.486103948234E-11
AR GRAD 2024 06 05 01 29  0.000000 2  -7.264795969658E-12  1.358260379170E-11
AR GRAD 2024 06 05 01 29 10.000000 2  -3.716882704397E-12  7.644167417109E-12
AR GRAD 2024 06 05 01 29 20.000000 2  -6.318908504083E-12  1.462572250810E-11
AR GRAD 2024 06 05 01 29 30.000000 2  -2.256734295963E-12 -3.702719554577E-12
AR GRAD 2024 06 05 01 29 40.000000 2  -8.051712074852E-12 -1.321162038277E-12
AR GRAD 2024 06 05 01 29 50.000000 2  -3.228124148200E-12 -1.939611015203E-12
AR GRAD 2024 06 05 01 30  0.000000 2  -7.140564615288E-12  1.670194191283E-11
AR GRAD 2024 06 05 01 30 10.000000 2  -7.754071690291E-12  1.450349302462E-11
AR GRAD 2024 06 05 01 30 20.000000 2  -5.083961897301E-12  6.915043624517E-12
AR GRAD 2024 06 05 01 30 30.000000 2  -4.085296337331E-12  1.260659111824E-11
AR GRAD 2024 06 05 01 30 40.000000 2  -1.209209728875E-11  1.165813452719E-11
AR GRAD 2024 06 05 01 30 50.000000 2  -6.187668866869E-12  1.571967729597E-11
AR GRAD 2024 06 05 01 31  0.000000 2  -5.481096045784E-12 -9.368779189944E-12
AR GRAD 2024 06 05 01 31 10.000000 2  -8.000525589247E-12 -5.357243294812E-12
AR GRAD 2024 06 05 01 31 20.000000 2  -1.298651637616E-11 -1.275570100934E-11
AR GRAD 2024 06 05 01 31 30.000000 2  -1.017548805632E-11  1.245834598679E-12
AR GRAD 2024 06 05 01 31 40.000000 2  -3.563760614736E-12  7.007367342632E-12
AR GRAD 2024 06 05 01 31 50.000000 2  -8.920783382826E-12 -4.901099491528E-12
AR GRAD 2024 06 05 01 32  0.000000 2  -8.896486845822E-12  5.504343725607E-13
AR GRAD 2024 06 05 01 32 10.000000 2  -9.012184228052E-12 -5.238037868033E-12
AR GRAD 2024 06 05 01 32 20.000000 2  -8.291168966668E-12  1.933488525535E-12
AR GRAD 2024 06 05 01 32 30.000000 2  -1.179183313493E-11 -2.814983923044E-12
AR GRAD 2024 06 05 01 32 40.000000 2  -1.101521738406E-11  2.765387203084E-13
AR GRAD 2024 06 05 01 32 50.000000 2  -9.785048639410E-12  6.838061367143E-12
AR GRAD 2024 06 05 01 33  0.000000 2  -9.272530659965E-12  4.095825783569E-13
AR GRAD 2024 06 05 01 33 10.000000 2  -9.474972889612E-12 -4.268896434262E-12
AR GRAD 2024 06 05 01 33 20.000000 2  -1.267313250869E-11 -4.717379264996E-12
AR GRAD 2024 06 05 01 33 30.000000 2  -1.639948940535E-11 -2.458661529578E-13
AR GRAD 2024 06 05 01 33 40.000000 2  -1.305028914794E-11 -6.543510308252E-13
AR GRAD 2024 06 05 01 33 50.000000 2  -1.005273642107E-11 -6.328396465714E-13
AR GRAD 2024 06 05 01 34  0.000000 2  -1.478858355219E-11 -2.721331189906E-12
AR GRAD 2024 06 05 01 34 10.000000 2  -1.717354904118E-11 -1.513982168799E-11
AR GRAD 2024 06 05 01 34 20.000000 2  -1.064843786064E-11 -4.168313263997E-12
AR GRAD 2024 06 05 01 34 30.000000 2  -2.007575702900E-11  2.823190682968E-12
AR GRAD 2024 06 05 01 34 40.000000 2  -1.648883113381E-11 -9.465306143042E-12
AR GRAD 2024 06 05 01 34 50.000000 2  -1.660138346238E-11 -2.043803060819E-12
AR GRAD 2024 06 05 01 35  0.000000 2  -1.891258330500E-11 -7.172306585451E-12
AR GRAD 2024 06 05 01 35 10.000000 2  -1.421880148345E-11 -8.510807510131E-12
AR GRAD 2024 06 05 01 35 20.000000 2  -2.010903943361E-11 -1.793113997128E-13
AR GRAD 2024 06 05 01 35 30.000000 2  -2.247922334386E-11 -1.228781659757E-11
AR GRAD 2024 06 05 01 35 40.000000 2  -2.006859782522E-11 -1.360632526787E-11
AR GRAD 2024 06 05 01 35 50.000000 2  -2.124231866796E-11 -2.284832913146E-12
AR GRAD 2024 06 05 01 36  0.000000 2  -2.238354640527E-11 -1.400334362356E-11
AR GRAD 2024 06 05 01 36 10.000000 2  -2.596258798226E-11 -9.851854575194E-12
AR GRAD 2024 06 05 01 36 20.000000 2  -1.899124607574E-11 -3.338037138367E-11
AR GRAD 2024 06 05 01 36 30.000000 2  -2.255002781726E-11 -1.877888296253E-11
AR GRAD 2024 06 05 01 36 40.000000 2  -1.863643961375E-11 -1.622740310181E-11
AR GRAD 2024 06 05 01 36 50.000000 2  -2.305777097034E-11 -7.705922705492E-12
AR GRAD 2024 06 05 01 37  0.000000 2  -2.381945508889E-11 -1.668444202241E-11
AR GRAD 2024 06 05 01 37 10.000000 2  -1.123177939544E-11 -1.545296876571E-11
AR GRAD 2024 06 05 01 37 20.000000 2  -2.519251994515E-11 -1.971149285462E-11
AR GRAD 2024 06 05 01 37 30.000000 2  -2.175247135194E-11 -1.662001612723E-11
AR GRAD 2024 06 05 01 37 40.000000 2  -2.627882286776E-11 -9.898543790188E-12
AR GRAD 2024 06 05 01 37 50.000000 2  -2.303541385418E-11 -2.124707701445E-11
AR GRAD 2024 06 05 01 38  0.000000 2  -2.648008201600E-11 -2.935606835744E-12
AR GRAD 2024 06 05 01 38 10.000000 2  -2.100273774341E-11 -2.623413812575E-11
AR GRAD 2024 06 05 01 38 20.000000 2  -2.458455140852E-11 -8.492676180361E-12
AR GRAD 2024 06 05 01 38 30.000000 2  -2.703040742624E-11 -1.622121360845E-11
AR GRAD 2024 06 05 01 38 40.000000 2  -2.671404243648E-11 -2.279975513941E-11
AR GRAD 2024 06 05 01 38 50.000000 2  -2.462915808799E-11 -3.183828894970E-11
AR GRAD 2024 06 05 01 39  0.000000 2  -2.101356588735E-11 -5.526834632313E-12
AR GRAD 2024 06 05 01 39 10.000000 2  -1.884543909814E-11 -2.151537975559E-11
AR GRAD 2024 06 05 01 39 20.000000 2  -1.949730134287E-11 -1.061392206764E-11
AR GRAD 2024 06 05 01 39 30.000000 2  -2.917482228026E-11 -5.072471956358E-12
AR GRAD 2024 06 05 01 39 40.000000 2  -2.736643030243E-11 -1.668101941299E-11
AR GRAD 2024 06 05 01 39 50.000000 2  -2.320372713416E-11 -1.618957225225E-11
AR GRAD 2024 06 05 01 40  0.000000 2  -2.310737712286E-11 -3.574812668106E-11
AR GRAD 2024 06 05 01 40 10.000000 2  -2.550822053582E-11 -1.605667855620E-11
AR GRAD 2024 06 05 01 40 20.000000 2  -2.026217735263E-11 -2.316523535495E-11
AR GRAD 2024 06 05 01 40 30.000000 2  -2.460956265160E-11 -1.945379274337E-11
AR GRAD 2024 06 05 01 40 40.000000 2  -1.900317229964E-11 -1.539235232328E-11
AR GRAD 2024 06 05 01 40 50.000000 2  -2.586280321848E-11 -2.557091517696E-11
AR GRAD 2024 06 05 01 41  0.000000 2  -2.186890772637E-11 -1.659947873600E-11
AR GRAD 2024 06 05 01 41 10.000000 2  -2.691330838744E-11 -2.175804328375E-11
AR GRAD 2024 06 05 01 41 20.000000 2  -2.292135058146E-11 -1.755660894442E-11
AR GRAD 2024 06 05 01 41 30.000000 2  -2.540722320032E-11 -2.314517674740E-11
AR GRAD 2024 06 05 01 41 40.000000 2  -2.494745555970E-11 -2.402374826849E-11
AR GRAD 2024 06 05 01 41 50.000000 2  -2.131742178613E-11 -2.543232117957E-11
AR GRAD 2024 06 05 01 42  0.000000 2  -2.164053311549E-11 -1.633089150022E-11
AR GRAD 2024 06 05 01 42 10.000000 2  -2.664719660206E-11 -2.032946554154E-11
AR GRAD 2024 06 05 01 42 20.000000 2  -2.261438779294E-11 -1.769804441887E-11
AR GRAD 2024 06 05 01 42 30.000000 2  -2.494836802425E-11 -2.612662690360E-11
AR GRAD 2024 06 05 01 42 40.000000 2  -2.302783311259E-11 -1.972520410898E-11
AR GRAD 2024 06 05 01 42 50.000000 2  -2.318105603305E-11 -1.402378473764E-11
AR GRAD 2024 06 05 01 43  0.000000 2  -2.487326317135E-11 -2.543237495600E-11
AR GRAD 2024 06 05 01 43 10.000000 2  -1.842209544634E-11 -1.570095616021E-11
AR GRAD 2024 06 05 01 43 20.000000 2  -2.361160052200E-11 -3.127954145699E-11
AR GRAD 2024 06 05 01 43 30.000000 2  -2.441966941158E-11 -3.238812690265E-11
AR GRAD 2024 06 05 01 43 40.000000 2  -2.336518999113E-11 -2.706672386221E-11
AR GRAD 2024 06 05 01 43 50.000000 2  -2.571843606136E-11 -1.590531872875E-11
AR GRAD 2024 06 05 01 44  0.000000 2  -2.427891047929E-11 -3.909390519641E-11
AR GRAD 2024 06 05 01 44 10.000000 2  -2.750852670652E-11 -1.942251047493E-11
AR GRAD 2024 06 05 01 44 20.000000 2  -1.874097231569E-11 -3.779110704927E-11
AR GRAD 2024 06 05 01 44 30.000000 2  -1.931002753530E-11 -4.963970207106E-11
AR GRAD 2024 06 05 01 44 40.000000 2  -2.536738527570E-11 -2.378830465943E-11
AR GRAD 2024 06 05 01 44 50.000000 2  -2.116873863700E-11 -3.471690643297E-11
AR GRAD 2024 06 05 01 45  0.000000 2  -2.511785571202E-11 -1.214551202666E-11
AR GRAD 2024 06 05 01 45 10.000000 2  -2.490297378033E-11 -2.855412434277E-11
AR GRAD 2024 06 05 01 45 20.000000 2  -2.487600576917E-11 -3.855273045250E-11
AR GRAD 2024 06 05 01 45 30.000000 2  -2.785609243272E-11 -2.918133790164E-11
AR GRAD 2024 06 05 01 45 40.000000 2  -2.284680604425E-11 -2.549995284373E-11
AR GRAD 2024 06 05 01 45 50.000000 2  -1.949231054343E-11 -2.208856361707E-11
AR GRAD 2024 06 05 01 46  0.000000 2  -2.242283789200E-11 -1.906717839173E-11
AR GRAD 2024 06 05 01 46 10.000000 2  -2.741301456666E-11 -1.798579687962E-11
AR GRAD 2024 06 05 01 46 20.000000 2  -2.329357366715E-11 -4.008442189285E-11
AR GRAD 2024 06 05 01 46 30.000000 2  -2.337653681739E-11 -2.165303526758E-11
AR GRAD 2024 06 05 01 46 40.000000 2  -2.425832625053E-11 -4.145166154768E-11
AR GRAD 2024 06 05 01 46 50.000000 2  -2.384816476242E-11 -2.602028315035E-11
AR GRAD 2024 06 05 01 47  0.000000 2  -2.433517623524E-11 -1.812891330111E-11
AR GRAD 2024 06 05 01 47 10.000000 2  -2.507658664053E-11 -1.785754009942E-11
AR GRAD 2024 06 05 01 47 20.000000 2  -2.572336614548E-11 -2.160616824343E-11
AR GRAD 2024 06 05 01 47 30.000000 2  -2.341167364139E-11 -3.750479787845E-11
AR GRAD 2024 06 05 01 47 40.000000 2  -2.293068512849E-11 -1.424343022000E-11
AR GRAD 2024 06 05 01 47 50.000000 2  -2.226935649774E-11 -3.652206662097E-11
AR GRAD 2024 06 05 01 48  0.000000 2  -2.118796284256E-11 -2.991070238711E-11
AR GRAD 2024 06 05 01 48 10.000000 2  -2.342201259331E-11 -3.754933516897E-11
AR GRAD 2024 06 05 01 48 20.000000 2  -2.252059649877E-11 -5.143797540685E-11
AR GRAD 2024 06 05 01 48 30.000000 2  -2.280122965437E-11 -1.886662180650E-11
AR GRAD 2024 06 05 01 48 40.000000 2  -2.396747383893E-11 -2.763526907312E-11
AR GRAD 2024 06 05 01 48 50.000000 2  -2.076136658424E-11 -3.956391117499E-11
AR GRAD 2024 06 05 01 49  0.000000 2  -1.948274874763E-11 -3.652255234354E-11
AR GRAD 2024 06 05 01 49 10.000000 2  -2.751913454058E-11 -4.950120868763E-11
AR GRAD 2024 06 05 01 49 20.000000 2  -1.757919851353E-11 -3.892985239728E-11
AR GRAD 2024 06 05 01 49 30.000000 2  -2.170796181700E-11 -2.311850710868E-11
AR GRAD 2024 06 05 01 49 40.000000 2  -1.978990409046E-11 -3.244715954254E-11
AR GRAD 2024 06 05 01 49 50.000000 2  -2.461644083018E-11 -3.355581784659E-11
AR GRAD 2024 06 05 01 50  0.000000 2  -2.283486073840E-11 -2.808447398250E-11
AR GRAD 2024 06 05 01 50 10.000000 2  -2.169696713961E-11 -2.638314219872E-11
AR GRAD 2024 06 05 01 50 20.000000 2  -2.273403340580E-11 -1.936179688800E-11
AR GRAD 2024 06 05 01 50 30.000000 2  -2.050776215512E-11 -2.172046049964E-11
AR GRAD 2024 06 05 01 50 40.000000 2  -2.288896329417E-11 -3.130912890059E-11
AR GRAD 2024 06 05 01 50 50.000000 2  -1.964999864212E-11 -2.654779174271E-11
AR GRAD 2024 06 05 01 51  0.000000 2  -2.212925329093E-11 -3.331645723192E-11
AR GRAD 2024 06 05 01 51 10.000000 2  -2.176874479287E-11 -1.767513045647E-11
AR GRAD 2024 06 05 01 51 20.000000 2  -2.176059332726E-11 -3.247380489513E-11
AR GRAD 2024 06 05 01 51 30.000000 2  -1.840814826959E-11 -3.538247125845E-11
AR GRAD 2024 06 05 01 51 40.000000 2  -2.047746174016E-11 -2.865114916151E-11
AR GRAD 2024 06 05 01 51 50.000000 2  -1.913087743777E-11 -2.453982156370E-11
AR GRAD 2024 06 05 01 52  0.000000 2  -2.330976557607E-11 -3.224850594896E-11
AR GRAD 2024 06 05 01 52 10.000000 2  -2.097126985956E-11 -3.528717595902E-11
AR GRAD 2024 06 05 01 52 20.000000 2  -2.141927260557E-11 -3.537586543145E-11
AR GRAD 2024 06 05 01 52 30.000000 2  -2.270449800390E-11 -1.300454622460E-11
AR GRAD 2024 06 05 01 52 40.000000 2  -2.239541017912E-11 -3.862323655346E-11
AR GRAD 2024 06 05 01 52 50.000000 2  -1.986012916622E-11 -1.703192101243E-11
AR GRAD 2024 06 05 01 53  0.000000 2  -1.975487828876E-11 -3.517060948033E-11
AR GRAD 2024 06 05 01 53 10.000000 2  -2.027653739356E-11 -3.240930093740E-11
AR GRAD 2024 06 05 01 53 20.000000 2  -2.107935527518E-11 -2.999799020298E-11
AR GRAD 2024 06 05 01 53 30.000000 2  -2.149444337796E-11 -8.786684921325E-12
AR GRAD 2024 06 05 01 53 40.000000 2  -1.658204649979E-11 -3.136537904402E-11
AR GRAD 2024 06 05 01 53 50.000000 2  -1.424698119895E-11 -9.654079619059E-12
AR GRAD 2024 06 05 01 54  0.000000 2  -2.229882598015E-11 -2.039277947896E-11
AR GRAD 2024 06 05 01 54 10.000000 2  -2.191409727292E-11 -1.034147854156E-11
AR GRAD 2024 06 05 01 54 20.000000 2  -1.291694442379E-11 -2.396017932671E-11
AR GRAD 2024 06 05 01 54 30.000000 2  -2.379658102514E-11 -2.647889199570E-11
AR GRAD 2024 06 05 01 54 40.000000 2  -2.072378033069E-11 -3.849759053209E-11
AR GRAD 2024 06 05 01 54 50.000000 2  -1.693561436922E-11 -1.072630005650E-11
AR GRAD 2024 06 05 01 55  0.000000 2  -1.771243915427E-11 -2.040501101419E-11
AR GRAD 2024 06 05 01 55 10.000000 2  -2.437360209495E-11 -1.857372242120E-11
AR GRAD 2024 06 05 01 55 20.000000 2  -2.019363322392E-11 -2.746243683849E-11
AR GRAD 2024 06 05 01 55 30.000000 2  -1.755478054588E-11 -2.175115122738E-11
AR GRAD 2024 06 05 01 55 40.000000 2  -2.060615046651E-11 -1.527986938366E-11
AR GRAD 2024 06 05 01 55 50.000000 2  -1.702597438036E-11 -1.453858648054E-11
AR GRAD 2024 06 05 01 56  0.000000 2  -1.809950453402E-11 -5.587308393729E-12
AR GRAD 2024 06 05 01 56 10.000000 2  -2.090835837798E-11 -4.318602767062E-11
AR GRAD 2024 06 05 01 56 20.000000 2  -1.649585502916E-11 -2.018475143972E-11
AR GRAD 2024 06 05 01 56 30.000000 2  -1.661162180033E-11 -3.165347844947E-11
AR GRAD 2024 06 05 01 56 40.000000 2  -2.205314056369E-11 -3.018220395834E-11
AR GRAD 2024 06 05 01 56 50.000000 2  -1.561986304188E-11 -2.061093483385E-11
AR GRAD 2024 06 05 01 57  0.000000 2  -2.101837974500E-11 -3.498966394400E-11
AR GRAD 2024 06 05 01 57 10.000000 2  -1.253016787550E-11 -1.578839663174E-11
AR GRAD 2024 06 05 01 57 20.000000 2  -2.443679286701E-11 -5.537130649824E-12
AR GRAD 2024 06 05 01 57 30.000000 2  -1.585021870698E-11 -1.875586491673E-11
AR GRAD 2024 06 05 01 57 40.000000 2  -1.714510998452E-11 -3.713460788868E-11
AR GRAD 2024 06 05 01 57 50.000000 2  -1.319363715502E-11 -3.072334400778E-11
AR GRAD 2024 06 05 01 58  0.000000 2  -1.627976226048E-11 -2.218208602911E-11
AR GRAD 2024 06 05 01 58 10.000000 2  -1.583418118845E-11 -3.067083392816E-11
AR GRAD 2024 06 05 01 58 20.000000 2  -1.623364116743E-11 -5.409572963189E-12
AR GRAD 2024 06 05 01 58 30.000000 2  -1.697899112973E-11 -1.698832220731E-11
AR GRAD 2024 06 05 01 58 40.000000 2  -1.700136038896E-11 -2.195706984287E-11
AR GRAD 2024 06 05 01 58 50.000000 2  -1.443243961841E-11 -3.751581684197E-11
AR GRAD 2024 06 05 01 59  0.000000 2  -1.417491297950E-11 -1.262456979234E-11
AR GRAD 2024 06 05 01 59 10.000000 2  -1.827146940692E-11 -1.480332349757E-11
AR GRAD 2024 06 05 01 59 20.000000 2  -1.163138248911E-11 -2.610207883169E-11
AR GRAD 2024 06 05 01 59 30.000000 2  -1.697706038251E-11 -2.975083374102E-11
AR GRAD 2024 06 05 01 59 40.000000 2  -1.145048292295E-11 -1.518959263924E-11
AR GRAD 2024 06 05 01 59 50.000000 2  -1.010168945020E-11 -7.578352875792E-12
AR GRAD 2024 06 05 02 00  0.000000 2  -1.594151546880E-11 -7.737115635675E-12
AR GRAD 2024 06 05 02 00 10.000000 2  -1.318016876195E-11 -1.957587911217E-11
AR GRAD 2024 06 05 02 00 20.000000 2  -1.309560272722E-11 -1.612464328726E-11
AR GRAD 2024 06 05 02 00 30.000000 2  -1.159831172076E-11 -4.423413458438E-12
AR GRAD 2024 06 05 02 00 40.000000 2  -1.473018061693E-11 -2.582183165206E-12
AR GRAD 2024 06 05 02 00 50.000000 2  -7.627321517434E-12 -2.580954547304E-12
AR GRAD 2024 06 05 02 01  0.000000 2  -1.084286653519E-11 -3.106971971367E-11
AR GRAD 2024 06 05 02 01 10.000000 2  -3.999884191225E-12 -4.487849675217E-11
AR GRAD 2024 06 05 02 01 20.000000 2  -1.096166647035E-11  1.772272259504E-11
AR GRAD 2024 06 05 02 01 30.000000 2  -7.158316907979E-12 -2.594605259809E-11
AR GRAD 2024 06 05 02 01 40.000000 2  -8.527346363751E-12  6.425164653795E-12
AR GRAD 2024 06 05 02 01 50.000000 2  -9.540936617147E-12 -2.213361958991E-11
AR GRAD 2024 06 05 02 02  0.000000 2  -1.093145105685E-11 -7.902399221105E-12
AR GRAD 2024 06 05 02 02 10.000000 2  -6.129285447243E-12 -2.155118444813E-11
AR GRAD 2024 06 05 02 02 20.000000 2  -1.475617718294E-11 -1.226997149717E-11
AR GRAD 2024 06 05 02 02 30.000000 2  -7.369682988867E-12 -1.118875738587E-11
AR GRAD 2024 06 05 02 02 40.000000 2  -1.010892931863E-11 -2.026755152595E-11
AR GRAD 2024 06 05 02 02 50.000000 2  -1.067334848975E-11  2.333659307463E-12
AR GRAD 2024 06 05 02 03  0.000000 2  -5.396781112277E-12 -4.552513574452E-11
AR GRAD 2024 06 05 02 03 10.000000 2  -8.509274014579E-12 -2.883930073916E-12
AR GRAD 2024 06 05 02 03 20.000000 2  -7.080987272229E-12 -2.389272460435E-11
AR GRAD 2024 06 05 02 03 30.000000 2  -8.334956856648E-12 -3.050152144746E-11
AR GRAD 2024 06 05 02 03 40.000000 2  -9.822987909192E-12  6.799674538704E-12
AR GRAD 2024 06 05 02 03 50.000000 2  -8.606828791335E-12 -3.149912969347E-11
AR GRAD 2024 06 05 02 04  0.000000 2  -1.028584595969E-11 -1.339793293670E-11
AR GRAD 2024 06 05 02 04 10.000000 2  -3.842906895479E-12 -1.316673940016E-11
AR GRAD 2024 06 05 02 04 20.000000 2  -1.982104584630E-12 -1.988554633459E-11
AR GRAD 2024 06 05 02 04 30.000000 2  -1.179993516093E-11 -5.654357624479E-12
AR GRAD 2024 06 05 02 04 40.000000 2  -7.270768622586E-12 -4.993167771611E-12
AR GRAD 2024 06 05 02 04 50.000000 2  -1.068269431248E-11 -1.741198157879E-11
AR GRAD 2024 06 05 02 05  0.000000 2  -6.877394053556E-12 -2.086079226027E-11
AR GRAD 2024 06 05 02 05 10.000000 2  -8.189766573241E-12 -7.039610214199E-12
AR GRAD 2024 06 05 02 05 20.000000 2  -8.219824126909E-12 -1.514842765116E-11
AR GRAD 2024 06 05 02 05 30.000000 2  -8.689779798510E-12 -1.469724862646E-11
AR GRAD 2024 06 05 02 05 40.000000 2  -8.217130968713E-12 -1.539606810097E-11
AR GRAD 2024 06 05 02 05 50.000000 2  -6.307523080229E-12 -1.760489323765E-11
AR GRAD 2024 06 05 02 06  0.000000 2   5.295951936539E-13 -8.923715932863E-12
AR GRAD 2024 06 05 02 06 10.000000 2  -4.347153713391E-12 -1.025254360576E-11
AR GRAD 2024 06 05 02 06 20.000000 2  -7.403217795743E-12  1.878628329288E-12
AR GRAD 2024 06 05 02 06 30.000000 2  -3.224635402449E-12 -2.415020614044E-11
AR GRAD 2024 06 05 02 06 40.000000 2  -2.161864654307E-12 -1.006903588285E-11
AR GRAD 2024 06 05 02 06 50.000000 2  -6.334682778331E-12  2.612129262891E-12
AR GRAD 2024 06 05 02 07  0.000000 2  -7.798999076755E-13 -8.767051212603E-13
AR GRAD 2024 06 05 02 07 10.000000 2  -3.260939912195E-12  6.434459735860E-12
AR GRAD 2024 06 05 02 07 20.000000 2  -3.924339585931E-12  9.425619139358E-12
AR GRAD 2024 06 05 02 07 30.000000 2   5.142235040014E-14 -5.573222439104E-12
AR GRAD 2024 06 05 02 07 40.000000 2  -3.901487639901E-12  2.937933533606E-12
AR GRAD 2024 06 05 02 07 50.000000 2  -7.443895326531E-12  1.128909118964E-11
AR GRAD 2024 06 05 02 08  0.000000 2   1.762795963887E-12 -2.379756548071E-12
AR GRAD 2024 06 05 02 08 10.000000 2   6.442608490968E-13  2.841139649934E-11
AR GRAD 2024 06 05 02 08 20.000000 2  -4.779250996692E-13  5.225483674237E-13
AR GRAD 2024 06 05 02 08 30.000000 2   4.988348059273E-13 -5.536304054088E-12
AR GRAD 2024 06 05 02 08 40.000000 2  -5.484321221987E-13  1.484484236924E-11
AR GRAD 2024 06 05 02 08 50.000000 2   1.287563155053E-12  3.495989955860E-12
AR GRAD 2024 06 05 02 09  0.000000 2   2.670373904640E-12  7.337136107011E-12
AR GRAD 2024 06 05 02 09 10.000000 2   9.372301112281E-13  1.599827215149E-11
AR GRAD 2024 06 05 02 09 20.000000 2  -8.580448634596E-13  7.449413481908E-12
AR GRAD 2024 06 05 02 09 30.000000 2   3.290963964016E-13 -2.559447011968E-12
AR GRAD 2024 06 05 02 09 40.000000 2   2.263133040345E-12  1.114168913380E-11
AR GRAD 2024 06 05 02 09 50.000000 2   8.793872748047E-13  1.442282491354E-11
AR GRAD 2024 06 05 02 10  0.000000 2  -1.381739232580E-13 -9.604356833491E-14
AR GRAD 2024 06 05 02 10 10.000000 2  -1.819358899646E-12  2.375086455633E-12
AR GRAD 2024 06 05 02 10 20.000000 2  -1.820796118046E-12  1.078622000744E-11
AR GRAD 2024 06 05 02 10 30.000000 2   3.970805455278E-12  1.036734587068E-11
AR GRAD 2024 06 05 02 10 40.000000 2  -2.350468127424E-12  1.997847026702E-11
AR GRAD 2024 06 05 02 10 50.000000 2  -8.406943760933E-13  1.276959614438E-11
AR GRAD 2024 06 05 02 11  0.000000 2   2.924025388137E-12  3.620719609548E-12
AR GRAD 2024 06 05 02 11 10.000000 2   8.268796237998E-12  2.253183924161E-11
AR GRAD 2024 06 05 02 11 20.000000 2   3.822640121109E-12  1.606295652046E-11
AR GRAD 2024 06 05 02 11 30.000000 2   6.684101189203E-12  7.394078405110E-12
AR GRAD 2024 06 05 02 11 40.000000 2   1.785230708921E-12  2.487518871441E-11
AR GRAD 2024 06 05 02 11 50.000000 2   1.987155015190E-12  1.780630504156E-11
AR GRAD 2024 06 05 02 12  0.000000 2   2.396362405385E-12  2.351741718032E-11
AR GRAD 2024 06 05 02 12 10.000000 2   2.865610743488E-12 -7.351470994454E-12
AR GRAD 2024 06 05 02 12 20.000000 2   2.058867399485E-12  2.206963604923E-11
AR GRAD 2024 06 05 02 12 30.000000 2   4.754275532287E-12  1.735074237064E-11
AR GRAD 2024 06 05 02 12 40.000000 2   2.163689149723E-12  3.364184972265E-11
AR GRAD 2024 06 05 02 12 50.000000 2   1.377506940979E-12  1.401295312425E-11
AR GRAD 2024 06 05 02 13  0.000000 2  -9.003181772153E-13  4.740511368867E-13
AR GRAD 2024 06 05 02 13 10.000000 2   4.220342391531E-12  1.039515262063E-11
AR GRAD 2024 06 05 02 13 20.000000 2   3.352835587292E-12  1.764625078005E-11
AR GRAD 2024 06 05 02 13 30.000000 2   4.389226829216E-12  3.697735173613E-11
AR GRAD 2024 06 05 02 13 40.000000 2   2.739273651658E-12  1.918844076687E-11
AR GRAD 2024 06 05 02 13 50.000000 2   7.190870728729E-12  6.819536688824E-12
AR GRAD 2024 06 05 02 14  0.000000 2   2.227323143630E-12  1.616062492160E-11
AR GRAD 2024 06 05 02 14 10.000000 2   1.756243588058E-12  3.112171631514E-11
AR GRAD 2024 06 05 02 14 20.000000 2   7.946513455939E-13  1.894280392267E-11
AR GRAD 2024 06 05 02 14 30.000000 2   3.783836091675E-12  1.212388869853E-11
AR GRAD 2024 06 05 02 14 40.000000 2   7.493256015678E-12  2.330497253511E-11
AR GRAD 2024 06 05 02 14 50.000000 2   1.543358756767E-12  9.176055748572E-12
AR GRAD 2024 06 05 02 15  0.000000 2   8.328835017501E-12  4.182713550516E-11
AR GRAD 2024 06 05 02 15 10.000000 2   5.613673154797E-12  1.709821520479E-11
AR GRAD 2024 06 05 02 15 20.000000 2   8.977421236955E-12  1.455929127259E-11
AR GRAD 2024 06 05 02 15 30.000000 2   6.007840492456E-12 -8.639632412266E-12
AR GRAD 2024 06 05 02 15 40.000000 2   4.928147733646E-12  1.276144207668E-11
AR GRAD 2024 06 05 02 15 50.000000 2   6.882061760749E-12  1.334251459317E-11
AR GRAD 2024 06 05 02 16  0.000000 2   6.176678526287E-12  1.340358293106E-11
AR GRAD 2024 06 05 02 16 10.000000 2   6.904148693726E-12  1.762465347277E-11
AR GRAD 2024 06 05 02 16 20.000000 2   4.577981223275E-12  3.011571894640E-11
AR GRAD 2024 06 05 02 16 30.000000 2   8.419005076421E-12  1.167678367192E-11
AR GRAD 2024 06 05 02 16 40.000000 2   6.247915813190E-12  4.270784767502E-11
AR GRAD 2024 06 05 02 16 50.000000 2   8.978087370770E-12  3.737890899580E-11
AR GRAD 2024 06 05 02 17  0.000000 2   6.444589653598E-12  1.175996799940E-11
AR GRAD 2024 06 05 02 17 10.000000 2   6.350469629324E-12  2.805102504444E-11
AR GRAD 2024 06 05 02 17 20.000000 2   1.268742142596E-11  2.644208116354E-11
AR GRAD 2024 06 05 02 17 30.000000 2   1.144821303728E-11  2.789313571783E-11
AR GRAD 2024 06 05 02 17 40.000000 2   9.494351485562E-12  2.724418954325E-11
AR GRAD 2024 06 05 02 17 50.000000 2   7.051274928532E-12  2.841523891184E-11
AR GRAD 2024 06 05 02 18  0.000000 2   1.061153422077E-11  2.666290148737E-12
AR GRAD 2024 06 05 02 18 10.000000 2   1.167034698046E-11  4.894733923733E-11
AR GRAD 2024 06 05 02 18 20.000000 2   6.109459292636E-12  2.934838483348E-11
AR GRAD 2024 06 05 02 18 30.000000 2   9.084141425197E-12  2.128942681867E-11
AR GRAD 2024 06 05 02 18 40.000000 2   1.119851780751E-11  2.267046793347E-11
AR GRAD 2024 06 05 02 18 50.000000 2   8.137444711120E-12  3.440151288836E-11
AR GRAD 2024 06 05 02 19  0.000000 2   1.219156199606E-11  4.073254927794E-11
AR GRAD 2024 06 05 02 19 10.000000 2   7.870134231813E-12  3.397358436241E-11
AR GRAD 2024 06 05 02 19 20.000000 2   1.100710928653E-11  3.210462104497E-11
AR GRAD 2024 06 05 02 19 30.000000 2   1.101807360626E-11  3.207565810182E-11
AR GRAD 2024 06 05 02 19 40.000000 2   1.921493693324E-11  2.116668472441E-11
AR GRAD 2024 06 05 02 19 50.000000 2   1.127485257935E-11  2.839771647001E-11
AR GRAD 2024 06 05 02 20  0.000000 2   6.828302680228E-12  2.768874192427E-11
AR GRAD 2024 06 05 02 20 10.000000 2   1.471790050944E-11  2.857977222936E-11
AR GRAD 2024 06 05 02 20 20.000000 2   1.571799808364E-11  2.976079452321E-11
AR GRAD 2024 06 05 02 20 30.000000 2   1.139613056700E-11  3.916181962049E-11
AR GRAD 2024 06 05 02 20 40.000000 2   1.153156216349E-11  4.966283981278E-11
AR GRAD 2024 06 05 02 20 50.000000 2   1.425361564888E-11  2.042385878476E-11
AR GRAD 2024 06 05 02 21  0.000000 2   1.753368630841E-11  3.844487922455E-11
AR GRAD 2024 06 05 02 21 10.000000 2   1.681513955853E-11  3.079589361299E-11
AR GRAD 2024 06 05 02 21 20.000000 2   1.264593030986E-11  2.546690809624E-11
AR GRAD 2024 06 05 02 21 30.000000 2   1.074044412436E-11  2.282792010977E-11
AR GRAD 2024 06 05 02 21 40.000000 2   1.768707402761E-11  3.224893269094E-11
AR GRAD 2024 06 05 02 21 50.000000 2   1.222877788615E-11  3.409994162040E-11
AR GRAD 2024 06 05 02 22  0.000000 2   1.641974056721E-11  4.165094658060E-11
AR GRAD 2024 06 05 02 22 10.000000 2   1.368427853671E-11  2.784195270167E-11
AR GRAD 2024 06 05 02 22 20.000000 2   1.002197370231E-11  2.685295562299E-11
AR GRAD 2024 06 05 02 22 30.000000 2   1.186330027270E-11  5.147396398009E-11
AR GRAD 2024 06 05 02 22 40.000000 2   1.089347882732E-11  3.096495976296E-11
AR GRAD 2024 06 05 02 22 50.000000 2   1.649514726199E-11  4.320595964336E-11
AR GRAD 2024 06 05 02 23  0.000000 2   1.484521360007E-11  4.701695283105E-11
AR GRAD 2024 06 05 02 23 10.000000 2   1.538614548269E-11  4.933795039186E-11
AR GRAD 2024 06 05 02 23 20.000000 2   1.185017101807E-11  3.605894402514E-11
AR GRAD 2024 06 05 02 23 30.000000 2   1.505135426016E-11  2.499993267957E-11
AR GRAD 2024 06 05 02 23 40.000000 2   1.316319882955E-11  2.843092254678E-11
AR GRAD 2024 06 05 02 23 50.000000 2   1.308768891872E-11  3.846191073964E-11
AR GRAD 2024 06 05 02 24  0.000000 2   1.891244279240E-11  4.468289974136E-11
AR GRAD 2024 06 05 02 24 10.000000 2   2.123705725166E-11  2.954388469978E-11
AR GRAD 2024 06 05 02 24 20.000000 2   1.837726325282E-11  4.327486979872E-11
AR GRAD 2024 06 05 02 24 30.000000 2   1.947142794223E-11  2.957584871455E-11
AR GRAD 2024 06 05 02 24 40.000000 2   1.898754764529E-11  4.489682930986E-11
AR GRAD 2024 06 05 02 24 50.000000 2   1.139051353238E-11  2.571780288729E-11
AR GRAD 2024 06 05 02 25  0.000000 2   1.878319548509E-11  1.655878038853E-11
AR GRAD 2024 06 05 02 25 10.000000 2   1.856643484788E-11  3.129975445493E-11
AR GRAD 2024 06 05 02 25 20.000000 2   1.916495608045E-11  3.127072906173E-11
AR GRAD 2024 06 05 02 25 30.000000 2   1.359168680382E-11  2.162169575326E-11
AR GRAD 2024 06 05 02 25 40.000000 2   1.136040393701E-11  7.672668056458E-12
AR GRAD 2024 06 05 02 25 50.000000 2   1.459754019051E-11  5.254363263929E-11
AR GRAD 2024 06 05 02 26  0.000000 2   2.164524288972E-11  4.471460007816E-11
AR GRAD 2024 06 05 02 26 10.000000 2   1.729757656554E-11  5.108556286326E-11
AR GRAD 2024 06 05 02 26 20.000000 2   2.050627896655E-11  3.109652466082E-11
AR GRAD 2024 06 05 02 26 30.000000 2   1.824706531706E-11  3.992748492943E-11
AR GRAD 2024 06 05 02 26 40.000000 2   2.047190368615E-11  3.757844729835E-11
AR GRAD 2024 06 05 02 26 50.000000 2   1.807139334009E-11  4.429940095307E-11
AR GRAD 2024 06 05 02 27  0.000000 2   2.557670221448E-11  4.067035944133E-11
AR GRAD 2024 06 05 02 27 10.000000 2   1.479575316432E-11  3.851130872534E-11
AR GRAD 2024 06 05 02 27 20.000000 2   2.185326572479E-11  4.271226081154E-11
AR GRAD 2024 06 05 02 27 30.000000 2   1.935483891213E-11  3.971320841623E-11
AR GRAD 2024 06 05 02 27 40.000000 2   1.663281665176E-11  4.498415528964E-11
AR GRAD 2024 06 05 02 27 50.000000 2   1.711887055722E-11  2.769510315526E-11
AR GRAD 2024 06 05 02 28  0.000000 2   1.792494104536E-11  4.228604619239E-11
AR GRAD 2024 06 05 02 28 10.000000 2   2.176299765400E-11  3.814699250926E-11
AR GRAD 2024 06 05 02 28 20.000000 2   1.805724667014E-11  5.386793441864E-11
AR GRAD 2024 06 05 02 28 30.000000 2   2.067569379594E-11  4.142887075065E-11
AR GRAD 2024 06 05 02 28 40.000000 2   1.709007935169E-11  4.407980924714E-11
AR GRAD 2024 06 05 02 28 50.000000 2   1.829770536477E-11  3.520074509655E-11
AR GRAD 2024 06 05 02 29  0.000000 2   2.080875402544E-11  3.416168042891E-11
AR GRAD 2024 06 05 02 29 10.000000 2   1.831747080405E-11  4.194260910806E-11
AR GRAD 2024 06 05 02 29 20.000000 2   2.516905260597E-11  4.537354172940E-11
AR GRAD 2024 06 05 02 29 30.000000 2   2.039078628169E-11  5.393447147228E-11
AR GRAD 2024 06 05 02 29 40.000000 2   1.974125724002E-11  3.813539761754E-11
AR GRAD 2024 06 05 02 29 50.000000 2   1.477182612342E-11  4.451632118485E-11
AR GRAD 2024 06 05 02 30  0.000000 2   2.193500589498E-11  3.295724457231E-11
AR GRAD 2024 06 05 02 30 10.000000 2   2.164617096678E-11  4.409816609097E-11
AR GRAD 2024 06 05 02 30 20.000000 2   2.179909898425E-11  2.638908536134E-11
AR GRAD 2024 06 05 02 30 30.000000 2   1.989395974344E-11  4.427000779850E-11
AR GRAD 2024 06 05 02 30 40.000000 2   2.682091181094E-11  3.315092297895E-11
AR GRAD 2024 06 05 02 30 50.000000 2   2.001061642776E-11  5.005183767448E-11
AR GRAD 2024 06 05 02 31  0.000000 2   2.459348349970E-11  4.065274852860E-11
AR GRAD 2024 06 05 02 31 10.000000 2   2.270449106501E-11  2.288366024450E-11
AR GRAD 2024 06 05 02 31 20.000000 2   1.967701002137E-11  4.788457130811E-11
AR GRAD 2024 06 05 02 31 30.000000 2   1.833268953311E-11  3.575547843915E-11
AR GRAD 2024 06 05 02 31 40.000000 2   1.769521681960E-11  4.603638650846E-11
AR GRAD 2024 06 05 02 31 50.000000 2   1.852334605146E-11  3.539728926638E-11
AR GRAD 2024 06 05 02 32  0.000000 2   2.463936173147E-11  5.050819137931E-11
AR GRAD 2024 06 05 02 32 10.000000 2   2.006951202449E-11  4.759909480456E-11
AR GRAD 2024 06 05 02 32 20.000000 2   2.444668426027E-11  4.228999095357E-11
AR GRAD 2024 06 05 02 32 30.000000 2   2.345104492540E-11  4.143088649933E-11
AR GRAD 2024 06 05 02 32 40.000000 2   2.293724932212E-11  4.783178714218E-11
AR GRAD 2024 06 05 02 32 50.000000 2   2.294462710106E-11  4.526267902150E-11
AR GRAD 2024 06 05 02 33  0.000000 2   2.620719960489E-11  4.210357062995E-11
AR GRAD 2024 06 05 02 33 10.000000 2   2.293334792902E-11  5.022445653813E-11
AR GRAD 2024 06 05 02 33 20.000000 2   2.235310721244E-11  3.438535220446E-11
AR GRAD 2024 06 05 02 33 30.000000 2   2.127693854437E-11  3.436623555175E-11
AR GRAD 2024 06 05 02 33 40.000000 2   2.100403878602E-11  4.574711789940E-11
AR GRAD 2024 06 05 02 33 50.000000 2   2.644843892508E-11  5.397800609264E-11
AR GRAD 2024 06 05 02 34  0.000000 2   2.319626782321E-11  4.440888282109E-11
AR GRAD 2024 06 05 02 34 10.000000 2   2.267781275267E-11  3.831976749802E-11
AR GRAD 2024 06 05 02 34 20.000000 2   2.399428572497E-11  4.522064667167E-11
AR GRAD 2024 06 05 02 34 30.000000 2   2.810041609125E-11  3.718152175036E-11
AR GRAD 2024 06 05 02 34 40.000000 2   2.242753378845E-11  5.230239505383E-11
AR GRAD 2024 06 05 02 34 50.000000 2   2.264235153537E-11  2.833326455398E-11
AR GRAD 2024 06 05 02 35  0.000000 2   2.129903371728E-11  6.026413396087E-11
AR GRAD 2024 06 05 02 35 10.000000 2   1.768740882924E-11  4.327500857659E-11
AR GRAD 2024 06 05 02 35 20.000000 2   2.346249410035E-11  5.607587658107E-11
AR GRAD 2024 06 05 02 35 30.000000 2   1.812807022550E-11  3.479674187679E-11
AR GRAD 2024 06 05 02 35 40.000000 2   2.445409846841E-11  4.162760414150E-11
AR GRAD 2024 06 05 02 35 50.000000 2   2.249606056992E-11  4.638846945459E-11
AR GRAD 2024 06 05 02 36  0.000000 2   2.159736799123E-11  5.418933010648E-11
AR GRAD 2024 06 05 02 36 10.000000 2   2.291870512816E-11  3.643018525734E-11
AR GRAD 2024 06 05 02 36 20.000000 2   2.176267673015E-11  2.935104589930E-11
AR GRAD 2024 06 05 02 36 30.000000 2   2.343317727360E-11  6.574189803654E-11
AR GRAD 2024 06 05 02 36 40.000000 2   2.182156365327E-11  3.343275309375E-11
AR GRAD 2024 06 05 02 36 50.000000 2   2.147804503694E-11  4.543360479503E-11
AR GRAD 2024 06 05 02 37  0.000000 2   1.824121062532E-11  4.929445740487E-11
AR GRAD 2024 06 05 02 37 10.000000 2   2.477639968190E-11  3.921530461470E-11
AR GRAD 2024 06 05 02 37 20.000000 2   2.086395119172E-11  5.297615124356E-11
AR GRAD 2024 06 05 02 37 30.000000 2   2.377661088848E-11  3.947699458995E-11
AR GRAD 2024 06 05 02 37 40.000000 2   2.585486165441E-11  4.831783931292E-11
AR GRAD 2024 06 05 02 37 50.000000 2   2.505370737260E-11  4.703868197731E-11
AR GRAD 2024 06 05 02 38  0.000000 2   1.782375289028E-11  4.686952215227E-11
AR GRAD 2024 06 05 02 38 10.000000 2   2.585778466346E-11  4.875035791718E-11
AR GRAD 2024 06 05 02 38 20.000000 2   1.990893734594E-11  4.905119366239E-11
AR GRAD 2024 06 05 02 38 30.000000 2   2.511716182263E-11  4.875202672117E-11
AR GRAD 2024 06 05 02 38 40.000000 2   2.489621009349E-11  5.544286210690E-11
AR GRAD 2024 06 05 02 38 50.000000 2   2.488382590260E-11  4.440369252845E-11
AR GRAD 2024 06 05 02 39  0.000000 2   2.128034380655E-11  3.785452160066E-11
AR GRAD 2024 06 05 02 39 10.000000 2   2.167720516977E-11  4.222534821796E-11
AR GRAD 2024 06 05 02 39 20.000000 2   2.359727691026E-11  4.186617372226E-11
AR GRAD 2024 06 05 02 39 30.000000 2   2.122557164752E-11  4.305699893847E-11
AR GRAD 2024 06 05 02 39 40.000000 2   2.443058255697E-11  5.550781709274E-11
AR GRAD 2024 06 05 02 39 50.000000 2   2.317731076507E-11  4.362863889606E-11
AR GRAD 2024 06 05 02 40  0.000000 2   1.730334105166E-11  4.232945938210E-11
AR GRAD 2024 06 05 02 40 10.000000 2   1.832402632407E-11  4.672027695274E-11
AR GRAD 2024 06 05 02 40 20.000000 2   1.988330333713E-11  3.818109370335E-11
AR GRAD 2024 06 05 02 40 30.000000 2   2.291500843243E-11  4.904190595290E-11
AR GRAD 2024 06 05 02 40 40.000000 2   2.136434952560E-11  3.350271796099E-11
AR GRAD 2024 06 05 02 40 50.000000 2   2.456131652229E-11  2.999352849420E-11
AR GRAD 2024 06 05 02 41  0.000000 2   1.520464830429E-11  3.025433376047E-11
AR GRAD 2024 06 05 02 41 10.000000 2   1.674322659684E-11  3.992514305273E-11
AR GRAD 2024 06 05 02 41 20.000000 2   1.927223311493E-11  4.366594585914E-11
AR GRAD 2024 06 05 02 41 30.000000 2   1.940575478088E-11  3.403674911362E-11
AR GRAD 2024 06 05 02 41 40.000000 2   2.066284990332E-11  2.613754872260E-11
AR GRAD 2024 06 05 02 41 50.000000 2   1.942264578336E-11  4.916834647761E-11
AR GRAD 2024 06 05 02 42  0.000000 2   1.774625238427E-11  3.056914790744E-11
AR GRAD 2024 06 05 02 42 10.000000 2   1.428671157072E-11  3.714994631365E-11
AR GRAD 2024 06 05 02 42 20.000000 2   2.090399554844E-11  4.335073966466E-11
AR GRAD 2024 06 05 02 42 30.000000 2   1.773855021203E-11  3.871153050894E-11
AR GRAD 2024 06 05 02 42 40.000000 2   2.201826221349E-11  4.594232286270E-11
AR GRAD 2024 06 05 02 42 50.000000 2   1.476185146343E-11  2.196311015001E-11
AR GRAD 2024 06 05 02 43  0.000000 2   1.294716764355E-11  5.016390081103E-11
AR GRAD 2024 06 05 02 43 10.000000 2   1.652464449997E-11  2.169468077406E-11
AR GRAD 2024 06 05 02 43 20.000000 2   1.691509259050E-11  4.419546673073E-11
AR GRAD 2024 06 05 02 43 30.000000 2   1.183480397016E-11  4.601624636891E-11
AR GRAD 2024 06 05 02 43 40.000000 2   1.404255878246E-11  5.847702877482E-11
AR GRAD 2024 06 05 02 43 50.000000 2   1.723251229213E-11  2.184780655001E-11
AR GRAD 2024 06 05 02 44  0.000000 2   1.100674412724E-11  3.488858507650E-11
AR GRAD 2024 06 05 02 44 10.000000 2   1.532142121508E-11  3.848936100392E-11
AR GRAD 2024 06 05 02 44 20.000000 2   1.871697068168E-11  5.475013151179E-11
AR GRAD 2024 06 05 02 44 30.000000 2   8.850521877879E-12  5.604090455580E-11
AR GRAD 2024 06 05 02 44 40.000000 2   1.587294531924E-11  4.779167686597E-11
AR GRAD 2024 06 05 02 44 50.000000 2   1.293327424323E-11  6.805243868424E-11
AR GRAD 2024 06 05 02 45  0.000000 2   7.308438576548E-12  3.911320919925E-11
AR GRAD 2024 06 05 02 45 10.000000 2   1.523452544672E-11  2.652397225467E-11
AR GRAD 2024 06 05 02 45 20.000000 2   1.335674366248E-11  5.177473727525E-11
AR GRAD 2024 06 05 02 45 30.000000 2   1.019484149878E-11  3.702549725149E-11
AR GRAD 2024 06 05 02 45 40.000000 2   1.111204878113E-11  4.887625720817E-11
AR GRAD 2024 06 05 02 45 50.000000 2   1.243984689564E-11  2.848701309566E-11
AR GRAD 2024 06 05 02 46  0.000000 2   1.721680263633E-11  4.850777418630E-11
AR GRAD 2024 06 05 02 46 10.000000 2   9.308875718872E-12  1.810852162665E-11
AR GRAD 2024 06 05 02 46 20.000000 2   1.202761501506E-11  5.826927829133E-11
AR GRAD 2024 06 05 02 46 30.000000 2   1.487433613778E-11  2.410002579445E-11
AR GRAD 2024 06 05 02 46 40.000000 2   1.338323288996E-11  3.502077447481E-11
AR GRAD 2024 06 05 02 46 50.000000 2   1.113506335748E-11  3.766152320561E-11
AR GRAD 2024 06 05 02 47  0.000000 2   9.440742458622E-12  5.155226939779E-11
AR GRAD 2024 06 05 02 47 10.000000 2   1.037703950546E-11  2.988301273099E-11
AR GRAD 2024 06 05 02 47 20.000000 2   1.193017993423E-11  2.656375293342E-11
AR GRAD 2024 06 05 02 47 30.000000 2   1.025031622082E-11  5.017449303257E-11
AR GRAD 2024 06 05 02 47 40.000000 2   1.114289650134E-11  4.057523414480E-11
AR GRAD 2024 06 05 02 47 50.000000 2   6.799199658153E-12  2.569596792290E-11
AR GRAD 2024 06 05 02 48  0.000000 2   1.521197577625E-11  2.109670250994E-11
AR GRAD 2024 06 05 02 48 10.000000 2   7.862666247249E-12  3.543743770651E-11
AR GRAD 2024 06 05 02 48 20.000000 2   1.151084609574E-11  4.381817131360E-11
AR GRAD 2024 06 05 02 48 30.000000 2   1.139405583772E-11  4.217889926217E-11
AR GRAD 2024 06 05 02 48 40.000000 2   9.125688052447E-12  3.816962718117E-11
AR GRAD 2024 06 05 02 48 50.000000 2   1.147411332614E-11  4.887035220946E-11
AR GRAD 2024 06 05 02 49  0.000000 2   1.144909167472E-11  1.901107569979E-11
AR GRAD 2024 06 05 02 49 10.000000 2   1.001558731784E-11  4.205180301198E-11
AR GRAD 2024 06 05 02 49 20.000000 2   6.829341779591E-12  1.223252141941E-11
AR GRAD 2024 06 05 02 49 30.000000 2   7.183696779794E-12  4.987324095374E-11
AR GRAD 2024 06 05 02 49 40.000000 2   1.131095217488E-11  4.208395784633E-11
AR GRAD 2024 06 05 02 49 50.000000 2   3.236678503341E-12  2.645467178652E-11
AR GRAD 2024 06 05 02 50  0.000000 2   7.753679642786E-12  5.978538497597E-11
AR GRAD 2024 06 05 02 50 10.000000 2   2.930318748068E-12  1.185609943555E-11
AR GRAD 2024 06 05 02 50 20.000000 2   7.026402029653E-12  3.913680837742E-11
AR GRAD 2024 06 05 02 50 30.000000 2   4.735437736381E-12  1.837751652245E-11
AR GRAD 2024 06 05 02 50 40.000000 2   3.831831119766E-12  4.584822452247E-11
AR GRAD 2024 06 05 02 50 50.000000 2   9.745117039717E-12  2.182892928915E-11
AR GRAD 2024 06 05 02 51  0.000000 2   2.718708721691E-12  3.288963545955E-11
AR GRAD 2024 06 05 02 51 10.000000 2   1.028393516178E-11  2.939033391658E-11
AR GRAD 2024 06 05 02 51 20.000000 2  -1.343877944040E-13  3.425103603516E-11
AR GRAD 2024 06 05 02 51 30.000000 2   2.916202002101E-12  1.992173266629E-11
AR GRAD 2024 06 05 02 51 40.000000 2   4.546066485495E-13  3.077243321270E-11
AR GRAD 2024 06 05 02 51 50.000000 2   2.949098647578E-12  1.984312367198E-11
AR GRAD 2024 06 05 02 52  0.000000 2  -8.695616926166E-13  3.239381679565E-11
AR GRAD 2024 06 05 02 52 10.000000 2   4.181526652713E-12  1.834450820415E-11
AR GRAD 2024 06 05 02 52 20.000000 2  -4.098111173328E-12  4.863520003395E-11
AR GRAD 2024 06 05 02 52 30.000000 2   2.526929620411E-12  2.746588546876E-11
AR GRAD 2024 06 05 02 52 40.000000 2  -1.449515746148E-12  5.318657320119E-11
AR GRAD 2024 06 05 02 52 50.000000 2  -1.060000177910E-12  4.683725976506E-11
AR GRAD 2024 06 05 02 53  0.000000 2  -4.269128453527E-12  4.278793638846E-11
AR GRAD 2024 06 05 02 53 10.000000 2  -1.811589615298E-12  3.830862016496E-11
AR GRAD 2024 06 05 02 53 20.000000 2  -5.714634494780E-12  3.702929976535E-11
AR GRAD 2024 06 05 02 53 30.000000 2  -5.026539948161E-12  3.937997497538E-11
AR GRAD 2024 06 05 02 53 40.000000 2  -1.061429590055E-12  4.191065203218E-11
AR GRAD 2024 06 05 02 53 50.000000 2  -2.882473556717E-12  4.191132510489E-11
AR GRAD 2024 06 05 02 54  0.000000 2  -5.683302353038E-12  5.343199840913E-11
AR GRAD 2024 06 05 02 54 10.000000 2   4.105793396242E-13  3.313266674909E-11
AR GRAD 2024 06 05 02 54 20.000000 2  -6.476048430154E-12  3.619333652227E-11
AR GRAD 2024 06 05 02 54 30.000000 2  -6.447444141078E-12  2.378400081049E-11
AR GRAD 2024 06 05 02 54 40.000000 2   4.030858112569E-12  2.624466616252E-11
AR GRAD 2024 06 05 02 54 50.000000 2  -2.378346434725E-12  2.717533142960E-11
AR GRAD 2024 06 05 02 55  0.000000 2  -5.692964762799E-12  2.662599134229E-11
AR GRAD 2024 06 05 02 55 10.000000 2  -5.048318100359E-12  3.913665225230E-11
AR GRAD 2024 06 05 02 55 20.000000 2  -1.147907940577E-12  2.090730887028E-11
AR GRAD 2024 06 05 02 55 30.000000 2  -5.478252400326E-12  3.506796589225E-11
AR GRAD 2024 06 05 02 55 40.000000 2  -2.748401983430E-12  3.742862270117E-11
AR GRAD 2024 06 05 02 55 50.000000 2  -8.121114024318E-12  3.406927517879E-11
AR GRAD 2024 06 05 02 56  0.000000 2  -4.673495097862E-12  4.372992593038E-11
AR GRAD 2024 06 05 02 56 10.000000 2  -7.721032146968E-12  2.772057236533E-11
AR GRAD 2024 06 05 02 56 20.000000 2  -2.659899210611E-12  4.312122534045E-11
AR GRAD 2024 06 05 02 56 30.000000 2  -4.287989668200E-12  3.193187034234E-11
AR GRAD 2024 06 05 02 56 40.000000 2  -3.131732286693E-12  2.853250968826E-11
AR GRAD 2024 06 05 02 56 50.000000 2   6.610086826855E-13  2.776315288777E-11
AR GRAD 2024 06 05 02 57  0.000000 2  -1.017752809113E-11  4.193379671280E-11
AR GRAD 2024 06 05 02 57 10.000000 2  -3.847902031728E-12  3.098443723815E-11
AR GRAD 2024 06 05 02 57 20.000000 2  -1.212170554904E-11  2.017506994800E-11
AR GRAD 2024 06 05 02 57 30.000000 2  -4.112374937110E-12  4.641570808261E-11
AR GRAD 2024 06 05 02 57 40.000000 2  -4.830878318901E-12  3.149634025812E-11
AR GRAD 2024 06 05 02 57 50.000000 2  -5.057683005044E-12  3.152697200526E-11
AR GRAD 2024 06 05 02 58  0.000000 2  -8.076036367433E-12  3.866760384108E-11
AR GRAD 2024 06 05 02 58 10.000000 2  -6.170395791538E-12  1.405823027434E-11
AR GRAD 2024 06 05 02 58 20.000000 2  -7.273245807710E-12  4.830885691476E-11
AR GRAD 2024 06 05 02 58 30.000000 2  -4.390782876174E-12  3.258947972595E-11
AR GRAD 2024 06 05 02 58 40.000000 2  -7.033595060546E-12  2.841010413035E-11
AR GRAD 2024 06 05 02 58 50.000000 2  -2.984065468684E-12  3.050072694410E-11
AR GRAD 2024 06 05 02 59  0.000000 2  -1.170385229704E-11  2.842134513847E-11
AR GRAD 2024 06 05 02 59 10.000000 2  -1.740961715069E-11  2.524196303366E-11
AR GRAD 2024 06 05 02 59 20.000000 2  -1.204380865871E-11  2.906258046720E-11
AR GRAD 2024 06 05 02 59 30.000000 2  -9.624265794039E-12  2.724319207725E-11
AR GRAD 2024 06 05 02 59 40.000000 2  -1.447377374203E-11  1.800380677874E-11
AR GRAD 2024 06 05 02 59 50.000000 2  -1.183792733978E-11  3.024441808108E-11
AR GRAD 2024 06 05 03 00  0.000000 2  -9.906000499049E-12  2.396502614410E-11
AR GRAD 2024 06 05 03 00 10.000000 2  -1.582498368458E-11  3.578563487205E-11
AR GRAD 2024 06 05 03 00 20.000000 2  -1.435043490289E-11 -1.658376214131E-11
AR GRAD 2024 06 05 03 00 30.000000 2  -1.884753984827E-11  3.187684491368E-11
AR GRAD 2024 06 05 03 00 40.000000 2  -1.909169870806E-11  4.497444517498E-12
AR GRAD 2024 06 05 03 00 50.000000 2  -1.398194754421E-11  8.958046110452E-12
AR GRAD 2024 06 05 03 01  0.000000 2  -1.390766234816E-11  1.605864573262E-11
AR GRAD 2024 06 05 03 01 10.000000 2  -1.791805592788E-11  1.189243473664E-12
AR GRAD 2024 06 05 03 01 20.000000 2  -1.218808300812E-11  3.451983837666E-11
AR GRAD 2024 06 05 03 01 30.000000 2  -1.994425458118E-11  1.779043058703E-11
AR GRAD 2024 06 05 03 01 40.000000 2  -1.349268353296E-11  2.553102000646E-11
AR GRAD 2024 06 05 03 01 50.000000 2  -1.848295475004E-11  8.111612076478E-12
AR GRAD 2024 06 05 03 02  0.000000 2  -1.889161049817E-11  2.691220163387E-11
AR GRAD 2024 06 05 03 02 10.000000 2  -1.889435656544E-11  2.445278701746E-11
AR GRAD 2024 06 05 03 02 20.000000 2  -1.997938099685E-11  2.331337206618E-11
AR GRAD 2024 06 05 03 02 30.000000 2  -1.532482821198E-11  1.397395654051E-11
AR GRAD 2024 06 05 03 02 40.000000 2  -2.005329929888E-11  1.653453415851E-11
AR GRAD 2024 06 05 03 02 50.000000 2  -2.457571993131E-11  2.057511452880E-11
AR GRAD 2024 06 05 03 03  0.000000 2  -2.041446872658E-11  3.915694157808E-12
AR GRAD 2024 06 05 03 03 10.000000 2  -1.931592212567E-11 -3.103730380344E-12
AR GRAD 2024 06 05 03 03 20.000000 2  -1.483446178396E-11 -1.759315609862E-11
AR GRAD 2024 06 05 03 03 30.000000 2  -2.716296805538E-11  4.355741808904E-11
AR GRAD 2024 06 05 03 03 40.000000 2  -1.549067124573E-11 -6.602014508000E-12
AR GRAD 2024 06 05 03 03 50.000000 2  -2.160031181697E-11 -9.691442960647E-12
AR GRAD 2024 06 05 03 04  0.000000 2  -1.693548253023E-11  7.091234609062E-13
AR GRAD 2024 06 05 03 04 10.000000 2  -1.772800482802E-11  2.119968783854E-11
AR GRAD 2024 06 05 03 04 20.000000 2  -1.733978759189E-11 -1.969749450353E-12
AR GRAD 2024 06 05 03 04 30.000000 2  -1.862188354906E-11 -5.291846605013E-13
AR GRAD 2024 06 05 03 04 40.000000 2  -1.841585911544E-11 -2.258627312957E-12
AR GRAD 2024 06 05 03 04 50.000000 2  -2.437591968552E-11  3.211933540317E-12
