 2.00 C RINEX VERSION / TYPE
 10.00 INTERVAL
 1 AR # / TYPES OF DATA
 END OF HEADER
AR GRAD 2024 06 03 01 05  0.000000 2  -1.801744864416E-11 -2.266642429305E-11
AR GRAD 2024 06 03 01 05 10.000000 2  -2.332975305996E-11 -3.614175972388E-11
AR GRAD 2024 06 03 01 05 20.000000 2  -2.273558598331E-11 -3.898710521089E-11
AR GRAD 2024 06 03 01 05 30.000000 2  -2.458323475341E-11 -4.770245656815E-11
AR GRAD 2024 06 03 01 05 40.000000 2  -2.182811917328E-11 -2.126780869471E-11
AR GRAD 2024 06 03 01 05 50.000000 2  -2.133067680821E-11 -2.608316861108E-11
AR GRAD 2024 06 03 01 06  0.000000 2  -2.460800313520E-11 -5.270852851402E-11
AR GRAD 2024 06 03 01 06 10.000000 2  -2.292037913632E-11 -2.173389940241E-11
AR GRAD 2024 06 03 01 06 20.000000 2  -2.413636998599E-11 -5.128926797160E-11
AR GRAD 2024 06 03 01 06 30.000000 2  -2.533214957245E-11 -4.373464784768E-11
AR GRAD 2024 06 03 01 06 40.000000 2  -2.296604573182E-11 -3.493003108979E-11
AR GRAD 2024 06 03 01 06 50.000000 2  -2.298866652595E-11 -2.760542315572E-11
AR GRAD 2024 06 03 01 07  0.000000 2  -1.817166209173E-11 -3.234081058512E-11
AR GRAD 2024 06 03 01 07 10.000000 2  -2.789895398037E-11 -4.379620624495E-11
AR GRAD 2024 06 03 01 07 20.000000 2  -2.168791535251E-11 -2.657161470021E-11
AR GRAD 2024 06 03 01 07 30.000000 2  -2.075551189251E-11 -4.041702042490E-11
AR GRAD 2024 06 03 01 07 40.000000 2  -2.355101530460E-11 -3.205243362392E-11
AR GRAD 2024 06 03 01 07 50.000000 2  -2.135829534067E-11 -4.414784857132E-11
AR GRAD 2024 06 03 01 08  0.000000 2  -2.015337723094E-11 -2.208327617992E-11
AR GRAD 2024 06 03 01 08 10.000000 2  -2.090975829983E-11 -3.524869979232E-11
AR GRAD 2024 06 03 01 08 20.000000 2  -2.165835392975E-11 -3.424413183573E-11
AR GRAD 2024 06 03 01 08 30.000000 2  -2.059041132041E-11 -4.749957024930E-11
AR GRAD 2024 06 03 01 08 40.000000 2  -1.621473788571E-11 -2.677501102777E-11
AR GRAD 2024 06 03 01 08 50.000000 2  -2.608991321595E-11 -2.047045866149E-11
AR GRAD 2024 06 03 01 09  0.000000 2  -1.725107383332E-11 -4.719591037428E-11
AR GRAD 2024 06 03 01 09 10.000000 2  -2.300907381292E-11 -5.497136773558E-11
AR GRAD 2024 06 03 01 09 20.000000 2  -1.767525188712E-11 -4.155682742368E-11
AR GRAD 2024 06 03 01 09 30.000000 2  -2.448325570059E-11 -3.907229401134E-11
AR GRAD 2024 06 03 01 09 40.000000 2  -2.417220590356E-11 -5.466776337171E-11
AR GRAD 2024 06 03 01 09 50.000000 2  -2.011743549524E-11 -2.146324437624E-11
AR GRAD 2024 06 03 01 10  0.000000 2  -2.473700064232E-11 -3.418872476790E-11
AR GRAD 2024 06 03 01 10 10.000000 2  -2.352664764393E-11 -3.101420856244E-11
AR GRAD 2024 06 03 01 10 20.000000 2  -2.199758604438E-11 -5.578969924924E-11
AR GRAD 2024 06 03 01 10 30.000000 2  -1.729717237497E-11 -2.231519830032E-11
AR GRAD 2024 06 03 01 10 40.000000 2  -2.069242693858E-11 -3.803069664743E-11
AR GRAD 2024 06 03 01 10 50.000000 2  -2.090366595098E-11 -3.670620404850E-11
AR GRAD 2024 06 03 01 11  0.000000 2  -1.990025505494E-11 -2.742171593961E-11
AR GRAD 2024 06 03 01 11 10.000000 2  -2.160547608876E-11 -4.041722859172E-11
AR GRAD 2024 06 03 01 11 20.000000 2  -1.941545535455E-11 -3.257275352220E-11
AR GRAD 2024 06 03 01 11 30.000000 2  -2.270054803855E-11 -2.675827788512E-11
AR GRAD 2024 06 03 01 11 40.000000 2  -2.223435671689E-11 -5.216380799533E-11
AR GRAD 2024 06 03 01 11 50.000000 2  -1.957112596984E-11 -2.997934192561E-11
AR GRAD 2024 06 03 01 12  0.000000 2  -2.186107544988E-11 -3.040488000261E-11
AR GRAD 2024 06 03 01 12 10.000000 2  -1.974062059651E-11 -3.060042844116E-11
AR GRAD 2024 06 03 01 12 20.000000 2  -2.382578162541E-11 -3.029597753224E-11
AR GRAD 2024 06 03 01 12 30.000000 2  -2.056385617344E-11 -3.259153363855E-11
AR GRAD 2024 06 03 01 12 40.000000 2  -1.975338469185E-11 -3.498709308380E-11
AR GRAD 2024 06 03 01 12 50.000000 2  -2.019717379453E-11 -3.737265705239E-11
AR GRAD 2024 06 03 01 13  0.000000 2  -2.225025545755E-11 -2.635822810015E-11
AR GRAD 2024 06 03 01 13 10.000000 2  -1.790050052630E-11 -2.628380325886E-11
AR GRAD 2024 06 03 01 13 20.000000 2  -2.013252412003E-11 -2.357938497233E-11
AR GRAD 2024 06 03 01 13 30.000000 2  -2.052081074511E-11 -3.082496757845E-11
AR GRAD 2024 06 03 01 13 40.000000 2  -1.751314544773E-11 -3.808055606958E-11
AR GRAD 2024 06 03 01 13 50.000000 2  -2.374923521731E-11 -2.016615346934E-11
AR GRAD 2024 06 03 01 14  0.000000 2  -1.605900135093E-11 -4.404174941408E-11
AR GRAD 2024 06 03 01 14 10.000000 2  -1.775173064100E-11 -4.498735411973E-11
AR GRAD 2024 06 03 01 14 20.000000 2  -1.588760373261E-11 -1.480296614453E-11
AR GRAD 2024 06 03 01 14 30.000000 2  -1.967247025003E-11 -2.673858010005E-11
AR GRAD 2024 06 03 01 14 40.000000 2  -2.043597409351E-11 -4.142419740560E-11
AR GRAD 2024 06 03 01 14 50.000000 2  -2.073094994282E-11 -2.461982180624E-11
AR GRAD 2024 06 03 01 15  0.000000 2  -1.409163237487E-11 -2.820545186299E-11
AR GRAD 2024 06 03 01 15 10.000000 2  -2.054068720669E-11 -2.054108619309E-11
AR GRAD 2024 06 03 01 15 20.000000 2  -1.753582348774E-11 -3.999672121280E-11
AR GRAD 2024 06 03 01 15 30.000000 2  -1.976802922743E-11 -4.531236844074E-11
AR GRAD 2024 06 03 01 15 40.000000 2  -1.987951817051E-11 -2.329801455925E-11
AR GRAD 2024 06 03 01 15 50.000000 2  -1.187370340938E-11 -2.598367007667E-11
AR GRAD 2024 06 03 01 16  0.000000 2  -2.085738873281E-11 -2.189932783725E-11
AR GRAD 2024 06 03 01 16 10.000000 2  -1.720299423746E-11 -2.563499065800E-11
AR GRAD 2024 06 03 01 16 20.000000 2  -1.787064940473E-11 -2.996065548433E-11
AR GRAD 2024 06 03 01 16 30.000000 2  -1.682250172497E-11 -2.857633227271E-11
AR GRAD 2024 06 03 01 16 40.000000 2  -1.571304371339E-11 -2.123201094106E-11
AR GRAD 2024 06 03 01 16 50.000000 2  -1.449236303880E-11 -1.973769238328E-11
AR GRAD 2024 06 03 01 17  0.000000 2  -1.455821921348E-11 -2.251338004911E-11
AR GRAD 2024 06 03 01 17 10.000000 2  -1.774426612589E-11 -2.861907412444E-11
AR GRAD 2024 06 03 01 17 20.000000 2  -1.741236321795E-11 -2.804477136631E-11
AR GRAD 2024 06 03 01 17 30.000000 2  -1.184965580520E-11 -1.587047333829E-11
AR GRAD 2024 06 03 01 17 40.000000 2  -1.297649748072E-11 -2.981618077436E-11
AR GRAD 2024 06 03 01 17 50.000000 2  -1.359801420769E-11 -1.340189244303E-11
AR GRAD 2024 06 03 01 18  0.000000 2  -1.129738316785E-11 -2.074761196180E-11
AR GRAD 2024 06 03 01 18 10.000000 2  -1.141923274689E-11 -2.965333187332E-11
AR GRAD 2024 06 03 01 18 20.000000 2  -1.265651299043E-11 -1.613906057407E-11
AR GRAD 2024 06 03 01 18 30.000000 2  -1.643859180722E-11 -1.971479229868E-11
AR GRAD 2024 06 03 01 18 40.000000 2  -1.397230855321E-11 -3.253053035279E-11
AR GRAD 2024 06 03 01 18 50.000000 2  -5.841400280149E-12 -1.550627161395E-11
AR GRAD 2024 06 03 01 19  0.000000 2  -1.133628000499E-11 -3.727201533521E-11
AR GRAD 2024 06 03 01 19 10.000000 2  -8.574460585997E-12 -1.384776928542E-11
AR GRAD 2024 06 03 01 19 20.000000 2  -1.272092414045E-11 -2.638352557260E-11
AR GRAD 2024 06 03 01 19 30.000000 2  -1.237813931215E-11 -2.082928968195E-11
AR GRAD 2024 06 03 01 19 40.000000 2  -1.072640067046E-11 -1.077505445979E-11
AR GRAD 2024 06 03 01 19 50.000000 2  -8.109538214562E-12 -1.145082553083E-11
AR GRAD 2024 06 03 01 20  0.000000 2  -1.170831660791E-11 -2.689660300037E-11
AR GRAD 2024 06 03 01 20 10.000000 2  -1.091052161811E-11 -4.072384790499E-12
AR GRAD 2024 06 03 01 20 20.000000 2  -7.327154508130E-12 -1.915817157694E-11
AR GRAD 2024 06 03 01 20 30.000000 2  -8.247462608690E-12 -2.060396124548E-11
AR GRAD 2024 06 03 01 20 40.000000 2  -8.590158966093E-12 -1.493975776423E-11
AR GRAD 2024 06 03 01 20 50.000000 2  -9.758090169232E-12 -1.706555903536E-11
AR GRAD 2024 06 03 01 21  0.000000 2  -8.423426886561E-12 -1.211136399504E-11
AR GRAD 2024 06 03 01 21 10.000000 2  -5.865890238821E-12 -1.030717351747E-11
AR GRAD 2024 06 03 01 21 20.000000 2  -7.766605067405E-12 -2.404298982128E-11
AR GRAD 2024 06 03 01 21 30.000000 2  -5.037255335072E-12 -3.012880916975E-11
AR GRAD 2024 06 03 01 21 40.000000 2  -1.113964996635E-11 -2.529463617729E-11
AR GRAD 2024 06 03 01 21 50.000000 2  -4.093583545056E-12 -5.204669160930E-13
AR GRAD 2024 06 03 01 22  0.000000 2  -6.558846781662E-12 -2.052630287963E-11
AR GRAD 2024 06 03 01 22 10.000000 2  -4.016655497791E-12  2.977857977565E-12
AR GRAD 2024 06 03 01 22 20.000000 2  -7.559682914382E-12 -1.694798815177E-11
AR GRAD 2024 06 03 01 22 30.000000 2  -5.303018441039E-12 -2.725383980995E-11
AR GRAD 2024 06 03 01 22 40.000000 2  -4.630369872249E-12 -2.149692967038E-12
AR GRAD 2024 06 03 01 22 50.000000 2  -2.912525038853E-12 -9.325552483008E-12
AR GRAD 2024 06 03 01 23  0.000000 2  -6.026785407537E-12 -1.341141694228E-11
AR GRAD 2024 06 03 01 23 10.000000 2  -6.596825950084E-12 -1.686728708095E-11
AR GRAD 2024 06 03 01 23 20.000000 2  -7.221630411725E-12 -4.963160958604E-12
AR GRAD 2024 06 03 01 23 30.000000 2  -5.774065253705E-12 -1.503904292766E-11
AR GRAD 2024 06 03 01 23 40.000000 2  -2.319993589600E-12 -1.054925569642E-12
AR GRAD 2024 06 03 01 23 50.000000 2  -3.010013896118E-12 -1.767081619919E-11
AR GRAD 2024 06 03 01 24  0.000000 2  -1.872399587807E-12 -1.340670977013E-11
AR GRAD 2024 06 03 01 24 10.000000 2   2.710623609251E-13 -5.926081565570E-13
AR GRAD 2024 06 03 01 24 20.000000 2  -1.020539338800E-12 -1.133851172674E-11
AR GRAD 2024 06 03 01 24 30.000000 2   6.334800305846E-13 -8.654422664622E-12
AR GRAD 2024 06 03 01 24 40.000000 2  -2.405125577865E-12 -1.269033662876E-11
AR GRAD 2024 06 03 01 24 50.000000 2  -1.535371981463E-12 -1.256256925743E-12
AR GRAD 2024 06 03 01 25  0.000000 2   2.385896384974E-12 -1.404217801065E-11
AR GRAD 2024 06 03 01 25 10.000000 2  -9.684684694825E-13 -8.768107767620E-12
AR GRAD 2024 06 03 01 25 20.000000 2   2.763512725948E-12 -5.124042683213E-12
AR GRAD 2024 06 03 01 25 30.000000 2   2.046346165435E-12 -9.509980476718E-12
AR GRAD 2024 06 03 01 25 40.000000 2   2.266679682492E-12 -4.735923458954E-12
AR GRAD 2024 06 03 01 25 50.000000 2  -1.740796634446E-12 -7.461873133274E-12
AR GRAD 2024 06 03 01 26  0.000000 2   2.233423515574E-12 -3.637825717745E-12
AR GRAD 2024 06 03 01 26 10.000000 2  -8.627234668844E-13  2.506216154746E-12
AR GRAD 2024 06 03 01 26 20.000000 2   3.595456831568E-12 -1.609974653594E-11
AR GRAD 2024 06 03 01 26 30.000000 2   3.477007093702E-12 -5.665716160119E-12
AR GRAD 2024 06 03 01 26 40.000000 2   2.511462609059E-12  1.267831152563E-11
AR GRAD 2024 06 03 01 26 50.000000 2   2.989220199492E-12 -8.477666485485E-12
AR GRAD 2024 06 03 01 27  0.000000 2  -7.299635613849E-13 -1.941364950742E-11
AR GRAD 2024 06 03 01 27 10.000000 2   2.107598384010E-12  6.003629668058E-13
AR GRAD 2024 06 03 01 27 20.000000 2   2.271404635559E-12  1.395436891038E-11
AR GRAD 2024 06 03 01 27 30.000000 2   7.105370111726E-12 -5.391627248830E-12
AR GRAD 2024 06 03 01 27 40.000000 2   3.594494927400E-12  1.237236875451E-11
AR GRAD 2024 06 03 01 27 50.000000 2   6.967346404679E-12 -3.813637773631E-12
AR GRAD 2024 06 03 01 28  0.000000 2   4.197368581177E-12 -3.979649942920E-12
AR GRAD 2024 06 03 01 28 10.000000 2   6.036958693362E-12  1.072433548216E-11
AR GRAD 2024 06 03 01 28 20.000000 2   2.575730210716E-12 -2.421689801815E-12
AR GRAD 2024 06 03 01 28 30.000000 2   7.049978656415E-12  7.452284449261E-12
AR GRAD 2024 06 03 01 28 40.000000 2   6.571378857734E-12  7.916251855422E-12
AR GRAD 2024 06 03 01 28 50.000000 2   9.072802405197E-12 -1.997854735380E-13
AR GRAD 2024 06 03 01 29  0.000000 2   6.972063551491E-12 -8.795826914043E-12
AR GRAD 2024 06 03 01 29 10.000000 2   5.939040925718E-12  2.250812557170E-11
AR GRAD 2024 06 03 01 29 20.000000 2   8.089628793229E-12 -1.238792575464E-11
AR GRAD 2024 06 03 01 29 30.000000 2   7.724667260012E-12  1.060179708238E-13
AR GRAD 2024 06 03 01 29 40.000000 2   4.768402252914E-12  1.604995650273E-11
AR GRAD 2024 06 03 01 29 50.000000 2   1.026217652522E-11 -6.776110922369E-12
AR GRAD 2024 06 03 01 30  0.000000 2   5.447960225308E-12  1.131781907776E-11
AR GRAD 2024 06 03 01 30 10.000000 2   7.535057647279E-12  9.521741034524E-12
AR GRAD 2024 06 03 01 30 20.000000 2   6.968864721402E-12  1.384566072904E-11
AR GRAD 2024 06 03 01 30 30.000000 2   1.126895885634E-11  9.229575437253E-12
AR GRAD 2024 06 03 01 30 40.000000 2   1.201772448917E-11 -8.656516475858E-12
AR GRAD 2024 06 03 01 30 50.000000 2   1.145334348196E-11  2.267738948014E-11
AR GRAD 2024 06 03 01 31  0.000000 2   9.135779806269E-12  5.421285382418E-12
AR GRAD 2024 06 03 01 31 10.000000 2   1.370456872984E-11  5.395180396189E-12
AR GRAD 2024 06 03 01 31 20.000000 2   9.632064243426E-12 -6.320929023251E-12
AR GRAD 2024 06 03 01 31 30.000000 2   6.809325672763E-12  2.151295287744E-11
AR GRAD 2024 06 03 01 31 40.000000 2   1.123798970548E-11  1.510683592110E-11
AR GRAD 2024 06 03 01 31 50.000000 2   1.181054559707E-11  1.550070835576E-11
AR GRAD 2024 06 03 01 32  0.000000 2   1.395908996032E-11  1.302457967867E-11
AR GRAD 2024 06 03 01 32 10.000000 2   1.086226334573E-11  1.146844164773E-11
AR GRAD 2024 06 03 01 32 20.000000 2   1.099442238639E-11 -1.389769809651E-11
AR GRAD 2024 06 03 01 32 30.000000 2   1.448861516873E-11  2.082615677135E-11
AR GRAD 2024 06 03 01 32 40.000000 2   9.688156527021E-12 -3.509993727960E-12
AR GRAD 2024 06 03 01 32 50.000000 2   1.223279203627E-11  1.811384896244E-11
AR GRAD 2024 06 03 01 33  0.000000 2   1.141725169268E-11  2.398769204104E-11
AR GRAD 2024 06 03 01 33 10.000000 2   1.330448685249E-11  2.264152927645E-11
AR GRAD 2024 06 03 01 33 20.000000 2   1.075294454173E-11  6.715357870474E-12
AR GRAD 2024 06 03 01 33 30.000000 2   9.745694702634E-12  2.502918185210E-11
AR GRAD 2024 06 03 01 33 40.000000 2   1.502522065100E-11  8.953002401946E-12
AR GRAD 2024 06 03 01 33 50.000000 2   1.149067906797E-11  1.500681870437E-11
AR GRAD 2024 06 03 01 34  0.000000 2   1.123088167604E-11  9.670628881020E-12
AR GRAD 2024 06 03 01 34 10.000000 2   1.354810881538E-11  2.081443524482E-11
AR GRAD 2024 06 03 01 34 20.000000 2   1.408948305248E-11 -1.195176336372E-11
AR GRAD 2024 06 03 01 34 30.000000 2   1.839849279872E-11  3.602203257902E-11
AR GRAD 2024 06 03 01 34 40.000000 2   1.333260151587E-11  3.135582418712E-11
AR GRAD 2024 06 03 01 34 50.000000 2   1.082924982326E-11  1.137961079534E-11
AR GRAD 2024 06 03 01 35  0.000000 2   1.711404802596E-11  1.731339203948E-11
AR GRAD 2024 06 03 01 35 10.000000 2   1.359308672566E-11  1.088716616859E-11
AR GRAD 2024 06 03 01 35 20.000000 2   2.147253382045E-11  5.910936670683E-12
AR GRAD 2024 06 03 01 35 30.000000 2   1.064294572611E-11  1.001470260886E-11
AR GRAD 2024 06 03 01 35 40.000000 2   1.083224829279E-11  2.699846422816E-11
AR GRAD 2024 06 03 01 35 50.000000 2   2.131296354679E-11  2.477222073305E-11
AR GRAD 2024 06 03 01 36  0.000000 2   1.702234360412E-11  1.380597546008E-11
AR GRAD 2024 06 03 01 36 10.000000 2   1.689720412201E-11  1.711972057172E-11
AR GRAD 2024 06 03 01 36 20.000000 2   1.787542336373E-11  9.493460705057E-12
AR GRAD 2024 06 03 01 36 30.000000 2   1.470473222354E-11  5.357197758321E-12
AR GRAD 2024 06 03 01 36 40.000000 2   1.754061479398E-11  1.469092902884E-11
AR GRAD 2024 06 03 01 36 50.000000 2   1.459067762444E-11  1.772465854644E-11
AR GRAD 2024 06 03 01 37  0.000000 2   1.985519908210E-11  4.301838399390E-11
AR GRAD 2024 06 03 01 37 10.000000 2   1.987366174405E-11  1.505209498709E-11
AR GRAD 2024 06 03 01 37 20.000000 2   1.935040322421E-11  3.036581056048E-11
AR GRAD 2024 06 03 01 37 30.000000 2   1.743175048752E-11  1.136951557207E-11
AR GRAD 2024 06 03 01 37 40.000000 2   1.872978681872E-11  3.030322173747E-11
AR GRAD 2024 06 03 01 37 50.000000 2   2.029182898100E-11  2.406691512746E-11
AR GRAD 2024 06 03 01 38  0.000000 2   1.651141549874E-11  8.450610003430E-12
AR GRAD 2024 06 03 01 38 10.000000 2   1.512980365992E-11  2.173429491936E-11
AR GRAD 2024 06 03 01 38 20.000000 2   1.825507973952E-11  3.673797724368E-11
AR GRAD 2024 06 03 01 38 30.000000 2   2.302146667743E-11  2.040165432426E-11
AR GRAD 2024 06 03 01 38 40.000000 2   1.968199214719E-11  1.609532819524E-11
AR GRAD 2024 06 03 01 38 50.000000 2   2.028800738518E-11  1.953899542162E-11
AR GRAD 2024 06 03 01 39  0.000000 2   1.956494168065E-11  2.512265742660E-11
AR GRAD 2024 06 03 01 39 10.000000 2   1.719618891727E-11  2.146631830624E-11
AR GRAD 2024 06 03 01 39 20.000000 2   2.291151469935E-11  1.765997070802E-11
AR GRAD 2024 06 03 01 39 30.000000 2   1.870584936947E-11  2.076361999004E-11
AR GRAD 2024 06 03 01 39 40.000000 2   2.100430593344E-11  2.851726320363E-11
AR GRAD 2024 06 03 01 39 50.000000 2   2.388609622594E-11  2.762090035857E-11
AR GRAD 2024 06 03 01 40  0.000000 2   2.193356433977E-11  2.047453352694E-11
AR GRAD 2024 06 03 01 40 10.000000 2   2.013948383062E-11 -1.371834395213E-12
AR GRAD 2024 06 03 01 40 20.000000 2   1.849208806914E-11  5.092178761990E-11
AR GRAD 2024 06 03 01 40 30.000000 2   2.465124632200E-11  3.349540783626E-11
AR GRAD 2024 06 03 01 40 40.000000 2   2.372408866580E-11  1.862901846672E-11
AR GRAD 2024 06 03 01 40 50.000000 2   2.423647914307E-11  2.779262930908E-11
AR GRAD 2024 06 03 01 41  0.000000 2   1.924857669089E-11  2.071623428357E-11
AR GRAD 2024 06 03 01 41 10.000000 2   1.913246124030E-11  3.144983232173E-11
AR GRAD 2024 06 03 01 41 20.000000 2   2.689649024334E-11  2.831342625631E-11
AR GRAD 2024 06 03 01 41 30.000000 2   2.696435436045E-11  2.180701452748E-11
AR GRAD 2024 06 03 01 41 40.000000 2   2.366150157751E-11  2.561060044592E-11
AR GRAD 2024 06 03 01 41 50.000000 2   2.451632473421E-11  2.876418200848E-11
AR GRAD 2024 06 03 01 42  0.000000 2   2.307702987037E-11  1.627775345070E-11
AR GRAD 2024 06 03 01 42 10.000000 2   2.778966119721E-11  2.357132544706E-11
AR GRAD 2024 06 03 01 42 20.000000 2   2.758941859693E-11  3.823489094779E-11
AR GRAD 2024 06 03 01 42 30.000000 2   2.331977493053E-11  8.784484641436E-13
AR GRAD 2024 06 03 01 42 40.000000 2   2.936512838447E-11  4.039200571238E-11
AR GRAD 2024 06 03 01 42 50.000000 2   2.648697754182E-11  4.160555580612E-11
AR GRAD 2024 06 03 01 43  0.000000 2   2.655669260887E-11  1.447909934310E-11
AR GRAD 2024 06 03 01 43 10.000000 2   2.982258884288E-11  1.238264178693E-11
AR GRAD 2024 06 03 01 43 20.000000 2   3.130287001829E-11  8.116174399220E-12
AR GRAD 2024 06 03 01 43 30.000000 2   2.378720831420E-11  5.810970107878E-11
AR GRAD 2024 06 03 01 43 40.000000 2   2.372171556408E-11  4.515322837850E-11
AR GRAD 2024 06 03 01 43 50.000000 2   2.913274829708E-11  1.489675049982E-11
AR GRAD 2024 06 03 01 44  0.000000 2   3.136131632164E-11  2.921026615033E-11
AR GRAD 2024 06 03 01 44 10.000000 2   2.491412978700E-11  4.164377176430E-11
AR GRAD 2024 06 03 01 44 20.000000 2   2.778510754808E-11  1.477728356347E-11
AR GRAD 2024 06 03 01 44 30.000000 2   2.902972827401E-11  2.475078302033E-11
AR GRAD 2024 06 03 01 44 40.000000 2   2.473052318486E-11  3.318428171140E-11
AR GRAD 2024 06 03 01 44 50.000000 2   3.032965198435E-11  4.824777383172E-11
AR GRAD 2024 06 03 01 45  0.000000 2   2.827697104246E-11  2.169125642992E-11
AR GRAD 2024 06 03 01 45 10.000000 2   2.709211327501E-11  3.406473714218E-11
AR GRAD 2024 06 03 01 45 20.000000 2   3.056925546030E-11  2.051821212934E-11
AR GRAD 2024 06 03 01 45 30.000000 2   3.182084110098E-11  3.452168759188E-11
AR GRAD 2024 06 03 01 45 40.000000 2   3.097670731034E-11  3.058515246623E-11
AR GRAD 2024 06 03 01 45 50.000000 2   2.779183654045E-11  3.424861436119E-11
AR GRAD 2024 06 03 01 46  0.000000 2   3.111446864046E-11  3.392207001407E-11
AR GRAD 2024 06 03 01 46 10.000000 2   3.027098710584E-11  2.493552239691E-11
AR GRAD 2024 06 03 01 46 20.000000 2   3.160781358869E-11  3.562897199494E-11
AR GRAD 2024 06 03 01 46 30.000000 2   3.557393962739E-11  3.411241081275E-11
AR GRAD 2024 06 03 01 46 40.000000 2   2.866974886662E-11  1.645584883636E-11
AR GRAD 2024 06 03 01 46 50.000000 2   3.134130455162E-11  5.635928182479E-11
AR GRAD 2024 06 03 01 47  0.000000 2   2.808558247080E-11  3.052270935999E-11
AR GRAD 2024 06 03 01 47 10.000000 2   3.239805992927E-11  2.988612829435E-11
AR GRAD 2024 06 03 01 47 20.000000 2   3.268056658623E-11  3.215954585967E-11
AR GRAD 2024 06 03 01 47 30.000000 2   2.884040922746E-11  3.313296165208E-11
AR GRAD 2024 06 03 01 47 40.000000 2   3.183553420882E-11  2.682636231210E-11
AR GRAD 2024 06 03 01 47 50.000000 2   3.207077658995E-11  4.058976765808E-11
AR GRAD 2024 06 03 01 48  0.000000 2   3.383652733002E-11  2.708316210187E-11
AR GRAD 2024 06 03 01 48 10.000000 2   2.880156356466E-11  3.641656073916E-11
AR GRAD 2024 06 03 01 48 20.000000 2   3.276311860700E-11  3.245994445455E-11
AR GRAD 2024 06 03 01 48 30.000000 2   3.130786255245E-11  4.213332807645E-11
AR GRAD 2024 06 03 01 48 40.000000 2   3.303526549536E-11  3.230670592158E-11
AR GRAD 2024 06 03 01 48 50.000000 2   3.559875658143E-11  3.836008247160E-11
AR GRAD 2024 06 03 01 49  0.000000 2   3.562625194853E-11  2.366344446780E-11
AR GRAD 2024 06 03 01 49 10.000000 2   3.275105880940E-11  3.932681263974E-11
AR GRAD 2024 06 03 01 49 20.000000 2   3.756961408641E-11  3.847016802339E-11
AR GRAD 2024 06 03 01 49 30.000000 2   3.450245644743E-11  4.763352559611E-11
AR GRAD 2024 06 03 01 49 40.000000 2   3.859159519726E-11  2.493686680760E-11
AR GRAD 2024 06 03 01 49 50.000000 2   3.062167533430E-11  4.040021442386E-11
AR GRAD 2024 06 03 01 50  0.000000 2   3.101875700739E-11  3.137355306104E-11
AR GRAD 2024 06 03 01 50 10.000000 2   3.454980745943E-11  4.192688210503E-11
AR GRAD 2024 06 03 01 50 20.000000 2   3.715448088082E-11  2.696021357551E-11
AR GRAD 2024 06 03 01 50 30.000000 2   3.008688437278E-11  4.551353738336E-11
AR GRAD 2024 06 03 01 50 40.000000 2   4.010369467067E-11  3.181685817588E-11
AR GRAD 2024 06 03 01 50 50.000000 2   3.448212548829E-11  3.267017212316E-11
AR GRAD 2024 06 03 01 51  0.000000 2   3.423933706004E-11  4.000348316491E-11
AR GRAD 2024 06 03 01 51 10.000000 2   3.723024319391E-11  4.726678770606E-11
AR GRAD 2024 06 03 01 51 20.000000 2   3.341956572589E-11  2.183008288026E-11
AR GRAD 2024 06 03 01 51 30.000000 2   3.335151599337E-11  3.676337706482E-11
AR GRAD 2024 06 03 01 51 40.000000 2   3.369461654135E-11  3.338666842989E-11
AR GRAD 2024 06 03 01 51 50.000000 2   3.667837214505E-11  4.438995351852E-11
AR GRAD 2024 06 03 01 52  0.000000 2   3.726087494105E-11  2.454323203005E-11
AR GRAD 2024 06 03 01 52 10.000000 2   3.631773007329E-11  3.262650913327E-11
AR GRAD 2024 06 03 01 52 20.000000 2   3.807909890186E-11  3.483977342733E-11
AR GRAD 2024 06 03 01 52 30.000000 2   4.183202048647E-11  3.310304114157E-11
AR GRAD 2024 06 03 01 52 40.000000 2   3.722005689766E-11  3.766630063406E-11
AR GRAD 2024 06 03 01 52 50.000000 2   3.817860610988E-11  2.667955266433E-11
AR GRAD 2024 06 03 01 53  0.000000 2   3.552761210224E-11  3.961280609088E-11
AR GRAD 2024 06 03 01 53 10.000000 2   4.123750299567E-11  3.239605111949E-11
AR GRAD 2024 06 03 01 53 20.000000 2   3.867106981859E-11  3.680928825633E-11
AR GRAD 2024 06 03 01 53 30.000000 2   4.034330508551E-11  4.101252670807E-11
AR GRAD 2024 06 03 01 53 40.000000 2   4.124834501740E-11  3.318575622635E-11
AR GRAD 2024 06 03 01 53 50.000000 2   3.896395012193E-11  2.631898171623E-11
AR GRAD 2024 06 03 01 54  0.000000 2   4.255374178030E-11  4.729220140498E-11
AR GRAD 2024 06 03 01 54 10.000000 2   4.159379438096E-11  3.610541726706E-11
AR GRAD 2024 06 03 01 54 20.000000 2   3.770492251753E-11  3.691862787703E-11
AR GRAD 2024 06 03 01 54 30.000000 2   4.209070592065E-11  2.843183154189E-11
AR GRAD 2024 06 03 01 54 40.000000 2   3.567995551790E-11  4.409503664982E-11
AR GRAD 2024 06 03 01 54 50.000000 2   3.885443009000E-11  2.627823132706E-11
AR GRAD 2024 06 03 01 55  0.000000 2   4.130636110933E-11  4.742142442615E-11
AR GRAD 2024 06 03 01 55 10.000000 2   3.850955318518E-11  4.291460589667E-11
AR GRAD 2024 06 03 01 55 20.000000 2   4.330819383669E-11  3.271779028258E-11
AR GRAD 2024 06 03 01 55 30.000000 2   4.171636647232E-11  3.043097024369E-11
AR GRAD 2024 06 03 01 55 40.000000 2   4.014258023211E-11  4.231413483491E-11
AR GRAD 2024 06 03 01 55 50.000000 2   4.312014634245E-11  3.090730449351E-11
AR GRAD 2024 06 03 01 56  0.000000 2   3.664429176764E-11  4.308046280821E-11
AR GRAD 2024 06 03 01 56 10.000000 2   3.798641956543E-11  4.378361562196E-11
AR GRAD 2024 06 03 01 56 20.000000 2   4.488858590390E-11  3.627677325202E-11
AR GRAD 2024 06 03 01 56 30.000000 2   4.215221921511E-11  3.690991956518E-11
AR GRAD 2024 06 03 01 56 40.000000 2   3.904333106819E-11  3.909306559025E-11
AR GRAD 2024 06 03 01 56 50.000000 2   4.007311149579E-11  4.398619662949E-11
AR GRAD 2024 06 03 01 57  0.000000 2   4.143342613450E-11  4.302932662958E-11
AR GRAD 2024 06 03 01 57 10.000000 2   4.182526894270E-11  4.501245556843E-11
AR GRAD 2024 06 03 01 57 20.000000 2   3.631324754783E-11  4.117558030647E-11
AR GRAD 2024 06 03 01 57 30.000000 2   4.083558838297E-11  4.391869506959E-11
AR GRAD 2024 06 03 01 57 40.000000 2   3.957251887288E-11  3.383180888217E-11
AR GRAD 2024 06 03 01 57 50.000000 2   3.931841657812E-11  4.306491621642E-11
AR GRAD 2024 06 03 01 58  0.000000 2   4.402691752836E-11  4.694801838956E-11
AR GRAD 2024 06 03 01 58 10.000000 2   3.766158218621E-11  2.873111817903E-11
AR GRAD 2024 06 03 01 58 20.000000 2   4.485308305324E-11  5.863420859953E-11
AR GRAD 2024 06 03 01 58 30.000000 2   3.931113073952E-11  5.121729776403E-11
AR GRAD 2024 06 03 01 58 40.000000 2   4.131933684093E-11  5.016037932237E-11
AR GRAD 2024 06 03 01 58 50.000000 2   4.114695736912E-11  2.926345624155E-11
AR GRAD 2024 06 03 01 59  0.000000 2   4.189617749950E-11  2.317653187422E-11
AR GRAD 2024 06 03 01 59 10.000000 2   4.303024603303E-11  5.890959248189E-11
AR GRAD 2024 06 03 01 59 20.000000 2   3.597544831480E-11  4.224266075825E-11
AR GRAD 2024 06 03 01 59 30.000000 2   4.305749159994E-11  3.873572296254E-11
AR GRAD 2024 06 03 01 59 40.000000 2   4.058945887730E-11  4.426877267538E-11
AR GRAD 2024 06 03 01 59 50.000000 2   4.220445867786E-11  3.607182608167E-11
AR GRAD 2024 06 03 02 00  0.000000 2   3.573626811137E-11  4.087486599191E-11
AR GRAD 2024 06 03 02 00 10.000000 2   3.817000188144E-11  5.285790555254E-11
AR GRAD 2024 06 03 02 00 20.000000 2   3.807634763042E-11  4.841094192187E-11
AR GRAD 2024 06 03 02 00 30.000000 2   4.519085800014E-11  2.022396486390E-11
AR GRAD 2024 06 03 02 00 40.000000 2   3.841358481305E-11  3.481699303864E-11
AR GRAD 2024 06 03 02 00 50.000000 2   4.303694553509E-11  4.816001417107E-11
AR GRAD 2024 06 03 02 01  0.000000 2   4.567661873733E-11  3.483302535301E-11
AR GRAD 2024 06 03 02 01 10.000000 2   3.710519738687E-11  3.867603459717E-11
AR GRAD 2024 06 03 02 01 20.000000 2   4.017034274661E-11  3.610903590023E-11
AR GRAD 2024 06 03 02 01 30.000000 2   3.965491823799E-11  4.442203549448E-11
AR GRAD 2024 06 03 02 01 40.000000 2   4.085273785925E-11  4.603503342415E-11
AR GRAD 2024 06 03 02 01 50.000000 2   3.325954442412E-11  4.458802077556E-11
AR GRAD 2024 06 03 02 02  0.000000 2   3.703205450623E-11  4.324101146591E-11
AR GRAD 2024 06 03 02 02 10.000000 2   3.734422493462E-11  4.041398465882E-11
AR GRAD 2024 06 03 02 02 20.000000 2   4.228003711026E-11  4.269695708103E-11
AR GRAD 2024 06 03 02 02 30.000000 2   4.286115906638E-11  4.979993153964E-11
AR GRAD 2024 06 03 02 02 40.000000 2   4.397015043733E-11  4.265289163530E-11
AR GRAD 2024 06 03 02 02 50.000000 2   3.742117032912E-11  5.205584921453E-11
AR GRAD 2024 06 03 02 03  0.000000 2   3.956720714959E-11  1.965880756793E-11
AR GRAD 2024 06 03 02 03 10.000000 2   3.936925785375E-11  3.929175734774E-11
AR GRAD 2024 06 03 02 03 20.000000 2   4.137255468772E-11  4.176470627670E-11
AR GRAD 2024 06 03 02 03 30.000000 2   3.674018034250E-11  4.162763883597E-11
AR GRAD 2024 06 03 02 03 40.000000 2   4.041015785883E-11  5.899057631265E-11
AR GRAD 2024 06 03 02 03 50.000000 2   4.373546316772E-11  3.458351313657E-11
AR GRAD 2024 06 03 02 04  0.000000 2   3.773918677563E-11  4.866643546486E-11
AR GRAD 2024 06 03 02 04 10.000000 2   3.784577512489E-11  3.424935682284E-11
AR GRAD 2024 06 03 02 04 20.000000 2   4.307646600532E-11  3.663227360340E-11
AR GRAD 2024 06 03 02 04 30.000000 2   3.887239141687E-11  5.059518082273E-11
AR GRAD 2024 06 03 02 04 40.000000 2   3.882986640558E-11  3.700808756668E-11
AR GRAD 2024 06 03 02 04 50.000000 2   3.500438133797E-11  6.015098835688E-11
AR GRAD 2024 06 03 02 05  0.000000 2   4.238643463994E-11  2.842388477364E-11
AR GRAD 2024 06 03 02 05 10.000000 2   3.806925261141E-11  5.928676993783E-11
AR GRAD 2024 06 03 02 05 20.000000 2   4.044095266997E-11  3.042966226219E-11
AR GRAD 2024 06 03 02 05 30.000000 2   3.579591484337E-11  4.542254766760E-11
AR GRAD 2024 06 03 02 05 40.000000 2   3.897168004974E-11  4.172541478997E-11
AR GRAD 2024 06 03 02 05 50.000000 2   3.605203635626E-11  4.386828747482E-11
AR GRAD 2024 06 03 02 06  0.000000 2   4.092761546337E-11  3.881115567816E-11
AR GRAD 2024 06 03 02 06 10.000000 2   4.233723788216E-11  3.058402142653E-11
AR GRAD 2024 06 03 02 06 20.000000 2   3.827610103868E-11  4.770687317412E-11
AR GRAD 2024 06 03 02 06 30.000000 2   3.730661959911E-11  3.769972528600E-11
AR GRAD 2024 06 03 02 06 40.000000 2   4.006340398321E-11  5.632257160659E-11
AR GRAD 2024 06 03 02 06 50.000000 2   4.375305673321E-11  4.071541714890E-11
AR GRAD 2024 06 03 02 07  0.000000 2   3.753381980220E-11  3.662825598383E-11
AR GRAD 2024 06 03 02 07 10.000000 2   3.624399738666E-11  3.545108304137E-11
AR GRAD 2024 06 03 02 07 20.000000 2   3.604832057857E-11  3.804391177087E-11
AR GRAD 2024 06 03 02 07 30.000000 2   3.546346202810E-11  3.341673465718E-11
AR GRAD 2024 06 03 02 07 40.000000 2   3.541419935083E-11  4.630955341423E-11
AR GRAD 2024 06 03 02 07 50.000000 2   3.236746634605E-11  4.331236064248E-11
AR GRAD 2024 06 03 02 08  0.000000 2   3.711417631558E-11  3.967516939984E-11
AR GRAD 2024 06 03 02 08 10.000000 2   3.540041176864E-11  5.195797264657E-11
AR GRAD 2024 06 03 02 08 20.000000 2   3.510362833747E-11  2.325077110010E-11
AR GRAD 2024 06 03 02 08 30.000000 2   3.547455731945E-11  2.732356181590E-11
AR GRAD 2024 06 03 02 08 40.000000 2   3.507825280247E-11  5.844635192487E-11
AR GRAD 2024 06 03 02 08 50.000000 2   3.403394580048E-11  3.683913243901E-11
AR GRAD 2024 06 03 02 09  0.000000 2   3.159394620922E-11  3.780191090708E-11
AR GRAD 2024 06 03 02 09 10.000000 2   3.419676000704E-11  5.021469004496E-11
AR GRAD 2024 06 03 02 09 20.000000 2   3.177474255933E-11  3.285745286963E-11
AR GRAD 2024 06 03 02 09 30.000000 2   3.392210817799E-11  4.445022128152E-11
AR GRAD 2024 06 03 02 09 40.000000 2   3.067386969424E-11  5.386297657894E-11
AR GRAD 2024 06 03 02 09 50.000000 2   2.658141068368E-11  3.972572965028E-11
AR GRAD 2024 06 03 02 10  0.000000 2   2.820454113317E-11  2.418847587504E-11
AR GRAD 2024 06 03 02 10 10.000000 2   2.862879204535E-11  4.142122408957E-11
AR GRAD 2024 06 03 02 10 20.000000 2   2.480146990558E-11  3.519395885831E-11
AR GRAD 2024 06 03 02 10 30.000000 2   2.812734593849E-11  4.631669353605E-11
AR GRAD 2024 06 03 02 10 40.000000 2   3.017773531067E-11  4.452942181654E-11
AR GRAD 2024 06 03 02 10 50.000000 2   2.879312586967E-11  2.665214576814E-11
AR GRAD 2024 06 03 02 11  0.000000 2   3.176606894195E-11  3.552486430025E-11
AR GRAD 2024 06 03 02 11 10.000000 2   3.070502532787E-11  3.483758073686E-11
AR GRAD 2024 06 03 02 11 20.000000 2   3.028162443020E-11  3.842028778456E-11
AR GRAD 2024 06 03 02 11 30.000000 2   2.458693144913E-11  4.463299174695E-11
AR GRAD 2024 06 03 02 11 40.000000 2   2.695967234179E-11  3.822569344392E-11
AR GRAD 2024 06 03 02 11 50.000000 2   2.733662428367E-11  3.496838929529E-11
AR GRAD 2024 06 03 02 12  0.000000 2   3.000838813549E-11  4.473107648173E-11
AR GRAD 2024 06 03 02 12 10.000000 2   2.290753871315E-11  2.798375940694E-11
AR GRAD 2024 06 03 02 12 20.000000 2   3.055834058019E-11  5.199644534382E-11
AR GRAD 2024 06 03 02 12 30.000000 2   2.679933011618E-11  2.112911234864E-11
AR GRAD 2024 06 03 02 12 40.000000 2   2.351895761477E-11  4.414178397805E-11
AR GRAD 2024 06 03 02 12 50.000000 2   2.247629166119E-11  2.587444841717E-11
AR GRAD 2024 06 03 02 13  0.000000 2   2.514926114583E-11  4.363710781607E-11
AR GRAD 2024 06 03 02 13 10.000000 2   2.482821587213E-11  4.138976314461E-11
AR GRAD 2024 06 03 02 13 20.000000 2   2.649454614034E-11  3.031241577189E-11
AR GRAD 2024 06 03 02 13 30.000000 2   2.264447657163E-11  4.230506223113E-11
AR GRAD 2024 06 03 02 13 40.000000 2   2.824541989188E-11  2.390769526794E-11
AR GRAD 2024 06 03 02 13 50.000000 2   1.880633669626E-11  5.064032873592E-11
AR GRAD 2024 06 03 02 14  0.000000 2   2.808945437360E-11  3.275296353578E-11
AR GRAD 2024 06 03 02 14 10.000000 2   2.564088524837E-11  3.080559071722E-11
AR GRAD 2024 06 03 02 14 20.000000 2   2.083655990803E-11  2.097821222291E-11
AR GRAD 2024 06 03 02 14 30.000000 2   2.501581580772E-11  4.983082349530E-11
AR GRAD 2024 06 03 02 14 40.000000 2   2.537815096959E-11  1.871343704996E-11
AR GRAD 2024 06 03 02 14 50.000000 2   2.665896843557E-11  2.932604506456E-11
AR GRAD 2024 06 03 02 15  0.000000 2   1.975103761098E-11  3.476864629537E-11
AR GRAD 2024 06 03 02 15 10.000000 2   2.439885793404E-11  3.432124029423E-11
AR GRAD 2024 06 03 02 15 20.000000 2   2.590296033222E-11  2.419383096641E-11
AR GRAD 2024 06 03 02 15 30.000000 2   1.942286609324E-11  3.961641778516E-11
AR GRAD 2024 06 03 02 15 40.000000 2   2.276847287097E-11  4.232900141510E-11
AR GRAD 2024 06 03 02 15 50.000000 2   2.026398493449E-11  2.201157485449E-11
AR GRAD 2024 06 03 02 16  0.000000 2   2.295174120204E-11  1.550414657769E-11
AR GRAD 2024 06 03 02 16 10.000000 2   1.953754345807E-11  5.162671679049E-11
AR GRAD 2024 06 03 02 16 20.000000 2   2.545796559672E-11  1.768927365697E-11
AR GRAD 2024 06 03 02 16 30.000000 2   2.323580911012E-11  3.402183049173E-11
AR GRAD 2024 06 03 02 16 40.000000 2   1.926673057207E-11  3.332438491821E-11
AR GRAD 2024 06 03 02 16 50.000000 2   2.300242114839E-11  7.416930784820E-12
AR GRAD 2024 06 03 02 17  0.000000 2   2.219525258029E-11  3.984947441471E-11
AR GRAD 2024 06 03 02 17 10.000000 2   1.752234815577E-11  2.865200784963E-11
AR GRAD 2024 06 03 02 17 20.000000 2   2.327989363782E-11  2.837454229909E-11
AR GRAD 2024 06 03 02 17 30.000000 2   1.745827267474E-11  7.417067827975E-12
AR GRAD 2024 06 03 02 17 40.000000 2   1.848104655422E-11  2.318959087255E-11
AR GRAD 2024 06 03 02 17 50.000000 2   1.490839569851E-11  3.079211191581E-11
AR GRAD 2024 06 03 02 18  0.000000 2   1.635854993132E-11  1.935461860225E-11
AR GRAD 2024 06 03 02 18 10.000000 2   1.971637957066E-11  2.231712731282E-11
AR GRAD 2024 06 03 02 18 20.000000 2   1.266371556230E-11  2.600963194821E-11
AR GRAD 2024 06 03 02 18 30.000000 2   1.757234809052E-11  1.947212877051E-11
AR GRAD 2024 06 03 02 18 40.000000 2   1.837861286769E-11  2.077461813688E-11
AR GRAD 2024 06 03 02 18 50.000000 2   1.780819242070E-11  1.132710678725E-11
AR GRAD 2024 06 03 02 19  0.000000 2   1.475826405528E-11  4.012959062272E-11
AR GRAD 2024 06 03 02 19 10.000000 2   1.593222775931E-11  1.462206744574E-11
AR GRAD 2024 06 03 02 19 20.000000 2   1.542212017813E-11  3.417454513821E-11
AR GRAD 2024 06 03 02 19 30.000000 2   1.087764687352E-11  2.311701351176E-11
AR GRAD 2024 06 03 02 19 40.000000 2   1.166698942318E-11  1.190947600954E-11
AR GRAD 2024 06 03 02 19 50.000000 2   1.977772980111E-11  2.560193203271E-11
AR GRAD 2024 06 03 02 20  0.000000 2   1.030676065328E-11  2.360438754179E-11
AR GRAD 2024 06 03 02 20 10.000000 2   1.175640747947E-11  2.180683411623E-11
AR GRAD 2024 06 03 02 20 20.000000 2   1.616476570654E-11  2.317927447204E-11
AR GRAD 2024 06 03 02 20 30.000000 2   1.311402202109E-11  1.714171860012E-11
AR GRAD 2024 06 03 02 20 40.000000 2   1.394901815582E-11  2.045415052609E-11
AR GRAD 2024 06 03 02 20 50.000000 2   1.394382959791E-11  2.890657851973E-11
AR GRAD 2024 06 03 02 21  0.000000 2   9.818194868227E-12  1.605900135093E-11
AR GRAD 2024 06 03 02 21 10.000000 2   7.918358677084E-12  9.281421985141E-12
AR GRAD 2024 06 03 02 21 20.000000 2   1.177654761902E-11  1.000383543365E-11
AR GRAD 2024 06 03 02 21 30.000000 2   1.204357013423E-11  4.525625013629E-11
AR GRAD 2024 06 03 02 21 40.000000 2   1.581421105179E-11  7.568649700029E-12
AR GRAD 2024 06 03 02 21 50.000000 2   7.737101757888E-12  4.961048499091E-12
AR GRAD 2024 06 03 02 22  0.000000 2   1.585412530425E-11  4.863443849035E-12
AR GRAD 2024 06 03 02 22 10.000000 2   6.705541070323E-12  1.905583156547E-11
AR GRAD 2024 06 03 02 22 20.000000 2   1.521873425891E-11  1.597821701338E-11
AR GRAD 2024 06 03 02 22 30.000000 2   1.376284503030E-11  1.651059670926E-11
AR GRAD 2024 06 03 02 22 40.000000 2   1.265921048543E-11  2.236297085012E-11
AR GRAD 2024 06 03 02 22 50.000000 2   7.796986147002E-12  4.415341790104E-12
AR GRAD 2024 06 03 02 23  0.000000 2   1.149203562173E-11  2.381770648763E-11
AR GRAD 2024 06 03 02 23 10.000000 2   6.272811697156E-12  1.476006469825E-11
AR GRAD 2024 06 03 02 23 20.000000 2   7.405433037622E-12  5.672422167396E-12
AR GRAD 2024 06 03 02 23 30.000000 2   9.350630512939E-12  1.144771885793E-12
AR GRAD 2024 06 03 02 23 40.000000 2   1.091743969533E-11  1.937711970046E-11
AR GRAD 2024 06 03 02 23 50.000000 2   6.854494402631E-12  1.551945724709E-11
AR GRAD 2024 06 03 02 24  0.000000 2   8.170937884633E-12 -2.598206589113E-12
AR GRAD 2024 06 03 02 24 10.000000 2   9.980399319487E-12  1.044122687616E-12
AR GRAD 2024 06 03 02 24 20.000000 2   2.224560813335E-12  6.586449701612E-12
AR GRAD 2024 06 03 02 24 30.000000 2   3.319173711921E-12  1.582876885120E-11
AR GRAD 2024 06 03 02 24 40.000000 2   2.447861358057E-12 -2.228915836622E-12
AR GRAD 2024 06 03 02 24 50.000000 2   5.283704029857E-12  2.325339400200E-11
AR GRAD 2024 06 03 02 25  0.000000 2   5.791868720739E-12  1.329570221281E-11
AR GRAD 2024 06 03 02 25 10.000000 2   3.278298856338E-12  8.080032953481E-13
AR GRAD 2024 06 03 02 25 20.000000 2   5.644012601030E-12  9.530298425431E-12
AR GRAD 2024 06 03 02 25 30.000000 2   6.704980754640E-12  4.825892289950E-13
AR GRAD 2024 06 03 02 25 40.000000 2   3.131957367064E-12  1.604487549767E-11
AR GRAD 2024 06 03 02 25 50.000000 2   4.356816990514E-12  7.027157501727E-12
AR GRAD 2024 06 03 02 26  0.000000 2   4.809769336284E-12  1.141943484217E-11
AR GRAD 2024 06 03 02 26 10.000000 2   4.023415281496E-12  8.641705406820E-12
AR GRAD 2024 06 03 02 26 20.000000 2   2.089782340231E-12  1.212397196526E-11
AR GRAD 2024 06 03 02 26 30.000000 2   3.026969300213E-12 -6.603766578711E-12
AR GRAD 2024 06 03 02 26 40.000000 2   2.444377437006E-13  1.409848886941E-11
AR GRAD 2024 06 03 02 26 50.000000 2   3.002367235036E-12  7.560741963064E-12
AR GRAD 2024 06 03 02 27  0.000000 2   1.899377998835E-15 -7.737011552267E-12
AR GRAD 2024 06 03 02 27 10.000000 2  -2.528156347735E-14 -1.182476859485E-11
AR GRAD 2024 06 03 02 27 20.000000 2   1.373373094936E-12  5.357467941502E-12
AR GRAD 2024 06 03 02 27 30.000000 2   1.500459587307E-12  1.599700623703E-12
AR GRAD 2024 06 03 02 27 40.000000 2   2.161236921578E-14  1.219192889007E-11
AR GRAD 2024 06 03 02 27 50.000000 2  -1.995497083546E-12  2.654149469650E-12
AR GRAD 2024 06 03 02 28  0.000000 2   3.026544509802E-12  2.816367798697E-12
AR GRAD 2024 06 03 02 28 10.000000 2  -1.430529089283E-12 -1.023142074535E-11
AR GRAD 2024 06 03 02 28 20.000000 2   2.426373121520E-12 -6.209213265079E-12
AR GRAD 2024 06 03 02 28 30.000000 2   1.010325612234E-12  1.162989734897E-12
AR GRAD 2024 06 03 02 28 40.000000 2   4.473415182119E-13  4.465189069186E-12
AR GRAD 2024 06 03 02 28 50.000000 2  -1.195499211779E-12  4.373816846898E-13
AR GRAD 2024 06 03 02 29  0.000000 2  -1.679438164058E-12  3.029567482299E-12
AR GRAD 2024 06 03 02 29 10.000000 2  -2.183897594016E-12 -3.218249234813E-12
AR GRAD 2024 06 03 02 29 20.000000 2   2.282699203271E-12 -3.076070431360E-12
AR GRAD 2024 06 03 02 29 30.000000 2  -6.362085337719E-13 -1.253389666361E-11
AR GRAD 2024 06 03 02 29 40.000000 2   3.008208699501E-12  1.127826998459E-11
AR GRAD 2024 06 03 02 29 50.000000 2  -4.680118705774E-12  2.430433675496E-12
AR GRAD 2024 06 03 02 30  0.000000 2   1.864616588302E-13 -1.437407809966E-12
AR GRAD 2024 06 03 02 30 10.000000 2   2.353300930860E-12 -9.325253243209E-12
AR GRAD 2024 06 03 02 30 20.000000 2  -2.547594080138E-12 -3.713106211389E-12
AR GRAD 2024 06 03 02 30 30.000000 2  -2.897453978135E-12 -9.210961854356E-12
AR GRAD 2024 06 03 02 30 40.000000 2  -2.134160253034E-12 -4.978823343188E-12
AR GRAD 2024 06 03 02 30 50.000000 2   3.084542712396E-13 -6.326689606234E-12
AR GRAD 2024 06 03 02 31  0.000000 2   1.288758813209E-12  4.055440878947E-12
AR GRAD 2024 06 03 02 31 10.000000 2  -2.723096704724E-12 -1.183243607261E-11
AR GRAD 2024 06 03 02 31 20.000000 2  -3.522945823953E-12 -2.310317735732E-12
AR GRAD 2024 06 03 02 31 30.000000 2  -2.420291397853E-12 -6.008202615981E-12
AR GRAD 2024 06 03 02 31 40.000000 2  -9.516658430265E-14 -1.659609429050E-11
AR GRAD 2024 06 03 02 31 50.000000 2  -2.429211996488E-12 -8.923989151810E-12
AR GRAD 2024 06 03 02 32  0.000000 2  -4.871932718364E-12  5.158108749154E-12
AR GRAD 2024 06 03 02 32 10.000000 2  -2.802891382533E-12 -1.722979744989E-11
AR GRAD 2024 06 03 02 32 20.000000 2  -4.486749947269E-12 -1.746770610100E-11
AR GRAD 2024 06 03 02 32 30.000000 2  -5.444378021330E-12 -5.615621249261E-12
AR GRAD 2024 06 03 02 32 40.000000 2  -2.761466185927E-12 -1.419354217491E-11
AR GRAD 2024 06 03 02 32 50.000000 2  -5.800672442380E-12 -2.347146782489E-11
AR GRAD 2024 06 03 02 33  0.000000 2   1.159082731053E-13  1.120060381249E-11
AR GRAD 2024 06 03 02 33 10.000000 2  -7.711889286888E-12 -1.711733185750E-11
AR GRAD 2024 06 03 02 33 20.000000 2  -3.226211615567E-12 -3.185271274173E-12
AR GRAD 2024 06 03 02 33 30.000000 2  -9.191007330211E-12 -1.273321639100E-11
AR GRAD 2024 06 03 02 33 40.000000 2  -4.536726896931E-12 -9.531166654531E-12
AR GRAD 2024 06 03 02 33 50.000000 2  -6.853460073758E-12 -1.431912140942E-11
AR GRAD 2024 06 03 02 34  0.000000 2  -6.528289627633E-12 -1.271708086059E-11
AR GRAD 2024 06 03 02 34 10.000000 2  -4.433035102197E-12 -5.455044835984E-12
AR GRAD 2024 06 03 02 34 20.000000 2  -4.686760094602E-12 -2.273301685785E-11
AR GRAD 2024 06 03 02 34 30.000000 2  -7.840690770256E-12 -9.510989218420E-12
AR GRAD 2024 06 03 02 34 40.000000 2  -1.039027457822E-11 -2.817896957441E-11
AR GRAD 2024 06 03 02 34 50.000000 2  -4.262483595252E-12  5.193047381002E-12
AR GRAD 2024 06 03 02 35  0.000000 2  -5.186861357087E-12 -3.251494212764E-11
AR GRAD 2024 06 03 02 35 10.000000 2  -7.784930686205E-12 -1.316293515158E-11
AR GRAD 2024 06 03 02 35 20.000000 2  -5.645017873285E-12 -8.940934798085E-12
AR GRAD 2024 06 03 02 35 30.000000 2  -1.113932730779E-11 -1.961893841829E-11
AR GRAD 2024 06 03 02 35 40.000000 2  -1.213641426939E-11 -2.026947186484E-12
AR GRAD 2024 06 03 02 35 50.000000 2  -7.065877397072E-12 -2.891496243829E-11
AR GRAD 2024 06 03 02 36  0.000000 2  -1.003326588478E-11 -2.877298052595E-11
AR GRAD 2024 06 03 02 36 10.000000 2  -1.074702219578E-11 -1.612100383741E-11
AR GRAD 2024 06 03 02 36 20.000000 2  -9.018151676810E-12 -9.559031517725E-12
AR GRAD 2024 06 03 02 36 30.000000 2  -6.863393100381E-12 -1.939706555099E-11
AR GRAD 2024 06 03 02 36 40.000000 2  -1.158052820305E-11 -2.560510484195E-11
AR GRAD 2024 06 03 02 36 50.000000 2  -1.348858698347E-11 -2.179314714801E-11
AR GRAD 2024 06 03 02 37  0.000000 2  -9.129260715446E-12 -4.841197321498E-12
AR GRAD 2024 06 03 02 37 10.000000 2  -1.366407941655E-11 -1.088924870413E-11
AR GRAD 2024 06 03 02 37 20.000000 2  -1.183588036607E-11 -2.955730452059E-11
AR GRAD 2024 06 03 02 37 30.000000 2  -1.389076527414E-11 -7.085368316367E-12
AR GRAD 2024 06 03 02 37 40.000000 2  -1.210883737029E-11 -1.323343691573E-11
AR GRAD 2024 06 03 02 37 50.000000 2  -1.023325001126E-11 -1.385151021660E-11
AR GRAD 2024 06 03 02 38  0.000000 2  -1.143167938783E-11 -2.158958949117E-11
AR GRAD 2024 06 03 02 38 10.000000 2  -1.234772440545E-11 -1.992767062475E-11
AR GRAD 2024 06 03 02 38 20.000000 2  -1.416976345286E-11 -1.154575827306E-11
AR GRAD 2024 06 03 02 38 30.000000 2  -8.966041450953E-12 -3.850384941440E-11
AR GRAD 2024 06 03 02 38 40.000000 2  -1.170849615179E-11 -7.751947521395E-12
AR GRAD 2024 06 03 02 38 50.000000 2  -1.272821344850E-11 -1.670050057447E-12
AR GRAD 2024 06 03 02 39  0.000000 2  -1.101264565651E-11 -6.011816044982E-11
AR GRAD 2024 06 03 02 39 10.000000 2  -1.177860326634E-11 -3.419626734558E-11
AR GRAD 2024 06 03 02 39 20.000000 2  -9.810311417391E-12 -1.224438519326E-11
AR GRAD 2024 06 03 02 39 30.000000 2  -1.629178215945E-11 -1.086250707438E-11
AR GRAD 2024 06 03 02 39 40.000000 2  -1.141261737891E-11 -3.608063500748E-11
AR GRAD 2024 06 03 02 39 50.000000 2  -1.218800928238E-11 -7.558765245663E-12
AR GRAD 2024 06 03 02 40  0.000000 2  -1.094200424712E-11 -1.923690373662E-11
AR GRAD 2024 06 03 02 40 10.000000 2  -1.269260651443E-11 -2.207504491702E-11
AR GRAD 2024 06 03 02 40 20.000000 2  -1.072742589203E-11 -1.848319067244E-11
AR GRAD 2024 06 03 02 40 30.000000 2  -1.110784641351E-11 -2.032134183150E-11
AR GRAD 2024 06 03 02 40 40.000000 2  -1.060240523848E-11 -2.937949883375E-11
AR GRAD 2024 06 03 02 40 50.000000 2  -7.333116752717E-12 -2.596766031371E-11
AR GRAD 2024 06 03 02 41  0.000000 2  -1.248463832315E-11 -2.079582686609E-11
AR GRAD 2024 06 03 02 41 10.000000 2  -1.294814169078E-11 -1.183997886713E-12
AR GRAD 2024 06 03 02 41 20.000000 2  -8.410172731843E-12 -2.794217288105E-11
AR GRAD 2024 06 03 02 41 30.000000 2  -6.771362984215E-12 -3.283035301949E-11
AR GRAD 2024 06 03 02 41 40.000000 2  -1.232497871123E-11 -2.313853969538E-11
AR GRAD 2024 06 03 02 41 50.000000 2  -1.541852930054E-11 -1.381673074563E-11
AR GRAD 2024 06 03 02 42  0.000000 2  -9.825380092865E-12 -3.252492372652E-11
AR GRAD 2024 06 03 02 42 10.000000 2  -8.491114929232E-12 -1.676312907928E-11
AR GRAD 2024 06 03 02 42 20.000000 2  -7.358737751095E-12 -3.108132848317E-11
AR GRAD 2024 06 03 02 42 30.000000 2  -7.411404823188E-12 -1.957954458287E-11
AR GRAD 2024 06 03 02 42 40.000000 2  -7.246191927740E-12 -1.726775840372E-11
AR GRAD 2024 06 03 02 42 50.000000 2  -1.037644883212E-11  8.244021784676E-12
AR GRAD 2024 06 03 02 43  0.000000 2  -1.749466717327E-11 -4.664420238942E-11
AR GRAD 2024 06 03 02 43 10.000000 2  -9.019182969916E-12 -1.807243417418E-11
AR GRAD 2024 06 03 02 43 20.000000 2  -9.900256829620E-12 -1.442066778490E-11
AR GRAD 2024 06 03 02 43 30.000000 2  -5.652607722173E-12 -4.063890543526E-11
AR GRAD 2024 06 03 02 43 40.000000 2  -1.066375460157E-11 -4.064715231067E-11
AR GRAD 2024 06 03 02 43 50.000000 2  -9.232959015393E-12  1.342459650389E-11
AR GRAD 2024 06 03 02 44  0.000000 2  -1.385925228747E-11 -2.924365610779E-11
AR GRAD 2024 06 03 02 44 10.000000 2  -9.769626947709E-12 -2.249191631554E-11
AR GRAD 2024 06 03 02 44 20.000000 2  -7.912019997502E-12 -2.874018210919E-11
AR GRAD 2024 06 03 02 44 30.000000 2  -1.117247440396E-11 -1.734845253565E-11
AR GRAD 2024 06 03 02 44 40.000000 2  -1.099266164206E-11 -2.471672519433E-11
AR GRAD 2024 06 03 02 44 50.000000 2  -3.299249328598E-12 -4.002500414435E-11
AR GRAD 2024 06 03 02 45  0.000000 2  -7.403304531917E-12 -2.163329064497E-11
AR GRAD 2024 06 03 02 45 10.000000 2  -7.340725249882E-12 -3.692157690693E-11
AR GRAD 2024 06 03 02 45 20.000000 2  -1.023157947255E-11 -8.879870797007E-12
AR GRAD 2024 06 03 02 45 30.000000 2  -1.008263091073E-11 -1.423817053842E-11
AR GRAD 2024 06 03 02 45 40.000000 2  -7.456215332657E-12 -7.056473894790E-12
AR GRAD 2024 06 03 02 45 50.000000 2  -1.019392122797E-11 -2.401478321756E-11
AR GRAD 2024 06 03 02 46  0.000000 2  -7.797202987436E-12 -1.696309759325E-11
AR GRAD 2024 06 03 02 46 10.000000 2  -8.569385652468E-12 -3.337141327164E-11
AR GRAD 2024 06 03 02 46 20.000000 2  -3.393303650220E-12 -6.489740602550E-12
AR GRAD 2024 06 03 02 46 30.000000 2  -7.250154036159E-12 -2.199806829750E-11
AR GRAD 2024 06 03 02 46 40.000000 2  -7.119342875644E-12  2.204359784985E-11
AR GRAD 2024 06 03 02 46 50.000000 2  -6.840772739936E-12 -3.225473707569E-11
AR GRAD 2024 06 03 02 47  0.000000 2  -7.428608943261E-12 -3.941308043820E-11
AR GRAD 2024 06 03 02 47 10.000000 2  -6.445203312028E-12 -2.313143079857E-11
AR GRAD 2024 06 03 02 47 20.000000 2  -5.153848701978E-12 -3.519978405975E-11
AR GRAD 2024 06 03 02 47 30.000000 2  -9.894347494099E-12 -1.578139854040E-12
AR GRAD 2024 06 03 02 47 40.000000 2  -9.549940699349E-12 -2.897650348832E-11
AR GRAD 2024 06 03 02 47 50.000000 2  -7.717829847431E-12 -1.671487254162E-11
AR GRAD 2024 06 03 02 48  0.000000 2  -9.126676844828E-12 -2.918324262802E-11
AR GRAD 2024 06 03 02 48 10.000000 2  -7.487007541718E-12 -1.714162145561E-11
AR GRAD 2024 06 03 02 48 20.000000 2  -4.953255253876E-12  2.509994599317E-12
AR GRAD 2024 06 03 02 48 30.000000 2  -3.005677304269E-12 -2.811839303063E-11
AR GRAD 2024 06 03 02 48 40.000000 2  -8.295532663571E-12 -1.247678522998E-11
AR GRAD 2024 06 03 02 48 50.000000 2  -1.140682600459E-13 -1.781518162158E-11
AR GRAD 2024 06 03 02 49  0.000000 2  -8.201214880821E-12 -1.150358367591E-11
AR GRAD 2024 06 03 02 49 10.000000 2  -7.455499759224E-12 -1.946199278124E-11
AR GRAD 2024 06 03 02 49 20.000000 2  -2.047050246326E-12 -2.527040382505E-11
AR GRAD 2024 06 03 02 49 30.000000 2  -9.217296197128E-12 -8.828820487194E-12
AR GRAD 2024 06 03 02 49 40.000000 2  -4.013077630621E-12 -5.857242208612E-12
AR GRAD 2024 06 03 02 49 50.000000 2  -3.992855091700E-12 -1.882566845468E-11
AR GRAD 2024 06 03 02 50  0.000000 2  -1.339057228815E-12 -2.689410152912E-11
AR GRAD 2024 06 03 02 50 10.000000 2  -5.146241505855E-12 -2.263253646995E-11
AR GRAD 2024 06 03 02 50 20.000000 2  -4.843401287674E-12 -1.272097791688E-11
AR GRAD 2024 06 03 02 50 30.000000 2  -6.538380514093E-12 -7.899425037705E-12
AR GRAD 2024 06 03 02 50 40.000000 2  -2.392171530308E-12 -1.074787567973E-11
AR GRAD 2024 06 03 02 50 50.000000 2  -7.234914490423E-12 -2.520633354819E-11
AR GRAD 2024 06 03 02 51  0.000000 2  -5.374207155684E-12 -7.964793755089E-12
AR GRAD 2024 06 03 02 51 10.000000 2  -4.191497409572E-12 -5.883260458667E-12
AR GRAD 2024 06 03 02 51 20.000000 2  -6.135671398039E-12 -1.972173119258E-11
AR GRAD 2024 06 03 02 51 30.000000 2  -6.750158591806E-12 -1.781020816938E-11
AR GRAD 2024 06 03 02 51 40.000000 2  -6.284043597982E-12 -6.278688940292E-12
AR GRAD 2024 06 03 02 51 50.000000 2   2.041990057947E-12 -3.229717188136E-11
AR GRAD 2024 06 03 02 52  0.000000 2  -6.468366207241E-12 -2.625663792291E-12
AR GRAD 2024 06 03 02 52 10.000000 2  -2.575180737055E-12 -2.836416171381E-11
AR GRAD 2024 06 03 02 52 20.000000 2   7.854147562360E-14 -1.230265975899E-11
AR GRAD 2024 06 03 02 52 30.000000 2  -2.808881599536E-12 -1.676116537230E-11
AR GRAD 2024 06 03 02 52 40.000000 2  -2.500213360998E-12  6.260325157575E-12
AR GRAD 2024 06 03 02 52 50.000000 2   2.159509821398E-13 -1.205819125105E-11
AR GRAD 2024 06 03 02 53  0.000000 2  -1.079572087108E-12 -8.086711855704E-12
AR GRAD 2024 06 03 02 53 10.000000 2   2.016930242613E-12 -2.021523747009E-11
AR GRAD 2024 06 03 02 53 20.000000 2  -3.152683409474E-12 -3.933766073300E-12
AR GRAD 2024 06 03 02 53 30.000000 2   3.631106483201E-12 -2.073230302713E-11
AR GRAD 2024 06 03 02 53 40.000000 2   1.007502254909E-13 -2.338084240106E-11
AR GRAD 2024 06 03 02 53 50.000000 2  -2.797181323372E-12 -1.629938718717E-11
AR GRAD 2024 06 03 02 54  0.000000 2   3.812406933115E-13  8.320645062711E-13
AR GRAD 2024 06 03 02 54 10.000000 2   2.572681108946E-13 -6.966491619687E-12
AR GRAD 2024 06 03 02 54 20.000000 2  -2.009841945649E-12 -2.248505201474E-11
AR GRAD 2024 06 03 02 54 30.000000 2  -7.270091917800E-14 -1.371361444541E-11
AR GRAD 2024 06 03 02 54 40.000000 2  -1.812901283087E-12 -1.319218432411E-11
AR GRAD 2024 06 03 02 54 50.000000 2  -9.060197796000E-14  4.659241742422E-12
AR GRAD 2024 06 03 02 55  0.000000 2  -1.815802608100E-12 -2.655933806217E-11
AR GRAD 2024 06 03 02 55 10.000000 2   1.373475443621E-12  8.772079417019E-12
AR GRAD 2024 06 03 02 55 20.000000 2   7.506723649804E-13 -1.340651114429E-11
AR GRAD 2024 06 03 02 55 30.000000 2  -4.045312262252E-12 -2.361510466342E-11
AR GRAD 2024 06 03 02 55 40.000000 2  -2.491951523603E-12  8.606297098590E-12
AR GRAD 2024 06 03 02 55 50.000000 2   1.227440891982E-12 -2.337230756155E-11
AR GRAD 2024 06 03 02 56  0.000000 2   1.479006153660E-12 -2.141091644259E-11
AR GRAD 2024 06 03 02 56 10.000000 2   5.330576691859E-12 -2.018953060290E-11
AR GRAD 2024 06 03 02 56 20.000000 2   1.378117346802E-12 -1.691814917326E-11
AR GRAD 2024 06 03 02 56 30.000000 2   5.425280450583E-12  2.877322859141E-11
AR GRAD 2024 06 03 02 56 40.000000 2   5.205120622714E-12  6.074600024386E-12
AR GRAD 2024 06 03 02 56 50.000000 2   6.524241650402E-12 -2.164031974450E-12
AR GRAD 2024 06 03 02 57  0.000000 2  -3.293875372110E-12 -1.772267228806E-11
AR GRAD 2024 06 03 02 57 10.000000 2   2.349825629216E-12 -3.741314983513E-12
AR GRAD 2024 06 03 02 57 20.000000 2   2.008373664857E-13 -4.489964389870E-12
AR GRAD 2024 06 03 02 57 30.000000 2   3.396167461839E-12 -9.258615575602E-12
AR GRAD 2024 06 03 02 57 40.000000 2   2.076733750245E-12 -6.967273979974E-12
AR GRAD 2024 06 03 02 57 50.000000 2   1.454635782487E-12 -7.315935184049E-12
AR GRAD 2024 06 03 02 58  0.000000 2   2.064507852867E-12  8.435395611184E-12
AR GRAD 2024 06 03 02 58 10.000000 2   4.486395196318E-12 -1.232766601474E-13
AR GRAD 2024 06 03 02 58 20.000000 2   4.241979163766E-12 -8.611953164483E-12
AR GRAD 2024 06 03 02 58 30.000000 2  -1.406037070627E-12  5.319363439310E-12
AR GRAD 2024 06 03 02 58 40.000000 2   8.694965754341E-12 -1.668932353427E-11
AR GRAD 2024 06 03 02 58 50.000000 2   8.007349991401E-12 -2.438016585490E-12
AR GRAD 2024 06 03 02 59  0.000000 2   4.533325971556E-12 -1.836713290140E-12
AR GRAD 2024 06 03 02 59 10.000000 2  -1.260703672533E-12  5.794584430341E-12
AR GRAD 2024 06 03 02 59 20.000000 2   1.237693888351E-11 -2.552412448065E-11
AR GRAD 2024 06 03 02 59 30.000000 2   3.182455817971E-12  2.463716730627E-11
AR GRAD 2024 06 03 02 59 40.000000 2   3.314846661051E-12 -5.611551154305E-12
AR GRAD 2024 06 03 02 59 50.000000 2   3.573825697184E-12  8.489726283090E-12
AR GRAD 2024 06 03 03 00  0.000000 2   7.223089747849E-12  7.801000297125E-12
AR GRAD 2024 06 03 03 00 10.000000 2   4.477389813073E-12 -2.528773197785E-11
AR GRAD 2024 06 03 03 00 20.000000 2   1.140642615083E-11  7.703530521819E-12
AR GRAD 2024 06 03 03 00 30.000000 2   4.771469677700E-12  2.134788873454E-12
AR GRAD 2024 06 03 03 00 40.000000 2   6.684114633310E-12 -1.743955023795E-12
AR GRAD 2024 06 03 03 00 50.000000 2   2.940618668706E-12  8.507293827731E-12
AR GRAD 2024 06 03 03 01  0.000000 2   8.017627360635E-12  1.616853526065E-11
AR GRAD 2024 06 03 03 01 10.000000 2   9.494600418380E-12 -1.692022563726E-11
AR GRAD 2024 06 03 03 01 20.000000 2   9.874554299238E-12  6.791009161261E-12
AR GRAD 2024 06 03 03 01 30.000000 2   6.043619164148E-12 -6.807761819549E-12
AR GRAD 2024 06 03 03 01 40.000000 2   1.143801720005E-11  1.141346132189E-11
AR GRAD 2024 06 03 03 01 50.000000 2   1.247012042238E-11 -9.605319144235E-12
AR GRAD 2024 06 03 03 02  0.000000 2   9.419322093140E-12  1.688589545967E-11
AR GRAD 2024 06 03 03 02 10.000000 2   9.123988890802E-12 -2.092289536071E-11
AR GRAD 2024 06 03 03 02 20.000000 2   8.991671122949E-12  2.260831105660E-11
AR GRAD 2024 06 03 03 02 30.000000 2   9.580383361629E-12  1.658950754546E-11
AR GRAD 2024 06 03 03 02 40.000000 2   2.374236657970E-12 -9.829296231112E-12
AR GRAD 2024 06 03 03 02 50.000000 2   6.860725963037E-12  2.965189205284E-11
AR GRAD 2024 06 03 03 03  0.000000 2   9.595265554330E-12 -1.634692207986E-11
AR GRAD 2024 06 03 03 03 10.000000 2   1.292495884625E-11  2.754257976204E-12
AR GRAD 2024 06 03 03 03 20.000000 2   1.292861304125E-11  1.985432001098E-12
AR GRAD 2024 06 03 03 03 30.000000 2   8.533359782681E-12 -8.043395810509E-12
AR GRAD 2024 06 03 03 03 40.000000 2   1.093275470154E-11 -1.552223280465E-11
AR GRAD 2024 06 03 03 03 50.000000 2   9.575944204254E-12  1.070892853561E-11
AR GRAD 2024 06 03 03 04  0.000000 2   8.588318424485E-12  9.260084886387E-12
AR GRAD 2024 06 03 03 04 10.000000 2   9.787465109212E-12  6.831233061860E-12
AR GRAD 2024 06 03 03 04 20.000000 2   8.636619197588E-12 -6.267622271877E-12
AR GRAD 2024 06 03 03 04 30.000000 2   1.384632079132E-11 -7.986480400624E-12
AR GRAD 2024 06 03 03 04 40.000000 2   1.184279323913E-11  2.084465412777E-11
AR GRAD 2024 06 03 03 04 50.000000 2   1.111120830760E-11  6.705786533695E-12
