 2.00 C RINEX VERSION / TYPE
 10.00 INTERVAL
 1 AR # / TYPES OF DATA
 END OF HEADER
AR GRAD 2024 06 14 01 05  0.000000 2  -1.819070762077E-11 -8.062813437737E-12
AR GRAD 2024 06 14 01 05 10.000000 2  -1.399919329764E-11 -1.185705613554E-11
AR GRAD 2024 06 14 01 05 20.000000 2  -1.549521448652E-11 -3.295130487913E-11
AR GRAD 2024 06 14 01 05 30.000000 2  -1.519965923957E-11  5.654451299547E-12
AR GRAD 2024 06 14 01 05 40.000000 2  -1.815884595469E-11 -2.753979856662E-11
AR GRAD 2024 06 14 01 05 50.000000 2  -1.640864874530E-11 -8.434045996319E-12
AR GRAD 2024 06 14 01 06  0.000000 2  -1.725395520902E-11 -1.992829512520E-11
AR GRAD 2024 06 14 01 06 10.000000 2  -1.335568114436E-11 -8.322544910178E-12
AR GRAD 2024 06 14 01 06 20.000000 2  -1.602205000617E-11 -1.681679795418E-11
AR GRAD 2024 06 14 01 06 30.000000 2  -1.649452276153E-11 -2.011049313189E-12
AR GRAD 2024 06 14 01 06 40.000000 2  -1.806180552344E-11 -3.305301345125E-12
AR GRAD 2024 06 14 01 06 50.000000 2  -1.527699494686E-11 -1.729955761975E-11
AR GRAD 2024 06 14 01 07  0.000000 2  -1.105302394749E-11 -7.893812339899E-12
AR GRAD 2024 06 14 01 07 10.000000 2  -1.542772680441E-11 -1.868806671912E-11
AR GRAD 2024 06 14 01 07 20.000000 2  -1.541991014042E-11 -7.282325784064E-12
AR GRAD 2024 06 14 01 07 30.000000 2  -9.638279757640E-12 -1.347658269701E-11
AR GRAD 2024 06 14 01 07 40.000000 2  -1.449653244667E-11 -6.070841745975E-12
AR GRAD 2024 06 14 01 07 50.000000 2  -1.248169796686E-11 -5.665102068009E-12
AR GRAD 2024 06 14 01 08  0.000000 2  -1.168560387343E-11 -1.465936400047E-11
AR GRAD 2024 06 14 01 08 10.000000 2  -9.329478162234E-12 -1.185362398515E-11
AR GRAD 2024 06 14 01 08 20.000000 2  -1.444716221655E-11  2.052110217865E-12
AR GRAD 2024 06 14 01 08 30.000000 2  -1.140680171846E-11 -1.904215327087E-11
AR GRAD 2024 06 14 01 08 40.000000 2  -1.101389379005E-11 -8.436416495949E-12
AR GRAD 2024 06 14 01 08 50.000000 2  -1.137229373172E-11 -5.030681600460E-12
AR GRAD 2024 06 14 01 09  0.000000 2  -1.285514923677E-11 -2.224950041915E-12
AR GRAD 2024 06 14 01 09 10.000000 2  -9.415845707295E-12 -2.071921800795E-11
AR GRAD 2024 06 14 01 09 20.000000 2  -1.152337600341E-11 -8.134873525668E-13
AR GRAD 2024 06 14 01 09 30.000000 2  -1.180884817015E-11 -9.007754611656E-12
AR GRAD 2024 06 14 01 09 40.000000 2  -1.350779557652E-11 -8.802027683108E-12
AR GRAD 2024 06 14 01 09 50.000000 2  -1.018159948712E-11 -3.196297393426E-12
AR GRAD 2024 06 14 01 10  0.000000 2  -1.085641559290E-11 -1.419056972624E-11
AR GRAD 2024 06 14 01 10 10.000000 2  -9.047618557134E-12 -7.884845554251E-12
AR GRAD 2024 06 14 01 10 20.000000 2  -8.237488816065E-12 -6.679120364422E-12
AR GRAD 2024 06 14 01 10 30.000000 2  -8.908600419855E-12  1.142660705639E-11
AR GRAD 2024 06 14 01 10 40.000000 2  -1.149122463850E-11 -1.376767103101E-11
AR GRAD 2024 06 14 01 10 50.000000 2  -1.129206450567E-11 -5.661949208091E-12
AR GRAD 2024 06 14 01 11  0.000000 2  -8.934197132104E-12  1.084377119348E-11
AR GRAD 2024 06 14 01 11 10.000000 2  -7.031133054253E-12  3.249493339338E-12
AR GRAD 2024 06 14 01 11 20.000000 2  -1.103475904402E-11 -2.944790244985E-12
AR GRAD 2024 06 14 01 11 30.000000 2  -8.559486452953E-12 -9.339067713610E-12
AR GRAD 2024 06 14 01 11 40.000000 2  -8.725335558235E-12 -1.043335209894E-11
AR GRAD 2024 06 14 01 11 50.000000 2  -7.234902347358E-12  1.127236498588E-11
AR GRAD 2024 06 14 01 12  0.000000 2  -7.411816820013E-12 -7.821919327522E-12
AR GRAD 2024 06 14 01 12 10.000000 2  -7.743266097759E-12  2.198379152329E-11
AR GRAD 2024 06 14 01 12 20.000000 2  -6.011715431020E-12 -1.591048993943E-11
AR GRAD 2024 06 14 01 12 30.000000 2  -4.016464244527E-12  2.095220047807E-12
AR GRAD 2024 06 14 01 12 40.000000 2  -7.994492220997E-12 -1.609906825906E-11
AR GRAD 2024 06 14 01 12 50.000000 2  -9.628786483418E-12 -1.193356936706E-12
AR GRAD 2024 06 14 01 13  0.000000 2  -5.502608351610E-12  1.541235195024E-11
AR GRAD 2024 06 14 01 13 10.000000 2  -7.006728964393E-12  1.180621220362E-13
AR GRAD 2024 06 14 01 13 20.000000 2  -6.537192662193E-12 -2.276229118386E-12
AR GRAD 2024 06 14 01 13 30.000000 2  -3.268532363168E-12  8.229474393606E-12
AR GRAD 2024 06 14 01 13 40.000000 2  -4.115212511036E-12 -3.464817191837E-12
AR GRAD 2024 06 14 01 13 50.000000 2  -8.642367203826E-12  2.734088823397E-11
AR GRAD 2024 06 14 01 14  0.000000 2  -1.021443693516E-11 -1.325340878711E-11
AR GRAD 2024 06 14 01 14 10.000000 2  -4.425846408113E-12  9.452293982248E-12
AR GRAD 2024 06 14 01 14 20.000000 2  -6.511271122972E-12  6.757994337747E-12
AR GRAD 2024 06 14 01 14 30.000000 2  -1.449387268190E-12 -9.236302694893E-12
AR GRAD 2024 06 14 01 14 40.000000 2  -7.765227696965E-12  2.246939787010E-11
AR GRAD 2024 06 14 01 14 50.000000 2  -2.401977922117E-12  1.875095131249E-12
AR GRAD 2024 06 14 01 15  0.000000 2  -5.701463173108E-12 -2.219205288284E-12
AR GRAD 2024 06 14 01 15 10.000000 2  -4.376522148158E-12  2.698649116673E-11
AR GRAD 2024 06 14 01 15 20.000000 2  -5.613102430774E-12  1.392185954192E-12
AR GRAD 2024 06 14 01 15 30.000000 2  -5.680612230607E-12  1.697881201954E-12
AR GRAD 2024 06 14 01 15 40.000000 2  -4.345245083887E-12 -9.496423612754E-12
AR GRAD 2024 06 14 01 15 50.000000 2  -2.589187544921E-12  1.310926974613E-11
AR GRAD 2024 06 14 01 16  0.000000 2  -1.615751911606E-12  1.661496114302E-11
AR GRAD 2024 06 14 01 16 10.000000 2  -4.284388057003E-13  4.720650519791E-12
AR GRAD 2024 06 14 01 16 20.000000 2  -2.127218757045E-12  2.312634458934E-11
AR GRAD 2024 06 14 01 16 30.000000 2  -5.306712534681E-12  1.732031727243E-12
AR GRAD 2024 06 14 01 16 40.000000 2  -4.852815631978E-12  1.937720817136E-12
AR GRAD 2024 06 14 01 16 50.000000 2   3.254266647823E-12  1.144340525117E-11
AR GRAD 2024 06 14 01 17  0.000000 2  -2.715861606786E-12  1.724909624856E-11
AR GRAD 2024 06 14 01 17 10.000000 2   3.455668436407E-14  7.454779848981E-12
AR GRAD 2024 06 14 01 17 20.000000 2   6.492504559148E-13  1.566046251011E-11
AR GRAD 2024 06 14 01 17 30.000000 2  -2.574679564601E-13  7.666146363550E-12
AR GRAD 2024 06 14 01 17 40.000000 2   2.159732895995E-12  2.807182784836E-11
AR GRAD 2024 06 14 01 17 50.000000 2   2.629095292167E-12  1.097751230195E-11
AR GRAD 2024 06 14 01 18  0.000000 2  -1.072550360158E-12  3.683188736642E-12
AR GRAD 2024 06 14 01 18 10.000000 2   4.372657834775E-13  1.988870223027E-12
AR GRAD 2024 06 14 01 18 20.000000 2   1.912973902549E-12  2.789455125218E-11
AR GRAD 2024 06 14 01 18 30.000000 2  -2.133575976483E-13  2.600226024080E-12
AR GRAD 2024 06 14 01 18 40.000000 2   4.041053516118E-12  2.810590302160E-11
AR GRAD 2024 06 14 01 18 50.000000 2   2.978779332571E-12  2.461157840028E-11
AR GRAD 2024 06 14 01 19  0.000000 2   3.029252629988E-12  1.551725414828E-11
AR GRAD 2024 06 14 01 19 10.000000 2   8.208973865248E-13  3.172292636910E-11
AR GRAD 2024 06 14 01 19 20.000000 2   4.473634570429E-12  1.792859784244E-11
AR GRAD 2024 06 14 01 19 30.000000 2  -7.288566993870E-13  1.273427110288E-11
AR GRAD 2024 06 14 01 19 40.000000 2   5.966648616157E-12  2.093993901886E-11
AR GRAD 2024 06 14 01 19 50.000000 2   7.580319184852E-12  1.364561155043E-11
AR GRAD 2024 06 14 01 20  0.000000 2   2.922819972162E-12  2.545127997244E-11
AR GRAD 2024 06 14 01 20 10.000000 2   5.171053255731E-12  2.145694733002E-11
AR GRAD 2024 06 14 01 20 20.000000 2   1.376208825718E-12  1.396261491843E-11
AR GRAD 2024 06 14 01 20 30.000000 2   6.156669792035E-12  1.716828068599E-11
AR GRAD 2024 06 14 01 20 40.000000 2   8.089571547354E-12  2.017394411247E-11
AR GRAD 2024 06 14 01 20 50.000000 2   5.720186910946E-12  1.237960862294E-11
AR GRAD 2024 06 14 01 21  0.000000 2   5.522898978427E-12  3.158527259184E-11
AR GRAD 2024 06 14 01 21 10.000000 2   4.143451207139E-12  1.279093497786E-11
AR GRAD 2024 06 14 01 21 20.000000 2   7.519948205803E-12  1.539659372218E-11
AR GRAD 2024 06 14 01 21 30.000000 2   5.989697886982E-12  3.380225266358E-11
AR GRAD 2024 06 14 01 21 40.000000 2   6.966919229023E-12  2.900791412630E-11
AR GRAD 2024 06 14 01 21 50.000000 2   4.830148867679E-12  1.181357268953E-11
AR GRAD 2024 06 14 01 22  0.000000 2   9.560017708021E-12  2.141922923748E-11
AR GRAD 2024 06 14 01 22 10.000000 2   4.868390846707E-12  1.132488373912E-11
AR GRAD 2024 06 14 01 22 20.000000 2   6.875716142274E-12  2.343054049392E-11
AR GRAD 2024 06 14 01 22 30.000000 2   7.068128634463E-12  1.943619223899E-11
AR GRAD 2024 06 14 01 22 40.000000 2   8.247775726278E-12  2.214184564864E-11
AR GRAD 2024 06 14 01 22 50.000000 2   1.101508381035E-11  3.124750111438E-11
AR GRAD 2024 06 14 01 23  0.000000 2   1.051257345064E-11  4.355315413873E-11
AR GRAD 2024 06 14 01 23 10.000000 2   9.877453889529E-12  1.758801220983E-12
AR GRAD 2024 06 14 01 23 20.000000 2   1.033096438258E-11  2.096444892685E-11
AR GRAD 2024 06 14 01 23 30.000000 2   8.804665330153E-12  3.707010046150E-11
AR GRAD 2024 06 14 01 23 40.000000 2   1.142539535204E-11  2.117574518512E-11
AR GRAD 2024 06 14 01 23 50.000000 2   1.050257884133E-11  3.448138996553E-11
AR GRAD 2024 06 14 01 24  0.000000 2   9.364299266568E-12  1.448703657037E-11
AR GRAD 2024 06 14 01 24 10.000000 2   1.348580969118E-11  2.039268059972E-11
AR GRAD 2024 06 14 01 24 20.000000 2   7.913369612367E-12  2.419832216549E-11
AR GRAD 2024 06 14 01 24 30.000000 2   1.264732676226E-11  1.910396667248E-11
AR GRAD 2024 06 14 01 24 40.000000 2   1.022733807365E-11  3.560960207261E-11
AR GRAD 2024 06 14 01 24 50.000000 2   1.054638754799E-11  9.915249177261E-12
AR GRAD 2024 06 14 01 25  0.000000 2   1.573062513582E-11  2.032088733395E-11
AR GRAD 2024 06 14 01 25 10.000000 2   9.997099502390E-12  4.422652868930E-11
AR GRAD 2024 06 14 01 25 20.000000 2   1.336222799075E-11  1.123216623877E-11
AR GRAD 2024 06 14 01 25 30.000000 2   1.572822254381E-11  3.683780017139E-11
AR GRAD 2024 06 14 01 25 40.000000 2   1.113359144461E-11  1.754343545435E-11
AR GRAD 2024 06 14 01 25 50.000000 2   8.487773851817E-12  3.244907467725E-11
AR GRAD 2024 06 14 01 26  0.000000 2   1.272305524824E-11  2.825470586665E-11
AR GRAD 2024 06 14 01 26 10.000000 2   1.432386848021E-11  3.056033551219E-11
AR GRAD 2024 06 14 01 26 20.000000 2   1.455453119137E-11  1.406596887576E-11
AR GRAD 2024 06 14 01 26 30.000000 2   1.191499676700E-11  2.457159996305E-11
AR GRAD 2024 06 14 01 26 40.000000 2   1.239486725063E-11  3.947723051234E-11
AR GRAD 2024 06 14 01 26 50.000000 2   1.466016023854E-11  3.782856840273E-12
AR GRAD 2024 06 14 01 27  0.000000 2   1.429706960460E-11  3.708848853035E-11
AR GRAD 2024 06 14 01 27 10.000000 2   1.508168763487E-11  3.409410948008E-11
AR GRAD 2024 06 14 01 27 20.000000 2   1.624986950555E-11  2.599974055495E-11
AR GRAD 2024 06 14 01 27 30.000000 2   1.355132932951E-11  3.850535862382E-11
AR GRAD 2024 06 14 01 27 40.000000 2   1.703245183782E-11  2.931099113423E-11
AR GRAD 2024 06 14 01 27 50.000000 2   1.506555123709E-11  7.116610686170E-12
AR GRAD 2024 06 14 01 28  0.000000 2   1.367355968035E-11  2.562223176683E-11
AR GRAD 2024 06 14 01 28 10.000000 2   1.932292867379E-11  4.482784976556E-11
AR GRAD 2024 06 14 01 28 20.000000 2   1.251254828916E-11  3.813346860504E-11
AR GRAD 2024 06 14 01 28 30.000000 2   1.599620609583E-11  1.273909189942E-11
AR GRAD 2024 06 14 01 28 40.000000 2   1.708046551419E-11  2.764471290773E-11
AR GRAD 2024 06 14 01 28 50.000000 2   1.234478578388E-11  2.695032912114E-11
AR GRAD 2024 06 14 01 29  0.000000 2   1.705854554834E-11  3.505594078912E-11
AR GRAD 2024 06 14 01 29 10.000000 2   1.544621375249E-11  4.776156206643E-11
AR GRAD 2024 06 14 01 29 20.000000 2   2.009041717710E-11  2.516717043100E-11
AR GRAD 2024 06 14 01 29 30.000000 2   1.768151423887E-11  2.447278490969E-11
AR GRAD 2024 06 14 01 29 40.000000 2   2.096274542840E-11  3.807840154302E-11
AR GRAD 2024 06 14 01 29 50.000000 2   1.557564840993E-11  2.228400797222E-11
AR GRAD 2024 06 14 01 30  0.000000 2   1.691236907464E-11  1.468961931261E-11
AR GRAD 2024 06 14 01 30 10.000000 2   1.661745741011E-11  3.739522927426E-11
AR GRAD 2024 06 14 01 30 20.000000 2   1.809976127309E-11  3.600083425814E-11
AR GRAD 2024 06 14 01 30 30.000000 2   1.841972407934E-11  3.100644394016E-11
AR GRAD 2024 06 14 01 30 40.000000 2   2.078186754628E-11  2.211204830349E-11
AR GRAD 2024 06 14 01 30 50.000000 2   1.922449699432E-11  3.471765236407E-11
AR GRAD 2024 06 14 01 31  0.000000 2   1.582064167172E-11  2.372326293743E-11
AR GRAD 2024 06 14 01 31 10.000000 2   2.035755071461E-11  2.282886379934E-11
AR GRAD 2024 06 14 01 31 20.000000 2   1.969553513337E-11  1.983446566711E-11
AR GRAD 2024 06 14 01 31 30.000000 2   2.140223762104E-11  5.294006899526E-11
AR GRAD 2024 06 14 01 31 40.000000 2   1.923337530907E-11  2.684566978439E-11
AR GRAD 2024 06 14 01 31 50.000000 2   1.667512655734E-11  3.645126908647E-11
AR GRAD 2024 06 14 01 32  0.000000 2   1.973421079327E-11 -2.043134758600E-12
AR GRAD 2024 06 14 01 32 10.000000 2   2.139612965968E-11  4.516246057684E-11
AR GRAD 2024 06 14 01 32 20.000000 2   2.033442164651E-11  5.006806427788E-11
AR GRAD 2024 06 14 01 32 30.000000 2   2.337634599781E-11  1.547365534316E-11
AR GRAD 2024 06 14 01 32 40.000000 2   2.057824743940E-11  3.497925213369E-11
AR GRAD 2024 06 14 01 32 50.000000 2   2.156399017683E-11  2.378484215138E-11
AR GRAD 2024 06 14 01 33  0.000000 2   2.469201405841E-11  4.459043551064E-11
AR GRAD 2024 06 14 01 33 10.000000 2   2.129259095429E-11  1.669602650578E-11
AR GRAD 2024 06 14 01 33 20.000000 2   2.432272265540E-11  4.040161608043E-11
AR GRAD 2024 06 14 01 33 30.000000 2   2.481267621923E-11  4.360720812224E-11
AR GRAD 2024 06 14 01 33 40.000000 2   2.494072483261E-11  3.091280009748E-11
AR GRAD 2024 06 14 01 33 50.000000 2   1.955771135320E-11  4.611837994828E-11
AR GRAD 2024 06 14 01 34  0.000000 2   2.608273666493E-11  1.902397163411E-11
AR GRAD 2024 06 14 01 34 10.000000 2   2.583558020297E-11  3.232955569921E-11
AR GRAD 2024 06 14 01 34 20.000000 2   2.090747540373E-11  1.003514198822E-11
AR GRAD 2024 06 14 01 34 30.000000 2   2.323560094331E-11  3.974072806945E-11
AR GRAD 2024 06 14 01 34 40.000000 2   2.300078356943E-11  4.284630636398E-11
AR GRAD 2024 06 14 01 34 50.000000 2   2.055966161207E-11  2.425189216115E-11
AR GRAD 2024 06 14 01 35  0.000000 2   2.198372213436E-11  3.705746473570E-11
AR GRAD 2024 06 14 01 35 10.000000 2   2.602662876883E-11  3.806305617915E-11
AR GRAD 2024 06 14 01 35 20.000000 2   2.314014951876E-11  3.196862913279E-11
AR GRAD 2024 06 14 01 35 30.000000 2   2.610130861447E-11  3.077420956954E-11
AR GRAD 2024 06 14 01 35 40.000000 2   2.505566761013E-11  3.097978470978E-11
AR GRAD 2024 06 14 01 35 50.000000 2   2.715965993771E-11  3.808536125360E-11
AR GRAD 2024 06 14 01 36  0.000000 2   2.458456528631E-11  5.029093461117E-11
AR GRAD 2024 06 14 01 36 10.000000 2   2.644958557729E-11  2.019651286489E-11
AR GRAD 2024 06 14 01 36 20.000000 2   2.618579311719E-11  5.350208470700E-11
AR GRAD 2024 06 14 01 36 30.000000 2   2.821328240477E-11  1.030765490323E-11
AR GRAD 2024 06 14 01 36 40.000000 2   2.737549596732E-11  5.651322465550E-11
AR GRAD 2024 06 14 01 36 50.000000 2   2.559092347754E-11  1.901879521926E-11
AR GRAD 2024 06 14 01 37  0.000000 2   2.176493707484E-11  3.712436608128E-11
AR GRAD 2024 06 14 01 37 10.000000 2   3.225961164866E-11  3.652993532666E-11
AR GRAD 2024 06 14 01 37 20.000000 2   2.634847375005E-11  1.533550023081E-11
AR GRAD 2024 06 14 01 37 30.000000 2   2.508669834367E-11  4.834107072971E-11
AR GRAD 2024 06 14 01 37 40.000000 2   2.321563254137E-11  3.344663435101E-11
AR GRAD 2024 06 14 01 37 50.000000 2   2.571159257725E-11  2.405219599877E-11
AR GRAD 2024 06 14 01 38  0.000000 2   2.908563320747E-11  3.915775689811E-11
AR GRAD 2024 06 14 01 38 10.000000 2   2.916513558437E-11  2.256332447270E-11
AR GRAD 2024 06 14 01 38 20.000000 2   2.572392819589E-11  5.116888510126E-11
AR GRAD 2024 06 14 01 38 30.000000 2   2.793501194254E-11  2.007444557806E-11
AR GRAD 2024 06 14 01 38 40.000000 2   2.813603343366E-11  3.988000207844E-11
AR GRAD 2024 06 14 01 38 50.000000 2   3.047676347401E-11  3.398556089329E-11
AR GRAD 2024 06 14 01 39  0.000000 2   2.798651588254E-11  4.219111865433E-11
AR GRAD 2024 06 14 01 39 10.000000 2   2.997788822734E-11  2.719667546724E-11
AR GRAD 2024 06 14 01 39 20.000000 2   2.738769974697E-11  3.680223487068E-11
AR GRAD 2024 06 14 01 39 30.000000 2   2.585351377427E-11  3.160778930256E-11
AR GRAD 2024 06 14 01 39 40.000000 2   2.527001351227E-11  1.531333913840E-11
AR GRAD 2024 06 14 01 39 50.000000 2   2.344190293269E-11  3.521889030411E-11
AR GRAD 2024 06 14 01 40  0.000000 2   2.882599714482E-11  2.362444441462E-11
AR GRAD 2024 06 14 01 40 10.000000 2   2.912008481570E-11  5.382999601622E-11
AR GRAD 2024 06 14 01 40 20.000000 2   2.265330631412E-11  1.683554511078E-11
AR GRAD 2024 06 14 01 40 30.000000 2   3.130459780287E-11  2.254109399136E-11
AR GRAD 2024 06 14 01 40 40.000000 2   2.674816965142E-11  3.764664274764E-11
AR GRAD 2024 06 14 01 40 50.000000 2   3.102959209023E-11  1.595219095707E-11
AR GRAD 2024 06 14 01 41  0.000000 2   2.693946454801E-11  3.855773339501E-11
AR GRAD 2024 06 14 01 41 10.000000 2   2.684307637280E-11  2.686327896240E-11
AR GRAD 2024 06 14 01 41 20.000000 2   2.740899174292E-11  4.516882701200E-11
AR GRAD 2024 06 14 01 41 30.000000 2   2.681054683817E-11  3.177436785906E-11
AR GRAD 2024 06 14 01 41 40.000000 2   2.724631111006E-11  4.477991241703E-11
AR GRAD 2024 06 14 01 41 50.000000 2   2.519343240970E-11  3.498544856595E-11
AR GRAD 2024 06 14 01 42  0.000000 2   2.589791228691E-11  2.469099057156E-11
AR GRAD 2024 06 14 01 42 10.000000 2   2.554786937559E-11  2.759652922846E-11
AR GRAD 2024 06 14 01 42 20.000000 2   2.740882174002E-11  5.120206342246E-11
AR GRAD 2024 06 14 01 42 30.000000 2   2.872471531468E-11  2.340760398012E-11
AR GRAD 2024 06 14 01 42 40.000000 2   2.476190606726E-11  3.091314357273E-11
AR GRAD 2024 06 14 01 42 50.000000 2   2.865144926867E-11  3.621867736281E-11
AR GRAD 2024 06 14 01 43  0.000000 2   2.302728667469E-11  2.552420948210E-11
AR GRAD 2024 06 14 01 43 10.000000 2   2.721440434117E-11  3.212974331035E-11
AR GRAD 2024 06 14 01 43 20.000000 2   2.273823143661E-11  3.743527710043E-11
AR GRAD 2024 06 14 01 43 30.000000 2   2.833495937882E-11  2.744080310202E-11
AR GRAD 2024 06 14 01 43 40.000000 2   2.227548874523E-11  3.574633644643E-11
AR GRAD 2024 06 14 01 43 50.000000 2   2.405834385877E-11  3.605186288391E-11
AR GRAD 2024 06 14 01 44  0.000000 2   2.107296455389E-11  1.795739251742E-11
AR GRAD 2024 06 14 01 44 10.000000 2   2.532934278987E-11  3.116291946714E-11
AR GRAD 2024 06 14 01 44 20.000000 2   2.193418537078E-11  3.206844512160E-11
AR GRAD 2024 06 14 01 44 30.000000 2   2.315476803350E-11  3.457397215745E-11
AR GRAD 2024 06 14 01 44 40.000000 2   2.405992766130E-11  4.197949973750E-11
AR GRAD 2024 06 14 01 44 50.000000 2   2.166877267895E-11  2.588501982204E-11
AR GRAD 2024 06 14 01 45  0.000000 2   2.104597399133E-11  2.379054071799E-11
AR GRAD 2024 06 14 01 45 10.000000 2   1.988891343285E-11  2.539606025476E-11
AR GRAD 2024 06 14 01 45 20.000000 2   2.542045740572E-11  3.420157906886E-11
AR GRAD 2024 06 14 01 45 30.000000 2   2.112939684329E-11  4.050710114556E-11
AR GRAD 2024 06 14 01 45 40.000000 2   2.437730919902E-11  2.621262061575E-11
AR GRAD 2024 06 14 01 45 50.000000 2   2.002724201755E-11  4.781813486843E-11
AR GRAD 2024 06 14 01 46  0.000000 2   2.241886710996E-11  2.592365384857E-11
AR GRAD 2024 06 14 01 46 10.000000 2   2.011247245137E-11  3.432917144996E-11
AR GRAD 2024 06 14 01 46 20.000000 2   1.901785673386E-11  3.293468622823E-11
AR GRAD 2024 06 14 01 46 30.000000 2   2.672756460598E-11  3.584019539482E-11
AR GRAD 2024 06 14 01 46 40.000000 2   2.139810724444E-11  8.345713009561E-12
AR GRAD 2024 06 14 01 46 50.000000 2   2.526448841800E-11  2.655122476047E-11
AR GRAD 2024 06 14 01 47  0.000000 2   2.020054262752E-11  4.075673132320E-11
AR GRAD 2024 06 14 01 47 10.000000 2   1.856370612785E-11  1.506224311942E-11
AR GRAD 2024 06 14 01 47 20.000000 2   1.895193030288E-11  2.796775137870E-11
AR GRAD 2024 06 14 01 47 30.000000 2   2.226298312369E-11  4.297326383629E-11
AR GRAD 2024 06 14 01 47 40.000000 2   1.861498108435E-11  1.857876526234E-11
AR GRAD 2024 06 14 01 47 50.000000 2   1.928113918526E-11  3.338427104205E-11
AR GRAD 2024 06 14 01 48  0.000000 2   2.009210159359E-11  4.068978140537E-11
AR GRAD 2024 06 14 01 48 10.000000 2   2.129386597605E-11  1.469528145004E-11
AR GRAD 2024 06 14 01 48 20.000000 2   1.902635861362E-11  2.520078590251E-11
AR GRAD 2024 06 14 01 48 30.000000 2   2.129354158276E-11  4.040628248658E-11
AR GRAD 2024 06 14 01 48 40.000000 2   1.853909213645E-11  1.881178546270E-11
AR GRAD 2024 06 14 01 48 50.000000 2   2.269820269241E-11  5.001728198284E-11
AR GRAD 2024 06 14 01 49  0.000000 2   1.660765969191E-11  1.802278812302E-11
AR GRAD 2024 06 14 01 49 10.000000 2   1.694394451135E-11  1.732828290579E-11
AR GRAD 2024 06 14 01 49 20.000000 2   1.829667146958E-11  3.853378033325E-11
AR GRAD 2024 06 14 01 49 30.000000 2   2.015621350382E-11  3.793928018969E-11
AR GRAD 2024 06 14 01 49 40.000000 2   1.973905240649E-11  1.034477451617E-11
AR GRAD 2024 06 14 01 49 50.000000 2   1.908457766819E-11  3.085027025507E-11
AR GRAD 2024 06 14 01 50  0.000000 2   1.965493739986E-11  3.045576291161E-11
AR GRAD 2024 06 14 01 50 10.000000 2   1.820780158590E-11  2.636125345790E-11
AR GRAD 2024 06 14 01 50 20.000000 2   1.667021902463E-11  3.086674318920E-11
AR GRAD 2024 06 14 01 50 30.000000 2   1.934566222495E-11  1.497223178770E-11
AR GRAD 2024 06 14 01 50 40.000000 2   1.639523412866E-11  2.387772098100E-11
AR GRAD 2024 06 14 01 50 50.000000 2   2.113504510293E-11  1.748320932471E-11
AR GRAD 2024 06 14 01 51  0.000000 2   1.522704878854E-11  3.758869951409E-11
AR GRAD 2024 06 14 01 51 10.000000 2   2.132066918847E-11  2.919418526370E-11
AR GRAD 2024 06 14 01 51 20.000000 2   1.563118211256E-11  2.719967306941E-11
AR GRAD 2024 06 14 01 51 30.000000 2   1.213665713068E-11  1.350515446003E-11
AR GRAD 2024 06 14 01 51 40.000000 2   1.153858952829E-11  4.191063815440E-11
AR GRAD 2024 06 14 01 51 50.000000 2   2.092977006984E-11  2.251612091220E-11
AR GRAD 2024 06 14 01 52  0.000000 2   8.222087941046E-12  2.592159820125E-11
AR GRAD 2024 06 14 01 52 10.000000 2   1.189455912237E-11  2.902707935126E-11
AR GRAD 2024 06 14 01 52 20.000000 2   1.612372561854E-11  2.853255999524E-11
AR GRAD 2024 06 14 01 52 30.000000 2   1.346290613713E-11  2.003803720174E-11
AR GRAD 2024 06 14 01 52 40.000000 2   1.036383218828E-11  3.704352102840E-11
AR GRAD 2024 06 14 01 52 50.000000 2   1.335216312515E-11  1.164899600392E-11
AR GRAD 2024 06 14 01 53  0.000000 2   4.958912187131E-12  2.975446972142E-11
AR GRAD 2024 06 14 01 53 10.000000 2   1.353308090590E-11  2.545994491621E-11
AR GRAD 2024 06 14 01 53 20.000000 2   8.916518565161E-12  2.196541733224E-11
AR GRAD 2024 06 14 01 53 30.000000 2   3.311280720106E-12  3.667088854797E-11
AR GRAD 2024 06 14 01 53 40.000000 2   7.581105881949E-12  8.076362495446E-12
AR GRAD 2024 06 14 01 53 50.000000 2   6.328384431070E-12  2.698183169947E-11
AR GRAD 2024 06 14 01 54  0.000000 2   6.764641364426E-12  4.148729970677E-11
AR GRAD 2024 06 14 01 54 10.000000 2   6.243067261075E-12  2.099277175704E-11
AR GRAD 2024 06 14 01 54 20.000000 2   6.979933124540E-12  2.199823656568E-11
AR GRAD 2024 06 14 01 54 30.000000 2   8.802833462163E-12  1.590370543592E-11
AR GRAD 2024 06 14 01 54 40.000000 2   4.359353156236E-12  3.010917210000E-11
AR GRAD 2024 06 14 01 54 50.000000 2   8.650587191017E-12  2.351463641859E-11
AR GRAD 2024 06 14 01 55  0.000000 2   6.309546635164E-12  2.512009870947E-11
AR GRAD 2024 06 14 01 55 10.000000 2   2.778296039410E-12  1.972556493146E-11
AR GRAD 2024 06 14 01 55 20.000000 2   5.283903089376E-12  2.133102375290E-11
AR GRAD 2024 06 14 01 55 30.000000 2   3.619098944141E-12  3.933648545784E-11
AR GRAD 2024 06 14 01 55 40.000000 2   6.966028882199E-12  1.864194389134E-11
AR GRAD 2024 06 14 01 55 50.000000 2   7.154556894845E-12  3.904740419891E-11
AR GRAD 2024 06 14 01 56  0.000000 2   4.311388919487E-12  8.452861674502E-12
AR GRAD 2024 06 14 01 56 10.000000 2   3.258678700144E-12  1.785831899026E-11
AR GRAD 2024 06 14 01 56 20.000000 2   7.813913578680E-12  3.836377396316E-11
AR GRAD 2024 06 14 01 56 30.000000 2   1.805139561049E-13  1.156922821433E-11
AR GRAD 2024 06 14 01 56 40.000000 2   3.957009199473E-12  3.247468613465E-11
AR GRAD 2024 06 14 01 56 50.000000 2   3.354174143294E-12  1.878013716761E-11
AR GRAD 2024 06 14 01 57  0.000000 2   7.793281645019E-12  2.818558927919E-11
AR GRAD 2024 06 14 01 57 10.000000 2   3.997337183481E-12  1.529103926812E-11
AR GRAD 2024 06 14 01 57 20.000000 2  -1.486609121394E-12  2.389649068901E-11
AR GRAD 2024 06 14 01 57 30.000000 2   3.375024868954E-12  1.880193917225E-11
AR GRAD 2024 06 14 01 57 40.000000 2   5.875565225327E-12  2.580738921176E-11
AR GRAD 2024 06 14 01 57 50.000000 2   2.138439815849E-12  1.901283817884E-11
AR GRAD 2024 06 14 01 58  0.000000 2   8.914160100175E-13  1.591828231728E-11
AR GRAD 2024 06 14 01 58 10.000000 2  -7.983428371508E-13  8.423730463170E-12
AR GRAD 2024 06 14 01 58 20.000000 2   2.751004936005E-12  2.432917062256E-11
AR GRAD 2024 06 14 01 58 30.000000 2   8.314232006860E-13  2.353461349414E-11
AR GRAD 2024 06 14 01 58 40.000000 2   4.625324103759E-13  9.440058977572E-12
AR GRAD 2024 06 14 01 58 50.000000 2   1.076302892297E-12  2.474549558318E-11
AR GRAD 2024 06 14 01 59  0.000000 2   4.820792202931E-13 -2.549061222518E-12
AR GRAD 2024 06 14 01 59 10.000000 2   5.094408510493E-15  1.045637968572E-11
AR GRAD 2024 06 14 01 59 20.000000 2  -1.361806934580E-12  2.756181567698E-11
AR GRAD 2024 06 14 01 59 30.000000 2  -2.896127782037E-12  3.436725903860E-11
AR GRAD 2024 06 14 01 59 40.000000 2   5.085029619600E-13  9.972690208360E-12
AR GRAD 2024 06 14 01 59 50.000000 2  -7.334224509182E-14  2.347812569359E-11
AR GRAD 2024 06 14 02 00  0.000000 2  -2.231236896633E-12  1.548356061420E-11
AR GRAD 2024 06 14 02 00 10.000000 2  -4.189195865201E-12  1.248899508116E-11
AR GRAD 2024 06 14 02 00 20.000000 2  -5.233485086270E-12  8.944274899718E-13
AR GRAD 2024 06 14 02 00 30.000000 2  -7.974106618069E-12  1.999985767276E-11
AR GRAD 2024 06 14 02 00 40.000000 2  -5.943570722394E-12  3.070529247529E-11
AR GRAD 2024 06 14 02 00 50.000000 2  -6.369091452157E-12  1.181072167150E-11
AR GRAD 2024 06 14 02 01  0.000000 2  -3.672197528698E-12  1.331614853106E-11
AR GRAD 2024 06 14 02 01 10.000000 2  -7.988029508688E-12  1.462157478427E-11
AR GRAD 2024 06 14 02 01 20.000000 2  -1.061910889083E-11  1.142700257334E-11
AR GRAD 2024 06 14 02 01 30.000000 2  -7.948299136917E-12  2.633242929262E-11
AR GRAD 2024 06 14 02 01 40.000000 2  -5.040800676176E-12  1.913785276086E-11
AR GRAD 2024 06 14 02 01 50.000000 2  -1.318975310916E-11  2.074327688784E-11
AR GRAD 2024 06 14 02 02  0.000000 2  -1.170212884927E-11 -4.513004824448E-13
AR GRAD 2024 06 14 02 02 10.000000 2  -8.036250484511E-12  1.585412356953E-11
AR GRAD 2024 06 14 02 02 20.000000 2  -7.453715596129E-12  2.415954068746E-11
AR GRAD 2024 06 14 02 02 30.000000 2  -1.023473666928E-11  1.276496530006E-11
AR GRAD 2024 06 14 02 02 40.000000 2  -8.950690882914E-12  5.370381656739E-12
AR GRAD 2024 06 14 02 02 50.000000 2  -6.221857230815E-12  1.597580054358E-11
AR GRAD 2024 06 14 02 03  0.000000 2  -1.182522569448E-11  2.028121420805E-11
AR GRAD 2024 06 14 02 03 10.000000 2  -1.095867233764E-11  1.418663450603E-11
AR GRAD 2024 06 14 02 03 20.000000 2  -8.716120707131E-12  8.792046951589E-12
AR GRAD 2024 06 14 02 03 30.000000 2  -9.726457486647E-12  6.497462290422E-12
AR GRAD 2024 06 14 02 03 40.000000 2  -1.305298317350E-11  3.100287387925E-11
AR GRAD 2024 06 14 02 03 50.000000 2  -9.930701226624E-12  2.230828542726E-11
AR GRAD 2024 06 14 02 04  0.000000 2  -1.112728659214E-11  1.101369863366E-11
AR GRAD 2024 06 14 02 04 10.000000 2  -1.530613830125E-11  2.191093172784E-13
AR GRAD 2024 06 14 02 04 20.000000 2  -9.023263906893E-12  1.142451671460E-11
AR GRAD 2024 06 14 02 04 30.000000 2  -1.067818576617E-11 -4.070073705148E-12
AR GRAD 2024 06 14 02 04 40.000000 2  -1.123308564221E-11  1.103533323749E-11
AR GRAD 2024 06 14 02 04 50.000000 2  -8.406269604022E-12  1.234074127610E-11
AR GRAD 2024 06 14 02 05  0.000000 2  -1.354987216179E-11  7.646145869233E-12
AR GRAD 2024 06 14 02 05 10.000000 2  -1.308351170459E-11 -1.248449911159E-12
AR GRAD 2024 06 14 02 05 20.000000 2  -1.525693460458E-11  6.356952290953E-12
AR GRAD 2024 06 14 02 05 30.000000 2  -1.497405498208E-11 -7.376439953646E-13
AR GRAD 2024 06 14 02 05 40.000000 2  -1.377558657423E-11  1.066775834335E-11
AR GRAD 2024 06 14 02 05 50.000000 2  -1.370100907727E-11  1.807315928859E-11
AR GRAD 2024 06 14 02 06  0.000000 2  -1.306027768572E-11 -1.621443756171E-12
AR GRAD 2024 06 14 02 06 10.000000 2  -1.009828158594E-11  1.178395575563E-11
AR GRAD 2024 06 14 02 06 20.000000 2  -1.490305101548E-11  1.238935429942E-11
AR GRAD 2024 06 14 02 06 30.000000 2  -1.471797336783E-11 -1.940525171107E-11
AR GRAD 2024 06 14 02 06 40.000000 2  -1.316428476644E-11 -1.998550251073E-13
AR GRAD 2024 06 14 02 06 50.000000 2  -1.703061129621E-11  1.990553728792E-11
AR GRAD 2024 06 14 02 07  0.000000 2  -1.337533209189E-11 -1.338906763237E-11
AR GRAD 2024 06 14 02 07 10.000000 2  -1.600762924991E-11  5.216324767965E-12
AR GRAD 2024 06 14 02 07 20.000000 2  -1.194635970009E-11 -1.078282753884E-12
AR GRAD 2024 06 14 02 07 30.000000 2  -1.529409758561E-11  1.092710817663E-11
AR GRAD 2024 06 14 02 07 40.000000 2  -1.608206796899E-11  9.324974603250E-13
AR GRAD 2024 06 14 02 07 50.000000 2  -1.272446384371E-11 -2.062112633427E-12
AR GRAD 2024 06 14 02 08  0.000000 2  -1.571418863089E-11  6.943273213322E-12
AR GRAD 2024 06 14 02 08 10.000000 2  -1.782601496969E-11  2.748659806706E-12
AR GRAD 2024 06 14 02 08 20.000000 2  -1.634645370452E-11  4.954048022504E-12
AR GRAD 2024 06 14 02 08 30.000000 2  -1.621761579196E-11  9.759430243117E-12
AR GRAD 2024 06 14 02 08 40.000000 2  -1.745854329160E-11  4.064815324611E-12
AR GRAD 2024 06 14 02 08 50.000000 2  -2.015892834606E-11 -5.429803308366E-12
AR GRAD 2024 06 14 02 09  0.000000 2  -1.750284986390E-11 -2.324420170230E-12
AR GRAD 2024 06 14 02 09 10.000000 2  -1.908741047163E-11 -1.541903930924E-11
AR GRAD 2024 06 14 02 09 20.000000 2  -1.855772306658E-11  1.298634203645E-11
AR GRAD 2024 06 14 02 09 30.000000 2  -2.128793842593E-11 -5.808281373226E-12
AR GRAD 2024 06 14 02 09 40.000000 2  -1.971315645444E-11 -1.440290161442E-11
AR GRAD 2024 06 14 02 09 50.000000 2  -2.177436356221E-11 -1.079752433297E-11
AR GRAD 2024 06 14 02 10  0.000000 2  -2.381319794131E-11  5.407848648054E-12
AR GRAD 2024 06 14 02 10 10.000000 2  -1.775525212966E-11 -7.986773568891E-12
AR GRAD 2024 06 14 02 10 20.000000 2  -2.118678496532E-11  1.186010653836E-13
AR GRAD 2024 06 14 02 10 30.000000 2  -2.482580634122E-11 -1.207602767783E-11
AR GRAD 2024 06 14 02 10 40.000000 2  -2.340071886264E-11 -7.370654434014E-12
AR GRAD 2024 06 14 02 10 50.000000 2  -2.393106719734E-11 -1.036528328446E-11
AR GRAD 2024 06 14 02 11  0.000000 2  -2.148033140248E-11  2.840087106465E-12
AR GRAD 2024 06 14 02 11 10.000000 2  -2.495119562351E-11 -1.545454562935E-11
AR GRAD 2024 06 14 02 11 20.000000 2  -2.080809136107E-11 -1.904917716622E-11
AR GRAD 2024 06 14 02 11 30.000000 2  -2.093500373057E-11 -3.443807955819E-12
AR GRAD 2024 06 14 02 11 40.000000 2  -2.575819592343E-11 -3.844223116917E-14
AR GRAD 2024 06 14 02 11 50.000000 2  -2.416590885734E-11 -2.513307791052E-11
AR GRAD 2024 06 14 02 12  0.000000 2  -2.563807326161E-11 -1.202771302694E-11
AR GRAD 2024 06 14 02 12 10.000000 2  -2.452116461271E-11 -1.032234801107E-11
AR GRAD 2024 06 14 02 12 20.000000 2  -2.564037523967E-11 -2.001698633236E-11
AR GRAD 2024 06 14 02 12 30.000000 2  -2.576221527772E-11  8.488374066140E-12
AR GRAD 2024 06 14 02 12 40.000000 2  -2.329921498789E-11 -1.530626493607E-11
AR GRAD 2024 06 14 02 12 50.000000 2  -2.514752815708E-11 -2.660090550610E-11
AR GRAD 2024 06 14 02 13  0.000000 2  -2.527323315904E-11 -1.489554833645E-11
AR GRAD 2024 06 14 02 13 10.000000 2  -2.394621827218E-11  4.809810102285E-12
AR GRAD 2024 06 14 02 13 20.000000 2  -2.303859013286E-11 -1.778483263437E-11
AR GRAD 2024 06 14 02 13 30.000000 2  -2.233387606798E-11 -2.197947726601E-11
AR GRAD 2024 06 14 02 13 40.000000 2  -2.428672887800E-11  4.025876420427E-12
AR GRAD 2024 06 14 02 13 50.000000 2  -2.355211338456E-11 -1.606876957883E-11
AR GRAD 2024 06 14 02 14  0.000000 2  -2.202676756269E-11 -1.356341688269E-11
AR GRAD 2024 06 14 02 14 10.000000 2  -2.432401502439E-11 -1.285806530693E-11
AR GRAD 2024 06 14 02 14 20.000000 2  -2.594904673081E-11 -3.585271315942E-11
AR GRAD 2024 06 14 02 14 30.000000 2  -2.427326915855E-11 -8.547365072664E-12
AR GRAD 2024 06 14 02 14 40.000000 2  -2.739875513968E-11 -7.442015753645E-12
AR GRAD 2024 06 14 02 14 50.000000 2  -2.143949948130E-11 -1.783666790656E-11
AR GRAD 2024 06 14 02 15  0.000000 2  -2.634563921189E-11 -1.773132335403E-11
AR GRAD 2024 06 14 02 15 10.000000 2  -2.444779448330E-11 -3.125975823678E-12
AR GRAD 2024 06 14 02 15 20.000000 2  -2.589616021620E-11 -1.702063143205E-11
AR GRAD 2024 06 14 02 15 30.000000 2  -2.762996081929E-11 -2.681528783743E-11
AR GRAD 2024 06 14 02 15 40.000000 2  -2.419349096061E-11 -1.070994248148E-11
AR GRAD 2024 06 14 02 15 50.000000 2  -2.403142962404E-11 -2.270460208731E-11
AR GRAD 2024 06 14 02 16  0.000000 2  -2.460474532451E-11 -1.499926051418E-11
AR GRAD 2024 06 14 02 16 10.000000 2  -2.463894366311E-11 -3.549392377233E-11
AR GRAD 2024 06 14 02 16 20.000000 2  -2.449618979883E-11 -2.138858187783E-11
AR GRAD 2024 06 14 02 16 30.000000 2  -2.664166456889E-11 -1.358324477202E-11
AR GRAD 2024 06 14 02 16 40.000000 2  -2.647422558955E-11 -2.087790877681E-11
AR GRAD 2024 06 14 02 16 50.000000 2  -2.620515783536E-11 -2.147257198437E-11
AR GRAD 2024 06 14 02 17  0.000000 2  -2.505512637641E-11 -2.356723843855E-11
AR GRAD 2024 06 14 02 17 10.000000 2  -2.699385680260E-11 -1.786190119424E-11
AR GRAD 2024 06 14 02 17 20.000000 2  -2.266749808688E-11 -2.225656811627E-11
AR GRAD 2024 06 14 02 17 30.000000 2  -2.721017161589E-11 -1.995123684317E-11
AR GRAD 2024 06 14 02 17 40.000000 2  -2.659728166876E-11 -2.244590624478E-11
AR GRAD 2024 06 14 02 17 50.000000 2  -2.721432627861E-11 -2.044057804962E-11
AR GRAD 2024 06 14 02 18  0.000000 2  -2.705124665936E-11 -2.383524801142E-11
AR GRAD 2024 06 14 02 18 10.000000 2  -2.537920047729E-11 -2.852991801139E-11
AR GRAD 2024 06 14 02 18 20.000000 2  -2.507870994206E-11 -4.042458728870E-11
AR GRAD 2024 06 14 02 18 30.000000 2  -2.439511613550E-11 -1.261926414059E-11
AR GRAD 2024 06 14 02 18 40.000000 2  -2.581136172852E-11 -1.141393923820E-11
AR GRAD 2024 06 14 02 18 50.000000 2  -2.461532193354E-11 -3.320861294287E-11
AR GRAD 2024 06 14 02 19  0.000000 2  -2.404487893515E-11 -2.650329088139E-11
AR GRAD 2024 06 14 02 19 10.000000 2  -2.669941177869E-11 -2.329796772171E-11
AR GRAD 2024 06 14 02 19 20.000000 2  -2.720934935696E-11 -2.029264777048E-11
AR GRAD 2024 06 14 02 19 30.000000 2  -2.691443942715E-11 -3.308732801632E-11
AR GRAD 2024 06 14 02 19 40.000000 2  -3.000346499027E-11 -1.708200768336E-11
AR GRAD 2024 06 14 02 19 50.000000 2  -2.580970159816E-11 -2.187668969589E-11
AR GRAD 2024 06 14 02 20  0.000000 2  -2.767371401480E-11 -3.647137106211E-11
AR GRAD 2024 06 14 02 20 10.000000 2  -2.759407286002E-11 -1.686605716200E-11
AR GRAD 2024 06 14 02 20 20.000000 2  -2.869658156934E-11 -3.886073754455E-11
AR GRAD 2024 06 14 02 20 30.000000 2  -2.626677174378E-11 -1.965542485716E-11
AR GRAD 2024 06 14 02 20 40.000000 2  -2.802218006248E-11 -2.825011405361E-11
AR GRAD 2024 06 14 02 20 50.000000 2  -2.981583036021E-11 -3.884479890526E-11
AR GRAD 2024 06 14 02 21  0.000000 2  -2.555152096850E-11 -2.953948544104E-11
AR GRAD 2024 06 14 02 21 10.000000 2  -2.707431848159E-11 -4.113417592655E-11
AR GRAD 2024 06 14 02 21 20.000000 2  -2.698049596239E-11 -2.662886924854E-11
AR GRAD 2024 06 14 02 21 30.000000 2  -2.577936995818E-11 -2.112355949879E-11
AR GRAD 2024 06 14 02 21 40.000000 2  -2.652270764125E-11 -3.121825020713E-11
AR GRAD 2024 06 14 02 21 50.000000 2  -2.478055434463E-11 -3.991294447725E-11
AR GRAD 2024 06 14 02 22  0.000000 2  -2.609265581377E-11 -3.260763534185E-11
AR GRAD 2024 06 14 02 22 10.000000 2  -2.595644185699E-11 -3.840233686603E-11
AR GRAD 2024 06 14 02 22 20.000000 2  -2.632016826709E-11 -3.179702681710E-11
AR GRAD 2024 06 14 02 22 30.000000 2  -2.599593977581E-11 -3.059172706821E-11
AR GRAD 2024 06 14 02 22 40.000000 2  -2.650093512691E-11 -2.788642580742E-11
AR GRAD 2024 06 14 02 22 50.000000 2  -2.605174929948E-11 -4.068112166578E-11
AR GRAD 2024 06 14 02 23  0.000000 2  -2.683769873002E-11 -3.987582139486E-11
AR GRAD 2024 06 14 02 23 10.000000 2  -2.622538124164E-11 -3.477052326617E-11
AR GRAD 2024 06 14 02 23 20.000000 2  -2.168772973710E-11 -3.136522638836E-11
AR GRAD 2024 06 14 02 23 30.000000 2  -2.874654160545E-11 -2.205993200610E-11
AR GRAD 2024 06 14 02 23 40.000000 2  -2.404879247131E-11 -3.195463338379E-11
AR GRAD 2024 06 14 02 23 50.000000 2  -2.575300042662E-11 -3.594934072648E-11
AR GRAD 2024 06 14 02 24  0.000000 2  -2.266749982160E-11 -3.894404590477E-11
AR GRAD 2024 06 14 02 24 10.000000 2  -2.297284584785E-11 -2.583875127748E-11
AR GRAD 2024 06 14 02 24 20.000000 2  -2.280667321664E-11 -3.213345908804E-11
AR GRAD 2024 06 14 02 24 30.000000 2  -2.893522227376E-11 -4.252816501737E-11
AR GRAD 2024 06 14 02 24 40.000000 2  -2.849300483054E-11 -4.212287810224E-11
AR GRAD 2024 06 14 02 24 50.000000 2  -2.896067760605E-11 -3.291758879365E-11
AR GRAD 2024 06 14 02 25  0.000000 2  -2.376385373204E-11 -3.981230276007E-11
AR GRAD 2024 06 14 02 25 10.000000 2  -2.720082666052E-11 -4.110701015692E-11
AR GRAD 2024 06 14 02 25 20.000000 2  -2.351201698614E-11 -2.700172724301E-11
AR GRAD 2024 06 14 02 25 30.000000 2  -2.662574674628E-11 -2.694644160584E-11
AR GRAD 2024 06 14 02 25 40.000000 2  -2.447934736860E-11 -2.689115943810E-11
AR GRAD 2024 06 14 02 25 50.000000 2  -2.428308248925E-11 -3.968587264369E-11
AR GRAD 2024 06 14 02 26  0.000000 2  -2.189659217833E-11 -4.108059031838E-11
AR GRAD 2024 06 14 02 26 10.000000 2  -2.632210768794E-11 -3.617530927591E-11
AR GRAD 2024 06 14 02 26 20.000000 2  -2.431540732650E-11 -3.797002989803E-11
AR GRAD 2024 06 14 02 26 30.000000 2  -2.476114452366E-11 -3.696475070480E-11
AR GRAD 2024 06 14 02 26 40.000000 2  -2.469610627109E-11 -3.925947414385E-11
AR GRAD 2024 06 14 02 26 50.000000 2  -2.601178820949E-11 -4.155419064400E-11
AR GRAD 2024 06 14 02 27  0.000000 2  -2.442688239179E-11 -4.284891885753E-11
AR GRAD 2024 06 14 02 27 10.000000 2  -2.537993600005E-11 -3.704364245904E-11
AR GRAD 2024 06 14 02 27 20.000000 2  -2.392552128638E-11 -3.083836658258E-11
AR GRAD 2024 06 14 02 27 30.000000 2  -2.381505409543E-11 -4.043309090318E-11
AR GRAD 2024 06 14 02 27 40.000000 2  -2.496112171124E-11 -2.292782283475E-11
AR GRAD 2024 06 14 02 27 50.000000 2  -2.597173170971E-11 -2.902255172299E-11
AR GRAD 2024 06 14 02 28  0.000000 2  -2.351658277833E-11 -3.511728061123E-11
AR GRAD 2024 06 14 02 28 10.000000 2  -2.360654553779E-11 -3.861200595368E-11
AR GRAD 2024 06 14 02 28 20.000000 2  -2.110811525569E-11 -2.200674364961E-11
AR GRAD 2024 06 14 02 28 30.000000 2  -2.766394058273E-11 -4.150147239756E-11
AR GRAD 2024 06 14 02 28 40.000000 2  -2.325414340254E-11 -3.279620672259E-11
AR GRAD 2024 06 14 02 28 50.000000 2  -2.187011682864E-11 -2.409094104761E-11
AR GRAD 2024 06 14 02 29  0.000000 2  -2.323017472827E-11 -3.308567655957E-11
AR GRAD 2024 06 14 02 29 10.000000 2  -2.527218538606E-11 -4.208041207154E-11
AR GRAD 2024 06 14 02 29 20.000000 2  -1.802502244685E-11 -4.087514701712E-11
AR GRAD 2024 06 14 02 29 30.000000 2  -2.247430540281E-11 -3.836988712869E-11
AR GRAD 2024 06 14 02 29 40.000000 2  -2.256967703007E-11 -2.716462818575E-11
AR GRAD 2024 06 14 02 29 50.000000 2  -2.176747844473E-11 -3.320936581286E-11
AR GRAD 2024 06 14 02 30  0.000000 2  -2.561700851444E-11 -3.925410690941E-11
AR GRAD 2024 06 14 02 30 10.000000 2  -2.249211754346E-11 -2.774885182744E-11
AR GRAD 2024 06 14 02 30 20.000000 2  -2.209037119894E-11 -3.774358950381E-11
AR GRAD 2024 06 14 02 30 30.000000 2  -2.501410537037E-11 -2.863833649391E-11
AR GRAD 2024 06 14 02 30 40.000000 2  -2.150559244574E-11 -2.373308320702E-11
AR GRAD 2024 06 14 02 30 50.000000 2  -2.150424109615E-11 -3.292782713160E-11
AR GRAD 2024 06 14 02 31  0.000000 2  -2.099283247237E-11 -4.212257279090E-11
AR GRAD 2024 06 14 02 31 10.000000 2  -2.130257949207E-11 -2.941732274442E-11
AR GRAD 2024 06 14 02 31 20.000000 2  -2.097223089637E-11 -3.486207156289E-11
AR GRAD 2024 06 14 02 31 30.000000 2  -2.322720835113E-11 -4.030682038136E-11
AR GRAD 2024 06 14 02 31 40.000000 2  -2.264780897543E-11 -3.746824031592E-11
AR GRAD 2024 06 14 02 31 50.000000 2  -2.346777806805E-11 -3.462965678103E-11
AR GRAD 2024 06 14 02 32  0.000000 2  -1.537259208817E-11 -3.179107324613E-11
AR GRAD 2024 06 14 02 32 10.000000 2  -2.437815400935E-11 -2.518583258615E-11
AR GRAD 2024 06 14 02 32 20.000000 2  -2.133955685768E-11 -4.328058397784E-11
AR GRAD 2024 06 14 02 32 30.000000 2  -2.011374226896E-11 -3.792533995184E-11
AR GRAD 2024 06 14 02 32 40.000000 2  -2.017179652480E-11 -3.257009939528E-11
AR GRAD 2024 06 14 02 32 50.000000 2  -1.785566833279E-11 -4.096485303751E-11
AR GRAD 2024 06 14 02 33  0.000000 2  -2.008771794737E-11 -3.155961256218E-11
AR GRAD 2024 06 14 02 33 10.000000 2  -1.442147963548E-11 -2.845437253873E-11
AR GRAD 2024 06 14 02 33 20.000000 2  -1.823510960286E-11 -3.174913110193E-11
AR GRAD 2024 06 14 02 33 30.000000 2  -1.904707468137E-11 -3.504389486930E-11
AR GRAD 2024 06 14 02 33 40.000000 2  -1.771914212578E-11 -3.018865366022E-11
AR GRAD 2024 06 14 02 33 50.000000 2  -1.768575390304E-11 -2.533342112476E-11
AR GRAD 2024 06 14 02 34  0.000000 2  -2.153193248700E-11 -3.272818474565E-11
AR GRAD 2024 06 14 02 34 10.000000 2  -1.874569770244E-11 -3.177294885526E-11
AR GRAD 2024 06 14 02 34 20.000000 2  -1.482560775534E-11 -3.081771643432E-11
AR GRAD 2024 06 14 02 34 30.000000 2  -1.857301638875E-11 -3.211248628121E-11
AR GRAD 2024 06 14 02 34 40.000000 2  -1.751676581563E-11 -2.485725340839E-11
AR GRAD 2024 06 14 02 34 50.000000 2  -1.901432830631E-11 -1.760202227030E-11
AR GRAD 2024 06 14 02 35  0.000000 2  -1.640774842382E-11 -1.696346015045E-11
AR GRAD 2024 06 14 02 35 10.000000 2  -1.888446690690E-11 -1.632489629588E-11
AR GRAD 2024 06 14 02 35 20.000000 2  -1.732222351669E-11 -1.568633764548E-11
AR GRAD 2024 06 14 02 35 30.000000 2  -1.718628364622E-11 -3.238110821147E-11
AR GRAD 2024 06 14 02 35 40.000000 2  -1.543008255889E-11 -3.037588236499E-11
AR GRAD 2024 06 14 02 35 50.000000 2  -1.654769550552E-11 -3.897065656289E-11
AR GRAD 2024 06 14 02 36  0.000000 2  -1.430985104717E-11 -3.286543606706E-11
AR GRAD 2024 06 14 02 36 10.000000 2  -1.501330657017E-11 -2.526021232463E-11
AR GRAD 2024 06 14 02 36 20.000000 2  -1.778738094316E-11 -2.675499058413E-11
AR GRAD 2024 06 14 02 36 30.000000 2  -1.537089726333E-11 -3.164976614123E-11
AR GRAD 2024 06 14 02 36 40.000000 2  -1.590895817860E-11 -4.194454505946E-11
AR GRAD 2024 06 14 02 36 50.000000 2  -1.613330129213E-11 -1.783933244182E-11
AR GRAD 2024 06 14 02 37  0.000000 2  -1.251286921300E-11 -2.203411238189E-11
AR GRAD 2024 06 14 02 37 10.000000 2  -1.345709134404E-11 -2.302889649808E-11
AR GRAD 2024 06 14 02 37 20.000000 2  -1.138714730148E-11 -2.432368022276E-11
AR GRAD 2024 06 14 02 37 30.000000 2  -1.408130469865E-11 -3.181846106037E-11
AR GRAD 2024 06 14 02 37 40.000000 2  -1.375280965499E-11 -2.601325058138E-11
AR GRAD 2024 06 14 02 37 50.000000 2  -1.237964505213E-11 -3.030803732984E-11
AR GRAD 2024 06 14 02 38  0.000000 2  -1.501967474005E-11 -8.102824834710E-12
AR GRAD 2024 06 14 02 38 10.000000 2  -1.583694807239E-11 -3.729761291482E-11
AR GRAD 2024 06 14 02 38 20.000000 2  -1.402688121904E-11 -3.299240394772E-11
AR GRAD 2024 06 14 02 38 30.000000 2  -1.164586656277E-11 -3.358719205537E-11
AR GRAD 2024 06 14 02 38 40.000000 2  -1.310510640978E-11 -3.068198473066E-11
AR GRAD 2024 06 14 02 38 50.000000 2  -1.464536825146E-11 -2.347677954817E-11
AR GRAD 2024 06 14 02 39  0.000000 2  -1.342890208755E-11 -2.957157088646E-11
AR GRAD 2024 06 14 02 39 10.000000 2  -1.315638917254E-11 -1.926636974958E-11
AR GRAD 2024 06 14 02 39 20.000000 2  -1.185602484244E-11 -1.056116218784E-11
AR GRAD 2024 06 14 02 39 30.000000 2  -9.320342241048E-12 -2.405596034871E-11
AR GRAD 2024 06 14 02 39 40.000000 2  -1.457501133673E-11 -3.825075325925E-11
AR GRAD 2024 06 14 02 39 50.000000 2  -1.371246172166E-11 -1.114555496506E-11
AR GRAD 2024 06 14 02 40  0.000000 2  -7.068469073945E-12 -3.214035634858E-11
AR GRAD 2024 06 14 02 40 10.000000 2  -9.512773381515E-12 -3.633515363588E-11
AR GRAD 2024 06 14 02 40 20.000000 2  -1.072544310310E-11 -1.902995816483E-11
AR GRAD 2024 06 14 02 40 30.000000 2  -9.721439798993E-12 -1.712475994342E-11
AR GRAD 2024 06 14 02 40 40.000000 2  -9.028169704883E-12 -2.081956482214E-11
AR GRAD 2024 06 14 02 40 50.000000 2  -6.765545589038E-12 -3.191436698247E-11
AR GRAD 2024 06 14 02 41  0.000000 2  -9.283098595381E-12 -9.309174091310E-12
AR GRAD 2024 06 14 02 41 10.000000 2  -1.021376299509E-11 -3.180397958880E-11
AR GRAD 2024 06 14 02 41 20.000000 2  -8.221651658091E-12 -7.398786444623E-12
AR GRAD 2024 06 14 02 41 30.000000 2  -7.294409867797E-12 -2.799359702377E-11
AR GRAD 2024 06 14 02 41 40.000000 2  -9.420142617345E-12 -2.988840425155E-11
AR GRAD 2024 06 14 02 41 50.000000 2  -7.852505971850E-12 -1.068321472952E-11
AR GRAD 2024 06 14 02 42  0.000000 2  -7.157684601272E-12 -2.947802765774E-11
AR GRAD 2024 06 14 02 42 10.000000 2  -9.397040437453E-12 -2.537283924631E-11
AR GRAD 2024 06 14 02 42 20.000000 2  -5.030449581195E-12 -7.967651712015E-12
AR GRAD 2024 06 14 02 42 30.000000 2  -8.814679021418E-12 -2.296246526257E-11
AR GRAD 2024 06 14 02 42 40.000000 2  -7.656224612629E-12 -1.455728246280E-11
AR GRAD 2024 06 14 02 42 50.000000 2  -6.667000718857E-12 -2.265209894659E-11
AR GRAD 2024 06 14 02 43  0.000000 2  -6.723060910069E-12 -2.264691385812E-11
AR GRAD 2024 06 14 02 43 10.000000 2  -6.643748051705E-12 -2.324173492552E-11
AR GRAD 2024 06 14 02 43 20.000000 2  -1.065259078864E-11 -2.093655283864E-11
AR GRAD 2024 06 14 02 43 30.000000 2  -5.348912719000E-12  5.686271223847E-13
AR GRAD 2024 06 14 02 43 40.000000 2  -4.094976094327E-12 -1.902619381489E-11
AR GRAD 2024 06 14 02 43 50.000000 2  -9.059244673870E-12 -2.032101570348E-11
AR GRAD 2024 06 14 02 44  0.000000 2  -7.108768868697E-12  2.484160013111E-12
AR GRAD 2024 06 14 02 44 10.000000 2  -3.682298389818E-12 -6.810661409840E-12
AR GRAD 2024 06 14 02 44 20.000000 2  -9.347050911046E-12 -1.560548738844E-11
AR GRAD 2024 06 14 02 44 30.000000 2  -8.645065566193E-12 -2.620031448741E-11
AR GRAD 2024 06 14 02 44 40.000000 2  -5.197461818568E-12 -1.069513921870E-11
AR GRAD 2024 06 14 02 44 50.000000 2  -5.821732852740E-12 -3.148996688407E-11
AR GRAD 2024 06 14 02 45  0.000000 2  -5.576865792084E-12  2.815202931883E-12
AR GRAD 2024 06 14 02 45 10.000000 2  -9.476164644640E-12 -1.407962548633E-11
AR GRAD 2024 06 14 02 45 20.000000 2  -2.380401648364E-12 -1.987445798213E-11
AR GRAD 2024 06 14 02 45 30.000000 2  -6.086168895247E-12 -3.069288096250E-12
AR GRAD 2024 06 14 02 45 40.000000 2  -5.708366071500E-12 -1.006412141125E-11
AR GRAD 2024 06 14 02 45 50.000000 2  -2.151354398447E-12 -9.858954798381E-12
AR GRAD 2024 06 14 02 46  0.000000 2  -1.525302020106E-12 -7.653789928230E-12
AR GRAD 2024 06 14 02 46 10.000000 2  -7.456962998476E-12  3.151372825888E-12
AR GRAD 2024 06 14 02 46 20.000000 2  -1.847334785143E-12 -4.343463956558E-12
AR GRAD 2024 06 14 02 46 30.000000 2  -7.093192786606E-12 -1.153829809475E-11
AR GRAD 2024 06 14 02 46 40.000000 2  -2.359663896570E-12 -2.653314200296E-11
AR GRAD 2024 06 14 02 46 50.000000 2  -1.412711961302E-12  1.397202232384E-11
AR GRAD 2024 06 14 02 47  0.000000 2  -1.610675460194E-12 -1.492281992421E-11
AR GRAD 2024 06 14 02 47 10.000000 2  -2.278816458451E-12 -1.291766086459E-11
AR GRAD 2024 06 14 02 47 20.000000 2  -4.884894138496E-12 -3.412501834929E-12
AR GRAD 2024 06 14 02 47 30.000000 2  -1.785331973404E-12 -1.707347371122E-12
AR GRAD 2024 06 14 02 47 40.000000 2  -4.512658909744E-12  1.999781069906E-11
AR GRAD 2024 06 14 02 47 50.000000 2  -1.450929762621E-12 -1.509703820290E-11
AR GRAD 2024 06 14 02 48  0.000000 2  -2.271246125202E-12 -2.609188212710E-11
AR GRAD 2024 06 14 02 48 10.000000 2  -3.381833224916E-12  2.013269542397E-12
AR GRAD 2024 06 14 02 48 20.000000 2  -3.199861382808E-12 -8.881578632269E-12
AR GRAD 2024 06 14 02 48 30.000000 2   2.132940308749E-12 -7.642716619077E-14
AR GRAD 2024 06 14 02 48 40.000000 2   1.302898869522E-12  3.028721370923E-12
AR GRAD 2024 06 14 02 48 50.000000 2   3.451275723543E-13 -1.046612969902E-11
AR GRAD 2024 06 14 02 49  0.000000 2  -3.890912331911E-12 -2.676098405374E-11
AR GRAD 2024 06 14 02 49 10.000000 2  -8.051636614381E-13 -4.355834703346E-12
AR GRAD 2024 06 14 02 49 20.000000 2   9.795015276301E-13  5.649311313888E-12
AR GRAD 2024 06 14 02 49 30.000000 2   3.308118536050E-12 -2.794554691821E-11
AR GRAD 2024 06 14 02 49 40.000000 2  -2.238850597969E-12 -4.040097791903E-14
AR GRAD 2024 06 14 02 49 50.000000 2   9.006985831001E-14 -1.235257447545E-12
AR GRAD 2024 06 14 02 50  0.000000 2   1.765780447208E-12 -3.301172269571E-13
AR GRAD 2024 06 14 02 50 10.000000 2  -9.724315672361E-14 -5.824974183555E-12
AR GRAD 2024 06 14 02 50 20.000000 2   2.986289817861E-12 -1.841983510165E-11
AR GRAD 2024 06 14 02 50 30.000000 2  -1.679547343217E-12  6.685302485210E-12
AR GRAD 2024 06 14 02 50 40.000000 2   3.988735557126E-12 -1.470955822425E-11
AR GRAD 2024 06 14 02 50 50.000000 2   2.829717796887E-12 -7.504420695970E-12
AR GRAD 2024 06 14 02 51  0.000000 2   5.367692401670E-12  5.300716462986E-12
AR GRAD 2024 06 14 02 51 10.000000 2   1.867163541835E-12  1.500584899394E-11
AR GRAD 2024 06 14 02 51 20.000000 2   2.300142498343E-12  9.710983753242E-12
AR GRAD 2024 06 14 02 51 30.000000 2   1.113783652980E-12 -6.383883439237E-12
AR GRAD 2024 06 14 02 51 40.000000 2   3.065924033749E-12 -9.787509344661E-13
AR GRAD 2024 06 14 02 51 50.000000 2   4.440260659155E-12  1.702637857093E-11
AR GRAD 2024 06 14 02 52  0.000000 2   6.318470920086E-12  6.831511051297E-12
AR GRAD 2024 06 14 02 52 10.000000 2   3.641323353953E-12  1.783664188570E-11
AR GRAD 2024 06 14 02 52 20.000000 2   6.027075973719E-12  6.241769254234E-12
AR GRAD 2024 06 14 02 52 30.000000 2   6.780218747560E-12 -7.153105364976E-12
AR GRAD 2024 06 14 02 52 40.000000 2   5.845183278369E-12  9.552020632797E-12
AR GRAD 2024 06 14 02 52 50.000000 2   4.592352973593E-12  1.215714508229E-11
AR GRAD 2024 06 14 02 53  0.000000 2   5.059953324393E-12 -5.937728173727E-12
AR GRAD 2024 06 14 02 53 10.000000 2   4.476105250339E-12  2.496739273661E-11
AR GRAD 2024 06 14 02 53 20.000000 2   6.676108017106E-12  2.167251621221E-11
AR GRAD 2024 06 14 02 53 30.000000 2   7.233055300537E-12 -2.772236086523E-11
AR GRAD 2024 06 14 02 53 40.000000 2   7.645566471592E-12  1.408275926429E-11
AR GRAD 2024 06 14 02 53 50.000000 2   7.012996086631E-12  5.187878338725E-12
AR GRAD 2024 06 14 02 54  0.000000 2   1.128367278086E-11  4.592996122321E-12
AR GRAD 2024 06 14 02 54 10.000000 2   4.552758777615E-12  2.689811047507E-11
AR GRAD 2024 06 14 02 54 20.000000 2   1.067667915883E-11  1.003228641654E-12
AR GRAD 2024 06 14 02 54 30.000000 2   9.763058417267E-12  4.808345995672E-12
AR GRAD 2024 06 14 02 54 40.000000 2   7.610392351032E-12  1.331345970967E-11
AR GRAD 2024 06 14 02 54 50.000000 2   6.681043305395E-12  1.401857276095E-11
AR GRAD 2024 06 14 02 55  0.000000 2   8.268993129112E-12  8.623687701437E-12
AR GRAD 2024 06 14 02 55 10.000000 2   1.029710604977E-11  5.928796949911E-12
AR GRAD 2024 06 14 02 55 20.000000 2   6.717801662171E-12  1.923390960390E-11
AR GRAD 2024 06 14 02 55 30.000000 2   1.052364185378E-11  1.393901920971E-11
AR GRAD 2024 06 14 02 55 40.000000 2   8.543750776302E-12  1.214412858469E-11
AR GRAD 2024 06 14 02 55 50.000000 2   1.185265861153E-11 -1.450763554428E-12
AR GRAD 2024 06 14 02 56  0.000000 2   6.189850715321E-12  1.395434202217E-11
AR GRAD 2024 06 14 02 56 10.000000 2   9.746124914056E-12  9.859448327210E-12
AR GRAD 2024 06 14 02 56 20.000000 2   9.876574384726E-12  9.664553012045E-12
AR GRAD 2024 06 14 02 56 30.000000 2   1.254961932984E-11  4.869655893802E-12
AR GRAD 2024 06 14 02 56 40.000000 2   8.721808865408E-12  1.177475911912E-11
AR GRAD 2024 06 14 02 56 50.000000 2   1.083264988128E-11  1.007986315943E-11
AR GRAD 2024 06 14 02 57  0.000000 2   1.127804793999E-11  6.184961830885E-12
AR GRAD 2024 06 14 02 57 10.000000 2   1.068175322499E-11  1.219006059289E-11
AR GRAD 2024 06 14 02 57 20.000000 2   8.612480520420E-12  1.169516306715E-11
AR GRAD 2024 06 14 02 57 30.000000 2   1.548657382888E-11  1.260025937755E-11
AR GRAD 2024 06 14 02 57 40.000000 2   1.220056781298E-11 -2.394644161782E-12
AR GRAD 2024 06 14 02 57 50.000000 2   1.229463145874E-11  1.791045090016E-11
AR GRAD 2024 06 14 02 58  0.000000 2   9.204279699526E-12  3.971554682347E-11
AR GRAD 2024 06 14 02 58 10.000000 2   1.607397721870E-11  1.072064225588E-11
AR GRAD 2024 06 14 02 58 20.000000 2   1.389499973414E-11  1.272573452865E-11
AR GRAD 2024 06 14 02 58 30.000000 2   1.300787082215E-11  1.553082662475E-11
AR GRAD 2024 06 14 02 58 40.000000 2   8.435907354609E-12 -2.964084056326E-12
AR GRAD 2024 06 14 02 58 50.000000 2   1.366931220992E-11  3.874100346080E-11
AR GRAD 2024 06 14 02 59  0.000000 2   1.741807219291E-11  1.346097495622E-12
AR GRAD 2024 06 14 02 59 10.000000 2   1.381567690112E-11  2.795118130006E-11
AR GRAD 2024 06 14 02 59 20.000000 2   1.480676865839E-11  1.595627102668E-11
AR GRAD 2024 06 14 02 59 30.000000 2   1.379774506455E-11  9.261357306056E-12
AR GRAD 2024 06 14 02 59 40.000000 2   1.536001187352E-11  2.056644091142E-11
AR GRAD 2024 06 14 02 59 50.000000 2   9.354329810751E-12  4.871527660433E-12
AR GRAD 2024 06 14 03 00  0.000000 2   1.597379867269E-11  2.277661045880E-11
AR GRAD 2024 06 14 03 00 10.000000 2   1.496107231158E-11  2.238169025115E-11
AR GRAD 2024 06 14 03 00 20.000000 2   1.637300885149E-11  1.398677527964E-11
AR GRAD 2024 06 14 03 00 30.000000 2   1.375465019660E-11  2.479185606807E-11
AR GRAD 2024 06 14 03 00 40.000000 2   1.741662022936E-11  2.196935558821E-12
AR GRAD 2024 06 14 03 00 50.000000 2   1.341973407398E-11  2.090201275950E-11
AR GRAD 2024 06 14 03 01  0.000000 2   1.458130838294E-11  2.100708842989E-11
AR GRAD 2024 06 14 03 01 10.000000 2   1.619821290988E-11  3.151217134456E-11
AR GRAD 2024 06 14 03 01 20.000000 2   1.717887117281E-11  3.122121658428E-11
AR GRAD 2024 06 14 03 01 30.000000 2   1.738677951613E-11  3.093026529344E-11
AR GRAD 2024 06 14 03 01 40.000000 2   1.538189714489E-11  3.063930706371E-11
AR GRAD 2024 06 14 03 01 50.000000 2   1.933183127467E-11  3.034835230342E-11
AR GRAD 2024 06 14 03 02  0.000000 2   1.667263722915E-11  3.005739407369E-11
AR GRAD 2024 06 14 03 02 10.000000 2   1.392965257030E-11  2.976643931341E-11
AR GRAD 2024 06 14 03 02 20.000000 2   1.778628980209E-11  2.947547761423E-11
AR GRAD 2024 06 14 03 02 30.000000 2   1.981586075783E-11  2.918452285394E-11
AR GRAD 2024 06 14 03 02 40.000000 2   1.282629297911E-11  2.889356115476E-11
AR GRAD 2024 06 14 03 02 50.000000 2   1.918872699624E-11  2.860259945558E-11
AR GRAD 2024 06 14 03 03  0.000000 2   1.642820428305E-11  2.831163602168E-11
AR GRAD 2024 06 14 03 03 10.000000 2   2.232216321507E-11  2.802067605723E-11
AR GRAD 2024 06 14 03 03 20.000000 2   1.540671236422E-11  2.772970741916E-11
AR GRAD 2024 06 14 03 03 30.000000 2   1.802283843000E-11  2.743874745470E-11
AR GRAD 2024 06 14 03 03 40.000000 2   1.737242294464E-11  2.714777881663E-11
AR GRAD 2024 06 14 03 03 50.000000 2   1.923238651669E-11  2.685681191328E-11
AR GRAD 2024 06 14 03 04  0.000000 2   1.545400613034E-11  2.656584327521E-11
AR GRAD 2024 06 14 03 04 10.000000 2   1.972396204697E-11  2.627487637186E-11
AR GRAD 2024 06 14 03 04 20.000000 2   1.697027761371E-11  2.598390773378E-11
AR GRAD 2024 06 14 03 04 30.000000 2   1.826647860748E-11  2.569293215682E-11
AR GRAD 2024 06 14 03 04 40.000000 2   1.933319823677E-11  2.540196351875E-11
AR GRAD 2024 06 14 03 04 50.000000 2   1.811522633288E-11  2.511098794178E-11
