 2.00 C RINEX VERSION / TYPE
 10.00 INTERVAL
 1 AR # / TYPES OF DATA
 END OF HEADER
AR GRAD 2024 06 15 01 05  0.000000 2   3.301709253223E-11  2.172099132502E-11
AR GRAD 2024 06 15 01 05 10.000000 2   4.073277479200E-11  4.686427981793E-11
AR GRAD 2024 06 15 01 05 20.000000 2   3.298925715933E-11  3.002756723824E-11
AR GRAD 2024 06 15 01 05 30.000000 2   3.607701290487E-11  5.711085424021E-11
AR GRAD 2024 06 15 01 05 40.000000 2   4.001468947856E-11  4.599414252238E-11
AR GRAD 2024 06 15 01 05 50.000000 2   3.398346187788E-11  4.610742690425E-11
AR GRAD 2024 06 15 01 06  0.000000 2   3.953245369948E-11  3.131071443785E-11
AR GRAD 2024 06 15 01 06 10.000000 2   3.200166520667E-11  4.389400301563E-11
AR GRAD 2024 06 15 01 06 20.000000 2   3.686027177929E-11  4.678728585117E-11
AR GRAD 2024 06 15 01 06 30.000000 2   3.664869102638E-11  3.569057202557E-11
AR GRAD 2024 06 15 01 06 40.000000 2   4.492579572246E-11  3.372386050970E-11
AR GRAD 2024 06 15 01 06 50.000000 2   3.287030023169E-11  3.205714513288E-11
AR GRAD 2024 06 15 01 07  0.000000 2   3.636025855402E-11  5.544043002459E-11
AR GRAD 2024 06 15 01 07 10.000000 2   3.797697226138E-11  4.432371483731E-11
AR GRAD 2024 06 15 01 07 20.000000 2   3.465327330643E-11  2.502699610052E-11
AR GRAD 2024 06 15 01 07 30.000000 2   3.945298254759E-11  4.071028236741E-11
AR GRAD 2024 06 15 01 07 40.000000 2   3.763921466171E-11  5.601356878326E-11
AR GRAD 2024 06 15 01 07 50.000000 2   3.829972450298E-11  3.316685120991E-11
AR GRAD 2024 06 15 01 08  0.000000 2   3.550321495127E-11  2.987013414391E-11
AR GRAD 2024 06 15 01 08 10.000000 2   3.611382720647E-11  4.940341885584E-11
AR GRAD 2024 06 15 01 08 20.000000 2   3.615401727997E-11  3.520670213697E-11
AR GRAD 2024 06 15 01 08 30.000000 2   3.446121513151E-11  5.440998693262E-11
AR GRAD 2024 06 15 01 08 40.000000 2   4.455646615553E-11  2.528326679963E-11
AR GRAD 2024 06 15 01 08 50.000000 2   3.643123996921E-11  6.017654430313E-11
AR GRAD 2024 06 15 01 09  0.000000 2   3.803925924251E-11  2.375983264302E-11
AR GRAD 2024 06 15 01 09 10.000000 2   3.652521687880E-11  3.516311547491E-11
AR GRAD 2024 06 15 01 09 20.000000 2   3.581958687993E-11  4.213639853701E-11
AR GRAD 2024 06 15 01 09 30.000000 2   4.238112291666E-11  4.678967976957E-11
AR GRAD 2024 06 15 01 09 40.000000 2   4.074667339649E-11  4.402296235884E-11
AR GRAD 2024 06 15 01 09 50.000000 2   4.034942172049E-11  4.300624092957E-11
AR GRAD 2024 06 15 01 10  0.000000 2   3.482193700055E-11  3.469952450375E-11
AR GRAD 2024 06 15 01 10 10.000000 2   3.888644614647E-11  5.936279939833E-11
AR GRAD 2024 06 15 01 10 20.000000 2   3.974181053690E-11  4.499608671771E-11
AR GRAD 2024 06 15 01 10 30.000000 2   3.618190122512E-11  3.263936343423E-11
AR GRAD 2024 06 15 01 10 40.000000 2   3.906868578651E-11  5.032264535632E-11
AR GRAD 2024 06 15 01 10 50.000000 2   4.234743805620E-11  2.991592737422E-11
AR GRAD 2024 06 15 01 11  0.000000 2   3.978146284611E-11  4.053920740765E-11
AR GRAD 2024 06 15 01 11 10.000000 2   3.869208425877E-11  3.655248673184E-11
AR GRAD 2024 06 15 01 11 20.000000 2   4.060898145530E-11  5.024576588131E-11
AR GRAD 2024 06 15 01 11 30.000000 2   3.465837686289E-11  4.289904542709E-11
AR GRAD 2024 06 15 01 11 40.000000 2   3.363299916348E-11  2.827232198355E-11
AR GRAD 2024 06 15 01 11 50.000000 2   3.683190905046E-11  3.935560211055E-11
AR GRAD 2024 06 15 01 12  0.000000 2   3.755049743370E-11  4.422888097433E-11
AR GRAD 2024 06 15 01 12 10.000000 2   3.912601145850E-11  5.116215784362E-11
AR GRAD 2024 06 15 01 12 20.000000 2   3.566554690471E-11  3.454543942571E-11
AR GRAD 2024 06 15 01 12 30.000000 2   3.596520650739E-11  4.485871396565E-11
AR GRAD 2024 06 15 01 12 40.000000 2   3.670346318541E-11  4.169199707693E-11
AR GRAD 2024 06 15 01 12 50.000000 2   3.622342356624E-11  4.093527253279E-11
AR GRAD 2024 06 15 01 13  0.000000 2   3.235542736513E-11  4.484854848608E-11
AR GRAD 2024 06 15 01 13 10.000000 2   3.716010138488E-11  5.674182651516E-11
AR GRAD 2024 06 15 01 13 20.000000 2   4.392158164945E-11  4.932510302980E-11
AR GRAD 2024 06 15 01 13 30.000000 2   3.531176392957E-11  2.798837724083E-11
AR GRAD 2024 06 15 01 13 40.000000 2   3.582078036968E-11  4.287165414341E-11
AR GRAD 2024 06 15 01 13 50.000000 2   4.097817918325E-11  4.172493253685E-11
AR GRAD 2024 06 15 01 14  0.000000 2   3.837040407628E-11  3.702821035900E-11
AR GRAD 2024 06 15 01 14 10.000000 2   3.581124286001E-11  4.213148580012E-11
AR GRAD 2024 06 15 01 14 20.000000 2   3.979199608706E-11  2.730475741342E-11
AR GRAD 2024 06 15 01 14 30.000000 2   3.808454593357E-11  4.026803543389E-11
AR GRAD 2024 06 15 01 14 40.000000 2   3.725590322357E-11  5.710130632219E-11
AR GRAD 2024 06 15 01 14 50.000000 2   4.006239784360E-11  3.235458428952E-11
AR GRAD 2024 06 15 01 15  0.000000 2   3.424477021396E-11  4.341785611595E-11
AR GRAD 2024 06 15 01 15 10.000000 2   3.369672596509E-11  3.158113007218E-11
AR GRAD 2024 06 15 01 15 20.000000 2   3.360493133764E-11  5.035440814316E-11
AR GRAD 2024 06 15 01 15 30.000000 2   3.691357636226E-11  3.167768131140E-11
AR GRAD 2024 06 15 01 15 40.000000 2   3.790466551745E-11  5.315095585878E-11
AR GRAD 2024 06 15 01 15 50.000000 2   3.768403644688E-11  3.546422877587E-11
AR GRAD 2024 06 15 01 16  0.000000 2   3.291951086726E-11  3.412749943754E-11
AR GRAD 2024 06 15 01 16 10.000000 2   3.733284861807E-11  3.689077168745E-11
AR GRAD 2024 06 15 01 16 20.000000 2   3.564364081665E-11  4.426404381919E-11
AR GRAD 2024 06 15 01 16 30.000000 2   3.701478706875E-11  2.929732151324E-11
AR GRAD 2024 06 15 01 16 40.000000 2   3.932282277574E-11  2.563058966454E-11
AR GRAD 2024 06 15 01 16 50.000000 2   3.057689518249E-11  4.989386334642E-11
AR GRAD 2024 06 15 01 17  0.000000 2   3.917121835229E-11  3.939713832946E-11
AR GRAD 2024 06 15 01 17 10.000000 2   3.358495079264E-11  4.150041074680E-11
AR GRAD 2024 06 15 01 17 20.000000 2   2.906386069312E-11  3.488367927851E-11
AR GRAD 2024 06 15 01 17 30.000000 2   3.294552478050E-11  5.912694639454E-11
AR GRAD 2024 06 15 01 17 40.000000 2   3.448111934867E-11  3.889022437420E-11
AR GRAD 2024 06 15 01 17 50.000000 2   3.364331035982E-11  3.991349264987E-11
AR GRAD 2024 06 15 01 18  0.000000 2   3.387986072245E-11  3.937676573695E-11
AR GRAD 2024 06 15 01 18 10.000000 2   2.712001977156E-11  3.344003546291E-11
AR GRAD 2024 06 15 01 18 20.000000 2   3.294743297633E-11  2.818330117893E-11
AR GRAD 2024 06 15 01 18 30.000000 2   2.934405496369E-11  2.559657347190E-11
AR GRAD 2024 06 15 01 18 40.000000 2   3.025122860545E-11  3.956984739872E-11
AR GRAD 2024 06 15 01 18 50.000000 2   3.480425669888E-11  3.932311420929E-11
AR GRAD 2024 06 15 01 19  0.000000 2   2.506954539794E-11  4.264638295282E-11
AR GRAD 2024 06 15 01 19 10.000000 2   3.209728663411E-11  4.092965202873E-11
AR GRAD 2024 06 15 01 19 20.000000 2   2.956494077333E-11  2.787292098516E-11
AR GRAD 2024 06 15 01 19 30.000000 2   2.661706965945E-11  4.458619237702E-11
AR GRAD 2024 06 15 01 19 40.000000 2   3.109020679792E-11  3.795945849316E-11
AR GRAD 2024 06 15 01 19 50.000000 2   2.199946474990E-11  4.687272792125E-11
AR GRAD 2024 06 15 01 20  0.000000 2   2.904615263588E-11  3.160599559848E-11
AR GRAD 2024 06 15 01 20 10.000000 2   2.334764673262E-11  3.314926458331E-11
AR GRAD 2024 06 15 01 20 20.000000 2   2.794607427414E-11  3.256252906203E-11
AR GRAD 2024 06 15 01 20 30.000000 2   2.878084749691E-11  3.989579847041E-11
AR GRAD 2024 06 15 01 20 40.000000 2   2.777362714812E-11  4.496906666485E-11
AR GRAD 2024 06 15 01 20 50.000000 2   2.145038660584E-11  3.809233137253E-11
AR GRAD 2024 06 15 01 21  0.000000 2   2.942978846732E-11  3.568559683864E-11
AR GRAD 2024 06 15 01 21 10.000000 2   2.391765605014E-11  4.386886687247E-11
AR GRAD 2024 06 15 01 21 20.000000 2   2.636241572262E-11  3.453212715776E-11
AR GRAD 2024 06 15 01 21 30.000000 2   2.668874322931E-11  3.603539688868E-11
AR GRAD 2024 06 15 01 21 40.000000 2   2.845761994108E-11  3.159866118763E-11
AR GRAD 2024 06 15 01 21 50.000000 2   1.971327615036E-11  3.026192837985E-11
AR GRAD 2024 06 15 01 22  0.000000 2   2.275391854101E-11  4.216519147726E-11
AR GRAD 2024 06 15 01 22 10.000000 2   2.775544377664E-11  4.659845773136E-11
AR GRAD 2024 06 15 01 22 20.000000 2   1.715683324577E-11  3.646172253013E-11
AR GRAD 2024 06 15 01 22 30.000000 2   2.492957229538E-11  2.916498986760E-11
AR GRAD 2024 06 15 01 22 40.000000 2   2.760677970948E-11  4.405825357323E-11
AR GRAD 2024 06 15 01 22 50.000000 2   2.404193337469E-11  4.656151506022E-11
AR GRAD 2024 06 15 01 23  0.000000 2   3.101085707669E-11  2.009477827192E-11
AR GRAD 2024 06 15 01 23 10.000000 2   2.615750671620E-11  3.009804558363E-11
AR GRAD 2024 06 15 01 23 20.000000 2   2.087526158878E-11  3.311130883366E-11
AR GRAD 2024 06 15 01 23 30.000000 2   2.396251252978E-11  2.865456830148E-11
AR GRAD 2024 06 15 01 23 40.000000 2   2.308319507760E-11  7.242782762429E-11
AR GRAD 2024 06 15 01 23 50.000000 2   2.748387455120E-11  1.859109567681E-11
AR GRAD 2024 06 15 01 24  0.000000 2   2.520993136468E-11  2.627435768954E-11
AR GRAD 2024 06 15 01 24 10.000000 2   2.172959555347E-11  2.981762059484E-11
AR GRAD 2024 06 15 01 24 20.000000 2   2.016009234551E-11  4.979088322199E-11
AR GRAD 2024 06 15 01 24 30.000000 2   1.503437131734E-11  3.877414708753E-11
AR GRAD 2024 06 15 01 24 40.000000 2   2.280846692071E-11  3.426740835533E-11
AR GRAD 2024 06 15 01 24 50.000000 2   1.584138722976E-11  4.612066978327E-11
AR GRAD 2024 06 15 01 25  0.000000 2   2.096372554716E-11  3.417393451555E-11
AR GRAD 2024 06 15 01 25 10.000000 2   2.712190888543E-11  3.524719405235E-11
AR GRAD 2024 06 15 01 25 20.000000 2   2.091564421658E-11  3.535045520198E-11
AR GRAD 2024 06 15 01 25 30.000000 2   1.968345798853E-11  3.714371518693E-11
AR GRAD 2024 06 15 01 25 40.000000 2   1.579678055030E-11  1.927697411419E-11
AR GRAD 2024 06 15 01 25 50.000000 2   1.732956486644E-11  2.819023486866E-11
AR GRAD 2024 06 15 01 26  0.000000 2   2.196180563796E-11  4.625349409038E-11
AR GRAD 2024 06 15 01 26 10.000000 2   1.720640643854E-11  4.317675383891E-11
AR GRAD 2024 06 15 01 26 20.000000 2   1.628170688550E-11  3.263001674414E-11
AR GRAD 2024 06 15 01 26 30.000000 2   1.972997112909E-11  2.623327249873E-11
AR GRAD 2024 06 15 01 26 40.000000 2   1.443333907253E-11  4.520653296147E-11
AR GRAD 2024 06 15 01 26 50.000000 2   1.336428103599E-11  3.273979351515E-11
AR GRAD 2024 06 15 01 27  0.000000 2   1.320347130240E-11  1.488304965380E-11
AR GRAD 2024 06 15 01 27 10.000000 2   1.713837231854E-11  3.155630964868E-11
AR GRAD 2024 06 15 01 27 20.000000 2   1.142796100806E-11  4.589956886791E-11
AR GRAD 2024 06 15 01 27 30.000000 2   8.898885968389E-12  2.325282501270E-11
AR GRAD 2024 06 15 01 27 40.000000 2   9.518885679682E-12  5.400608432682E-11
AR GRAD 2024 06 15 01 27 50.000000 2   7.815936266253E-12  3.771934500851E-11
AR GRAD 2024 06 15 01 28  0.000000 2   1.373745475014E-11  2.976259863563E-11
AR GRAD 2024 06 15 01 28 10.000000 2   3.846187691253E-12  2.475585535178E-11
AR GRAD 2024 06 15 01 28 20.000000 2   1.112776711054E-11  3.276911381134E-11
AR GRAD 2024 06 15 01 28 30.000000 2   1.324414449638E-11  2.888236871890E-11
AR GRAD 2024 06 15 01 28 40.000000 2   1.566334215108E-11  3.742562856845E-11
AR GRAD 2024 06 15 01 28 50.000000 2   1.618255876523E-11  3.066888409897E-11
AR GRAD 2024 06 15 01 29  0.000000 2   6.226218759314E-12  2.644213840941E-11
AR GRAD 2024 06 15 01 29 10.000000 2   7.673929200425E-12  2.258539362476E-11
AR GRAD 2024 06 15 01 29 20.000000 2   1.344558665795E-11  3.633865083841E-11
AR GRAD 2024 06 15 01 29 30.000000 2   6.562185690673E-12  2.501190574100E-11
AR GRAD 2024 06 15 01 29 40.000000 2   1.148620608349E-11  3.416516375365E-11
AR GRAD 2024 06 15 01 29 50.000000 2   9.265375792988E-12  3.797841555131E-11
AR GRAD 2024 06 15 01 30  0.000000 2   6.698330258514E-12  2.656166953052E-11
AR GRAD 2024 06 15 01 30 10.000000 2   3.589820281313E-12  1.895492443560E-11
AR GRAD 2024 06 15 01 30 20.000000 2   5.088834301864E-12  3.109817958702E-11
AR GRAD 2024 06 15 01 30 30.000000 2   1.152916043884E-11  2.701143475559E-11
AR GRAD 2024 06 15 01 30 40.000000 2   5.144834211435E-12  2.292468645471E-11
AR GRAD 2024 06 15 01 30 50.000000 2   5.632383448528E-12  3.499794204442E-11
AR GRAD 2024 06 15 01 31  0.000000 2   8.533098706798E-12  2.438119324488E-11
AR GRAD 2024 06 15 01 31 10.000000 2   2.199066232930E-12  2.847444675880E-11
AR GRAD 2024 06 15 01 31 20.000000 2  -1.309931113233E-12  3.693769942692E-11
AR GRAD 2024 06 15 01 31 30.000000 2   1.570112746416E-12  2.372095228576E-11
AR GRAD 2024 06 15 01 31 40.000000 2   9.137966425210E-12  2.761420606068E-11
AR GRAD 2024 06 15 01 31 50.000000 2   6.063419297903E-12  2.684745828430E-11
AR GRAD 2024 06 15 01 32  0.000000 2   4.619984082799E-12  2.645070967811E-11
AR GRAD 2024 06 15 01 32 10.000000 2   2.927784317069E-12  2.730396291006E-11
AR GRAD 2024 06 15 01 32 20.000000 2   6.942852109199E-12  2.997721515463E-11
AR GRAD 2024 06 15 01 32 30.000000 2   3.011408668003E-13  1.781046490845E-11
AR GRAD 2024 06 15 01 32 40.000000 2  -2.486772723506E-12  3.332371878439E-11
AR GRAD 2024 06 15 01 32 50.000000 2   2.276141081170E-12  2.215696723318E-11
AR GRAD 2024 06 15 01 33  0.000000 2   4.558749211458E-12  3.434022163851E-11
AR GRAD 2024 06 15 01 33 10.000000 2   2.188079632846E-13  8.393469946855E-12
AR GRAD 2024 06 15 01 33 20.000000 2  -2.834042028832E-12  2.118671904583E-11
AR GRAD 2024 06 15 01 33 30.000000 2  -8.512252534787E-12  3.218996943999E-11
AR GRAD 2024 06 15 01 33 40.000000 2  -1.360599567041E-12  3.223321956569E-11
AR GRAD 2024 06 15 01 33 50.000000 2  -5.379913528558E-12  2.319646905113E-11
AR GRAD 2024 06 15 01 34  0.000000 2  -7.994738551731E-12  1.200971960769E-11
AR GRAD 2024 06 15 01 34 10.000000 2  -4.486023531813E-12  3.976297069386E-11
AR GRAD 2024 06 15 01 34 20.000000 2  -5.922778760492E-12  5.686220157924E-12
AR GRAD 2024 06 15 01 34 30.000000 2  -1.338587921063E-11  2.854946661024E-11
AR GRAD 2024 06 15 01 34 40.000000 2  -5.748064350886E-12  2.212271511814E-11
AR GRAD 2024 06 15 01 34 50.000000 2  -9.264661086916E-12  1.598596255370E-11
AR GRAD 2024 06 15 01 35  0.000000 2  -1.040785600065E-11  2.701921152093E-11
AR GRAD 2024 06 15 01 35 10.000000 2  -1.139921577270E-11  1.485245954003E-11
AR GRAD 2024 06 15 01 35 20.000000 2  -1.595649654074E-11  1.573570787561E-11
AR GRAD 2024 06 15 01 35 30.000000 2  -1.865441655313E-11  2.166895482492E-11
AR GRAD 2024 06 15 01 35 40.000000 2  -1.749335745704E-11  1.631220158949E-11
AR GRAD 2024 06 15 01 35 50.000000 2  -1.302220224014E-11  2.807544995098E-11
AR GRAD 2024 06 15 01 36  0.000000 2  -2.007059969611E-11  1.647869687926E-11
AR GRAD 2024 06 15 01 36 10.000000 2  -2.256623533869E-11  1.388194333790E-11
AR GRAD 2024 06 15 01 36 20.000000 2  -1.831698334676E-11  1.463518889411E-11
AR GRAD 2024 06 15 01 36 30.000000 2  -2.048720568193E-11  2.138843616106E-11
AR GRAD 2024 06 15 01 36 40.000000 2  -1.787575990009E-11  1.775168033402E-11
AR GRAD 2024 06 15 01 36 50.000000 2  -2.525578184087E-11  2.119492775732E-11
AR GRAD 2024 06 15 01 37  0.000000 2  -2.133076180966E-11  1.338817251506E-11
AR GRAD 2024 06 15 01 37 10.000000 2  -1.595844463520E-11  1.976141993099E-11
AR GRAD 2024 06 15 01 37 20.000000 2  -2.718111152822E-11  1.437466378568E-11
AR GRAD 2024 06 15 01 37 30.000000 2  -2.635722542998E-11  1.118790910609E-11
AR GRAD 2024 06 15 01 37 40.000000 2  -2.601711554528E-11  1.635115307042E-11
AR GRAD 2024 06 15 01 37 50.000000 2  -2.758368533584E-11  1.792439807691E-11
AR GRAD 2024 06 15 01 38  0.000000 2  -2.303032937967E-11  1.428764138250E-11
AR GRAD 2024 06 15 01 38 10.000000 2  -2.534469856208E-11  1.697088650165E-11
AR GRAD 2024 06 15 01 38 20.000000 2  -3.058477776596E-11  9.234129953739E-12
AR GRAD 2024 06 15 01 38 30.000000 2  -3.230724368586E-11  5.957372616050E-12
AR GRAD 2024 06 15 01 38 40.000000 2  -2.967049869684E-11  1.886061619383E-11
AR GRAD 2024 06 15 01 38 50.000000 2  -2.864499956678E-11  7.763859867504E-12
AR GRAD 2024 06 15 01 39  0.000000 2  -2.269489457474E-11  2.847101244000E-12
AR GRAD 2024 06 15 01 39 10.000000 2  -3.025622113961E-11  2.294034580352E-11
AR GRAD 2024 06 15 01 39 20.000000 2  -2.329688525426E-11  1.238358807859E-11
AR GRAD 2024 06 15 01 39 30.000000 2  -3.381359081622E-11  3.366828734211E-12
AR GRAD 2024 06 15 01 39 40.000000 2  -3.167711579155E-11  8.170073124980E-12
AR GRAD 2024 06 15 01 39 50.000000 2  -2.663476383891E-11  1.741331384641E-11
AR GRAD 2024 06 15 01 40  0.000000 2  -2.597865152165E-11  7.106556228903E-12
AR GRAD 2024 06 15 01 40 10.000000 2  -3.209578436358E-11 -4.530205204023E-12
AR GRAD 2024 06 15 01 40 20.000000 2  -2.778609634047E-11  1.693038396110E-12
AR GRAD 2024 06 15 01 40 30.000000 2  -3.543124127425E-11 -3.543721305982E-12
AR GRAD 2024 06 15 01 40 40.000000 2  -2.331415789592E-11  2.450951941402E-11
AR GRAD 2024 06 15 01 40 50.000000 2  -3.393732864176E-11  6.852761847559E-12
AR GRAD 2024 06 15 01 41  0.000000 2  -2.527636260019E-11  4.156001497807E-12
AR GRAD 2024 06 15 01 41 10.000000 2  -2.962829287467E-11  1.017924113056E-11
AR GRAD 2024 06 15 01 41 20.000000 2  -2.738635880573E-11  7.272481228338E-12
AR GRAD 2024 06 15 01 41 30.000000 2  -3.463963144101E-11 -3.414278191768E-12
AR GRAD 2024 06 15 01 41 40.000000 2  -3.215635396847E-11  3.598960972989E-12
AR GRAD 2024 06 15 01 41 50.000000 2  -2.640945968857E-11  2.302219873074E-11
AR GRAD 2024 06 15 01 42  0.000000 2  -3.222658598312E-11  1.164543982080E-11
AR GRAD 2024 06 15 01 42 10.000000 2  -3.425713879235E-11  1.889867602689E-11
AR GRAD 2024 06 15 01 42 20.000000 2  -3.091285907808E-11 -3.738084928401E-12
AR GRAD 2024 06 15 01 42 30.000000 2  -3.462264155929E-11 -1.914846753381E-12
AR GRAD 2024 06 15 01 42 40.000000 2  -3.133820286605E-11  4.028393070510E-12
AR GRAD 2024 06 15 01 42 50.000000 2  -3.093018202671E-11 -7.383722539639E-13
AR GRAD 2024 06 15 01 43  0.000000 2  -3.780162988187E-11 -1.361513332632E-11
AR GRAD 2024 06 15 01 43 10.000000 2  -3.431006173615E-11  4.658104197502E-12
AR GRAD 2024 06 15 01 43 20.000000 2  -3.612371859973E-11  7.901342774508E-12
AR GRAD 2024 06 15 01 43 30.000000 2  -3.698361061844E-11  6.914580019668E-12
AR GRAD 2024 06 15 01 43 40.000000 2  -4.050134186362E-11  6.797814481457E-12
AR GRAD 2024 06 15 01 43 50.000000 2  -4.334067132961E-11 -1.816894898421E-11
AR GRAD 2024 06 15 01 44  0.000000 2  -3.981790591689E-11 -3.745711206482E-12
AR GRAD 2024 06 15 01 44 10.000000 2  -4.305302642171E-11 -2.524764522883E-13
AR GRAD 2024 06 15 01 44 20.000000 2  -3.931735145790E-11  6.750760107171E-12
AR GRAD 2024 06 15 01 44 30.000000 2  -3.976556584018E-11 -5.586002580632E-12
AR GRAD 2024 06 15 01 44 40.000000 2  -4.876415590771E-11 -9.342771348231E-12
AR GRAD 2024 06 15 01 44 50.000000 2  -3.884530544451E-11 -3.179534109957E-12
AR GRAD 2024 06 15 01 45  0.000000 2  -4.283910726155E-11  7.513702333928E-12
AR GRAD 2024 06 15 01 45 10.000000 2  -4.164996819656E-11 -1.733065947696E-12
AR GRAD 2024 06 15 01 45 20.000000 2  -3.989520519498E-11 -1.252982786970E-11
AR GRAD 2024 06 15 01 45 30.000000 2  -4.758483884704E-11 -9.966594390065E-12
AR GRAD 2024 06 15 01 45 40.000000 2  -4.934412253799E-11 -1.266336254607E-11
AR GRAD 2024 06 15 01 45 50.000000 2  -3.844545168330E-11 -2.328012956021E-11
AR GRAD 2024 06 15 01 46  0.000000 2  -3.992618388682E-11 -9.496893722816E-12
AR GRAD 2024 06 15 01 46 10.000000 2  -4.615642243411E-11 -2.893661872616E-12
AR GRAD 2024 06 15 01 46 20.000000 2  -4.033212652743E-11 -1.557042689226E-11
AR GRAD 2024 06 15 01 46 30.000000 2  -4.373342313291E-11  2.112808192289E-12
AR GRAD 2024 06 15 01 46 40.000000 2  -4.444309156804E-11 -7.713962281441E-12
AR GRAD 2024 06 15 01 46 50.000000 2  -4.210074303068E-11 -1.609073117803E-11
AR GRAD 2024 06 15 01 47  0.000000 2  -4.605397313506E-11 -2.392749540170E-11
AR GRAD 2024 06 15 01 47 10.000000 2  -4.462593142240E-11 -1.042610212033E-13
AR GRAD 2024 06 15 01 47 20.000000 2  -4.593066205150E-11 -2.746102997775E-11
AR GRAD 2024 06 15 01 47 30.000000 2  -4.865275890498E-11 -6.217799712604E-12
AR GRAD 2024 06 15 01 47 40.000000 2  -4.381307816548E-11 -9.424567029570E-12
AR GRAD 2024 06 15 01 47 50.000000 2  -4.168307018992E-11 -1.677133779077E-11
AR GRAD 2024 06 15 01 48  0.000000 2  -3.872262580029E-11 -1.670810538534E-11
AR GRAD 2024 06 15 01 48 10.000000 2  -4.951047211099E-11 -1.544487454597E-11
AR GRAD 2024 06 15 01 48 20.000000 2  -4.940955283805E-11 -1.127164247355E-11
AR GRAD 2024 06 15 01 48 30.000000 2  -4.864190994436E-11 -1.228841160772E-11
AR GRAD 2024 06 15 01 48 40.000000 2  -4.834474487403E-11 -7.975182146625E-12
AR GRAD 2024 06 15 01 48 50.000000 2  -4.555222518632E-11 -8.471953173717E-12
AR GRAD 2024 06 15 01 49  0.000000 2  -4.715063756100E-11 -2.097872570106E-11
AR GRAD 2024 06 15 01 49 10.000000 2  -4.732510910932E-11 -1.936549358372E-11
AR GRAD 2024 06 15 01 49 20.000000 2  -4.297375649776E-11 -6.882265590757E-12
AR GRAD 2024 06 15 01 49 30.000000 2  -4.620587593096E-11 -2.035903737263E-11
AR GRAD 2024 06 15 01 49 40.000000 2  -4.177961795970E-11 -2.420580749729E-11
AR GRAD 2024 06 15 01 49 50.000000 2  -4.763097555260E-11 -1.183257658521E-11
AR GRAD 2024 06 15 01 50  0.000000 2  -4.317957449929E-11 -2.392934982109E-11
AR GRAD 2024 06 15 01 50 10.000000 2  -4.674629433543E-11 -2.272612480148E-11
AR GRAD 2024 06 15 01 50 20.000000 2  -4.894020258495E-11 -1.566289806187E-11
AR GRAD 2024 06 15 01 50 30.000000 2  -4.468120665124E-11 -2.638966996316E-11
AR GRAD 2024 06 15 01 50 40.000000 2  -5.354470339336E-11 -1.607644052604E-11
AR GRAD 2024 06 15 01 50 50.000000 2  -4.192368327494E-11 -2.251321351565E-11
AR GRAD 2024 06 15 01 51  0.000000 2  -4.931309874334E-11 -1.355998386493E-11
AR GRAD 2024 06 15 01 51 10.000000 2  -4.826692170945E-11 -2.065675755447E-11
AR GRAD 2024 06 15 01 51 20.000000 2  -4.459706909321E-11 -2.820353672828E-11
AR GRAD 2024 06 15 01 51 30.000000 2  -4.253072546923E-11 -1.918030664849E-11
AR GRAD 2024 06 15 01 51 40.000000 2  -4.216092752696E-11 -2.860707677688E-11
AR GRAD 2024 06 15 01 51 50.000000 2  -4.844828357942E-11 -1.905385398071E-11
AR GRAD 2024 06 15 01 52  0.000000 2  -4.751878057707E-11 -1.090062502068E-11
AR GRAD 2024 06 15 01 52 10.000000 2  -4.348332111048E-11 -3.564739822770E-11
AR GRAD 2024 06 15 01 52 20.000000 2  -4.624977137380E-11 -1.646417377432E-11
AR GRAD 2024 06 15 01 52 30.000000 2  -4.985194201890E-11 -3.447094693021E-11
AR GRAD 2024 06 15 01 52 40.000000 2  -5.356082938279E-11 -2.561772495524E-11
AR GRAD 2024 06 15 01 52 50.000000 2  -4.961908661727E-11 -2.924450265285E-11
AR GRAD 2024 06 15 01 53  0.000000 2  -5.084746859674E-11 -2.142127794591E-11
AR GRAD 2024 06 15 01 53 10.000000 2  -4.964501726379E-11 -3.421805200299E-11
AR GRAD 2024 06 15 01 53 20.000000 2  -4.824531052439E-11 -2.148483127518E-11
AR GRAD 2024 06 15 01 53 30.000000 2  -4.991353164119E-11 -3.552159955067E-11
AR GRAD 2024 06 15 01 53 40.000000 2  -4.453005672533E-11 -3.486837554800E-11
AR GRAD 2024 06 15 01 53 50.000000 2  -4.613573759138E-11 -2.540516061411E-11
AR GRAD 2024 06 15 01 54  0.000000 2  -5.107060607745E-11 -2.614193410355E-11
AR GRAD 2024 06 15 01 54 10.000000 2  -5.331283678411E-11 -4.322870880702E-11
AR GRAD 2024 06 15 01 54 20.000000 2  -4.624695071342E-11 -2.215548924878E-11
AR GRAD 2024 06 15 01 54 30.000000 2  -5.533618355202E-11 -3.897226291683E-11
AR GRAD 2024 06 15 01 54 40.000000 2  -4.905200898242E-11 -3.527904010592E-11
AR GRAD 2024 06 15 01 54 50.000000 2  -4.850256654643E-11 -2.906582440010E-11
AR GRAD 2024 06 15 01 55  0.000000 2  -4.648914586625E-11 -3.001260351354E-11
AR GRAD 2024 06 15 01 55 10.000000 2  -5.139717818015E-11 -2.911937704853E-11
AR GRAD 2024 06 15 01 55 20.000000 2  -5.160926200287E-11 -2.278615837681E-11
AR GRAD 2024 06 15 01 55 30.000000 2  -5.012314521768E-11 -3.265293244126E-11
AR GRAD 2024 06 15 01 55 40.000000 2  -4.759766539242E-11 -2.890971836922E-11
AR GRAD 2024 06 15 01 55 50.000000 2  -5.364961599974E-11 -4.096648714702E-11
AR GRAD 2024 06 15 01 56  0.000000 2  -5.410338843603E-11 -3.612327104108E-11
AR GRAD 2024 06 15 01 56 10.000000 2  -4.864848454633E-11 -2.810005873821E-11
AR GRAD 2024 06 15 01 56 20.000000 2  -5.216633375271E-11 -2.628683555550E-11
AR GRAD 2024 06 15 01 56 30.000000 2  -4.367949751893E-11 -3.775360926661E-11
AR GRAD 2024 06 15 01 56 40.000000 2  -5.023053153974E-11 -3.478039731220E-11
AR GRAD 2024 06 15 01 56 50.000000 2  -4.747433002272E-11 -2.398717682817E-11
AR GRAD 2024 06 15 01 57  0.000000 2  -5.411625314533E-11 -3.417395186278E-11
AR GRAD 2024 06 15 01 57 10.000000 2  -4.702371131371E-11 -4.319073917958E-11
AR GRAD 2024 06 15 01 57 20.000000 2  -5.126213689643E-11 -3.517751714921E-11
AR GRAD 2024 06 15 01 57 30.000000 2  -4.680357490461E-11 -2.589430232736E-11
AR GRAD 2024 06 15 01 57 40.000000 2  -4.910816198134E-11 -2.547608478343E-11
AR GRAD 2024 06 15 01 57 50.000000 2  -4.654118757053E-11 -2.505786377005E-11
AR GRAD 2024 06 15 01 58  0.000000 2  -5.091332563878E-11 -1.691464676656E-11
AR GRAD 2024 06 15 01 58 10.000000 2  -4.936813458034E-11 -2.056143276474E-11
AR GRAD 2024 06 15 01 58 20.000000 2  -5.236937272723E-11 -2.420821008930E-11
AR GRAD 2024 06 15 01 58 30.000000 2  -4.604043535306E-11 -3.382499488835E-11
AR GRAD 2024 06 15 01 58 40.000000 2  -4.924418164909E-11 -3.129177472694E-11
AR GRAD 2024 06 15 01 58 50.000000 2  -4.211659840325E-11 -2.799856006763E-11
AR GRAD 2024 06 15 01 59  0.000000 2  -4.596380220878E-11 -3.634533646268E-11
AR GRAD 2024 06 15 01 59 10.000000 2  -4.917148979655E-11 -3.520212593644E-11
AR GRAD 2024 06 15 01 59 20.000000 2  -4.318306823237E-11 -4.034891518123E-11
AR GRAD 2024 06 15 01 59 30.000000 2  -4.868678030179E-11 -3.169569121053E-11
AR GRAD 2024 06 15 01 59 40.000000 2  -4.681487836278E-11 -2.290248199421E-11
AR GRAD 2024 06 15 01 59 50.000000 2  -4.514251472632E-11 -4.081926116561E-11
AR GRAD 2024 06 15 02 00  0.000000 2  -4.950334586695E-11 -2.839604940075E-11
AR GRAD 2024 06 15 02 00 10.000000 2  -4.644394591136E-11 -3.911283102953E-11
AR GRAD 2024 06 15 02 00 20.000000 2  -4.336636258429E-11 -4.252961871565E-11
AR GRAD 2024 06 15 02 00 30.000000 2  -4.181089502397E-11 -2.398640487622E-11
AR GRAD 2024 06 15 02 00 40.000000 2  -4.754343099767E-11 -3.281318619597E-11
AR GRAD 2024 06 15 02 00 50.000000 2  -4.068163167448E-11 -3.915997734416E-11
AR GRAD 2024 06 15 02 01  0.000000 2  -4.301733622092E-11 -2.851676533799E-11
AR GRAD 2024 06 15 02 01 10.000000 2  -4.143022730441E-11 -2.522355067869E-11
AR GRAD 2024 06 15 02 01 20.000000 2  -3.976402887518E-11 -3.837033121790E-11
AR GRAD 2024 06 15 02 01 30.000000 2  -4.084237115176E-11 -3.471711806924E-11
AR GRAD 2024 06 15 02 01 40.000000 2  -4.562654420948E-11 -3.639390872001E-11
AR GRAD 2024 06 15 02 01 50.000000 2  -3.953726235295E-11 -3.436069484497E-11
AR GRAD 2024 06 15 02 02  0.000000 2  -4.357614616368E-11 -2.639748315769E-11
AR GRAD 2024 06 15 02 02 10.000000 2  -4.218876636930E-11 -3.378427398948E-11
AR GRAD 2024 06 15 02 02 20.000000 2  -4.496635008788E-11 -3.703105877495E-11
AR GRAD 2024 06 15 02 02 30.000000 2  -4.484171020613E-11 -1.897784880633E-11
AR GRAD 2024 06 15 02 02 40.000000 2  -4.652826735008E-11 -3.219463237669E-11
AR GRAD 2024 06 15 02 02 50.000000 2  -4.566489894553E-11 -3.327142381049E-11
AR GRAD 2024 06 15 02 03  0.000000 2  -3.580151106131E-11 -3.880820664826E-11
AR GRAD 2024 06 15 02 03 10.000000 2  -3.853610833215E-11 -2.961500489285E-11
AR GRAD 2024 06 15 02 03 20.000000 2  -4.173406065178E-11 -2.484179181805E-11
AR GRAD 2024 06 15 02 03 30.000000 2  -4.061571565184E-11 -2.306358229398E-11
AR GRAD 2024 06 15 02 03 40.000000 2  -4.199221179113E-11 -2.128537103518E-11
AR GRAD 2024 06 15 02 03 50.000000 2  -4.778104301106E-11 -3.243216459281E-11
AR GRAD 2024 06 15 02 04  0.000000 2  -4.778971315900E-11 -3.957894775808E-11
AR GRAD 2024 06 15 02 04 10.000000 2  -3.369895681948E-11 -1.786574187201E-11
AR GRAD 2024 06 15 02 04 20.000000 2  -3.629717013065E-11 -3.571253015533E-11
AR GRAD 2024 06 15 02 04 30.000000 2  -4.559184973996E-11 -3.077932353435E-11
AR GRAD 2024 06 15 02 04 40.000000 2  -4.213655119267E-11 -2.224611467261E-11
AR GRAD 2024 06 15 02 04 50.000000 2  -4.488736812802E-11 -2.963290030022E-11
AR GRAD 2024 06 15 02 05  0.000000 2  -3.934746278800E-11 -4.147969467905E-11
AR GRAD 2024 06 15 02 05 10.000000 2  -3.683054208836E-11 -3.265648862438E-11
AR GRAD 2024 06 15 02 05 20.000000 2  -4.002979198114E-11 -3.561327968638E-11
AR GRAD 2024 06 15 02 05 30.000000 2  -3.770666764935E-11 -3.566007211742E-11
AR GRAD 2024 06 15 02 05 40.000000 2  -3.881581167597E-11 -2.754686756479E-11
AR GRAD 2024 06 15 02 05 50.000000 2  -4.099195635709E-11 -3.950365035088E-11
AR GRAD 2024 06 15 02 06  0.000000 2  -3.362781580973E-11 -3.296044340240E-11
AR GRAD 2024 06 15 02 06 10.000000 2  -3.911063486961E-11 -3.989723829090E-11
AR GRAD 2024 06 15 02 06 20.000000 2  -4.193243668960E-11 -3.080403293554E-11
AR GRAD 2024 06 15 02 06 30.000000 2  -3.702478601486E-11 -3.245083021741E-11
AR GRAD 2024 06 15 02 06 40.000000 2  -3.628814262968E-11 -1.756762270377E-11
AR GRAD 2024 06 15 02 06 50.000000 2  -3.561231171068E-11 -3.066441198185E-11
AR GRAD 2024 06 15 02 07  0.000000 2  -3.287633013049E-11 -2.571621041114E-11
AR GRAD 2024 06 15 02 07 10.000000 2  -3.449027174973E-11 -2.076800537099E-11
AR GRAD 2024 06 15 02 07 20.000000 2  -3.297789125112E-11 -3.445480012410E-11
AR GRAD 2024 06 15 02 07 30.000000 2  -3.210887458693E-11 -3.206159296387E-11
AR GRAD 2024 06 15 02 07 40.000000 2  -3.983877810976E-11 -1.867838869685E-11
AR GRAD 2024 06 15 02 07 50.000000 2  -3.679882440433E-11 -1.204018395401E-11
AR GRAD 2024 06 15 02 08  0.000000 2  -2.970884649400E-11 -5.401981379577E-12
AR GRAD 2024 06 15 02 08 10.000000 2  -3.099238227167E-11 -3.978774774926E-12
AR GRAD 2024 06 15 02 08 20.000000 2  -3.029708081637E-11 -3.280556729046E-11
AR GRAD 2024 06 15 02 08 30.000000 2  -3.254495978267E-11 -4.035236381150E-11
AR GRAD 2024 06 15 02 08 40.000000 2  -2.730127755812E-11 -2.231916214346E-11
AR GRAD 2024 06 15 02 08 50.000000 2  -2.749889031761E-11 -2.970595644469E-11
AR GRAD 2024 06 15 02 09  0.000000 2  -2.915923752456E-11 -2.137275426084E-11
AR GRAD 2024 06 15 02 09 10.000000 2  -2.495728450291E-11 -2.193955260521E-11
AR GRAD 2024 06 15 02 09 20.000000 2  -2.948663882507E-11 -2.475634974797E-11
AR GRAD 2024 06 15 02 09 30.000000 2  -2.850628760820E-11 -2.590314594764E-11
AR GRAD 2024 06 15 02 09 40.000000 2  -2.711958262125E-11 -3.215994831551E-11
AR GRAD 2024 06 15 02 09 50.000000 2  -3.243176907586E-11 -2.529674213159E-11
AR GRAD 2024 06 15 02 10  0.000000 2  -2.430721075808E-11 -1.803354167385E-11
AR GRAD 2024 06 15 02 10 10.000000 2  -3.264489720212E-11 -2.839033869106E-11
AR GRAD 2024 06 15 02 10 20.000000 2  -3.775743953605E-11 -2.157713591133E-11
AR GRAD 2024 06 15 02 10 30.000000 2  -2.384782822606E-11 -2.893393510894E-11
AR GRAD 2024 06 15 02 10 40.000000 2  -2.684678000742E-11 -2.420073516585E-11
AR GRAD 2024 06 15 02 10 50.000000 2  -2.465281104258E-11 -1.370753423963E-11
AR GRAD 2024 06 15 02 11  0.000000 2  -2.713623423189E-11 -3.766433345764E-11
AR GRAD 2024 06 15 02 11 10.000000 2  -1.793851005238E-11  5.228867252377E-12
AR GRAD 2024 06 15 02 11 20.000000 2  -2.587761949169E-11 -1.279293251194E-11
AR GRAD 2024 06 15 02 11 30.000000 2  -2.552876660067E-11 -3.081472924049E-11
AR GRAD 2024 06 15 02 11 40.000000 2  -2.360048614869E-11 -2.375153372591E-11
AR GRAD 2024 06 15 02 11 50.000000 2  -2.863109922757E-11 -2.668333002470E-12
AR GRAD 2024 06 15 02 12  0.000000 2  -2.759144301923E-11 -2.685513270095E-11
AR GRAD 2024 06 15 02 12 10.000000 2  -1.890452551445E-11 -9.711934381706E-12
AR GRAD 2024 06 15 02 12 20.000000 2  -2.880687528795E-11 -3.838873663398E-11
AR GRAD 2024 06 15 02 12 30.000000 2  -2.355503292417E-11 -4.865536792908E-12
AR GRAD 2024 06 15 02 12 40.000000 2  -2.385046327102E-11 -3.011233970507E-11
AR GRAD 2024 06 15 02 12 50.000000 2  -2.382713644444E-11 -9.319138342956E-12
AR GRAD 2024 06 15 02 13  0.000000 2  -2.974269094902E-11 -2.824594030892E-11
AR GRAD 2024 06 15 02 13 10.000000 2  -2.270976462437E-11 -1.319274463979E-11
AR GRAD 2024 06 15 02 13 20.000000 2  -1.799887149045E-11 -1.176954540771E-11
AR GRAD 2024 06 15 02 13 30.000000 2  -2.491454438591E-11  6.236496236968E-13
AR GRAD 2024 06 15 02 13 40.000000 2  -2.040188157304E-11 -2.163315533654E-11
AR GRAD 2024 06 15 02 13 50.000000 2  -1.598680215986E-11 -9.119953056635E-12
AR GRAD 2024 06 15 02 14  0.000000 2  -2.611557844978E-11 -2.619676350846E-11
AR GRAD 2024 06 15 02 14 10.000000 2  -3.006218537993E-11 -2.254356423759E-11
AR GRAD 2024 06 15 02 14 20.000000 2  -2.204063147271E-11 -2.276036650817E-11
AR GRAD 2024 06 15 02 14 30.000000 2  -2.504248024227E-11 -1.717717287852E-11
AR GRAD 2024 06 15 02 14 40.000000 2  -1.756631645700E-11 -7.113973039125E-12
AR GRAD 2024 06 15 02 14 50.000000 2  -2.248577539443E-11 -3.860778884091E-12
AR GRAD 2024 06 15 02 15  0.000000 2  -1.983319758425E-11 -1.580758267339E-11
AR GRAD 2024 06 15 02 15 10.000000 2  -2.096803286555E-11 -2.932438319947E-11
AR GRAD 2024 06 15 02 15 20.000000 2  -2.174300323121E-11 -8.101190725196E-12
AR GRAD 2024 06 15 02 15 30.000000 2  -1.762250241566E-11 -1.236799725135E-11
AR GRAD 2024 06 15 02 15 40.000000 2  -2.571400557760E-11 -2.702480600414E-11
AR GRAD 2024 06 15 02 15 50.000000 2  -1.725374877692E-11 -8.631608448828E-12
AR GRAD 2024 06 15 02 16  0.000000 2  -1.597775731166E-11  7.371585980520E-12
AR GRAD 2024 06 15 02 16 10.000000 2  -2.027373754987E-11 -1.514522188217E-11
AR GRAD 2024 06 15 02 16 20.000000 2  -2.150739655815E-11 -8.392027524284E-12
AR GRAD 2024 06 15 02 16 30.000000 2  -2.091652198666E-11 -1.240883350934E-11
AR GRAD 2024 06 15 02 16 40.000000 2  -1.939717830801E-11 -9.545642054576E-12
AR GRAD 2024 06 15 02 16 50.000000 2  -1.534891137800E-11 -8.924484957464E-13
AR GRAD 2024 06 15 02 17  0.000000 2  -2.021432847499E-11 -1.576925742763E-11
AR GRAD 2024 06 15 02 17 10.000000 2  -2.620302932965E-11 -1.993606495165E-11
AR GRAD 2024 06 15 02 17 20.000000 2  -1.765793761210E-11 -5.912869152636E-12
AR GRAD 2024 06 15 02 17 30.000000 2  -1.548063066625E-11  2.380321417403E-12
AR GRAD 2024 06 15 02 17 40.000000 2  -1.809509313222E-11 -1.504648836081E-11
AR GRAD 2024 06 15 02 17 50.000000 2  -1.912254035674E-11 -1.670329499714E-11
AR GRAD 2024 06 15 02 18  0.000000 2  -1.406318377722E-11 -3.760102472439E-12
AR GRAD 2024 06 15 02 18 10.000000 2  -1.151333629129E-11  3.473087702849E-12
AR GRAD 2024 06 15 02 18 20.000000 2  -2.256953825219E-11 -2.108372157417E-11
AR GRAD 2024 06 15 02 18 30.000000 2  -1.082161443788E-11  1.003946925593E-11
AR GRAD 2024 06 15 02 18 40.000000 2  -1.454258501815E-11 -2.796734371868E-11
AR GRAD 2024 06 15 02 18 50.000000 2  -1.971479229868E-11  7.858505512992E-13
AR GRAD 2024 06 15 02 19  0.000000 2  -1.408341585712E-11  5.829038206978E-12
AR GRAD 2024 06 15 02 19 10.000000 2  -1.384280363947E-11 -1.008776916167E-11
AR GRAD 2024 06 15 02 19 20.000000 2  -1.523419931870E-11 -2.334581746671E-12
AR GRAD 2024 06 15 02 19 30.000000 2  -1.155186970386E-11 -6.991390973099E-12
AR GRAD 2024 06 15 02 19 40.000000 2  -1.162008250039E-11  1.130179977382E-11
AR GRAD 2024 06 15 02 19 50.000000 2  -1.796291067280E-11  2.039498778195E-11
AR GRAD 2024 06 15 02 20  0.000000 2  -1.783993786031E-11 -1.838182210612E-11
AR GRAD 2024 06 15 02 20 10.000000 2  -1.270069813208E-11  1.641136358754E-11
AR GRAD 2024 06 15 02 20 20.000000 2  -1.360490366198E-11 -1.565544915927E-11
AR GRAD 2024 06 15 02 20 30.000000 2  -8.787114265385E-12  6.087743156802E-12
AR GRAD 2024 06 15 02 20 40.000000 2  -1.242791113076E-11  7.670929863535E-12
AR GRAD 2024 06 15 02 20 50.000000 2  -1.085532271711E-11 -4.505881345124E-12
AR GRAD 2024 06 15 02 21  0.000000 2  -9.867095855653E-12 -6.472695209675E-12
AR GRAD 2024 06 15 02 21 10.000000 2  -1.156288433057E-11  5.980491275814E-12
AR GRAD 2024 06 15 02 21 20.000000 2  -9.770005117427E-12 -8.663203075916E-13
AR GRAD 2024 06 15 02 21 30.000000 2  -1.317988339994E-11 -3.831327074176E-13
AR GRAD 2024 06 15 02 21 40.000000 2  -5.919885241734E-12  7.560051543121E-12
AR GRAD 2024 06 15 02 21 50.000000 2  -9.112152872526E-12  5.393239240620E-12
AR GRAD 2024 06 15 02 22  0.000000 2  -4.592614483157E-12  7.796424096596E-12
AR GRAD 2024 06 15 02 22 10.000000 2  -5.240224486974E-12  4.659610804841E-12
AR GRAD 2024 06 15 02 22 20.000000 2  -1.497065839351E-11  3.802797920310E-12
AR GRAD 2024 06 15 02 22 30.000000 2  -8.596644229808E-12  3.005983482962E-12
AR GRAD 2024 06 15 02 22 40.000000 2  -1.061310327816E-11 -1.810832408501E-12
AR GRAD 2024 06 15 02 22 50.000000 2  -8.011733637625E-12  1.148235152792E-11
AR GRAD 2024 06 15 02 23  0.000000 2  -1.072447686212E-11 -8.834463542662E-12
AR GRAD 2024 06 15 02 23 10.000000 2  -8.189319014584E-12  2.117872197060E-11
AR GRAD 2024 06 15 02 23 20.000000 2  -1.468918216230E-11  3.821906333079E-12
AR GRAD 2024 06 15 02 23 30.000000 2  -9.573612735903E-12  1.085509026416E-11
AR GRAD 2024 06 15 02 23 40.000000 2  -1.255941010914E-11  9.788275225076E-12
AR GRAD 2024 06 15 02 23 50.000000 2  -9.733716437033E-12  1.125145809855E-11
AR GRAD 2024 06 15 02 24  0.000000 2  -6.131537551995E-12 -4.945358358932E-12
AR GRAD 2024 06 15 02 24 10.000000 2  -2.574916191725E-12  7.757824764532E-12
AR GRAD 2024 06 15 02 24 20.000000 2  -3.816786296740E-12  1.728100648690E-11
AR GRAD 2024 06 15 02 24 30.000000 2  -2.195406833758E-12  8.944191741411E-12
AR GRAD 2024 06 15 02 24 40.000000 2  -4.138271322840E-12  1.778737400426E-11
AR GRAD 2024 06 15 02 24 50.000000 2  -3.067576791541E-12 -2.349444206892E-12
AR GRAD 2024 06 15 02 25  0.000000 2  -8.738635683125E-12  1.049373695577E-11
AR GRAD 2024 06 15 02 25 10.000000 2  -6.425129091964E-12  2.069691987239E-11
AR GRAD 2024 06 15 02 25 20.000000 2  -3.356450751016E-12  2.376009979044E-11
AR GRAD 2024 06 15 02 25 30.000000 2  -8.442375271089E-12 -8.326716920137E-12
AR GRAD 2024 06 15 02 25 40.000000 2  -1.032156304870E-11  6.366464213453E-12
AR GRAD 2024 06 15 02 25 50.000000 2  -1.160192081295E-11  8.119645580895E-12
AR GRAD 2024 06 15 02 26  0.000000 2   4.062561918816E-13  8.802828257992E-12
AR GRAD 2024 06 15 02 26 10.000000 2  -4.803540811643E-12  8.436006233847E-12
AR GRAD 2024 06 15 02 26 20.000000 2  -3.224156401929E-12  2.151918573889E-11
AR GRAD 2024 06 15 02 26 30.000000 2  -2.427492668683E-12  1.996236856372E-11
AR GRAD 2024 06 15 02 26 40.000000 2  -5.994236357276E-12  2.077554794866E-11
AR GRAD 2024 06 15 02 26 50.000000 2  -3.719336037072E-12  4.268727732404E-12
AR GRAD 2024 06 15 02 27  0.000000 2   3.329079416650E-12  8.271908331914E-12
AR GRAD 2024 06 15 02 27 10.000000 2  -5.303112983468E-12  7.255086288682E-12
AR GRAD 2024 06 15 02 27 20.000000 2   1.670221144549E-12  3.817826610408E-11
AR GRAD 2024 06 15 02 27 30.000000 2  -1.855709596404E-12 -8.685571793038E-13
AR GRAD 2024 06 15 02 27 40.000000 2  -5.638428959842E-12  2.039462175529E-11
AR GRAD 2024 06 15 02 27 50.000000 2   1.666720906256E-12  9.787801645567E-12
AR GRAD 2024 06 15 02 28  0.000000 2  -1.397475776592E-12  2.587098070495E-11
AR GRAD 2024 06 15 02 28 10.000000 2  -4.346396506594E-12  1.365415940036E-11
AR GRAD 2024 06 15 02 28 20.000000 2  -2.257707909514E-12  1.111733621828E-11
AR GRAD 2024 06 15 02 28 30.000000 2   1.056377316351E-12  2.072051211166E-11
AR GRAD 2024 06 15 02 28 40.000000 2  -3.681918919057E-12  2.068368913644E-11
AR GRAD 2024 06 15 02 28 50.000000 2  -2.575642390340E-12  1.656686766938E-11
AR GRAD 2024 06 15 02 29  0.000000 2  -4.709902715234E-13  1.811004471386E-11
AR GRAD 2024 06 15 02 29 10.000000 2  -6.705541612424E-13  1.426322081277E-11
AR GRAD 2024 06 15 02 29 20.000000 2   2.272397331068E-12  2.646397640957E-12
AR GRAD 2024 06 15 02 29 30.000000 2  -1.050476871288E-12  3.499957615394E-11
AR GRAD 2024 06 15 02 29 40.000000 2   1.969186315745E-12  2.892274787725E-11
AR GRAD 2024 06 15 02 29 50.000000 2  -8.347830239563E-12  1.721592660098E-11
AR GRAD 2024 06 15 02 30  0.000000 2   6.150535809823E-13  1.506910221605E-11
AR GRAD 2024 06 15 02 30 10.000000 2   3.129306926433E-12  2.971227777704E-11
AR GRAD 2024 06 15 02 30 20.000000 2   8.246429255600E-13 -1.128454621413E-11
AR GRAD 2024 06 15 02 30 30.000000 2  -4.256441119704E-12  2.122862649556E-11
AR GRAD 2024 06 15 02 30 40.000000 2   4.057732014978E-12  2.172180317561E-11
AR GRAD 2024 06 15 02 30 50.000000 2   5.367192692889E-13  3.784497715209E-11
AR GRAD 2024 06 15 02 31  0.000000 2   4.794068787783E-12  2.934815238054E-11
AR GRAD 2024 06 15 02 31 10.000000 2   5.706815662393E-12  6.171323868598E-12
AR GRAD 2024 06 15 02 31 20.000000 2   1.074481215807E-12  2.501449741787E-11
AR GRAD 2024 06 15 02 31 30.000000 2  -1.388767681583E-12  1.885767236809E-11
AR GRAD 2024 06 15 02 31 40.000000 2   1.225861588888E-13  1.819084466392E-11
AR GRAD 2024 06 15 02 31 50.000000 2   3.323350058690E-12  1.046401767318E-11
AR GRAD 2024 06 15 02 32  0.000000 2   3.721577733484E-12  4.302719291971E-11
AR GRAD 2024 06 15 02 32 10.000000 2   9.985886900363E-13  2.699036306952E-11
AR GRAD 2024 06 15 02 32 20.000000 2   3.414649856273E-12  1.386353618710E-11
AR GRAD 2024 06 15 02 32 30.000000 2   6.430395712437E-12  1.960670861778E-11
AR GRAD 2024 06 15 02 32 40.000000 2   3.874131484366E-12  3.869988357552E-11
AR GRAD 2024 06 15 02 32 50.000000 2   3.141264158513E-12  1.860305312573E-11
AR GRAD 2024 06 15 02 33  0.000000 2   5.887522674247E-12  2.709622283492E-11
AR GRAD 2024 06 15 02 33 10.000000 2   3.144312501341E-12  2.057939582634E-11
AR GRAD 2024 06 15 02 33 20.000000 2   1.456525004773E-12  2.996256714960E-11
AR GRAD 2024 06 15 02 33 30.000000 2   4.308682750864E-12  3.092573766517E-11
AR GRAD 2024 06 15 02 33 40.000000 2  -2.479524018831E-13  3.123891076373E-11
AR GRAD 2024 06 15 02 33 50.000000 2   8.096317019590E-12  2.160207950019E-11
AR GRAD 2024 06 15 02 34  0.000000 2   4.846293939070E-12  4.512525075828E-11
AR GRAD 2024 06 15 02 34 10.000000 2   1.262729179032E-12  9.018421426310E-12
AR GRAD 2024 06 15 02 34 20.000000 2   8.246618665719E-12  4.220158944523E-11
AR GRAD 2024 06 15 02 34 30.000000 2   8.697612075004E-12  3.000475909398E-11
AR GRAD 2024 06 15 02 34 40.000000 2  -6.013182031299E-13  2.069792774673E-11
AR GRAD 2024 06 15 02 34 50.000000 2   1.166308716272E-11  3.694109948493E-11
AR GRAD 2024 06 15 02 35  0.000000 2   3.555880199665E-12  2.956426770062E-11
AR GRAD 2024 06 15 02 35 10.000000 2   3.048480738677E-12  3.317743649256E-11
AR GRAD 2024 06 15 02 35 20.000000 2   5.967838636461E-12  2.274060453833E-11
AR GRAD 2024 06 15 02 35 30.000000 2   3.011040635575E-12  1.137377345084E-11
AR GRAD 2024 06 15 02 35 40.000000 2   5.890528082669E-12  2.873693991101E-11
AR GRAD 2024 06 15 02 35 50.000000 2   6.427455789826E-12  1.953010843325E-11
AR GRAD 2024 06 15 02 36  0.000000 2   3.621210319452E-12  3.728327716002E-11
AR GRAD 2024 06 15 02 36 10.000000 2   7.540095284253E-12  3.363644779375E-11
AR GRAD 2024 06 15 02 36 20.000000 2   6.127512993531E-12  3.396961531510E-11
AR GRAD 2024 06 15 02 36 30.000000 2   6.410487592146E-12  4.199278078043E-11
AR GRAD 2024 06 15 02 36 40.000000 2   7.050421010901E-12  1.592594459088E-11
AR GRAD 2024 06 15 02 36 50.000000 2   7.231571678284E-12  3.698910969185E-11
AR GRAD 2024 06 15 02 37  0.000000 2   3.181764096985E-12  2.593227715897E-11
AR GRAD 2024 06 15 02 37 10.000000 2   9.259217524649E-12  4.082544718953E-11
AR GRAD 2024 06 15 02 37 20.000000 2   6.942767107748E-12  2.072860980085E-11
AR GRAD 2024 06 15 02 37 30.000000 2   1.139450946791E-11  2.542177579556E-11
AR GRAD 2024 06 15 02 37 40.000000 2   8.790005182058E-12  5.796494187416E-11
AR GRAD 2024 06 15 02 37 50.000000 2   5.340747375598E-12  1.291810668852E-11
AR GRAD 2024 06 15 02 38  0.000000 2   6.054050490090E-12  4.210127385607E-11
AR GRAD 2024 06 15 02 38 10.000000 2   1.177188815177E-11  3.138443671613E-11
AR GRAD 2024 06 15 02 38 20.000000 2   8.961970922317E-12  2.638760043805E-11
AR GRAD 2024 06 15 02 38 30.000000 2   9.948779647329E-12  4.974076359132E-11
AR GRAD 2024 06 15 02 38 40.000000 2   1.059170719880E-11  2.293392906139E-11
AR GRAD 2024 06 15 02 38 50.000000 2   1.603559819652E-11  1.767709242873E-11
AR GRAD 2024 06 15 02 39  0.000000 2   8.529042923311E-12  4.919025603511E-11
AR GRAD 2024 06 15 02 39 10.000000 2   9.961281799420E-12  1.165342128351E-11
AR GRAD 2024 06 15 02 39 20.000000 2   7.448791583542E-12  4.433658301606E-11
AR GRAD 2024 06 15 02 39 30.000000 2   5.792942514571E-12  4.083974824987E-11
AR GRAD 2024 06 15 02 39 40.000000 2   1.313347000598E-11  3.108291055098E-11
AR GRAD 2024 06 15 02 39 50.000000 2   9.366863187865E-12  2.252607128606E-11
AR GRAD 2024 06 15 02 40  0.000000 2   4.266417080734E-12  2.489923371651E-11
AR GRAD 2024 06 15 02 40 10.000000 2   6.429085996212E-12  3.769239781404E-11
AR GRAD 2024 06 15 02 40 20.000000 2   9.431229235080E-12  2.265555625047E-11
AR GRAD 2024 06 15 02 40 30.000000 2   1.206574597179E-11  3.786872204703E-11
AR GRAD 2024 06 15 02 40 40.000000 2   9.727402910942E-12  3.698188283385E-11
AR GRAD 2024 06 15 02 40 50.000000 2   6.727794103073E-12  3.825504149568E-11
AR GRAD 2024 06 15 02 41  0.000000 2   6.424925261955E-12  3.165820383622E-11
AR GRAD 2024 06 15 02 41 10.000000 2   5.264167140390E-12  1.592136318618E-11
AR GRAD 2024 06 15 02 41 20.000000 2   6.169755244895E-12  3.661452738224E-11
AR GRAD 2024 06 15 02 41 30.000000 2   8.464650855244E-12  3.414768467991E-11
AR GRAD 2024 06 15 02 41 40.000000 2   9.166859112064E-12  4.472084508267E-11
AR GRAD 2024 06 15 02 41 50.000000 2   7.578694616317E-12  1.846400463079E-11
AR GRAD 2024 06 15 02 42  0.000000 2   9.474808090881E-12  3.830716646669E-11
AR GRAD 2024 06 15 02 42 10.000000 2   4.050144334494E-12  4.232032779772E-11
AR GRAD 2024 06 15 02 42 20.000000 2   1.155603824438E-11  3.359348563214E-11
AR GRAD 2024 06 15 02 42 30.000000 2   1.303983830636E-11  2.102664396764E-11
AR GRAD 2024 06 15 02 42 40.000000 2   1.472190598595E-11  3.517980351475E-11
AR GRAD 2024 06 15 02 42 50.000000 2   6.207968167304E-12  3.558296018946E-11
AR GRAD 2024 06 15 02 43  0.000000 2   8.158579714590E-12  3.986612082119E-11
AR GRAD 2024 06 15 02 43 10.000000 2   9.866958812499E-12  3.948927990161E-11
AR GRAD 2024 06 15 02 43 20.000000 2   1.104832024479E-11  3.209243634728E-11
AR GRAD 2024 06 15 02 43 30.000000 2   8.313501796697E-12  4.650559451425E-11
AR GRAD 2024 06 15 02 43 40.000000 2   8.343336438399E-12  2.101875097582E-11
AR GRAD 2024 06 15 02 43 50.000000 2   9.747195238441E-12  3.692190650439E-11
AR GRAD 2024 06 15 02 44  0.000000 2   9.133371142722E-12  3.753506880311E-11
AR GRAD 2024 06 15 02 44 10.000000 2   2.295821302165E-12  3.142822460611E-11
AR GRAD 2024 06 15 02 44 20.000000 2   1.506186841915E-11  4.624137878162E-11
AR GRAD 2024 06 15 02 44 30.000000 2   9.538237387419E-12  3.119453653722E-11
AR GRAD 2024 06 15 02 44 40.000000 2   3.792683615084E-12  3.250769098351E-11
AR GRAD 2024 06 15 02 44 50.000000 2   1.304766971549E-11  2.919084765574E-11
AR GRAD 2024 06 15 02 45  0.000000 2   5.362869003045E-12  3.527400593839E-11
AR GRAD 2024 06 15 02 45 10.000000 2   1.132029799761E-11  4.227716093874E-11
AR GRAD 2024 06 15 02 45 20.000000 2   1.178089049925E-11  3.611031612616E-11
AR GRAD 2024 06 15 02 45 30.000000 2   7.843167955379E-12  3.615346910735E-11
AR GRAD 2024 06 15 02 45 40.000000 2   7.792062134415E-12  4.013662666114E-11
AR GRAD 2024 06 15 02 45 50.000000 2   9.407466992906E-12  2.083977955480E-11
AR GRAD 2024 06 15 02 46  0.000000 2   1.431635365812E-11  4.329293520899E-11
AR GRAD 2024 06 15 02 46 10.000000 2   1.116032006393E-11  3.594608985469E-11
AR GRAD 2024 06 15 02 46 20.000000 2   1.465045446070E-11  2.675924065665E-11
AR GRAD 2024 06 15 02 46 30.000000 2   8.561046836719E-12  3.037239904025E-11
AR GRAD 2024 06 15 02 46 40.000000 2   1.448629150663E-11  3.569554721250E-11
AR GRAD 2024 06 15 02 46 50.000000 2   1.006663068875E-11  3.427870487460E-11
AR GRAD 2024 06 15 02 47  0.000000 2   9.668105725724E-12  3.480185584159E-11
AR GRAD 2024 06 15 02 47 10.000000 2   7.819388365971E-12  4.208501255820E-11
AR GRAD 2024 06 15 02 47 20.000000 2   1.108303900044E-11  3.494816241956E-11
AR GRAD 2024 06 15 02 47 30.000000 2   9.402846556927E-12  4.093131389382E-11
AR GRAD 2024 06 15 02 47 40.000000 2   4.904024668989E-12  4.241446777131E-11
AR GRAD 2024 06 15 02 47 50.000000 2   1.137936359724E-11  3.644761575883E-11
AR GRAD 2024 06 15 02 48  0.000000 2   1.308781034937E-11  3.288077449204E-11
AR GRAD 2024 06 15 02 48 10.000000 2   7.280482640371E-12  3.612392329710E-11
AR GRAD 2024 06 15 02 48 20.000000 2   1.185060296421E-11  4.003707435030E-11
AR GRAD 2024 06 15 02 48 30.000000 2   1.148787835692E-11  2.720022297675E-11
AR GRAD 2024 06 15 02 48 40.000000 2   1.011337801698E-11  4.130337738495E-11
AR GRAD 2024 06 15 02 48 50.000000 2   1.467500600205E-11  4.312652665539E-11
AR GRAD 2024 06 15 02 49  0.000000 2   1.296976241683E-11  2.969967674571E-11
AR GRAD 2024 06 15 02 49 10.000000 2   9.613167900602E-12  3.814282570347E-11
AR GRAD 2024 06 15 02 49 20.000000 2   6.102551623755E-12  2.633597680213E-11
AR GRAD 2024 06 15 02 49 30.000000 2   1.291525740521E-11  3.117912872330E-11
AR GRAD 2024 06 15 02 49 40.000000 2   1.126576956723E-11  4.357227773033E-11
AR GRAD 2024 06 15 02 49 50.000000 2   5.015217408033E-12  3.561542727404E-11
AR GRAD 2024 06 15 02 50  0.000000 2   1.190734490175E-11  3.220857608399E-11
AR GRAD 2024 06 15 02 50 10.000000 2   4.857664184094E-12  4.171172435230E-11
AR GRAD 2024 06 15 02 50 20.000000 2   8.299266655853E-12  4.020487415213E-11
AR GRAD 2024 06 15 02 50 30.000000 2   1.385797726572E-11  3.365802428434E-11
AR GRAD 2024 06 15 02 50 40.000000 2   3.684670624171E-12  5.081116777328E-11
AR GRAD 2024 06 15 02 50 50.000000 2   1.425433816121E-11  3.471431822555E-11
AR GRAD 2024 06 15 02 51  0.000000 2   7.844521907052E-12  3.169746756737E-11
AR GRAD 2024 06 15 02 51 10.000000 2   1.176904493999E-11  4.171061412928E-11
AR GRAD 2024 06 15 02 51 20.000000 2   6.640006253167E-12  3.630375861041E-11
AR GRAD 2024 06 15 02 51 30.000000 2   4.934676799129E-12  3.399690945427E-11
AR GRAD 2024 06 15 02 51 40.000000 2   7.095091441450E-12  4.378005943884E-11
AR GRAD 2024 06 15 02 51 50.000000 2   2.900354218946E-12  3.613320406770E-11
AR GRAD 2024 06 15 02 52  0.000000 2   9.303854561771E-12  3.708634788158E-11
AR GRAD 2024 06 15 02 52 10.000000 2   6.438257479230E-12  3.649949439910E-11
AR GRAD 2024 06 15 02 52 20.000000 2   1.625548654016E-12  3.673264123427E-11
AR GRAD 2024 06 15 02 52 30.000000 2   5.396623686121E-12  4.297578612422E-11
AR GRAD 2024 06 15 02 52 40.000000 2   6.665417783686E-12  3.868893400094E-11
AR GRAD 2024 06 15 02 52 50.000000 2   1.114794194457E-11  4.716207632760E-11
AR GRAD 2024 06 15 02 53  0.000000 2   5.662641796439E-12  1.862522289175E-11
AR GRAD 2024 06 15 02 53 10.000000 2   1.077197532562E-11  4.172837075878E-11
AR GRAD 2024 06 15 02 53 20.000000 2   5.893305808635E-12  4.095151301398E-11
AR GRAD 2024 06 15 02 53 30.000000 2   2.231673396427E-12  4.167465678107E-11
AR GRAD 2024 06 15 02 53 40.000000 2   7.635674210971E-12  4.081780052845E-11
AR GRAD 2024 06 15 02 53 50.000000 2   6.011889337049E-12  4.295094488405E-11
AR GRAD 2024 06 15 02 54  0.000000 2  -1.190810145803E-13  3.578409096816E-11
AR GRAD 2024 06 15 02 54 10.000000 2   1.122592036690E-11  4.318723503816E-11
AR GRAD 2024 06 15 02 54 20.000000 2   1.836085401557E-13  3.117037877809E-11
AR GRAD 2024 06 15 02 54 30.000000 2   7.033128962032E-13  3.561352254766E-11
AR GRAD 2024 06 15 02 54 40.000000 2   6.259772648148E-12  4.455666391401E-11
AR GRAD 2024 06 15 02 54 50.000000 2   3.240970859741E-12  3.587980607067E-11
AR GRAD 2024 06 15 02 55  0.000000 2  -7.241510993281E-13  4.246294982302E-11
AR GRAD 2024 06 15 02 55 10.000000 2   3.975514795834E-12  2.645609079033E-11
AR GRAD 2024 06 15 02 55 20.000000 2   1.767605918405E-12  4.321923721684E-11
AR GRAD 2024 06 15 02 55 30.000000 2   7.619833176974E-14  4.918237692109E-11
AR GRAD 2024 06 15 02 55 40.000000 2   5.897845579972E-12  3.223551633957E-11
AR GRAD 2024 06 15 02 55 50.000000 2   6.850737967364E-13  2.778865679232E-11
AR GRAD 2024 06 15 02 56  0.000000 2  -8.047222827337E-13  3.868180081801E-11
AR GRAD 2024 06 15 02 56 10.000000 2   3.321209626761E-12  3.108494017745E-11
AR GRAD 2024 06 15 02 56 20.000000 2   3.484855633229E-12  3.770808318371E-11
AR GRAD 2024 06 15 02 56 30.000000 2   2.758915275056E-12  4.822121868475E-11
AR GRAD 2024 06 15 02 56 40.000000 2   9.102594546173E-12  3.661436084879E-11
AR GRAD 2024 06 15 02 56 50.000000 2   1.040079741083E-11  4.073750364819E-11
AR GRAD 2024 06 15 02 57  0.000000 2   2.281535149608E-13  2.844064046770E-11
AR GRAD 2024 06 15 02 57 10.000000 2   5.713970963050E-12  4.848378296063E-11
AR GRAD 2024 06 15 02 57 20.000000 2  -3.298302820101E-12  4.145692469870E-11
AR GRAD 2024 06 15 02 57 30.000000 2   1.679508745620E-12  2.917006219905E-11
AR GRAD 2024 06 15 02 57 40.000000 2   1.343281063639E-12  5.391320029302E-11
AR GRAD 2024 06 15 02 57 50.000000 2   6.261657858886E-12  2.864633703858E-11
AR GRAD 2024 06 15 02 58  0.000000 2  -1.247220425896E-12  3.102947759848E-11
AR GRAD 2024 06 15 02 58 10.000000 2  -3.611261246636E-12  4.134261682998E-11
AR GRAD 2024 06 15 02 58 20.000000 2  -2.200687982540E-12  3.987575547537E-11
AR GRAD 2024 06 15 02 58 30.000000 2   3.861869157795E-12  4.826889582477E-11
AR GRAD 2024 06 15 02 58 40.000000 2   3.672319393022E-12  3.742203075197E-11
AR GRAD 2024 06 15 02 58 50.000000 2   4.455901359696E-12  1.676516564464E-11
AR GRAD 2024 06 15 02 59  0.000000 2  -1.273607413109E-12  3.906830414735E-11
AR GRAD 2024 06 15 02 59 10.000000 2  -1.377098348548E-11  4.746144102730E-11
AR GRAD 2024 06 15 02 59 20.000000 2  -7.865681305071E-13  2.537457743923E-11
AR GRAD 2024 06 15 02 59 30.000000 2   3.687954455711E-12  3.459771705239E-11
AR GRAD 2024 06 15 02 59 40.000000 2  -5.793374460716E-12  2.372084993707E-11
AR GRAD 2024 06 15 02 59 50.000000 2  -4.129505331435E-12  2.967398896048E-11
AR GRAD 2024 06 15 03 00  0.000000 2   1.854547765356E-12  2.035712223791E-11
AR GRAD 2024 06 15 03 00 10.000000 2  -1.960295857931E-12  4.715025939128E-11
AR GRAD 2024 06 15 03 00 20.000000 2  -6.702258106145E-12  3.347339419535E-11
AR GRAD 2024 06 15 03 00 30.000000 2  -7.249798417847E-12  3.501652787175E-11
AR GRAD 2024 06 15 03 00 40.000000 2  -1.273315047151E-11  3.065966577842E-11
AR GRAD 2024 06 15 03 00 50.000000 2  -1.088902188903E-12  2.966279999406E-11
AR GRAD 2024 06 15 03 01  0.000000 2   2.150488852748E-13  4.286593649483E-11
AR GRAD 2024 06 15 03 01 10.000000 2  -9.150806848379E-12  2.977907156976E-11
AR GRAD 2024 06 15 03 01 20.000000 2  -5.851425680797E-12  3.285220359639E-11
AR GRAD 2024 06 15 03 01 30.000000 2  -8.898673464763E-12  1.991533674084E-11
AR GRAD 2024 06 15 03 01 40.000000 2  -2.488461043129E-12  3.742847351496E-11
AR GRAD 2024 06 15 03 01 50.000000 2  -1.182381883374E-11  3.525160718887E-11
AR GRAD 2024 06 15 03 02  0.000000 2  -5.944147517950E-12  1.956473698328E-11
AR GRAD 2024 06 15 03 02 10.000000 2  -4.980561536111E-12  3.171787138490E-11
AR GRAD 2024 06 15 03 02 20.000000 2  -1.031527727818E-11  2.508100498122E-11
AR GRAD 2024 06 15 03 02 30.000000 2  -8.940035343963E-12  3.064413653386E-11
AR GRAD 2024 06 15 03 02 40.000000 2  -8.914481999800E-12  3.273727122721E-11
AR GRAD 2024 06 15 03 02 50.000000 2  -1.277178102860E-11  3.719040353456E-11
AR GRAD 2024 06 15 03 03  0.000000 2  -8.190164692279E-12  2.572353267893E-11
AR GRAD 2024 06 15 03 03 10.000000 2  -1.303905854816E-11  4.623666727266E-11
AR GRAD 2024 06 15 03 03 20.000000 2  -6.291351120624E-12  1.899979652775E-11
AR GRAD 2024 06 15 03 03 30.000000 2  -1.178431571075E-11  4.129293088018E-11
AR GRAD 2024 06 15 03 03 40.000000 2  -5.179306636349E-12  2.393605973150E-11
AR GRAD 2024 06 15 03 03 50.000000 2  -1.073918905192E-11  2.770918910988E-11
AR GRAD 2024 06 15 03 04  0.000000 2  -9.035260387091E-12  3.275232168809E-11
AR GRAD 2024 06 15 03 04 10.000000 2  -6.381754499851E-12  2.647545030432E-11
AR GRAD 2024 06 15 03 04 20.000000 2  -1.161128918709E-11  3.285858043989E-11
AR GRAD 2024 06 15 03 04 30.000000 2  -1.324696342203E-11  3.296170975053E-11
AR GRAD 2024 06 15 03 04 40.000000 2  -8.191729412854E-12  1.797484036614E-11
AR GRAD 2024 06 15 03 04 50.000000 2  -1.104146895442E-11  3.051797356490E-11
