 2.00 C RINEX VERSION / TYPE
 10.00 INTERVAL
 1 AR # / TYPES OF DATA
 END OF HEADER
AR GRAD 2024 06 01 01 05  0.000000 2   2.934934240084E-11  2.637253089521E-11
AR GRAD 2024 06 01 01 05 10.000000 2   3.266237974531E-11  3.666900810773E-11
AR GRAD 2024 06 01 01 05 20.000000 2   2.755806520482E-11  3.401948167614E-11
AR GRAD 2024 06 01 01 05 30.000000 2   3.351696004072E-11  4.379895751638E-11
AR GRAD 2024 06 01 01 05 40.000000 2   3.306446783036E-11  2.011742508690E-11
AR GRAD 2024 06 01 01 05 50.000000 2   2.843557160570E-11  4.294590030818E-11
AR GRAD 2024 06 01 01 06  0.000000 2   3.178679541804E-11  2.861936729270E-11
AR GRAD 2024 06 01 01 06 10.000000 2   2.751398935075E-11  4.440083717361E-11
AR GRAD 2024 06 01 01 06 20.000000 2   3.176466728538E-11  3.418630309393E-11
AR GRAD 2024 06 01 01 06 30.000000 2   3.032728929098E-11  2.942777271864E-11
AR GRAD 2024 06 01 01 06 40.000000 2   3.684365312839E-11  1.037723639657E-11
AR GRAD 2024 06 01 01 06 50.000000 2   3.078332727613E-11  3.482570135049E-11
AR GRAD 2024 06 01 01 07  0.000000 2   3.330651726641E-11  1.858216358563E-11
AR GRAD 2024 06 01 01 07 10.000000 2   3.173263041223E-11  2.293162361389E-11
AR GRAD 2024 06 01 01 07 20.000000 2   3.190381292484E-11  1.776308440615E-11
AR GRAD 2024 06 01 01 07 30.000000 2   2.956771633089E-11  2.389854286688E-11
AR GRAD 2024 06 01 01 07 40.000000 2   3.141191126654E-11  3.042300439349E-11
AR GRAD 2024 06 01 01 07 50.000000 2   3.187749370026E-11  2.505745957948E-11
AR GRAD 2024 06 01 01 08  0.000000 2   3.091627995278E-11  3.433191925195E-11
AR GRAD 2024 06 01 01 08 10.000000 2   3.297247544443E-11  3.486037153388E-11
AR GRAD 2024 06 01 01 08 20.000000 2   3.190123859520E-11  4.327482469590E-11
AR GRAD 2024 06 01 01 08 30.000000 2   3.134836487617E-11  4.779827922352E-11
AR GRAD 2024 06 01 01 08 40.000000 2   3.594479228153E-11  2.367472884401E-11
AR GRAD 2024 06 01 01 08 50.000000 2   3.273086315869E-11  3.558118036318E-11
AR GRAD 2024 06 01 01 09  0.000000 2   3.096454689877E-11  1.808062900788E-11
AR GRAD 2024 06 01 01 09 10.000000 2   3.322743816203E-11  3.651307728392E-11
AR GRAD 2024 06 01 01 09 20.000000 2   3.397295986196E-11  3.532052428312E-11
AR GRAD 2024 06 01 01 09 30.000000 2   3.455904659666E-11  3.815697063869E-11
AR GRAD 2024 06 01 01 09 40.000000 2   3.546440918711E-11  4.255941432607E-11
AR GRAD 2024 06 01 01 09 50.000000 2   3.564684658564E-11  3.305485746230E-11
AR GRAD 2024 06 01 01 10  0.000000 2   3.252856317637E-11  3.065830228577E-11
AR GRAD 2024 06 01 01 10 10.000000 2   3.530368705706E-11  3.336274312371E-11
AR GRAD 2024 06 01 01 10 20.000000 2   3.780487728422E-11  2.811018084969E-11
AR GRAD 2024 06 01 01 10 30.000000 2   3.292159600488E-11  3.582362184673E-11
AR GRAD 2024 06 01 01 10 40.000000 2   3.385915853249E-11  2.563805591438E-11
AR GRAD 2024 06 01 01 10 50.000000 2   3.675072746123E-11  4.033649456114E-11
AR GRAD 2024 06 01 01 11  0.000000 2   3.450651223091E-11  2.079892855167E-11
AR GRAD 2024 06 01 01 11 10.000000 2   3.613404367386E-11  2.837436188785E-11
AR GRAD 2024 06 01 01 11 20.000000 2   3.572243889582E-11  3.239179757752E-11
AR GRAD 2024 06 01 01 11 30.000000 2   3.406737392186E-11  2.762122822131E-11
AR GRAD 2024 06 01 01 11 40.000000 2   3.490315675370E-11  4.153866139944E-11
AR GRAD 2024 06 01 01 11 50.000000 2   3.523521058257E-11  4.662209160400E-11
AR GRAD 2024 06 01 01 12  0.000000 2   3.691301431186E-11  3.394751840746E-11
AR GRAD 2024 06 01 01 12 10.000000 2   3.660124286986E-11  5.165194660872E-11
AR GRAD 2024 06 01 01 12 20.000000 2   3.460578351655E-11  4.739037287593E-11
AR GRAD 2024 06 01 01 12 30.000000 2   3.359497749433E-11  5.316579815284E-11
AR GRAD 2024 06 01 01 12 40.000000 2   3.463733466713E-11  3.928321903879E-11
AR GRAD 2024 06 01 01 12 50.000000 2   3.504914414254E-11  3.516764310318E-11
AR GRAD 2024 06 01 01 13  0.000000 2   3.416342903018E-11  4.529706471024E-11
AR GRAD 2024 06 01 01 13 10.000000 2   3.671528012172E-11  2.905248264184E-11
AR GRAD 2024 06 01 01 13 20.000000 2   3.783405880253E-11  4.853990473452E-11
AR GRAD 2024 06 01 01 13 30.000000 2   3.578113152991E-11  3.530632383675E-11
AR GRAD 2024 06 01 01 13 40.000000 2   3.488243374705E-11  2.534373926000E-11
AR GRAD 2024 06 01 01 13 50.000000 2   3.793627217918E-11  3.887115282430E-11
AR GRAD 2024 06 01 01 14  0.000000 2   3.491767985864E-11  2.909257036665E-11
AR GRAD 2024 06 01 01 14 10.000000 2   3.742885515412E-11  3.866598360935E-11
AR GRAD 2024 06 01 01 14 20.000000 2   3.647939936235E-11  4.222039731716E-11
AR GRAD 2024 06 01 01 14 30.000000 2   3.796226527575E-11  3.681981108894E-11
AR GRAD 2024 06 01 01 14 40.000000 2   3.590937963649E-11  3.792921879353E-11
AR GRAD 2024 06 01 01 14 50.000000 2   3.957533606380E-11  4.970562850204E-11
AR GRAD 2024 06 01 01 15  0.000000 2   3.335369480606E-11  3.324803626858E-11
AR GRAD 2024 06 01 01 15 10.000000 2   3.530025230458E-11  3.643044199642E-11
AR GRAD 2024 06 01 01 15 20.000000 2   3.387465655202E-11  2.887284508701E-11
AR GRAD 2024 06 01 01 15 30.000000 2   3.855983241041E-11  3.160524966739E-11
AR GRAD 2024 06 01 01 15 40.000000 2   4.028379713139E-11  5.270065286944E-11
AR GRAD 2024 06 01 01 15 50.000000 2   3.615375707144E-11  4.392005509279E-11
AR GRAD 2024 06 01 01 16  0.000000 2   3.797068909295E-11  3.360246109141E-11
AR GRAD 2024 06 01 01 16 10.000000 2   3.789981176117E-11  4.474685899591E-11
AR GRAD 2024 06 01 01 16 20.000000 2   3.735909498426E-11  3.459125347272E-11
AR GRAD 2024 06 01 01 16 30.000000 2   3.759544064952E-11  5.697465416121E-11
AR GRAD 2024 06 01 01 16 40.000000 2   3.760354527760E-11  3.766605083388E-11
AR GRAD 2024 06 01 01 16 50.000000 2   3.526107530960E-11  3.729444184031E-11
AR GRAD 2024 06 01 01 17  0.000000 2   4.087141389220E-11  5.852283241348E-11
AR GRAD 2024 06 01 01 17 10.000000 2   3.750815283365E-11  2.937123461111E-11
AR GRAD 2024 06 01 01 17 20.000000 2   3.519842056710E-11  3.391562378163E-11
AR GRAD 2024 06 01 01 17 30.000000 2   3.676157295240E-11  3.831201328408E-11
AR GRAD 2024 06 01 01 17 40.000000 2   3.765434145042E-11  4.969340217098E-11
AR GRAD 2024 06 01 01 17 50.000000 2   3.511889043462E-11  3.385079022644E-11
AR GRAD 2024 06 01 01 18  0.000000 2   3.881957949536E-11  3.670318216020E-11
AR GRAD 2024 06 01 01 18 10.000000 2   3.523380198711E-11  5.450556325726E-11
AR GRAD 2024 06 01 01 18 20.000000 2   3.581514251838E-11  4.105794870757E-11
AR GRAD 2024 06 01 01 18 30.000000 2   3.796129383060E-11  1.607133350012E-11
AR GRAD 2024 06 01 01 18 40.000000 2   3.664956879645E-11  2.322371461805E-11
AR GRAD 2024 06 01 01 18 50.000000 2   4.094813377264E-11  5.286409851535E-11
AR GRAD 2024 06 01 01 19  0.000000 2   3.583201790835E-11  3.714547766598E-11
AR GRAD 2024 06 01 01 19 10.000000 2   3.589788882818E-11  5.486885945594E-11
AR GRAD 2024 06 01 01 19 20.000000 2   3.602331627439E-11  2.824523427647E-11
AR GRAD 2024 06 01 01 19 30.000000 2   3.422735012082E-11  2.260761022832E-11
AR GRAD 2024 06 01 01 19 40.000000 2   3.710556167880E-11  3.840398832278E-11
AR GRAD 2024 06 01 01 19 50.000000 2   3.405028342618E-11  3.491835987024E-11
AR GRAD 2024 06 01 01 20  0.000000 2   3.649174018516E-11  5.156673699158E-11
AR GRAD 2024 06 01 01 20 10.000000 2   3.619787108944E-11  2.764910522757E-11
AR GRAD 2024 06 01 01 20 20.000000 2   3.770718112750E-11  3.650947946743E-11
AR GRAD 2024 06 01 01 20 30.000000 2   3.872588708043E-11  4.901684960701E-11
AR GRAD 2024 06 01 01 20 40.000000 2   3.732256170785E-11  3.433121495422E-11
AR GRAD 2024 06 01 01 20 50.000000 2   3.543981774712E-11  4.560058580738E-11
AR GRAD 2024 06 01 01 21  0.000000 2   3.858508998422E-11  4.082895133095E-11
AR GRAD 2024 06 01 01 21 10.000000 2   3.783208815666E-11  3.780231683237E-11
AR GRAD 2024 06 01 01 21 20.000000 2   3.753144670049E-11  3.709368229243E-11
AR GRAD 2024 06 01 01 21 30.000000 2   3.764947381635E-11  5.841704203702E-11
AR GRAD 2024 06 01 01 21 40.000000 2   3.779612040011E-11  6.634440219422E-11
AR GRAD 2024 06 01 01 21 50.000000 2   3.550071001057E-11  3.476176638206E-11
AR GRAD 2024 06 01 01 22  0.000000 2   3.426922287608E-11  3.398412801170E-11
AR GRAD 2024 06 01 01 22 10.000000 2   3.812493723498E-11  4.612948217853E-11
AR GRAD 2024 06 01 01 22 20.000000 2   3.237829102054E-11  1.728384102506E-11
AR GRAD 2024 06 01 01 22 30.000000 2   3.815923965700E-11  3.407119725241E-11
AR GRAD 2024 06 01 01 22 40.000000 2   3.859285807595E-11  3.222355368648E-11
AR GRAD 2024 06 01 01 22 50.000000 2   3.825090938436E-11  2.977190716180E-11
AR GRAD 2024 06 01 01 23  0.000000 2   3.874185347530E-11  3.905425982609E-11
AR GRAD 2024 06 01 01 23 10.000000 2   3.635595990925E-11  4.994761201860E-11
AR GRAD 2024 06 01 01 23 20.000000 2   3.398105061225E-11  2.864796073976E-11
AR GRAD 2024 06 01 01 23 30.000000 2   3.582134242008E-11  5.521931176200E-11
AR GRAD 2024 06 01 01 23 40.000000 2   3.474103296708E-11  4.371066009146E-11
AR GRAD 2024 06 01 01 23 50.000000 2   3.729994785262E-11  4.245300638805E-11
AR GRAD 2024 06 01 01 24  0.000000 2   3.836455805817E-11  3.001435211480E-11
AR GRAD 2024 06 01 01 24 10.000000 2   3.622740302189E-11  4.953369658889E-11
AR GRAD 2024 06 01 01 24 20.000000 2   3.340620141623E-11  2.975704058161E-11
AR GRAD 2024 06 01 01 24 30.000000 2   3.295531902925E-11  3.167538453752E-11
AR GRAD 2024 06 01 01 24 40.000000 2   3.767518588771E-11  4.962972394162E-11
AR GRAD 2024 06 01 01 24 50.000000 2   3.473335161153E-11  4.081106286247E-11
AR GRAD 2024 06 01 01 25  0.000000 2   3.525186045850E-11  3.100240203446E-11
AR GRAD 2024 06 01 01 25 10.000000 2   3.802021891763E-11  4.472674314249E-11
AR GRAD 2024 06 01 01 25 20.000000 2   3.481444646458E-11  4.022407754101E-11
AR GRAD 2024 06 01 01 25 30.000000 2   3.716640190055E-11  5.105941364159E-11
AR GRAD 2024 06 01 01 25 40.000000 2   3.282367086466E-11  4.240174877879E-11
AR GRAD 2024 06 01 01 25 50.000000 2   3.742895229863E-11  4.672908240910E-11
AR GRAD 2024 06 01 01 26  0.000000 2   3.766323711241E-11  4.970541339633E-11
AR GRAD 2024 06 01 01 26 10.000000 2   3.467452366901E-11  3.512374419090E-11
AR GRAD 2024 06 01 01 26 20.000000 2   3.776110327203E-11  4.377307197267E-11
AR GRAD 2024 06 01 01 26 30.000000 2   3.401524201196E-11  2.463340122161E-11
AR GRAD 2024 06 01 01 26 40.000000 2   3.572517282002E-11  3.708973059235E-11
AR GRAD 2024 06 01 01 26 50.000000 2   3.390043454288E-11  5.162005545234E-11
AR GRAD 2024 06 01 01 27  0.000000 2   3.254291974786E-11  4.651837942626E-11
AR GRAD 2024 06 01 01 27 10.000000 2   3.506485032889E-11  3.412170546113E-11
AR GRAD 2024 06 01 01 27 20.000000 2   3.095533898656E-11  3.266902720567E-11
AR GRAD 2024 06 01 01 27 30.000000 2   3.142595558780E-11  1.980034886051E-11
AR GRAD 2024 06 01 01 27 40.000000 2   3.172834217580E-11  2.739466813118E-11
AR GRAD 2024 06 01 01 27 50.000000 2   3.223206770930E-11  2.364798808163E-11
AR GRAD 2024 06 01 01 28  0.000000 2   3.336920670338E-11  2.100930714122E-11
AR GRAD 2024 06 01 01 28 10.000000 2   3.178489763056E-11  3.490562699993E-11
AR GRAD 2024 06 01 01 28 20.000000 2   3.482849772474E-11  3.296094300276E-11
AR GRAD 2024 06 01 01 28 30.000000 2   3.272148177413E-11  2.488925385236E-11
AR GRAD 2024 06 01 01 28 40.000000 2   3.716013607935E-11  1.134556858184E-11
AR GRAD 2024 06 01 01 28 50.000000 2   3.545885460254E-11  3.561288416942E-11
AR GRAD 2024 06 01 01 29  0.000000 2   3.202319659446E-11  2.052219158499E-11
AR GRAD 2024 06 01 01 29 10.000000 2   2.941140386792E-11  2.473850291285E-11
AR GRAD 2024 06 01 01 29 20.000000 2   3.563952952201E-11  2.605381188570E-11
AR GRAD 2024 06 01 01 29 30.000000 2   2.780275315528E-11  1.905611952957E-11
AR GRAD 2024 06 01 01 29 40.000000 2   3.663431710765E-11  3.204242773891E-11
AR GRAD 2024 06 01 01 29 50.000000 2   3.138968598937E-11  1.875173107069E-11
AR GRAD 2024 06 01 01 30  0.000000 2   3.124514882935E-11  2.544103643032E-11
AR GRAD 2024 06 01 01 30 10.000000 2   2.972880275287E-11  2.029734019748E-11
AR GRAD 2024 06 01 01 30 20.000000 2   2.878024901731E-11  1.309864109539E-11
AR GRAD 2024 06 01 01 30 30.000000 2   3.351899660609E-11  1.649994203767E-11
AR GRAD 2024 06 01 01 30 40.000000 2   3.164675119183E-11  2.774224253099E-11
AR GRAD 2024 06 01 01 30 50.000000 2   3.038541640521E-11  2.345954160099E-11
AR GRAD 2024 06 01 01 31  0.000000 2   3.160238043476E-11  2.881283926726E-11
AR GRAD 2024 06 01 01 31 10.000000 2   2.888718604599E-11  1.825913552300E-11
AR GRAD 2024 06 01 01 31 20.000000 2   2.681270483418E-11  2.545643036644E-11
AR GRAD 2024 06 01 01 31 30.000000 2   2.916529517893E-11  1.889872459915E-11
AR GRAD 2024 06 01 01 31 40.000000 2   3.046017257868E-11  6.148017858698E-12
AR GRAD 2024 06 01 01 31 50.000000 2   3.374057283567E-11  3.587031019436E-11
AR GRAD 2024 06 01 01 32  0.000000 2   3.214364538429E-11  7.335601744096E-12
AR GRAD 2024 06 01 01 32 10.000000 2   2.962984718691E-11  2.859489034446E-11
AR GRAD 2024 06 01 01 32 20.000000 2   2.817226660290E-11  6.482178509237E-12
AR GRAD 2024 06 01 01 32 30.000000 2   2.994380091104E-11  2.934946730093E-11
AR GRAD 2024 06 01 01 32 40.000000 2   2.534442447577E-11  7.494753082038E-12
AR GRAD 2024 06 01 01 32 50.000000 2   3.052882599497E-11  3.469503850884E-11
AR GRAD 2024 06 01 01 33  0.000000 2   3.040680207622E-11  2.014031996733E-11
AR GRAD 2024 06 01 01 33 10.000000 2   2.875561420923E-11  3.889860308859E-11
AR GRAD 2024 06 01 01 33 20.000000 2   2.579517155432E-11  1.985088309009E-11
AR GRAD 2024 06 01 01 33 30.000000 2   2.468835379188E-11  2.312616591282E-11
AR GRAD 2024 06 01 01 33 40.000000 2   2.703452392505E-11  5.229044627852E-11
AR GRAD 2024 06 01 01 33 50.000000 2   2.401853715917E-11  2.878672300533E-11
AR GRAD 2024 06 01 01 34  0.000000 2   2.563832132707E-11  3.048300153963E-11
AR GRAD 2024 06 01 01 34 10.000000 2   2.508854582417E-11  2.874027578426E-11
AR GRAD 2024 06 01 01 34 20.000000 2   2.423532034779E-11  3.221255207020E-11
AR GRAD 2024 06 01 01 34 30.000000 2   1.999177039191E-11  2.424982263605E-11
AR GRAD 2024 06 01 01 34 40.000000 2   2.675523691487E-11  2.346309604939E-11
AR GRAD 2024 06 01 01 34 50.000000 2   2.488081962682E-11  2.544136602778E-11
AR GRAD 2024 06 01 01 35  0.000000 2   2.285820838166E-11  5.352638905026E-12
AR GRAD 2024 06 01 01 35 10.000000 2   2.027931468584E-11  1.578890664045E-11
AR GRAD 2024 06 01 01 35 20.000000 2   2.207002983146E-11  1.605017334316E-11
AR GRAD 2024 06 01 01 35 30.000000 2   1.857251505366E-11  1.337244030786E-11
AR GRAD 2024 06 01 01 35 40.000000 2   2.150238667675E-11  6.101705512379E-12
AR GRAD 2024 06 01 01 35 50.000000 2   2.270221337308E-11  2.074797104956E-11
AR GRAD 2024 06 01 01 36  0.000000 2   1.829573645362E-11  2.884923376578E-11
AR GRAD 2024 06 01 01 36 10.000000 2   2.023234357829E-11  1.116149707381E-11
AR GRAD 2024 06 01 01 36 20.000000 2   1.845573867343E-11  1.279675757720E-11
AR GRAD 2024 06 01 01 36 30.000000 2   2.012657054906E-11  1.975201599502E-11
AR GRAD 2024 06 01 01 36 40.000000 2   2.031099594069E-11  2.164274402056E-12
AR GRAD 2024 06 01 01 36 50.000000 2   1.613989497606E-11  9.172532525192E-12
AR GRAD 2024 06 01 01 37  0.000000 2   1.939060717548E-11  3.680789614074E-12
AR GRAD 2024 06 01 01 37 10.000000 2   1.939991396693E-11  3.163804634942E-11
AR GRAD 2024 06 01 01 37 20.000000 2   1.590948033037E-11  1.033529945654E-11
AR GRAD 2024 06 01 01 37 30.000000 2   1.213782980375E-11  2.264055089241E-11
AR GRAD 2024 06 01 01 37 40.000000 2   1.652198690361E-11  7.761802485462E-12
AR GRAD 2024 06 01 01 37 50.000000 2   1.191804641087E-11  1.477905298142E-11
AR GRAD 2024 06 01 01 38  0.000000 2   1.638696123241E-11  3.433021282615E-13
AR GRAD 2024 06 01 01 38 10.000000 2   1.418952195326E-11  1.489555007117E-11
AR GRAD 2024 06 01 01 38 20.000000 2   1.242542700675E-11  1.227779856949E-11
AR GRAD 2024 06 01 01 38 30.000000 2   1.169335895473E-11  1.379304483129E-11
AR GRAD 2024 06 01 01 38 40.000000 2   1.238536183334E-11  7.164286958822E-12
AR GRAD 2024 06 01 01 38 50.000000 2   1.199166026894E-11  2.067253139504E-11
AR GRAD 2024 06 01 01 39  0.000000 2   1.630150701926E-11  1.065177546861E-11
AR GRAD 2024 06 01 01 39 10.000000 2   1.233775494963E-11  2.906701615513E-11
AR GRAD 2024 06 01 01 39 20.000000 2   1.366231693750E-11  6.159256698418E-12
AR GRAD 2024 06 01 01 39 30.000000 2   9.074642946805E-12  2.407149479744E-11
AR GRAD 2024 06 01 01 39 40.000000 2   9.363732011991E-12  2.116273128960E-11
AR GRAD 2024 06 01 01 39 50.000000 2   1.238550061122E-11 -5.518030043311E-12
AR GRAD 2024 06 01 01 40  0.000000 2   1.404969803692E-11  2.930420836544E-11
AR GRAD 2024 06 01 01 40 10.000000 2   1.127687526692E-11 -8.349560626231E-12
AR GRAD 2024 06 01 01 40 20.000000 2   1.144802568714E-11 -1.349326141271E-12
AR GRAD 2024 06 01 01 40 30.000000 2   9.822967959872E-12  5.871904525112E-12
AR GRAD 2024 06 01 01 40 40.000000 2   1.477543261352E-11  6.332135770587E-12
AR GRAD 2024 06 01 01 40 50.000000 2   9.150423474491E-12 -1.222863303674E-11
AR GRAD 2024 06 01 01 41  0.000000 2   1.343801805942E-11  1.298559437063E-11
AR GRAD 2024 06 01 01 41 10.000000 2   1.013091607133E-11 -4.417177561222E-12
AR GRAD 2024 06 01 01 41 20.000000 2   1.458114011477E-11  1.013404898192E-11
AR GRAD 2024 06 01 01 41 30.000000 2   7.795381527786E-12 -1.029972288014E-11
AR GRAD 2024 06 01 01 41 40.000000 2   9.209189834325E-12  1.155249767376E-11
AR GRAD 2024 06 01 01 41 50.000000 2   1.005450150221E-11  9.417722678096E-12
AR GRAD 2024 06 01 01 42  0.000000 2   9.096392042385E-12 -3.824057390189E-12
AR GRAD 2024 06 01 01 42 10.000000 2   6.533594845703E-12  2.716407217977E-14
AR GRAD 2024 06 01 01 42 20.000000 2   9.992034109840E-12 -1.445161698643E-11
AR GRAD 2024 06 01 01 42 30.000000 2   6.404609481647E-12  4.645602045411E-12
AR GRAD 2024 06 01 01 42 40.000000 2   9.007159601504E-12  1.049281928706E-11
AR GRAD 2024 06 01 01 42 50.000000 2   8.366920871417E-12  1.322303551377E-11
AR GRAD 2024 06 01 01 43  0.000000 2   2.049825153366E-12  5.359249068831E-12
AR GRAD 2024 06 01 01 43 10.000000 2   5.030462157940E-12  1.462346216341E-11
AR GRAD 2024 06 01 01 43 20.000000 2   2.095320444928E-12 -2.439322398587E-12
AR GRAD 2024 06 01 01 43 30.000000 2   4.824887017696E-12  1.704887424812E-12
AR GRAD 2024 06 01 01 43 40.000000 2   3.209499506440E-12  1.109812975975E-14
AR GRAD 2024 06 01 01 43 50.000000 2  -2.497551644665E-12 -1.211269279322E-11
AR GRAD 2024 06 01 01 44  0.000000 2   7.818693067117E-13  6.420516895922E-12
AR GRAD 2024 06 01 01 44 10.000000 2   2.774026884936E-12 -7.764275333777E-12
AR GRAD 2024 06 01 01 44 20.000000 2   1.017356988584E-12 -7.603070950601E-12
AR GRAD 2024 06 01 01 44 30.000000 2  -3.141120393305E-12 -1.354386568175E-11
AR GRAD 2024 06 01 01 44 40.000000 2  -4.285806952387E-12 -1.854866434059E-11
AR GRAD 2024 06 01 01 44 50.000000 2   1.348434818665E-12  2.744253782549E-11
AR GRAD 2024 06 01 01 45  0.000000 2  -2.300533678487E-12 -2.141025898239E-11
AR GRAD 2024 06 01 01 45 10.000000 2  -4.148200012655E-12  4.659939101259E-12
AR GRAD 2024 06 01 01 45 20.000000 2  -1.166162435715E-12 -2.594862909613E-12
AR GRAD 2024 06 01 01 45 30.000000 2  -2.955039858643E-12 -4.391663682018E-12
AR GRAD 2024 06 01 01 45 40.000000 2  -4.840915428933E-12  1.334053267160E-11
AR GRAD 2024 06 01 01 45 50.000000 2  -2.778930514521E-12 -2.229269503370E-12
AR GRAD 2024 06 01 01 46  0.000000 2  -7.808928200251E-13 -3.738077122145E-12
AR GRAD 2024 06 01 01 46 10.000000 2  -3.496784892892E-12 -7.828882507555E-12
AR GRAD 2024 06 01 01 46 20.000000 2  -1.445196393113E-12 -3.682691738366E-12
AR GRAD 2024 06 01 01 46 30.000000 2  -4.796787533151E-12 -2.885502383906E-12
AR GRAD 2024 06 01 01 46 40.000000 2  -4.100491213938E-12  1.519689647560E-12
AR GRAD 2024 06 01 01 46 50.000000 2  -2.516555540344E-12 -7.175122909014E-12
AR GRAD 2024 06 01 01 47  0.000000 2  -3.881270305151E-12  4.180646714230E-13
AR GRAD 2024 06 01 01 47 10.000000 2  -2.442629432053E-12 -5.176748786584E-12
AR GRAD 2024 06 01 01 47 20.000000 2  -4.096654872970E-12  1.274743505197E-11
AR GRAD 2024 06 01 01 47 30.000000 2  -8.563890915858E-12 -5.752379909213E-12
AR GRAD 2024 06 01 01 47 40.000000 2  -6.243587678118E-12 -5.207196219353E-12
AR GRAD 2024 06 01 01 47 50.000000 2  -2.882628163947E-12 -3.868014849390E-12
AR GRAD 2024 06 01 01 48  0.000000 2  -2.251982454682E-12  6.401656548610E-13
AR GRAD 2024 06 01 01 48 10.000000 2  -7.920874026124E-12  8.094344638998E-12
AR GRAD 2024 06 01 01 48 20.000000 2  -7.321027464813E-12 -8.866479599134E-12
AR GRAD 2024 06 01 01 48 30.000000 2  -5.608592149736E-12 -1.617299284946E-12
AR GRAD 2024 06 01 01 48 40.000000 2  -7.186295829242E-12 -1.945412407556E-11
AR GRAD 2024 06 01 01 48 50.000000 2  -5.395931097774E-12 -2.166095254552E-11
AR GRAD 2024 06 01 01 49  0.000000 2  -8.244221277875E-12 -7.995777651093E-12
AR GRAD 2024 06 01 01 49 10.000000 2  -7.238347508182E-12 -3.393060138412E-11
AR GRAD 2024 06 01 01 49 20.000000 2  -7.355283916655E-12 -2.078434646613E-12
AR GRAD 2024 06 01 01 49 30.000000 2  -8.161888699620E-12 -2.679126365202E-11
AR GRAD 2024 06 01 01 49 40.000000 2  -7.543609834015E-12 -1.683109381034E-11
AR GRAD 2024 06 01 01 49 50.000000 2  -9.779840999535E-12 -2.104092594601E-11
AR GRAD 2024 06 01 01 50  0.000000 2  -5.686099594643E-12 -2.709176286086E-11
AR GRAD 2024 06 01 01 50 10.000000 2  -8.080957777934E-12 -1.736159133126E-11
AR GRAD 2024 06 01 01 50 20.000000 2  -9.377726893633E-12 -2.974743021356E-11
AR GRAD 2024 06 01 01 50 30.000000 2  -1.014670205496E-11 -2.638026255775E-11
AR GRAD 2024 06 01 01 50 40.000000 2  -1.028353183857E-11 -5.865102240682E-12
AR GRAD 2024 06 01 01 50 50.000000 2  -8.422458910862E-12 -1.422094126485E-11
AR GRAD 2024 06 01 01 51  0.000000 2  -9.478418917797E-12 -1.029178391815E-11
AR GRAD 2024 06 01 01 51 10.000000 2  -6.560660868737E-12 -8.013622751490E-12
AR GRAD 2024 06 01 01 51 20.000000 2  -9.674466956711E-12 -8.852463033449E-12
AR GRAD 2024 06 01 01 51 30.000000 2  -8.669106231485E-12 -8.014310569349E-12
AR GRAD 2024 06 01 01 51 40.000000 2  -6.234964801399E-12 -2.150815463231E-11
AR GRAD 2024 06 01 01 51 50.000000 2  -1.044638941322E-11 -1.840100120887E-11
AR GRAD 2024 06 01 01 52  0.000000 2  -1.122552484994E-11 -1.609984888462E-11
AR GRAD 2024 06 01 01 52 10.000000 2  -1.151593664178E-11 -2.479669421185E-11
AR GRAD 2024 06 01 01 52 20.000000 2  -9.450370173913E-12 -1.298454573029E-11
AR GRAD 2024 06 01 01 52 30.000000 2  -1.086431639097E-11 -2.784539612777E-11
AR GRAD 2024 06 01 01 52 40.000000 2  -1.393751520445E-11 -1.891624704098E-11
AR GRAD 2024 06 01 01 52 50.000000 2  -1.278646199337E-11 -2.540010042573E-11
AR GRAD 2024 06 01 01 53  0.000000 2  -1.377139288022E-11 -3.299530245381E-13
AR GRAD 2024 06 01 01 53 10.000000 2  -1.266356290663E-11 -3.815281077180E-11
AR GRAD 2024 06 01 01 53 20.000000 2  -1.417699117823E-11 -2.583666787459E-12
AR GRAD 2024 06 01 01 53 30.000000 2  -1.541920584269E-11 -3.740352819137E-11
AR GRAD 2024 06 01 01 53 40.000000 2  -1.336285769538E-11 -3.142738153050E-11
AR GRAD 2024 06 01 01 53 50.000000 2  -1.636424849794E-11 -1.401324108835E-11
AR GRAD 2024 06 01 01 54  0.000000 2  -1.484897274584E-11 -2.330510263937E-11
AR GRAD 2024 06 01 01 54 10.000000 2  -1.863244974976E-11  6.604035894531E-12
AR GRAD 2024 06 01 01 54 20.000000 2  -1.171959924939E-11 -3.403582624073E-11
AR GRAD 2024 06 01 01 54 30.000000 2  -1.787513019547E-11 -2.586469233234E-11
AR GRAD 2024 06 01 01 54 40.000000 2  -1.613833892911E-11 -2.477755500774E-11
AR GRAD 2024 06 01 01 54 50.000000 2  -1.847551799050E-11 -4.021842234248E-11
AR GRAD 2024 06 01 01 55  0.000000 2  -1.503727004026E-11 -3.452028940476E-11
AR GRAD 2024 06 01 01 55 10.000000 2  -1.793621501323E-11 -3.845916293765E-11
AR GRAD 2024 06 01 01 55 20.000000 2  -1.757431873639E-11 -1.834802969281E-11
AR GRAD 2024 06 01 01 55 30.000000 2  -1.610763779303E-11 -5.026689828269E-11
AR GRAD 2024 06 01 01 55 40.000000 2  -1.501151286609E-11 -3.009377122498E-11
AR GRAD 2024 06 01 01 55 50.000000 2  -1.984786640596E-11 -7.702646680208E-12
AR GRAD 2024 06 01 01 56  0.000000 2  -1.812066816043E-11 -3.113452204384E-11
AR GRAD 2024 06 01 01 56 10.000000 2  -1.434155658814E-11 -4.224739308389E-11
AR GRAD 2024 06 01 01 56 20.000000 2  -1.887980743964E-11 -1.756827669452E-11
AR GRAD 2024 06 01 01 56 30.000000 2  -1.309086259532E-11 -1.579615084568E-11
AR GRAD 2024 06 01 01 56 40.000000 2  -1.575027261391E-11 -2.756303171814E-11
AR GRAD 2024 06 01 01 56 50.000000 2  -1.852481015807E-11 -2.258091283402E-11
AR GRAD 2024 06 01 01 57  0.000000 2  -2.055603950946E-11 -2.935479290200E-11
AR GRAD 2024 06 01 01 57 10.000000 2  -1.744355354605E-11 -3.534267323246E-11
AR GRAD 2024 06 01 01 57 20.000000 2  -1.739094285247E-11 -2.799255965913E-11
AR GRAD 2024 06 01 01 57 30.000000 2  -1.853189303402E-11 -2.637944376827E-11
AR GRAD 2024 06 01 01 57 40.000000 2  -1.726285434045E-11 -3.179533025754E-11
AR GRAD 2024 06 01 01 57 50.000000 2  -1.668211228878E-11 -3.661721620363E-11
AR GRAD 2024 06 01 01 58  0.000000 2  -1.950408237694E-11 -1.844010534546E-11
AR GRAD 2024 06 01 01 58 10.000000 2  -1.453964813131E-11 -3.941299717147E-11
AR GRAD 2024 06 01 01 58 20.000000 2  -1.955072041759E-11 -2.385188574427E-11
AR GRAD 2024 06 01 01 58 30.000000 2  -1.333151731370E-11 -3.010277790927E-11
AR GRAD 2024 06 01 01 58 40.000000 2  -1.482323812307E-11 -2.953866665156E-11
AR GRAD 2024 06 01 01 58 50.000000 2  -1.591020544478E-11 -1.984156589030E-11
AR GRAD 2024 06 01 01 59  0.000000 2  -1.614863451294E-11 -4.172946016512E-11
AR GRAD 2024 06 01 01 59 10.000000 2  -1.657955196743E-11 -2.515535696412E-11
AR GRAD 2024 06 01 01 59 20.000000 2  -1.571607427531E-11 -3.134125250992E-11
AR GRAD 2024 06 01 01 59 30.000000 2  -1.971135407675E-11 -2.900915098414E-11
AR GRAD 2024 06 01 01 59 40.000000 2  -2.039229722584E-11 -4.944904902215E-11
AR GRAD 2024 06 01 01 59 50.000000 2  -1.669631446988E-11 -5.196195557167E-11
AR GRAD 2024 06 01 02 00  0.000000 2  -1.791626742798E-11 -4.925886087914E-11
AR GRAD 2024 06 01 02 00 10.000000 2  -1.588373009509E-11 -2.753976213743E-11
AR GRAD 2024 06 01 02 00 20.000000 2  -1.873794001905E-11 -5.549866469168E-11
AR GRAD 2024 06 01 02 00 30.000000 2  -1.651823816617E-11 -4.149457166758E-11
AR GRAD 2024 06 01 02 00 40.000000 2  -1.545732292163E-11 -1.999047628820E-11
AR GRAD 2024 06 01 02 00 50.000000 2  -1.575161008571E-11 -4.824338151188E-11
AR GRAD 2024 06 01 02 01  0.000000 2  -1.763794492404E-11 -2.667529565292E-11
AR GRAD 2024 06 01 02 01 10.000000 2  -1.698966661801E-11 -3.862119998810E-11
AR GRAD 2024 06 01 02 01 20.000000 2  -1.453620643993E-11 -2.894111686413E-11
AR GRAD 2024 06 01 02 01 30.000000 2  -1.708116287302E-11 -3.648702173731E-11
AR GRAD 2024 06 01 02 01 40.000000 2  -1.877396155203E-11 -3.433294273880E-11
AR GRAD 2024 06 01 02 01 50.000000 2  -1.561701636066E-11 -4.057485250564E-11
AR GRAD 2024 06 01 02 02  0.000000 2  -2.089965700502E-11 -3.598576645003E-11
AR GRAD 2024 06 01 02 02 10.000000 2  -1.598810667192E-11 -2.713868713089E-11
AR GRAD 2024 06 01 02 02 20.000000 2  -1.791462117540E-11 -2.954960928725E-11
AR GRAD 2024 06 01 02 02 30.000000 2  -1.921869260957E-11 -2.450252847841E-11
AR GRAD 2024 06 01 02 02 40.000000 2  -2.023014568364E-11 -3.324144084993E-11
AR GRAD 2024 06 01 02 02 50.000000 2  -1.700411166039E-11 -2.718536853963E-11
AR GRAD 2024 06 01 02 03  0.000000 2  -1.424742528816E-11 -5.556329354950E-11
AR GRAD 2024 06 01 02 03 10.000000 2  -1.605468188948E-11 -3.470920773019E-11
AR GRAD 2024 06 01 02 03 20.000000 2  -1.939115534810E-11 -5.147513665316E-11
AR GRAD 2024 06 01 02 03 30.000000 2  -1.263044963756E-11 -4.743506629157E-11
AR GRAD 2024 06 01 02 03 40.000000 2  -1.588021728005E-11 -3.504099788110E-11
AR GRAD 2024 06 01 02 03 50.000000 2  -2.055921058397E-11 -4.708991876989E-11
AR GRAD 2024 06 01 02 04  0.000000 2  -1.945460285924E-11 -4.157885494238E-11
AR GRAD 2024 06 01 02 04 10.000000 2  -1.452109266165E-11 -3.727677541643E-11
AR GRAD 2024 06 01 02 04 20.000000 2  -1.600247885591E-11 -4.035370995692E-11
AR GRAD 2024 06 01 02 04 30.000000 2  -1.668108186303E-11 -5.060465241291E-11
AR GRAD 2024 06 01 02 04 40.000000 2  -1.771352856061E-11 -5.063758440338E-11
AR GRAD 2024 06 01 02 04 50.000000 2  -1.685122874573E-11 -4.562651645390E-11
AR GRAD 2024 06 01 02 05  0.000000 2  -1.631357549048E-11 -3.718944943665E-11
AR GRAD 2024 06 01 02 05 10.000000 2  -1.356356086474E-11 -2.995239126169E-11
AR GRAD 2024 06 01 02 05 20.000000 2  -1.788709458328E-11 -2.381233231430E-11
AR GRAD 2024 06 01 02 05 30.000000 2  -1.545118720470E-11 -5.291626858916E-11
AR GRAD 2024 06 01 02 05 40.000000 2  -1.512544950399E-11 -2.026721498960E-11
AR GRAD 2024 06 01 02 05 50.000000 2  -1.661013687704E-11 -3.526315697777E-11
AR GRAD 2024 06 01 02 06  0.000000 2  -1.315309406530E-11 -2.115409757086E-11
AR GRAD 2024 06 01 02 06 10.000000 2  -1.458572845836E-11 -2.765304478458E-11
AR GRAD 2024 06 01 02 06 20.000000 2  -1.648621864025E-11 -2.835799130241E-11
AR GRAD 2024 06 01 02 06 30.000000 2  -1.678712030495E-11 -1.379993515294E-11
AR GRAD 2024 06 01 02 06 40.000000 2  -1.689793791004E-11 -3.766888190260E-11
AR GRAD 2024 06 01 02 06 50.000000 2  -1.376086831290E-11 -4.473783496439E-11
AR GRAD 2024 06 01 02 07  0.000000 2  -1.376073387183E-11 -3.875078730120E-11
AR GRAD 2024 06 01 02 07 10.000000 2  -1.490904448509E-11 -2.133073578880E-11
AR GRAD 2024 06 01 02 07 20.000000 2  -1.326344849922E-11 -4.156568839120E-11
AR GRAD 2024 06 01 02 07 30.000000 2  -1.305253388012E-11 -4.315643762492E-12
AR GRAD 2024 06 01 02 07 40.000000 2  -1.736935768826E-11 -4.401659939313E-11
AR GRAD 2024 06 01 02 07 50.000000 2  -1.324166297445E-11 -2.617855585085E-11
AR GRAD 2024 06 01 02 08  0.000000 2  -1.319894887830E-11 -5.630151206359E-11
AR GRAD 2024 06 01 02 08 10.000000 2  -1.411985198901E-11 -1.702046836805E-11
AR GRAD 2024 06 01 02 08 20.000000 2  -1.150339198897E-11 -4.663442201847E-11
AR GRAD 2024 06 01 02 08 30.000000 2  -1.374325132864E-11 -4.009338694377E-11
AR GRAD 2024 06 01 02 08 40.000000 2  -1.052176401561E-11 -3.073934856657E-11
AR GRAD 2024 06 01 02 08 50.000000 2  -1.243328877354E-11 -4.709130654867E-11
AR GRAD 2024 06 01 02 09  0.000000 2  -1.241164636345E-11 -4.429328084865E-11
AR GRAD 2024 06 01 02 09 10.000000 2  -1.146215414249E-11 -3.100024056901E-11
AR GRAD 2024 06 01 02 09 20.000000 2  -1.157091696763E-11 -4.116221252737E-11
AR GRAD 2024 06 01 02 09 30.000000 2  -1.086771211217E-11 -4.759617699968E-11
AR GRAD 2024 06 01 02 09 40.000000 2  -1.236950472605E-11 -4.790514165909E-11
AR GRAD 2024 06 01 02 09 50.000000 2  -1.067548480171E-11 -4.779810922062E-11
AR GRAD 2024 06 01 02 10  0.000000 2  -9.514526319587E-12 -2.732608583855E-11
AR GRAD 2024 06 01 02 10 10.000000 2  -1.265954528706E-11 -1.883306011141E-11
AR GRAD 2024 06 01 02 10 20.000000 2  -1.473494069815E-11 -4.077203158426E-11
AR GRAD 2024 06 01 02 10 30.000000 2  -9.226981158295E-12 -3.587700622698E-11
AR GRAD 2024 06 01 02 10 40.000000 2  -9.118566145216E-12 -3.144098176255E-11
AR GRAD 2024 06 01 02 10 50.000000 2  -7.189521547546E-12 -3.675795431923E-11
AR GRAD 2024 06 01 02 11  0.000000 2  -1.153790431252E-11 -1.615093822571E-11
AR GRAD 2024 06 01 02 11 10.000000 2  -9.598686429024E-12 -1.982691961999E-11
AR GRAD 2024 06 01 02 11 20.000000 2  -1.065908472597E-11 -1.839489671696E-11
AR GRAD 2024 06 01 02 11 30.000000 2  -9.276393889146E-12 -4.018787733151E-11
AR GRAD 2024 06 01 02 11 40.000000 2  -7.206682733213E-12 -2.658585851467E-11
AR GRAD 2024 06 01 02 11 50.000000 2  -1.112361244782E-11 -2.387584574493E-11
AR GRAD 2024 06 01 02 12  0.000000 2  -9.388625293871E-12 -7.719830850961E-12
AR GRAD 2024 06 01 02 12 10.000000 2  -3.018407138816E-12 -1.766816619224E-12
AR GRAD 2024 06 01 02 12 20.000000 2  -1.054339515000E-11 -2.519380190580E-11
AR GRAD 2024 06 01 02 12 30.000000 2  -8.584555809266E-12 -3.594979175459E-11
AR GRAD 2024 06 01 02 12 40.000000 2  -7.748972470634E-12 -3.321778269116E-11
AR GRAD 2024 06 01 02 12 50.000000 2  -7.643601897256E-12 -6.353772109141E-12
AR GRAD 2024 06 01 02 13  0.000000 2  -1.128923256960E-11 -2.400576439021E-11
AR GRAD 2024 06 01 02 13 10.000000 2  -8.196979553454E-12 -1.244375522763E-11
AR GRAD 2024 06 01 02 13 20.000000 2  -4.223428464595E-12 -2.568174839457E-11
AR GRAD 2024 06 01 02 13 30.000000 2  -6.494399636126E-12 -2.736574682138E-11
AR GRAD 2024 06 01 02 13 40.000000 2  -3.498859405329E-12 -1.046973965857E-11
AR GRAD 2024 06 01 02 13 50.000000 2  -4.235571095246E-12 -1.487473685891E-11
AR GRAD 2024 06 01 02 14  0.000000 2  -1.026037067808E-11 -2.316673415603E-11
AR GRAD 2024 06 01 02 14 10.000000 2  -9.667659901791E-12 -1.005473742460E-11
AR GRAD 2024 06 01 02 14 20.000000 2  -4.878251014945E-12 -2.995773767944E-11
AR GRAD 2024 06 01 02 14 30.000000 2  -8.836418576019E-12 -3.247393944462E-13
AR GRAD 2024 06 01 02 14 40.000000 2  -5.451571919585E-12 -3.364873657485E-11
AR GRAD 2024 06 01 02 14 50.000000 2  -2.849074491953E-12 -3.900974335225E-11
AR GRAD 2024 06 01 02 15  0.000000 2  -7.821430135502E-12 -2.733675265321E-11
AR GRAD 2024 06 01 02 15 10.000000 2  -3.177173584987E-12 -1.530275905992E-11
AR GRAD 2024 06 01 02 15 20.000000 2  -6.793500224173E-12 -3.422876218573E-11
AR GRAD 2024 06 01 02 15 30.000000 2  -1.904118139204E-12 -3.121877409362E-11
AR GRAD 2024 06 01 02 15 40.000000 2  -7.934384919916E-12 -1.835778404291E-11
AR GRAD 2024 06 01 02 15 50.000000 2  -3.349786377102E-12 -4.061979225201E-11
AR GRAD 2024 06 01 02 16  0.000000 2  -3.746291037804E-12 -2.114380892593E-11
AR GRAD 2024 06 01 02 16 10.000000 2  -4.330398019337E-12 -2.193782308590E-11
AR GRAD 2024 06 01 02 16 20.000000 2  -4.380521986813E-12 -2.477383923005E-11
AR GRAD 2024 06 01 02 16 30.000000 2  -4.198378190240E-12 -1.130085348217E-11
AR GRAD 2024 06 01 02 16 40.000000 2  -2.921528687375E-12 -4.207386522515E-11
AR GRAD 2024 06 01 02 16 50.000000 2  -3.820989531722E-12  9.021118270794E-13
AR GRAD 2024 06 01 02 17  0.000000 2  -2.399618264509E-12 -3.238906755645E-12
AR GRAD 2024 06 01 02 17 10.000000 2  -7.377394702079E-12 -2.299292874153E-11
AR GRAD 2024 06 01 02 17 20.000000 2  -5.805497575728E-12 -1.443394969519E-11
AR GRAD 2024 06 01 02 17 30.000000 2  -2.899086136085E-12  5.718027613899E-12
AR GRAD 2024 06 01 02 17 40.000000 2  -3.651753378853E-12 -1.246399511379E-11
AR GRAD 2024 06 01 02 17 50.000000 2  -3.107045220066E-12 -1.110200324142E-13
AR GRAD 2024 06 01 02 18  0.000000 2  -2.400460472757E-12 -2.548804917124E-11
AR GRAD 2024 06 01 02 18 10.000000 2   4.896882053497E-13 -1.432707338184E-11
AR GRAD 2024 06 01 02 18 20.000000 2  -7.567172582990E-12 -5.625104115142E-12
AR GRAD 2024 06 01 02 18 30.000000 2   4.367500013990E-13 -1.039013059617E-11
AR GRAD 2024 06 01 02 18 40.000000 2  -2.410323676760E-12 -5.370162214219E-12
AR GRAD 2024 06 01 02 18 50.000000 2  -5.953342419734E-12  8.177805654874E-12
AR GRAD 2024 06 01 02 19  0.000000 2  -2.339596398560E-12 -2.112322816661E-11
AR GRAD 2024 06 01 02 19 10.000000 2   3.853127127258E-13 -1.816326256066E-11
AR GRAD 2024 06 01 02 19 20.000000 2  -3.322236583059E-12 -1.920297905064E-12
AR GRAD 2024 06 01 02 19 30.000000 2   1.740123561737E-12 -2.068335737057E-12
AR GRAD 2024 06 01 02 19 40.000000 2  -3.353425610114E-12  4.277628598559E-12
AR GRAD 2024 06 01 02 19 50.000000 2  -4.109002200992E-12 -3.414099515250E-13
AR GRAD 2024 06 01 02 20  0.000000 2  -1.515788471303E-12 -1.521444949193E-11
AR GRAD 2024 06 01 02 20 10.000000 2  -2.459936551333E-13 -7.242492629927E-12
AR GRAD 2024 06 01 02 20 20.000000 2  -3.978098666452E-12 -7.974533360045E-12
AR GRAD 2024 06 01 02 20 30.000000 2   4.089365564924E-12 -5.469579216627E-12
AR GRAD 2024 06 01 02 20 40.000000 2  -3.685329493831E-13 -8.921622121627E-12
AR GRAD 2024 06 01 02 20 50.000000 2   1.015634719880E-13 -3.170266479890E-11
AR GRAD 2024 06 01 02 21  0.000000 2   1.019045308207E-12  3.200285305857E-12
AR GRAD 2024 06 01 02 21 10.000000 2  -2.735799651057E-12 -1.172776285807E-11
AR GRAD 2024 06 01 02 21 20.000000 2   3.286289426349E-13 -1.822481401903E-11
AR GRAD 2024 06 01 02 21 30.000000 2   8.772624011770E-13 -2.503986080982E-11
AR GRAD 2024 06 01 02 21 40.000000 2   4.025845195404E-12 -7.669111656491E-13
AR GRAD 2024 06 01 02 21 50.000000 2   3.676340915720E-12 -1.650996700464E-11
AR GRAD 2024 06 01 02 22  0.000000 2   2.601298300028E-12 -6.970184520706E-13
AR GRAD 2024 06 01 02 22 10.000000 2   3.225934493492E-12 -6.720724779648E-13
AR GRAD 2024 06 01 02 22 20.000000 2  -1.490100686070E-12 -1.452212829156E-11
AR GRAD 2024 06 01 02 22 30.000000 2   4.944860926975E-12  9.024813014957E-12
AR GRAD 2024 06 01 02 22 40.000000 2   3.924004350619E-12  1.229675476028E-11
AR GRAD 2024 06 01 02 22 50.000000 2   9.054459113901E-13  3.572695741680E-12
AR GRAD 2024 06 01 02 23  0.000000 2  -4.762166952010E-14 -1.370036376014E-11
AR GRAD 2024 06 01 02 23 10.000000 2   3.396984516596E-12 -9.607425098535E-12
AR GRAD 2024 06 01 02 23 20.000000 2   1.102521828174E-12  3.598509077524E-12
AR GRAD 2024 06 01 02 23 30.000000 2   2.128010658312E-12 -1.479055419806E-11
AR GRAD 2024 06 01 02 23 40.000000 2  -2.278577933973E-12 -5.664618947521E-12
AR GRAD 2024 06 01 02 23 50.000000 2   3.355234709859E-12 -2.522768799418E-11
AR GRAD 2024 06 01 02 24  0.000000 2   1.347277758107E-12  5.757246675925E-12
AR GRAD 2024 06 01 02 24 10.000000 2   3.097824080589E-12 -1.933982141100E-11
AR GRAD 2024 06 01 02 24 20.000000 2   4.836266803698E-12  1.381410784373E-11
AR GRAD 2024 06 01 02 24 30.000000 2   2.117909797192E-12  1.458803911003E-11
AR GRAD 2024 06 01 02 24 40.000000 2   1.767387560088E-12  2.582966392856E-12
AR GRAD 2024 06 01 02 24 50.000000 2   8.122527823951E-12  9.095891574662E-12
AR GRAD 2024 06 01 02 25  0.000000 2   3.570654785300E-13  5.760818471562E-12
AR GRAD 2024 06 01 02 25 10.000000 2   5.168517523690E-13 -5.795255768326E-12
AR GRAD 2024 06 01 02 25 20.000000 2   5.178233276198E-12  1.311066619852E-11
AR GRAD 2024 06 01 02 25 30.000000 2   2.470705714672E-12  5.035589133173E-12
AR GRAD 2024 06 01 02 25 40.000000 2   3.010304679141E-12  1.412250958538E-11
AR GRAD 2024 06 01 02 25 50.000000 2   1.944848795898E-12  1.760342913104E-11
AR GRAD 2024 06 01 02 26  0.000000 2   7.322115136432E-12 -1.033664993877E-11
AR GRAD 2024 06 01 02 26 10.000000 2   4.456100419215E-12 -1.153473584009E-11
AR GRAD 2024 06 01 02 26 20.000000 2   4.157355449480E-12 -5.454817153527E-12
AR GRAD 2024 06 01 02 26 30.000000 2   5.160111921088E-12  5.913096401411E-12
AR GRAD 2024 06 01 02 26 40.000000 2   3.207542738359E-12  1.617010561908E-12
AR GRAD 2024 06 01 02 26 50.000000 2   4.344620149754E-12  3.670924675347E-12
AR GRAD 2024 06 01 02 27  0.000000 2   6.653756105118E-12 -1.368116297334E-11
AR GRAD 2024 06 01 02 27 10.000000 2   5.123077743280E-12 -4.825333248205E-14
AR GRAD 2024 06 01 02 27 20.000000 2   7.315360123217E-12  1.668065685578E-11
AR GRAD 2024 06 01 02 27 30.000000 2   5.353073453257E-12  5.485564693458E-12
AR GRAD 2024 06 01 02 27 40.000000 2   5.150853268215E-12  1.232347383862E-11
AR GRAD 2024 06 01 02 27 50.000000 2   1.083674296132E-11  2.599137745307E-11
AR GRAD 2024 06 01 02 28  0.000000 2   6.106764399716E-12 -5.277165965496E-13
AR GRAD 2024 06 01 02 28 10.000000 2   2.971087351838E-12  5.476186344666E-12
AR GRAD 2024 06 01 02 28 20.000000 2   6.322034909467E-12  8.150906707395E-13
AR GRAD 2024 06 01 02 28 30.000000 2   7.264460734346E-12 -4.827010752911E-12
AR GRAD 2024 06 01 02 28 40.000000 2   6.378069947188E-12  3.010889454425E-11
AR GRAD 2024 06 01 02 28 50.000000 2   7.504600239849E-12  7.467792009774E-12
AR GRAD 2024 06 01 02 29  0.000000 2   5.469666820163E-12  2.413868931128E-11
AR GRAD 2024 06 01 02 29 10.000000 2   5.161700060430E-12  2.048258611331E-11
AR GRAD 2024 06 01 02 29 20.000000 2   7.451181165130E-12  2.387947999061E-11
AR GRAD 2024 06 01 02 29 30.000000 2   5.939888771817E-12  5.702376938699E-12
AR GRAD 2024 06 01 02 29 40.000000 2   6.468121611231E-12  1.324626953264E-11
AR GRAD 2024 06 01 02 29 50.000000 2   5.142376975631E-12  5.941162058848E-12
AR GRAD 2024 06 01 02 30  0.000000 2   5.863246953924E-12  3.304052344222E-12
AR GRAD 2024 06 01 02 30 10.000000 2   1.057038137575E-11  1.949294198278E-11
AR GRAD 2024 06 01 02 30 20.000000 2   6.211346541274E-12  1.615783201681E-11
AR GRAD 2024 06 01 02 30 30.000000 2   4.998898430614E-12  9.869721359634E-12
AR GRAD 2024 06 01 02 30 40.000000 2   8.069058442250E-12  3.031860873470E-11
AR GRAD 2024 06 01 02 30 50.000000 2   7.480029616536E-12  5.918491391421E-12
AR GRAD 2024 06 01 02 31  0.000000 2   7.433894645692E-12  1.934837533246E-11
AR GRAD 2024 06 01 02 31 10.000000 2   9.624043749434E-12  6.867258931648E-12
AR GRAD 2024 06 01 02 31 20.000000 2   5.979737972145E-12  2.031914220213E-11
AR GRAD 2024 06 01 02 31 30.000000 2   7.250850093954E-12 -1.138979644107E-12
AR GRAD 2024 06 01 02 31 40.000000 2   9.181288541937E-12 -2.085099020527E-12
AR GRAD 2024 06 01 02 31 50.000000 2   1.114977294520E-11  2.667779625681E-12
AR GRAD 2024 06 01 02 32  0.000000 2   8.934463412158E-12  8.405658981359E-12
AR GRAD 2024 06 01 02 32 10.000000 2   7.383962365159E-12  2.107553367936E-11
AR GRAD 2024 06 01 02 32 20.000000 2   5.828207708114E-12  1.505340817276E-11
AR GRAD 2024 06 01 02 32 30.000000 2   1.131326282655E-11 -1.105715779354E-12
AR GRAD 2024 06 01 02 32 40.000000 2   8.032081943998E-12  2.233315615774E-11
AR GRAD 2024 06 01 02 32 50.000000 2   9.683655786963E-12  2.380902593135E-11
AR GRAD 2024 06 01 02 33  0.000000 2   7.746337425674E-12  1.791689713260E-11
AR GRAD 2024 06 01 02 33 10.000000 2   1.170048866822E-11  3.537376641605E-11
AR GRAD 2024 06 01 02 33 20.000000 2   8.918876921726E-12  2.212863572937E-11
AR GRAD 2024 06 01 02 33 30.000000 2   9.725774872960E-12  2.158050300960E-11
AR GRAD 2024 06 01 02 33 40.000000 2   8.838128146005E-12 -6.530630636964E-12
AR GRAD 2024 06 01 02 33 50.000000 2   1.291560348254E-11  3.118523494994E-11
AR GRAD 2024 06 01 02 34  0.000000 2   9.211283645560E-12  4.521409635583E-11
AR GRAD 2024 06 01 02 34 10.000000 2   8.380591359769E-12  1.782795959471E-11
AR GRAD 2024 06 01 02 34 20.000000 2   1.153297249368E-11  2.474182143886E-11
AR GRAD 2024 06 01 02 34 30.000000 2   1.003530071542E-11  2.828468188831E-11
AR GRAD 2024 06 01 02 34 40.000000 2   9.426417112157E-12  9.548541644866E-12
AR GRAD 2024 06 01 02 34 50.000000 2   1.677084686402E-11  3.108740001534E-11
AR GRAD 2024 06 01 02 35  0.000000 2   1.088291436135E-11  1.675125489708E-11
AR GRAD 2024 06 01 02 35 10.000000 2   1.093248234996E-11  2.367810982007E-11
AR GRAD 2024 06 01 02 35 20.000000 2   1.111169316281E-11  1.657996483162E-11
AR GRAD 2024 06 01 02 35 30.000000 2   7.795885464956E-12  2.154781734987E-11
AR GRAD 2024 06 01 02 35 40.000000 2   1.167654341272E-11  2.059967127432E-11
AR GRAD 2024 06 01 02 35 50.000000 2   1.192491591584E-11  1.461152032700E-11
AR GRAD 2024 06 01 02 36  0.000000 2   9.266926635776E-12  4.609837164771E-11
AR GRAD 2024 06 01 02 36 10.000000 2   1.331665680504E-11  2.587521863440E-11
AR GRAD 2024 06 01 02 36 20.000000 2   1.206191396763E-11  5.792067346577E-12
AR GRAD 2024 06 01 02 36 30.000000 2   1.091769296496E-11  3.667691497733E-11
AR GRAD 2024 06 01 02 36 40.000000 2   1.447819381745E-11  1.205875937299E-11
AR GRAD 2024 06 01 02 36 50.000000 2   1.122878959953E-11  5.718760534568E-11
AR GRAD 2024 06 01 02 37  0.000000 2   1.364544588434E-11 -8.355553228478E-12
AR GRAD 2024 06 01 02 37 10.000000 2   1.344847063572E-11  3.712028948111E-11
AR GRAD 2024 06 01 02 37 20.000000 2   1.407823857491E-11  3.454813171655E-11
AR GRAD 2024 06 01 02 37 30.000000 2   1.309627146312E-11  1.608896696426E-11
AR GRAD 2024 06 01 02 37 40.000000 2   1.341253497156E-11  2.902180579190E-11
AR GRAD 2024 06 01 02 37 50.000000 2   1.185315127300E-11  2.233264441431E-11
AR GRAD 2024 06 01 02 38  0.000000 2   1.241640991412E-11 -6.255518238824E-12
AR GRAD 2024 06 01 02 38 10.000000 2   1.523994645758E-11  1.546731319413E-11
AR GRAD 2024 06 01 02 38 20.000000 2   1.483326829421E-11  2.326414755283E-11
AR GRAD 2024 06 01 02 38 30.000000 2   1.380748640423E-11  2.095981157732E-12
AR GRAD 2024 06 01 02 38 40.000000 2   1.491307251300E-11  2.599281206939E-11
AR GRAD 2024 06 01 02 38 50.000000 2   1.675614681729E-11  8.475644665273E-12
AR GRAD 2024 06 01 02 39  0.000000 2   1.626549589462E-11  1.733347146371E-11
AR GRAD 2024 06 01 02 39 10.000000 2   1.440001937136E-11  1.853429909549E-11
AR GRAD 2024 06 01 02 39 20.000000 2   1.210440341709E-11  2.673812560250E-11
AR GRAD 2024 06 01 02 39 30.000000 2   1.409021337107E-11  1.207795495561E-11
AR GRAD 2024 06 01 02 39 40.000000 2   1.386500463052E-11  2.862377522506E-11
AR GRAD 2024 06 01 02 39 50.000000 2   1.459569617945E-11 -6.981400266920E-12
AR GRAD 2024 06 01 02 40  0.000000 2   1.449808242210E-11  3.090842512488E-11
AR GRAD 2024 06 01 02 40 10.000000 2   1.574400852744E-11  1.838524298081E-11
AR GRAD 2024 06 01 02 40 20.000000 2   1.707038503607E-11  1.226506309709E-11
AR GRAD 2024 06 01 02 40 30.000000 2   1.817208189481E-11  2.002388359290E-11
AR GRAD 2024 06 01 02 40 40.000000 2   1.603497890024E-11  2.104170136741E-11
AR GRAD 2024 06 01 02 40 50.000000 2   1.349309813187E-11  1.790551561187E-11
AR GRAD 2024 06 01 02 41  0.000000 2   1.521300099783E-11  1.680433396600E-11
AR GRAD 2024 06 01 02 41 10.000000 2   1.615454818527E-11  1.969814589220E-11
AR GRAD 2024 06 01 02 41 20.000000 2   1.451564129312E-11  1.924196045555E-11
AR GRAD 2024 06 01 02 41 30.000000 2   1.690154266543E-11  2.512277191835E-11
AR GRAD 2024 06 01 02 41 40.000000 2   1.689900823443E-11  1.800158286325E-11
AR GRAD 2024 06 01 02 41 50.000000 2   1.556737204422E-11  1.579939304386E-11
AR GRAD 2024 06 01 02 42  0.000000 2   1.697536382295E-11  2.575720192688E-11
AR GRAD 2024 06 01 02 42 10.000000 2   1.476099104059E-11  4.005100764926E-11
AR GRAD 2024 06 01 02 42 20.000000 2   1.871013760590E-11  1.755581444107E-11
AR GRAD 2024 06 01 02 42 30.000000 2   1.898088977659E-11  6.730620401296E-12
AR GRAD 2024 06 01 02 42 40.000000 2   1.690439455082E-11  1.728242375598E-11
AR GRAD 2024 06 01 02 42 50.000000 2   1.697425880409E-11  2.104522632551E-11
AR GRAD 2024 06 01 02 43  0.000000 2   1.984788201848E-11  4.079802815027E-11
AR GRAD 2024 06 01 02 43 10.000000 2   2.014474177747E-11  3.731829081866E-12
AR GRAD 2024 06 01 02 43 20.000000 2   1.894273106429E-11  2.055762678144E-11
AR GRAD 2024 06 01 02 43 30.000000 2   1.971870583484E-11  2.135142583570E-11
AR GRAD 2024 06 01 02 43 40.000000 2   1.702900494227E-11  2.601322282580E-11
AR GRAD 2024 06 01 02 43 50.000000 2   1.674319710654E-11  1.986201828008E-11
AR GRAD 2024 06 01 02 44  0.000000 2   2.049483152633E-11  2.895081396836E-11
AR GRAD 2024 06 01 02 44 10.000000 2   1.314862975443E-11  4.342260925827E-11
AR GRAD 2024 06 01 02 44 20.000000 2   2.174234230157E-11  6.620399541080E-12
AR GRAD 2024 06 01 02 44 30.000000 2   2.073300212069E-11  1.939519031491E-11
AR GRAD 2024 06 01 02 44 40.000000 2   1.672519241158E-11  2.154598027770E-11
AR GRAD 2024 06 01 02 44 50.000000 2   2.182369909787E-11  3.115077293336E-11
AR GRAD 2024 06 01 02 45  0.000000 2   1.878705871428E-11  2.241855659446E-11
AR GRAD 2024 06 01 02 45 10.000000 2   2.208304546170E-11  2.541634611108E-11
AR GRAD 2024 06 01 02 45 20.000000 2   1.981476267787E-11  2.496612985792E-11
AR GRAD 2024 06 01 02 45 30.000000 2   1.908855365440E-11  3.218391525506E-11
AR GRAD 2024 06 01 02 45 40.000000 2   2.028179187097E-11  2.234269713686E-11
AR GRAD 2024 06 01 02 45 50.000000 2   2.031108094214E-11  3.000948101128E-11
AR GRAD 2024 06 01 02 46  0.000000 2   2.160334931778E-11  1.226926286263E-11
AR GRAD 2024 06 01 02 46 10.000000 2   1.908294529340E-11  3.298704365218E-11
AR GRAD 2024 06 01 02 46 20.000000 2   2.300635723596E-11  2.234081843133E-11
AR GRAD 2024 06 01 02 46 30.000000 2   1.761738671613E-11  2.124459809461E-11
AR GRAD 2024 06 01 02 46 40.000000 2   2.005661782489E-11  4.595337305124E-11
AR GRAD 2024 06 01 02 46 50.000000 2   1.949524396083E-11  3.793414887765E-11
AR GRAD 2024 06 01 02 47  0.000000 2   2.142178968934E-11  2.791592131068E-11
AR GRAD 2024 06 01 02 47 10.000000 2   1.981068954715E-11  3.081369534530E-11
AR GRAD 2024 06 01 02 47 20.000000 2   2.215450045639E-11  2.615846775300E-11
AR GRAD 2024 06 01 02 47 30.000000 2   1.944945246524E-11  5.337323985555E-11
AR GRAD 2024 06 01 02 47 40.000000 2   1.948043115707E-11  4.053100910451E-11
AR GRAD 2024 06 01 02 47 50.000000 2   2.283768833766E-11  3.251877586652E-11
AR GRAD 2024 06 01 02 48  0.000000 2   2.098086634983E-11  2.917554392523E-11
AR GRAD 2024 06 01 02 48 10.000000 2   1.966550707000E-11  3.083530999981E-11
AR GRAD 2024 06 01 02 48 20.000000 2   1.885180726802E-11  3.355807298711E-11
AR GRAD 2024 06 01 02 48 30.000000 2   2.102220481026E-11  3.825784133937E-11
AR GRAD 2024 06 01 02 48 40.000000 2   2.274786956025E-11  2.883659977471E-11
AR GRAD 2024 06 01 02 48 50.000000 2   2.509963764608E-11  3.126236422513E-11
AR GRAD 2024 06 01 02 49  0.000000 2   2.085702097143E-11  1.399112336403E-11
AR GRAD 2024 06 01 02 49 10.000000 2   2.073519307644E-11  3.918588370455E-11
AR GRAD 2024 06 01 02 49 20.000000 2   2.071747114141E-11  3.617963914571E-11
AR GRAD 2024 06 01 02 49 30.000000 2   2.344590320502E-11  1.328339695184E-11
AR GRAD 2024 06 01 02 49 40.000000 2   2.096922982475E-11  2.617315218723E-11
AR GRAD 2024 06 01 02 49 50.000000 2   1.940513548460E-11  3.563790582084E-11
AR GRAD 2024 06 01 02 50  0.000000 2   2.176148324040E-11  4.295165959012E-11
AR GRAD 2024 06 01 02 50 10.000000 2   2.034407017848E-11  4.435741704500E-11
AR GRAD 2024 06 01 02 50 20.000000 2   2.321456048227E-11  4.110716628203E-11
AR GRAD 2024 06 01 02 50 30.000000 2   2.734042332808E-11  4.368391412490E-11
AR GRAD 2024 06 01 02 50 40.000000 2   2.053100398025E-11  3.595966233116E-11
AR GRAD 2024 06 01 02 50 50.000000 2   2.403045297472E-11  3.453341085313E-11
AR GRAD 2024 06 01 02 51  0.000000 2   2.366616451421E-11  3.380615926085E-11
AR GRAD 2024 06 01 02 51 10.000000 2   2.231146344067E-11  3.046690330577E-11
AR GRAD 2024 06 01 02 51 20.000000 2   2.204195680144E-11  3.086064737090E-11
AR GRAD 2024 06 01 02 51 30.000000 2   1.999318072210E-11  3.151139071900E-11
AR GRAD 2024 06 01 02 51 40.000000 2   2.372178842247E-11  4.260313282711E-11
AR GRAD 2024 06 01 02 51 50.000000 2   1.933969824564E-11  2.207987091774E-11
AR GRAD 2024 06 01 02 52  0.000000 2   2.483816798071E-11  2.394161084662E-11
AR GRAD 2024 06 01 02 52 10.000000 2   2.118742334356E-11  3.881535023953E-11
AR GRAD 2024 06 01 02 52 20.000000 2   2.021284181697E-11  3.405608781093E-11
AR GRAD 2024 06 01 02 52 30.000000 2   2.191993114797E-11  1.662582224671E-11
AR GRAD 2024 06 01 02 52 40.000000 2   2.436735535571E-11  4.281855772725E-11
AR GRAD 2024 06 01 02 52 50.000000 2   2.590861900020E-11  5.127429383855E-11
AR GRAD 2024 06 01 02 53  0.000000 2   2.409981068874E-11  2.231102455563E-11
AR GRAD 2024 06 01 02 53 10.000000 2   2.538195348345E-11  3.717075605647E-11
AR GRAD 2024 06 01 02 53 20.000000 2   2.504849626328E-11  5.011249054609E-11
AR GRAD 2024 06 01 02 53 30.000000 2   2.154651457253E-11  4.957321705912E-11
AR GRAD 2024 06 01 02 53 40.000000 2   2.512045953196E-11  4.885194679338E-11
AR GRAD 2024 06 01 02 53 50.000000 2   2.571048582367E-11  4.976367581899E-11
AR GRAD 2024 06 01 02 54  0.000000 2   2.184552365392E-11  4.748539755850E-11
AR GRAD 2024 06 01 02 54 10.000000 2   2.366564583189E-11  2.633312144729E-11
AR GRAD 2024 06 01 02 54 20.000000 2   2.156883699422E-11  5.457584731361E-11
AR GRAD 2024 06 01 02 54 30.000000 2   2.457163292280E-11  3.061056963460E-11
AR GRAD 2024 06 01 02 54 40.000000 2   2.459447055736E-11  4.316229318402E-11
AR GRAD 2024 06 01 02 54 50.000000 2   2.219580422236E-11  4.451501320335E-11
AR GRAD 2024 06 01 02 55  0.000000 2   2.210129995683E-11  2.692672994298E-11
AR GRAD 2024 06 01 02 55 10.000000 2   2.392297644704E-11  4.222944910426E-11
AR GRAD 2024 06 01 02 55 20.000000 2   2.143545757560E-11  3.119016503406E-11
AR GRAD 2024 06 01 02 55 30.000000 2   2.419369912743E-11  5.003988196028E-11
AR GRAD 2024 06 01 02 55 40.000000 2   2.425767225978E-11  4.291659388977E-11
AR GRAD 2024 06 01 02 55 50.000000 2   2.301148334383E-11  1.905230660737E-11
AR GRAD 2024 06 01 02 56  0.000000 2   2.035563731462E-11  2.911501942315E-11
AR GRAD 2024 06 01 02 56 10.000000 2   2.389183122176E-11  5.420073070916E-11
AR GRAD 2024 06 01 02 56 20.000000 2   2.330357608271E-11  2.481343949756E-11
AR GRAD 2024 06 01 02 56 30.000000 2   2.220909393891E-11  4.082914908943E-11
AR GRAD 2024 06 01 02 56 40.000000 2   2.452081419857E-11  3.177985652414E-11
AR GRAD 2024 06 01 02 56 50.000000 2   2.362672037182E-11  4.412956458588E-11
AR GRAD 2024 06 01 02 57  0.000000 2   2.399245385698E-11  4.963126784552E-11
AR GRAD 2024 06 01 02 57 10.000000 2   2.271999081926E-11  2.909097095161E-11
AR GRAD 2024 06 01 02 57 20.000000 2   2.222819844855E-11  5.839067424018E-11
AR GRAD 2024 06 01 02 57 30.000000 2   2.116214668779E-11  2.792237621674E-11
AR GRAD 2024 06 01 02 57 40.000000 2   2.105090234072E-11  3.698907499738E-11
AR GRAD 2024 06 01 02 57 50.000000 2   2.690394781957E-11  4.878477830039E-11
AR GRAD 2024 06 01 02 58  0.000000 2   1.997858128933E-11  3.113547614175E-11
AR GRAD 2024 06 01 02 58 10.000000 2   1.821102990629E-11  2.473017103599E-11
AR GRAD 2024 06 01 02 58 20.000000 2   2.101909098162E-11  4.986286730735E-11
AR GRAD 2024 06 01 02 58 30.000000 2   2.506905794064E-11  5.462856209060E-11
AR GRAD 2024 06 01 02 58 40.000000 2   2.234738956386E-11  5.717325571308E-11
AR GRAD 2024 06 01 02 58 50.000000 2   2.262148975085E-11  4.697595090697E-11
AR GRAD 2024 06 01 02 59  0.000000 2   2.340939421475E-11  3.034063972285E-11
AR GRAD 2024 06 01 02 59 10.000000 2   1.729698849429E-11  4.877533099634E-11
AR GRAD 2024 06 01 02 59 20.000000 2   2.038113948444E-11  4.275801934739E-11
AR GRAD 2024 06 01 02 59 30.000000 2   2.542377419701E-11  4.736570857755E-11
AR GRAD 2024 06 01 02 59 40.000000 2   2.215211868106E-11  5.506439748615E-11
AR GRAD 2024 06 01 02 59 50.000000 2   2.092913863050E-11  3.598108269665E-11
AR GRAD 2024 06 01 03 00  0.000000 2   2.479936395128E-11  4.118376473183E-11
AR GRAD 2024 06 01 03 00 10.000000 2   2.302676799237E-11  3.458944936030E-11
AR GRAD 2024 06 01 03 00 20.000000 2   1.840779265128E-11  4.676913023527E-11
AR GRAD 2024 06 01 03 00 30.000000 2   2.096918125249E-11  4.224881208770E-11
AR GRAD 2024 06 01 03 00 40.000000 2   1.924773361528E-11  4.894149321921E-11
AR GRAD 2024 06 01 03 00 50.000000 2   2.452271719022E-11  2.317817118791E-11
AR GRAD 2024 06 01 03 01  0.000000 2   2.315541508535E-11  4.886584886732E-11
AR GRAD 2024 06 01 03 01 10.000000 2   1.895167356381E-11  3.725852612546E-11
AR GRAD 2024 06 01 03 01 20.000000 2   2.044670335821E-11  6.627619980604E-11
AR GRAD 2024 06 01 03 01 30.000000 2   1.970178360733E-11  2.208187278863E-11
AR GRAD 2024 06 01 03 01 40.000000 2   2.152458593307E-11  5.543254744111E-11
AR GRAD 2024 06 01 03 01 50.000000 2   1.850997480290E-11  3.682621915746E-11
AR GRAD 2024 06 01 03 02  0.000000 2   2.010096256111E-11  2.451488838318E-11
AR GRAD 2024 06 01 03 02 10.000000 2   2.168228617483E-11  3.418255956067E-11
AR GRAD 2024 06 01 03 02 20.000000 2   2.002207948049E-11  3.123522968052E-11
AR GRAD 2024 06 01 03 02 30.000000 2   2.010998312318E-11  3.524489380902E-11
AR GRAD 2024 06 01 03 02 40.000000 2   2.038711387209E-11  4.038856055155E-11
AR GRAD 2024 06 01 03 02 50.000000 2   2.015966560354E-11  4.665522482239E-11
AR GRAD 2024 06 01 03 03  0.000000 2   2.201011074787E-11  2.999689038830E-11
AR GRAD 2024 06 01 03 03 10.000000 2   1.989445067019E-11  5.224354976407E-11
AR GRAD 2024 06 01 03 03 20.000000 2   1.949731001649E-11  4.035021275439E-11
AR GRAD 2024 06 01 03 03 30.000000 2   1.978207354869E-11  1.865087424779E-11
AR GRAD 2024 06 01 03 03 40.000000 2   2.153379731473E-11  1.949553192493E-11
AR GRAD 2024 06 01 03 03 50.000000 2   2.105454526002E-11  4.916919302267E-11
AR GRAD 2024 06 01 03 04  0.000000 2   2.141795248101E-11  5.021684804096E-11
AR GRAD 2024 06 01 03 04 10.000000 2   2.098184299915E-11  3.546550553235E-11
AR GRAD 2024 06 01 03 04 20.000000 2   1.709449422294E-11  3.439315846010E-11
AR GRAD 2024 06 01 03 04 30.000000 2   1.827135838461E-11  3.909581339223E-11
AR GRAD 2024 06 01 03 04 40.000000 2   2.036553564677E-11  3.963846612054E-11
AR GRAD 2024 06 01 03 04 50.000000 2   1.989682724135E-11  4.751911711343E-11
