 2.00 C RINEX VERSION / TYPE
 10.00 INTERVAL
 1 AR # / TYPES OF DATA
 END OF HEADER
AR GRAD 2024 06 28 01 05  0.000000 2  -6.132301697687E-12 -1.467728195925E-11
AR GRAD 2024 06 28 01 05 10.000000 2   3.029316706336E-13  9.316179555227E-13
AR GRAD 2024 06 28 01 05 20.000000 2  -1.402682223844E-12  3.440518703268E-12
AR GRAD 2024 06 28 01 05 30.000000 2   6.747605946211E-13 -1.445058482596E-11
AR GRAD 2024 06 28 01 05 40.000000 2  -3.466586609782E-12  5.558309888742E-12
AR GRAD 2024 06 28 01 05 50.000000 2  -3.237961331351E-12  1.166720366153E-11
AR GRAD 2024 06 28 01 06  0.000000 2  -3.524007041039E-12 -2.123905652046E-12
AR GRAD 2024 06 28 01 06 10.000000 2  -1.324758553724E-12  1.578498443067E-11
AR GRAD 2024 06 28 01 06 20.000000 2  -1.677269326032E-12 -3.306129675584E-12
AR GRAD 2024 06 28 01 06 30.000000 2  -1.960035866250E-12 -1.972425180000E-13
AR GRAD 2024 06 28 01 06 40.000000 2  -8.768759915227E-13  1.211164155079E-11
AR GRAD 2024 06 28 01 06 50.000000 2  -1.860779108923E-12  8.220522353108E-12
AR GRAD 2024 06 28 01 07  0.000000 2   2.304680968637E-12  8.129402533086E-12
AR GRAD 2024 06 28 01 07 10.000000 2   4.693405494978E-13  2.238278789743E-12
AR GRAD 2024 06 28 01 07 20.000000 2  -1.508629918039E-12  1.124715511697E-11
AR GRAD 2024 06 28 01 07 30.000000 2   3.809867785837E-12  3.256030211077E-12
AR GRAD 2024 06 28 01 07 40.000000 2  -3.832745752719E-13  2.649010839243E-13
AR GRAD 2024 06 28 01 07 50.000000 2   1.337482750420E-12  4.973769660022E-12
AR GRAD 2024 06 28 01 08  0.000000 2   1.502373095721E-12  3.082638528121E-12
AR GRAD 2024 06 28 01 08 10.000000 2   4.899247674217E-12  8.915059445877E-13
AR GRAD 2024 06 28 01 08 20.000000 2  -3.647675694482E-13  8.900369156961E-12
AR GRAD 2024 06 28 01 08 30.000000 2   2.043807180788E-12 -4.890767912186E-12
AR GRAD 2024 06 28 01 08 40.000000 2   2.002985884791E-12  1.461809145953E-11
AR GRAD 2024 06 28 01 08 50.000000 2   2.430576139661E-12  8.326951107807E-12
AR GRAD 2024 06 28 01 09  0.000000 2  -1.530852376287E-12 -1.264192635124E-12
AR GRAD 2024 06 28 01 09 10.000000 2   6.372475030297E-12 -1.955338451917E-12
AR GRAD 2024 06 28 01 09 20.000000 2   2.620165586234E-12 -6.746485314846E-12
AR GRAD 2024 06 28 01 09 30.000000 2   2.683398859019E-12  2.746236398010E-11
AR GRAD 2024 06 28 01 09 40.000000 2   1.648448196521E-12 -8.228784841025E-12
AR GRAD 2024 06 28 01 09 50.000000 2   6.246492906259E-12  1.068006100224E-11
AR GRAD 2024 06 28 01 10  0.000000 2   3.634206434053E-12  3.398890544015E-11
AR GRAD 2024 06 28 01 10 10.000000 2   6.224394263898E-12  9.497748074128E-12
AR GRAD 2024 06 28 01 10 20.000000 2   1.005626224654E-11  8.206589921511E-12
AR GRAD 2024 06 28 01 10 30.000000 2   3.498678343566E-12  1.001542772328E-11
AR GRAD 2024 06 28 01 10 40.000000 2   3.788718470898E-12  8.724265233850E-12
AR GRAD 2024 06 28 01 10 50.000000 2   4.606970620963E-12  1.883310001005E-11
AR GRAD 2024 06 28 01 11  0.000000 2   6.750951794116E-12 -8.158066236441E-12
AR GRAD 2024 06 28 01 11 10.000000 2   7.510673506739E-12  1.365076541388E-11
AR GRAD 2024 06 28 01 11 20.000000 2   5.245697539541E-12  3.075959625898E-11
AR GRAD 2024 06 28 01 11 30.000000 2   5.642196779232E-12  9.268422834774E-12
AR GRAD 2024 06 28 01 11 40.000000 2   6.746787156731E-12  9.772463871113E-13
AR GRAD 2024 06 28 01 11 50.000000 2   6.966357612298E-12  3.258607272905E-11
AR GRAD 2024 06 28 01 12  0.000000 2   6.162942118443E-12  6.794892339762E-12
AR GRAD 2024 06 28 01 12 10.000000 2   7.510922439558E-12  3.010371119050E-11
AR GRAD 2024 06 28 01 12 20.000000 2   9.299264483453E-12 -6.087470371535E-12
AR GRAD 2024 06 28 01 12 30.000000 2   8.425135589185E-12  2.012134556195E-11
AR GRAD 2024 06 28 01 12 40.000000 2   5.694315245025E-12  1.623015957741E-11
AR GRAD 2024 06 28 01 12 50.000000 2   5.139244065033E-12  2.233897095083E-11
AR GRAD 2024 06 28 01 13  0.000000 2   9.556026976665E-12  2.444778234023E-11
AR GRAD 2024 06 28 01 13 10.000000 2   7.323029335704E-12 -8.943409381124E-12
AR GRAD 2024 06 28 01 13 20.000000 2   9.077952799197E-12  3.976539930672E-11
AR GRAD 2024 06 28 01 13 30.000000 2   1.245502225661E-11  5.974199867448E-12
AR GRAD 2024 06 28 01 13 40.000000 2   9.055330270347E-12  3.248300239900E-11
AR GRAD 2024 06 28 01 13 50.000000 2   8.093130332565E-12  1.699180206260E-11
AR GRAD 2024 06 28 01 14  0.000000 2   4.732405006064E-12  1.770060140127E-11
AR GRAD 2024 06 28 01 14 10.000000 2   1.142187559811E-11  3.009397201922E-12
AR GRAD 2024 06 28 01 14 20.000000 2   7.268919841041E-12  2.411819181869E-11
AR GRAD 2024 06 28 01 14 30.000000 2   1.448545883936E-11  3.502698478486E-11
AR GRAD 2024 06 28 01 14 40.000000 2   7.758065891095E-12  1.213577589115E-11
AR GRAD 2024 06 28 01 14 50.000000 2   1.478637871866E-11  4.634456707286E-11
AR GRAD 2024 06 28 01 15  0.000000 2   6.750551940354E-12 -1.446649657705E-12
AR GRAD 2024 06 28 01 15 10.000000 2   1.177571148231E-11  2.076213680147E-11
AR GRAD 2024 06 28 01 15 20.000000 2   8.665287237752E-12  1.517092007575E-11
AR GRAD 2024 06 28 01 15 30.000000 2   1.056196276272E-11  1.047969957341E-11
AR GRAD 2024 06 28 01 15 40.000000 2   1.313986940088E-11  1.758847928413E-11
AR GRAD 2024 06 28 01 15 50.000000 2   1.191453186111E-11  1.909725676208E-11
AR GRAD 2024 06 28 01 16  0.000000 2   1.365917448592E-11  3.730603326257E-11
AR GRAD 2024 06 28 01 16 10.000000 2   1.387166857075E-11  2.511480259870E-11
AR GRAD 2024 06 28 01 16 20.000000 2   1.119292766111E-11  2.532357483431E-11
AR GRAD 2024 06 28 01 16 30.000000 2   1.192314996734E-11  2.153234535118E-11
AR GRAD 2024 06 28 01 16 40.000000 2   1.004158648593E-11  2.244111146910E-11
AR GRAD 2024 06 28 01 16 50.000000 2   1.588404928421E-11  2.454987775569E-11
AR GRAD 2024 06 28 01 17  0.000000 2   1.441583311057E-11  3.215864380346E-11
AR GRAD 2024 06 28 01 17 10.000000 2   1.441128553298E-11  2.166740398213E-11
AR GRAD 2024 06 28 01 17 20.000000 2   1.574369454249E-11  4.117616317356E-11
AR GRAD 2024 06 28 01 17 30.000000 2   1.543730247799E-11  2.558492133431E-11
AR GRAD 2024 06 28 01 17 40.000000 2   1.617147041277E-11  4.419367649611E-11
AR GRAD 2024 06 28 01 17 50.000000 2   1.652628381366E-11  1.260243038398E-11
AR GRAD 2024 06 28 01 18  0.000000 2   1.381179198789E-11  3.131118281319E-11
AR GRAD 2024 06 28 01 18 10.000000 2   1.470167043660E-11  2.011993349704E-11
AR GRAD 2024 06 28 01 18 20.000000 2   1.659991068215E-11  3.692867886484E-11
AR GRAD 2024 06 28 01 18 30.000000 2   1.424588832316E-11  2.793742494289E-11
AR GRAD 2024 06 28 01 18 40.000000 2   1.721462555837E-11  2.644617164149E-11
AR GRAD 2024 06 28 01 18 50.000000 2   1.783918499032E-11  3.735491430068E-11
AR GRAD 2024 06 28 01 19  0.000000 2   1.499022260487E-11  2.806365383135E-11
AR GRAD 2024 06 28 01 19 10.000000 2   1.550840185438E-11  3.457239355908E-11
AR GRAD 2024 06 28 01 19 20.000000 2   1.865427777525E-11  1.848112808622E-11
AR GRAD 2024 06 28 01 19 30.000000 2   1.613082237228E-11  1.748986198924E-11
AR GRAD 2024 06 28 01 19 40.000000 2   1.973372680542E-11  3.159859526813E-11
AR GRAD 2024 06 28 01 19 50.000000 2   1.838103280694E-11  2.780732588636E-11
AR GRAD 2024 06 28 01 20  0.000000 2   1.597333203207E-11  4.761605693071E-11
AR GRAD 2024 06 28 01 20 10.000000 2   2.014041017295E-11  4.532478559138E-11
AR GRAD 2024 06 28 01 20 20.000000 2   1.757914647182E-11  2.593350534319E-11
AR GRAD 2024 06 28 01 20 30.000000 2   1.874731966889E-11  4.264223349426E-11
AR GRAD 2024 06 28 01 20 40.000000 2   1.891193451842E-11  1.625094850355E-11
AR GRAD 2024 06 28 01 20 50.000000 2   2.064293527781E-11  2.195967019336E-11
AR GRAD 2024 06 28 01 21  0.000000 2   1.955593152692E-11  4.036838571753E-11
AR GRAD 2024 06 28 01 21 10.000000 2   1.785231164286E-11  4.977710257870E-11
AR GRAD 2024 06 28 01 21 20.000000 2   2.283413909343E-11  2.788581691948E-11
AR GRAD 2024 06 28 01 21 30.000000 2   1.899619350709E-11  2.909452540001E-11
AR GRAD 2024 06 28 01 21 40.000000 2   1.974433463947E-11  1.360323485800E-11
AR GRAD 2024 06 28 01 21 50.000000 2   1.683579838041E-11  4.071194423250E-11
AR GRAD 2024 06 28 01 22  0.000000 2   2.087879695523E-11  3.712064683414E-11
AR GRAD 2024 06 28 01 22 10.000000 2   1.828554668792E-11  3.172935178486E-11
AR GRAD 2024 06 28 01 22 20.000000 2   1.893433326794E-11  2.713805395682E-11
AR GRAD 2024 06 28 01 22 30.000000 2   1.987213692212E-11  4.064675679372E-11
AR GRAD 2024 06 28 01 22 40.000000 2   2.204621034341E-11  3.135545295629E-11
AR GRAD 2024 06 28 01 22 50.000000 2   2.221969656879E-11  4.026414965330E-11
AR GRAD 2024 06 28 01 23  0.000000 2   2.344487624872E-11  3.747284427202E-11
AR GRAD 2024 06 28 01 23 10.000000 2   2.180216944481E-11  2.448153312018E-11
AR GRAD 2024 06 28 01 23 20.000000 2   2.212280011959E-11  2.709022242642E-11
AR GRAD 2024 06 28 01 23 30.000000 2   2.240377848517E-11  4.549891019501E-11
AR GRAD 2024 06 28 01 23 40.000000 2   2.231194395907E-11  4.560760102912E-11
AR GRAD 2024 06 28 01 23 50.000000 2   2.477206287321E-11  8.316281691068E-12
AR GRAD 2024 06 28 01 24  0.000000 2   2.187035968992E-11  4.822496915691E-11
AR GRAD 2024 06 28 01 24 10.000000 2   2.565572407298E-11  3.423364716704E-11
AR GRAD 2024 06 28 01 24 20.000000 2   1.945683718307E-11  3.164232764696E-11
AR GRAD 2024 06 28 01 24 30.000000 2   2.178599488312E-11  2.455100012178E-11
AR GRAD 2024 06 28 01 24 40.000000 2   2.394651837934E-11  5.265967523149E-11
AR GRAD 2024 06 28 01 24 50.000000 2   2.283651046042E-11  2.686834608967E-11
AR GRAD 2024 06 28 01 25  0.000000 2   2.601144126479E-11  2.257701664510E-11
AR GRAD 2024 06 28 01 25 10.000000 2   2.314955345473E-11  4.848568768701E-11
AR GRAD 2024 06 28 01 25 20.000000 2   2.377351267235E-11  1.999435339517E-11
AR GRAD 2024 06 28 01 25 30.000000 2   2.763929536631E-11  3.600301654028E-11
AR GRAD 2024 06 28 01 25 40.000000 2   2.250637870516E-11  3.681168217473E-11
AR GRAD 2024 06 28 01 25 50.000000 2   2.165908771778E-11  3.742034460075E-11
AR GRAD 2024 06 28 01 26  0.000000 2   2.241097585287E-11  3.732900100140E-11
AR GRAD 2024 06 28 01 26 10.000000 2   2.389670752945E-11  1.663765826498E-11
AR GRAD 2024 06 28 01 26 20.000000 2   2.671198505444E-11  5.524631793707E-11
AR GRAD 2024 06 28 01 26 30.000000 2   2.271087137795E-11  2.625496348108E-11
AR GRAD 2024 06 28 01 26 40.000000 2   2.482610471366E-11  5.496362046054E-11
AR GRAD 2024 06 28 01 26 50.000000 2   2.439148535927E-11  2.177226628153E-11
AR GRAD 2024 06 28 01 27  0.000000 2   2.341078893242E-11  4.138091605488E-11
AR GRAD 2024 06 28 01 27 10.000000 2   2.681638244795E-11  3.478956359104E-11
AR GRAD 2024 06 28 01 27 20.000000 2   2.587692386757E-11  4.119820803949E-11
AR GRAD 2024 06 28 01 27 30.000000 2   2.265737424068E-11  3.760684472165E-11
AR GRAD 2024 06 28 01 27 40.000000 2   2.635741278012E-11  3.391548847320E-11
AR GRAD 2024 06 28 01 27 50.000000 2   2.563124192057E-11  3.652412400301E-11
AR GRAD 2024 06 28 01 28  0.000000 2   2.375767985119E-11  2.843275788422E-11
AR GRAD 2024 06 28 01 28 10.000000 2   3.004518855931E-11  4.114139584566E-11
AR GRAD 2024 06 28 01 28 20.000000 2   2.248721521492E-11  3.625002728547E-11
AR GRAD 2024 06 28 01 28 30.000000 2   2.577126359538E-11  3.115865551684E-11
AR GRAD 2024 06 28 01 28 40.000000 2   2.904585079400E-11  2.936728291103E-11
AR GRAD 2024 06 28 01 28 50.000000 2   2.374782488712E-11  4.747590862109E-11
AR GRAD 2024 06 28 01 29  0.000000 2   2.747156668814E-11  2.978453247926E-11
AR GRAD 2024 06 28 01 29 10.000000 2   2.427824954965E-11  3.629315944997E-11
AR GRAD 2024 06 28 01 29 20.000000 2   2.955236749758E-11  3.110177740351E-11
AR GRAD 2024 06 28 01 29 30.000000 2   2.362151099722E-11  2.841039209445E-11
AR GRAD 2024 06 28 01 29 40.000000 2   3.091903469365E-11  3.841901449753E-11
AR GRAD 2024 06 28 01 29 50.000000 2   2.447976890640E-11  3.922762462083E-11
AR GRAD 2024 06 28 01 30  0.000000 2   2.701555992801E-11  2.093623885369E-11
AR GRAD 2024 06 28 01 30 10.000000 2   2.269090471074E-11  5.284485002366E-11
AR GRAD 2024 06 28 01 30 20.000000 2   2.512900131035E-11  3.115345828530E-11
AR GRAD 2024 06 28 01 30 30.000000 2   2.760549254466E-11  2.366206536264E-11
AR GRAD 2024 06 28 01 30 40.000000 2   2.978850846547E-11  3.137066995063E-11
AR GRAD 2024 06 28 01 30 50.000000 2   2.484787722801E-11  4.127927166753E-11
AR GRAD 2024 06 28 01 31  0.000000 2   2.613306793187E-11  4.008787399257E-11
AR GRAD 2024 06 28 01 31 10.000000 2   2.676697231918E-11  3.129647582756E-11
AR GRAD 2024 06 28 01 31 20.000000 2   2.454457991019E-11  5.610507197717E-11
AR GRAD 2024 06 28 01 31 30.000000 2   2.941547699864E-11  2.501366475061E-11
AR GRAD 2024 06 28 01 31 40.000000 2   2.639641283331E-11  3.822225869143E-11
AR GRAD 2024 06 28 01 31 50.000000 2   2.641808473369E-11  4.433085148969E-11
AR GRAD 2024 06 28 01 32  0.000000 2   2.574055378568E-11  4.303944006745E-11
AR GRAD 2024 06 28 01 32 10.000000 2   2.710250773807E-11  2.464802494051E-11
AR GRAD 2024 06 28 01 32 20.000000 2   2.345009429694E-11  2.975661383964E-11
AR GRAD 2024 06 28 01 32 30.000000 2   3.055112413053E-11  3.436519818711E-11
AR GRAD 2024 06 28 01 32 40.000000 2   2.499000312239E-11  2.727377698686E-11
AR GRAD 2024 06 28 01 32 50.000000 2   2.849896707513E-11  3.898235900746E-11
AR GRAD 2024 06 28 01 33  0.000000 2   3.245707175248E-11  3.099093898173E-11
AR GRAD 2024 06 28 01 33 10.000000 2   2.595056114441E-11  3.809950965827E-11
AR GRAD 2024 06 28 01 33 20.000000 2   2.803812043650E-11  2.890808425970E-11
AR GRAD 2024 06 28 01 33 30.000000 2   2.902135476379E-11  4.601665576365E-11
AR GRAD 2024 06 28 01 33 40.000000 2   2.962677672635E-11  2.692522593772E-11
AR GRAD 2024 06 28 01 33 50.000000 2   2.099218021634E-11  3.633379708212E-11
AR GRAD 2024 06 28 01 34  0.000000 2   3.226575603921E-11  3.074236351597E-11
AR GRAD 2024 06 28 01 34 10.000000 2   3.033287857002E-11  2.645092478382E-11
AR GRAD 2024 06 28 01 34 20.000000 2   2.773657518940E-11  3.995948363866E-11
AR GRAD 2024 06 28 01 34 30.000000 2   2.315348954229E-11  3.806804871331E-11
AR GRAD 2024 06 28 01 34 40.000000 2   2.944655977388E-11  2.187660469444E-11
AR GRAD 2024 06 28 01 34 50.000000 2   2.474683825915E-11  3.818516683407E-11
AR GRAD 2024 06 28 01 35  0.000000 2   2.344767782714E-11  2.949371649685E-11
AR GRAD 2024 06 28 01 35 10.000000 2   2.818552335970E-11  2.310227183167E-11
AR GRAD 2024 06 28 01 35 20.000000 2   2.227677764477E-11  3.641082227390E-11
AR GRAD 2024 06 28 01 35 30.000000 2   2.899900285180E-11  2.451936917391E-11
AR GRAD 2024 06 28 01 35 40.000000 2   2.951109495664E-11  3.052791699987E-11
AR GRAD 2024 06 28 01 35 50.000000 2   2.707426123572E-11  1.623645835835E-11
AR GRAD 2024 06 28 01 36  0.000000 2   2.430360947214E-11  3.704500595170E-11
AR GRAD 2024 06 28 01 36 10.000000 2   2.898167643373E-11  2.945354724004E-11
AR GRAD 2024 06 28 01 36 20.000000 2   2.635437527931E-11  3.076208385244E-11
AR GRAD 2024 06 28 01 36 30.000000 2   3.076560881055E-11  2.517061906127E-11
AR GRAD 2024 06 28 01 36 40.000000 2   2.836140697293E-11  4.817915857935E-11
AR GRAD 2024 06 28 01 36 50.000000 2   2.512097301011E-11  2.128769036047E-11
AR GRAD 2024 06 28 01 37  0.000000 2   2.179582729578E-11  2.979622104604E-11
AR GRAD 2024 06 28 01 37 10.000000 2   3.204796844569E-11  3.110475418899E-11
AR GRAD 2024 06 28 01 37 20.000000 2   2.604396906469E-11  2.691327716242E-11
AR GRAD 2024 06 28 01 37 30.000000 2   2.317534185392E-11  3.422180594459E-11
AR GRAD 2024 06 28 01 37 40.000000 2   2.405665770755E-11  4.443033094215E-11
AR GRAD 2024 06 28 01 37 50.000000 2   2.380111385758E-11  2.913885105427E-11
AR GRAD 2024 06 28 01 38  0.000000 2   2.833310148997E-11  2.674736994390E-11
AR GRAD 2024 06 28 01 38 10.000000 2   2.875903334920E-11  3.015588820321E-11
AR GRAD 2024 06 28 01 38 20.000000 2   2.369040207062E-11  2.896440205735E-11
AR GRAD 2024 06 28 01 38 30.000000 2   2.475039617700E-11  3.287291966414E-11
AR GRAD 2024 06 28 01 38 40.000000 2   2.565985618430E-11  2.728142885211E-11
AR GRAD 2024 06 28 01 38 50.000000 2   2.578238317286E-11  2.688993819278E-11
AR GRAD 2024 06 28 01 39  0.000000 2   2.638709736824E-11  5.519844997748E-11
AR GRAD 2024 06 28 01 39 10.000000 2   2.569004037278E-11  2.940695256748E-11
AR GRAD 2024 06 28 01 39 20.000000 2   2.445454255762E-11  4.091545852125E-11
AR GRAD 2024 06 28 01 39 30.000000 2   1.994919854309E-11  3.292396216770E-11
AR GRAD 2024 06 28 01 39 40.000000 2   2.200695181642E-11  3.993246011635E-11
AR GRAD 2024 06 28 01 39 50.000000 2   2.181370535592E-11  3.034095891197E-11
AR GRAD 2024 06 28 01 40  0.000000 2   2.632961383642E-11  3.974945719798E-11
AR GRAD 2024 06 28 01 40 10.000000 2   2.494455857149E-11  2.915795035974E-11
AR GRAD 2024 06 28 01 40 20.000000 2   2.014696395825E-11  3.466644332706E-11
AR GRAD 2024 06 28 01 40 30.000000 2   2.572291685210E-11  3.357493449929E-11
AR GRAD 2024 06 28 01 40 40.000000 2   2.355413954158E-11  2.368342154335E-11
AR GRAD 2024 06 28 01 40 50.000000 2   2.397739992666E-11  3.399190998121E-11
AR GRAD 2024 06 28 01 41  0.000000 2   2.321347281065E-11  2.520039212028E-11
AR GRAD 2024 06 28 01 41 10.000000 2   2.140186292077E-11  2.200887562476E-11
AR GRAD 2024 06 28 01 41 20.000000 2   2.421171943490E-11  4.331735664609E-11
AR GRAD 2024 06 28 01 41 30.000000 2   2.105826624188E-11  3.042583893165E-11
AR GRAD 2024 06 28 01 41 40.000000 2   2.236626509000E-11  2.783431297948E-11
AR GRAD 2024 06 28 01 41 50.000000 2   2.048429655066E-11  2.054278795682E-11
AR GRAD 2024 06 28 01 42  0.000000 2   1.790079716402E-11  2.775126135834E-11
AR GRAD 2024 06 28 01 42 10.000000 2   1.788490015808E-11  3.285973576572E-11
AR GRAD 2024 06 28 01 42 20.000000 2   2.183507367970E-11  2.466820150926E-11
AR GRAD 2024 06 28 01 42 30.000000 2   1.973252637677E-11  1.667667046124E-11
AR GRAD 2024 06 28 01 42 40.000000 2   1.865754946373E-11  3.028513551051E-11
AR GRAD 2024 06 28 01 42 50.000000 2   2.012954386510E-11  2.089359935065E-11
AR GRAD 2024 06 28 01 43  0.000000 2   1.474388493239E-11  2.760206126162E-11
AR GRAD 2024 06 28 01 43 10.000000 2   1.631409590752E-11  2.991052197587E-11
AR GRAD 2024 06 28 01 43 20.000000 2   1.205729700110E-11  2.651897798578E-11
AR GRAD 2024 06 28 01 43 30.000000 2   1.885924923173E-11  2.972743579077E-11
AR GRAD 2024 06 28 01 43 40.000000 2   1.514981369521E-11  3.173589516181E-11
AR GRAD 2024 06 28 01 43 50.000000 2   9.390660991870E-12  2.714433885997E-11
AR GRAD 2024 06 28 01 44  0.000000 2   1.183914945246E-11  2.005279102490E-11
AR GRAD 2024 06 28 01 44 10.000000 2   1.692584440660E-11  2.046123860622E-11
AR GRAD 2024 06 28 01 44 20.000000 2   1.241681236996E-11  2.776968412166E-11
AR GRAD 2024 06 28 01 44 30.000000 2   9.190788755054E-12  1.747813005437E-11
AR GRAD 2024 06 28 01 44 40.000000 2   1.162989062692E-11  3.188657324293E-11
AR GRAD 2024 06 28 01 44 50.000000 2   1.012442213399E-11  2.809501069290E-11
AR GRAD 2024 06 28 01 45  0.000000 2   6.989050397449E-12  3.270345105832E-11
AR GRAD 2024 06 28 01 45 10.000000 2   5.776611394087E-12  2.431188930729E-11
AR GRAD 2024 06 28 01 45 20.000000 2   1.093411212266E-11  2.312032162943E-11
AR GRAD 2024 06 28 01 45 30.000000 2   7.886840486249E-12  2.522875484912E-11
AR GRAD 2024 06 28 01 45 40.000000 2   8.163637300884E-12  3.263718462154E-11
AR GRAD 2024 06 28 01 45 50.000000 2   6.910134790761E-12  3.224561589965E-11
AR GRAD 2024 06 28 01 46  0.000000 2   1.028040846895E-11  1.535404095532E-11
AR GRAD 2024 06 28 01 46 10.000000 2   6.460040835599E-12  3.596246564430E-11
AR GRAD 2024 06 28 01 46 20.000000 2   6.211615423413E-12  3.167089160372E-11
AR GRAD 2024 06 28 01 46 30.000000 2   7.995900816460E-12  1.947931052571E-11
AR GRAD 2024 06 28 01 46 40.000000 2   5.628031461008E-12  1.728772680565E-11
AR GRAD 2024 06 28 01 46 50.000000 2   9.280550286594E-12  4.049615157098E-11
AR GRAD 2024 06 28 01 47  0.000000 2   5.403446787233E-12  2.100456093779E-11
AR GRAD 2024 06 28 01 47 10.000000 2   2.333670366325E-12  2.261297399331E-11
AR GRAD 2024 06 28 01 47 20.000000 2   4.832136427102E-12  3.242138849058E-11
AR GRAD 2024 06 28 01 47 30.000000 2   1.488188803959E-12  3.272979803848E-11
AR GRAD 2024 06 28 01 47 40.000000 2   2.478600441211E-12  2.693820166932E-11
AR GRAD 2024 06 28 01 47 50.000000 2   2.756909067356E-12  3.284661084790E-11
AR GRAD 2024 06 28 01 48  0.000000 2   1.851759414209E-12  1.175501362916E-11
AR GRAD 2024 06 28 01 48 10.000000 2   1.196152335167E-12  2.336341536902E-11
AR GRAD 2024 06 28 01 48 20.000000 2   3.735007528954E-12  1.467181237613E-11
AR GRAD 2024 06 28 01 48 30.000000 2   5.122546484215E-12  2.648021212026E-11
AR GRAD 2024 06 28 01 48 40.000000 2   2.111628797166E-12  2.368860836655E-11
AR GRAD 2024 06 28 01 48 50.000000 2   4.603335507919E-12  8.697003187064E-12
AR GRAD 2024 06 28 01 49  0.000000 2  -1.660373336217E-12  2.050539425758E-11
AR GRAD 2024 06 28 01 49 10.000000 2  -2.983986213505E-13  1.491378374963E-11
AR GRAD 2024 06 28 01 49 20.000000 2  -1.302565152093E-12  1.672217225801E-11
AR GRAD 2024 06 28 01 49 30.000000 2   1.428260504657E-12  3.613056034912E-11
AR GRAD 2024 06 28 01 49 40.000000 2  -5.714093477896E-13  7.238943819377E-12
AR GRAD 2024 06 28 01 49 50.000000 2  -8.449346094747E-14  1.994732330701E-11
AR GRAD 2024 06 28 01 50  0.000000 2   2.003403302628E-12  3.685570945655E-11
AR GRAD 2024 06 28 01 50 10.000000 2  -1.110078486923E-13  2.086408303070E-11
AR GRAD 2024 06 28 01 50 20.000000 2  -2.835383620600E-12  6.272461283013E-12
AR GRAD 2024 06 28 01 50 30.000000 2   4.831647235082E-13  2.398083467914E-11
AR GRAD 2024 06 28 01 50 40.000000 2  -4.238077770669E-12  1.618920622559E-11
AR GRAD 2024 06 28 01 50 50.000000 2   4.207377989843E-13  1.949757889863E-11
AR GRAD 2024 06 28 01 51  0.000000 2  -4.439632689257E-12  1.890594625298E-11
AR GRAD 2024 06 28 01 51 10.000000 2  -4.369536687771E-14  1.611431474369E-11
AR GRAD 2024 06 28 01 51 20.000000 2  -3.342499671141E-12  1.612267958029E-11
AR GRAD 2024 06 28 01 51 30.000000 2  -6.908254350513E-12  1.533104199147E-11
AR GRAD 2024 06 28 01 51 40.000000 2  -5.972073096466E-12  2.633940288099E-11
AR GRAD 2024 06 28 01 51 50.000000 2  -1.678143626664E-12  2.064776474797E-11
AR GRAD 2024 06 28 01 52  0.000000 2  -1.262638171101E-11  9.056120436890E-12
AR GRAD 2024 06 28 01 52 10.000000 2  -1.051642974093E-11  3.376447385572E-11
AR GRAD 2024 06 28 01 52 20.000000 2  -6.262382539618E-12  2.837282839230E-11
AR GRAD 2024 06 28 01 52 30.000000 2  -9.488611285580E-12  2.148117794754E-11
AR GRAD 2024 06 28 01 52 40.000000 2  -1.192350298357E-11  9.089529476314E-12
AR GRAD 2024 06 28 01 52 50.000000 2  -9.669663507406E-12  8.697875752972E-12
AR GRAD 2024 06 28 01 53  0.000000 2  -1.788671988301E-11  2.010622397741E-11
AR GRAD 2024 06 28 01 53 10.000000 2  -1.164219935734E-11  1.481456450569E-11
AR GRAD 2024 06 28 01 53 20.000000 2  -1.525480609887E-11  1.772290647573E-11
AR GRAD 2024 06 28 01 53 30.000000 2  -2.001213084135E-11  6.331246724806E-12
AR GRAD 2024 06 28 01 53 40.000000 2  -1.961276453744E-11  1.453958654862E-11
AR GRAD 2024 06 28 01 53 50.000000 2  -1.908623432911E-11  2.684791972074E-11
AR GRAD 2024 06 28 01 54  0.000000 2  -1.943961137896E-11  1.355625507682E-11
AR GRAD 2024 06 28 01 54 10.000000 2  -2.140482235902E-11  2.946459048969E-11
AR GRAD 2024 06 28 01 54 20.000000 2  -1.621238386595E-11  7.372916513426E-12
AR GRAD 2024 06 28 01 54 30.000000 2  -1.883650353751E-11  9.781245258189E-12
AR GRAD 2024 06 28 01 54 40.000000 2  -2.134011023447E-11  2.168957201343E-11
AR GRAD 2024 06 28 01 54 50.000000 2  -1.902311294599E-11 -2.103948737575E-15
AR GRAD 2024 06 28 01 55  0.000000 2  -2.136458024382E-11  8.506217431814E-12
AR GRAD 2024 06 28 01 55 10.000000 2  -2.312377719860E-11  2.381453714784E-11
AR GRAD 2024 06 28 01 55 20.000000 2  -2.262042116119E-11  8.922858112104E-12
AR GRAD 2024 06 28 01 55 30.000000 2  -2.161594861438E-11  2.033117424416E-11
AR GRAD 2024 06 28 01 55 40.000000 2  -1.978130333147E-11  1.643948692454E-11
AR GRAD 2024 06 28 01 55 50.000000 2  -2.157751755050E-11  1.944780274321E-11
AR GRAD 2024 06 28 01 56  0.000000 2  -2.127556984755E-11 -1.194388685177E-11
AR GRAD 2024 06 28 01 56 10.000000 2  -2.265302181947E-11  6.764420620864E-12
AR GRAD 2024 06 28 01 56 20.000000 2  -2.129589213307E-11  1.247272771177E-11
AR GRAD 2024 06 28 01 56 30.000000 2  -2.421217740189E-11  2.058103167057E-11
AR GRAD 2024 06 28 01 56 40.000000 2  -2.427458754839E-11  1.558933711288E-11
AR GRAD 2024 06 28 01 56 50.000000 2  -2.465409994212E-11  5.197637459320E-12
AR GRAD 2024 06 28 01 57  0.000000 2  -2.013191870154E-11 -7.940645211681E-13
AR GRAD 2024 06 28 01 57 10.000000 2  -2.496774315075E-11  2.751423221203E-11
AR GRAD 2024 06 28 01 57 20.000000 2  -2.641375486390E-11  5.022526665399E-12
AR GRAD 2024 06 28 01 57 30.000000 2  -2.524965132811E-11  1.333082168958E-11
AR GRAD 2024 06 28 01 57 40.000000 2  -2.235778402693E-11  1.239113304151E-12
AR GRAD 2024 06 28 01 57 50.000000 2  -2.491097259028E-11  1.344740291342E-11
AR GRAD 2024 06 28 01 58  0.000000 2  -2.562396822503E-11  1.755568954098E-11
AR GRAD 2024 06 28 01 58 10.000000 2  -2.492115541708E-11 -1.543602225207E-11
AR GRAD 2024 06 28 01 58 20.000000 2  -2.539208079910E-11  1.367226037247E-11
AR GRAD 2024 06 28 01 58 30.000000 2  -2.399648188489E-11  3.180540466413E-12
AR GRAD 2024 06 28 01 58 40.000000 2  -2.444927246770E-11 -4.211178281088E-12
AR GRAD 2024 06 28 01 58 50.000000 2  -2.597808426708E-11  9.597099157044E-12
AR GRAD 2024 06 28 01 59  0.000000 2  -2.737989002188E-11  7.905373404504E-12
AR GRAD 2024 06 28 01 59 10.000000 2  -2.686018248099E-11  2.813649053329E-12
AR GRAD 2024 06 28 01 59 20.000000 2  -2.690303882447E-11  7.521921453757E-12
AR GRAD 2024 06 28 01 59 30.000000 2  -2.906536122893E-11  4.930190370539E-12
AR GRAD 2024 06 28 01 59 40.000000 2  -2.765861151222E-11  2.838458634802E-12
AR GRAD 2024 06 28 01 59 50.000000 2  -2.750602350055E-11  1.144672637926E-11
AR GRAD 2024 06 28 02 00  0.000000 2  -3.056323943929E-11 -4.545010635210E-12
AR GRAD 2024 06 28 02 00 10.000000 2  -2.975807794625E-11  2.463252258417E-12
AR GRAD 2024 06 28 02 00 20.000000 2  -3.026953340757E-11  1.127151236929E-11
AR GRAD 2024 06 28 02 00 30.000000 2  -3.347174273860E-11 -1.220228670711E-12
AR GRAD 2024 06 28 02 00 40.000000 2  -3.096592426921E-11  2.528802861557E-11
AR GRAD 2024 06 28 02 00 50.000000 2  -3.310422769243E-11  1.299628200196E-11
AR GRAD 2024 06 28 02 01  0.000000 2  -3.181622673654E-11  7.104533975011E-12
AR GRAD 2024 06 28 02 01 10.000000 2  -3.411216101257E-11  2.112785424044E-12
AR GRAD 2024 06 28 02 01 20.000000 2  -3.523587671639E-11 -1.647896402668E-11
AR GRAD 2024 06 28 02 01 30.000000 2  -3.420849367664E-11  1.062928217666E-11
AR GRAD 2024 06 28 02 01 40.000000 2  -3.212305074718E-11 -4.662474399619E-12
AR GRAD 2024 06 28 02 01 50.000000 2  -3.638294179820E-11 -2.854231174326E-12
AR GRAD 2024 06 28 02 02  0.000000 2  -3.789248775865E-11  3.635401008006E-11
AR GRAD 2024 06 28 02 02 10.000000 2  -3.376404017486E-11 -4.637748952235E-12
AR GRAD 2024 06 28 02 02 20.000000 2  -3.417136018591E-11 -6.829514384576E-12
AR GRAD 2024 06 28 02 02 30.000000 2  -3.649272203865E-11  2.787221679585E-13
AR GRAD 2024 06 28 02 02 40.000000 2  -3.654413577303E-11  3.158695874306E-11
AR GRAD 2024 06 28 02 02 50.000000 2  -3.252097202644E-11 -1.150481272749E-11
AR GRAD 2024 06 28 02 03  0.000000 2  -3.629393660609E-11 -2.696584275319E-12
AR GRAD 2024 06 28 02 03 10.000000 2  -3.715578539287E-11 -6.088355947870E-12
AR GRAD 2024 06 28 02 03 20.000000 2  -3.696515316065E-11  5.119871106934E-12
AR GRAD 2024 06 28 02 03 30.000000 2  -3.284335650666E-11  1.632809165653E-11
AR GRAD 2024 06 28 02 03 40.000000 2  -3.860319355842E-11 -5.463685927298E-12
AR GRAD 2024 06 28 02 03 50.000000 2  -3.722570168785E-11  3.344534501779E-12
AR GRAD 2024 06 28 02 04  0.000000 2  -3.661199468596E-11  4.652754310303E-12
AR GRAD 2024 06 28 02 04 10.000000 2  -3.917333818437E-11  6.460968045297E-12
AR GRAD 2024 06 28 02 04 20.000000 2  -3.521320041111E-11 -9.308168385375E-13
AR GRAD 2024 06 28 02 04 30.000000 2  -3.403218332143E-11  1.007739551528E-11
AR GRAD 2024 06 28 02 04 40.000000 2  -3.728676395420E-11 -7.014393840071E-12
AR GRAD 2024 06 28 02 04 50.000000 2  -3.480168236925E-11  3.793812052705E-12
AR GRAD 2024 06 28 02 05  0.000000 2  -3.964423928027E-11  3.602018423116E-12
AR GRAD 2024 06 28 02 05 10.000000 2  -3.805109005661E-11  1.010225106693E-12
AR GRAD 2024 06 28 02 05 20.000000 2  -4.159098759837E-11 -9.081575769176E-12
AR GRAD 2024 06 28 02 05 30.000000 2  -3.933902509301E-11  3.026626909167E-12
AR GRAD 2024 06 28 02 05 40.000000 2  -3.759241182233E-11  5.634825505502E-12
AR GRAD 2024 06 28 02 05 50.000000 2  -3.773699755460E-11 -9.656978341988E-12
AR GRAD 2024 06 28 02 06  0.000000 2  -3.768055659159E-11 -4.848784134620E-12
AR GRAD 2024 06 28 02 06 10.000000 2  -3.561495195981E-11 -5.140590644132E-12
AR GRAD 2024 06 28 02 06 20.000000 2  -3.909289558734E-11  6.467598592103E-12
AR GRAD 2024 06 28 02 06 30.000000 2  -3.870730125310E-11 -1.182421001389E-11
AR GRAD 2024 06 28 02 06 40.000000 2  -3.968291320544E-11 -8.416023954128E-12
AR GRAD 2024 06 28 02 06 50.000000 2  -4.007490173041E-11  6.921608468671E-13
AR GRAD 2024 06 28 02 07  0.000000 2  -3.668345835428E-11  3.700344718138E-12
AR GRAD 2024 06 28 02 07 10.000000 2  -4.041284321077E-11  9.008524828880E-12
AR GRAD 2024 06 28 02 07 20.000000 2  -3.675518223112E-11 -7.183296492352E-12
AR GRAD 2024 06 28 02 07 30.000000 2  -3.817025168162E-11 -9.175118130533E-12
AR GRAD 2024 06 28 02 07 40.000000 2  -3.701571341108E-11  5.533054483337E-12
AR GRAD 2024 06 28 02 07 50.000000 2  -3.447429494652E-11 -1.675876971918E-11
AR GRAD 2024 06 28 02 08  0.000000 2  -3.742925414052E-11 -5.059805520532E-14
AR GRAD 2024 06 28 02 08 10.000000 2  -3.990366023721E-11 -1.254242890103E-11
AR GRAD 2024 06 28 02 08 20.000000 2  -3.962625366727E-11  5.065737326143E-12
AR GRAD 2024 06 28 02 08 30.000000 2  -3.911547127866E-11 -4.726096250462E-12
AR GRAD 2024 06 28 02 08 40.000000 2  -3.878724078032E-11  7.582067786116E-12
AR GRAD 2024 06 28 02 08 50.000000 2  -3.995457437123E-11 -3.709770338145E-12
AR GRAD 2024 06 28 02 09  0.000000 2  -3.932372136251E-11 -3.801612236815E-12
AR GRAD 2024 06 28 02 09 10.000000 2  -4.072581855086E-11 -1.779345421005E-11
AR GRAD 2024 06 28 02 09 20.000000 2  -3.880238491627E-11  3.814703761207E-12
AR GRAD 2024 06 28 02 09 30.000000 2  -4.061030331459E-11 -1.077714306685E-11
AR GRAD 2024 06 28 02 09 40.000000 2  -3.933132292078E-11  9.531010529418E-12
AR GRAD 2024 06 28 02 09 50.000000 2  -4.099086695075E-11 -3.860842201497E-12
AR GRAD 2024 06 28 02 10  0.000000 2  -4.273475323613E-11 -1.115269335217E-11
AR GRAD 2024 06 28 02 10 10.000000 2  -3.657306749116E-11  7.055454311067E-12
AR GRAD 2024 06 28 02 10 20.000000 2  -4.071202056033E-11 -2.813640119503E-11
AR GRAD 2024 06 28 02 10 30.000000 2  -4.398160308172E-11 -2.028259938475E-12
AR GRAD 2024 06 28 02 10 40.000000 2  -3.925590755238E-11  3.798816187832E-13
AR GRAD 2024 06 28 02 10 50.000000 2  -4.204528392115E-11 -1.101197952269E-11
AR GRAD 2024 06 28 02 11  0.000000 2  -4.001164677359E-11 -2.570384356748E-11
AR GRAD 2024 06 28 02 11 10.000000 2  -4.281006799056E-11 -1.079570894486E-11
AR GRAD 2024 06 28 02 11 20.000000 2  -3.908749365844E-11 -1.418757646088E-11
AR GRAD 2024 06 28 02 11 30.000000 2  -3.850983767983E-11 -8.579445313905E-12
AR GRAD 2024 06 28 02 11 40.000000 2  -4.322883370711E-11 -1.527131893164E-11
AR GRAD 2024 06 28 02 11 50.000000 2  -4.317560198253E-11 -1.346318802969E-11
AR GRAD 2024 06 28 02 12  0.000000 2  -4.346114787501E-11 -5.155066044177E-12
AR GRAD 2024 06 28 02 12 10.000000 2  -4.089927008177E-11 -1.264694165365E-11
AR GRAD 2024 06 28 02 12 20.000000 2  -4.238932815870E-11 -1.523882062204E-11
AR GRAD 2024 06 28 02 12 30.000000 2  -4.193225627835E-11 -1.443070316021E-11
AR GRAD 2024 06 28 02 12 40.000000 2  -3.999491363094E-11 -2.862258347003E-11
AR GRAD 2024 06 28 02 12 50.000000 2  -4.142872156443E-11 -4.114469182026E-12
AR GRAD 2024 06 28 02 13  0.000000 2  -4.278538287550E-11 -3.806354970798E-12
AR GRAD 2024 06 28 02 13 10.000000 2  -3.973925702394E-11 -1.169824480340E-11
AR GRAD 2024 06 28 02 13 20.000000 2  -3.723465633043E-11 -2.709013569024E-11
AR GRAD 2024 06 28 02 13 30.000000 2  -3.576873519595E-11 -1.098202691979E-11
AR GRAD 2024 06 28 02 13 40.000000 2  -3.705203158177E-11 -2.377392033237E-11
AR GRAD 2024 06 28 02 13 50.000000 2  -3.475012985699E-11 -2.276581874405E-11
AR GRAD 2024 06 28 02 14  0.000000 2  -3.994969285936E-11 -9.757715468961E-12
AR GRAD 2024 06 28 02 14 10.000000 2  -4.002356432387E-11 -3.384961755337E-11
AR GRAD 2024 06 28 02 14 20.000000 2  -3.961434999478E-11  3.958483280747E-12
AR GRAD 2024 06 28 02 14 30.000000 2  -3.853110885910E-11 -2.333342373484E-11
AR GRAD 2024 06 28 02 14 40.000000 2  -4.189507421537E-11 -1.472532686064E-11
AR GRAD 2024 06 28 02 14 50.000000 2  -3.617431701408E-11 -7.717236572002E-12
AR GRAD 2024 06 28 02 15  0.000000 2  -3.959329045178E-11 -3.510914475813E-11
AR GRAD 2024 06 28 02 15 10.000000 2  -3.983544744068E-11 -2.460105730240E-11
AR GRAD 2024 06 28 02 15 20.000000 2  -4.095514552493E-11 -7.292972649398E-12
AR GRAD 2024 06 28 02 15 30.000000 2  -4.034052258906E-11 -2.528488703135E-11
AR GRAD 2024 06 28 02 15 40.000000 2  -4.159730893072E-11 -3.576804217392E-12
AR GRAD 2024 06 28 02 15 50.000000 2  -3.822025682054E-11 -3.156872332988E-11
AR GRAD 2024 06 28 02 16  0.000000 2  -3.919303770417E-11 -8.360645509242E-12
AR GRAD 2024 06 28 02 16 10.000000 2  -3.754386385113E-11 -3.215256880185E-11
AR GRAD 2024 06 28 02 16 20.000000 2  -3.752268634694E-11 -1.004449301512E-11
AR GRAD 2024 06 28 02 16 30.000000 2  -3.999773776076E-11 -2.003642390891E-11
AR GRAD 2024 06 28 02 16 40.000000 2  -3.792252276091E-11 -1.472835221838E-11
AR GRAD 2024 06 28 02 16 50.000000 2  -3.944664733746E-11 -2.522028419438E-11
AR GRAD 2024 06 28 02 17  0.000000 2  -3.726753280975E-11 -1.211221487690E-11
AR GRAD 2024 06 28 02 17 10.000000 2  -4.106341308652E-11 -2.650414956951E-11
AR GRAD 2024 06 28 02 17 20.000000 2  -3.636416862074E-11 -3.579608484627E-11
AR GRAD 2024 06 28 02 17 30.000000 2  -3.779652979485E-11 -1.968802551544E-11
AR GRAD 2024 06 28 02 17 40.000000 2  -4.129170616540E-11 -1.307996679717E-11
AR GRAD 2024 06 28 02 17 50.000000 2  -3.777279877770E-11 -3.767190726034E-11
AR GRAD 2024 06 28 02 18  0.000000 2  -3.861330352684E-11 -2.016385322601E-11
AR GRAD 2024 06 28 02 18 10.000000 2  -3.619751373640E-11 -6.755801213593E-12
AR GRAD 2024 06 28 02 18 20.000000 2  -3.795113528993E-11 -1.454774928994E-11
AR GRAD 2024 06 28 02 18 30.000000 2  -3.596046377341E-11 -3.113969845869E-11
AR GRAD 2024 06 28 02 18 40.000000 2  -3.798018496926E-11 -8.431651210561E-12
AR GRAD 2024 06 28 02 18 50.000000 2  -3.816053723016E-11 -2.082360846256E-11
AR GRAD 2024 06 28 02 19  0.000000 2  -3.634285927756E-11 -3.291555916718E-11
AR GRAD 2024 06 28 02 19 10.000000 2  -3.734242776110E-11 -7.807521122671E-12
AR GRAD 2024 06 28 02 19 20.000000 2  -3.969150008665E-11 -1.319948143841E-11
AR GRAD 2024 06 28 02 19 30.000000 2  -3.529343484132E-11 -2.669144245904E-11
AR GRAD 2024 06 28 02 19 40.000000 2  -4.109239337691E-11 -4.298340502973E-11
AR GRAD 2024 06 28 02 19 50.000000 2  -3.741002993496E-11 -1.067537291205E-11
AR GRAD 2024 06 28 02 20  0.000000 2  -3.556886729594E-11 -2.536734190761E-11
AR GRAD 2024 06 28 02 20 10.000000 2  -3.718498078897E-11 -1.045931050103E-11
AR GRAD 2024 06 28 02 20 20.000000 2  -3.833330874947E-11 -1.675128438738E-11
AR GRAD 2024 06 28 02 20 30.000000 2  -3.460349368156E-11 -2.574325648486E-11
AR GRAD 2024 06 28 02 20 40.000000 2  -3.766923578619E-11 -3.803523121459E-11
AR GRAD 2024 06 28 02 20 50.000000 2  -3.821204463961E-11 -9.727209489274E-12
AR GRAD 2024 06 28 02 21  0.000000 2  -3.487105049160E-11 -2.691919083475E-11
AR GRAD 2024 06 28 02 21 10.000000 2  -3.974119991423E-11 -2.661117159963E-11
AR GRAD 2024 06 28 02 21 20.000000 2  -3.556523825443E-11 -2.710315478993E-11
AR GRAD 2024 06 28 02 21 30.000000 2  -3.601681800025E-11 -1.929513840371E-11
AR GRAD 2024 06 28 02 21 40.000000 2  -3.501397088934E-11 -2.388712665169E-11
AR GRAD 2024 06 28 02 21 50.000000 2  -3.239452456283E-11 -2.347911795542E-11
AR GRAD 2024 06 28 02 22  0.000000 2  -3.469493789487E-11 -3.697110326217E-11
AR GRAD 2024 06 28 02 22 10.000000 2  -3.483248758873E-11 -1.896310018734E-11
AR GRAD 2024 06 28 02 22 20.000000 2  -3.646552157455E-11 -2.915509500490E-11
AR GRAD 2024 06 28 02 22 30.000000 2  -3.421618890997E-11 -2.434709205079E-11
AR GRAD 2024 06 28 02 22 40.000000 2  -3.374172122261E-11 -2.033909152210E-11
AR GRAD 2024 06 28 02 22 50.000000 2  -3.260148054296E-11 -3.233108919476E-11
AR GRAD 2024 06 28 02 23  0.000000 2  -3.692414429768E-11 -1.292309401851E-11
AR GRAD 2024 06 28 02 23 10.000000 2  -3.437969353648E-11 -3.161509595784E-11
AR GRAD 2024 06 28 02 23 20.000000 2  -3.031397702302E-11 -2.330710277554E-11
AR GRAD 2024 06 28 02 23 30.000000 2  -3.539060017266E-11 -3.199911169371E-11
AR GRAD 2024 06 28 02 23 40.000000 2  -3.294600356418E-11 -1.589112522127E-11
AR GRAD 2024 06 28 02 23 50.000000 2  -3.172086898706E-11 -3.988313845849E-11
AR GRAD 2024 06 28 02 24  0.000000 2  -3.228710701575E-11 -2.427515306824E-11
AR GRAD 2024 06 28 02 24 10.000000 2  -3.269105819381E-11 -3.216716823462E-11
AR GRAD 2024 06 28 02 24 20.000000 2  -3.193861841666E-11 -1.885918678168E-11
AR GRAD 2024 06 28 02 24 30.000000 2  -3.504074114202E-11 -1.695120606382E-11
AR GRAD 2024 06 28 02 24 40.000000 2  -3.601278997234E-11 -3.674322651692E-11
AR GRAD 2024 06 28 02 24 50.000000 2  -3.265489614823E-11 -3.563524822447E-11
AR GRAD 2024 06 28 02 25  0.000000 2  -3.333774922787E-11 -2.522727859944E-11
AR GRAD 2024 06 28 02 25 10.000000 2  -3.395736816736E-11 -2.731930653921E-11
AR GRAD 2024 06 28 02 25 20.000000 2  -2.905411675136E-11 -1.361133514927E-11
AR GRAD 2024 06 28 02 25 30.000000 2  -3.261402606314E-11 -3.420336583404E-11
AR GRAD 2024 06 28 02 25 40.000000 2  -3.034025114479E-11 -2.129540120632E-11
AR GRAD 2024 06 28 02 25 50.000000 2  -3.130607231783E-11 -3.268743609119E-11
AR GRAD 2024 06 28 02 26  0.000000 2  -2.786697955726E-11 -3.347947266641E-11
AR GRAD 2024 06 28 02 26 10.000000 2  -3.158961633942E-11 -1.177151431886E-11
AR GRAD 2024 06 28 02 26 20.000000 2  -3.023411035419E-11 -2.646355704017E-11
AR GRAD 2024 06 28 02 26 30.000000 2  -2.971583742961E-11 -3.065559958659E-11
AR GRAD 2024 06 28 02 26 40.000000 2  -3.063918563306E-11 -3.104764015327E-11
AR GRAD 2024 06 28 02 26 50.000000 2  -2.929231163185E-11 -3.873969200985E-11
AR GRAD 2024 06 28 02 27  0.000000 2  -2.948935540203E-11 -1.543173921981E-11
AR GRAD 2024 06 28 02 27 10.000000 2  -2.845868159185E-11 -2.872379070706E-11
AR GRAD 2024 06 28 02 27 20.000000 2  -2.931674347728E-11 -3.461584144326E-11
AR GRAD 2024 06 28 02 27 30.000000 2  -2.863513072493E-11 -3.720789995554E-11
AR GRAD 2024 06 28 02 27 40.000000 2  -2.923654721099E-11 -2.959995443197E-11
AR GRAD 2024 06 28 02 27 50.000000 2  -2.798956552641E-11 -2.399201497194E-11
AR GRAD 2024 06 28 02 28  0.000000 2  -2.930917314403E-11 -2.438407809002E-11
AR GRAD 2024 06 28 02 28 10.000000 2  -2.942333182654E-11 -2.077613948936E-11
AR GRAD 2024 06 28 02 28 20.000000 2  -2.622236282279E-11 -3.586820077062E-11
AR GRAD 2024 06 28 02 28 30.000000 2  -3.100430676084E-11 -3.136026854866E-11
AR GRAD 2024 06 28 02 28 40.000000 2  -2.844710578209E-11 -3.065233483701E-11
AR GRAD 2024 06 28 02 28 50.000000 2  -2.520994697719E-11 -2.234441104365E-11
AR GRAD 2024 06 28 02 29  0.000000 2  -2.625710586457E-11 -1.173648071090E-11
AR GRAD 2024 06 28 02 29 10.000000 2  -2.969665832686E-11 -2.102855736763E-11
AR GRAD 2024 06 28 02 29 20.000000 2  -2.457608075379E-11 -2.992062847484E-11
AR GRAD 2024 06 28 02 29 30.000000 2  -2.686485062187E-11 -1.801271111435E-11
AR GRAD 2024 06 28 02 29 40.000000 2  -2.585921754505E-11 -2.960479084102E-11
AR GRAD 2024 06 28 02 29 50.000000 2  -2.594596759664E-11 -2.709687162150E-11
AR GRAD 2024 06 28 02 30  0.000000 2  -2.826632504449E-11 -3.678895729720E-11
AR GRAD 2024 06 28 02 30 10.000000 2  -2.531926231175E-11 -2.718104387400E-11
AR GRAD 2024 06 28 02 30 20.000000 2  -2.575764428137E-11 -1.837312940678E-11
AR GRAD 2024 06 28 02 30 30.000000 2  -2.842832046157E-11 -8.865219322529E-12
AR GRAD 2024 06 28 02 30 40.000000 2  -2.562673163953E-11 -3.045731028495E-11
AR GRAD 2024 06 28 02 30 50.000000 2  -2.462580833695E-11 -2.764940533473E-11
AR GRAD 2024 06 28 02 31  0.000000 2  -2.365588801234E-11 -8.941500317938E-12
AR GRAD 2024 06 28 02 31 10.000000 2  -2.295283234310E-11 -3.263359721339E-11
AR GRAD 2024 06 28 02 31 20.000000 2  -2.398594170505E-11 -2.612569882654E-11
AR GRAD 2024 06 28 02 31 30.000000 2  -2.423235917481E-11 -3.181779839601E-11
AR GRAD 2024 06 28 02 31 40.000000 2  -2.550594457862E-11 -3.340989984668E-11
AR GRAD 2024 06 28 02 31 50.000000 2  -2.338823232306E-11 -1.450200636660E-11
AR GRAD 2024 06 28 02 32  0.000000 2  -1.813919327243E-11 -1.879411556938E-11
AR GRAD 2024 06 28 02 32 10.000000 2  -2.693250483743E-11 -1.948622339876E-11
AR GRAD 2024 06 28 02 32 20.000000 2  -2.296518357425E-11 -1.487833641012E-11
AR GRAD 2024 06 28 02 32 30.000000 2  -2.295661577500E-11 -1.897044847599E-11
AR GRAD 2024 06 28 02 32 40.000000 2  -2.239842165908E-11 -1.746256264590E-11
AR GRAD 2024 06 28 02 32 50.000000 2  -1.955719960978E-11 -2.655468206436E-11
AR GRAD 2024 06 28 02 33  0.000000 2  -2.418264893889E-11 -1.944680007304E-11
AR GRAD 2024 06 28 02 33 10.000000 2  -1.492557639982E-11 -2.123892034467E-11
AR GRAD 2024 06 28 02 33 20.000000 2  -2.036431787089E-11 -1.793104380254E-11
AR GRAD 2024 06 28 02 33 30.000000 2  -1.928825849040E-11 -3.162316589145E-11
AR GRAD 2024 06 28 02 33 40.000000 2  -1.993988481275E-11 -3.251529254178E-11
AR GRAD 2024 06 28 02 33 50.000000 2  -1.808165596417E-11 -2.060742201881E-11
AR GRAD 2024 06 28 02 34  0.000000 2  -2.243831509485E-11 -1.539955316043E-11
AR GRAD 2024 06 28 02 34 10.000000 2  -2.000089156795E-11 -2.619168423812E-11
AR GRAD 2024 06 28 02 34 20.000000 2  -1.607846494833E-11 -1.198382018619E-11
AR GRAD 2024 06 28 02 34 30.000000 2  -1.913461750158E-11 -2.297595447232E-11
AR GRAD 2024 06 28 02 34 40.000000 2  -1.898822245272E-11 -2.936809476162E-11
AR GRAD 2024 06 28 02 34 50.000000 2  -1.801893703690E-11 -2.946023286432E-11
AR GRAD 2024 06 28 02 35  0.000000 2  -1.697466819883E-11 -1.925237573530E-11
AR GRAD 2024 06 28 02 35 10.000000 2  -2.000273037484E-11 -2.474451893386E-11
AR GRAD 2024 06 28 02 35 20.000000 2  -1.811295731458E-11 -2.423666475848E-11
AR GRAD 2024 06 28 02 35 30.000000 2  -1.645353991941E-11 -1.302881413867E-11
AR GRAD 2024 06 28 02 35 40.000000 2  -1.559825879571E-11 -1.512096524381E-11
AR GRAD 2024 06 28 02 35 50.000000 2  -1.782118549953E-11 -2.791311452810E-11
AR GRAD 2024 06 28 02 36  0.000000 2  -1.552242709368E-11 -1.310526947379E-11
AR GRAD 2024 06 28 02 36 10.000000 2  -1.440796787433E-11 -9.797423289326E-12
AR GRAD 2024 06 28 02 36 20.000000 2  -1.619688931587E-11 -2.188958216076E-11
AR GRAD 2024 06 28 02 36 30.000000 2  -1.564976967461E-11 -1.528174288501E-11
AR GRAD 2024 06 28 02 36 40.000000 2  -1.525657551682E-11 -4.773904795780E-12
AR GRAD 2024 06 28 02 36 50.000000 2  -1.608123009755E-11 -2.956606487414E-11
AR GRAD 2024 06 28 02 37  0.000000 2  -1.129622090312E-11 -1.535823378196E-11
AR GRAD 2024 06 28 02 37 10.000000 2  -1.301311489121E-11 -3.035039580768E-11
AR GRAD 2024 06 28 02 37 20.000000 2  -1.126190633804E-11 -2.834256787598E-11
AR GRAD 2024 06 28 02 37 30.000000 2  -1.506730330780E-11  1.965261287040E-12
AR GRAD 2024 06 28 02 37 40.000000 2  -1.341143168743E-11 -1.942691320311E-11
AR GRAD 2024 06 28 02 37 50.000000 2  -1.087738579764E-11 -3.441908563717E-11
AR GRAD 2024 06 28 02 38  0.000000 2  -1.496347143415E-11 -1.101126221453E-11
AR GRAD 2024 06 28 02 38 10.000000 2  -1.336333647906E-11 -1.670344418336E-11
AR GRAD 2024 06 28 02 38 20.000000 2  -1.201768372316E-11 -8.195622999696E-12
AR GRAD 2024 06 28 02 38 30.000000 2  -1.203774580016E-11 -3.598780301539E-11
AR GRAD 2024 06 28 02 38 40.000000 2  -9.923126556566E-12  5.920009274463E-12
AR GRAD 2024 06 28 02 38 50.000000 2  -1.216338401527E-11 -1.787217943083E-11
AR GRAD 2024 06 28 02 39  0.000000 2  -1.176139827891E-11 -1.616436672014E-11
AR GRAD 2024 06 28 02 39 10.000000 2  -1.286512389675E-11 -7.056555860474E-12
AR GRAD 2024 06 28 02 39 20.000000 2  -9.201954302707E-12 -1.294874797664E-11
AR GRAD 2024 06 28 02 39 30.000000 2  -8.166311377122E-12 -1.414094449176E-11
AR GRAD 2024 06 28 02 39 40.000000 2  -1.399472291524E-11 -1.373313789077E-11
AR GRAD 2024 06 28 02 39 50.000000 2  -1.142771294260E-11 -9.125336770943E-12
AR GRAD 2024 06 28 02 40  0.000000 2  -4.533201505147E-12 -3.517539341399E-12
AR GRAD 2024 06 28 02 40 10.000000 2  -8.137055265700E-12 -1.280973938034E-11
AR GRAD 2024 06 28 02 40 20.000000 2  -8.630218935324E-12 -2.801944440356E-12
AR GRAD 2024 06 28 02 40 30.000000 2  -7.645942906587E-12 -1.039414821574E-11
AR GRAD 2024 06 28 02 40 40.000000 2  -8.316114290252E-12  5.136435439305E-13
AR GRAD 2024 06 28 02 40 50.000000 2  -8.100698063729E-12 -2.317856843959E-11
AR GRAD 2024 06 28 02 41  0.000000 2  -7.778912930467E-12 -2.170778530888E-12
AR GRAD 2024 06 28 02 41 10.000000 2  -6.428908620737E-12 -7.862993242624E-12
AR GRAD 2024 06 28 02 41 20.000000 2  -6.919761638691E-12 -6.655206767625E-12
AR GRAD 2024 06 28 02 41 30.000000 2  -6.638914678420E-12 -2.444742672192E-11
AR GRAD 2024 06 28 02 41 40.000000 2  -5.115582003140E-12 -2.839645402500E-12
AR GRAD 2024 06 28 02 41 50.000000 2  -5.168957276092E-12 -4.331867330121E-12
AR GRAD 2024 06 28 02 42  0.000000 2  -6.360185381832E-12 -2.062409097670E-11
AR GRAD 2024 06 28 02 42 10.000000 2  -6.868472370719E-12  9.383684801412E-12
AR GRAD 2024 06 28 02 42 20.000000 2  -2.696216730783E-12 -6.708542575617E-12
AR GRAD 2024 06 28 02 42 30.000000 2  -5.390240337411E-12 -1.200077190400E-11
AR GRAD 2024 06 28 02 42 40.000000 2  -5.952007116339E-12 -3.009300100776E-11
AR GRAD 2024 06 28 02 42 50.000000 2  -3.607776187173E-12  2.541476404327E-11
AR GRAD 2024 06 28 02 43  0.000000 2   6.680212582915E-15 -2.257746940793E-11
AR GRAD 2024 06 28 02 43 10.000000 2  -3.589824184441E-12 -3.169708636189E-12
AR GRAD 2024 06 28 02 43 20.000000 2  -6.698656820209E-12 -1.561945993551E-12
AR GRAD 2024 06 28 02 43 30.000000 2  -1.885275355967E-12  5.245814199695E-12
AR GRAD 2024 06 28 02 43 40.000000 2  -1.682235514083E-12  4.153569415494E-12
AR GRAD 2024 06 28 02 43 50.000000 2  -6.578174203270E-12 -8.638673110184E-12
AR GRAD 2024 06 28 02 44  0.000000 2   4.021905692601E-13 -4.530922512180E-12
AR GRAD 2024 06 28 02 44 10.000000 2  -2.001401431737E-12  7.683228510878E-14
AR GRAD 2024 06 28 02 44 20.000000 2  -5.284262177135E-12 -2.415420728014E-12
AR GRAD 2024 06 28 02 44 30.000000 2  -4.738050229935E-12 -1.290767319417E-11
AR GRAD 2024 06 28 02 44 40.000000 2  -2.963169423373E-12  1.540007531220E-11
AR GRAD 2024 06 28 02 44 50.000000 2  -6.480982742661E-13 -1.089218212152E-11
AR GRAD 2024 06 28 02 45  0.000000 2  -2.765626920184E-12  1.031555917075E-11
AR GRAD 2024 06 28 02 45 10.000000 2  -3.479608094714E-12 -2.027670219229E-11
AR GRAD 2024 06 28 02 45 20.000000 2  -5.396955126726E-13  1.433103722498E-11
AR GRAD 2024 06 28 02 45 30.000000 2  -1.428913194365E-12  1.213877349332E-11
AR GRAD 2024 06 28 02 45 40.000000 2  -1.468964273138E-12  4.846507310058E-12
AR GRAD 2024 06 28 02 45 50.000000 2   2.945238237323E-12 -6.245762153995E-12
AR GRAD 2024 06 28 02 46  0.000000 2   2.234070567431E-12  1.636197080601E-11
AR GRAD 2024 06 28 02 46 10.000000 2  -4.488283009141E-12 -5.830301953030E-12
AR GRAD 2024 06 28 02 46 20.000000 2   4.359960309452E-12 -5.722577793577E-12
AR GRAD 2024 06 28 02 46 30.000000 2  -2.994202758996E-12  2.438515014913E-11
AR GRAD 2024 06 28 02 46 40.000000 2  -9.585062778206E-13  3.892870401034E-12
AR GRAD 2024 06 28 02 46 50.000000 2   1.181794787898E-12 -9.699407076125E-12
AR GRAD 2024 06 28 02 47  0.000000 2   2.590315982542E-12  1.370830966102E-11
AR GRAD 2024 06 28 02 47 10.000000 2   2.178486340973E-12 -4.383972785488E-12
AR GRAD 2024 06 28 02 47 20.000000 2   1.114060883475E-12 -9.076257974361E-12
AR GRAD 2024 06 28 02 47 30.000000 2   1.646985824631E-12  1.663145662856E-11
AR GRAD 2024 06 28 02 47 40.000000 2   1.087685930906E-12  5.839164221588E-12
AR GRAD 2024 06 28 02 47 50.000000 2   2.779752990290E-12 -6.753126269993E-12
AR GRAD 2024 06 28 02 48  0.000000 2   2.723017991646E-12  4.454582102492E-12
AR GRAD 2024 06 28 02 48 10.000000 2   1.091411791672E-12 -1.237714141247E-12
AR GRAD 2024 06 28 02 48 20.000000 2  -5.628238760463E-13  1.616999069365E-11
AR GRAD 2024 06 28 02 48 30.000000 2   6.257327555409E-12 -3.122308401410E-12
AR GRAD 2024 06 28 02 48 40.000000 2   6.161941182997E-12  5.885388964372E-12
AR GRAD 2024 06 28 02 48 50.000000 2   4.958282482509E-12  5.793086062938E-12
AR GRAD 2024 06 28 02 49  0.000000 2   1.213752514294E-12  2.400782914483E-12
AR GRAD 2024 06 28 02 49 10.000000 2   3.686696347510E-12  1.630847540346E-11
AR GRAD 2024 06 28 02 49 20.000000 2   4.612070274301E-12 -5.283832399394E-12
AR GRAD 2024 06 28 02 49 30.000000 2   8.797597199350E-12  9.123856184456E-12
AR GRAD 2024 06 28 02 49 40.000000 2   8.504800054314E-13 -8.968452716585E-12
AR GRAD 2024 06 28 02 49 50.000000 2   3.787403116823E-12 -2.060769957457E-12
AR GRAD 2024 06 28 02 50  0.000000 2   5.652385243887E-12  1.064691390606E-11
AR GRAD 2024 06 28 02 50 10.000000 2   3.870388384786E-12 -2.645404078086E-12
AR GRAD 2024 06 28 02 50 20.000000 2   7.409952859638E-12  4.362275297931E-12
AR GRAD 2024 06 28 02 50 30.000000 2   6.106455618937E-12  1.086995597699E-11
AR GRAD 2024 06 28 02 50 40.000000 2   6.859851662405E-12  1.457762903445E-11
AR GRAD 2024 06 28 02 50 50.000000 2   8.653592599439E-12 -6.514694599752E-12
AR GRAD 2024 06 28 02 51  0.000000 2   1.084555362185E-11  5.592976602686E-12
AR GRAD 2024 06 28 02 51 10.000000 2   6.751865559707E-12 -8.499353131020E-12
AR GRAD 2024 06 28 02 51 20.000000 2   8.612407662034E-12  1.290831590922E-11
AR GRAD 2024 06 28 02 51 30.000000 2   4.719845174417E-12  3.615981212374E-12
AR GRAD 2024 06 28 02 51 40.000000 2   1.006675732357E-11 -1.976354843669E-12
AR GRAD 2024 06 28 02 51 50.000000 2   8.752888171204E-12  5.731307355789E-12
AR GRAD 2024 06 28 02 52  0.000000 2   1.301845263535E-11 -9.761030525524E-12
AR GRAD 2024 06 28 02 52 10.000000 2   8.363807910139E-12  4.046628050008E-12
AR GRAD 2024 06 28 02 52 20.000000 2   8.045388140421E-12  2.195428214224E-11
AR GRAD 2024 06 28 02 52 30.000000 2   1.080402347448E-11 -1.138061108026E-12
AR GRAD 2024 06 28 02 52 40.000000 2   1.183307098140E-11  7.769592261231E-12
AR GRAD 2024 06 28 02 52 50.000000 2   9.552443905325E-12  2.777242628579E-12
AR GRAD 2024 06 28 02 53  0.000000 2   1.093550684034E-11  1.828489269717E-11
AR GRAD 2024 06 28 02 53 10.000000 2   6.996337537091E-12 -6.707462710254E-12
AR GRAD 2024 06 28 02 53 20.000000 2   1.423371143172E-11  2.050018488298E-11
AR GRAD 2024 06 28 02 53 30.000000 2   1.147206461771E-11 -7.792173156718E-12
AR GRAD 2024 06 28 02 53 40.000000 2   1.142583944125E-11  2.451546604609E-11
AR GRAD 2024 06 28 02 53 50.000000 2   1.223040765885E-11  1.602310818749E-11
AR GRAD 2024 06 28 02 54  0.000000 2   1.458270310062E-11 -7.169255640538E-12
AR GRAD 2024 06 28 02 54 10.000000 2   9.157383185077E-12  1.283838139965E-11
AR GRAD 2024 06 28 02 54 20.000000 2   1.583132062943E-11 -3.539869948815E-13
AR GRAD 2024 06 28 02 54 30.000000 2   1.453239525245E-11  1.475364448666E-11
AR GRAD 2024 06 28 02 54 40.000000 2   1.376149021126E-11  2.861275019000E-12
AR GRAD 2024 06 28 02 54 50.000000 2   1.254866089512E-11  1.396890415839E-11
AR GRAD 2024 06 28 02 55  0.000000 2   1.628964324540E-11  1.757652877410E-11
AR GRAD 2024 06 28 02 55 10.000000 2   1.425498521307E-11  9.184151703034E-12
AR GRAD 2024 06 28 02 55 20.000000 2   1.209306613181E-11  1.339177466836E-11
AR GRAD 2024 06 28 02 55 30.000000 2   1.684087938547E-11  1.059939462589E-11
AR GRAD 2024 06 28 02 55 40.000000 2   1.572629526603E-11  4.907012730176E-12
AR GRAD 2024 06 28 02 55 50.000000 2   1.581242081716E-11  7.614626811037E-12
AR GRAD 2024 06 28 02 56  0.000000 2   1.309918926801E-11  1.642224203846E-11
AR GRAD 2024 06 28 02 56 10.000000 2   1.385880472882E-11  1.092985424389E-11
AR GRAD 2024 06 28 02 56 20.000000 2   1.371427103825E-11  1.663746397595E-11
AR GRAD 2024 06 28 02 56 30.000000 2   1.661342764747E-11  1.734507155959E-11
AR GRAD 2024 06 28 02 56 40.000000 2   1.163630216489E-11  8.952680610741E-12
AR GRAD 2024 06 28 02 56 50.000000 2   1.436511500030E-11  5.860282745185E-12
AR GRAD 2024 06 28 02 57  0.000000 2   1.683269149066E-11  2.006788485387E-11
AR GRAD 2024 06 28 02 57 10.000000 2   1.593214622730E-11  1.707548512309E-11
AR GRAD 2024 06 28 02 57 20.000000 2   1.442173984401E-11  9.183085715458E-12
AR GRAD 2024 06 28 02 57 30.000000 2   1.659941281651E-11  1.859068107790E-11
AR GRAD 2024 06 28 02 57 40.000000 2   1.590420156683E-11  1.189827576742E-11
AR GRAD 2024 06 28 02 57 50.000000 2   1.935935092789E-11  1.560587076233E-11
AR GRAD 2024 06 28 02 58  0.000000 2   1.328997242117E-11  6.913460255664E-12
AR GRAD 2024 06 28 02 58 10.000000 2   1.717007612478E-11  2.212104804888E-11
AR GRAD 2024 06 28 02 58 20.000000 2   1.745310666823E-11  2.732863414734E-11
AR GRAD 2024 06 28 02 58 30.000000 2   2.051665781710E-11  1.443622305031E-11
AR GRAD 2024 06 28 02 58 40.000000 2   1.359120541805E-11  1.784380455894E-11
AR GRAD 2024 06 28 02 58 50.000000 2   1.840280705601E-11  1.475138761142E-11
AR GRAD 2024 06 28 02 59  0.000000 2   2.229181769731E-11  1.025896381734E-11
AR GRAD 2024 06 28 02 59 10.000000 2   1.738087798686E-11  2.406654216192E-11
AR GRAD 2024 06 28 02 59 20.000000 2   1.764851632891E-11  2.107411814500E-11
AR GRAD 2024 06 28 02 59 30.000000 2   1.961599459255E-11  2.358169041983E-11
AR GRAD 2024 06 28 02 59 40.000000 2   2.019483538729E-11  1.518926304178E-11
AR GRAD 2024 06 28 02 59 50.000000 2   1.417650198621E-11  2.179683170067E-11
AR GRAD 2024 06 28 03 00  0.000000 2   1.999350338067E-11  2.550440067473E-11
AR GRAD 2024 06 28 03 00 10.000000 2   2.139489974073E-11  1.521196536791E-11
AR GRAD 2024 06 28 03 00 20.000000 2   1.827487119965E-11  1.931952861578E-11
AR GRAD 2024 06 28 03 00 30.000000 2   1.785255103470E-11  3.127091901395E-12
AR GRAD 2024 06 28 03 00 40.000000 2   1.878066972771E-11  2.993465197942E-11
AR GRAD 2024 06 28 03 00 50.000000 2   1.931887462503E-11  1.134221015719E-11
AR GRAD 2024 06 28 03 01  0.000000 2   2.032589027645E-11  3.264976830564E-11
AR GRAD 2024 06 28 03 01 10.000000 2   1.809636815397E-11  1.565731919118E-11
AR GRAD 2024 06 28 03 01 20.000000 2   2.053836441196E-11  1.026487141814E-11
AR GRAD 2024 06 28 03 01 30.000000 2   2.059095775830E-11  1.667242212344E-11
AR GRAD 2024 06 28 03 01 40.000000 2   1.778688307752E-11  2.197997166220E-11
AR GRAD 2024 06 28 03 01 50.000000 2   2.169180113309E-11  1.638751460920E-11
AR GRAD 2024 06 28 03 02  0.000000 2   2.116174249722E-11  3.599506109841E-11
AR GRAD 2024 06 28 03 02 10.000000 2   1.911380602404E-11  2.370260411555E-11
AR GRAD 2024 06 28 03 02 20.000000 2   2.013919066235E-11  1.511014403877E-11
AR GRAD 2024 06 28 03 02 30.000000 2   2.228249182390E-11  1.671768279365E-11
AR GRAD 2024 06 28 03 02 40.000000 2   1.644432680303E-11  1.602521934596E-11
AR GRAD 2024 06 28 03 02 50.000000 2   2.080969598028E-11  2.543275486044E-11
AR GRAD 2024 06 28 03 03  0.000000 2   2.060343909371E-11  1.894028857363E-11
AR GRAD 2024 06 28 03 03 10.000000 2   2.482031420670E-11  2.624781642036E-11
AR GRAD 2024 06 28 03 03 20.000000 2   1.832467337592E-11  1.655534737077E-11
AR GRAD 2024 06 28 03 03 30.000000 2   2.008226918093E-11  2.116287353693E-11
AR GRAD 2024 06 28 03 03 40.000000 2   2.027166629004E-11  1.127040041154E-11
AR GRAD 2024 06 28 03 03 50.000000 2   2.089033113162E-11  1.907792153422E-11
AR GRAD 2024 06 28 03 04  0.000000 2   2.165013827937E-11  4.378544748995E-11
AR GRAD 2024 06 28 03 04 10.000000 2   2.268728260812E-11  6.192962809237E-12
AR GRAD 2024 06 28 03 04 20.000000 2   1.774593319515E-11  2.430048176572E-11
AR GRAD 2024 06 28 03 04 30.000000 2   2.089653797221E-11  1.190799542305E-11
AR GRAD 2024 06 28 03 04 40.000000 2   2.254195441420E-11  3.391551275933E-11
AR GRAD 2024 06 28 03 04 50.000000 2   2.255684181107E-11  1.892302113615E-11
