 2.00 C RINEX VERSION / TYPE
 10.00 INTERVAL
 1 AR # / TYPES OF DATA
 END OF HEADER
AR GRAD 2024 06 23 01 05  0.000000 2   3.378615442973E-11  3.256484665259E-11
AR GRAD 2024 06 23 01 05 10.000000 2   3.228312409065E-11  2.435125538713E-11
AR GRAD 2024 06 23 01 05 20.000000 2   3.225784223071E-11  1.476765931763E-11
AR GRAD 2024 06 23 01 05 30.000000 2   3.321462549444E-11  3.474407220261E-11
AR GRAD 2024 06 23 01 05 40.000000 2   3.265065995350E-11  2.770047385914E-11
AR GRAD 2024 06 23 01 05 50.000000 2   2.897365507237E-11  2.327687868842E-11
AR GRAD 2024 06 23 01 06  0.000000 2   3.420621424999E-11  6.823280222085E-12
AR GRAD 2024 06 23 01 06 10.000000 2   3.241338447646E-11  2.457968203973E-11
AR GRAD 2024 06 23 01 06 20.000000 2   3.253126240610E-11  1.470608183840E-11
AR GRAD 2024 06 23 01 06 30.000000 2   3.397165881935E-11  3.095248363172E-11
AR GRAD 2024 06 23 01 06 40.000000 2   3.227561967689E-11  2.403888199609E-11
AR GRAD 2024 06 23 01 06 50.000000 2   3.109606322438E-11  2.137527828350E-11
AR GRAD 2024 06 23 01 07  0.000000 2   3.397174902497E-11  2.209167397627E-11
AR GRAD 2024 06 23 01 07 10.000000 2   3.166443496294E-11  1.974806949911E-11
AR GRAD 2024 06 23 01 07 20.000000 2   3.420730365633E-11  1.127446400129E-11
AR GRAD 2024 06 23 01 07 30.000000 2   3.383715876937E-11  2.480085581347E-11
AR GRAD 2024 06 23 01 07 40.000000 2   3.081841726260E-11  1.975724792103E-11
AR GRAD 2024 06 23 01 07 50.000000 2   2.977271554294E-11  2.067363988334E-11
AR GRAD 2024 06 23 01 08  0.000000 2   3.020697580958E-11  2.510002795886E-11
AR GRAD 2024 06 23 01 08 10.000000 2   3.484520311181E-11  1.224641828917E-11
AR GRAD 2024 06 23 01 08 20.000000 2   3.007760013274E-11  3.101280343643E-11
AR GRAD 2024 06 23 01 08 30.000000 2   3.016139768497E-11  9.489191550582E-12
AR GRAD 2024 06 23 01 08 40.000000 2   3.293271558236E-11  1.980557384762E-11
AR GRAD 2024 06 23 01 08 50.000000 2   2.873827044392E-11  2.482195698983E-11
AR GRAD 2024 06 23 01 09  0.000000 2   3.026990116894E-11  3.416834523651E-11
AR GRAD 2024 06 23 01 09 10.000000 2   2.816762621760E-11  1.894472252684E-11
AR GRAD 2024 06 23 01 09 20.000000 2   2.795240948428E-11  1.259110263968E-11
AR GRAD 2024 06 23 01 09 30.000000 2   3.130147877006E-11  1.534748196586E-11
AR GRAD 2024 06 23 01 09 40.000000 2   2.910933993849E-11 -2.561389414370E-13
AR GRAD 2024 06 23 01 09 50.000000 2   2.546943385362E-11  2.923023975643E-11
AR GRAD 2024 06 23 01 10  0.000000 2   2.673032455103E-11  1.014661271670E-11
AR GRAD 2024 06 23 01 10 10.000000 2   2.622874313574E-11  1.802298588149E-11
AR GRAD 2024 06 23 01 10 20.000000 2   2.810544852405E-11  5.699363290340E-12
AR GRAD 2024 06 23 01 10 30.000000 2   2.992278647085E-11  1.927573378691E-11
AR GRAD 2024 06 23 01 10 40.000000 2   2.693325076852E-11  2.463210364845E-11
AR GRAD 2024 06 23 01 10 50.000000 2   2.644595306633E-11  1.566847519785E-11
AR GRAD 2024 06 23 01 11  0.000000 2   2.661143701232E-11  1.383484646289E-11
AR GRAD 2024 06 23 01 11 10.000000 2   2.448734791327E-11  1.421121293560E-11
AR GRAD 2024 06 23 01 11 20.000000 2   2.902532034166E-11  4.137580469216E-12
AR GRAD 2024 06 23 01 11 30.000000 2   2.626119287308E-11  1.141394444237E-11
AR GRAD 2024 06 23 01 11 40.000000 2   2.124275755300E-11  2.510030898406E-11
AR GRAD 2024 06 23 01 11 50.000000 2   2.570870252794E-11  1.640667116054E-11
AR GRAD 2024 06 23 01 12  0.000000 2   2.598642655227E-11  1.496303601856E-11
AR GRAD 2024 06 23 01 12 10.000000 2   2.672387137970E-11  1.483939533753E-11
AR GRAD 2024 06 23 01 12 20.000000 2   2.528454529083E-11  1.932575800778E-11
AR GRAD 2024 06 23 01 12 30.000000 2   2.663515762114E-11  9.962116201412E-12
AR GRAD 2024 06 23 01 12 40.000000 2   2.362182498217E-11  9.768475091321E-12
AR GRAD 2024 06 23 01 12 50.000000 2   2.171114156513E-11  2.658482982365E-11
AR GRAD 2024 06 23 01 13  0.000000 2   2.481502676954E-11  1.484118383743E-11
AR GRAD 2024 06 23 01 13 10.000000 2   2.287199075968E-11  1.932753956879E-11
AR GRAD 2024 06 23 01 13 20.000000 2   2.489129909133E-11  6.383892112855E-12
AR GRAD 2024 06 23 01 13 30.000000 2   2.720431692416E-11  1.444024500669E-11
AR GRAD 2024 06 23 01 13 40.000000 2   2.666056611589E-11 -3.293403961005E-12
AR GRAD 2024 06 23 01 13 50.000000 2   2.214629868380E-11  2.052946788261E-12
AR GRAD 2024 06 23 01 14  0.000000 2   2.450654436326E-11  1.452929616896E-11
AR GRAD 2024 06 23 01 14 10.000000 2   2.497299415871E-11  3.575643470546E-12
AR GRAD 2024 06 23 01 14 20.000000 2   2.631513583429E-11  1.379199011942E-11
AR GRAD 2024 06 23 01 14 30.000000 2   2.860227159285E-11  1.970833392317E-11
AR GRAD 2024 06 23 01 14 40.000000 2   2.505003496300E-11  1.104677547353E-12
AR GRAD 2024 06 23 01 14 50.000000 2   2.593934962658E-11 -5.618976638144E-12
AR GRAD 2024 06 23 01 15  0.000000 2   2.297621121139E-11  7.267364227764E-12
AR GRAD 2024 06 23 01 15 10.000000 2   2.110613246675E-11  5.603705433704E-12
AR GRAD 2024 06 23 01 15 20.000000 2   2.267888828122E-11  1.075004495144E-11
AR GRAD 2024 06 23 01 15 30.000000 2   2.026582027193E-11  1.059638401329E-11
AR GRAD 2024 06 23 01 15 40.000000 2   2.259645075220E-11 -3.957278948974E-12
AR GRAD 2024 06 23 01 15 50.000000 2   2.559406159230E-11  5.779057354188E-12
AR GRAD 2024 06 23 01 16  0.000000 2   2.091454960607E-11 -7.214606950051E-12
AR GRAD 2024 06 23 01 16 10.000000 2   2.341330775091E-11 -3.708275006509E-12
AR GRAD 2024 06 23 01 16 20.000000 2   1.994540643757E-11 -3.041939096449E-12
AR GRAD 2024 06 23 01 16 30.000000 2   2.096457382694E-11  4.154390373379E-12
AR GRAD 2024 06 23 01 16 40.000000 2   2.095175595518E-11 -4.579278362754E-12
AR GRAD 2024 06 23 01 16 50.000000 2   1.987677210324E-11  7.207050928271E-12
AR GRAD 2024 06 23 01 17  0.000000 2   2.087101498571E-11  4.313378647314E-12
AR GRAD 2024 06 23 01 17 10.000000 2   2.224580589183E-11  2.329707173704E-12
AR GRAD 2024 06 23 01 17 20.000000 2   1.703633588368E-11 -5.873968846049E-12
AR GRAD 2024 06 23 01 17 30.000000 2   2.024168679893E-11 -1.247641530019E-12
AR GRAD 2024 06 23 01 17 40.000000 2   2.086130053425E-11 -7.541318264304E-12
AR GRAD 2024 06 23 01 17 50.000000 2   1.665861372457E-11  9.125004571398E-12
AR GRAD 2024 06 23 01 18  0.000000 2   1.633059312778E-11 -1.810867601704E-11
AR GRAD 2024 06 23 01 18 10.000000 2   1.693296371175E-11  2.307647128941E-12
AR GRAD 2024 06 23 01 18 20.000000 2   1.832057248963E-11  2.533966959872E-12
AR GRAD 2024 06 23 01 18 30.000000 2   1.489454393155E-11 -1.230971401200E-11
AR GRAD 2024 06 23 01 18 40.000000 2   2.197874000853E-11 -3.453398808237E-12
AR GRAD 2024 06 23 01 18 50.000000 2   1.598551152560E-11 -1.215708349961E-11
AR GRAD 2024 06 23 01 19  0.000000 2   1.024788587323E-11 -1.486076713075E-11
AR GRAD 2024 06 23 01 19 10.000000 2   1.706367686038E-11 -1.838445368163E-11
AR GRAD 2024 06 23 01 19 20.000000 2   1.766338464382E-11 -1.258814146671E-11
AR GRAD 2024 06 23 01 19 30.000000 2   1.271994922586E-11 -6.701829629446E-12
AR GRAD 2024 06 23 01 19 40.000000 2   1.321403316629E-11  4.144480765522E-12
AR GRAD 2024 06 23 01 19 50.000000 2   1.172094366009E-11 -1.456921215615E-11
AR GRAD 2024 06 23 01 20  0.000000 2   1.387163821309E-11  4.570984975076E-13
AR GRAD 2024 06 23 01 20 10.000000 2   1.148159258640E-11 -3.746595915455E-12
AR GRAD 2024 06 23 01 20 20.000000 2   1.241221188331E-11 -2.410288982291E-12
AR GRAD 2024 06 23 01 20 30.000000 2   1.360253489707E-11 -1.104398343610E-11
AR GRAD 2024 06 23 01 20 40.000000 2   1.613976660653E-11 -1.684768297094E-11
AR GRAD 2024 06 23 01 20 50.000000 2   1.007522103941E-11 -2.881380247247E-12
AR GRAD 2024 06 23 01 21  0.000000 2   1.351030225194E-11 -5.555075930502E-12
AR GRAD 2024 06 23 01 21 10.000000 2   1.346816755343E-11 -1.297877777473E-11
AR GRAD 2024 06 23 01 21 20.000000 2   9.515379803537E-12 -1.532247766167E-11
AR GRAD 2024 06 23 01 21 30.000000 2   1.375787851698E-11 -3.661801222486E-13
AR GRAD 2024 06 23 01 21 40.000000 2   1.101079557392E-11 -3.359881383530E-12
AR GRAD 2024 06 23 01 21 50.000000 2   1.427674211490E-11 -6.813589623067E-12
AR GRAD 2024 06 23 01 22  0.000000 2   1.387775571543E-11 -1.427729288961E-11
AR GRAD 2024 06 23 01 22 10.000000 2   1.208111909123E-11 -9.791002210380E-12
AR GRAD 2024 06 23 01 22 20.000000 2   8.742646363802E-12 -1.273470738583E-11
AR GRAD 2024 06 23 01 22 30.000000 2   7.076205073286E-12 -4.208415300272E-12
AR GRAD 2024 06 23 01 22 40.000000 2   1.203624179491E-11 -1.529212693974E-11
AR GRAD 2024 06 23 01 22 50.000000 2   1.149746530621E-11 -3.325837218474E-12
AR GRAD 2024 06 23 01 23  0.000000 2   1.115600320456E-11 -2.645955156366E-11
AR GRAD 2024 06 23 01 23 10.000000 2   1.056299232111E-11 -1.002326260185E-11
AR GRAD 2024 06 23 01 23 20.000000 2   1.272840600280E-11 -5.906977598030E-12
AR GRAD 2024 06 23 01 23 30.000000 2   8.900991055327E-12 -2.491069156507E-11
AR GRAD 2024 06 23 01 23 40.000000 2   1.137393564749E-11 -5.034409954890E-12
AR GRAD 2024 06 23 01 23 50.000000 2   9.389882968391E-12 -1.406812860649E-11
AR GRAD 2024 06 23 01 24  0.000000 2   8.743866741767E-12 -2.455184840155E-11
AR GRAD 2024 06 23 01 24 10.000000 2   8.025195091799E-12 -1.473557040277E-11
AR GRAD 2024 06 23 01 24 20.000000 2   9.418431312636E-12 -2.176928949604E-11
AR GRAD 2024 06 23 01 24 30.000000 2   6.156598668372E-12 -2.094301294886E-11
AR GRAD 2024 06 23 01 24 40.000000 2   9.947493349871E-12 -2.566673609761E-11
AR GRAD 2024 06 23 01 24 50.000000 2   5.833537212313E-12 -2.284045869105E-11
AR GRAD 2024 06 23 01 25  0.000000 2   5.365171848459E-12 -2.594186801139E-12
AR GRAD 2024 06 23 01 25 10.000000 2   8.917883792536E-12 -9.097912527511E-12
AR GRAD 2024 06 23 01 25 20.000000 2   5.993669536380E-12 -1.516164103987E-11
AR GRAD 2024 06 23 01 25 30.000000 2   8.391654558737E-12 -1.545537135772E-11
AR GRAD 2024 06 23 01 25 40.000000 2   7.168727850920E-12 -3.151909636068E-11
AR GRAD 2024 06 23 01 25 50.000000 2   5.156783854099E-12 -5.772832732676E-12
AR GRAD 2024 06 23 01 26  0.000000 2   7.399276504005E-12 -2.265656585954E-11
AR GRAD 2024 06 23 01 26 10.000000 2   4.457047144552E-12 -2.138029857324E-11
AR GRAD 2024 06 23 01 26 20.000000 2   2.468596290925E-12 -1.682403522052E-11
AR GRAD 2024 06 23 01 26 30.000000 2   6.093868465396E-12 -1.103776792188E-11
AR GRAD 2024 06 23 01 26 40.000000 2   4.283980288566E-12 -2.163150561452E-11
AR GRAD 2024 06 23 01 26 50.000000 2   2.570033595661E-12 -2.854524602802E-11
AR GRAD 2024 06 23 01 27  0.000000 2   2.790513913692E-12 -1.599898338811E-11
AR GRAD 2024 06 23 01 27 10.000000 2   4.091638920040E-12 -2.438272847516E-11
AR GRAD 2024 06 23 01 27 20.000000 2   1.021174030752E-12 -2.099646671805E-11
AR GRAD 2024 06 23 01 27 30.000000 2   1.817341307823E-12 -1.504021039656E-11
AR GRAD 2024 06 23 01 27 40.000000 2   3.483013573738E-13 -2.033395500589E-11
AR GRAD 2024 06 23 01 27 50.000000 2   2.649401314656E-12 -2.790770045613E-11
AR GRAD 2024 06 23 01 28  0.000000 2  -8.121709142890E-13 -1.578144212533E-11
AR GRAD 2024 06 23 01 28 10.000000 2  -1.371771755432E-13 -1.599518954787E-11
AR GRAD 2024 06 23 01 28 20.000000 2  -6.013838515714E-13 -2.246893990310E-11
AR GRAD 2024 06 23 01 28 30.000000 2  -7.012488463173E-13 -4.388268914912E-11
AR GRAD 2024 06 23 01 28 40.000000 2  -5.759627258635E-13 -1.974644059377E-11
AR GRAD 2024 06 23 01 28 50.000000 2  -8.732628335728E-13 -1.924019277233E-11
AR GRAD 2024 06 23 01 29  0.000000 2  -9.478302474483E-13 -2.343394749083E-11
AR GRAD 2024 06 23 01 29 10.000000 2  -9.291197368769E-13 -2.482769892453E-11
AR GRAD 2024 06 23 01 29 20.000000 2  -2.914659616091E-12 -2.093145275162E-11
AR GRAD 2024 06 23 01 29 30.000000 2   9.474643292151E-13 -1.784520795023E-11
AR GRAD 2024 06 23 01 29 40.000000 2  -4.813338529835E-12 -1.861896921362E-11
AR GRAD 2024 06 23 01 29 50.000000 2   1.315356460904E-12 -1.733272900206E-11
AR GRAD 2024 06 23 01 30  0.000000 2  -3.940627338328E-12 -2.951648647720E-11
AR GRAD 2024 06 23 01 30 10.000000 2  -2.295151915743E-12 -1.930024889907E-11
AR GRAD 2024 06 23 01 30 20.000000 2  -1.834998082303E-12 -2.540400875772E-11
AR GRAD 2024 06 23 01 30 30.000000 2  -2.694271888926E-12 -2.733777267061E-11
AR GRAD 2024 06 23 01 30 40.000000 2  -4.739667425896E-12 -2.233153766074E-11
AR GRAD 2024 06 23 01 30 50.000000 2  -4.676059344420E-13 -1.613530316302E-11
AR GRAD 2024 06 23 01 31  0.000000 2  -1.248611240443E-12 -2.151906777770E-11
AR GRAD 2024 06 23 01 31 10.000000 2  -2.256583591861E-12 -3.527283673477E-11
AR GRAD 2024 06 23 01 31 20.000000 2  -5.913085559389E-12 -2.974660448518E-11
AR GRAD 2024 06 23 01 31 30.000000 2  -1.801316799714E-12 -2.449037674046E-11
AR GRAD 2024 06 23 01 31 40.000000 2  -1.592639214953E-12 -8.304146432991E-12
AR GRAD 2024 06 23 01 31 50.000000 2  -2.462537552345E-12 -2.503791791952E-11
AR GRAD 2024 06 23 01 32  0.000000 2  -1.133481980151E-12 -2.411169180982E-11
AR GRAD 2024 06 23 01 32 10.000000 2  -4.375696419784E-12 -3.775467351946E-12
AR GRAD 2024 06 23 01 32 20.000000 2  -4.996745638780E-12 -3.066924145201E-11
AR GRAD 2024 06 23 01 32 30.000000 2  -2.479772246919E-12 -2.886301787852E-11
AR GRAD 2024 06 23 01 32 40.000000 2  -4.573170401395E-12 -3.541679449715E-11
AR GRAD 2024 06 23 01 32 50.000000 2  -3.507007401496E-12 -1.991057319017E-11
AR GRAD 2024 06 23 01 33  0.000000 2  -3.088902614592E-12 -2.149435490706E-11
AR GRAD 2024 06 23 01 33 10.000000 2  -1.475925935288E-12 -2.882813605887E-11
AR GRAD 2024 06 23 01 33 20.000000 2  -6.423282045143E-12 -2.277191803179E-11
AR GRAD 2024 06 23 01 33 30.000000 2  -5.239575700394E-12 -3.202570153515E-11
AR GRAD 2024 06 23 01 33 40.000000 2  -5.648299970101E-12 -2.627948726686E-11
AR GRAD 2024 06 23 01 33 50.000000 2  -1.889193662619E-12 -1.716327253931E-11
AR GRAD 2024 06 23 01 34  0.000000 2  -3.592338232439E-12 -3.128705974853E-11
AR GRAD 2024 06 23 01 34 10.000000 2  -8.774777779386E-12 -1.563084731093E-11
AR GRAD 2024 06 23 01 34 20.000000 2   4.961041817696E-14 -3.320463348722E-11
AR GRAD 2024 06 23 01 34 30.000000 2  -9.707429304839E-12 -2.828842715630E-11
AR GRAD 2024 06 23 01 34 40.000000 2  -6.024119571235E-12 -2.480221583667E-11
AR GRAD 2024 06 23 01 34 50.000000 2  -3.667689849746E-12 -3.479601329293E-11
AR GRAD 2024 06 23 01 35  0.000000 2  -6.899326162463E-12 -1.920980735592E-11
AR GRAD 2024 06 23 01 35 10.000000 2  -2.155262079917E-12 -2.237359776613E-11
AR GRAD 2024 06 23 01 35 20.000000 2  -4.556024394559E-12 -2.289739405026E-11
AR GRAD 2024 06 23 01 35 30.000000 2  -8.808374168945E-12 -2.412119115558E-11
AR GRAD 2024 06 23 01 35 40.000000 2  -4.683621112472E-12 -2.930498899101E-11
AR GRAD 2024 06 23 01 35 50.000000 2  -6.091949427550E-12 -2.289878876793E-11
AR GRAD 2024 06 23 01 36  0.000000 2  -6.763052791403E-12 -3.092258740733E-11
AR GRAD 2024 06 23 01 36 10.000000 2  -4.425534157887E-12 -2.484639056999E-11
AR GRAD 2024 06 23 01 36 20.000000 2  -3.886288860167E-12 -2.499019394198E-11
AR GRAD 2024 06 23 01 36 30.000000 2  -4.672212269852E-12 -2.658399889111E-11
AR GRAD 2024 06 23 01 36 40.000000 2  -3.763664727097E-12 -1.371779946580E-11
AR GRAD 2024 06 23 01 36 50.000000 2  -2.584141884851E-12 -2.698160965486E-11
AR GRAD 2024 06 23 01 37  0.000000 2  -4.903934897049E-12 -2.459541598165E-11
AR GRAD 2024 06 23 01 37 10.000000 2   1.522797729928E-12 -1.666922502808E-11
AR GRAD 2024 06 23 01 37 20.000000 2  -3.834770608696E-12 -3.218302707664E-11
AR GRAD 2024 06 23 01 37 30.000000 2  -6.652320187761E-12 -2.792684312969E-11
AR GRAD 2024 06 23 01 37 40.000000 2  -4.474684511813E-12 -1.473065593116E-11
AR GRAD 2024 06 23 01 37 50.000000 2  -4.107487787397E-12 -9.284468159565E-12
AR GRAD 2024 06 23 01 38  0.000000 2  -8.988848727853E-12 -2.323828109108E-11
AR GRAD 2024 06 23 01 38 10.000000 2  -2.310172886322E-12 -2.561209924701E-11
AR GRAD 2024 06 23 01 38 20.000000 2  -4.149877056575E-12 -2.789591301011E-11
AR GRAD 2024 06 23 01 38 30.000000 2  -6.185640541445E-12 -1.749973083109E-11
AR GRAD 2024 06 23 01 38 40.000000 2  -8.117439879995E-12 -2.855354841458E-11
AR GRAD 2024 06 23 01 38 50.000000 2  -6.566351629100E-12 -1.092736751779E-11
AR GRAD 2024 06 23 01 39  0.000000 2  -6.111293329031E-12 -1.534119359325E-11
AR GRAD 2024 06 23 01 39 10.000000 2   1.774657352495E-13 -1.134501173561E-11
AR GRAD 2024 06 23 01 39 20.000000 2  -3.469354794769E-12 -2.329883508345E-11
AR GRAD 2024 06 23 01 39 30.000000 2  -6.947317721107E-12 -1.185265861153E-11
AR GRAD 2024 06 23 01 39 40.000000 2  -7.618613205584E-12 -3.153648175935E-11
AR GRAD 2024 06 23 01 39 50.000000 2  -5.121038575834E-12 -2.294031284378E-11
AR GRAD 2024 06 23 01 40  0.000000 2  -2.797084612538E-12  2.765861541534E-12
AR GRAD 2024 06 23 01 40 10.000000 2  -5.708078107403E-12 -5.627966842559E-12
AR GRAD 2024 06 23 01 40 20.000000 2  -1.064570523748E-12 -3.594179120991E-11
AR GRAD 2024 06 23 01 40 30.000000 2  -3.004599390469E-12 -9.715627607987E-12
AR GRAD 2024 06 23 01 40 40.000000 2  -1.667044323764E-12 -2.711945945588E-11
AR GRAD 2024 06 23 01 40 50.000000 2  -3.303487474890E-12 -1.944329593162E-11
AR GRAD 2024 06 23 01 41  0.000000 2  -2.318313076233E-12 -4.927126848880E-12
AR GRAD 2024 06 23 01 41 10.000000 2  -6.989312774375E-12 -5.580961040530E-12
AR GRAD 2024 06 23 01 41 20.000000 2  -3.305793789751E-12 -5.114799209172E-12
AR GRAD 2024 06 23 01 41 30.000000 2  -2.840292888037E-12 -2.323863670939E-11
AR GRAD 2024 06 23 01 41 40.000000 2  -5.586022096271E-12 -1.804247376502E-11
AR GRAD 2024 06 23 01 41 50.000000 2  -4.032016040489E-12 -9.076312618150E-12
AR GRAD 2024 06 23 01 42  0.000000 2  -1.084130940403E-12 -1.799015450499E-11
AR GRAD 2024 06 23 01 42 10.000000 2  -6.348405742068E-12 -1.098399669830E-11
AR GRAD 2024 06 23 01 42 20.000000 2  -4.599939786715E-12 -2.013784104749E-11
AR GRAD 2024 06 23 01 42 30.000000 2  -3.394180769778E-12 -1.170168476006E-11
AR GRAD 2024 06 23 01 42 40.000000 2  -1.033713587818E-12 -7.055531506261E-12
AR GRAD 2024 06 23 01 42 50.000000 2  -3.881347500345E-12 -1.224937946215E-11
AR GRAD 2024 06 23 01 43  0.000000 2  -2.715408627119E-12 -6.273228030790E-12
AR GRAD 2024 06 23 01 43 10.000000 2   2.189674440031E-12 -6.007074612041E-12
AR GRAD 2024 06 23 01 43 20.000000 2  -1.896124750267E-12 -1.296092486808E-11
AR GRAD 2024 06 23 01 43 30.000000 2  -1.131341656642E-12 -1.931477547346E-11
AR GRAD 2024 06 23 01 43 40.000000 2   1.061419073294E-12 -1.394862957776E-11
AR GRAD 2024 06 23 01 43 50.000000 2  -3.444134517513E-12 -1.182248222931E-11
AR GRAD 2024 06 23 01 44  0.000000 2  -4.535691267016E-12 -1.903634021250E-11
AR GRAD 2024 06 23 01 44 10.000000 2  -2.514963931555E-12 -1.555019481236E-11
AR GRAD 2024 06 23 01 44 20.000000 2   2.008985209093E-12  1.925950935192E-12
AR GRAD 2024 06 23 01 44 30.000000 2   1.283019805849E-12 -6.197907204825E-12
AR GRAD 2024 06 23 01 44 40.000000 2  -2.971288240949E-14 -1.020176651489E-11
AR GRAD 2024 06 23 01 44 50.000000 2   1.670789049647E-12  1.134371676453E-12
AR GRAD 2024 06 23 01 45  0.000000 2  -1.055197921228E-12 -1.283949075531E-11
AR GRAD 2024 06 23 01 45 10.000000 2  -2.445163863052E-12  2.186647347566E-12
AR GRAD 2024 06 23 01 45 20.000000 2  -2.683543274748E-12 -1.520721742976E-11
AR GRAD 2024 06 23 01 45 30.000000 2  -2.355737783663E-12 -1.127107868842E-11
AR GRAD 2024 06 23 01 45 40.000000 2   2.830482809940E-12  4.150531643637E-13
AR GRAD 2024 06 23 01 45 50.000000 2   1.228329504083E-12 -1.698813073721E-12
AR GRAD 2024 06 23 01 46  0.000000 2  -5.418605017807E-13 -1.140268088284E-11
AR GRAD 2024 06 23 01 46 10.000000 2  -2.656043570845E-12 -5.655191077794E-14
AR GRAD 2024 06 23 01 46 20.000000 2  -1.829508116183E-12 -1.931042131753E-11
AR GRAD 2024 06 23 01 46 30.000000 2   3.477141263721E-13  2.925707853069E-12
AR GRAD 2024 06 23 01 46 40.000000 2  -7.449091257022E-13  2.011183580786E-11
AR GRAD 2024 06 23 01 46 50.000000 2   2.065877417051E-12  2.637959945970E-12
AR GRAD 2024 06 23 01 47  0.000000 2   3.724504211988E-12 -3.025913720978E-12
AR GRAD 2024 06 23 01 47 10.000000 2   2.824420114022E-13 -9.979791298909E-12
AR GRAD 2024 06 23 01 47 20.000000 2  -1.898330668007E-12 -1.091366753914E-11
AR GRAD 2024 06 23 01 47 30.000000 2  -6.043161847671E-13  2.742453182950E-12
AR GRAD 2024 06 23 01 47 40.000000 2   4.648446341390E-13  1.893857466684E-11
AR GRAD 2024 06 23 01 47 50.000000 2   4.509518572362E-13 -1.269530487680E-11
AR GRAD 2024 06 23 01 48  0.000000 2   1.648769662466E-12  1.500081135697E-11
AR GRAD 2024 06 23 01 48 10.000000 2   7.804765406010E-13  7.026927650866E-12
AR GRAD 2024 06 23 01 48 20.000000 2   3.909384968526E-12 -2.175695387741E-11
AR GRAD 2024 06 23 01 48 30.000000 2   2.381318232880E-12  1.350915820181E-11
AR GRAD 2024 06 23 01 48 40.000000 2   2.008316690033E-12  7.505275047281E-12
AR GRAD 2024 06 23 01 48 50.000000 2   3.327041550247E-12 -1.092861131452E-11
AR GRAD 2024 06 23 01 49  0.000000 2   4.436136354091E-12  8.717497210209E-12
AR GRAD 2024 06 23 01 49 10.000000 2  -2.506530139695E-12 -1.573639135666E-11
AR GRAD 2024 06 23 01 49 20.000000 2   5.142639786238E-12  3.017971983432E-11
AR GRAD 2024 06 23 01 49 30.000000 2   3.193522486386E-12 -6.941749692430E-13
AR GRAD 2024 06 23 01 49 40.000000 2   2.117840191412E-12  6.519335852412E-13
AR GRAD 2024 06 23 01 49 50.000000 2  -2.468194927751E-15  2.468037926806E-12
AR GRAD 2024 06 23 01 50  0.000000 2   1.647952499288E-12  5.424142471983E-12
AR GRAD 2024 06 23 01 50 10.000000 2   1.783936496788E-12 -3.179754419838E-12
AR GRAD 2024 06 23 01 50 20.000000 2   3.887446788087E-12  1.436348436024E-12
AR GRAD 2024 06 23 01 50 30.000000 2   2.436333036357E-12  1.790245035549E-11
AR GRAD 2024 06 23 01 50 40.000000 2   4.833291752937E-12  6.748550503144E-12
AR GRAD 2024 06 23 01 50 50.000000 2   1.194667737132E-12  2.343465005383E-11
AR GRAD 2024 06 23 01 51  0.000000 2   5.086491124129E-12  9.507481607551E-13
AR GRAD 2024 06 23 01 51 10.000000 2   2.750531573337E-12  2.720684268154E-11
AR GRAD 2024 06 23 01 51 20.000000 2   1.230948936531E-12 -1.747059203035E-12
AR GRAD 2024 06 23 01 51 30.000000 2   4.111865795769E-12 -9.200964642964E-12
AR GRAD 2024 06 23 01 51 40.000000 2   3.249889506812E-12  1.903512764079E-11
AR GRAD 2024 06 23 01 51 50.000000 2   2.679201695568E-12 -7.198782368822E-12
AR GRAD 2024 06 23 01 52  0.000000 2   2.293155465863E-12  1.727730979117E-11
AR GRAD 2024 06 23 01 52 10.000000 2   3.098372686888E-12  1.875339987467E-11
AR GRAD 2024 06 23 01 52 20.000000 2   3.376021684431E-12  1.034948949458E-11
AR GRAD 2024 06 23 01 52 30.000000 2   4.143039643995E-12 -1.039442316941E-11
AR GRAD 2024 06 23 01 52 40.000000 2   3.566856228779E-12  2.911166446795E-11
AR GRAD 2024 06 23 01 52 50.000000 2   6.012856879067E-12 -7.042248728606E-12
AR GRAD 2024 06 23 01 53  0.000000 2   6.265424810914E-12  1.925383290302E-11
AR GRAD 2024 06 23 01 53 10.000000 2   4.279996929785E-12  4.253991950365E-11
AR GRAD 2024 06 23 01 53 20.000000 2   4.406142985192E-12 -1.415400002064E-11
AR GRAD 2024 06 23 01 53 30.000000 2   4.376651385057E-12  1.065208077994E-11
AR GRAD 2024 06 23 01 53 40.000000 2   8.722322343557E-12  2.828160882568E-12
AR GRAD 2024 06 23 01 53 50.000000 2   6.223588051163E-12  2.087423810193E-11
AR GRAD 2024 06 23 01 54  0.000000 2   4.606118004374E-12  1.642031476068E-11
AR GRAD 2024 06 23 01 54 10.000000 2   2.951907381726E-12  2.502639068203E-11
AR GRAD 2024 06 23 01 54 20.000000 2   9.919924257029E-12  9.702468863060E-12
AR GRAD 2024 06 23 01 54 30.000000 2   3.688018206799E-12 -2.971459233184E-12
AR GRAD 2024 06 23 01 54 40.000000 2   4.588288516488E-12  3.018461522397E-11
AR GRAD 2024 06 23 01 54 50.000000 2   7.726782755291E-12  1.102068696718E-11
AR GRAD 2024 06 23 01 55  0.000000 2   6.050870741958E-12  7.466758981944E-12
AR GRAD 2024 06 23 01 55 10.000000 2   1.881711149745E-12  3.385282679180E-11
AR GRAD 2024 06 23 01 55 20.000000 2   8.023404857171E-12 -1.674110329530E-11
AR GRAD 2024 06 23 01 55 30.000000 2   6.495136459922E-12  8.134964056550E-12
AR GRAD 2024 06 23 01 55 40.000000 2   5.690871818925E-12  1.727102835747E-11
AR GRAD 2024 06 23 01 55 50.000000 2   7.769736243279E-12  2.482709524076E-11
AR GRAD 2024 06 23 01 56  0.000000 2   8.860225053642E-12  1.347315922023E-11
AR GRAD 2024 06 23 01 56 10.000000 2   4.253625663503E-12 -1.003077655659E-11
AR GRAD 2024 06 23 01 56 20.000000 2   1.139579229592E-11  2.436528236116E-11
AR GRAD 2024 06 23 01 56 30.000000 2   6.240635178761E-12  1.583134144612E-11
AR GRAD 2024 06 23 01 56 40.000000 2   5.126606604511E-12  3.461740616384E-11
AR GRAD 2024 06 23 01 56 50.000000 2   7.853819157522E-12  1.614346156753E-11
AR GRAD 2024 06 23 01 57  0.000000 2   3.705055793418E-12 -2.420480699553E-12
AR GRAD 2024 06 23 01 57 10.000000 2   1.174247244579E-11  2.427557460605E-11
AR GRAD 2024 06 23 01 57 20.000000 2   2.639008803151E-12  2.579162924898E-11
AR GRAD 2024 06 23 01 57 30.000000 2   5.605882511667E-12  8.977685782285E-12
AR GRAD 2024 06 23 01 57 40.000000 2   6.392242637987E-12  1.695373702537E-11
AR GRAD 2024 06 23 01 57 50.000000 2   1.169740953405E-11  1.822978920596E-11
AR GRAD 2024 06 23 01 58  0.000000 2   8.291306009822E-12  5.425838597861E-12
AR GRAD 2024 06 23 01 58 10.000000 2   1.148368466292E-11  3.041188828545E-11
AR GRAD 2024 06 23 01 58 20.000000 2   1.061635761940E-11  1.447793621101E-11
AR GRAD 2024 06 23 01 58 30.000000 2   9.898580219381E-12  1.367398295288E-11
AR GRAD 2024 06 23 01 58 40.000000 2   9.824888298759E-12  1.910002885019E-11
AR GRAD 2024 06 23 01 58 50.000000 2   7.655006836749E-12  2.138607346769E-11
AR GRAD 2024 06 23 01 59  0.000000 2   9.099504136301E-12  2.510211830065E-11
AR GRAD 2024 06 23 01 59 10.000000 2   1.023848974352E-11  9.138159846878E-12
AR GRAD 2024 06 23 01 59 20.000000 2   1.126851650185E-11  1.830420190418E-11
AR GRAD 2024 06 23 01 59 30.000000 2   7.270700101009E-12  2.635024143327E-11
AR GRAD 2024 06 23 01 59 40.000000 2   1.030790383605E-11  3.058628003649E-11
AR GRAD 2024 06 23 01 59 50.000000 2   1.223388751415E-11  3.182318557976E-12
AR GRAD 2024 06 23 02 00  0.000000 2   1.076639818964E-11  2.879835432623E-11
AR GRAD 2024 06 23 02 00 10.000000 2   1.299364955909E-11  2.225439103831E-11
AR GRAD 2024 06 23 02 00 20.000000 2   9.098312381273E-12  3.052042646390E-11
AR GRAD 2024 06 23 02 00 30.000000 2   1.059516883950E-11  1.079646181484E-11
AR GRAD 2024 06 23 02 00 40.000000 2   1.414223078922E-11  1.819249091650E-11
AR GRAD 2024 06 23 02 00 50.000000 2   1.531102328256E-11  1.917852335276E-11
AR GRAD 2024 06 23 02 01  0.000000 2   1.126910544047E-11  2.247455346827E-11
AR GRAD 2024 06 23 02 01 10.000000 2   1.650111818019E-11  2.129058214451E-11
AR GRAD 2024 06 23 02 01 20.000000 2   9.831462033372E-12  3.974661225148E-11
AR GRAD 2024 06 23 02 01 30.000000 2   1.273297613180E-11  2.303263656189E-11
AR GRAD 2024 06 23 02 01 40.000000 2   1.283097759985E-11  2.381866232026E-11
AR GRAD 2024 06 23 02 01 50.000000 2   1.286561482350E-11  1.477468668243E-11
AR GRAD 2024 06 23 02 02  0.000000 2   1.220044985178E-11  4.580710376983E-12
AR GRAD 2024 06 23 02 02 10.000000 2   1.636676731642E-11  4.954673477053E-11
AR GRAD 2024 06 23 02 02 20.000000 2   9.854134001841E-12  1.705275330666E-11
AR GRAD 2024 06 23 02 02 30.000000 2   1.712884348248E-11  3.391877403947E-11
AR GRAD 2024 06 23 02 02 40.000000 2   1.274362386450E-11  2.492479139748E-11
AR GRAD 2024 06 23 02 02 50.000000 2   1.184548813205E-11  1.545080903498E-11
AR GRAD 2024 06 23 02 03  0.000000 2   1.372529433857E-11  4.091682895280E-11
AR GRAD 2024 06 23 02 03 10.000000 2   1.356136470482E-11  2.281284189332E-11
AR GRAD 2024 06 23 02 03 20.000000 2   1.475497848902E-11  2.950885716335E-11
AR GRAD 2024 06 23 02 03 30.000000 2   1.567654513146E-11  2.860486847389E-11
AR GRAD 2024 06 23 02 03 40.000000 2   1.326613298380E-11  3.607088239210E-11
AR GRAD 2024 06 23 02 03 50.000000 2   1.416759331380E-11  2.789689139415E-11
AR GRAD 2024 06 23 02 04  0.000000 2   1.365351408322E-11  3.358290381894E-11
AR GRAD 2024 06 23 02 04 10.000000 2   1.491422610411E-11  2.987891184469E-11
AR GRAD 2024 06 23 02 04 20.000000 2   1.663856205592E-11  3.845491980403E-11
AR GRAD 2024 06 23 02 04 30.000000 2   1.419570797717E-11  2.329092474440E-11
AR GRAD 2024 06 23 02 04 40.000000 2   1.516141032165E-11  1.895692977594E-11
AR GRAD 2024 06 23 02 04 50.000000 2   1.470564295336E-11  3.053293728961E-11
AR GRAD 2024 06 23 02 05  0.000000 2   1.453240479343E-11  3.931893699516E-11
AR GRAD 2024 06 23 02 05 10.000000 2   1.275571055032E-11  4.135494030555E-11
AR GRAD 2024 06 23 02 05 20.000000 2   1.438275366861E-11  3.045094038034E-11
AR GRAD 2024 06 23 02 05 30.000000 2   1.253418376035E-11  2.420693853700E-11
AR GRAD 2024 06 23 02 05 40.000000 2   1.627474717492E-11  3.245293964116E-11
AR GRAD 2024 06 23 02 05 50.000000 2   1.518189567118E-11  2.283893560384E-11
AR GRAD 2024 06 23 02 06  0.000000 2   2.017781254582E-11  3.362493269932E-11
AR GRAD 2024 06 23 02 06 10.000000 2   1.816050781978E-11  3.094092690392E-11
AR GRAD 2024 06 23 02 06 20.000000 2   1.682253641944E-11  3.165692361029E-11
AR GRAD 2024 06 23 02 06 30.000000 2   1.551069689354E-11  4.599291086871E-11
AR GRAD 2024 06 23 02 06 40.000000 2   1.814736382000E-11  3.012890631426E-11
AR GRAD 2024 06 23 02 06 50.000000 2   1.499971327701E-11  2.327489416476E-11
AR GRAD 2024 06 23 02 07  0.000000 2   1.743122139686E-11  2.152088403318E-11
AR GRAD 2024 06 23 02 07 10.000000 2   1.680130687354E-11  2.910687316171E-11
AR GRAD 2024 06 23 02 07 20.000000 2   1.497798933492E-11  3.798286338230E-11
AR GRAD 2024 06 23 02 07 30.000000 2   1.967270096825E-11  3.314884824968E-11
AR GRAD 2024 06 23 02 07 40.000000 2   1.795915152702E-11  3.685483168647E-11
AR GRAD 2024 06 23 02 07 50.000000 2   1.672933840069E-11  2.901081458395E-11
AR GRAD 2024 06 23 02 08  0.000000 2   1.872002032555E-11  2.350679720320E-11
AR GRAD 2024 06 23 02 08 10.000000 2   1.958280586301E-11  3.469277989887E-11
AR GRAD 2024 06 23 02 08 20.000000 2   2.075548066749E-11  3.083875863008E-11
AR GRAD 2024 06 23 02 08 30.000000 2   1.876068918272E-11  3.132474141188E-11
AR GRAD 2024 06 23 02 08 40.000000 2   1.735464723318E-11  4.445071741244E-11
AR GRAD 2024 06 23 02 08 50.000000 2   1.671860913599E-11  4.445669526953E-11
AR GRAD 2024 06 23 02 09  0.000000 2   1.883413910941E-11  2.409266883219E-11
AR GRAD 2024 06 23 02 09 10.000000 2   1.817239587976E-11  2.857864292438E-11
AR GRAD 2024 06 23 02 09 20.000000 2   1.889652843923E-11  4.587462007488E-11
AR GRAD 2024 06 23 02 09 30.000000 2   1.827129940402E-11  2.285058947615E-11
AR GRAD 2024 06 23 02 09 40.000000 2   1.925286492732E-11  4.074656237418E-11
AR GRAD 2024 06 23 02 09 50.000000 2   2.195540797778E-11  2.771253192202E-11
AR GRAD 2024 06 23 02 10  0.000000 2   1.810298265459E-11  4.708850323554E-11
AR GRAD 2024 06 23 02 10 10.000000 2   1.853680750563E-11  3.404447210253E-11
AR GRAD 2024 06 23 02 10 20.000000 2   2.143594329818E-11  1.482043480994E-11
AR GRAD 2024 06 23 02 10 30.000000 2   2.142954563800E-11  5.550640502783E-11
AR GRAD 2024 06 23 02 10 40.000000 2   1.661218905491E-11  2.493236520018E-11
AR GRAD 2024 06 23 02 10 50.000000 2   1.877514636817E-11  3.436833109771E-11
AR GRAD 2024 06 23 02 11  0.000000 2   2.071524549119E-11  3.470429499330E-11
AR GRAD 2024 06 23 02 11 10.000000 2   2.289543901690E-11  5.263025432134E-11
AR GRAD 2024 06 23 02 11 20.000000 2   2.104313251428E-11  2.403621225666E-11
AR GRAD 2024 06 23 02 11 30.000000 2   2.388173166168E-11  3.501217024637E-11
AR GRAD 2024 06 23 02 11 40.000000 2   2.160974524323E-11  4.081813012591E-11
AR GRAD 2024 06 23 02 11 50.000000 2   2.067368672087E-11  2.702408435917E-11
AR GRAD 2024 06 23 02 12  0.000000 2   2.266713032550E-11  4.965004449242E-11
AR GRAD 2024 06 23 02 12 10.000000 2   2.067173689169E-11  2.653599562308E-11
AR GRAD 2024 06 23 02 12 20.000000 2   2.198450449464E-11  3.719195090790E-11
AR GRAD 2024 06 23 02 12 30.000000 2   2.321506528680E-11  3.591790406765E-11
AR GRAD 2024 06 23 02 12 40.000000 2   2.193997240829E-11  4.148385454594E-11
AR GRAD 2024 06 23 02 12 50.000000 2   1.828396288539E-11  3.797980333009E-11
AR GRAD 2024 06 23 02 13  0.000000 2   1.883585822038E-11  5.857574841839E-11
AR GRAD 2024 06 23 02 13 10.000000 2   2.215264603700E-11  2.778169708173E-11
AR GRAD 2024 06 23 02 13 20.000000 2   1.865252743927E-11  5.431764760200E-11
AR GRAD 2024 06 23 02 13 30.000000 2   2.323394601711E-11  1.934359096512E-11
AR GRAD 2024 06 23 02 13 40.000000 2   2.157747071296E-11  4.005953554986E-11
AR GRAD 2024 06 23 02 13 50.000000 2   2.068115470544E-11  4.114547938472E-11
AR GRAD 2024 06 23 02 14  0.000000 2   1.979174636679E-11  3.068142268026E-11
AR GRAD 2024 06 23 02 14 10.000000 2   2.248434251284E-11  4.332735906165E-11
AR GRAD 2024 06 23 02 14 20.000000 2   1.943420424588E-11  1.463329978024E-11
AR GRAD 2024 06 23 02 14 30.000000 2   2.075777570665E-11  4.190923996727E-11
AR GRAD 2024 06 23 02 14 40.000000 2   2.294426801330E-11  3.579517932062E-11
AR GRAD 2024 06 23 02 14 50.000000 2   2.308026686437E-11  4.507111350804E-11
AR GRAD 2024 06 23 02 15  0.000000 2   2.360689248249E-11  3.176705079544E-11
AR GRAD 2024 06 23 02 15 10.000000 2   2.291766602880E-11  4.412297957557E-11
AR GRAD 2024 06 23 02 15 20.000000 2   2.592879383423E-11  3.593891503839E-11
AR GRAD 2024 06 23 02 15 30.000000 2   2.298502013720E-11  3.424484654180E-11
AR GRAD 2024 06 23 02 15 40.000000 2   2.578230164085E-11  3.923077834811E-11
AR GRAD 2024 06 23 02 15 50.000000 2   2.370110531447E-11  3.940670706415E-11
AR GRAD 2024 06 23 02 16  0.000000 2   1.996944450078E-11  3.481263888272E-11
AR GRAD 2024 06 23 02 16 10.000000 2   2.331632109609E-11  2.504856218277E-11
AR GRAD 2024 06 23 02 16 20.000000 2   2.436781158799E-11  3.532448986099E-11
AR GRAD 2024 06 23 02 16 30.000000 2   2.652356806410E-11  3.380041732615E-11
AR GRAD 2024 06 23 02 16 40.000000 2   2.498031989595E-11  3.854633973122E-11
AR GRAD 2024 06 23 02 16 50.000000 2   2.339933108386E-11  3.398226144924E-11
AR GRAD 2024 06 23 02 17  0.000000 2   2.488027492364E-11  2.400818086001E-11
AR GRAD 2024 06 23 02 17 10.000000 2   2.584652283866E-11  4.182410320852E-11
AR GRAD 2024 06 23 02 17 20.000000 2   2.647245790632E-11  4.857002300351E-11
AR GRAD 2024 06 23 02 17 30.000000 2   2.590079192788E-11  3.637594392369E-11
AR GRAD 2024 06 23 02 17 40.000000 2   2.415721095383E-11  3.420186009406E-11
AR GRAD 2024 06 23 02 17 50.000000 2   2.458177064679E-11  2.464777167088E-11
AR GRAD 2024 06 23 02 18  0.000000 2   2.506168883532E-11  2.831368819955E-11
AR GRAD 2024 06 23 02 18 10.000000 2   2.869589635357E-11  3.908960308219E-11
AR GRAD 2024 06 23 02 18 20.000000 2   2.318701307347E-11  3.685551516752E-11
AR GRAD 2024 06 23 02 18 30.000000 2   2.399926091190E-11  3.245142696229E-11
AR GRAD 2024 06 23 02 18 40.000000 2   2.705740145825E-11  4.369733741516E-11
AR GRAD 2024 06 23 02 18 50.000000 2   2.381410173224E-11  3.688324645701E-11
AR GRAD 2024 06 23 02 19  0.000000 2   2.777209885674E-11  2.585915336029E-11
AR GRAD 2024 06 23 02 19 10.000000 2   2.345890495747E-11  3.717506510958E-11
AR GRAD 2024 06 23 02 19 20.000000 2   2.551335011314E-11  3.688096703036E-11
AR GRAD 2024 06 23 02 19 30.000000 2   2.626422690444E-11  2.495687163873E-11
AR GRAD 2024 06 23 02 19 40.000000 2   3.190028102784E-11  3.829277520073E-11
AR GRAD 2024 06 23 02 19 50.000000 2   2.810636792749E-11  3.845867721508E-11
AR GRAD 2024 06 23 02 20  0.000000 2   2.302282496591E-11  2.840457730136E-11
AR GRAD 2024 06 23 02 20 10.000000 2   2.783726374411E-11  3.628047862136E-11
AR GRAD 2024 06 23 02 20 20.000000 2   2.757918719787E-11  2.974637897113E-11
AR GRAD 2024 06 23 02 20 30.000000 2   2.621743620812E-11  3.052227914857E-11
AR GRAD 2024 06 23 02 20 40.000000 2   2.761302818344E-11  3.212817512033E-11
AR GRAD 2024 06 23 02 20 50.000000 2   2.704323397162E-11  3.061407030658E-11
AR GRAD 2024 06 23 02 21  0.000000 2   3.091619321660E-11  3.627996514322E-11
AR GRAD 2024 06 23 02 21 10.000000 2   2.835161619363E-11  2.841585473867E-11
AR GRAD 2024 06 23 02 21 20.000000 2   2.406110380382E-11  3.791175012813E-11
AR GRAD 2024 06 23 02 21 30.000000 2   2.605362627028E-11  3.824764116533E-11
AR GRAD 2024 06 23 02 21 40.000000 2   3.034050441442E-11  3.825353228626E-11
AR GRAD 2024 06 23 02 21 50.000000 2   2.680894395368E-11  4.030941899713E-11
AR GRAD 2024 06 23 02 22  0.000000 2   2.906728330254E-11  3.327530612163E-11
AR GRAD 2024 06 23 02 22 10.000000 2   2.793144882052E-11  3.416119470634E-11
AR GRAD 2024 06 23 02 22 20.000000 2   2.654750030917E-11  3.061707831709E-11
AR GRAD 2024 06 23 02 22 30.000000 2   2.823430378385E-11  3.035296319842E-11
AR GRAD 2024 06 23 02 22 40.000000 2   2.662856740665E-11  3.819884686340E-11
AR GRAD 2024 06 23 02 22 50.000000 2   2.910084846708E-11  2.813472718688E-11
AR GRAD 2024 06 23 02 23  0.000000 2   2.909160586040E-11  2.700060834637E-11
AR GRAD 2024 06 23 02 23 10.000000 2   3.027311387682E-11  2.731648761356E-11
AR GRAD 2024 06 23 02 23 20.000000 2   2.766233422880E-11  3.368236592416E-11
AR GRAD 2024 06 23 02 23 30.000000 2   2.934393700249E-11  2.838824314511E-11
AR GRAD 2024 06 23 02 23 40.000000 2   2.633726049750E-11  3.215412311408E-11
AR GRAD 2024 06 23 02 23 50.000000 2   2.819815908550E-11  2.227999382209E-11
AR GRAD 2024 06 23 02 24  0.000000 2   3.185351635238E-11  4.034587247626E-11
AR GRAD 2024 06 23 02 24 10.000000 2   3.210375021379E-11  2.705174279027E-11
AR GRAD 2024 06 23 02 24 20.000000 2   3.006923182669E-11  2.970761830978E-11
AR GRAD 2024 06 23 02 24 30.000000 2   2.707922601430E-11  3.105348964083E-11
AR GRAD 2024 06 23 02 24 40.000000 2   3.036241744137E-11  4.151935739660E-11
AR GRAD 2024 06 23 02 24 50.000000 2   2.335982275670E-11  3.117522559548E-11
AR GRAD 2024 06 23 02 25  0.000000 2   3.132852310905E-11  2.945109434105E-11
AR GRAD 2024 06 23 02 25 10.000000 2   2.850804661780E-11  4.347695814477E-11
AR GRAD 2024 06 23 02 25 20.000000 2   3.154798297600E-11  2.473282342819E-11
AR GRAD 2024 06 23 02 25 30.000000 2   2.809151002092E-11  2.812868687974E-11
AR GRAD 2024 06 23 02 25 40.000000 2   2.619585798280E-11  4.239454967636E-11
AR GRAD 2024 06 23 02 25 50.000000 2   2.792716405353E-11  2.574041153836E-11
AR GRAD 2024 06 23 02 26  0.000000 2   3.265551370979E-11  3.267627141090E-11
AR GRAD 2024 06 23 02 26 10.000000 2   2.714556704420E-11  4.190213453992E-11
AR GRAD 2024 06 23 02 26 20.000000 2   3.041632570810E-11  2.405798997518E-11
AR GRAD 2024 06 23 02 26 30.000000 2   2.928825237891E-11  2.097384765865E-11
AR GRAD 2024 06 23 02 26 40.000000 2   3.311507318360E-11  4.149970644907E-11
AR GRAD 2024 06 23 02 26 50.000000 2   3.008793908466E-11  3.071556203826E-11
AR GRAD 2024 06 23 02 27  0.000000 2   3.219450747660E-11  4.006141252066E-11
AR GRAD 2024 06 23 02 27 10.000000 2   2.857060768524E-11  2.882726522768E-11
AR GRAD 2024 06 23 02 27 20.000000 2   3.193699471549E-11  3.458311761961E-11
AR GRAD 2024 06 23 02 27 30.000000 2   2.871240745161E-11  3.130896930603E-11
AR GRAD 2024 06 23 02 27 40.000000 2   3.001428966476E-11  2.981481728170E-11
AR GRAD 2024 06 23 02 27 50.000000 2   2.838177089182E-11  2.872066300064E-11
AR GRAD 2024 06 23 02 28  0.000000 2   2.874946287978E-11  2.512651198217E-11
AR GRAD 2024 06 23 02 28 10.000000 2   3.307954257736E-11  3.014236082954E-11
AR GRAD 2024 06 23 02 28 20.000000 2   2.966207141020E-11  2.722820233170E-11
AR GRAD 2024 06 23 02 28 30.000000 2   3.055668912344E-11  3.655404798297E-11
AR GRAD 2024 06 23 02 28 40.000000 2   3.070839069141E-11  3.151989086403E-11
AR GRAD 2024 06 23 02 28 50.000000 2   2.858765654756E-11  2.121573056124E-11
AR GRAD 2024 06 23 02 29  0.000000 2   3.047413710267E-11  3.084157235156E-11
AR GRAD 2024 06 23 02 29 10.000000 2   2.681208033373E-11  2.435740845130E-11
AR GRAD 2024 06 23 02 29 20.000000 2   3.325059672044E-11  2.801324797130E-11
AR GRAD 2024 06 23 02 29 30.000000 2   2.931404424755E-11  2.040908241019E-11
AR GRAD 2024 06 23 02 29 40.000000 2   2.948567084937E-11  3.778492102535E-11
AR GRAD 2024 06 23 02 29 50.000000 2   2.992814676639E-11  3.531075778995E-11
AR GRAD 2024 06 23 02 30  0.000000 2   2.995988179766E-11  2.164658730042E-11
AR GRAD 2024 06 23 02 30 10.000000 2   3.205828311148E-11  2.982242230942E-11
AR GRAD 2024 06 23 02 30 20.000000 2   3.040577511992E-11  1.666825011348E-11
AR GRAD 2024 06 23 02 30 30.000000 2   3.162190301276E-11  4.902408340390E-11
AR GRAD 2024 06 23 02 30 40.000000 2   3.487134539459E-11  1.864990974154E-11
AR GRAD 2024 06 23 02 30 50.000000 2   3.033195916657E-11  3.256574176991E-11
AR GRAD 2024 06 23 02 31  0.000000 2   3.183768873538E-11  2.431156664873E-11
AR GRAD 2024 06 23 02 31 10.000000 2   3.029526282616E-11  3.858739022755E-11
AR GRAD 2024 06 23 02 31 20.000000 2   2.563459687577E-11  1.295321575695E-11
AR GRAD 2024 06 23 02 31 30.000000 2   2.603072965512E-11  2.944904042845E-11
AR GRAD 2024 06 23 02 31 40.000000 2   2.686900701931E-11  2.771486165565E-11
AR GRAD 2024 06 23 02 31 50.000000 2   2.903941496990E-11  2.432068088587E-11
AR GRAD 2024 06 23 02 32  0.000000 2   3.226097861075E-11  4.219650670545E-11
AR GRAD 2024 06 23 02 32 10.000000 2   3.018645403086E-11  2.212232133592E-11
AR GRAD 2024 06 23 02 32 20.000000 2   2.987032843293E-11  4.092813934986E-11
AR GRAD 2024 06 23 02 32 30.000000 2   3.090946248951E-11  7.813954344682E-12
AR GRAD 2024 06 23 02 32 40.000000 2   3.098352477360E-11  3.408977267139E-11
AR GRAD 2024 06 23 02 32 50.000000 2   3.036645934706E-11  2.998558693013E-11
AR GRAD 2024 06 23 02 33  0.000000 2   3.237357257269E-11  2.705139758030E-11
AR GRAD 2024 06 23 02 33 10.000000 2   3.429306144609E-11  2.830720900737E-11
AR GRAD 2024 06 23 02 33 20.000000 2   3.178575111451E-11  2.167302101674E-11
AR GRAD 2024 06 23 02 33 30.000000 2   2.767158550909E-11  2.096882910363E-11
AR GRAD 2024 06 23 02 33 40.000000 2   2.895401626790E-11  3.202463988439E-11
AR GRAD 2024 06 23 02 33 50.000000 2   3.268804324441E-11  3.354044819659E-11
AR GRAD 2024 06 23 02 34  0.000000 2   2.907651897033E-11  4.321625349246E-11
AR GRAD 2024 06 23 02 34 10.000000 2   3.183700178488E-11  3.922205962792E-11
AR GRAD 2024 06 23 02 34 20.000000 2   2.962026457443E-11  2.555786138281E-11
AR GRAD 2024 06 23 02 34 30.000000 2   3.225571199028E-11  1.016366765055E-11
AR GRAD 2024 06 23 02 34 40.000000 2   3.257028674541E-11  3.786946797812E-11
AR GRAD 2024 06 23 02 34 50.000000 2   2.974952229007E-11  3.676527138285E-11
AR GRAD 2024 06 23 02 35  0.000000 2   2.886491219656E-11  8.501069639899E-12
AR GRAD 2024 06 23 02 35 10.000000 2   2.924873190868E-11  2.222686444620E-11
AR GRAD 2024 06 23 02 35 20.000000 2   2.875031289429E-11  8.802663459262E-12
AR GRAD 2024 06 23 02 35 30.000000 2   2.366374630969E-11  3.530846101607E-11
AR GRAD 2024 06 23 02 35 40.000000 2   3.227770481451E-11  3.756425379087E-11
AR GRAD 2024 06 23 02 35 50.000000 2   2.943625551644E-11  3.236005213791E-11
AR GRAD 2024 06 23 02 36  0.000000 2   2.869950284368E-11  2.047584150844E-11
AR GRAD 2024 06 23 02 36 10.000000 2   2.874920961016E-11  3.150163463417E-11
AR GRAD 2024 06 23 02 36 20.000000 2   2.916680438836E-11  4.837423864257E-12
AR GRAD 2024 06 23 02 36 30.000000 2   2.767152305905E-11  2.519321209982E-11
AR GRAD 2024 06 23 02 36 40.000000 2   3.091650199738E-11  3.624900379862E-11
AR GRAD 2024 06 23 02 36 50.000000 2   2.722257835819E-11  2.765478818167E-11
AR GRAD 2024 06 23 02 37  0.000000 2   2.794392668648E-11  2.047057488797E-11
AR GRAD 2024 06 23 02 37 10.000000 2   2.951905386794E-11  1.706635874288E-11
AR GRAD 2024 06 23 02 37 20.000000 2   2.667742242390E-11  2.603214345476E-11
AR GRAD 2024 06 23 02 37 30.000000 2   2.797082877815E-11  7.867925928828E-12
AR GRAD 2024 06 23 02 37 40.000000 2   3.066401646490E-11  1.123370927530E-11
AR GRAD 2024 06 23 02 37 50.000000 2   2.932793244370E-11  1.185948735050E-11
AR GRAD 2024 06 23 02 38  0.000000 2   2.459390330278E-11  2.191526821127E-11
AR GRAD 2024 06 23 02 38 10.000000 2   2.889604007461E-11  2.329104617504E-11
AR GRAD 2024 06 23 02 38 20.000000 2   2.642650855089E-11  4.746823160234E-12
AR GRAD 2024 06 23 02 38 30.000000 2   3.033012382914E-11  1.503259669522E-11
AR GRAD 2024 06 23 02 38 40.000000 2   3.058798353495E-11  1.720837361496E-11
AR GRAD 2024 06 23 02 38 50.000000 2   2.908085057485E-11  2.616414723766E-11
AR GRAD 2024 06 23 02 39  0.000000 2   2.883087345251E-11  1.750991886207E-11
AR GRAD 2024 06 23 02 39 10.000000 2   2.560164580334E-11  1.256569154284E-11
AR GRAD 2024 06 23 02 39 20.000000 2   2.801750151327E-11  2.026146091183E-11
AR GRAD 2024 06 23 02 39 30.000000 2   2.701273059402E-11  1.283723041062E-11
AR GRAD 2024 06 23 02 39 40.000000 2   2.807475259214E-11  2.432299847643E-11
AR GRAD 2024 06 23 02 39 50.000000 2   2.812130042718E-11  2.772876546431E-11
AR GRAD 2024 06 23 02 40  0.000000 2   2.367779583512E-11  1.146452984629E-11
AR GRAD 2024 06 23 02 40 10.000000 2   2.449395547499E-11  1.052029643955E-11
AR GRAD 2024 06 23 02 40 20.000000 2   2.537417324866E-11  1.322605653470E-11
AR GRAD 2024 06 23 02 40 30.000000 2   2.946090593703E-11  1.843182030614E-11
AR GRAD 2024 06 23 02 40 40.000000 2   2.624708089760E-11  1.967758074539E-11
AR GRAD 2024 06 23 02 40 50.000000 2   2.977863788889E-11  1.358334365126E-11
AR GRAD 2024 06 23 02 41  0.000000 2   2.203054405570E-11  2.284909934869E-11
AR GRAD 2024 06 23 02 41 10.000000 2   2.388964200073E-11  1.135485976078E-11
AR GRAD 2024 06 23 02 41 20.000000 2   2.588747098631E-11  1.682061434582E-11
AR GRAD 2024 06 23 02 41 30.000000 2   2.628760230328E-11  1.249637199274E-11
AR GRAD 2024 06 23 02 41 40.000000 2   2.607558266532E-11  1.362212426192E-11
AR GRAD 2024 06 23 02 41 50.000000 2   2.500400927974E-11  2.004787655330E-11
AR GRAD 2024 06 23 02 42  0.000000 2   2.555415254402E-11  1.349363155934E-11
AR GRAD 2024 06 23 02 42 10.000000 2   2.200077446612E-11  8.359383497913E-12
AR GRAD 2024 06 23 02 42 20.000000 2   2.579736944897E-11  6.025133083426E-12
AR GRAD 2024 06 23 02 42 30.000000 2   2.216505971819E-11  2.239087908140E-11
AR GRAD 2024 06 23 02 42 40.000000 2   2.500732260158E-11  5.246627351324E-12
AR GRAD 2024 06 23 02 42 50.000000 2   2.280027208701E-11  2.179237346134E-11
AR GRAD 2024 06 23 02 43  0.000000 2   2.004334372085E-11  2.230811889381E-11
AR GRAD 2024 06 23 02 43 10.000000 2   2.202327382961E-11  3.213865154908E-12
AR GRAD 2024 06 23 02 43 20.000000 2   2.284251086893E-11  1.744960599626E-11
AR GRAD 2024 06 23 02 43 30.000000 2   2.093102080547E-11  2.115534830649E-11
AR GRAD 2024 06 23 02 43 40.000000 2   1.798165609468E-11  1.052109007554E-11
AR GRAD 2024 06 23 02 43 50.000000 2   2.356327806485E-11  1.818682877908E-11
AR GRAD 2024 06 23 02 44  0.000000 2   1.691230835932E-11  8.242569821126E-12
AR GRAD 2024 06 23 02 44 10.000000 2   2.259258752302E-11  1.823830496350E-11
AR GRAD 2024 06 23 02 44 20.000000 2   2.220022429777E-11  3.424041866013E-12
AR GRAD 2024 06 23 02 44 30.000000 2   1.598655756385E-11  2.525977690904E-11
AR GRAD 2024 06 23 02 44 40.000000 2   2.546312639906E-11  2.455117814777E-13
AR GRAD 2024 06 23 02 44 50.000000 2   1.822680721630E-11  6.701243292911E-12
AR GRAD 2024 06 23 02 45  0.000000 2   1.504645540107E-11  1.150697506030E-11
AR GRAD 2024 06 23 02 45 10.000000 2   2.165180361391E-11  4.252707994784E-12
AR GRAD 2024 06 23 02 45 20.000000 2   1.772620418505E-11  1.787843484369E-11
AR GRAD 2024 06 23 02 45 30.000000 2   1.663150693554E-11  5.341655937019E-13
AR GRAD 2024 06 23 02 45 40.000000 2   1.801523687173E-11 -7.280110542185E-12
AR GRAD 2024 06 23 02 45 50.000000 2   1.780474899460E-11  2.819561771561E-11
AR GRAD 2024 06 23 02 46  0.000000 2   1.857037613961E-11  4.591342497168E-12
AR GRAD 2024 06 23 02 46 10.000000 2   1.578690650428E-11  1.165706853962E-11
AR GRAD 2024 06 23 02 46 20.000000 2   1.746886142684E-11  2.337278981468E-11
AR GRAD 2024 06 23 02 46 30.000000 2   2.002637465581E-11 -1.241487164808E-12
AR GRAD 2024 06 23 02 46 40.000000 2   1.410739060292E-11  5.354232248539E-12
AR GRAD 2024 06 23 02 46 50.000000 2   1.725641678163E-11  2.652995011176E-11
AR GRAD 2024 06 23 02 47  0.000000 2   1.622804321477E-11 -1.463433020599E-11
AR GRAD 2024 06 23 02 47 10.000000 2   1.776691294086E-11  1.373138668742E-11
AR GRAD 2024 06 23 02 47 20.000000 2   1.717387516920E-11  2.050710122548E-11
AR GRAD 2024 06 23 02 47 30.000000 2   1.502439145318E-11  1.762817214250E-12
AR GRAD 2024 06 23 02 47 40.000000 2   1.733525649417E-11  1.146853098599E-11
AR GRAD 2024 06 23 02 47 50.000000 2   1.090896210171E-11  1.964243004360E-12
AR GRAD 2024 06 23 02 48  0.000000 2   1.881743198762E-11 -5.250045190253E-12
AR GRAD 2024 06 23 02 48 10.000000 2   1.527588645855E-11  2.824566448789E-11
AR GRAD 2024 06 23 02 48 20.000000 2   1.348859912653E-11  5.341374911816E-12
AR GRAD 2024 06 23 02 48 30.000000 2   1.586285616750E-11 -4.662916754106E-12
AR GRAD 2024 06 23 02 48 40.000000 2   1.440535277869E-11  1.252279009656E-11
AR GRAD 2024 06 23 02 48 50.000000 2   1.446381035775E-11  3.868494934112E-12
AR GRAD 2024 06 23 02 49  0.000000 2   1.278458155313E-11 -5.458011429968E-13
AR GRAD 2024 06 23 02 49 10.000000 2   1.393035773539E-11  4.439905040843E-12
AR GRAD 2024 06 23 02 49 20.000000 2   1.413322670701E-11  9.545604758021E-12
AR GRAD 2024 06 23 02 49 30.000000 2   1.219755806775E-11  1.431308630645E-12
AR GRAD 2024 06 23 02 49 40.000000 2   1.723843637280E-11 -2.782991068498E-12
AR GRAD 2024 06 23 02 49 50.000000 2   9.910279194503E-12  1.211270753837E-11
AR GRAD 2024 06 23 02 50  0.000000 2   1.170634769676E-11 -7.591593152723E-12
AR GRAD 2024 06 23 02 50 10.000000 2   1.181184403759E-11  4.004100002952E-12
AR GRAD 2024 06 23 02 50 20.000000 2   1.327056086547E-11  7.809797079872E-12
AR GRAD 2024 06 23 02 50 30.000000 2   9.449952972918E-12 -9.064506090173E-12
AR GRAD 2024 06 23 02 50 40.000000 2   1.348048582483E-11  9.111831298161E-13
AR GRAD 2024 06 23 02 50 50.000000 2   1.155717015144E-11 -6.203122650955E-12
AR GRAD 2024 06 23 02 51  0.000000 2   9.566113526316E-12  1.348256836037E-11
AR GRAD 2024 06 23 02 51 10.000000 2   1.397817885745E-11 -1.921742929720E-12
AR GRAD 2024 06 23 02 51 20.000000 2   7.357240684736E-12 -4.806051823875E-12
AR GRAD 2024 06 23 02 51 30.000000 2   1.130422404988E-11 -1.351036556935E-11
AR GRAD 2024 06 23 02 51 40.000000 2   6.300467526171E-12  3.375322374030E-12
AR GRAD 2024 06 23 02 51 50.000000 2   8.358730374525E-12  3.511006806470E-12
AR GRAD 2024 06 23 02 52  0.000000 2   5.287758945982E-12 -1.343306976070E-12
AR GRAD 2024 06 23 02 52 10.000000 2   1.056929977566E-11  1.181237486297E-11
AR GRAD 2024 06 23 02 52 20.000000 2   5.566858606032E-12 -1.498194276972E-11
AR GRAD 2024 06 23 02 52 30.000000 2   1.134973712236E-11 -1.302626236044E-11
AR GRAD 2024 06 23 02 52 40.000000 2   4.413319102531E-12 -1.227058211983E-11
AR GRAD 2024 06 23 02 52 50.000000 2   4.844298573392E-12 -8.874906018419E-12
AR GRAD 2024 06 23 02 53  0.000000 2   4.025300492233E-12  6.320773765500E-12
AR GRAD 2024 06 23 02 53 10.000000 2   5.300637533068E-12  3.364484526484E-13
AR GRAD 2024 06 23 02 53 20.000000 2   3.599011279970E-12 -9.947875856398E-12
AR GRAD 2024 06 23 02 53 30.000000 2   1.710244034066E-12 -7.102201205617E-12
AR GRAD 2024 06 23 02 53 40.000000 2   4.200536619925E-12 -1.139652695131E-11
AR GRAD 2024 06 23 02 53 50.000000 2   6.320024364959E-12 -9.660851979509E-12
AR GRAD 2024 06 23 02 54  0.000000 2   5.446577217016E-12 -4.215183757594E-12
AR GRAD 2024 06 23 02 54 10.000000 2   4.621392244580E-12 -1.507951749580E-11
AR GRAD 2024 06 23 02 54 20.000000 2   2.316729924220E-12 -1.816384542774E-11
AR GRAD 2024 06 23 02 54 30.000000 2   4.034144112514E-12  1.049182095370E-11
AR GRAD 2024 06 23 02 54 40.000000 2   9.414975743471E-12 -7.002514020027E-12
AR GRAD 2024 06 23 02 54 50.000000 2   4.748353186340E-12 -1.191684511487E-11
AR GRAD 2024 06 23 02 55  0.000000 2   3.399229031933E-12 -2.531182511853E-12
AR GRAD 2024 06 23 02 55 10.000000 2   3.482504649238E-12 -3.687551999865E-11
AR GRAD 2024 06 23 02 55 20.000000 2   5.455511476599E-12 -2.699858349040E-12
AR GRAD 2024 06 23 02 55 30.000000 2   4.112350650981E-12 -2.409419712357E-11
AR GRAD 2024 06 23 02 55 40.000000 2   2.931112600899E-12 -8.238538323768E-12
AR GRAD 2024 06 23 02 55 50.000000 2   2.787610637114E-12 -1.170288258662E-11
AR GRAD 2024 06 23 02 56  0.000000 2   5.910474800558E-12 -7.957220819754E-12
AR GRAD 2024 06 23 02 56 10.000000 2   1.371078272618E-12 -2.274156730986E-11
AR GRAD 2024 06 23 02 56 20.000000 2   6.994052038911E-12 -9.135913379976E-12
AR GRAD 2024 06 23 02 56 30.000000 2   3.865272685255E-12 -2.049026052997E-11
AR GRAD 2024 06 23 02 56 40.000000 2   2.931477760190E-12 -1.893460561952E-11
AR GRAD 2024 06 23 02 56 50.000000 2   5.019364698183E-12 -1.854895750886E-11
AR GRAD 2024 06 23 02 57  0.000000 2   1.581498278690E-12 -3.133304813524E-12
AR GRAD 2024 06 23 02 57 10.000000 2  -1.834220573821E-13 -1.457765332058E-11
AR GRAD 2024 06 23 02 57 20.000000 2  -1.280376087272E-12 -1.811200668611E-11
AR GRAD 2024 06 23 02 57 30.000000 2   4.732532508239E-12 -1.727636089743E-11
AR GRAD 2024 06 23 02 57 40.000000 2   1.418536186952E-12 -1.597071433435E-11
AR GRAD 2024 06 23 02 57 50.000000 2   3.485601130643E-12 -1.321506706148E-11
AR GRAD 2024 06 23 02 58  0.000000 2  -2.131199947422E-13 -1.479942383920E-11
AR GRAD 2024 06 23 02 58 10.000000 2   2.941468466369E-12 -2.769378476541E-11
AR GRAD 2024 06 23 02 58 20.000000 2   1.153263682468E-12 -2.113814158433E-11
AR GRAD 2024 06 23 02 58 30.000000 2   1.867652300175E-12 -2.747250343882E-11
AR GRAD 2024 06 23 02 58 40.000000 2   2.039725132503E-13 -2.240686282351E-11
AR GRAD 2024 06 23 02 58 50.000000 2   3.693985221875E-12 -2.224122275241E-11
AR GRAD 2024 06 23 02 59  0.000000 2  -6.240388522767E-13 -1.568558304077E-11
AR GRAD 2024 06 23 02 59 10.000000 2  -1.938216514369E-12 -1.205994939329E-11
AR GRAD 2024 06 23 02 59 20.000000 2  -2.700874463316E-12 -1.741431651658E-11
AR GRAD 2024 06 23 02 59 30.000000 2  -3.380612413270E-12 -2.930868395201E-11
AR GRAD 2024 06 23 02 59 40.000000 2  -1.499469493883E-12 -1.736304849898E-11
AR GRAD 2024 06 23 02 59 50.000000 2  -1.076203254118E-12 -3.280741650569E-11
AR GRAD 2024 06 23 03 00  0.000000 2  -1.359734156867E-12 -4.351789761881E-12
AR GRAD 2024 06 23 03 00 10.000000 2  -5.802001240562E-12 -1.288616088835E-11
AR GRAD 2024 06 23 03 00 20.000000 2  -4.386772629178E-12 -1.222053187810E-11
AR GRAD 2024 06 23 03 00 30.000000 2  -7.095123533835E-12 -2.727490629184E-11
AR GRAD 2024 06 23 03 00 40.000000 2  -4.298045860190E-12 -1.801927704270E-11
AR GRAD 2024 06 23 03 00 50.000000 2  -1.769408946618E-12 -1.035365283092E-11
AR GRAD 2024 06 23 03 01  0.000000 2  -3.868320160721E-12 -3.240803111981E-11
AR GRAD 2024 06 23 03 01 10.000000 2  -6.380734482447E-12 -2.271241007767E-11
AR GRAD 2024 06 23 03 01 20.000000 2  -8.116686576326E-13 -2.484679129111E-11
AR GRAD 2024 06 23 03 01 30.000000 2  -6.972135976197E-12 -1.311116840097E-11
AR GRAD 2024 06 23 03 01 40.000000 2  -4.432175546715E-12 -2.176554943223E-11
AR GRAD 2024 06 23 03 01 50.000000 2  -3.343288102961E-12 -2.542993246535E-11
AR GRAD 2024 06 23 03 02  0.000000 2  -7.255222464475E-12 -3.613431082128E-11
AR GRAD 2024 06 23 03 02 10.000000 2  -7.713050684255E-12 -2.536870193082E-11
AR GRAD 2024 06 23 03 02 20.000000 2  -6.393252247050E-12 -3.300308984433E-11
AR GRAD 2024 06 23 03 02 30.000000 2  -2.571558851278E-12 -1.717747472041E-11
AR GRAD 2024 06 23 03 02 40.000000 2  -5.348642969499E-12 -2.076186098043E-11
AR GRAD 2024 06 23 03 02 50.000000 2  -8.808265748728E-12 -1.707625360559E-11
AR GRAD 2024 06 23 03 03  0.000000 2  -8.159987442691E-12 -2.694064069053E-11
AR GRAD 2024 06 23 03 03 10.000000 2  -3.932757765279E-12 -1.550503128667E-11
AR GRAD 2024 06 23 03 03 20.000000 2  -5.160302306989E-12 -1.602942605039E-11
AR GRAD 2024 06 23 03 03 30.000000 2  -1.178157224557E-11 -5.007381662092E-11
AR GRAD 2024 06 23 03 03 40.000000 2  -6.274309630877E-12 -1.679821212686E-11
AR GRAD 2024 06 23 03 03 50.000000 2  -6.252245682986E-12 -3.208261087351E-11
AR GRAD 2024 06 23 03 04  0.000000 2  -5.264602555982E-12 -2.288700479136E-11
AR GRAD 2024 06 23 03 04 10.000000 2  -5.987745889391E-12 -1.223140339013E-11
AR GRAD 2024 06 23 03 04 20.000000 2  -5.158861619142E-12 -3.092580011521E-11
AR GRAD 2024 06 23 03 04 30.000000 2  -4.048416549912E-12 -4.817020393677E-11
AR GRAD 2024 06 23 03 04 40.000000 2  -3.885550735327E-12 -1.172460305926E-11
AR GRAD 2024 06 23 03 04 50.000000 2  -9.371873936626E-12 -2.058900966384E-11
