 2.00 C RINEX VERSION / TYPE
 10.00 INTERVAL
 1 AR # / TYPES OF DATA
 END OF HEADER
AR GRAD 2024 06 18 01 05  0.000000 2   1.787801504061E-11  3.136679110893E-11
AR GRAD 2024 06 18 01 05 10.000000 2   2.547018325416E-11  2.554303470126E-11
AR GRAD 2024 06 18 01 05 20.000000 2   2.185633792007E-11  3.922928301647E-11
AR GRAD 2024 06 18 01 05 30.000000 2   2.665000164992E-11  2.121552933332E-11
AR GRAD 2024 06 18 01 05 40.000000 2   2.321800564309E-11  1.762177903597E-11
AR GRAD 2024 06 18 01 05 50.000000 2   2.087305502052E-11  2.406802708521E-11
AR GRAD 2024 06 18 01 06  0.000000 2   2.177636716783E-11  3.520428046300E-11
AR GRAD 2024 06 18 01 06 10.000000 2   2.072234224493E-11  1.313052878232E-11
AR GRAD 2024 06 18 01 06 20.000000 2   2.367874819831E-11  4.038678072527E-11
AR GRAD 2024 06 18 01 06 30.000000 2   2.316881582420E-11  1.083303325516E-11
AR GRAD 2024 06 18 01 06 40.000000 2   2.874764662431E-11  5.144928580392E-11
AR GRAD 2024 06 18 01 06 50.000000 2   2.245443414539E-11  3.760554020960E-11
AR GRAD 2024 06 18 01 07  0.000000 2   2.650603868337E-11  2.642179357248E-11
AR GRAD 2024 06 18 01 07 10.000000 2   2.455013102531E-11  3.737805204240E-11
AR GRAD 2024 06 18 01 07 20.000000 2   2.464680889935E-11  2.835430328030E-11
AR GRAD 2024 06 18 01 07 30.000000 2   2.585574462866E-11  2.730056111733E-11
AR GRAD 2024 06 18 01 07 40.000000 2   2.430996376424E-11  3.855682093046E-11
AR GRAD 2024 06 18 01 07 50.000000 2   2.582922070671E-11  3.275308149697E-11
AR GRAD 2024 06 18 01 08  0.000000 2   2.463144792297E-11  1.416933671089E-11
AR GRAD 2024 06 18 01 08 10.000000 2   2.784802423383E-11  3.729559716614E-11
AR GRAD 2024 06 18 01 08 20.000000 2   2.392177948785E-11  2.843185582801E-11
AR GRAD 2024 06 18 01 08 30.000000 2   2.650498223677E-11  5.020811891243E-11
AR GRAD 2024 06 18 01 08 40.000000 2   2.711845678571E-11  3.996437902831E-11
AR GRAD 2024 06 18 01 08 50.000000 2   2.625441183901E-11  2.345064073483E-11
AR GRAD 2024 06 18 01 09  0.000000 2   2.082897396227E-11  3.472690537909E-11
AR GRAD 2024 06 18 01 09 10.000000 2   3.108321586232E-11  5.175317119299E-11
AR GRAD 2024 06 18 01 09 20.000000 2   2.772457090294E-11  3.226943365298E-11
AR GRAD 2024 06 18 01 09 30.000000 2   2.712127050719E-11  2.339569683818E-11
AR GRAD 2024 06 18 01 09 40.000000 2   2.728257376960E-11  3.873196902093E-11
AR GRAD 2024 06 18 01 09 50.000000 2   3.049226149354E-11  2.149823374875E-11
AR GRAD 2024 06 18 01 10  0.000000 2   2.733794961240E-11  3.019450314778E-11
AR GRAD 2024 06 18 01 10 10.000000 2   2.993884307134E-11  4.258076877206E-11
AR GRAD 2024 06 18 01 10 20.000000 2   3.537115739194E-11  4.542704060140E-11
AR GRAD 2024 06 18 01 10 30.000000 2   2.623328464180E-11  3.559330954972E-11
AR GRAD 2024 06 18 01 10 40.000000 2   2.842073971998E-11  4.541958129045E-11
AR GRAD 2024 06 18 01 10 50.000000 2   3.109782570343E-11  4.124585048504E-11
AR GRAD 2024 06 18 01 11  0.000000 2   3.084391769770E-11  2.779212103510E-11
AR GRAD 2024 06 18 01 11 10.000000 2   3.211466162445E-11  2.542839376563E-11
AR GRAD 2024 06 18 01 11 20.000000 2   3.048931246363E-11  4.977467049638E-11
AR GRAD 2024 06 18 01 11 30.000000 2   2.921527603172E-11  4.807094652892E-11
AR GRAD 2024 06 18 01 11 40.000000 2   3.112150467888E-11  4.362721989226E-11
AR GRAD 2024 06 18 01 11 50.000000 2   3.095934619779E-11  3.723349406570E-11
AR GRAD 2024 06 18 01 12  0.000000 2   2.979972171802E-11  1.724976932127E-11
AR GRAD 2024 06 18 01 12 10.000000 2   3.242233564960E-11  2.641604643361E-11
AR GRAD 2024 06 18 01 12 20.000000 2   3.195466460881E-11  3.631232467494E-11
AR GRAD 2024 06 18 01 12 30.000000 2   2.930198098050E-11  5.222860338661E-11
AR GRAD 2024 06 18 01 12 40.000000 2   2.936832721456E-11  3.313488372569E-11
AR GRAD 2024 06 18 01 12 50.000000 2   2.962827552744E-11  5.491116242262E-11
AR GRAD 2024 06 18 01 13  0.000000 2   3.216549249174E-11  2.206744335875E-11
AR GRAD 2024 06 18 01 13 10.000000 2   3.190362557470E-11  4.018372787296E-11
AR GRAD 2024 06 18 01 13 20.000000 2   3.471593845727E-11  3.650000787725E-11
AR GRAD 2024 06 18 01 13 30.000000 2   3.511657284405E-11  2.924629288747E-11
AR GRAD 2024 06 18 01 13 40.000000 2   3.129838055393E-11  5.258257718133E-11
AR GRAD 2024 06 18 01 13 50.000000 2   3.350691946125E-11  3.245886198711E-11
AR GRAD 2024 06 18 01 14  0.000000 2   2.959802541946E-11  4.553514509897E-11
AR GRAD 2024 06 18 01 14 10.000000 2   3.641152657163E-11  5.174143405395E-11
AR GRAD 2024 06 18 01 14 20.000000 2   3.183081229152E-11  1.370771898768E-11
AR GRAD 2024 06 18 01 14 30.000000 2   3.836138004476E-11  5.192400676091E-11
AR GRAD 2024 06 18 01 14 40.000000 2   3.201311785106E-11  4.152029414728E-11
AR GRAD 2024 06 18 01 14 50.000000 2   4.023600549963E-11  4.763658217888E-11
AR GRAD 2024 06 18 01 15  0.000000 2   2.947929747532E-11  3.485287752847E-11
AR GRAD 2024 06 18 01 15 10.000000 2   3.540825965764E-11  2.437916188369E-11
AR GRAD 2024 06 18 01 15 20.000000 2   3.112238938785E-11  5.343545744774E-11
AR GRAD 2024 06 18 01 15 30.000000 2   3.608476364936E-11  2.114174633971E-11
AR GRAD 2024 06 18 01 15 40.000000 2   3.860337050021E-11  5.901804045472E-11
AR GRAD 2024 06 18 01 15 50.000000 2   3.518165619942E-11  4.504433284702E-11
AR GRAD 2024 06 18 01 16  0.000000 2   3.684160962414E-11  2.926062864228E-11
AR GRAD 2024 06 18 01 16 10.000000 2   3.621766081485E-11  5.661692295544E-11
AR GRAD 2024 06 18 01 16 20.000000 2   3.356446717784E-11  3.928321556934E-11
AR GRAD 2024 06 18 01 16 30.000000 2   3.677392071411E-11  2.350951204544E-11
AR GRAD 2024 06 18 01 16 40.000000 2   3.339744106268E-11  4.843581438707E-11
AR GRAD 2024 06 18 01 16 50.000000 2   3.553356914265E-11  3.056210839958E-11
AR GRAD 2024 06 18 01 17  0.000000 2   3.965611866663E-11  4.917840787377E-11
AR GRAD 2024 06 18 01 17 10.000000 2   3.661698375068E-11  3.533470738226E-11
AR GRAD 2024 06 18 01 17 20.000000 2   3.680249854865E-11  4.768100844710E-11
AR GRAD 2024 06 18 01 17 30.000000 2   3.749298094213E-11  3.618731009292E-11
AR GRAD 2024 06 18 01 17 40.000000 2   3.816851001925E-11  3.549360805266E-11
AR GRAD 2024 06 18 01 17 50.000000 2   3.793119637829E-11  6.189990880978E-11
AR GRAD 2024 06 18 01 18  0.000000 2   3.762236355787E-11  3.286621669263E-11
AR GRAD 2024 06 18 01 18 10.000000 2   3.611437190965E-11  4.451251867099E-11
AR GRAD 2024 06 18 01 18 20.000000 2   3.798187805937E-11  4.558882438221E-11
AR GRAD 2024 06 18 01 18 30.000000 2   3.733763298541E-11  3.921512767291E-11
AR GRAD 2024 06 18 01 18 40.000000 2   3.725228459039E-11  3.012143312553E-11
AR GRAD 2024 06 18 01 18 50.000000 2   4.121072580410E-11  4.517774002122E-11
AR GRAD 2024 06 18 01 19  0.000000 2   3.562982547889E-11  4.331404679370E-11
AR GRAD 2024 06 18 01 19 10.000000 2   3.714843363478E-11  5.246035897355E-11
AR GRAD 2024 06 18 01 19 20.000000 2   3.835926021267E-11  3.714666421684E-11
AR GRAD 2024 06 18 01 19 30.000000 2   3.886773194961E-11  5.611297190788E-11
AR GRAD 2024 06 18 01 19 40.000000 2   4.051159060992E-11  1.924928272334E-11
AR GRAD 2024 06 18 01 19 50.000000 2   3.655015526349E-11  5.940559155704E-11
AR GRAD 2024 06 18 01 20  0.000000 2   3.745175697345E-11  3.294190614733E-11
AR GRAD 2024 06 18 01 20 10.000000 2   4.128884734111E-11  6.104821509423E-11
AR GRAD 2024 06 18 01 20 20.000000 2   4.025457397971E-11  3.683453195236E-11
AR GRAD 2024 06 18 01 20 30.000000 2   4.005682591179E-11  4.621084764844E-11
AR GRAD 2024 06 18 01 20 40.000000 2   3.719444197081E-11  3.574716217480E-11
AR GRAD 2024 06 18 01 20 50.000000 2   4.120716615152E-11  2.003347314428E-11
AR GRAD 2024 06 18 01 21  0.000000 2   4.073736487031E-11  3.905979359398E-11
AR GRAD 2024 06 18 01 21 10.000000 2   3.919707614042E-11  6.770610461171E-11
AR GRAD 2024 06 18 01 21 20.000000 2   4.263157188378E-11  2.817242619746E-11
AR GRAD 2024 06 18 01 21 30.000000 2   4.066168582395E-11  4.743874737478E-11
AR GRAD 2024 06 18 01 21 40.000000 2   3.900601716622E-11  4.360506400403E-11
AR GRAD 2024 06 18 01 21 50.000000 2   3.744028351238E-11  3.830138289862E-11
AR GRAD 2024 06 18 01 22  0.000000 2   3.891930527855E-11  4.133770756254E-11
AR GRAD 2024 06 18 01 22 10.000000 2   3.911007628865E-11  3.673402554361E-11
AR GRAD 2024 06 18 01 22 20.000000 2   3.720951671782E-11  3.202034817851E-11
AR GRAD 2024 06 18 01 22 30.000000 2   4.117225310685E-11  5.039667294593E-11
AR GRAD 2024 06 18 01 22 40.000000 2   4.248751350744E-11  4.678299761474E-11
AR GRAD 2024 06 18 01 22 50.000000 2   4.176462994887E-11  4.905931910715E-11
AR GRAD 2024 06 18 01 23  0.000000 2   4.306409742694E-11  9.165644805631E-12
AR GRAD 2024 06 18 01 23 10.000000 2   4.014773929972E-11  6.003196550974E-11
AR GRAD 2024 06 18 01 23 20.000000 2   3.873765891393E-11  3.930829620136E-11
AR GRAD 2024 06 18 01 23 30.000000 2   4.102314321575E-11  3.923462249533E-11
AR GRAD 2024 06 18 01 23 40.000000 2   3.925113012393E-11  4.274094966839E-11
AR GRAD 2024 06 18 01 23 50.000000 2   4.428077696184E-11  5.009728049066E-11
AR GRAD 2024 06 18 01 24  0.000000 2   4.284139015764E-11  4.521361063325E-11
AR GRAD 2024 06 18 01 24 10.000000 2   4.340536263747E-11  4.848993775952E-11
AR GRAD 2024 06 18 01 24 20.000000 2   3.861472600009E-11  5.174627046300E-11
AR GRAD 2024 06 18 01 24 30.000000 2   3.762687730835E-11  3.433260273300E-11
AR GRAD 2024 06 18 01 24 40.000000 2   4.456927882313E-11  4.388893762308E-11
AR GRAD 2024 06 18 01 24 50.000000 2   4.190935445902E-11  3.709527129914E-11
AR GRAD 2024 06 18 01 25  0.000000 2   4.220535726462E-11  5.233160085827E-11
AR GRAD 2024 06 18 01 25 10.000000 2   4.328728001046E-11  4.743793552420E-11
AR GRAD 2024 06 18 01 25 20.000000 2   4.051080998435E-11  3.565427120211E-11
AR GRAD 2024 06 18 01 25 30.000000 2   4.469710018773E-11  4.767061051458E-11
AR GRAD 2024 06 18 01 25 40.000000 2   3.960147834658E-11  5.808694844567E-11
AR GRAD 2024 06 18 01 25 50.000000 2   4.222076854798E-11  3.459328309918E-11
AR GRAD 2024 06 18 01 26  0.000000 2   4.053544999660E-11  4.458962019060E-11
AR GRAD 2024 06 18 01 26 10.000000 2   4.047279525410E-11  3.109595914097E-11
AR GRAD 2024 06 18 01 26 20.000000 2   4.515988624720E-11  4.128230049472E-11
AR GRAD 2024 06 18 01 26 30.000000 2   4.004989048734E-11  4.397863670458E-11
AR GRAD 2024 06 18 01 26 40.000000 2   4.226016758757E-11  5.015498433236E-11
AR GRAD 2024 06 18 01 26 50.000000 2   4.138950987498E-11  3.789132202447E-11
AR GRAD 2024 06 18 01 27  0.000000 2   3.839285486751E-11  4.958766730567E-11
AR GRAD 2024 06 18 01 27 10.000000 2   4.376070686374E-11  5.112400780494E-11
AR GRAD 2024 06 18 01 27 20.000000 2   3.916319699093E-11  3.195035208625E-11
AR GRAD 2024 06 18 01 27 30.000000 2   3.779830268225E-11  4.391670013759E-11
AR GRAD 2024 06 18 01 27 40.000000 2   4.064844641438E-11  4.255304442147E-11
AR GRAD 2024 06 18 01 27 50.000000 2   4.177136761485E-11  5.392938873250E-11
AR GRAD 2024 06 18 01 28  0.000000 2   4.089489857861E-11  4.316573487539E-11
AR GRAD 2024 06 18 01 28 10.000000 2   4.365669631357E-11  5.010208567469E-11
AR GRAD 2024 06 18 01 28 20.000000 2   4.035466405483E-11  3.473843435131E-11
AR GRAD 2024 06 18 01 28 30.000000 2   4.162703168276E-11  4.376478346391E-11
AR GRAD 2024 06 18 01 28 40.000000 2   4.616660873036E-11  3.586113350718E-11
AR GRAD 2024 06 18 01 28 50.000000 2   4.204035383704E-11  4.521748253605E-11
AR GRAD 2024 06 18 01 29  0.000000 2   4.255860594493E-11  5.490383495066E-11
AR GRAD 2024 06 18 01 29 10.000000 2   3.849520355259E-11  4.530018721249E-11
AR GRAD 2024 06 18 01 29 20.000000 2   4.443452897296E-11  4.385653645800E-11
AR GRAD 2024 06 18 01 29 30.000000 2   3.603916817752E-11  4.456289157129E-11
AR GRAD 2024 06 18 01 29 40.000000 2   4.649541862634E-11  3.724924882431E-11
AR GRAD 2024 06 18 01 29 50.000000 2   3.932456443811E-11  4.959560193085E-11
AR GRAD 2024 06 18 01 30  0.000000 2   4.209959464374E-11  4.643195550269E-11
AR GRAD 2024 06 18 01 30 10.000000 2   3.682580976272E-11  3.959831421096E-11
AR GRAD 2024 06 18 01 30 20.000000 2   3.808457021970E-11  4.969467545801E-11
AR GRAD 2024 06 18 01 30 30.000000 2   4.155576577292E-11  3.930103117944E-11
AR GRAD 2024 06 18 01 30 40.000000 2   4.306320230962E-11  4.356738927958E-11
AR GRAD 2024 06 18 01 30 50.000000 2   3.822959310229E-11  4.632374692171E-11
AR GRAD 2024 06 18 01 31  0.000000 2   4.138850026592E-11  3.205010909446E-11
AR GRAD 2024 06 18 01 31 10.000000 2   3.864165584733E-11  6.259646967433E-11
AR GRAD 2024 06 18 01 31 20.000000 2   3.614662735796E-11  3.583282975894E-11
AR GRAD 2024 06 18 01 31 30.000000 2   4.089802108087E-11  4.490919441880E-11
AR GRAD 2024 06 18 01 31 40.000000 2   3.872914836056E-11  4.183555585291E-11
AR GRAD 2024 06 18 01 31 50.000000 2   4.268674649865E-11  3.828191930122E-11
AR GRAD 2024 06 18 01 32  0.000000 2   3.952789831563E-11  4.526828564777E-11
AR GRAD 2024 06 18 01 32 10.000000 2   3.974095358350E-11  5.150464776893E-11
AR GRAD 2024 06 18 01 32 20.000000 2   3.483484681266E-11  4.408101661468E-11
AR GRAD 2024 06 18 01 32 30.000000 2   4.122682403795E-11  4.036738304736E-11
AR GRAD 2024 06 18 01 32 40.000000 2   3.454100547251E-11  4.889375362915E-11
AR GRAD 2024 06 18 01 32 50.000000 2   4.027581740340E-11  3.774012005686E-11
AR GRAD 2024 06 18 01 33  0.000000 2   4.441855216974E-11  3.586649033327E-11
AR GRAD 2024 06 18 01 33 10.000000 2   3.653315150398E-11  4.574285741854E-11
AR GRAD 2024 06 18 01 33 20.000000 2   3.734410003453E-11  5.911923034452E-11
AR GRAD 2024 06 18 01 33 30.000000 2   3.716840030199E-11  2.986559957674E-11
AR GRAD 2024 06 18 01 33 40.000000 2   3.991064076447E-11  5.343197065355E-11
AR GRAD 2024 06 18 01 33 50.000000 2   3.017857838628E-11  2.828834388957E-11
AR GRAD 2024 06 18 01 34  0.000000 2   4.047499835291E-11  3.946471968663E-11
AR GRAD 2024 06 18 01 34 10.000000 2   3.760688635501E-11  2.616109065490E-11
AR GRAD 2024 06 18 01 34 20.000000 2   3.775160045683E-11  4.065747044590E-11
AR GRAD 2024 06 18 01 34 30.000000 2   2.934413476097E-11  3.284384222924E-11
AR GRAD 2024 06 18 01 34 40.000000 2   3.801836276351E-11  3.023021763471E-11
AR GRAD 2024 06 18 01 34 50.000000 2   3.376070603633E-11  4.242659695786E-11
AR GRAD 2024 06 18 01 35  0.000000 2   3.224652836420E-11  3.531297476655E-11
AR GRAD 2024 06 18 01 35 10.000000 2   3.419924066161E-11  4.913935230944E-11
AR GRAD 2024 06 18 01 35 20.000000 2   3.035045825772E-11  2.614573141324E-11
AR GRAD 2024 06 18 01 35 30.000000 2   3.358072847570E-11  4.555211416402E-11
AR GRAD 2024 06 18 01 35 40.000000 2   3.602920392587E-11  4.015849458527E-11
AR GRAD 2024 06 18 01 35 50.000000 2   3.417907970538E-11  4.866487768318E-11
AR GRAD 2024 06 18 01 36  0.000000 2   2.875545981884E-11  2.686125627482E-11
AR GRAD 2024 06 18 01 36 10.000000 2   3.497103648331E-11  2.460763884327E-11
AR GRAD 2024 06 18 01 36 20.000000 2   3.128042963541E-11  5.667402658283E-11
AR GRAD 2024 06 18 01 36 30.000000 2   3.544762400276E-11  3.056040837057E-11
AR GRAD 2024 06 18 01 36 40.000000 2   3.332840600723E-11  3.106679496989E-11
AR GRAD 2024 06 18 01 36 50.000000 2   2.854532582530E-11  5.778318448724E-11
AR GRAD 2024 06 18 01 37  0.000000 2   2.785237318559E-11  2.233956596098E-11
AR GRAD 2024 06 18 01 37 10.000000 2   3.519275842967E-11  4.324595542782E-11
AR GRAD 2024 06 18 01 37 20.000000 2   2.874732916991E-11  3.732233966325E-11
AR GRAD 2024 06 18 01 37 30.000000 2   2.532246634601E-11  2.971873094837E-11
AR GRAD 2024 06 18 01 37 40.000000 2   2.874249276086E-11  3.385512356568E-11
AR GRAD 2024 06 18 01 37 50.000000 2   2.445618187130E-11  3.114151297945E-11
AR GRAD 2024 06 18 01 38  0.000000 2   3.090129194194E-11  4.994790345214E-11
AR GRAD 2024 06 18 01 38 10.000000 2   2.831790531233E-11  3.422429353805E-11
AR GRAD 2024 06 18 01 38 20.000000 2   2.491718636977E-11  3.152068883683E-11
AR GRAD 2024 06 18 01 38 30.000000 2   2.493274163518E-11  3.269708115372E-11
AR GRAD 2024 06 18 01 38 40.000000 2   2.633759182968E-11  3.933347397789E-11
AR GRAD 2024 06 18 01 38 50.000000 2   2.471387677838E-11  3.123986833109E-11
AR GRAD 2024 06 18 01 39  0.000000 2   2.833160268889E-11  3.609626486600E-11
AR GRAD 2024 06 18 01 39 10.000000 2   2.504922311242E-11  2.449265963655E-11
AR GRAD 2024 06 18 01 39 20.000000 2   2.646958520425E-11  3.553905780773E-11
AR GRAD 2024 06 18 01 39 30.000000 2   1.915927833052E-11  4.069545395113E-11
AR GRAD 2024 06 18 01 39 40.000000 2   2.129079898494E-11  2.331185418314E-11
AR GRAD 2024 06 18 01 39 50.000000 2   2.420004127646E-11  5.162825375549E-11
AR GRAD 2024 06 18 01 40  0.000000 2   2.526684590720E-11  2.826465277106E-11
AR GRAD 2024 06 18 01 40 10.000000 2   2.453731315355E-11  1.592105267068E-11
AR GRAD 2024 06 18 01 40 20.000000 2   2.171707778886E-11  4.630745439882E-11
AR GRAD 2024 06 18 01 40 30.000000 2   2.365792110826E-11  1.767385716944E-11
AR GRAD 2024 06 18 01 40 40.000000 2   2.582626473790E-11  4.565026134884E-11
AR GRAD 2024 06 18 01 40 50.000000 2   2.122973845331E-11  3.630666600696E-11
AR GRAD 2024 06 18 01 41  0.000000 2   2.390172088029E-11  1.982306679915E-11
AR GRAD 2024 06 18 01 41 10.000000 2   2.171633532722E-11  2.930947498592E-11
AR GRAD 2024 06 18 01 41 20.000000 2   2.646364204162E-11  2.395587894721E-11
AR GRAD 2024 06 18 01 41 30.000000 2   1.881119392200E-11  3.198228487600E-11
AR GRAD 2024 06 18 01 41 40.000000 2   2.132277514277E-11  3.438869328187E-11
AR GRAD 2024 06 18 01 41 50.000000 2   2.081718131208E-11  1.758509830807E-11
AR GRAD 2024 06 18 01 42  0.000000 2   1.558252138434E-11  4.972150816074E-11
AR GRAD 2024 06 18 01 42 10.000000 2   1.496539871193E-11  2.034791779515E-11
AR GRAD 2024 06 18 01 42 20.000000 2   2.142025098961E-11  3.595432979120E-11
AR GRAD 2024 06 18 01 42 30.000000 2   1.525774818989E-11  2.170073842844E-11
AR GRAD 2024 06 18 01 42 40.000000 2   1.782005792927E-11  2.494715024837E-11
AR GRAD 2024 06 18 01 42 50.000000 2   1.716543227004E-11  4.429356534330E-11
AR GRAD 2024 06 18 01 43  0.000000 2   1.157918986389E-11  2.651997718650E-11
AR GRAD 2024 06 18 01 43 10.000000 2   1.335709320927E-11  4.475639303614E-11
AR GRAD 2024 06 18 01 43 20.000000 2   8.839548017170E-12  1.009280593128E-11
AR GRAD 2024 06 18 01 43 30.000000 2   1.450667190539E-11  3.559922148733E-11
AR GRAD 2024 06 18 01 43 40.000000 2   1.321004503702E-11  3.064563880439E-11
AR GRAD 2024 06 18 01 43 50.000000 2   2.094062987248E-12  3.107205465147E-11
AR GRAD 2024 06 18 01 44  0.000000 2   1.039473368492E-11  2.014847143295E-11
AR GRAD 2024 06 18 01 44 10.000000 2   1.289413541217E-11  2.826488869345E-11
AR GRAD 2024 06 18 01 44 20.000000 2   8.595237369069E-12  3.885130758774E-11
AR GRAD 2024 06 18 01 44 30.000000 2   3.071807998939E-12  1.142772942248E-11
AR GRAD 2024 06 18 01 44 40.000000 2   5.189213208440E-12  3.671414908202E-11
AR GRAD 2024 06 18 01 44 50.000000 2   5.353419096910E-12  3.522056951644E-11
AR GRAD 2024 06 18 01 45  0.000000 2   9.935063839325E-13  3.693699512919E-11
AR GRAD 2024 06 18 01 45 10.000000 2  -1.895899751211E-13  2.022341322183E-11
AR GRAD 2024 06 18 01 45 20.000000 2   3.994907269572E-12  1.875983916821E-11
AR GRAD 2024 06 18 01 45 30.000000 2   1.790784317710E-12  2.012626176828E-11
AR GRAD 2024 06 18 01 45 40.000000 2  -5.071188694666E-13  2.928269085545E-11
AR GRAD 2024 06 18 01 45 50.000000 2   2.047642220712E-12  2.670911408709E-11
AR GRAD 2024 06 18 01 46  0.000000 2   5.482170706977E-12  3.221553926402E-11
AR GRAD 2024 06 18 01 46 10.000000 2   6.566816860253E-13  2.118196763823E-11
AR GRAD 2024 06 18 01 46 20.000000 2   1.744251661509E-12  2.490839305647E-11
AR GRAD 2024 06 18 01 46 30.000000 2  -1.678765958711E-12  3.488482766545E-11
AR GRAD 2024 06 18 01 46 40.000000 2  -1.713658186707E-12  2.232125248525E-11
AR GRAD 2024 06 18 01 46 50.000000 2   5.482109449555E-13  1.358768306203E-11
AR GRAD 2024 06 18 01 47  0.000000 2  -3.350411311234E-13  3.472411247429E-11
AR GRAD 2024 06 18 01 47 10.000000 2  -4.285190691872E-12  1.423054556138E-11
AR GRAD 2024 06 18 01 47 20.000000 2   1.545808972362E-13  3.182697855264E-11
AR GRAD 2024 06 18 01 47 30.000000 2  -9.537723909270E-12  6.993410624906E-12
AR GRAD 2024 06 18 01 47 40.000000 2  -4.921310754746E-12  3.333984477383E-11
AR GRAD 2024 06 18 01 47 50.000000 2  -3.601639386036E-12  1.547627824505E-11
AR GRAD 2024 06 18 01 48  0.000000 2  -4.588250786253E-12  3.336271536813E-11
AR GRAD 2024 06 18 01 48 10.000000 2  -8.624953182212E-12  2.542914837034E-11
AR GRAD 2024 06 18 01 48 20.000000 2  -2.777315703806E-12 -1.544137268137E-13
AR GRAD 2024 06 18 01 48 30.000000 2  -2.282767941689E-12  1.888202268152E-11
AR GRAD 2024 06 18 01 48 40.000000 2  -5.092948198587E-12  2.974846410875E-11
AR GRAD 2024 06 18 01 48 50.000000 2  -3.150856095133E-12  1.495490016545E-11
AR GRAD 2024 06 18 01 49  0.000000 2  -8.896187606022E-12  1.811133881757E-11
AR GRAD 2024 06 18 01 49 10.000000 2  -6.677130636595E-12  1.328777973070E-11
AR GRAD 2024 06 18 01 49 20.000000 2  -8.904450961300E-12  1.597422194521E-11
AR GRAD 2024 06 18 01 49 30.000000 2  -7.022885745167E-12  2.960066566859E-11
AR GRAD 2024 06 18 01 49 40.000000 2  -9.545458173887E-12  1.239710591128E-11
AR GRAD 2024 06 18 01 49 50.000000 2  -8.732595375982E-12  3.562354924935E-11
AR GRAD 2024 06 18 01 50  0.000000 2  -5.816473604842E-12  1.377999363922E-11
AR GRAD 2024 06 18 01 50 10.000000 2  -8.020482715476E-12  3.088643923954E-11
AR GRAD 2024 06 18 01 50 20.000000 2  -1.075066077827E-11  9.902883200963E-12
AR GRAD 2024 06 18 01 50 30.000000 2  -9.060976795261E-12  1.393933059257E-11
AR GRAD 2024 06 18 01 50 40.000000 2  -1.153483038252E-11  1.891577519619E-11
AR GRAD 2024 06 18 01 50 50.000000 2  -9.915858065201E-12  3.862224776108E-12
AR GRAD 2024 06 18 01 51  0.000000 2  -1.303040227801E-11  2.430867139525E-11
AR GRAD 2024 06 18 01 51 10.000000 2  -8.007223356588E-12  2.129512365057E-11
AR GRAD 2024 06 18 01 51 20.000000 2  -1.139769528757E-11  2.091571056975E-12
AR GRAD 2024 06 18 01 51 30.000000 2  -1.360697231972E-11  1.438021251556E-12
AR GRAD 2024 06 18 01 51 40.000000 2  -1.076292006907E-11  1.424447452353E-11
AR GRAD 2024 06 18 01 51 50.000000 2  -1.254335524337E-11  4.980925828041E-12
AR GRAD 2024 06 18 01 52  0.000000 2  -1.902322223357E-11  1.228737857989E-11
AR GRAD 2024 06 18 01 52 10.000000 2  -2.001635836246E-11 -1.361668888538E-13
AR GRAD 2024 06 18 01 52 20.000000 2  -1.571163685266E-11  1.004028717805E-11
AR GRAD 2024 06 18 01 52 30.000000 2  -1.821932188451E-11  7.426741513439E-12
AR GRAD 2024 06 18 01 52 40.000000 2  -2.057553606660E-11  1.803319819860E-11
AR GRAD 2024 06 18 01 52 50.000000 2  -1.865718864125E-11  1.220965516191E-11
AR GRAD 2024 06 18 01 53  0.000000 2  -2.468155541058E-11  4.386111265853E-12
AR GRAD 2024 06 18 01 53 10.000000 2  -2.084977503147E-11  1.465256735389E-11
AR GRAD 2024 06 18 01 53 20.000000 2  -2.434153052733E-11  3.579027916048E-12
AR GRAD 2024 06 18 01 53 30.000000 2  -2.707062699003E-11  3.095486757546E-12
AR GRAD 2024 06 18 01 53 40.000000 2  -2.887515573868E-11 -2.778051660240E-12
AR GRAD 2024 06 18 01 53 50.000000 2  -2.856266785589E-11  1.941840785391E-11
AR GRAD 2024 06 18 01 54  0.000000 2  -2.739006937924E-11 -4.755130317280E-12
AR GRAD 2024 06 18 01 54 10.000000 2  -3.098754933206E-11  1.567133228741E-11
AR GRAD 2024 06 18 01 54 20.000000 2  -2.388076195126E-11  1.926779395756E-11
AR GRAD 2024 06 18 01 54 30.000000 2  -2.921139025114E-11  2.564259785412E-12
AR GRAD 2024 06 18 01 54 40.000000 2  -3.025515254995E-11 -5.639276805941E-12
AR GRAD 2024 06 18 01 54 50.000000 2  -3.124484698747E-11 -2.552811694673E-12
AR GRAD 2024 06 18 01 55  0.000000 2  -3.024839753674E-11  1.990365337823E-11
AR GRAD 2024 06 18 01 55 10.000000 2  -3.162884884556E-11 -4.549877835602E-12
AR GRAD 2024 06 18 01 55 20.000000 2  -3.204478696284E-11  1.135658928009E-11
AR GRAD 2024 06 18 01 55 30.000000 2  -2.885465998081E-11  1.423058285793E-12
AR GRAD 2024 06 18 01 55 40.000000 2  -2.930019421532E-11  1.149952702506E-11
AR GRAD 2024 06 18 01 55 50.000000 2  -3.217386079779E-11 -5.704002374596E-12
AR GRAD 2024 06 18 01 56  0.000000 2  -3.061944101046E-11  1.460246680518E-11
AR GRAD 2024 06 18 01 56 10.000000 2  -2.862505024681E-11 -5.901060889935E-12
AR GRAD 2024 06 18 01 56 20.000000 2  -3.282742827571E-11  4.054101076113E-13
AR GRAD 2024 06 18 01 56 30.000000 2  -2.856436441545E-11  9.821883757699E-12
AR GRAD 2024 06 18 01 56 40.000000 2  -3.173256102329E-11  4.498356548366E-12
AR GRAD 2024 06 18 01 56 50.000000 2  -3.458455397065E-11 -7.285168995841E-12
AR GRAD 2024 06 18 01 57  0.000000 2  -3.094705394724E-11 -2.418695669096E-12
AR GRAD 2024 06 18 01 57 10.000000 2  -3.519326496892E-11  7.017780887658E-12
AR GRAD 2024 06 18 01 57 20.000000 2  -3.202083737053E-11 -6.785742540788E-12
AR GRAD 2024 06 18 01 57 30.000000 2  -3.530527259432E-11  1.091073412174E-11
AR GRAD 2024 06 18 01 57 40.000000 2  -3.224119929368E-11 -1.945278660376E-11
AR GRAD 2024 06 18 01 57 50.000000 2  -3.239393128740E-11  2.555369110757E-11
AR GRAD 2024 06 18 01 58  0.000000 2  -3.367579132219E-11 -1.246983072356E-11
AR GRAD 2024 06 18 01 58 10.000000 2  -3.079310070819E-11  8.816650534649E-12
AR GRAD 2024 06 18 01 58 20.000000 2  -3.443895862931E-11 -1.174686910244E-11
AR GRAD 2024 06 18 01 58 30.000000 2  -3.007979976211E-11 -2.960388661641E-12
AR GRAD 2024 06 18 01 58 40.000000 2  -3.137788640029E-11 -3.693907159319E-12
AR GRAD 2024 06 18 01 58 50.000000 2  -3.351636329585E-11 -1.185742042747E-11
AR GRAD 2024 06 18 01 59  0.000000 2  -3.526695602218E-11  1.599061269682E-12
AR GRAD 2024 06 18 01 59 10.000000 2  -3.413950719344E-11 -2.494454946420E-12
AR GRAD 2024 06 18 01 59 20.000000 2  -3.317824834315E-11 -2.430796883224E-11
AR GRAD 2024 06 18 01 59 30.000000 2  -3.626239239440E-11  3.498516580602E-12
AR GRAD 2024 06 18 01 59 40.000000 2  -3.736804268795E-11 -6.384997999070E-12
AR GRAD 2024 06 18 01 59 50.000000 2  -3.508285675857E-11 -1.275851212873E-11
AR GRAD 2024 06 18 02 00  0.000000 2  -3.771937970298E-11 -1.002022141476E-12
AR GRAD 2024 06 18 02 00 10.000000 2  -3.558902478273E-11 -2.095534032756E-12
AR GRAD 2024 06 18 02 00 20.000000 2  -3.600032077999E-11 -2.024904376119E-11
AR GRAD 2024 06 18 02 00 30.000000 2  -3.766982559217E-11  2.647446498139E-12
AR GRAD 2024 06 18 02 00 40.000000 2  -3.605455517475E-11 -2.101606388916E-11
AR GRAD 2024 06 18 02 00 50.000000 2  -3.663762002115E-11 -1.539569578594E-12
AR GRAD 2024 06 18 02 01  0.000000 2  -3.926364094964E-11 -1.270307557061E-11
AR GRAD 2024 06 18 02 01 10.000000 2  -3.846812798858E-11 -2.472658362784E-11
AR GRAD 2024 06 18 02 01 20.000000 2  -3.813444698908E-11 -9.320090706144E-12
AR GRAD 2024 06 18 02 01 30.000000 2  -3.848176638455E-11 -1.259359456995E-11
AR GRAD 2024 06 18 02 01 40.000000 2  -3.765323816629E-11 -1.743710037472E-11
AR GRAD 2024 06 18 02 01 50.000000 2  -3.899161202248E-11 -1.843060426499E-11
AR GRAD 2024 06 18 02 02  0.000000 2  -4.302699169179E-11 -1.421410905644E-11
AR GRAD 2024 06 18 02 02 10.000000 2  -3.776292820112E-11 -1.295760807679E-11
AR GRAD 2024 06 18 02 02 20.000000 2  -3.799823303230E-11 -1.496111394494E-11
AR GRAD 2024 06 18 02 02 30.000000 2  -4.050302107594E-11 -1.752461023519E-11
AR GRAD 2024 06 18 02 02 40.000000 2  -4.174626269671E-11 -2.034811381890E-11
AR GRAD 2024 06 18 02 02 50.000000 2  -3.736544407218E-11 -2.550161297410E-11
AR GRAD 2024 06 18 02 03  0.000000 2  -3.903307191355E-11 -3.235510470656E-11
AR GRAD 2024 06 18 02 03 10.000000 2  -3.991710434414E-11 -1.236860613929E-11
AR GRAD 2024 06 18 02 03 20.000000 2  -4.303888495594E-11 -1.718210469737E-11
AR GRAD 2024 06 18 02 03 30.000000 2  -3.400636716666E-11 -2.478560412467E-11
AR GRAD 2024 06 18 02 03 40.000000 2  -3.946331803006E-11 -1.782909930803E-11
AR GRAD 2024 06 18 02 03 50.000000 2  -4.187510407871E-11 -1.799259179147E-11
AR GRAD 2024 06 18 02 04  0.000000 2  -4.090464425510E-11 -2.086608663632E-11
AR GRAD 2024 06 18 02 04 10.000000 2  -3.915707341706E-11 -1.622958364922E-11
AR GRAD 2024 06 18 02 04 20.000000 2  -3.791935515585E-11 -2.367307391782E-11
AR GRAD 2024 06 18 02 04 30.000000 2  -3.655940827851E-11 -2.316656241841E-11
AR GRAD 2024 06 18 02 04 40.000000 2  -4.009115955883E-11 -2.357005562947E-11
AR GRAD 2024 06 18 02 04 50.000000 2  -3.840511589304E-11 -1.862354541415E-11
AR GRAD 2024 06 18 02 05  0.000000 2  -4.071662798588E-11 -2.095703818816E-11
AR GRAD 2024 06 18 02 05 10.000000 2  -3.845744903086E-11 -3.018052127657E-11
AR GRAD 2024 06 18 02 05 20.000000 2  -4.385683483044E-11 -1.070401406400E-11
AR GRAD 2024 06 18 02 05 30.000000 2  -4.020856564368E-11 -2.813750447916E-11
AR GRAD 2024 06 18 02 05 40.000000 2  -3.903120535109E-11 -2.467098920989E-11
AR GRAD 2024 06 18 02 05 50.000000 2  -3.935146306033E-11 -3.048447258513E-11
AR GRAD 2024 06 18 02 06  0.000000 2  -3.727056163694E-11 -1.894796299029E-11
AR GRAD 2024 06 18 02 06 10.000000 2  -3.767030784529E-11 -2.413144684077E-11
AR GRAD 2024 06 18 02 06 20.000000 2  -3.988240987463E-11 -3.634492706794E-11
AR GRAD 2024 06 18 02 06 30.000000 2  -3.997406572420E-11 -1.262841220484E-11
AR GRAD 2024 06 18 02 06 40.000000 2  -4.280055129757E-11 -2.272189381092E-11
AR GRAD 2024 06 18 02 06 50.000000 2  -3.853604588211E-11 -2.235537970019E-11
AR GRAD 2024 06 18 02 07  0.000000 2  -3.620797064952E-11 -2.477885951979E-11
AR GRAD 2024 06 18 02 07 10.000000 2  -3.993891675713E-11 -4.282339240158E-12
AR GRAD 2024 06 18 02 07 20.000000 2  -3.704449594299E-11 -2.718581783301E-11
AR GRAD 2024 06 18 02 07 30.000000 2  -3.752507332644E-11 -3.653929589453E-11
AR GRAD 2024 06 18 02 07 40.000000 2  -3.720838220866E-11 -3.483277208338E-11
AR GRAD 2024 06 18 02 07 50.000000 2  -3.577069543348E-11 -1.894625602239E-11
AR GRAD 2024 06 18 02 08  0.000000 2  -3.655667435432E-11 -2.990973094197E-11
AR GRAD 2024 06 18 02 08 10.000000 2  -3.919073052194E-11 -2.228320479525E-11
AR GRAD 2024 06 18 02 08 20.000000 2  -3.782968036048E-11 -3.107667595481E-11
AR GRAD 2024 06 18 02 08 30.000000 2  -3.828752245805E-11 -1.520015363576E-11
AR GRAD 2024 06 18 02 08 40.000000 2  -3.705027604162E-11 -3.065362547128E-11
AR GRAD 2024 06 18 02 08 50.000000 2  -3.712021315327E-11 -3.132710063580E-11
AR GRAD 2024 06 18 02 09  0.000000 2  -3.766736228483E-11 -3.020057467995E-11
AR GRAD 2024 06 18 02 09 10.000000 2  -3.760499897587E-11 -2.977404781057E-11
AR GRAD 2024 06 18 02 09 20.000000 2  -3.671385070958E-11 -3.489751543295E-11
AR GRAD 2024 06 18 02 09 30.000000 2  -3.649159099894E-11 -1.892098977496E-11
AR GRAD 2024 06 18 02 09 40.000000 2  -3.706817838789E-11 -2.913445179553E-11
AR GRAD 2024 06 18 02 09 50.000000 2  -3.771104956085E-11 -3.513791688170E-11
AR GRAD 2024 06 18 02 10  0.000000 2  -3.721260105616E-11 -2.521139026712E-11
AR GRAD 2024 06 18 02 10 10.000000 2  -3.494094596990E-11 -2.148485556130E-11
AR GRAD 2024 06 18 02 10 20.000000 2  -3.872941897742E-11 -2.373832727609E-11
AR GRAD 2024 06 18 02 10 30.000000 2  -3.772451101502E-11 -3.683178761982E-11
AR GRAD 2024 06 18 02 10 40.000000 2  -3.280001270589E-11 -2.247525429655E-11
AR GRAD 2024 06 18 02 10 50.000000 2  -3.445937979407E-11 -2.511871960431E-11
AR GRAD 2024 06 18 02 11  0.000000 2  -3.618075630762E-11 -3.636218409708E-11
AR GRAD 2024 06 18 02 11 10.000000 2  -3.699536163526E-11 -2.304564525324E-11
AR GRAD 2024 06 18 02 11 20.000000 2  -3.506548523768E-11 -3.473910742402E-11
AR GRAD 2024 06 18 02 11 30.000000 2  -3.423284572479E-11 -2.847256978800E-11
AR GRAD 2024 06 18 02 11 40.000000 2  -3.610226700923E-11 -4.006602341566E-11
AR GRAD 2024 06 18 02 11 50.000000 2  -3.762135741825E-11 -1.572948889195E-11
AR GRAD 2024 06 18 02 12  0.000000 2  -3.650493449192E-11 -3.494294784079E-11
AR GRAD 2024 06 18 02 12 10.000000 2  -3.241221180339E-11 -3.781640278699E-11
AR GRAD 2024 06 18 02 12 20.000000 2  -3.563938727469E-11 -3.097986103762E-11
AR GRAD 2024 06 18 02 12 30.000000 2  -3.422234023942E-11 -2.342332057481E-11
AR GRAD 2024 06 18 02 12 40.000000 2  -3.364152359464E-11 -2.957677505688E-11
AR GRAD 2024 06 18 02 12 50.000000 2  -3.385587296623E-11 -2.673023087596E-11
AR GRAD 2024 06 18 02 13  0.000000 2  -3.746061794097E-11 -3.887368552058E-11
AR GRAD 2024 06 18 02 13 10.000000 2  -3.271735313226E-11 -2.062713888584E-11
AR GRAD 2024 06 18 02 13 20.000000 2  -2.910367953579E-11 -3.425058847650E-11
AR GRAD 2024 06 18 02 13 30.000000 2  -2.817120148269E-11 -3.638404161288E-11
AR GRAD 2024 06 18 02 13 40.000000 2  -2.760692195680E-11 -2.877749601116E-11
AR GRAD 2024 06 18 02 13 50.000000 2  -2.546675717530E-11 -2.262095025185E-11
AR GRAD 2024 06 18 02 14  0.000000 2  -3.428633071900E-11 -2.229440070056E-11
AR GRAD 2024 06 18 02 14 10.000000 2  -3.348477745080E-11 -2.196785114927E-11
AR GRAD 2024 06 18 02 14 20.000000 2  -3.193805289681E-11 -2.892129591370E-11
AR GRAD 2024 06 18 02 14 30.000000 2  -3.058179404158E-11 -3.788474048361E-11
AR GRAD 2024 06 18 02 14 40.000000 2  -3.284839761308E-11 -4.747818457829E-11
AR GRAD 2024 06 18 02 14 50.000000 2  -2.727806175384E-11 -2.815163727132E-11
AR GRAD 2024 06 18 02 15  0.000000 2  -3.226944059187E-11 -3.330508438482E-11
AR GRAD 2024 06 18 02 15 10.000000 2  -2.942103852210E-11 -2.061852771851E-11
AR GRAD 2024 06 18 02 15 20.000000 2  -3.168577900059E-11 -3.819197388899E-11
AR GRAD 2024 06 18 02 15 30.000000 2  -2.921307987180E-11 -3.183541624763E-11
AR GRAD 2024 06 18 02 15 40.000000 2  -3.501638909387E-11 -3.471885626216E-11
AR GRAD 2024 06 18 02 15 50.000000 2  -2.954518574239E-11 -4.328230135409E-11
AR GRAD 2024 06 18 02 16  0.000000 2  -2.930902395781E-11 -3.185574373732E-11
AR GRAD 2024 06 18 02 16 10.000000 2  -2.817637095864E-11 -2.160918492755E-11
AR GRAD 2024 06 18 02 16 20.000000 2  -2.804749141272E-11 -3.764262165862E-11
AR GRAD 2024 06 18 02 16 30.000000 2  -3.057365124959E-11 -2.942606228129E-11
AR GRAD 2024 06 18 02 16 40.000000 2  -2.681986577269E-11 -2.260950281163E-11
AR GRAD 2024 06 18 02 16 50.000000 2  -2.948028626770E-11 -4.176293685876E-11
AR GRAD 2024 06 18 02 17  0.000000 2  -2.632294729410E-11 -1.776637344186E-11
AR GRAD 2024 06 18 02 17 10.000000 2  -3.298950349007E-11 -4.657981292344E-11
AR GRAD 2024 06 18 02 17 20.000000 2  -2.859270632760E-11 -2.990324654562E-11
AR GRAD 2024 06 18 02 17 30.000000 2  -2.722289581258E-11 -2.819668457055E-11
AR GRAD 2024 06 18 02 17 40.000000 2  -3.091548544942E-11 -2.926011516413E-11
AR GRAD 2024 06 18 02 17 50.000000 2  -2.760794197421E-11 -2.858355045710E-11
AR GRAD 2024 06 18 02 18  0.000000 2  -2.748637255301E-11 -2.461698379863E-11
AR GRAD 2024 06 18 02 18 10.000000 2  -2.433007961766E-11 -2.643041514816E-11
AR GRAD 2024 06 18 02 18 20.000000 2  -3.118757682663E-11 -2.031384435663E-11
AR GRAD 2024 06 18 02 18 30.000000 2  -2.519421650471E-11 -3.075727519897E-11
AR GRAD 2024 06 18 02 18 40.000000 2  -2.843572426137E-11 -2.814070851342E-11
AR GRAD 2024 06 18 02 18 50.000000 2  -2.904067437914E-11 -3.491413408385E-11
AR GRAD 2024 06 18 02 19  0.000000 2  -2.679620240975E-11 -3.224756225939E-11
AR GRAD 2024 06 18 02 19 10.000000 2  -2.571521121042E-11 -3.281098656660E-11
AR GRAD 2024 06 18 02 19 20.000000 2  -2.922396352689E-11 -3.913441098957E-11
AR GRAD 2024 06 18 02 19 30.000000 2  -2.214432977266E-11 -2.013784451693E-11
AR GRAD 2024 06 18 02 19 40.000000 2  -3.034725942763E-11 -1.781126635070E-11
AR GRAD 2024 06 18 02 19 50.000000 2  -2.690067960054E-11 -3.483468721810E-11
AR GRAD 2024 06 18 02 20  0.000000 2  -2.337220694759E-11 -4.211811455157E-11
AR GRAD 2024 06 18 02 20 10.000000 2  -2.528680390079E-11 -2.336154013294E-11
AR GRAD 2024 06 18 02 20 20.000000 2  -2.642782694073E-11 -2.706496311788E-11
AR GRAD 2024 06 18 02 20 30.000000 2  -1.990548698094E-11 -2.465838297439E-11
AR GRAD 2024 06 18 02 20 40.000000 2  -2.430323997604E-11 -2.169180286782E-11
AR GRAD 2024 06 18 02 20 50.000000 2  -2.469595881960E-11 -4.248522020300E-11
AR GRAD 2024 06 18 02 21  0.000000 2  -2.337918053597E-11 -2.461864392900E-11
AR GRAD 2024 06 18 02 21 10.000000 2  -3.037152820906E-11 -2.284205984082E-11
AR GRAD 2024 06 18 02 21 20.000000 2  -2.164244478076E-11 -1.128547949536E-11
AR GRAD 2024 06 18 02 21 30.000000 2  -2.338563717674E-11 -3.577889373663E-11
AR GRAD 2024 06 18 02 21 40.000000 2  -2.029248470647E-11 -3.389231256756E-11
AR GRAD 2024 06 18 02 21 50.000000 2  -2.044722030581E-11 -2.317572696253E-11
AR GRAD 2024 06 18 02 22  0.000000 2  -2.170153466652E-11 -2.120914555093E-11
AR GRAD 2024 06 18 02 22 10.000000 2  -2.160650998395E-11 -2.740255938827E-11
AR GRAD 2024 06 18 02 22 20.000000 2  -2.457880426965E-11 -3.298596465418E-11
AR GRAD 2024 06 18 02 22 30.000000 2  -2.018136525950E-11 -7.109385129211E-12
AR GRAD 2024 06 18 02 22 40.000000 2  -1.984379674469E-11 -1.554279448202E-11
AR GRAD 2024 06 18 02 22 50.000000 2  -1.965685426930E-11 -2.320620952345E-11
AR GRAD 2024 06 18 02 23  0.000000 2  -2.603831213144E-11 -3.511961207958E-11
AR GRAD 2024 06 18 02 23 10.000000 2  -2.110160310376E-11 -2.309302749026E-11
AR GRAD 2024 06 18 02 23 20.000000 2  -1.912449018593E-11 -2.636643854637E-11
AR GRAD 2024 06 18 02 23 30.000000 2  -2.106975358074E-11 -2.434984505695E-11
AR GRAD 2024 06 18 02 23 40.000000 2  -2.229375885288E-11 -3.029325401638E-11
AR GRAD 2024 06 18 02 23 50.000000 2  -1.879692061724E-11 -3.521665251083E-11
AR GRAD 2024 06 18 02 24  0.000000 2  -2.236926095744E-11 -2.036006606365E-11
AR GRAD 2024 06 18 02 24 10.000000 2  -2.054884387648E-11 -6.673472104785E-12
AR GRAD 2024 06 18 02 24 20.000000 2  -1.897688430008E-11 -3.933687750535E-11
AR GRAD 2024 06 18 02 24 30.000000 2  -2.093640885659E-11 -1.664027769743E-11
AR GRAD 2024 06 18 02 24 40.000000 2  -2.267526964805E-11 -2.510368649067E-11
AR GRAD 2024 06 18 02 24 50.000000 2  -1.489562466428E-11 -3.096708306449E-11
AR GRAD 2024 06 18 02 25  0.000000 2  -2.144196105391E-11 -1.216048876179E-11
AR GRAD 2024 06 18 02 25 10.000000 2  -2.227666315302E-11 -3.966388328891E-11
AR GRAD 2024 06 18 02 25 20.000000 2  -1.552348180556E-11 -7.517288007353E-12
AR GRAD 2024 06 18 02 25 30.000000 2  -1.827621907979E-11 -2.134068963211E-11
AR GRAD 2024 06 18 02 25 40.000000 2  -1.791389432626E-11 -1.770408819546E-11
AR GRAD 2024 06 18 02 25 50.000000 2  -1.840415493615E-11 -3.201748241533E-11
AR GRAD 2024 06 18 02 26  0.000000 2  -1.369899072651E-11 -1.703088364780E-11
AR GRAD 2024 06 18 02 26 10.000000 2  -1.787606347670E-11 -3.063427983507E-11
AR GRAD 2024 06 18 02 26 20.000000 2  -1.739265502454E-11 -2.143767628693E-11
AR GRAD 2024 06 18 02 26 30.000000 2  -1.610593602930E-11 -1.354106670542E-11
AR GRAD 2024 06 18 02 26 40.000000 2  -1.847435746050E-11 -1.739446434113E-11
AR GRAD 2024 06 18 02 26 50.000000 2  -1.518444918414E-11 -3.527856175592E-12
AR GRAD 2024 06 18 02 27  0.000000 2  -1.544714009483E-11 -2.360124942702E-11
AR GRAD 2024 06 18 02 27 10.000000 2  -1.448769576529E-11 -1.490464175691E-11
AR GRAD 2024 06 18 02 27 20.000000 2  -1.357766069715E-11 -1.051803436014E-11
AR GRAD 2024 06 18 02 27 30.000000 2  -1.513960311283E-11 -1.184142194022E-11
AR GRAD 2024 06 18 02 27 40.000000 2  -1.645205673084E-11 -2.776481475286E-11
AR GRAD 2024 06 18 02 27 50.000000 2  -1.067453243853E-11 -1.751820390139E-11
AR GRAD 2024 06 18 02 28  0.000000 2  -1.523745886411E-11 -1.584159366186E-11
AR GRAD 2024 06 18 02 28 10.000000 2  -1.728409082524E-11 -2.214498029396E-11
AR GRAD 2024 06 18 02 28 20.000000 2  -1.296842928183E-11 -6.668366813595E-12
AR GRAD 2024 06 18 02 28 30.000000 2  -1.596995105602E-11 -2.330175115361E-11
AR GRAD 2024 06 18 02 28 40.000000 2  -1.476127206579E-11 -1.639513698415E-11
AR GRAD 2024 06 18 02 28 50.000000 2  -1.155603304021E-11 -1.397852320006E-11
AR GRAD 2024 06 18 02 29  0.000000 2  -1.270950879262E-11 -2.040190759389E-11
AR GRAD 2024 06 18 02 29 10.000000 2  -1.537488365788E-11 -7.715291079624E-12
AR GRAD 2024 06 18 02 29 20.000000 2  -1.228194195652E-11 -3.158671674913E-12
AR GRAD 2024 06 18 02 29 30.000000 2  -1.367030100230E-11 -1.498205726147E-11
AR GRAD 2024 06 18 02 29 40.000000 2  -1.226354087724E-11 -2.197543882976E-11
AR GRAD 2024 06 18 02 29 50.000000 2  -1.335529083157E-11 -2.984881786183E-11
AR GRAD 2024 06 18 02 30  0.000000 2  -1.343096380640E-11  2.359780253147E-11
AR GRAD 2024 06 18 02 30 10.000000 2  -9.445872035940E-12  1.062442495092E-11
AR GRAD 2024 06 18 02 30 20.000000 2  -1.190215894592E-11 -5.158952258444E-12
AR GRAD 2024 06 18 02 30 30.000000 2  -1.508326276378E-11 -3.232232884121E-11
AR GRAD 2024 06 18 02 30 40.000000 2  -1.155152015708E-11  8.224293641945E-12
AR GRAD 2024 06 18 02 30 50.000000 2  -1.082167428584E-11 -1.878908487130E-11
AR GRAD 2024 06 18 02 31  0.000000 2  -1.057312223884E-11 -9.962457941937E-12
AR GRAD 2024 06 18 02 31 10.000000 2  -7.789692502147E-12 -1.505832459593E-12
AR GRAD 2024 06 18 02 31 20.000000 2  -1.068227103995E-11  3.520792815279E-12
AR GRAD 2024 06 18 02 31 30.000000 2  -9.225893486675E-12 -5.902579206657E-12
AR GRAD 2024 06 18 02 31 40.000000 2  -9.506113778091E-12 -1.910595293086E-11
AR GRAD 2024 06 18 02 31 50.000000 2  -6.300074611304E-12  9.720675653302E-12
AR GRAD 2024 06 18 02 32  0.000000 2  -5.280280119396E-12  1.941730456978E-11
AR GRAD 2024 06 18 02 32 10.000000 2  -1.146678411945E-11 -5.636064531744E-12
AR GRAD 2024 06 18 02 32 20.000000 2  -9.384300628246E-12 -3.309435191168E-12
AR GRAD 2024 06 18 02 32 30.000000 2  -8.065301898563E-12  4.157197155963E-12
AR GRAD 2024 06 18 02 32 40.000000 2  -9.263642804236E-12  3.553828889155E-12
AR GRAD 2024 06 18 02 32 50.000000 2  -5.695226842212E-12 -1.288953492551E-11
AR GRAD 2024 06 18 02 33  0.000000 2  -9.973244452510E-12  5.787095195414E-12
AR GRAD 2024 06 18 02 33 10.000000 2  -2.579608185047E-12 -5.986270073394E-12
AR GRAD 2024 06 18 02 33 20.000000 2  -6.909466054861E-12  1.481036474016E-11
AR GRAD 2024 06 18 02 33 30.000000 2  -4.453677010519E-12  4.700069272581E-14
AR GRAD 2024 06 18 02 33 40.000000 2  -6.398518000161E-12  9.703637199321E-12
AR GRAD 2024 06 18 02 33 50.000000 2  -3.260889605214E-12  1.101027428951E-11
AR GRAD 2024 06 18 02 34  0.000000 2  -7.749155483960E-12 -5.503088436332E-12
AR GRAD 2024 06 18 02 34 10.000000 2  -5.490553324494E-12 -3.626450268551E-12
AR GRAD 2024 06 18 02 34 20.000000 2  -2.713888358832E-12  9.660190182503E-12
AR GRAD 2024 06 18 02 34 30.000000 2  -4.358956338241E-12  3.206829983851E-12
AR GRAD 2024 06 18 02 34 40.000000 2  -5.681013385411E-12  9.283472428290E-12
AR GRAD 2024 06 18 02 34 50.000000 2  -7.203591564399E-13  2.920113586699E-12
AR GRAD 2024 06 18 02 35  0.000000 2  -1.968150035309E-12  4.946756112373E-12
AR GRAD 2024 06 18 02 35 10.000000 2  -4.574304043187E-12  9.203399327362E-12
AR GRAD 2024 06 18 02 35 20.000000 2  -3.276117224726E-12  6.120042840563E-12
AR GRAD 2024 06 18 02 35 30.000000 2  -3.497082397969E-12  1.286668774997E-11
AR GRAD 2024 06 18 02 35 40.000000 2  -2.646686472416E-12  1.687333085754E-11
AR GRAD 2024 06 18 02 35 50.000000 2  -3.281854388942E-12  2.599976874421E-12
AR GRAD 2024 06 18 02 36  0.000000 2  -3.618918532899E-12  6.316624306946E-12
AR GRAD 2024 06 18 02 36 10.000000 2   5.725909655273E-13  7.763272663608E-12
AR GRAD 2024 06 18 02 36 20.000000 2  -8.172126170214E-13  1.791992075562E-11
AR GRAD 2024 06 18 02 36 30.000000 2  -2.423743280730E-12  8.026570727515E-12
AR GRAD 2024 06 18 02 36 40.000000 2   3.448436198053E-13  1.022321984012E-11
AR GRAD 2024 06 18 02 36 50.000000 2  -2.233638838126E-12  1.555986936519E-11
AR GRAD 2024 06 18 02 37  0.000000 2   1.866568748524E-12 -3.613478873760E-12
AR GRAD 2024 06 18 02 37 10.000000 2   1.605402985029E-12  2.019317352220E-11
AR GRAD 2024 06 18 02 37 20.000000 2   1.954138456953E-12 -3.017455941145E-14
AR GRAD 2024 06 18 02 37 30.000000 2  -8.527172566143E-13 -7.563521857434E-12
AR GRAD 2024 06 18 02 37 40.000000 2  -2.735358326563E-13  2.522313434505E-11
AR GRAD 2024 06 18 02 37 50.000000 2   1.956794535435E-12  2.419978627211E-11
AR GRAD 2024 06 18 02 38  0.000000 2  -3.677437586218E-15  1.956442820250E-12
AR GRAD 2024 06 18 02 38 10.000000 2   2.925261595454E-12  2.367309820395E-11
AR GRAD 2024 06 18 02 38 20.000000 2   2.716342558870E-12 -6.940243518772E-12
AR GRAD 2024 06 18 02 38 30.000000 2   9.944123432679E-13  2.666641560345E-11
AR GRAD 2024 06 18 02 38 40.000000 2   6.270534005232E-12  1.675307462201E-11
AR GRAD 2024 06 18 02 38 50.000000 2   3.627820700097E-12  1.930973263231E-11
AR GRAD 2024 06 18 02 39  0.000000 2   3.630814832817E-12  1.026393488431E-12
AR GRAD 2024 06 18 02 39 10.000000 2   1.856261021629E-12  1.493305305800E-11
AR GRAD 2024 06 18 02 39 20.000000 2   5.006352537390E-12  9.709714803019E-12
AR GRAD 2024 06 18 02 39 30.000000 2   4.701719916178E-12  2.550637825949E-11
AR GRAD 2024 06 18 02 39 40.000000 2   7.150325253766E-13  1.574304055174E-11
AR GRAD 2024 06 18 02 39 50.000000 2   3.476214975595E-12  1.314970441563E-11
AR GRAD 2024 06 18 02 40  0.000000 2   7.960315566435E-12  1.299636960550E-11
AR GRAD 2024 06 18 02 40 10.000000 2   6.271787776624E-12  1.639303449930E-11
AR GRAD 2024 06 18 02 40 20.000000 2   6.376335223712E-12  9.279701139453E-12
AR GRAD 2024 06 18 02 40 30.000000 2   7.765663979920E-12  1.040636674055E-11
AR GRAD 2024 06 18 02 40 40.000000 2   5.440355197589E-12  1.273303424504E-11
AR GRAD 2024 06 18 02 40 50.000000 2   2.901148071777E-12  1.200970226045E-11
AR GRAD 2024 06 18 02 41  0.000000 2   6.283219604331E-12  1.379637116355E-11
AR GRAD 2024 06 18 02 41 10.000000 2   8.776962663604E-12  7.863040947520E-12
AR GRAD 2024 06 18 02 41 20.000000 2   6.636871174165E-12  5.239709707783E-12
AR GRAD 2024 06 18 02 41 30.000000 2   7.751222406982E-12  2.527637994743E-11
AR GRAD 2024 06 18 02 41 40.000000 2   9.572506849687E-12  2.274305396788E-11
AR GRAD 2024 06 18 02 41 50.000000 2   6.804644955144E-12  2.662972446721E-11
AR GRAD 2024 06 18 02 42  0.000000 2   6.798082929915E-12  2.050639866247E-11
AR GRAD 2024 06 18 02 42 10.000000 2   7.397945971099E-12  2.957307315699E-11
AR GRAD 2024 06 18 02 42 20.000000 2   1.138103587067E-11  1.996974634266E-11
AR GRAD 2024 06 18 02 42 30.000000 2   9.996437705384E-12  2.278642205478E-11
AR GRAD 2024 06 18 02 42 40.000000 2   8.274740267988E-12  1.245309931563E-11
AR GRAD 2024 06 18 02 42 50.000000 2   1.064133156592E-11  1.653977475813E-11
AR GRAD 2024 06 18 02 43  0.000000 2   1.528723675426E-11  1.367645406647E-11
AR GRAD 2024 06 18 02 43 10.000000 2   1.099001618876E-11  1.338313227600E-11
AR GRAD 2024 06 18 02 43 20.000000 2   9.423261650154E-12  2.668981008425E-11
AR GRAD 2024 06 18 02 43 30.000000 2   1.339433512021E-11  1.456649037501E-11
AR GRAD 2024 06 18 02 43 40.000000 2   1.107876897860E-11  2.385317117437E-11
AR GRAD 2024 06 18 02 43 50.000000 2   8.078448500426E-12  2.196985128544E-11
AR GRAD 2024 06 18 02 44  0.000000 2   1.658344468691E-11  1.752653404352E-11
AR GRAD 2024 06 18 02 44 10.000000 2   8.717047049467E-12  1.161321906695E-11
AR GRAD 2024 06 18 02 44 20.000000 2   1.245485398843E-11  1.789990031198E-11
AR GRAD 2024 06 18 02 44 30.000000 2   1.194239152014E-11  2.579658535395E-11
AR GRAD 2024 06 18 02 44 40.000000 2   1.001824491420E-11  1.628327160608E-11
AR GRAD 2024 06 18 02 44 50.000000 2   1.555042900003E-11  2.576995387915E-11
AR GRAD 2024 06 18 02 45  0.000000 2   1.193976167935E-11  2.327664276602E-11
AR GRAD 2024 06 18 02 45 10.000000 2   1.406376317487E-11  2.280333040450E-11
AR GRAD 2024 06 18 02 45 20.000000 2   1.249178364915E-11  2.466001708390E-11
AR GRAD 2024 06 18 02 45 30.000000 2   1.359958239772E-11  2.731670618872E-11
AR GRAD 2024 06 18 02 45 40.000000 2   1.451313028089E-11  2.588339612086E-11
AR GRAD 2024 06 18 02 45 50.000000 2   1.682590004826E-11  2.133008700222E-11
AR GRAD 2024 06 18 02 46  0.000000 2   1.704851190776E-11  3.353677752171E-11
AR GRAD 2024 06 18 02 46 10.000000 2   9.847673024255E-12  3.433347009474E-11
AR GRAD 2024 06 18 02 46 20.000000 2   2.033291590653E-11  1.151016174733E-11
AR GRAD 2024 06 18 02 46 30.000000 2   1.205332882115E-11  1.442685467617E-11
AR GRAD 2024 06 18 02 46 40.000000 2   1.336382480371E-11  1.912354649636E-11
AR GRAD 2024 06 18 02 46 50.000000 2   1.417937815773E-11  3.217024563407E-11
AR GRAD 2024 06 18 02 47  0.000000 2   1.656155941554E-11  2.287693645631E-11
AR GRAD 2024 06 18 02 47 10.000000 2   1.626616723260E-11  2.561363447728E-11
AR GRAD 2024 06 18 02 47 20.000000 2   1.729554173491E-11  3.914032986607E-11
AR GRAD 2024 06 18 02 47 30.000000 2   1.482398925834E-11 -1.152970839462E-12
AR GRAD 2024 06 18 02 47 40.000000 2   1.675224889364E-11  1.584372563701E-11
AR GRAD 2024 06 18 02 47 50.000000 2   1.810479717534E-11  5.308042547170E-11
AR GRAD 2024 06 18 02 48  0.000000 2   1.753629012835E-11  1.747712564948E-11
AR GRAD 2024 06 18 02 48 10.000000 2   1.611021385739E-11  3.848382376659E-11
AR GRAD 2024 06 18 02 48 20.000000 2   1.296807539825E-11  1.026052593583E-11
AR GRAD 2024 06 18 02 48 30.000000 2   1.994701105679E-11  2.422722786277E-11
AR GRAD 2024 06 18 02 48 40.000000 2   2.035940513401E-11  2.337393126273E-11
AR GRAD 2024 06 18 02 48 50.000000 2   2.081741723448E-11  2.543063155891E-11
AR GRAD 2024 06 18 02 49  0.000000 2   1.512760229583E-11  3.373733931111E-11
AR GRAD 2024 06 18 02 49 10.000000 2   1.772261157273E-11  3.025404579637E-11
AR GRAD 2024 06 18 02 49 20.000000 2   1.760757858960E-11  1.799074778042E-11
AR GRAD 2024 06 18 02 49 30.000000 2   2.247083595586E-11  3.460745578998E-11
AR GRAD 2024 06 18 02 49 40.000000 2   1.531155063850E-11  2.574416027579E-11
AR GRAD 2024 06 18 02 49 50.000000 2   1.774792465770E-11  2.469087087564E-11
AR GRAD 2024 06 18 02 50  0.000000 2   2.021478991143E-11  3.577757881623E-11
AR GRAD 2024 06 18 02 50 10.000000 2   1.756563471067E-11  2.522428620144E-11
AR GRAD 2024 06 18 02 50 20.000000 2   2.159843484617E-11  3.466099976479E-11
AR GRAD 2024 06 18 02 50 30.000000 2   2.542427553209E-11  3.746770949054E-11
AR GRAD 2024 06 18 02 50 40.000000 2   1.958945158864E-11  2.405441817954E-11
AR GRAD 2024 06 18 02 50 50.000000 2   2.308456203970E-11  3.001113246803E-11
AR GRAD 2024 06 18 02 51  0.000000 2   2.397964118939E-11  2.031784462897E-11
AR GRAD 2024 06 18 02 51 10.000000 2   2.003881088841E-11  2.265455878447E-11
AR GRAD 2024 06 18 02 51 20.000000 2   2.217664420157E-11  3.561127434604E-11
AR GRAD 2024 06 18 02 51 30.000000 2   1.743319377745E-11  2.895798878466E-11
AR GRAD 2024 06 18 02 51 40.000000 2   2.474698397592E-11  3.448470675682E-11
AR GRAD 2024 06 18 02 51 50.000000 2   1.988201964176E-11  1.499141956407E-11
AR GRAD 2024 06 18 02 52  0.000000 2   2.687883596253E-11  4.000813569327E-11
AR GRAD 2024 06 18 02 52 10.000000 2   2.162198892153E-11  2.403485570290E-11
AR GRAD 2024 06 18 02 52 20.000000 2   1.918643716126E-11  2.589157360733E-11
AR GRAD 2024 06 18 02 52 30.000000 2   2.307874030771E-11  3.255829633675E-11
AR GRAD 2024 06 18 02 52 40.000000 2   2.554769937269E-11  2.707501410570E-11
AR GRAD 2024 06 18 02 52 50.000000 2   2.427718616416E-11  4.427173905253E-11
AR GRAD 2024 06 18 02 53  0.000000 2   2.505223632709E-11  2.422845604699E-11
AR GRAD 2024 06 18 02 53 10.000000 2   2.112931531129E-11  3.445518176326E-11
AR GRAD 2024 06 18 02 53 20.000000 2   2.786183436743E-11  2.651190031400E-11
AR GRAD 2024 06 18 02 53 30.000000 2   2.429602179166E-11  2.147862616930E-11
AR GRAD 2024 06 18 02 53 40.000000 2   2.537821515436E-11  2.966535003757E-11
AR GRAD 2024 06 18 02 53 50.000000 2   2.639928727011E-11  2.523207684457E-11
AR GRAD 2024 06 18 02 54  0.000000 2   2.502274776273E-11  4.106880113763E-11
AR GRAD 2024 06 18 02 54 10.000000 2   2.278561193891E-11  2.522552826345E-11
AR GRAD 2024 06 18 02 54 20.000000 2   2.759040565459E-11  3.074225943256E-11
AR GRAD 2024 06 18 02 54 30.000000 2   2.666016192532E-11  2.312898483847E-11
AR GRAD 2024 06 18 02 54 40.000000 2   2.794020917407E-11  3.336571643975E-11
AR GRAD 2024 06 18 02 54 50.000000 2   2.571564315657E-11  3.507244494827E-11
AR GRAD 2024 06 18 02 55  0.000000 2   2.943126298227E-11  3.179917440477E-11
AR GRAD 2024 06 18 02 55 10.000000 2   2.656520489697E-11  1.995590671877E-11
AR GRAD 2024 06 18 02 55 20.000000 2   2.398410289817E-11  2.792263815998E-11
AR GRAD 2024 06 18 02 55 30.000000 2   2.945376581520E-11  3.369937315312E-11
AR GRAD 2024 06 18 02 55 40.000000 2   2.857949640833E-11  2.816610313039E-11
AR GRAD 2024 06 18 02 55 50.000000 2   2.662748667392E-11  3.348284149940E-11
AR GRAD 2024 06 18 02 56  0.000000 2   2.462603385101E-11  3.239957260814E-11
AR GRAD 2024 06 18 02 56 10.000000 2   2.663764521460E-11  2.682630853568E-11
AR GRAD 2024 06 18 02 56 20.000000 2   2.591072668923E-11  3.526304595547E-11
AR GRAD 2024 06 18 02 56 30.000000 2   2.737645873885E-11  2.495978250472E-11
AR GRAD 2024 06 18 02 56 40.000000 2   2.460146496241E-11  3.391652236839E-11
AR GRAD 2024 06 18 02 56 50.000000 2   2.656097390641E-11  3.596326014765E-11
AR GRAD 2024 06 18 02 57  0.000000 2   2.796500010727E-11  1.759999784801E-11
AR GRAD 2024 06 18 02 57 10.000000 2   2.748024030552E-11  3.021673883330E-11
AR GRAD 2024 06 18 02 57 20.000000 2   2.776681662375E-11  4.878348072723E-11
AR GRAD 2024 06 18 02 57 30.000000 2   2.618777764085E-11  2.255021863684E-11
AR GRAD 2024 06 18 02 57 40.000000 2   2.561028646098E-11  1.592696287356E-11
AR GRAD 2024 06 18 02 57 50.000000 2   3.208747156869E-11  2.258370573882E-11
AR GRAD 2024 06 18 02 58  0.000000 2   2.434118531736E-11  3.667045139766E-11
AR GRAD 2024 06 18 02 58 10.000000 2   2.543560501111E-11  2.314719596552E-11
AR GRAD 2024 06 18 02 58 20.000000 2   2.771567177151E-11  3.097394216112E-11
AR GRAD 2024 06 18 02 58 30.000000 2   3.250499175378E-11  2.359068496105E-11
AR GRAD 2024 06 18 02 58 40.000000 2   2.594545758794E-11  2.802743280517E-11
AR GRAD 2024 06 18 02 58 50.000000 2   2.908403726187E-11  2.416417933804E-11
AR GRAD 2024 06 18 02 59  0.000000 2   3.123306127617E-11  2.478092904490E-11
AR GRAD 2024 06 18 02 59 10.000000 2   2.481783528685E-11  3.173767845754E-11
AR GRAD 2024 06 18 02 59 20.000000 2   2.712041008435E-11  3.475442850176E-11
AR GRAD 2024 06 18 02 59 30.000000 2   3.173084364705E-11  3.451117863706E-11
AR GRAD 2024 06 18 02 59 40.000000 2   3.027125772270E-11  2.851792760272E-11
AR GRAD 2024 06 18 02 59 50.000000 2   2.581334625218E-11  2.707467756935E-11
AR GRAD 2024 06 18 03 00  0.000000 2   3.050796767989E-11  2.721143275985E-11
AR GRAD 2024 06 18 03 00 10.000000 2   3.163067724410E-11  2.316818611958E-11
AR GRAD 2024 06 18 03 00 20.000000 2   2.703991197617E-11  4.283494392521E-11
AR GRAD 2024 06 18 03 00 30.000000 2   2.704027973754E-11  2.085169537036E-11
AR GRAD 2024 06 18 03 00 40.000000 2   2.659818199024E-11  3.318845198663E-11
AR GRAD 2024 06 18 03 00 50.000000 2   3.023803429869E-11  3.017520955328E-11
AR GRAD 2024 06 18 03 01  0.000000 2   3.091423991797E-11  2.726196351999E-11
AR GRAD 2024 06 18 03 01 10.000000 2   2.606727854404E-11  2.210872110386E-11
AR GRAD 2024 06 18 03 01 20.000000 2   2.858930800431E-11  2.878547920859E-11
AR GRAD 2024 06 18 03 01 30.000000 2   2.856393767348E-11  3.665223680116E-11
AR GRAD 2024 06 18 03 01 40.000000 2   2.859310531400E-11  1.993899836905E-11
AR GRAD 2024 06 18 03 01 50.000000 2   2.915682278948E-11  2.792575719279E-11
AR GRAD 2024 06 18 03 02  0.000000 2   2.973982518584E-11  3.184252514443E-11
AR GRAD 2024 06 18 03 02 10.000000 2   3.010339200138E-11  3.219928490505E-11
AR GRAD 2024 06 18 03 02 20.000000 2   2.861258278919E-11  2.933604748012E-11
AR GRAD 2024 06 18 03 02 30.000000 2   2.924756270506E-11  3.309281321195E-11
AR GRAD 2024 06 18 03 02 40.000000 2   2.652288284832E-11  2.783957266106E-11
AR GRAD 2024 06 18 03 02 50.000000 2   2.941398513645E-11  2.823633861448E-11
AR GRAD 2024 06 18 03 03  0.000000 2   3.071930904097E-11  2.792310306587E-11
AR GRAD 2024 06 18 03 03 10.000000 2   3.243619955962E-11  3.180987070972E-11
AR GRAD 2024 06 18 03 03 20.000000 2   2.882934689585E-11  3.119663902207E-11
AR GRAD 2024 06 18 03 03 30.000000 2   2.878126556527E-11  3.486340729997E-11
AR GRAD 2024 06 18 03 03 40.000000 2   3.021391123403E-11  2.310017455098E-11
AR GRAD 2024 06 18 03 03 50.000000 2   2.725050046726E-11  2.832694495636E-11
AR GRAD 2024 06 18 03 04  0.000000 2   3.354113167764E-11  3.346371443835E-11
AR GRAD 2024 06 18 03 04 10.000000 2   3.026470393741E-11  3.035048601330E-11
AR GRAD 2024 06 18 03 04 20.000000 2   2.496650629291E-11  3.151726102324E-11
AR GRAD 2024 06 18 03 04 30.000000 2   2.804140947221E-11  3.646403318180E-11
AR GRAD 2024 06 18 03 04 40.000000 2   3.077274893237E-11  2.243080200748E-11
AR GRAD 2024 06 18 03 04 50.000000 2   3.027777334408E-11  3.359757611010E-11
