 2.00 C RINEX VERSION / TYPE
 10.00 INTERVAL
 1 AR # / TYPES OF DATA
 END OF HEADER
AR GRAD 2024 07 02 01 05  0.000000 2   4.070617454222E-11  2.875968213578E-11
AR GRAD 2024 07 02 01 05 10.000000 2   4.071522632931E-11  3.210804885856E-11
AR GRAD 2024 07 02 01 05 20.000000 2   3.848479174229E-11  1.613641165132E-11
AR GRAD 2024 07 02 01 05 30.000000 2   4.125381633524E-11  3.154477373757E-11
AR GRAD 2024 07 02 01 05 40.000000 2   4.155359042968E-11  2.495312984019E-11
AR GRAD 2024 07 02 01 05 50.000000 2   3.861110736691E-11  2.347148690685E-11
AR GRAD 2024 07 02 01 06  0.000000 2   4.119478022591E-11  2.470984181158E-11
AR GRAD 2024 07 02 01 06 10.000000 2   3.958147004601E-11  2.379819431797E-11
AR GRAD 2024 07 02 01 06 20.000000 2   4.124176347653E-11  2.422654611645E-11
AR GRAD 2024 07 02 01 06 30.000000 2   3.974640408466E-11  4.418489532587E-11
AR GRAD 2024 07 02 01 06 40.000000 2   4.562334884883E-11  2.579323907237E-11
AR GRAD 2024 07 02 01 06 50.000000 2   3.901034356657E-11  3.076158772153E-11
AR GRAD 2024 07 02 01 07  0.000000 2   4.250418073060E-11  2.094992755663E-11
AR GRAD 2024 07 02 01 07 10.000000 2   4.232898406786E-11  2.318826727854E-11
AR GRAD 2024 07 02 01 07 20.000000 2   4.162460306989E-11  2.754660562154E-11
AR GRAD 2024 07 02 01 07 30.000000 2   3.879087676073E-11  3.941494353121E-11
AR GRAD 2024 07 02 01 07 40.000000 2   4.225440483618E-11  4.093327760080E-11
AR GRAD 2024 07 02 01 07 50.000000 2   4.152422503068E-11  3.108161297782E-11
AR GRAD 2024 07 02 01 08  0.000000 2   4.129359354454E-11  1.767993737523E-11
AR GRAD 2024 07 02 01 08 10.000000 2   4.328941718978E-11  3.129826606219E-11
AR GRAD 2024 07 02 01 08 20.000000 2   4.061994490767E-11  2.545659169573E-11
AR GRAD 2024 07 02 01 08 30.000000 2   4.215494273097E-11  4.351491736387E-11
AR GRAD 2024 07 02 01 08 40.000000 2   4.424225222288E-11  2.456323859590E-11
AR GRAD 2024 07 02 01 08 50.000000 2   4.206316892019E-11  3.657155828174E-11
AR GRAD 2024 07 02 01 09  0.000000 2   4.077310017392E-11  4.251987650861E-11
AR GRAD 2024 07 02 01 09 10.000000 2   4.235551145926E-11  1.450819239052E-11
AR GRAD 2024 07 02 01 09 20.000000 2   4.333500919218E-11  2.196650500386E-11
AR GRAD 2024 07 02 01 09 30.000000 2   4.255034866119E-11  3.264482087428E-11
AR GRAD 2024 07 02 01 09 40.000000 2   4.373789178058E-11  6.843126326012E-12
AR GRAD 2024 07 02 01 09 50.000000 2   4.412068974058E-11  4.841143458334E-11
AR GRAD 2024 07 02 01 10  0.000000 2   4.097360298272E-11  4.710973972033E-11
AR GRAD 2024 07 02 01 10 10.000000 2   4.254931823544E-11  2.956804245891E-11
AR GRAD 2024 07 02 01 10 20.000000 2   4.418941601525E-11  4.169634429396E-11
AR GRAD 2024 07 02 01 10 30.000000 2   4.226826527676E-11  2.299464091360E-11
AR GRAD 2024 07 02 01 10 40.000000 2   4.243423321060E-11  3.876294077387E-11
AR GRAD 2024 07 02 01 10 50.000000 2   4.635990896729E-11  2.071123307579E-11
AR GRAD 2024 07 02 01 11  0.000000 2   4.381532983655E-11  4.551952911824E-11
AR GRAD 2024 07 02 01 11 10.000000 2   4.405274409147E-11  3.235782128352E-11
AR GRAD 2024 07 02 01 11 20.000000 2   4.441414597212E-11  2.506610717601E-11
AR GRAD 2024 07 02 01 11 30.000000 2   4.279020193731E-11  3.785439670057E-11
AR GRAD 2024 07 02 01 11 40.000000 2   4.394154137777E-11  2.288268012574E-11
AR GRAD 2024 07 02 01 11 50.000000 2   4.286392768504E-11  3.948096363726E-11
AR GRAD 2024 07 02 01 12  0.000000 2   4.402889164368E-11  4.666924138808E-11
AR GRAD 2024 07 02 01 12 10.000000 2   4.511442955324E-11  2.134752097316E-11
AR GRAD 2024 07 02 01 12 20.000000 2   4.320772559185E-11  4.417579843596E-11
AR GRAD 2024 07 02 01 12 30.000000 2   4.325510435943E-11  3.390407052328E-11
AR GRAD 2024 07 02 01 12 40.000000 2   4.439329459593E-11  3.829234845876E-11
AR GRAD 2024 07 02 01 12 50.000000 2   4.350785356988E-11  2.862061455888E-11
AR GRAD 2024 07 02 01 13  0.000000 2   4.292502464587E-11  2.428888166983E-11
AR GRAD 2024 07 02 01 13 10.000000 2   4.506758508049E-11  5.232715302728E-11
AR GRAD 2024 07 02 01 13 20.000000 2   4.669364894738E-11  2.647541560985E-11
AR GRAD 2024 07 02 01 13 30.000000 2   4.439023107428E-11  5.103367728410E-11
AR GRAD 2024 07 02 01 13 40.000000 2   4.251628216156E-11  2.767193418851E-11
AR GRAD 2024 07 02 01 13 50.000000 2   4.589868415894E-11  3.756019453793E-11
AR GRAD 2024 07 02 01 14  0.000000 2   4.357804742061E-11  2.731844958581E-11
AR GRAD 2024 07 02 01 14 10.000000 2   4.542387646578E-11  4.434670686226E-11
AR GRAD 2024 07 02 01 14 20.000000 2   4.421300131563E-11  3.085495747790E-11
AR GRAD 2024 07 02 01 14 30.000000 2   4.566902758740E-11  3.901320932975E-11
AR GRAD 2024 07 02 01 14 40.000000 2   4.326964481161E-11  3.185145203144E-11
AR GRAD 2024 07 02 01 14 50.000000 2   4.649252857702E-11  3.878969714877E-11
AR GRAD 2024 07 02 01 15  0.000000 2   4.327272914995E-11  3.388794106440E-11
AR GRAD 2024 07 02 01 15 10.000000 2   4.212160828465E-11  2.898618324532E-11
AR GRAD 2024 07 02 01 15 20.000000 2   4.200241890406E-11  3.321442426651E-11
AR GRAD 2024 07 02 01 15 30.000000 2   4.492793637123E-11  5.317266418836E-11
AR GRAD 2024 07 02 01 15 40.000000 2   4.683964327512E-11  2.906089605070E-11
AR GRAD 2024 07 02 01 15 50.000000 2   4.406470674456E-11  4.464912814472E-11
AR GRAD 2024 07 02 01 16  0.000000 2   4.571059156189E-11  3.608736226512E-11
AR GRAD 2024 07 02 01 16 10.000000 2   4.671739384232E-11  2.809558835581E-11
AR GRAD 2024 07 02 01 16 20.000000 2   4.511720858025E-11  2.010381444650E-11
AR GRAD 2024 07 02 01 16 30.000000 2   4.464908998081E-11  3.822204705517E-11
AR GRAD 2024 07 02 01 16 40.000000 2   4.529841779455E-11  3.927026759332E-11
AR GRAD 2024 07 02 01 16 50.000000 2   4.459937974488E-11  3.986848698401E-11
AR GRAD 2024 07 02 01 17  0.000000 2   4.784494328502E-11  3.675670531833E-11
AR GRAD 2024 07 02 01 17 10.000000 2   4.565935476930E-11  3.823492217281E-11
AR GRAD 2024 07 02 01 17 20.000000 2   4.386963708969E-11  3.592313946310E-11
AR GRAD 2024 07 02 01 17 30.000000 2   4.477209228360E-11  3.807134815736E-11
AR GRAD 2024 07 02 01 17 40.000000 2   4.393824193372E-11  3.771956011422E-11
AR GRAD 2024 07 02 01 17 50.000000 2   4.460355695901E-11  2.976776811159E-11
AR GRAD 2024 07 02 01 18  0.000000 2   4.571609063531E-11  4.350597659908E-11
AR GRAD 2024 07 02 01 18 10.000000 2   4.450249196930E-11  4.842418133144E-11
AR GRAD 2024 07 02 01 18 20.000000 2   4.534657371824E-11  4.697238431550E-11
AR GRAD 2024 07 02 01 18 30.000000 2   4.655103733042E-11  3.118058589102E-11
AR GRAD 2024 07 02 01 18 40.000000 2   4.539013956362E-11  3.817877958223E-11
AR GRAD 2024 07 02 01 18 50.000000 2   4.798411668006E-11  2.839697747781E-11
AR GRAD 2024 07 02 01 19  0.000000 2   4.391016716898E-11  3.316517199758E-11
AR GRAD 2024 07 02 01 19 10.000000 2   4.460093752656E-11  4.641336273647E-11
AR GRAD 2024 07 02 01 19 20.000000 2   4.387887622692E-11  4.628155497732E-11
AR GRAD 2024 07 02 01 19 30.000000 2   4.348694321310E-11  3.484974114842E-11
AR GRAD 2024 07 02 01 19 40.000000 2   4.716884868805E-11  2.145792571406E-11
AR GRAD 2024 07 02 01 19 50.000000 2   4.446826587512E-11  5.321611207254E-11
AR GRAD 2024 07 02 01 20  0.000000 2   4.486440385865E-11  3.210429491696E-11
AR GRAD 2024 07 02 01 20 10.000000 2   4.504134912264E-11  2.514247143814E-11
AR GRAD 2024 07 02 01 20 20.000000 2   4.434773034911E-11  4.862064917344E-11
AR GRAD 2024 07 02 01 20 30.000000 2   4.629201189044E-11  3.492882719169E-11
AR GRAD 2024 07 02 01 20 40.000000 2   4.633106051588E-11  2.667699915138E-11
AR GRAD 2024 07 02 01 20 50.000000 2   4.317297908063E-11  4.554517180066E-11
AR GRAD 2024 07 02 01 21  0.000000 2   4.647506338107E-11  2.044333972939E-11
AR GRAD 2024 07 02 01 21 10.000000 2   4.636320494189E-11  2.737150783805E-11
AR GRAD 2024 07 02 01 21 20.000000 2   4.533324063360E-11  3.626967476356E-11
AR GRAD 2024 07 02 01 21 30.000000 2   4.602896883088E-11  4.134783487819E-11
AR GRAD 2024 07 02 01 21 40.000000 2   4.574105330613E-11  3.141600174450E-11
AR GRAD 2024 07 02 01 21 50.000000 2   4.318090329747E-11  2.718415596792E-11
AR GRAD 2024 07 02 01 22  0.000000 2   4.356484617496E-11  3.296231343430E-11
AR GRAD 2024 07 02 01 22 10.000000 2   4.587759686037E-11  3.950047233747E-11
AR GRAD 2024 07 02 01 22 20.000000 2   4.427256478090E-11  3.476862200924E-11
AR GRAD 2024 07 02 01 22 30.000000 2   4.665990163688E-11  2.434677286167E-11
AR GRAD 2024 07 02 01 22 40.000000 2   4.614816168091E-11  3.847492463516E-11
AR GRAD 2024 07 02 01 22 50.000000 2   4.641606543565E-11  3.713307092368E-11
AR GRAD 2024 07 02 01 23  0.000000 2   4.604754424986E-11  3.291121195015E-11
AR GRAD 2024 07 02 01 23 10.000000 2   4.471012449159E-11  3.694935676868E-11
AR GRAD 2024 07 02 01 23 20.000000 2   4.457701915928E-11  4.068749503983E-11
AR GRAD 2024 07 02 01 23 30.000000 2   4.418876028978E-11  1.815563498153E-11
AR GRAD 2024 07 02 01 23 40.000000 2   4.429053651611E-11  3.531377273935E-11
AR GRAD 2024 07 02 01 23 50.000000 2   4.607771803000E-11  3.192190609069E-11
AR GRAD 2024 07 02 01 24  0.000000 2   4.600100855789E-11  4.081003937562E-11
AR GRAD 2024 07 02 01 24 10.000000 2   4.583386101209E-11  2.697816796349E-11
AR GRAD 2024 07 02 01 24 20.000000 2   4.424782762413E-11  4.159629932166E-11
AR GRAD 2024 07 02 01 24 30.000000 2   4.507068329662E-11  2.716442348838E-11
AR GRAD 2024 07 02 01 24 40.000000 2   4.510819148762E-11  3.427255007571E-11
AR GRAD 2024 07 02 01 24 50.000000 2   4.255318319935E-11  3.110067064993E-11
AR GRAD 2024 07 02 01 25  0.000000 2   4.523189114924E-11  2.817878916317E-11
AR GRAD 2024 07 02 01 25 10.000000 2   4.634217662391E-11  3.061690831418E-11
AR GRAD 2024 07 02 01 25 20.000000 2   4.527379859898E-11  3.414502361410E-11
AR GRAD 2024 07 02 01 25 30.000000 2   4.485584126357E-11  3.276313942369E-11
AR GRAD 2024 07 02 01 25 40.000000 2   4.264360739525E-11  3.485125035785E-11
AR GRAD 2024 07 02 01 25 50.000000 2   4.413576101814E-11  3.175935903155E-11
AR GRAD 2024 07 02 01 26  0.000000 2   4.651020193980E-11  2.535746439214E-11
AR GRAD 2024 07 02 01 26 10.000000 2   4.520398291796E-11  3.683557625589E-11
AR GRAD 2024 07 02 01 26 20.000000 2   4.632854863629E-11  2.955367547908E-11
AR GRAD 2024 07 02 01 26 30.000000 2   4.264498129625E-11  2.673177824930E-11
AR GRAD 2024 07 02 01 26 40.000000 2   4.394060809654E-11  3.502987830362E-11
AR GRAD 2024 07 02 01 26 50.000000 2   4.441765011354E-11  2.871797417925E-11
AR GRAD 2024 07 02 01 27  0.000000 2   4.280524198985E-11  2.505607006598E-11
AR GRAD 2024 07 02 01 27 10.000000 2   4.407471262957E-11  2.425416291418E-11
AR GRAD 2024 07 02 01 27 20.000000 2   4.212675694393E-11  3.345225485507E-11
AR GRAD 2024 07 02 01 27 30.000000 2   4.016248097982E-11  3.161034628496E-11
AR GRAD 2024 07 02 01 27 40.000000 2   4.171694933941E-11  3.667843112565E-11
AR GRAD 2024 07 02 01 27 50.000000 2   4.183641280631E-11  2.995651990356E-11
AR GRAD 2024 07 02 01 28  0.000000 2   4.256701935379E-11  3.322460015442E-11
AR GRAD 2024 07 02 01 28 10.000000 2   4.345005605311E-11  2.215267899675E-11
AR GRAD 2024 07 02 01 28 20.000000 2   4.490152694103E-11  1.946075765813E-11
AR GRAD 2024 07 02 01 28 30.000000 2   4.298002578840E-11  3.338883683424E-11
AR GRAD 2024 07 02 01 28 40.000000 2   4.396450564714E-11  3.463691139460E-11
AR GRAD 2024 07 02 01 28 50.000000 2   4.574841894200E-11  1.947498239063E-11
AR GRAD 2024 07 02 01 29  0.000000 2   4.035544814984E-11  2.680305283276E-11
AR GRAD 2024 07 02 01 29 10.000000 2   4.083969273871E-11  2.052112126061E-11
AR GRAD 2024 07 02 01 29 20.000000 2   4.325505578717E-11  3.267918921579E-11
AR GRAD 2024 07 02 01 29 30.000000 2   3.889435301607E-11  2.831725305630E-11
AR GRAD 2024 07 02 01 29 40.000000 2   4.593915872708E-11  2.510531539601E-11
AR GRAD 2024 07 02 01 29 50.000000 2   4.302345632534E-11  2.051337572029E-11
AR GRAD 2024 07 02 01 30  0.000000 2   4.365663733297E-11  2.683143290882E-11
AR GRAD 2024 07 02 01 30 10.000000 2   4.225354441334E-11  2.164949122752E-11
AR GRAD 2024 07 02 01 30 20.000000 2   4.018715568654E-11  3.491754455021E-11
AR GRAD 2024 07 02 01 30 30.000000 2   4.280442320037E-11  1.821559569848E-11
AR GRAD 2024 07 02 01 30 40.000000 2   4.207519402333E-11  2.337364676808E-11
AR GRAD 2024 07 02 01 30 50.000000 2   4.266736616798E-11  3.474169563145E-11
AR GRAD 2024 07 02 01 31  0.000000 2   4.239980935794E-11  2.659974150665E-11
AR GRAD 2024 07 02 01 31 10.000000 2   3.838167630943E-11  1.302778458029E-11
AR GRAD 2024 07 02 01 31 20.000000 2   3.970603359993E-11  9.735827595503E-12
AR GRAD 2024 07 02 01 31 30.000000 2   4.104624279355E-11  3.326386735503E-11
AR GRAD 2024 07 02 01 31 40.000000 2   4.049744914414E-11  2.354190280218E-11
AR GRAD 2024 07 02 01 31 50.000000 2   4.250753568580E-11  1.503993804497E-11
AR GRAD 2024 07 02 01 32  0.000000 2   4.221230309742E-11  2.030797231767E-11
AR GRAD 2024 07 02 01 32 10.000000 2   4.007381579352E-11  6.316004143303E-12
AR GRAD 2024 07 02 01 32 20.000000 2   4.153152127762E-11  2.795403492017E-11
AR GRAD 2024 07 02 01 32 30.000000 2   4.098143699394E-11  2.387206231302E-11
AR GRAD 2024 07 02 01 32 40.000000 2   3.846236870664E-11  4.156008870382E-11
AR GRAD 2024 07 02 01 32 50.000000 2   4.039603720973E-11  1.712810969445E-11
AR GRAD 2024 07 02 01 33  0.000000 2   4.152685140202E-11  5.436130712244E-12
AR GRAD 2024 07 02 01 33 10.000000 2   4.166820707918E-11  7.334153249994E-12
AR GRAD 2024 07 02 01 33 20.000000 2   3.869549472513E-11  2.493216744170E-11
AR GRAD 2024 07 02 01 33 30.000000 2   3.776276860656E-11  2.392018180752E-11
AR GRAD 2024 07 02 01 33 40.000000 2   3.918891947063E-11  2.938819673726E-11
AR GRAD 2024 07 02 01 33 50.000000 2   3.835987777423E-11  5.046205640846E-12
AR GRAD 2024 07 02 01 34  0.000000 2   3.793487399206E-11  1.990421542863E-11
AR GRAD 2024 07 02 01 34 10.000000 2   3.931440589744E-11  2.801222101501E-11
AR GRAD 2024 07 02 01 34 20.000000 2   3.748473753618E-11  2.419022621103E-11
AR GRAD 2024 07 02 01 34 30.000000 2   3.537813098031E-11 -1.251771472935E-12
AR GRAD 2024 07 02 01 34 40.000000 2   3.892551558859E-11  2.481623066763E-11
AR GRAD 2024 07 02 01 34 50.000000 2   3.711966498066E-11  1.470422915373E-11
AR GRAD 2024 07 02 01 35  0.000000 2   3.730539488433E-11  3.737223031042E-11
AR GRAD 2024 07 02 01 35 10.000000 2   3.536653261915E-11  7.100220151407E-12
AR GRAD 2024 07 02 01 35 20.000000 2   3.650501428920E-11  2.204821394902E-11
AR GRAD 2024 07 02 01 35 30.000000 2   3.466286632725E-11  1.563620240230E-11
AR GRAD 2024 07 02 01 35 40.000000 2   3.548064619885E-11  1.391419097996E-11
AR GRAD 2024 07 02 01 35 50.000000 2   3.861923628112E-11  3.844217652538E-11
AR GRAD 2024 07 02 01 36  0.000000 2   3.372681647851E-11  3.461016542805E-11
AR GRAD 2024 07 02 01 36 10.000000 2   3.436510798149E-11  2.505814306053E-11
AR GRAD 2024 07 02 01 36 20.000000 2   3.340278401098E-11  1.791612344593E-11
AR GRAD 2024 07 02 01 36 30.000000 2   3.453154429067E-11  1.660410177406E-11
AR GRAD 2024 07 02 01 36 40.000000 2   3.392191735840E-11  8.802078857451E-12
AR GRAD 2024 07 02 01 36 50.000000 2   3.283414859445E-11  1.377005193898E-11
AR GRAD 2024 07 02 01 37  0.000000 2   3.374404228262E-11  2.423802478169E-11
AR GRAD 2024 07 02 01 37 10.000000 2   3.548275562260E-11  1.663599119572E-11
AR GRAD 2024 07 02 01 37 20.000000 2   3.036694853908E-11  1.637396121468E-11
AR GRAD 2024 07 02 01 37 30.000000 2   2.748667439489E-11  2.249192672388E-11
AR GRAD 2024 07 02 01 37 40.000000 2   3.088427777409E-11  1.928988913047E-11
AR GRAD 2024 07 02 01 37 50.000000 2   2.900351486756E-11  9.767850590869E-12
AR GRAD 2024 07 02 01 38  0.000000 2   3.311894161695E-11  3.248581265103E-11
AR GRAD 2024 07 02 01 38 10.000000 2   3.112722926635E-11  2.344376949515E-11
AR GRAD 2024 07 02 01 38 20.000000 2   2.875047075412E-11 -2.438275492969E-12
AR GRAD 2024 07 02 01 38 30.000000 2   2.747924977842E-11  2.869967631602E-11
AR GRAD 2024 07 02 01 38 40.000000 2   2.943473242922E-11  2.125762933736E-11
AR GRAD 2024 07 02 01 38 50.000000 2   2.956726183334E-11  1.775557825767E-11
AR GRAD 2024 07 02 01 39  0.000000 2   3.218682612105E-11  1.682352521182E-11
AR GRAD 2024 07 02 01 39 10.000000 2   3.080857444160E-11  1.153146935579E-11
AR GRAD 2024 07 02 01 39 20.000000 2   3.101473244893E-11  1.622941364632E-11
AR GRAD 2024 07 02 01 39 30.000000 2   2.704328080916E-11  3.387735578175E-11
AR GRAD 2024 07 02 01 39 40.000000 2   2.834619344805E-11 -4.524707865328E-12
AR GRAD 2024 07 02 01 39 50.000000 2   2.978621169158E-11  1.805323078530E-11
AR GRAD 2024 07 02 01 40  0.000000 2   3.087453903650E-11  2.225116271792E-11
AR GRAD 2024 07 02 01 40 10.000000 2   2.986097827340E-11  4.356909624748E-11
AR GRAD 2024 07 02 01 40 20.000000 2   3.009298019108E-11  6.417028367012E-12
AR GRAD 2024 07 02 01 40 30.000000 2   2.669188481352E-11  2.100495472002E-11
AR GRAD 2024 07 02 01 40 40.000000 2   3.036138007673E-11  1.924288159372E-11
AR GRAD 2024 07 02 01 40 50.000000 2   2.752517311300E-11  1.425080713158E-11
AR GRAD 2024 07 02 01 41  0.000000 2   2.802382978451E-11  1.295872870816E-11
AR GRAD 2024 07 02 01 41 10.000000 2   2.830788208008E-11  9.056649527550E-12
AR GRAD 2024 07 02 01 41 20.000000 2   3.095261200126E-11  1.736456638202E-11
AR GRAD 2024 07 02 01 41 30.000000 2   2.694777907764E-11  2.698248395550E-11
AR GRAD 2024 07 02 01 41 40.000000 2   2.747850731677E-11  1.858039937186E-11
AR GRAD 2024 07 02 01 41 50.000000 2   2.799043288815E-11  1.852830909532E-11
AR GRAD 2024 07 02 01 42  0.000000 2   2.753639850861E-11  6.796220704264E-12
AR GRAD 2024 07 02 01 42 10.000000 2   2.392020609365E-11  7.064128362128E-12
AR GRAD 2024 07 02 01 42 20.000000 2   2.764017140167E-11  2.343203409083E-11
AR GRAD 2024 07 02 01 42 30.000000 2   2.549991467982E-11  1.570993855837E-11
AR GRAD 2024 07 02 01 42 40.000000 2   2.836815331253E-11  3.377839457794E-12
AR GRAD 2024 07 02 01 42 50.000000 2   2.593572925869E-11  2.642574006839E-11
AR GRAD 2024 07 02 01 43  0.000000 2   2.199462834085E-11  1.407363982298E-11
AR GRAD 2024 07 02 01 43 10.000000 2   2.504132491643E-11  1.909153217461E-11
AR GRAD 2024 07 02 01 43 20.000000 2   2.269151186396E-11  1.183942874294E-11
AR GRAD 2024 07 02 01 43 30.000000 2   2.603803631041E-11  4.347320680526E-12
AR GRAD 2024 07 02 01 43 40.000000 2   2.438448575004E-11  2.021520797979E-11
AR GRAD 2024 07 02 01 43 50.000000 2   2.017041568492E-11  2.014309552489E-11
AR GRAD 2024 07 02 01 44  0.000000 2   2.200720508605E-11  1.105098217796E-11
AR GRAD 2024 07 02 01 44 10.000000 2   2.376386414038E-11  1.600886263831E-11
AR GRAD 2024 07 02 01 44 20.000000 2   2.327641378252E-11  1.267674680505E-11
AR GRAD 2024 07 02 01 44 30.000000 2   2.021457307100E-11  7.924627100364E-12
AR GRAD 2024 07 02 01 44 40.000000 2   1.934281727844E-11 -2.787499614812E-12
AR GRAD 2024 07 02 01 44 50.000000 2   2.292793212233E-11  2.556037673185E-11
AR GRAD 2024 07 02 01 45  0.000000 2   2.074603683289E-11  6.868249892433E-12
AR GRAD 2024 07 02 01 45 10.000000 2   1.792002657375E-11  8.926121126962E-12
AR GRAD 2024 07 02 01 45 20.000000 2   2.252579893447E-11  1.438399052645E-11
AR GRAD 2024 07 02 01 45 30.000000 2   1.980477414010E-11  3.931854841710E-12
AR GRAD 2024 07 02 01 45 40.000000 2   2.032828419485E-11  1.058972180779E-11
AR GRAD 2024 07 02 01 45 50.000000 2   2.005912276559E-11  8.507583526551E-12
AR GRAD 2024 07 02 01 46  0.000000 2   2.153026715246E-11 -1.289455608261E-11
AR GRAD 2024 07 02 01 46 10.000000 2   1.923117047553E-11  6.223301821789E-12
AR GRAD 2024 07 02 01 46 20.000000 2   2.127109773042E-11  1.897115971261E-11
AR GRAD 2024 07 02 01 46 30.000000 2   1.967006071912E-11  4.129015272053E-12
AR GRAD 2024 07 02 01 46 40.000000 2   1.842522835693E-11  7.986866376597E-12
AR GRAD 2024 07 02 01 46 50.000000 2   2.113017052996E-11 -2.255281681893E-12
AR GRAD 2024 07 02 01 47  0.000000 2   2.007947801086E-11  1.641256401619E-11
AR GRAD 2024 07 02 01 47 10.000000 2   1.974320706921E-11  3.430412637978E-12
AR GRAD 2024 07 02 01 47 20.000000 2   1.986597518433E-11  6.788254420381E-12
AR GRAD 2024 07 02 01 47 30.000000 2   1.508838193276E-11 -7.463900157656E-12
AR GRAD 2024 07 02 01 47 40.000000 2   1.777135556769E-11  1.299393752319E-11
AR GRAD 2024 07 02 01 47 50.000000 2   1.980338289187E-11  3.091777918754E-12
AR GRAD 2024 07 02 01 48  0.000000 2   2.116514082051E-11 -7.503874366495E-13
AR GRAD 2024 07 02 01 48 10.000000 2   1.758754253345E-11  8.274477565802E-13
AR GRAD 2024 07 02 01 48 20.000000 2   1.823085085673E-11  1.684527690948E-11
AR GRAD 2024 07 02 01 48 30.000000 2   2.028498723161E-11  2.154310584090E-11
AR GRAD 2024 07 02 01 48 40.000000 2   1.551863325344E-11 -2.059063640078E-12
AR GRAD 2024 07 02 01 48 50.000000 2   1.849170469526E-11  1.444875989687E-11
AR GRAD 2024 07 02 01 49  0.000000 2   1.552725482912E-11  6.486585140547E-12
AR GRAD 2024 07 02 01 49 10.000000 2   1.879374954272E-11 -1.504559671295E-11
AR GRAD 2024 07 02 01 49 20.000000 2   1.801915040789E-11  2.050222665251E-11
AR GRAD 2024 07 02 01 49 30.000000 2   1.788986667139E-11 -4.669959731418E-12
AR GRAD 2024 07 02 01 49 40.000000 2   1.788312380124E-11 -1.081214111298E-11
AR GRAD 2024 07 02 01 49 50.000000 2   1.501496496581E-11  1.495567038268E-11
AR GRAD 2024 07 02 01 50  0.000000 2   1.741910782282E-11  9.273483023153E-12
AR GRAD 2024 07 02 01 50 10.000000 2   1.646122994858E-11  3.661293056928E-12
AR GRAD 2024 07 02 01 50 20.000000 2   1.576416948368E-11  7.689099357222E-12
AR GRAD 2024 07 02 01 50 30.000000 2   1.605091233536E-11  8.206903039099E-12
AR GRAD 2024 07 02 01 50 40.000000 2   1.809617213022E-11  2.314705501924E-12
AR GRAD 2024 07 02 01 50 50.000000 2   1.591317876082E-11  1.695250884115E-11
AR GRAD 2024 07 02 01 51  0.000000 2   1.565025713191E-11 -8.259690674473E-12
AR GRAD 2024 07 02 01 51 10.000000 2   1.795230630819E-11  2.708810432905E-11
AR GRAD 2024 07 02 01 51 20.000000 2   1.714948669185E-11 -4.824101621642E-12
AR GRAD 2024 07 02 01 51 30.000000 2   1.593033864544E-11  1.847369132668E-11
AR GRAD 2024 07 02 01 51 40.000000 2   1.846319451493E-11 -5.258517579709E-12
AR GRAD 2024 07 02 01 51 50.000000 2   1.546951108877E-11  6.059269839348E-12
AR GRAD 2024 07 02 01 52  0.000000 2   1.619383793727E-11 -2.943392269622E-15
AR GRAD 2024 07 02 01 52 10.000000 2   1.538472127471E-11  7.014838796643E-12
AR GRAD 2024 07 02 01 52 20.000000 2   1.667229548863E-11 -2.947374766124E-12
AR GRAD 2024 07 02 01 52 30.000000 2   1.556162143590E-11 -1.006959619854E-11
AR GRAD 2024 07 02 01 52 40.000000 2   1.418406364584E-11  3.768181947028E-12
AR GRAD 2024 07 02 01 52 50.000000 2   1.522872626614E-11 -1.116403931106E-11
AR GRAD 2024 07 02 01 53  0.000000 2   1.204221444784E-11  2.019373210316E-11
AR GRAD 2024 07 02 01 53 10.000000 2   1.367612880582E-11  4.841503500191E-12
AR GRAD 2024 07 02 01 53 20.000000 2   1.218783754475E-11  1.055927567606E-11
AR GRAD 2024 07 02 01 53 30.000000 2   1.224586577975E-11  8.767041780045E-12
AR GRAD 2024 07 02 01 53 40.000000 2   1.399644896510E-11  1.245480975298E-11
AR GRAD 2024 07 02 01 53 50.000000 2   1.238533407777E-11 -1.687427649867E-12
AR GRAD 2024 07 02 01 54  0.000000 2   1.262611282887E-11 -1.154966400296E-11
AR GRAD 2024 07 02 01 54 10.000000 2   9.046218635289E-12  1.233809495543E-11
AR GRAD 2024 07 02 01 54 20.000000 2   1.476007857604E-11 -7.264147183078E-12
AR GRAD 2024 07 02 01 54 30.000000 2   1.055454335042E-11 -4.676392519748E-12
AR GRAD 2024 07 02 01 54 40.000000 2   1.276411008139E-11  8.001361725962E-12
AR GRAD 2024 07 02 01 54 50.000000 2   1.064329700762E-11  1.929111384524E-12
AR GRAD 2024 07 02 01 55  0.000000 2   1.413234373276E-11 -1.326313971844E-11
AR GRAD 2024 07 02 01 55 10.000000 2   1.094353947739E-11  4.334609927936E-12
AR GRAD 2024 07 02 01 55 20.000000 2   1.162419466239E-11 -1.297645476316E-12
AR GRAD 2024 07 02 01 55 30.000000 2   1.417357030353E-11  8.320100684800E-12
AR GRAD 2024 07 02 01 55 40.000000 2   1.232786095429E-11 -9.492160529811E-12
AR GRAD 2024 07 02 01 55 50.000000 2   8.082883320992E-12  4.525577829151E-12
AR GRAD 2024 07 02 01 56  0.000000 2   1.147562340292E-11  1.058331547399E-11
AR GRAD 2024 07 02 01 56 10.000000 2   1.261308939238E-11  7.121051578268E-12
AR GRAD 2024 07 02 01 56 20.000000 2   8.860154797341E-12 -1.895121386208E-11
AR GRAD 2024 07 02 01 56 30.000000 2   1.394708220442E-11 -5.843486718810E-12
AR GRAD 2024 07 02 01 56 40.000000 2   1.208965479810E-11  2.934243993613E-12
AR GRAD 2024 07 02 01 56 50.000000 2   8.237284118695E-12 -6.998028458799E-12
AR GRAD 2024 07 02 01 57  0.000000 2   9.815320431428E-12 -4.890305174698E-12
AR GRAD 2024 07 02 01 57 10.000000 2   1.064927746680E-11 -1.352583084598E-12
AR GRAD 2024 07 02 01 57 20.000000 2   1.110062475967E-11 -5.924861296025E-12
AR GRAD 2024 07 02 01 57 30.000000 2   1.278400822702E-11 -1.047142732767E-12
AR GRAD 2024 07 02 01 57 40.000000 2   1.094191230677E-11  1.062057473217E-11
AR GRAD 2024 07 02 01 57 50.000000 2   1.175877624437E-11 -2.568171023065E-11
AR GRAD 2024 07 02 01 58  0.000000 2   1.120351120903E-11  3.659996025869E-13
AR GRAD 2024 07 02 01 58 10.000000 2   1.398697564020E-11 -1.360628623659E-11
AR GRAD 2024 07 02 01 58 20.000000 2   8.646225228837E-12  7.271418710209E-12
AR GRAD 2024 07 02 01 58 30.000000 2   1.332740862114E-11  1.458912504693E-11
AR GRAD 2024 07 02 01 58 40.000000 2   1.295519767852E-11 -2.913316810016E-11
AR GRAD 2024 07 02 01 58 50.000000 2   1.133271514825E-11  3.034530092483E-12
AR GRAD 2024 07 02 01 59  0.000000 2   1.161118510368E-11 -5.537768160702E-12
AR GRAD 2024 07 02 01 59 10.000000 2   1.088993999143E-11  1.041993054340E-11
AR GRAD 2024 07 02 01 59 20.000000 2   1.135907080202E-11 -1.519237513570E-11
AR GRAD 2024 07 02 01 59 30.000000 2   9.336763133472E-12 -2.246792975193E-13
AR GRAD 2024 07 02 01 59 40.000000 2   9.454253352414E-12 -1.530698658103E-11
AR GRAD 2024 07 02 01 59 50.000000 2   1.020131635415E-11 -2.297929728445E-11
AR GRAD 2024 07 02 02 00  0.000000 2   1.034734884581E-11  1.077838859831E-11
AR GRAD 2024 07 02 02 00 10.000000 2   1.167908738470E-11 -6.213924774040E-12
AR GRAD 2024 07 02 02 00 20.000000 2   8.699497719422E-12 -1.446624070534E-11
AR GRAD 2024 07 02 02 00 30.000000 2   1.181501164266E-11 -7.498558197983E-12
AR GRAD 2024 07 02 02 00 40.000000 2   1.094763862897E-11  1.486911982429E-11
AR GRAD 2024 07 02 02 00 50.000000 2   1.185310530283E-11 -1.679320398018E-11
AR GRAD 2024 07 02 02 01  0.000000 2   8.927165430495E-12 -8.155282005262E-13
AR GRAD 2024 07 02 02 01 10.000000 2   1.182633505015E-11 -1.556785429735E-11
AR GRAD 2024 07 02 02 01 20.000000 2   1.270787641783E-11 -1.337018256525E-11
AR GRAD 2024 07 02 02 01 30.000000 2   1.064347308205E-11 -1.612251478156E-11
AR GRAD 2024 07 02 02 01 40.000000 2   9.415509170940E-12  7.105153704973E-12
AR GRAD 2024 07 02 02 01 50.000000 2   1.170117475136E-11 -1.042718082017E-11
AR GRAD 2024 07 02 02 02  0.000000 2   7.917437538918E-12 -2.095193051173E-13
AR GRAD 2024 07 02 02 02 10.000000 2   1.212358512193E-11 -2.133185642017E-11
AR GRAD 2024 07 02 02 02 20.000000 2   1.113450477652E-11 -1.761420002910E-11
AR GRAD 2024 07 02 02 02 30.000000 2   9.021726074532E-12 -3.316541919568E-12
AR GRAD 2024 07 02 02 02 40.000000 2   9.285527208247E-12 -2.688881560985E-13
AR GRAD 2024 07 02 02 02 50.000000 2   9.711122531120E-12 -1.266123317301E-11
AR GRAD 2024 07 02 02 03  0.000000 2   1.160118789229E-11 -1.269358576583E-11
AR GRAD 2024 07 02 02 03 10.000000 2   1.327206400337E-11 -2.904593406072E-11
AR GRAD 2024 07 02 02 03 20.000000 2   9.426448337180E-12 -6.758289240738E-12
AR GRAD 2024 07 02 02 03 30.000000 2   1.154023144406E-11 -1.330064530736E-11
AR GRAD 2024 07 02 02 03 40.000000 2   1.150452042659E-11 -1.765300405854E-11
AR GRAD 2024 07 02 02 03 50.000000 2   1.061289424398E-11 -1.955536427234E-11
AR GRAD 2024 07 02 02 04  0.000000 2   7.448644999408E-12 -1.491772504136E-11
AR GRAD 2024 07 02 02 04 10.000000 2   1.197975659645E-11 -1.795008759686E-11
AR GRAD 2024 07 02 02 04 20.000000 2   1.064429534098E-11 -1.536245262945E-11
AR GRAD 2024 07 02 02 04 30.000000 2   1.117714341220E-11 -1.251482251163E-11
AR GRAD 2024 07 02 02 04 40.000000 2   9.345749868439E-12 -7.757189855739E-12
AR GRAD 2024 07 02 02 04 50.000000 2   1.071187236135E-11 -1.403956291501E-11
AR GRAD 2024 07 02 02 05  0.000000 2   1.019082561393E-11 -1.948193689705E-11
AR GRAD 2024 07 02 02 05 10.000000 2   1.509287313184E-11 -3.214312496724E-12
AR GRAD 2024 07 02 02 05 20.000000 2   1.025976179014E-11 -2.028669073006E-11
AR GRAD 2024 07 02 02 05 30.000000 2   1.117577037857E-11 -1.833907505022E-11
AR GRAD 2024 07 02 02 05 40.000000 2   1.154139023934E-11 -2.417145476830E-11
AR GRAD 2024 07 02 02 05 50.000000 2   9.887994936730E-12 -1.525383812317E-11
AR GRAD 2024 07 02 02 06  0.000000 2   1.401061558437E-11 -7.856224351621E-12
AR GRAD 2024 07 02 02 06 10.000000 2   1.148795208267E-11 -1.803861400529E-11
AR GRAD 2024 07 02 02 06 20.000000 2   1.075487962576E-11 -1.942100300023E-11
AR GRAD 2024 07 02 02 06 30.000000 2   1.208202895370E-11 -1.859339418542E-11
AR GRAD 2024 07 02 02 06 40.000000 2   9.291045363624E-12 -1.890578839314E-11
AR GRAD 2024 07 02 02 06 50.000000 2   1.091455051339E-11 -1.852818766468E-11
AR GRAD 2024 07 02 02 07  0.000000 2   1.226816131322E-11 -7.250586415986E-12
AR GRAD 2024 07 02 02 07 10.000000 2   1.331457080006E-11 -1.247298531820E-11
AR GRAD 2024 07 02 02 07 20.000000 2   1.506235067228E-11 -2.605539395351E-11
AR GRAD 2024 07 02 02 07 30.000000 2   1.350431919067E-11 -9.667795210222E-12
AR GRAD 2024 07 02 02 07 40.000000 2   8.302324973342E-12 -3.190020470001E-11
AR GRAD 2024 07 02 02 07 50.000000 2   1.375345497212E-11 -9.722612472063E-12
AR GRAD 2024 07 02 02 08  0.000000 2   1.403001412964E-11 -2.901501955366E-11
AR GRAD 2024 07 02 02 08 10.000000 2   1.173585621045E-11 -4.597436147058E-12
AR GRAD 2024 07 02 02 08 20.000000 2   1.526208499858E-11 -2.358985055906E-11
AR GRAD 2024 07 02 02 08 30.000000 2   1.050098289573E-11 -1.436226831908E-11
AR GRAD 2024 07 02 02 08 40.000000 2   1.602091723174E-11 -2.738468826702E-11
AR GRAD 2024 07 02 02 08 50.000000 2   1.292941708558E-11 -8.447107596732E-12
AR GRAD 2024 07 02 02 09  0.000000 2   1.332301369922E-11 -5.279530718855E-12
AR GRAD 2024 07 02 02 09 10.000000 2   1.416043671210E-11 -3.438195908534E-11
AR GRAD 2024 07 02 02 09 20.000000 2   1.393336921535E-11 -9.924382496362E-12
AR GRAD 2024 07 02 02 09 30.000000 2   1.383533565491E-11 -2.302681309518E-11
AR GRAD 2024 07 02 02 09 40.000000 2   1.196560732442E-11 -1.833924505312E-11
AR GRAD 2024 07 02 02 09 50.000000 2   1.478056392556E-11 -2.376167838880E-11
AR GRAD 2024 07 02 02 10  0.000000 2   1.471976880663E-11 -1.446411566908E-11
AR GRAD 2024 07 02 02 10 10.000000 2   1.280172582524E-11 -2.378655952762E-11
AR GRAD 2024 07 02 02 10 20.000000 2   1.292714893464E-11 -1.239899329042E-11
AR GRAD 2024 07 02 02 10 30.000000 2   1.481508839218E-11 -3.559143604837E-11
AR GRAD 2024 07 02 02 10 40.000000 2   1.439243169088E-11 -2.557388328883E-11
AR GRAD 2024 07 02 02 10 50.000000 2   1.586148053179E-11 -8.916325143493E-12
AR GRAD 2024 07 02 02 11  0.000000 2   1.404673079242E-11 -2.571877606716E-11
AR GRAD 2024 07 02 02 11 10.000000 2   1.405370438079E-11 -1.762122392446E-11
AR GRAD 2024 07 02 02 11 20.000000 2   1.487420776825E-11 -4.053368057866E-11
AR GRAD 2024 07 02 02 11 30.000000 2   1.357303245492E-11 -6.786128950442E-12
AR GRAD 2024 07 02 02 11 40.000000 2   1.669047712538E-11 -2.013858697858E-11
AR GRAD 2024 07 02 02 11 50.000000 2   1.297395958028E-11 -1.056104769609E-11
AR GRAD 2024 07 02 02 12  0.000000 2   1.465610272033E-11 -1.486350625912E-11
AR GRAD 2024 07 02 02 12 10.000000 2   1.732412130417E-11 -3.195596912087E-11
AR GRAD 2024 07 02 02 12 20.000000 2   1.366293710114E-11 -2.715843348822E-11
AR GRAD 2024 07 02 02 12 30.000000 2   1.562540548339E-11 -2.013089868413E-11
AR GRAD 2024 07 02 02 12 40.000000 2   1.633179876059E-11 -1.858337268790E-11
AR GRAD 2024 07 02 02 12 50.000000 2   1.665843331333E-11 -1.625584042375E-11
AR GRAD 2024 07 02 02 13  0.000000 2   1.306503776694E-11 -2.386830837142E-11
AR GRAD 2024 07 02 02 13 10.000000 2   1.568851819289E-11 -1.312078831001E-11
AR GRAD 2024 07 02 02 13 20.000000 2   1.734471247183E-11 -3.111326127292E-11
AR GRAD 2024 07 02 02 13 30.000000 2   1.571609682671E-11 -9.915743573452E-12
AR GRAD 2024 07 02 02 13 40.000000 2   1.883268541114E-11 -2.567822517119E-11
AR GRAD 2024 07 02 02 13 50.000000 2   1.665985925603E-11 -1.311070869925E-11
AR GRAD 2024 07 02 02 14  0.000000 2   1.578265643176E-11 -1.856319438442E-11
AR GRAD 2024 07 02 02 14 10.000000 2   1.383587862336E-11 -1.430567730248E-11
AR GRAD 2024 07 02 02 14 20.000000 2   1.843027640225E-11 -1.716817139841E-11
AR GRAD 2024 07 02 02 14 30.000000 2   1.489324982784E-11 -8.660660730242E-12
AR GRAD 2024 07 02 02 14 40.000000 2   1.638342760069E-11 -2.104315159623E-11
AR GRAD 2024 07 02 02 14 50.000000 2   1.936467132480E-11 -1.253564960169E-11
AR GRAD 2024 07 02 02 15  0.000000 2   1.512506092594E-11 -2.987814856636E-11
AR GRAD 2024 07 02 02 15 10.000000 2   1.804261427762E-11 -2.525064879411E-11
AR GRAD 2024 07 02 02 15 20.000000 2   1.734732670011E-11 -1.627314949459E-11
AR GRAD 2024 07 02 02 15 30.000000 2   1.779849011230E-11 -1.906565530452E-11
AR GRAD 2024 07 02 02 15 40.000000 2   1.666676865963E-11 -1.238815647286E-11
AR GRAD 2024 07 02 02 15 50.000000 2   1.762137137595E-11 -1.223066526529E-11
AR GRAD 2024 07 02 02 16  0.000000 2   1.731698638652E-11 -7.963174390724E-12
AR GRAD 2024 07 02 02 16 10.000000 2   1.722948346494E-11 -1.990568994359E-11
AR GRAD 2024 07 02 02 16 20.000000 2   1.697196896910E-11 -1.671820147597E-11
AR GRAD 2024 07 02 02 16 30.000000 2   1.787577898205E-11 -1.618071648890E-11
AR GRAD 2024 07 02 02 16 40.000000 2   1.788888134846E-11 -1.463324079964E-11
AR GRAD 2024 07 02 02 16 50.000000 2   1.831010516817E-11 -2.345758570027E-12
AR GRAD 2024 07 02 02 17  0.000000 2   1.832020472825E-11 -1.591828058256E-11
AR GRAD 2024 07 02 02 17 10.000000 2   1.426812661076E-11 -1.972080311552E-11
AR GRAD 2024 07 02 02 17 20.000000 2   1.553821654676E-11 -3.272332405047E-11
AR GRAD 2024 07 02 02 17 30.000000 2   1.873595723012E-11 -4.935858145816E-12
AR GRAD 2024 07 02 02 17 40.000000 2   1.819294541405E-11 -1.528838861065E-11
AR GRAD 2024 07 02 02 17 50.000000 2   1.672949799525E-11 -2.327091817855E-11
AR GRAD 2024 07 02 02 18  0.000000 2   1.960801833401E-11 -3.021345326704E-11
AR GRAD 2024 07 02 02 18 10.000000 2   2.083703348754E-11 -2.110599368887E-11
AR GRAD 2024 07 02 02 18 20.000000 2   1.419009614673E-11 -2.477853339178E-11
AR GRAD 2024 07 02 02 18 30.000000 2   2.189632329619E-11 -1.407107243223E-11
AR GRAD 2024 07 02 02 18 40.000000 2   1.869386589970E-11 -1.320361181500E-11
AR GRAD 2024 07 02 02 18 50.000000 2   1.560121649924E-11 -1.681616131066E-11
AR GRAD 2024 07 02 02 19  0.000000 2   1.869808474719E-11 -2.290870965149E-11
AR GRAD 2024 07 02 02 19 10.000000 2   1.788996208119E-11 -5.591257058041E-12
AR GRAD 2024 07 02 02 19 20.000000 2   1.653377955380E-11 -1.853380469929E-11
AR GRAD 2024 07 02 02 19 30.000000 2   2.070363672169E-11 -1.663635895710E-11
AR GRAD 2024 07 02 02 19 40.000000 2   1.905743271524E-11 -7.258916124436E-12
AR GRAD 2024 07 02 02 19 50.000000 2   1.747030645149E-11 -1.695147321124E-11
AR GRAD 2024 07 02 02 20  0.000000 2   1.886656456063E-11 -9.004031895077E-12
AR GRAD 2024 07 02 02 20 10.000000 2   1.924516448981E-11 -1.419659442087E-11
AR GRAD 2024 07 02 02 20 20.000000 2   1.736502087957E-11 -1.016915544827E-11
AR GRAD 2024 07 02 02 20 30.000000 2   2.177209801335E-11 -2.330172513276E-11
AR GRAD 2024 07 02 02 20 40.000000 2   1.847812354516E-11 -1.082429198357E-11
AR GRAD 2024 07 02 02 20 50.000000 2   2.053909299582E-11 -1.482685849097E-11
AR GRAD 2024 07 02 02 21  0.000000 2   2.101974323765E-11 -2.053943473634E-11
AR GRAD 2024 07 02 02 21 10.000000 2   1.898868215444E-11 -1.203200560018E-11
AR GRAD 2024 07 02 02 21 20.000000 2   2.072244112417E-11 -1.345458206653E-11
AR GRAD 2024 07 02 02 21 30.000000 2   1.994770321145E-11 -1.256715564946E-11
AR GRAD 2024 07 02 02 21 40.000000 2   2.306581488309E-11 -9.139737577879E-12
AR GRAD 2024 07 02 02 21 50.000000 2   2.098585021038E-11 -1.215231994894E-11
AR GRAD 2024 07 02 02 22  0.000000 2   2.077340036100E-11 -1.749490656511E-11
AR GRAD 2024 07 02 02 22 10.000000 2   2.404497434494E-11 -1.307749134677E-11
AR GRAD 2024 07 02 02 22 20.000000 2   1.733296839390E-11  6.259919232282E-12
AR GRAD 2024 07 02 02 22 30.000000 2   2.346912594819E-11 -8.322671544991E-12
AR GRAD 2024 07 02 02 22 40.000000 2   2.176526493758E-11 -3.425261810297E-12
AR GRAD 2024 07 02 02 22 50.000000 2   2.097399164069E-11 -1.869785576369E-11
AR GRAD 2024 07 02 02 23  0.000000 2   1.919544904971E-11 -2.370453442910E-12
AR GRAD 2024 07 02 02 23 10.000000 2   2.095897587429E-11 -6.023049680531E-12
AR GRAD 2024 07 02 02 23 20.000000 2   2.063270561348E-11 -1.083565008553E-11
AR GRAD 2024 07 02 02 23 30.000000 2   2.159288893522E-11 -9.608256031080E-12
AR GRAD 2024 07 02 02 23 40.000000 2   1.769934199203E-11 -1.178085753950E-11
AR GRAD 2024 07 02 02 23 50.000000 2   2.258910072883E-11 -3.873466217913E-12
AR GRAD 2024 07 02 02 24  0.000000 2   2.134114412966E-11 -1.766074916518E-12
AR GRAD 2024 07 02 02 24 10.000000 2   2.115505166878E-11 -1.062868369706E-11
AR GRAD 2024 07 02 02 24 20.000000 2   2.398650722490E-11 -4.971297245387E-12
AR GRAD 2024 07 02 02 24 30.000000 2   2.169884757985E-11 -1.036391372028E-11
AR GRAD 2024 07 02 02 24 40.000000 2   2.042922948864E-11 -8.456530614653E-12
AR GRAD 2024 07 02 02 24 50.000000 2   2.472390174535E-11 -8.399151166238E-12
AR GRAD 2024 07 02 02 25  0.000000 2   1.963552584416E-11  9.782323605670E-13
AR GRAD 2024 07 02 02 25 10.000000 2   1.971317033223E-11 -1.733439433660E-11
AR GRAD 2024 07 02 02 25 20.000000 2   2.207862885573E-11  2.068298136926E-11
AR GRAD 2024 07 02 02 25 30.000000 2   2.089898913649E-11 -1.979643662539E-12
AR GRAD 2024 07 02 02 25 40.000000 2   2.049814484817E-11 -3.042275199122E-12
AR GRAD 2024 07 02 02 25 50.000000 2   2.013682103008E-11 -6.824905657982E-12
AR GRAD 2024 07 02 02 26  0.000000 2   2.335816609578E-11 -4.827540277252E-12
AR GRAD 2024 07 02 02 26 10.000000 2   2.144041715002E-11 -6.610174213550E-12
AR GRAD 2024 07 02 02 26 20.000000 2   2.152981265491E-11 -7.428113029187E-13
AR GRAD 2024 07 02 02 26 30.000000 2   2.354657094306E-11  1.646454500515E-11
AR GRAD 2024 07 02 02 26 40.000000 2   2.108199899375E-11 -8.758092341632E-12
AR GRAD 2024 07 02 02 26 50.000000 2   2.164422460704E-11 -8.870737477906E-12
AR GRAD 2024 07 02 02 27  0.000000 2   2.290217147871E-11  8.356617481331E-12
AR GRAD 2024 07 02 02 27 10.000000 2   2.007252523917E-11  2.430396682518E-11
AR GRAD 2024 07 02 02 27 20.000000 2   2.376098276469E-11 -1.173868120763E-11
AR GRAD 2024 07 02 02 27 30.000000 2   2.164071352673E-11 -4.931334420671E-12
AR GRAD 2024 07 02 02 27 40.000000 2   2.219365836942E-11  2.746011534480E-12
AR GRAD 2024 07 02 02 27 50.000000 2   2.538004355290E-11  8.493357926687E-12
AR GRAD 2024 07 02 02 28  0.000000 2   2.332208384748E-11  1.070698976528E-12
AR GRAD 2024 07 02 02 28 10.000000 2   2.065720164368E-11  2.778039083495E-12
AR GRAD 2024 07 02 02 28 20.000000 2   2.339805779683E-11  1.429537564712E-11
AR GRAD 2024 07 02 02 28 30.000000 2   2.341487767565E-11 -8.272883788608E-13
AR GRAD 2024 07 02 02 28 40.000000 2   2.199505161338E-11  1.527004390989E-11
AR GRAD 2024 07 02 02 28 50.000000 2   2.446615479657E-11  1.240737547425E-11
AR GRAD 2024 07 02 02 29  0.000000 2   2.211172391020E-11  2.624704707049E-12
AR GRAD 2024 07 02 02 29 10.000000 2   2.181142419455E-11  2.392031451387E-12
AR GRAD 2024 07 02 02 29 20.000000 2   2.452442415812E-11  5.149358370260E-12
AR GRAD 2024 07 02 02 29 30.000000 2   2.169001263319E-11 -2.743317725762E-12
AR GRAD 2024 07 02 02 29 40.000000 2   2.311997988891E-11  6.214002836596E-12
AR GRAD 2024 07 02 02 29 50.000000 2   2.202994731082E-11  8.741322769790E-12
AR GRAD 2024 07 02 02 30  0.000000 2   2.260232279117E-11  6.908638158082E-12
AR GRAD 2024 07 02 02 30 10.000000 2   2.592197984042E-11  2.351595307371E-11
AR GRAD 2024 07 02 02 30 20.000000 2   2.006659075016E-11  1.000326731171E-11
AR GRAD 2024 07 02 02 30 30.000000 2   2.134346518967E-11  5.860578949218E-12
AR GRAD 2024 07 02 02 30 40.000000 2   2.359453084300E-11  1.201788668581E-11
AR GRAD 2024 07 02 02 30 50.000000 2   2.300821165535E-11  2.134519297425E-11
AR GRAD 2024 07 02 02 31  0.000000 2   2.348848372746E-11  9.522499976045E-12
AR GRAD 2024 07 02 02 31 10.000000 2   2.547306462986E-11  1.501980137486E-11
AR GRAD 2024 07 02 02 31 20.000000 2   2.086189727912E-11  1.269710291768E-11
AR GRAD 2024 07 02 02 31 30.000000 2   2.356331275932E-11  1.113440069311E-11
AR GRAD 2024 07 02 02 31 40.000000 2   2.491455826370E-11  1.326169642851E-11
AR GRAD 2024 07 02 02 31 50.000000 2   2.349765521048E-11  1.469899202355E-11
AR GRAD 2024 07 02 02 32  0.000000 2   2.550705480164E-11  2.165628266992E-11
AR GRAD 2024 07 02 02 32 10.000000 2   2.281863066556E-11 -2.156424995167E-12
AR GRAD 2024 07 02 02 32 20.000000 2   2.274022289916E-11  1.484086291359E-11
AR GRAD 2024 07 02 02 32 30.000000 2   2.631724352331E-11  2.648814848016E-11
AR GRAD 2024 07 02 02 32 40.000000 2   2.522122094506E-11 -8.424564865162E-12
AR GRAD 2024 07 02 02 32 50.000000 2   2.478365429548E-11  4.189271499144E-11
AR GRAD 2024 07 02 02 33  0.000000 2   2.312743919985E-11  4.579997839316E-12
AR GRAD 2024 07 02 02 33 10.000000 2   2.445401867113E-11  2.411727414997E-11
AR GRAD 2024 07 02 02 33 20.000000 2   2.563601067540E-11  1.561454958388E-11
AR GRAD 2024 07 02 02 33 30.000000 2   2.473443498630E-11  6.731821697303E-12
AR GRAD 2024 07 02 02 33 40.000000 2   2.363068421496E-11  1.536909488564E-11
AR GRAD 2024 07 02 02 33 50.000000 2   2.604502724601E-11  1.098636719793E-11
AR GRAD 2024 07 02 02 34  0.000000 2   2.390527012452E-11  1.226363368495E-11
AR GRAD 2024 07 02 02 34 10.000000 2   2.531026430108E-11 -3.559101364320E-12
AR GRAD 2024 07 02 02 34 20.000000 2   2.585594238713E-11  4.648163364623E-12
AR GRAD 2024 07 02 02 34 30.000000 2   2.586252566272E-11  1.228542528126E-11
AR GRAD 2024 07 02 02 34 40.000000 2   2.482264740977E-11  6.612682190016E-12
AR GRAD 2024 07 02 02 34 50.000000 2   2.883744631976E-11  2.432993910506E-11
AR GRAD 2024 07 02 02 35  0.000000 2   2.572766652498E-11  4.087198027941E-12
AR GRAD 2024 07 02 02 35 10.000000 2   2.504879637044E-11  9.154449767679E-12
AR GRAD 2024 07 02 02 35 20.000000 2   2.593766347536E-11  8.381698113347E-12
AR GRAD 2024 07 02 02 35 30.000000 2   2.596429148072E-11  1.848949595859E-12
AR GRAD 2024 07 02 02 35 40.000000 2   2.565436404978E-11  1.350619702883E-11
AR GRAD 2024 07 02 02 35 50.000000 2   2.835102118348E-11  1.133440563628E-12
AR GRAD 2024 07 02 02 36  0.000000 2   2.421834260913E-11  1.018068442049E-11
AR GRAD 2024 07 02 02 36 10.000000 2   2.717044991773E-11  1.183792560505E-11
AR GRAD 2024 07 02 02 36 20.000000 2   2.641482865773E-11 -1.014833182766E-12
AR GRAD 2024 07 02 02 36 30.000000 2   2.635325811740E-11  8.262400312542E-12
AR GRAD 2024 07 02 02 36 40.000000 2   2.649627565965E-11  1.163963630341E-11
AR GRAD 2024 07 02 02 36 50.000000 2   2.394225442903E-11  6.076867741650E-12
AR GRAD 2024 07 02 02 37  0.000000 2   2.865907684779E-11  3.794097414717E-12
AR GRAD 2024 07 02 02 37 10.000000 2   2.746002557286E-11  1.101328013162E-12
AR GRAD 2024 07 02 02 37 20.000000 2   2.680541899558E-11  1.696855503330E-11
AR GRAD 2024 07 02 02 37 30.000000 2   2.816013915108E-11 -6.704220945758E-12
AR GRAD 2024 07 02 02 37 40.000000 2   2.676806866442E-11  1.768300089688E-11
AR GRAD 2024 07 02 02 37 50.000000 2   2.695890385929E-11  1.167022294774E-11
AR GRAD 2024 07 02 02 38  0.000000 2   2.526611732334E-11  1.025743986277E-11
AR GRAD 2024 07 02 02 38 10.000000 2   2.809212237831E-11  9.224657496198E-12
AR GRAD 2024 07 02 02 38 20.000000 2   2.968277013071E-11  5.811869215055E-12
AR GRAD 2024 07 02 02 38 30.000000 2   2.678694766001E-11 -1.353091510364E-11
AR GRAD 2024 07 02 02 38 40.000000 2   2.795559964075E-11  1.385629284922E-11
AR GRAD 2024 07 02 02 38 50.000000 2   2.818064705201E-11  7.943500024421E-12
AR GRAD 2024 07 02 02 39  0.000000 2   2.776568905349E-11 -1.719293002238E-12
AR GRAD 2024 07 02 02 39 10.000000 2   2.746408829524E-11  4.447912090727E-12
AR GRAD 2024 07 02 02 39 20.000000 2   2.654237940547E-11  2.531511285320E-11
AR GRAD 2024 07 02 02 39 30.000000 2   2.886484454234E-11  1.078231341017E-11
AR GRAD 2024 07 02 02 39 40.000000 2   2.656471743967E-11 -2.100490788248E-12
AR GRAD 2024 07 02 02 39 50.000000 2   2.771878039598E-11  7.126707644162E-12
AR GRAD 2024 07 02 02 40  0.000000 2   2.681808594640E-11  1.225389928416E-11
AR GRAD 2024 07 02 02 40 10.000000 2   2.959711295492E-11  1.204109034703E-11
AR GRAD 2024 07 02 02 40 20.000000 2   2.970247658940E-11  1.134828082200E-11
AR GRAD 2024 07 02 02 40 30.000000 2   3.074883750398E-11  4.115466648025E-12
AR GRAD 2024 07 02 02 40 40.000000 2   2.934558152035E-11  2.523265277277E-11
AR GRAD 2024 07 02 02 40 50.000000 2   2.665393426804E-11  5.259835969551E-12
AR GRAD 2024 07 02 02 41  0.000000 2   2.844642403577E-11  2.317019623041E-12
AR GRAD 2024 07 02 02 41 10.000000 2   2.730281625785E-11  2.976419805067E-11
AR GRAD 2024 07 02 02 41 20.000000 2   2.687155012393E-11  2.121373389452E-12
AR GRAD 2024 07 02 02 41 30.000000 2   2.834949115738E-11 -3.311449855645E-12
AR GRAD 2024 07 02 02 41 40.000000 2   2.826490257124E-11  1.118572248715E-11
AR GRAD 2024 07 02 02 41 50.000000 2   2.868179825588E-11  1.484289080533E-11
AR GRAD 2024 07 02 02 42  0.000000 2   3.033934561913E-11  9.370063752678E-12
AR GRAD 2024 07 02 02 42 10.000000 2   2.913259564141E-11  6.797229012284E-12
AR GRAD 2024 07 02 02 42 20.000000 2   3.101204709699E-11  9.324394555088E-12
AR GRAD 2024 07 02 02 42 30.000000 2   3.071930904097E-11  1.202155649332E-11
AR GRAD 2024 07 02 02 42 40.000000 2   2.891994109466E-11  1.665871607326E-11
AR GRAD 2024 07 02 02 42 50.000000 2   3.015461491618E-11  1.714587499757E-11
AR GRAD 2024 07 02 02 43  0.000000 2   2.981527524870E-11  1.412303347187E-11
AR GRAD 2024 07 02 02 43 10.000000 2   3.061475031818E-11  2.186018553674E-11
AR GRAD 2024 07 02 02 43 20.000000 2   2.991371386707E-11  1.284733864432E-11
AR GRAD 2024 07 02 02 43 30.000000 2   3.131598799722E-11  1.058448814706E-11
AR GRAD 2024 07 02 02 43 40.000000 2   2.844180446715E-11  1.260163848271E-11
AR GRAD 2024 07 02 02 43 50.000000 2   3.043125126889E-11  1.382878533907E-11
AR GRAD 2024 07 02 02 44  0.000000 2   3.179875807113E-11  2.056592743327E-11
AR GRAD 2024 07 02 02 44 10.000000 2   2.764113417320E-11  1.281307091677E-11
AR GRAD 2024 07 02 02 44 20.000000 2   3.280750671131E-11  1.975021014788E-11
AR GRAD 2024 07 02 02 44 30.000000 2   3.214963018028E-11  4.227346771246E-12
AR GRAD 2024 07 02 02 44 40.000000 2   2.903494805695E-11  1.682448277918E-11
AR GRAD 2024 07 02 02 44 50.000000 2   3.181725022339E-11  1.748161858328E-11
AR GRAD 2024 07 02 02 45  0.000000 2   3.068870157996E-11  1.677875026418E-11
AR GRAD 2024 07 02 02 45 10.000000 2   3.212353993920E-11  1.265588068372E-11
AR GRAD 2024 07 02 02 45 20.000000 2   3.006478399570E-11  2.452300515432E-11
AR GRAD 2024 07 02 02 45 30.000000 2   3.116153862726E-11  3.990134177928E-12
AR GRAD 2024 07 02 02 45 40.000000 2   3.147009736137E-11  9.597258751604E-12
AR GRAD 2024 07 02 02 45 50.000000 2   3.159861608482E-11  2.623437751759E-11
AR GRAD 2024 07 02 02 46  0.000000 2   3.388062400078E-11  2.514149652355E-11
AR GRAD 2024 07 02 02 46 10.000000 2   2.894550918398E-11  2.244861588285E-11
AR GRAD 2024 07 02 02 46 20.000000 2   3.369297896239E-11  7.695728602986E-12
AR GRAD 2024 07 02 02 46 30.000000 2   3.015059382716E-11  7.152843421732E-12
AR GRAD 2024 07 02 02 46 40.000000 2   3.219415012357E-11  3.698995623691E-11
AR GRAD 2024 07 02 02 46 50.000000 2   3.155536248967E-11  1.820706432842E-11
AR GRAD 2024 07 02 02 47  0.000000 2   3.358641836870E-11  1.714416976439E-11
AR GRAD 2024 07 02 02 47 10.000000 2   3.175752369411E-11  1.410127657003E-11
AR GRAD 2024 07 02 02 47 20.000000 2   3.364326872646E-11  2.775838066349E-11
AR GRAD 2024 07 02 02 47 30.000000 2   3.132990394894E-11  1.116547999891E-11
AR GRAD 2024 07 02 02 47 40.000000 2   3.122812772260E-11  1.317257934674E-11
AR GRAD 2024 07 02 02 47 50.000000 2   3.315905883206E-11  1.314967666005E-11
AR GRAD 2024 07 02 02 48  0.000000 2   3.357930253300E-11  1.991676962243E-11
AR GRAD 2024 07 02 02 48 10.000000 2   3.218047356368E-11  2.492386505515E-11
AR GRAD 2024 07 02 02 48 20.000000 2   3.063189632502E-11  2.440953689176E-12
AR GRAD 2024 07 02 02 48 30.000000 2   3.196269984795E-11  4.288044745671E-12
AR GRAD 2024 07 02 02 48 40.000000 2   3.272107931829E-11  1.297512878390E-11
AR GRAD 2024 07 02 02 48 50.000000 2   3.485139260517E-11  1.721221429274E-11
AR GRAD 2024 07 02 02 49  0.000000 2   3.196035103237E-11  2.250929651004E-11
AR GRAD 2024 07 02 02 49 10.000000 2   3.055370539906E-11  1.289637667490E-11
AR GRAD 2024 07 02 02 49 20.000000 2   3.277578555783E-11  1.872345507803E-11
AR GRAD 2024 07 02 02 49 30.000000 2   3.389961575340E-11  1.999053006463E-11
AR GRAD 2024 07 02 02 49 40.000000 2   3.147972854611E-11  2.215760561142E-11
AR GRAD 2024 07 02 02 49 50.000000 2   3.239711277025E-11  1.762467775890E-11
AR GRAD 2024 07 02 02 50  0.000000 2   3.248349506046E-11  3.041174950758E-11
AR GRAD 2024 07 02 02 50 10.000000 2   2.864542283931E-11  1.088881589062E-11
AR GRAD 2024 07 02 02 50 20.000000 2   3.515822702416E-11  4.317588300773E-11
AR GRAD 2024 07 02 02 50 30.000000 2   3.547570223694E-11  7.432948354036E-12
AR GRAD 2024 07 02 02 50 40.000000 2   3.220016267513E-11  1.617000804088E-11
AR GRAD 2024 07 02 02 50 50.000000 2   3.474831186678E-11  1.950706610132E-11
AR GRAD 2024 07 02 02 51  0.000000 2   3.336539378118E-11  1.998412546556E-11
AR GRAD 2024 07 02 02 51 10.000000 2   3.402511952744E-11  1.574118092817E-11
AR GRAD 2024 07 02 02 51 20.000000 2   3.202801218682E-11  2.177823373029E-11
AR GRAD 2024 07 02 02 51 30.000000 2   3.209340779242E-11  1.753528572346E-11
AR GRAD 2024 07 02 02 51 40.000000 2   3.346884921984E-11  1.865233488496E-11
AR GRAD 2024 07 02 02 51 50.000000 2   3.218820002204E-11  1.829938110764E-11
AR GRAD 2024 07 02 02 52  0.000000 2   3.519722360790E-11  2.611642846428E-11
AR GRAD 2024 07 02 02 52 10.000000 2   3.193370567978E-11  2.084347104636E-11
AR GRAD 2024 07 02 02 52 20.000000 2   3.264526149405E-11  3.111051347093E-11
AR GRAD 2024 07 02 02 52 30.000000 2   3.358507569273E-11  1.107755293744E-11
AR GRAD 2024 07 02 02 52 40.000000 2   3.484377023022E-11  6.674589700384E-12
AR GRAD 2024 07 02 02 52 50.000000 2   3.586219168850E-11  2.111162286655E-11
AR GRAD 2024 07 02 02 53  0.000000 2   3.392995606699E-11  3.425865841011E-11
AR GRAD 2024 07 02 02 53 10.000000 2   3.609357951406E-11  3.015569044473E-11
AR GRAD 2024 07 02 02 53 20.000000 2   3.516364630030E-11  2.374271786121E-11
AR GRAD 2024 07 02 02 53 30.000000 2   3.311135393647E-11  1.342974256108E-11
AR GRAD 2024 07 02 02 53 40.000000 2   3.504960557899E-11  2.504676847870E-11
AR GRAD 2024 07 02 02 53 50.000000 2   3.628579728354E-11  7.823792828876E-12
AR GRAD 2024 07 02 02 54  0.000000 2   3.305488174843E-11  2.223081094210E-11
AR GRAD 2024 07 02 02 54 10.000000 2   3.268189538441E-11  1.798782997553E-11
AR GRAD 2024 07 02 02 54 20.000000 2   3.384037147725E-11  6.604847311437E-12
AR GRAD 2024 07 02 02 54 30.000000 2   3.426103151183E-11  1.500186086467E-11
AR GRAD 2024 07 02 02 54 40.000000 2   3.518426522353E-11  1.577887299986E-11
AR GRAD 2024 07 02 02 54 50.000000 2   3.343509843989E-11  2.357588430035E-11
AR GRAD 2024 07 02 02 55  0.000000 2   3.444112009476E-11  2.553289177309E-11
AR GRAD 2024 07 02 02 55 10.000000 2   3.206713367065E-11  2.495989873119E-11
AR GRAD 2024 07 02 02 55 20.000000 2   3.247968213826E-11  1.900690368983E-11
AR GRAD 2024 07 02 02 55 30.000000 2   3.570916132234E-11  1.842390476292E-11
AR GRAD 2024 07 02 02 55 40.000000 2   3.400719636448E-11  2.264090477599E-11
AR GRAD 2024 07 02 02 55 50.000000 2   3.359242398138E-11  1.340790239251E-11
AR GRAD 2024 07 02 02 56  0.000000 2   3.272611695526E-11  1.209489973453E-11
AR GRAD 2024 07 02 02 56 10.000000 2   3.405579637739E-11  2.143189271886E-11
AR GRAD 2024 07 02 02 56 20.000000 2   3.347593383052E-11  1.152888461781E-11
AR GRAD 2024 07 02 02 56 30.000000 2   3.353278071883E-11  2.447587445220E-11
AR GRAD 2024 07 02 02 56 40.000000 2   3.446335924973E-11  2.677286170538E-11
AR GRAD 2024 07 02 02 56 50.000000 2   3.449449406667E-11  1.720984639519E-11
AR GRAD 2024 07 02 02 57  0.000000 2   3.487920369194E-11  2.694683018389E-11
AR GRAD 2024 07 02 02 57 10.000000 2   3.330725625861E-11  1.829381264529E-11
AR GRAD 2024 07 02 02 57 20.000000 2   3.245350169157E-11  2.771079199437E-11
AR GRAD 2024 07 02 02 57 30.000000 2   3.239205431660E-11  1.391777058185E-11
AR GRAD 2024 07 02 02 57 40.000000 2   3.198369694091E-11  2.001474333491E-11
AR GRAD 2024 07 02 02 57 50.000000 2   3.697437148120E-11  1.253171871829E-11
AR GRAD 2024 07 02 02 58  0.000000 2   3.134759118950E-11  2.859869112359E-11
AR GRAD 2024 07 02 02 58 10.000000 2   3.053505712169E-11  9.585660390443E-12
AR GRAD 2024 07 02 02 58 20.000000 2   3.167502718449E-11  1.793262587035E-11
AR GRAD 2024 07 02 02 58 30.000000 2   3.467720208206E-11  1.200959210551E-11
AR GRAD 2024 07 02 02 58 40.000000 2   3.402177845002E-11  1.496655403777E-11
AR GRAD 2024 07 02 02 58 50.000000 2   3.268920550914E-11  2.148351288533E-11
AR GRAD 2024 07 02 02 59  0.000000 2   3.371438891953E-11  1.118047581600E-11
AR GRAD 2024 07 02 02 59 10.000000 2   2.959607905972E-11  7.627431672375E-12
AR GRAD 2024 07 02 02 59 20.000000 2   3.225709629961E-11  1.854438477777E-11
AR GRAD 2024 07 02 02 59 30.000000 2   3.433998571611E-11  1.685133976803E-11
AR GRAD 2024 07 02 02 59 40.000000 2   3.258804684436E-11  3.254829045174E-11
AR GRAD 2024 07 02 02 59 50.000000 2   3.332236223064E-11  1.562523721521E-11
AR GRAD 2024 07 02 03 00  0.000000 2   3.441119958425E-11  1.521218394307E-11
AR GRAD 2024 07 02 03 00 10.000000 2   3.284138586079E-11  1.501912830215E-11
AR GRAD 2024 07 02 03 00 20.000000 2   3.307451187928E-11  1.710607003269E-11
AR GRAD 2024 07 02 03 00 30.000000 2   3.024292968834E-11  1.750301119319E-11
AR GRAD 2024 07 02 03 00 40.000000 2   3.342834342668E-11  1.676994827726E-11
AR GRAD 2024 07 02 03 00 50.000000 2   3.553402364020E-11  2.806688562118E-11
AR GRAD 2024 07 02 03 01  0.000000 2   3.273597018461E-11  1.791381973315E-11
AR GRAD 2024 07 02 03 01 10.000000 2   3.020073080506E-11  2.001075173619E-11
AR GRAD 2024 07 02 03 01 20.000000 2   3.335769507840E-11  1.306768408760E-11
AR GRAD 2024 07 02 03 01 30.000000 2   3.156438999063E-11  4.346096778903E-13
AR GRAD 2024 07 02 03 01 40.000000 2   3.247763863401E-11  1.965153560712E-11
AR GRAD 2024 07 02 03 01 50.000000 2   3.190255004615E-11  1.221845888355E-11
AR GRAD 2024 07 02 03 02  0.000000 2   3.237910981002E-11  2.278538295541E-11
AR GRAD 2024 07 02 03 02 10.000000 2   3.389060213022E-11  1.163230189255E-11
AR GRAD 2024 07 02 03 02 20.000000 2   2.909989436917E-11  6.729221780494E-12
AR GRAD 2024 07 02 03 02 30.000000 2   3.188443606361E-11  1.997613359450E-11
AR GRAD 2024 07 02 03 02 40.000000 2   3.259610290018E-11  1.511304796586E-11
AR GRAD 2024 07 02 03 02 50.000000 2   3.187039868124E-11  8.679960396274E-12
AR GRAD 2024 07 02 03 03  0.000000 2   3.194470729606E-11  1.398687155679E-11
AR GRAD 2024 07 02 03 03 10.000000 2   3.120295341552E-11  1.652377713823E-11
AR GRAD 2024 07 02 03 03 20.000000 2   3.161378450689E-11  2.168068155561E-11
AR GRAD 2024 07 02 03 03 30.000000 2   3.213187355078E-11  1.310758532963E-11
AR GRAD 2024 07 02 03 03 40.000000 2   3.365593220783E-11  5.524486684089E-12
AR GRAD 2024 07 02 03 03 50.000000 2   3.258732866884E-11  9.481387897026E-12
AR GRAD 2024 07 02 03 04  0.000000 2   3.187700103879E-11  2.078828428842E-11
AR GRAD 2024 07 02 03 04 10.000000 2   3.176697446761E-11  3.175177135106E-12
AR GRAD 2024 07 02 03 04 20.000000 2   2.888128104728E-11  1.809207124392E-11
AR GRAD 2024 07 02 03 04 30.000000 2   2.971157000986E-11  1.658896284229E-11
AR GRAD 2024 07 02 03 04 40.000000 2   3.359957451154E-11  2.012585237354E-11
AR GRAD 2024 07 02 03 04 50.000000 2   3.104452458991E-11  1.216273869814E-11
