 2.00 C RINEX VERSION / TYPE
 10.00 INTERVAL
 1 AR # / TYPES OF DATA
 END OF HEADER
AR GRAD 2024 07 05 01 05  0.000000 2  -2.028032689699E-12  1.249864621522E-11
AR GRAD 2024 07 05 01 05 10.000000 2   2.505799821112E-12 -1.779712851700E-13
AR GRAD 2024 07 05 01 05 20.000000 2   4.354942513378E-13  1.579540838403E-11
AR GRAD 2024 07 05 01 05 30.000000 2   2.702802825300E-12 -3.541214413719E-12
AR GRAD 2024 07 05 01 05 40.000000 2   5.233723068647E-13  1.062216113679E-11
AR GRAD 2024 07 05 01 05 50.000000 2  -7.477543974635E-13  1.937553416320E-11
AR GRAD 2024 07 05 01 06  0.000000 2  -7.585208502969E-13  6.608903962285E-12
AR GRAD 2024 07 05 01 06 10.000000 2   1.134533547838E-12 -2.131772883218E-11
AR GRAD 2024 07 05 01 06 20.000000 2   7.537542096557E-13  2.612563464177E-11
AR GRAD 2024 07 05 01 06 30.000000 2   4.265477673761E-13  8.048998967336E-12
AR GRAD 2024 07 05 01 06 40.000000 2   2.172045095866E-12  1.645235683800E-11
AR GRAD 2024 07 05 01 06 50.000000 2   9.906423554737E-13  1.388571462674E-11
AR GRAD 2024 07 05 01 07  0.000000 2   4.342633024013E-12  1.939070215159E-12
AR GRAD 2024 07 05 01 07 10.000000 2   2.464177733391E-12  2.094242140815E-11
AR GRAD 2024 07 05 01 07 20.000000 2   2.003652669127E-12  1.435769905744E-12
AR GRAD 2024 07 05 01 07 30.000000 2   2.666833550866E-12  2.891186639056E-13
AR GRAD 2024 07 05 01 07 40.000000 2   1.484595215859E-12  2.204246334070E-11
AR GRAD 2024 07 05 01 07 50.000000 2   2.588761019787E-12  2.395805775990E-12
AR GRAD 2024 07 05 01 08  0.000000 2   2.731508812540E-12  3.427914549436E-11
AR GRAD 2024 07 05 01 08 10.000000 2   5.563735236414E-12  7.662482627568E-12
AR GRAD 2024 07 05 01 08 20.000000 2   1.666471431336E-12  1.282581506279E-11
AR GRAD 2024 07 05 01 08 30.000000 2   3.436533609763E-12  2.057914776088E-11
AR GRAD 2024 07 05 01 08 40.000000 2   4.271117747673E-12  1.279247974911E-11
AR GRAD 2024 07 05 01 08 50.000000 2   4.057879032793E-12  5.975804486663E-12
AR GRAD 2024 07 05 01 09  0.000000 2   8.902482700676E-13  1.382912794695E-11
AR GRAD 2024 07 05 01 09 10.000000 2   5.981350397616E-12  1.520245040965E-11
AR GRAD 2024 07 05 01 09 20.000000 2   4.735270769246E-12  1.625577103481E-11
AR GRAD 2024 07 05 01 09 30.000000 2   3.816096744158E-12  1.283908743210E-11
AR GRAD 2024 07 05 01 09 40.000000 2   4.827838216009E-12  7.812400899809E-12
AR GRAD 2024 07 05 01 09 50.000000 2   6.885918484717E-12 -2.734287189027E-12
AR GRAD 2024 07 05 01 10  0.000000 2   4.172425859678E-12  3.046902660730E-11
AR GRAD 2024 07 05 01 10 10.000000 2   6.948736291229E-12  4.072328845667E-12
AR GRAD 2024 07 05 01 10 20.000000 2   1.000084130093E-11  3.494563666218E-11
AR GRAD 2024 07 05 01 10 30.000000 2   3.895975556056E-12  1.788893339016E-11
AR GRAD 2024 07 05 01 10 40.000000 2   4.556573434539E-12  8.192234217386E-12
AR GRAD 2024 07 05 01 10 50.000000 2   6.743651210367E-12  3.660553110629E-11
AR GRAD 2024 07 05 01 11  0.000000 2   6.818739583386E-12  2.838882254275E-11
AR GRAD 2024 07 05 01 11 10.000000 2   6.875798975320E-12 -1.240788201351E-11
AR GRAD 2024 07 05 01 11 20.000000 2   5.667976071128E-12  3.608540896649E-11
AR GRAD 2024 07 05 01 11 30.000000 2   5.838199281655E-12  2.283868927311E-11
AR GRAD 2024 07 05 01 11 40.000000 2   7.260323852537E-12  2.984197958189E-11
AR GRAD 2024 07 05 01 11 50.000000 2   6.803841778175E-12  3.550525845553E-11
AR GRAD 2024 07 05 01 12  0.000000 2   7.529544696072E-12  3.663853942459E-11
AR GRAD 2024 07 05 01 12 10.000000 2   7.721796292659E-12  1.361181393295E-11
AR GRAD 2024 07 05 01 12 20.000000 2   9.478230700299E-12  2.544508700963E-11
AR GRAD 2024 07 05 01 12 30.000000 2   7.572028073999E-12  2.885835841127E-11
AR GRAD 2024 07 05 01 12 40.000000 2   6.285799571820E-12  2.366162821232E-11
AR GRAD 2024 07 05 01 12 50.000000 2   4.971584342123E-12  2.632489365384E-11
AR GRAD 2024 07 05 01 13  0.000000 2   9.070202922068E-12  3.651816002370E-11
AR GRAD 2024 07 05 01 13 10.000000 2   8.138877592712E-12  3.710141915914E-11
AR GRAD 2024 07 05 01 13 20.000000 2   8.895511063867E-12  2.928467884855E-11
AR GRAD 2024 07 05 01 13 30.000000 2   1.048674515280E-11  2.982793526063E-11
AR GRAD 2024 07 05 01 13 40.000000 2   8.069084463103E-12  2.793118687727E-11
AR GRAD 2024 07 05 01 13 50.000000 2   8.131455578320E-12  2.284443814671E-11
AR GRAD 2024 07 05 01 14  0.000000 2   5.538348859385E-12  2.367768828226E-11
AR GRAD 2024 07 05 01 14 10.000000 2   1.085681457930E-11  3.954093302783E-11
AR GRAD 2024 07 05 01 14 20.000000 2   7.406232745144E-12  4.338417819438E-11
AR GRAD 2024 07 05 01 14 30.000000 2   1.217906331341E-11  8.657419399427E-12
AR GRAD 2024 07 05 01 14 40.000000 2   7.740347425511E-12  4.536065967287E-11
AR GRAD 2024 07 05 01 14 50.000000 2   1.329558858842E-11  2.175389209047E-11
AR GRAD 2024 07 05 01 15  0.000000 2   6.651770714100E-12  2.593712571108E-11
AR GRAD 2024 07 05 01 15 10.000000 2   1.083094031129E-11  1.199035922633E-11
AR GRAD 2024 07 05 01 15 20.000000 2   7.750907554671E-12  5.129358743305E-11
AR GRAD 2024 07 05 01 15 30.000000 2   1.030697315690E-11  3.503681372807E-11
AR GRAD 2024 07 05 01 15 40.000000 2   1.203414451423E-11  4.572003539649E-11
AR GRAD 2024 07 05 01 15 50.000000 2   1.086812237427E-11  1.512325681352E-11
AR GRAD 2024 07 05 01 16  0.000000 2   1.316533427415E-11  2.959647457668E-11
AR GRAD 2024 07 05 01 16 10.000000 2   1.160936884820E-11  4.129969283229E-11
AR GRAD 2024 07 05 01 16 20.000000 2   1.072246111344E-11  1.123290349625E-11
AR GRAD 2024 07 05 01 16 30.000000 2   1.030678927622E-11  3.581611743297E-11
AR GRAD 2024 07 05 01 16 40.000000 2   9.729437741579E-12  3.227932157679E-11
AR GRAD 2024 07 05 01 16 50.000000 2   1.302559709399E-11  3.582253244039E-11
AR GRAD 2024 07 05 01 17  0.000000 2   1.326459081463E-11  2.422573253114E-11
AR GRAD 2024 07 05 01 17 10.000000 2   1.239072646569E-11  4.378893081469E-11
AR GRAD 2024 07 05 01 17 20.000000 2   1.359806364731E-11  3.682129687960E-12
AR GRAD 2024 07 05 01 17 30.000000 2   1.272886743925E-11  2.749532546087E-11
AR GRAD 2024 07 05 01 17 40.000000 2   1.420204318731E-11  4.181852086838E-11
AR GRAD 2024 07 05 01 17 50.000000 2   1.305144013697E-11  2.324170890466E-11
AR GRAD 2024 07 05 01 18  0.000000 2   1.341467301824E-11  3.242489957089E-11
AR GRAD 2024 07 05 01 18 10.000000 2   1.308529326560E-11  3.662808598093E-11
AR GRAD 2024 07 05 01 18 20.000000 2   1.412811274221E-11  3.111126634092E-11
AR GRAD 2024 07 05 01 18 30.000000 2   1.264174875892E-11  1.382444853038E-11
AR GRAD 2024 07 05 01 18 40.000000 2   1.511036781809E-11  4.573762549254E-11
AR GRAD 2024 07 05 01 18 50.000000 2   1.654762611658E-11  1.961080083046E-11
AR GRAD 2024 07 05 01 19  0.000000 2   1.208305504263E-11  4.421397623022E-11
AR GRAD 2024 07 05 01 19 10.000000 2   1.340499673069E-11  2.625714402849E-11
AR GRAD 2024 07 05 01 19 20.000000 2   1.519919780313E-11  4.726031371804E-11
AR GRAD 2024 07 05 01 19 30.000000 2   1.330372877834E-11  5.793477676763E-12
AR GRAD 2024 07 05 01 19 40.000000 2   1.623940044937E-11  4.379664339527E-11
AR GRAD 2024 07 05 01 19 50.000000 2   1.509519939602E-11  2.992980169259E-11
AR GRAD 2024 07 05 01 20  0.000000 2   1.365774073697E-11  3.399295775419E-11
AR GRAD 2024 07 05 01 20 10.000000 2   1.742458954901E-11  2.864611325926E-11
AR GRAD 2024 07 05 01 20 20.000000 2   1.581403064055E-11  4.350926910424E-11
AR GRAD 2024 07 05 01 20 30.000000 2   1.641094898863E-11  2.472241508733E-11
AR GRAD 2024 07 05 01 20 40.000000 2   1.600359948728E-11  2.625556196068E-11
AR GRAD 2024 07 05 01 20 50.000000 2   1.701559552980E-11  4.675871148607E-11
AR GRAD 2024 07 05 01 21  0.000000 2   1.642204774943E-11  1.932185141051E-11
AR GRAD 2024 07 05 01 21 10.000000 2   1.616887700118E-11  4.354499399950E-11
AR GRAD 2024 07 05 01 21 20.000000 2   1.879398546512E-11  3.689813385388E-11
AR GRAD 2024 07 05 01 21 30.000000 2   1.676260345806E-11  3.387126690235E-11
AR GRAD 2024 07 05 01 21 40.000000 2   1.719737546813E-11  2.993439870980E-11
AR GRAD 2024 07 05 01 21 50.000000 2   1.466921202564E-11  3.741752740982E-11
AR GRAD 2024 07 05 01 22  0.000000 2   1.599997044577E-11  3.471065795901E-11
AR GRAD 2024 07 05 01 22 10.000000 2   1.536835936289E-11  4.611377946162E-11
AR GRAD 2024 07 05 01 22 20.000000 2   1.558794239520E-11  4.297690328614E-11
AR GRAD 2024 07 05 01 22 30.000000 2   1.728838426585E-11  2.239002212800E-11
AR GRAD 2024 07 05 01 22 40.000000 2   1.831623915038E-11  3.431313913560E-11
AR GRAD 2024 07 05 01 22 50.000000 2   1.850903111333E-11  3.605625520375E-11
AR GRAD 2024 07 05 01 23  0.000000 2   1.925585559059E-11  4.655936747255E-11
AR GRAD 2024 07 05 01 23 10.000000 2   1.787672267162E-11  2.753247629883E-11
AR GRAD 2024 07 05 01 23 20.000000 2   1.812035417548E-11  3.987558547247E-11
AR GRAD 2024 07 05 01 23 30.000000 2   1.841985418360E-11  3.594869193990E-11
AR GRAD 2024 07 05 01 23 40.000000 2   1.812009223223E-11  2.953179020770E-11
AR GRAD 2024 07 05 01 23 50.000000 2   2.044993861750E-11  4.877489037658E-11
AR GRAD 2024 07 05 01 24  0.000000 2   1.819527514768E-11  3.641799015131E-11
AR GRAD 2024 07 05 01 24 10.000000 2   2.093934747815E-11  3.035108275817E-11
AR GRAD 2024 07 05 01 24 20.000000 2   1.531269902544E-11  4.848417500813E-11
AR GRAD 2024 07 05 01 24 30.000000 2   1.810522912149E-11  4.040726434007E-11
AR GRAD 2024 07 05 01 24 40.000000 2   1.971452341654E-11  1.466034932340E-11
AR GRAD 2024 07 05 01 24 50.000000 2   1.796760656925E-11  5.681343936970E-11
AR GRAD 2024 07 05 01 25  0.000000 2   2.006368161889E-11  2.887651749661E-11
AR GRAD 2024 07 05 01 25 10.000000 2   1.927382732581E-11  4.363959540954E-11
AR GRAD 2024 07 05 01 25 20.000000 2   1.870054111563E-11  4.178267801191E-11
AR GRAD 2024 07 05 01 25 30.000000 2   2.194503086195E-11  3.708575113670E-11
AR GRAD 2024 07 05 01 25 40.000000 2   1.757164552751E-11  4.901882372232E-11
AR GRAD 2024 07 05 01 25 50.000000 2   1.887901640574E-11  3.023189337759E-11
AR GRAD 2024 07 05 01 26  0.000000 2   1.923483594624E-11  4.062495478907E-11
AR GRAD 2024 07 05 01 26 10.000000 2   1.929070618523E-11  4.780802143056E-11
AR GRAD 2024 07 05 01 26 20.000000 2   2.247861272120E-11  4.783108284445E-11
AR GRAD 2024 07 05 01 26 30.000000 2   1.792491155506E-11  2.869414081341E-11
AR GRAD 2024 07 05 01 26 40.000000 2   2.057413267531E-11  3.697719908047E-11
AR GRAD 2024 07 05 01 26 50.000000 2   2.000585114237E-11  4.298025477190E-11
AR GRAD 2024 07 05 01 27  0.000000 2   1.907434453441E-11  3.677330662200E-11
AR GRAD 2024 07 05 01 27 10.000000 2   2.212742489238E-11  3.489635316822E-11
AR GRAD 2024 07 05 01 27 20.000000 2   1.984953000578E-11  3.600940379211E-11
AR GRAD 2024 07 05 01 27 30.000000 2   1.800597171364E-11  2.530244416765E-11
AR GRAD 2024 07 05 01 27 40.000000 2   2.033332530127E-11  4.835548975124E-11
AR GRAD 2024 07 05 01 27 50.000000 2   2.041768663863E-11  4.073852713504E-11
AR GRAD 2024 07 05 01 28  0.000000 2   1.903121236990E-11  2.996156447943E-11
AR GRAD 2024 07 05 01 28 10.000000 2   2.372357865710E-11  4.532459824125E-11
AR GRAD 2024 07 05 01 28 20.000000 2   1.971516873367E-11  4.582762988536E-11
AR GRAD 2024 07 05 01 28 30.000000 2   2.015902202113E-11  3.612065854752E-11
AR GRAD 2024 07 05 01 28 40.000000 2   2.374630353463E-11  4.290368407767E-11
AR GRAD 2024 07 05 01 28 50.000000 2   1.970972343668E-11  4.134670730793E-11
AR GRAD 2024 07 05 01 29  0.000000 2   2.122764464207E-11  4.684972895741E-11
AR GRAD 2024 07 05 01 29 10.000000 2   1.945560205996E-11  2.954275019063E-11
AR GRAD 2024 07 05 01 29 20.000000 2   2.372225853253E-11  5.224576674068E-11
AR GRAD 2024 07 05 01 29 30.000000 2   1.755301806683E-11  3.424878089464E-11
AR GRAD 2024 07 05 01 29 40.000000 2   2.516523101015E-11  4.712178910959E-11
AR GRAD 2024 07 05 01 29 50.000000 2   1.938348266617E-11  4.461479796714E-11
AR GRAD 2024 07 05 01 30  0.000000 2   2.151466851896E-11  4.396780856064E-11
AR GRAD 2024 07 05 01 30 10.000000 2   1.766614285414E-11  3.713080884427E-11
AR GRAD 2024 07 05 01 30 20.000000 2   1.965854215524E-11  5.224380997260E-11
AR GRAD 2024 07 05 01 30 30.000000 2   2.194971461533E-11  3.172680868024E-11
AR GRAD 2024 07 05 01 30 40.000000 2   2.323738770849E-11  3.735980275144E-11
AR GRAD 2024 07 05 01 30 50.000000 2   1.985150412109E-11  2.595279893769E-11
AR GRAD 2024 07 05 01 31  0.000000 2   2.030808507469E-11  3.418578961578E-11
AR GRAD 2024 07 05 01 31 10.000000 2   2.062706429273E-11  5.423878013389E-11
AR GRAD 2024 07 05 01 31 20.000000 2   1.889240153208E-11  3.419176400343E-11
AR GRAD 2024 07 05 01 31 30.000000 2   2.191110314020E-11  4.910474804554E-11
AR GRAD 2024 07 05 01 31 40.000000 2   2.022025775983E-11  3.284772800982E-11
AR GRAD 2024 07 05 01 31 50.000000 2   2.153366200630E-11  4.637070588620E-11
AR GRAD 2024 07 05 01 32  0.000000 2   2.065560222864E-11  4.344368267906E-11
AR GRAD 2024 07 05 01 32 10.000000 2   2.101281301736E-11  3.882666063659E-11
AR GRAD 2024 07 05 01 32 20.000000 2   1.762207220424E-11  5.076962461548E-11
AR GRAD 2024 07 05 01 32 30.000000 2   2.362853489257E-11  4.118259899766E-11
AR GRAD 2024 07 05 01 32 40.000000 2   1.933517235209E-11  3.326556391459E-11
AR GRAD 2024 07 05 01 32 50.000000 2   2.231342194348E-11  4.269852527106E-11
AR GRAD 2024 07 05 01 33  0.000000 2   2.475611902975E-11  3.429148978662E-11
AR GRAD 2024 07 05 01 33 10.000000 2   2.035632253039E-11  4.577444673304E-11
AR GRAD 2024 07 05 01 33 20.000000 2   2.195613135747E-11  3.983740073932E-11
AR GRAD 2024 07 05 01 33 30.000000 2   2.169434597243E-11  3.232035472589E-11
AR GRAD 2024 07 05 01 33 40.000000 2   2.155708250795E-11  4.871330422374E-11
AR GRAD 2024 07 05 01 33 50.000000 2   1.685182722533E-11  3.524625036277E-11
AR GRAD 2024 07 05 01 34  0.000000 2   2.377913664586E-11  4.170919859492E-11
AR GRAD 2024 07 05 01 34 10.000000 2   2.328059273138E-11  2.028214228511E-11
AR GRAD 2024 07 05 01 34 20.000000 2   2.092663715925E-11  3.465508088829E-11
AR GRAD 2024 07 05 01 34 30.000000 2   1.708298606740E-11  4.305802242532E-11
AR GRAD 2024 07 05 01 34 40.000000 2   2.289878529849E-11  3.107095483679E-11
AR GRAD 2024 07 05 01 34 50.000000 2   1.917953122710E-11  4.249389035094E-11
AR GRAD 2024 07 05 01 35  0.000000 2   1.741336588812E-11  2.954681985190E-11
AR GRAD 2024 07 05 01 35 10.000000 2   1.931209879513E-11  4.688974902800E-11
AR GRAD 2024 07 05 01 35 20.000000 2   1.721663783760E-11  3.267267359441E-11
AR GRAD 2024 07 05 01 35 30.000000 2   2.124627904165E-11  3.237559872971E-11
AR GRAD 2024 07 05 01 35 40.000000 2   2.133387390357E-11  5.124851931715E-11
AR GRAD 2024 07 05 01 35 50.000000 2   2.032195592361E-11  1.545143527015E-11
AR GRAD 2024 07 05 01 36  0.000000 2   1.789151812814E-11  4.241434981012E-11
AR GRAD 2024 07 05 01 36 10.000000 2   2.061745739412E-11  4.243726550723E-11
AR GRAD 2024 07 05 01 36 20.000000 2   1.828199397425E-11  3.266017317705E-11
AR GRAD 2024 07 05 01 36 30.000000 2   2.239804001991E-11  3.126308240065E-11
AR GRAD 2024 07 05 01 36 40.000000 2   2.068082857742E-11  4.660598643125E-11
AR GRAD 2024 07 05 01 36 50.000000 2   1.757373933875E-11  2.756888814459E-11
AR GRAD 2024 07 05 01 37  0.000000 2   1.706385727163E-11  4.834178890523E-11
AR GRAD 2024 07 05 01 37 10.000000 2   2.268123883153E-11  2.370468578372E-11
AR GRAD 2024 07 05 01 37 20.000000 2   1.792458542704E-11  2.691758101137E-11
AR GRAD 2024 07 05 01 37 30.000000 2   1.562504292618E-11  3.747047463976E-11
AR GRAD 2024 07 05 01 37 40.000000 2   1.765742760340E-11  2.824336424456E-11
AR GRAD 2024 07 05 01 37 50.000000 2   1.624788151244E-11  3.844625312555E-11
AR GRAD 2024 07 05 01 38  0.000000 2   1.990196028812E-11  3.680913907012E-11
AR GRAD 2024 07 05 01 38 10.000000 2   1.958091327969E-11  3.087202021801E-11
AR GRAD 2024 07 05 01 38 20.000000 2   1.614941687322E-11  3.343490415086E-11
AR GRAD 2024 07 05 01 38 30.000000 2   1.688303837011E-11  2.610777566359E-11
AR GRAD 2024 07 05 01 38 40.000000 2   1.761544209111E-11  4.694065275368E-11
AR GRAD 2024 07 05 01 38 50.000000 2   1.755601219955E-11  3.645352422699E-11
AR GRAD 2024 07 05 01 39  0.000000 2   1.906176778921E-11  3.016639715803E-11
AR GRAD 2024 07 05 01 39 10.000000 2   1.798760619620E-11  3.250926611242E-11
AR GRAD 2024 07 05 01 39 20.000000 2   1.690872442062E-11  3.241212853666E-11
AR GRAD 2024 07 05 01 39 30.000000 2   1.320366992824E-11  3.412499102740E-11
AR GRAD 2024 07 05 01 39 40.000000 2   1.438705491547E-11  4.570785069880E-11
AR GRAD 2024 07 05 01 39 50.000000 2   1.522792135444E-11  2.414070679468E-11
AR GRAD 2024 07 05 01 40  0.000000 2   1.854536316181E-11  2.490356011686E-11
AR GRAD 2024 07 05 01 40 10.000000 2   1.768558216542E-11  3.269641501991E-11
AR GRAD 2024 07 05 01 40 20.000000 2   1.376717750218E-11  3.220926650394E-11
AR GRAD 2024 07 05 01 40 30.000000 2   1.725955316167E-11  3.085211253140E-11
AR GRAD 2024 07 05 01 40 40.000000 2   1.714322087065E-11  2.602495649540E-11
AR GRAD 2024 07 05 01 40 50.000000 2   1.534923403657E-11  3.458780137300E-11
AR GRAD 2024 07 05 01 41  0.000000 2   1.620125041069E-11  2.176063496062E-11
AR GRAD 2024 07 05 01 41 10.000000 2   1.399531445595E-11  3.288347719121E-11
AR GRAD 2024 07 05 01 41 20.000000 2   1.760830890818E-11  3.121631078629E-11
AR GRAD 2024 07 05 01 41 30.000000 2   1.425613360001E-11  3.016914149057E-11
AR GRAD 2024 07 05 01 41 40.000000 2   1.453425661074E-11  3.056197309115E-11
AR GRAD 2024 07 05 01 41 50.000000 2   1.410112651645E-11  3.170480197823E-11
AR GRAD 2024 07 05 01 42  0.000000 2   1.210492817094E-11  2.978762375649E-11
AR GRAD 2024 07 05 01 42 10.000000 2   1.129143566841E-11  2.871044547936E-11
AR GRAD 2024 07 05 01 42 20.000000 2   1.420974449218E-11  3.093326636505E-11
AR GRAD 2024 07 05 01 42 30.000000 2   1.267834535273E-11  3.134608544952E-11
AR GRAD 2024 07 05 01 42 40.000000 2   1.312975249357E-11  1.393889517698E-11
AR GRAD 2024 07 05 01 42 50.000000 2   1.299640343261E-11  1.822170886401E-11
AR GRAD 2024 07 05 01 43  0.000000 2   8.450600462451E-12  2.573451521326E-11
AR GRAD 2024 07 05 01 43 10.000000 2   1.042949147184E-11  1.878732239224E-11
AR GRAD 2024 07 05 01 43 20.000000 2   6.719316943127E-12  3.377013252370E-11
AR GRAD 2024 07 05 01 43 30.000000 2   1.187904549033E-11  3.813293084076E-11
AR GRAD 2024 07 05 01 43 40.000000 2   8.965131588490E-12  2.554572872682E-11
AR GRAD 2024 07 05 01 43 50.000000 2   4.177104408892E-12  3.470852771859E-11
AR GRAD 2024 07 05 01 44  0.000000 2   6.555561649080E-12  1.742131959526E-11
AR GRAD 2024 07 05 01 44 10.000000 2   1.047398626164E-11  2.673411145238E-11
AR GRAD 2024 07 05 01 44 20.000000 2   6.531172738050E-12  3.678689991515E-11
AR GRAD 2024 07 05 01 44 30.000000 2   2.273708131495E-12  2.138968689669E-11
AR GRAD 2024 07 05 01 44 40.000000 2   4.365757321628E-12  2.169247073636E-11
AR GRAD 2024 07 05 01 44 50.000000 2   6.069666904501E-12  2.273525291641E-11
AR GRAD 2024 07 05 01 45  0.000000 2   2.818954271400E-12  2.492803186094E-11
AR GRAD 2024 07 05 01 45 10.000000 2   8.442399882479E-13  3.237081089291E-11
AR GRAD 2024 07 05 01 45 20.000000 2   5.608386151323E-12  2.230358432664E-11
AR GRAD 2024 07 05 01 45 30.000000 2   3.978456453169E-12  2.817635361141E-11
AR GRAD 2024 07 05 01 45 40.000000 2   3.092832196946E-12  1.946912422945E-11
AR GRAD 2024 07 05 01 45 50.000000 2   1.958530776794E-12  1.620189052365E-11
AR GRAD 2024 07 05 01 46  0.000000 2   5.192019991024E-12  3.644465285113E-11
AR GRAD 2024 07 05 01 46 10.000000 2   2.198586148208E-12  3.171741688734E-11
AR GRAD 2024 07 05 01 46 20.000000 2   2.491637104973E-12  3.521017505337E-11
AR GRAD 2024 07 05 01 46 30.000000 2   2.456876715962E-12  3.354293232061E-11
AR GRAD 2024 07 05 01 46 40.000000 2   9.636439866553E-13  1.471568353284E-11
AR GRAD 2024 07 05 01 46 50.000000 2   3.901890963109E-12  1.881843465779E-11
AR GRAD 2024 07 05 01 47  0.000000 2   1.433387154630E-12  2.242118296580E-11
AR GRAD 2024 07 05 01 47 10.000000 2   2.722467975884E-13  3.212393198671E-11
AR GRAD 2024 07 05 01 47 20.000000 2   1.359367804953E-12  1.844667300854E-11
AR GRAD 2024 07 05 01 47 30.000000 2  -2.421323775162E-12  4.034941825104E-11
AR GRAD 2024 07 05 01 47 40.000000 2  -2.094173142189E-12  1.623215450941E-11
AR GRAD 2024 07 05 01 47 50.000000 2   1.140780585230E-14  1.384489137918E-11
AR GRAD 2024 07 05 01 48  0.000000 2  -6.988618668144E-13  2.717762299931E-11
AR GRAD 2024 07 05 01 48 10.000000 2  -1.803872264235E-12  3.292035394287E-11
AR GRAD 2024 07 05 01 48 20.000000 2  -6.371251182885E-13  2.800308422646E-11
AR GRAD 2024 07 05 01 48 30.000000 2   1.382562033608E-12  2.113581011598E-11
AR GRAD 2024 07 05 01 48 40.000000 2  -1.906523550144E-12  2.299853189835E-11
AR GRAD 2024 07 05 01 48 50.000000 2   3.234120870416E-14  2.469125424953E-11
AR GRAD 2024 07 05 01 49  0.000000 2  -4.182010206882E-12  2.231397185082E-11
AR GRAD 2024 07 05 01 49 10.000000 2  -3.175797732430E-12  2.434668786022E-11
AR GRAD 2024 07 05 01 49 20.000000 2  -3.463694825748E-12  1.312940121206E-11
AR GRAD 2024 07 05 01 49 30.000000 2  -2.066373981646E-12  3.245211391278E-11
AR GRAD 2024 07 05 01 49 40.000000 2  -3.250821053319E-12  1.911482083727E-11
AR GRAD 2024 07 05 01 49 50.000000 2  -3.980765370115E-12  3.640752629930E-11
AR GRAD 2024 07 05 01 50  0.000000 2  -1.162871882121E-12  9.023212271765E-14
AR GRAD 2024 07 05 01 50 10.000000 2  -3.574310118715E-12  3.164293133073E-11
AR GRAD 2024 07 05 01 50 20.000000 2  -5.272110872867E-12  2.179562780258E-11
AR GRAD 2024 07 05 01 50 30.000000 2  -3.535847612965E-12 -8.916729659324E-13
AR GRAD 2024 07 05 01 50 40.000000 2  -5.243258952015E-12  4.248101870274E-11
AR GRAD 2024 07 05 01 50 50.000000 2  -3.436264727624E-12  4.563710954281E-12
AR GRAD 2024 07 05 01 51  0.000000 2  -6.285956130614E-12  2.056639754333E-11
AR GRAD 2024 07 05 01 51 10.000000 2  -2.563710745432E-12  3.292908654084E-11
AR GRAD 2024 07 05 01 51 20.000000 2  -5.866826122136E-12  1.484176670452E-11
AR GRAD 2024 07 05 01 51 30.000000 2  -7.568128415625E-12  2.173444584030E-11
AR GRAD 2024 07 05 01 51 40.000000 2  -6.756181985396E-12  1.908712424226E-11
AR GRAD 2024 07 05 01 51 50.000000 2  -4.153879930996E-12  2.720980038506E-11
AR GRAD 2024 07 05 01 52  0.000000 2  -1.220016102033E-11  1.013247385301E-11
AR GRAD 2024 07 05 01 52 10.000000 2  -1.075694654878E-11  2.332514389969E-11
AR GRAD 2024 07 05 01 52 20.000000 2  -7.854453198952E-12  2.600781048856E-11
AR GRAD 2024 07 05 01 52 30.000000 2  -9.602946909881E-12  2.327047929351E-11
AR GRAD 2024 07 05 01 52 40.000000 2  -1.118160945779E-11  1.418314077295E-11
AR GRAD 2024 07 05 01 52 50.000000 2  -1.098736553129E-11  3.495800654160E-12
AR GRAD 2024 07 05 01 53  0.000000 2  -1.582186638649E-11  2.988845976271E-11
AR GRAD 2024 07 05 01 53 10.000000 2  -1.137087993208E-11  1.414111362730E-11
AR GRAD 2024 07 05 01 53 20.000000 2  -1.450751845045E-11  1.672376646888E-11
AR GRAD 2024 07 05 01 53 30.000000 2  -1.670677658716E-11  1.796641828367E-11
AR GRAD 2024 07 05 01 53 40.000000 2  -1.722018534711E-11  3.323906427877E-11
AR GRAD 2024 07 05 01 53 50.000000 2  -1.699086357720E-11  2.833171024175E-11
AR GRAD 2024 07 05 01 54  0.000000 2  -1.665572714471E-11  1.705435272170E-11
AR GRAD 2024 07 05 01 54 10.000000 2  -1.966727822267E-11  8.446993972344E-12
AR GRAD 2024 07 05 01 54 20.000000 2  -1.387195913694E-11  1.448963084932E-11
AR GRAD 2024 07 05 01 54 30.000000 2  -1.701046074831E-11  3.507226800648E-11
AR GRAD 2024 07 05 01 54 40.000000 2  -1.773484831213E-11  5.004897971755E-12
AR GRAD 2024 07 05 01 54 50.000000 2  -1.756931579389E-11  3.681753166229E-11
AR GRAD 2024 07 05 01 55  0.000000 2  -1.789012341047E-11  2.154015681100E-11
AR GRAD 2024 07 05 01 55 10.000000 2  -1.970704849308E-11  1.452278228231E-11
AR GRAD 2024 07 05 01 55 20.000000 2  -1.970331189871E-11  1.003540479882E-11
AR GRAD 2024 07 05 01 55 30.000000 2  -1.843077947206E-11  1.577802298536E-11
AR GRAD 2024 07 05 01 55 40.000000 2  -1.710881783468E-11  6.540641726144E-12
AR GRAD 2024 07 05 01 55 50.000000 2  -1.979785259343E-11  3.906325957148E-11
AR GRAD 2024 07 05 01 56  0.000000 2  -1.775021102324E-11  8.745870347382E-12
AR GRAD 2024 07 05 01 56 10.000000 2  -1.862746068504E-11  1.437847930996E-11
AR GRAD 2024 07 05 01 56 20.000000 2  -1.937811022756E-11  3.114108623747E-11
AR GRAD 2024 07 05 01 56 30.000000 2  -1.957837190980E-11  8.813691096399E-12
AR GRAD 2024 07 05 01 56 40.000000 2  -2.042271733671E-11  4.499629488453E-11
AR GRAD 2024 07 05 01 56 50.000000 2  -2.180476285640E-11  1.901889409850E-11
AR GRAD 2024 07 05 01 57  0.000000 2  -1.817074095356E-11 -1.248508458077E-12
AR GRAD 2024 07 05 01 57 10.000000 2  -2.026221031237E-11 -1.245914287538E-12
AR GRAD 2024 07 05 01 57 20.000000 2  -2.135844973106E-11  3.183667912632E-11
AR GRAD 2024 07 05 01 57 30.000000 2  -2.115309663542E-11  2.762926692990E-11
AR GRAD 2024 07 05 01 57 40.000000 2  -1.940017591018E-11  1.801854997673E-12
AR GRAD 2024 07 05 01 57 50.000000 2  -2.096465015478E-11  9.804438511063E-12
AR GRAD 2024 07 05 01 58  0.000000 2  -2.100622974177E-11  1.791702029796E-11
AR GRAD 2024 07 05 01 58 10.000000 2  -1.960015309777E-11  3.106960175248E-11
AR GRAD 2024 07 05 01 58 20.000000 2  -2.195255262294E-11 -3.737822551475E-12
AR GRAD 2024 07 05 01 58 30.000000 2  -1.910465535770E-11  6.674752764391E-12
AR GRAD 2024 07 05 01 58 40.000000 2  -1.969043851580E-11  2.610732463548E-11
AR GRAD 2024 07 05 01 58 50.000000 2  -2.136157917221E-11  1.457989284859E-11
AR GRAD 2024 07 05 01 59  0.000000 2  -2.163034161506E-11  1.270246147850E-11
AR GRAD 2024 07 05 01 59 10.000000 2  -2.164179599418E-11  2.840502659474E-11
AR GRAD 2024 07 05 01 59 20.000000 2  -2.297598743206E-11  1.637758852147E-11
AR GRAD 2024 07 05 01 59 30.000000 2  -2.384003584821E-11  3.300145963794E-12
AR GRAD 2024 07 05 01 59 40.000000 2  -2.330915842286E-11  1.271270502062E-11
AR GRAD 2024 07 05 01 59 50.000000 2  -2.231583494383E-11  9.485258932462E-12
AR GRAD 2024 07 05 02 00  0.000000 2  -2.463353653004E-11  3.032780970802E-11
AR GRAD 2024 07 05 02 00 10.000000 2  -2.289242927167E-11  8.760359625215E-12
AR GRAD 2024 07 05 02 00 20.000000 2  -2.492862687109E-11  1.787290454525E-11
AR GRAD 2024 07 05 02 00 30.000000 2  -2.663014947446E-11  1.985452384098E-12
AR GRAD 2024 07 05 02 00 40.000000 2  -2.395191163462E-11  2.162798933003E-11
AR GRAD 2024 07 05 02 00 50.000000 2  -2.597833927143E-11  8.950532155716E-12
AR GRAD 2024 07 05 02 01  0.000000 2  -2.581753213993E-11  1.655306794413E-11
AR GRAD 2024 07 05 02 01 10.000000 2  -2.651282492161E-11  1.202560186847E-11
AR GRAD 2024 07 05 02 01 20.000000 2  -2.602648305206E-11  1.852813562297E-11
AR GRAD 2024 07 05 02 01 30.000000 2  -2.672546038640E-11  1.206066236464E-11
AR GRAD 2024 07 05 02 01 40.000000 2  -2.524454603692E-11  1.644318882443E-11
AR GRAD 2024 07 05 02 01 50.000000 2  -2.814701943743E-11  1.088571507241E-11
AR GRAD 2024 07 05 02 02  0.000000 2  -3.029674428001E-11 -1.281764624994E-12
AR GRAD 2024 07 05 02 02 10.000000 2  -2.573143607909E-11  1.639075507265E-11
AR GRAD 2024 07 05 02 02 20.000000 2  -2.644455834866E-11  2.136327052760E-11
AR GRAD 2024 07 05 02 02 30.000000 2  -2.941298246628E-11  7.745784916247E-12
AR GRAD 2024 07 05 02 02 40.000000 2  -2.911784008353E-11  2.126829615201E-11
AR GRAD 2024 07 05 02 02 50.000000 2  -2.537592878882E-11 -1.119196532326E-12
AR GRAD 2024 07 05 02 03  0.000000 2  -2.720753657093E-11 -1.346686759503E-12
AR GRAD 2024 07 05 02 03 10.000000 2  -2.803215472247E-11  1.525581570794E-11
AR GRAD 2024 07 05 02 03 20.000000 2  -2.908246907185E-11  2.568317737303E-12
AR GRAD 2024 07 05 02 03 30.000000 2  -2.491347406153E-11  1.157081548631E-11
AR GRAD 2024 07 05 02 03 40.000000 2  -2.858945719053E-11  1.196331228526E-11
AR GRAD 2024 07 05 02 03 50.000000 2  -2.911373225833E-11  3.005580853643E-11
AR GRAD 2024 07 05 02 04  0.000000 2  -2.798166212625E-11  5.708295815199E-12
AR GRAD 2024 07 05 02 04 10.000000 2  -2.918982763833E-11  2.185078507022E-11
AR GRAD 2024 07 05 02 04 20.000000 2  -2.736162338368E-11  2.583272137868E-12
AR GRAD 2024 07 05 02 04 30.000000 2  -2.615704354503E-11  6.575719379816E-14
AR GRAD 2024 07 05 02 04 40.000000 2  -2.911862417854E-11  2.525823647459E-11
AR GRAD 2024 07 05 02 04 50.000000 2  -2.769913985678E-11 -3.439284881196E-12
AR GRAD 2024 07 05 02 05  0.000000 2  -3.041501078771E-11 -5.986808705033E-12
AR GRAD 2024 07 05 02 05 10.000000 2  -2.827874739930E-11  3.867566683580E-11
AR GRAD 2024 07 05 02 05 20.000000 2  -3.173344920171E-11  1.210813654201E-11
AR GRAD 2024 07 05 02 05 30.000000 2  -3.016279587209E-11  1.343060558601E-11
AR GRAD 2024 07 05 02 05 40.000000 2  -2.825407963147E-11  6.030698401598E-13
AR GRAD 2024 07 05 02 05 50.000000 2  -2.917877051090E-11 -1.844464685152E-12
AR GRAD 2024 07 05 02 06  0.000000 2  -2.805771934233E-11  1.285799418327E-11
AR GRAD 2024 07 05 02 06 10.000000 2  -2.712700723773E-11  1.367045452533E-11
AR GRAD 2024 07 05 02 06 20.000000 2  -3.019525254833E-11  9.152910200594E-12
AR GRAD 2024 07 05 02 06 30.000000 2  -2.948170874095E-11  1.695364443451E-12
AR GRAD 2024 07 05 02 06 40.000000 2  -3.080675298195E-11  2.954781211373E-11
AR GRAD 2024 07 05 02 06 50.000000 2  -3.006176557685E-11  9.110262023937E-12
AR GRAD 2024 07 05 02 07  0.000000 2  -2.795053077875E-11  3.092708597899E-12
AR GRAD 2024 07 05 02 07 10.000000 2  -3.039791682258E-11  8.715151864069E-12
AR GRAD 2024 07 05 02 07 20.000000 2  -2.741935845041E-11  8.977592974579E-12
AR GRAD 2024 07 05 02 07 30.000000 2  -2.906797719193E-11  1.509002818534E-11
AR GRAD 2024 07 05 02 07 40.000000 2  -2.930123851885E-11  7.372466352684E-12
AR GRAD 2024 07 05 02 07 50.000000 2  -2.569491147630E-11  1.651489882348E-11
AR GRAD 2024 07 05 02 08  0.000000 2  -2.811815363879E-11  8.897329054069E-12
AR GRAD 2024 07 05 02 08 10.000000 2  -2.950649100053E-11  1.205975944107E-11
AR GRAD 2024 07 05 02 08 20.000000 2  -2.988766178991E-11  4.132182877120E-12
AR GRAD 2024 07 05 02 08 30.000000 2  -3.065245973710E-11  9.884606154420E-12
AR GRAD 2024 07 05 02 08 40.000000 2  -2.839504846530E-11  1.326702896848E-11
AR GRAD 2024 07 05 02 08 50.000000 2  -2.976282414968E-11  1.447944542043E-11
AR GRAD 2024 07 05 02 09  0.000000 2  -2.893291682626E-11 -2.288138862411E-12
AR GRAD 2024 07 05 02 09 10.000000 2  -3.093778358498E-11 -6.875726984296E-12
AR GRAD 2024 07 05 02 09 20.000000 2  -2.878763026570E-11  1.826668503957E-11
AR GRAD 2024 07 05 02 09 30.000000 2  -2.944058538623E-11  2.419090969208E-12
AR GRAD 2024 07 05 02 09 40.000000 2  -3.008306104224E-11  8.141497892522E-12
AR GRAD 2024 07 05 02 09 50.000000 2  -2.921910977061E-11  1.223899128745E-12
AR GRAD 2024 07 05 02 10  0.000000 2  -3.069162285430E-11  5.916301303033E-12
AR GRAD 2024 07 05 02 10 10.000000 2  -2.689188975669E-11  1.705869820401E-11
AR GRAD 2024 07 05 02 10 20.000000 2  -2.960614739478E-11 -1.128906538563E-12
AR GRAD 2024 07 05 02 10 30.000000 2  -3.214745830649E-11  7.183487745616E-12
AR GRAD 2024 07 05 02 10 40.000000 2  -2.871392186521E-11  2.371587648486E-11
AR GRAD 2024 07 05 02 10 50.000000 2  -3.038501394936E-11 -2.764173612224E-11
AR GRAD 2024 07 05 02 11  0.000000 2  -2.999497525358E-11  1.210651045559E-12
AR GRAD 2024 07 05 02 11 10.000000 2  -3.164090170427E-11  1.389303342508E-11
AR GRAD 2024 07 05 02 11 20.000000 2  -2.841533432163E-11  1.579541185348E-11
AR GRAD 2024 07 05 02 11 30.000000 2  -2.863433101741E-11 -1.316221003717E-11
AR GRAD 2024 07 05 02 11 40.000000 2  -3.118558536408E-11  9.950164824024E-12
AR GRAD 2024 07 05 02 11 50.000000 2  -3.141054777389E-11 -5.307461067861E-12
AR GRAD 2024 07 05 02 12  0.000000 2  -3.150209954006E-11  8.354906176622E-12
AR GRAD 2024 07 05 02 12 10.000000 2  -2.806950505363E-11  9.527277404497E-12
AR GRAD 2024 07 05 02 12 20.000000 2  -3.099994913547E-11 -1.264035837806E-11
AR GRAD 2024 07 05 02 12 30.000000 2  -3.088398980999E-11  1.025200323940E-11
AR GRAD 2024 07 05 02 12 40.000000 2  -2.814192108513E-11  2.924362791853E-12
AR GRAD 2024 07 05 02 12 50.000000 2  -2.932076456630E-11  3.046719994348E-12
AR GRAD 2024 07 05 02 13  0.000000 2  -3.141655685601E-11  7.259075285315E-12
AR GRAD 2024 07 05 02 13 10.000000 2  -2.943929475197E-11  6.921428707951E-12
AR GRAD 2024 07 05 02 13 20.000000 2  -2.639735999233E-11 -1.976222787844E-12
AR GRAD 2024 07 05 02 13 30.000000 2  -2.576175557600E-11 -1.513874203947E-12
AR GRAD 2024 07 05 02 13 40.000000 2  -2.501579846048E-11 -8.191530787016E-12
AR GRAD 2024 07 05 02 13 50.000000 2  -2.515861997898E-11 -5.969189118687E-12
AR GRAD 2024 07 05 02 14  0.000000 2  -2.895887349363E-11  1.423315285076E-11
AR GRAD 2024 07 05 02 14 10.000000 2  -2.813114671762E-11 -6.384510541774E-12
AR GRAD 2024 07 05 02 14 20.000000 2  -2.695667127017E-11  4.277824188631E-12
AR GRAD 2024 07 05 02 14 30.000000 2  -2.772332537149E-11 -1.618984633855E-11
AR GRAD 2024 07 05 02 14 40.000000 2  -2.994230210995E-11  1.663248531958E-11
AR GRAD 2024 07 05 02 14 50.000000 2  -2.521647474163E-11 -4.805186630541E-12
AR GRAD 2024 07 05 02 15  0.000000 2  -2.947886379445E-11  4.587137093781E-12
AR GRAD 2024 07 05 02 15 10.000000 2  -2.739931025120E-11 -1.898054109717E-11
AR GRAD 2024 07 05 02 15 20.000000 2  -2.904217144550E-11  2.871779637009E-12
AR GRAD 2024 07 05 02 15 30.000000 2  -2.813203489604E-11  4.244096827449E-12
AR GRAD 2024 07 05 02 15 40.000000 2  -3.060099396102E-11  1.112641055678E-11
AR GRAD 2024 07 05 02 15 50.000000 2  -2.742734338257E-11 -1.628127667408E-11
AR GRAD 2024 07 05 02 16  0.000000 2  -2.841547309951E-11 -8.578967397588E-12
AR GRAD 2024 07 05 02 16 10.000000 2  -2.603594249917E-11 -3.226660258426E-12
AR GRAD 2024 07 05 02 16 20.000000 2  -2.674137473957E-11 -6.234356347140E-12
AR GRAD 2024 07 05 02 16 30.000000 2  -2.803951341945E-11 -1.592053962621E-12
AR GRAD 2024 07 05 02 16 40.000000 2  -2.597570422647E-11 -3.299756301534E-12
AR GRAD 2024 07 05 02 16 50.000000 2  -2.799552083210E-11  3.982543027997E-12
AR GRAD 2024 07 05 02 17  0.000000 2  -2.602657152295E-11 -8.905163932649E-12
AR GRAD 2024 07 05 02 17 10.000000 2  -2.878066014678E-11  2.127127467222E-12
AR GRAD 2024 07 05 02 17 20.000000 2  -2.672035509521E-11 -2.128058319839E-11
AR GRAD 2024 07 05 02 17 30.000000 2  -2.551718211730E-11  2.167170436163E-11
AR GRAD 2024 07 05 02 17 40.000000 2  -2.833035542271E-11 -4.660130246102E-13
AR GRAD 2024 07 05 02 17 50.000000 2  -2.647541734457E-11 -1.786372959278E-11
AR GRAD 2024 07 05 02 18  0.000000 2  -2.740258540912E-11 -8.991449078344E-12
AR GRAD 2024 07 05 02 18 10.000000 2  -2.459475158256E-11 -7.669174323377E-12
AR GRAD 2024 07 05 02 18 20.000000 2  -2.808774567098E-11 -1.069689996303E-11
AR GRAD 2024 07 05 02 18 30.000000 2  -2.466133894319E-11 -3.554629030358E-12
AR GRAD 2024 07 05 02 18 40.000000 2  -2.648959870899E-11 -1.362359335587E-12
AR GRAD 2024 07 05 02 18 50.000000 2  -2.809943076831E-11 -2.722009249945E-11
AR GRAD 2024 07 05 02 19  0.000000 2  -2.555972794527E-11 -1.296782906751E-11
AR GRAD 2024 07 05 02 19 10.000000 2  -2.572812622670E-11  1.944431378062E-12
AR GRAD 2024 07 05 02 19 20.000000 2  -2.840961493833E-11 -4.603308619705E-12
AR GRAD 2024 07 05 02 19 30.000000 2  -2.430149137478E-11 -1.619105197137E-11
AR GRAD 2024 07 05 02 19 40.000000 2  -2.888914281407E-11  3.521202426859E-12
AR GRAD 2024 07 05 02 19 50.000000 2  -2.683758770772E-11 -1.219654672396E-11
AR GRAD 2024 07 05 02 20  0.000000 2  -2.449845534769E-11  1.220570259447E-11
AR GRAD 2024 07 05 02 20 10.000000 2  -2.603507860688E-11 -1.895204999880E-11
AR GRAD 2024 07 05 02 20 20.000000 2  -2.783991093214E-11 -1.405980887270E-11
AR GRAD 2024 07 05 02 20 30.000000 2  -2.265798139389E-11  4.012434048212E-12
AR GRAD 2024 07 05 02 20 40.000000 2  -2.663502404743E-11 -1.596532801795E-11
AR GRAD 2024 07 05 02 20 50.000000 2  -2.637479470935E-11  6.766909081690E-12
AR GRAD 2024 07 05 02 21  0.000000 2  -2.403120757943E-11 -1.743085883965E-11
AR GRAD 2024 07 05 02 21 10.000000 2  -2.882685236349E-11 -1.306862604245E-11
AR GRAD 2024 07 05 02 21 20.000000 2  -2.493164355521E-11 -6.166397687607E-12
AR GRAD 2024 07 05 02 21 30.000000 2  -2.440359719857E-11 -1.201417090813E-11
AR GRAD 2024 07 05 02 21 40.000000 2  -2.362906745268E-11  6.428051233659E-12
AR GRAD 2024 07 05 02 21 50.000000 2  -2.191836295795E-11 -1.937972698984E-11
AR GRAD 2024 07 05 02 22  0.000000 2  -2.439541277321E-11 -2.777507390750E-12
AR GRAD 2024 07 05 02 22 10.000000 2  -2.410145173715E-11 -1.413529189531E-11
AR GRAD 2024 07 05 02 22 20.000000 2  -2.648952064643E-11 -1.505307857530E-11
AR GRAD 2024 07 05 02 22 30.000000 2  -2.263511426903E-11 -1.485086879860E-11
AR GRAD 2024 07 05 02 22 40.000000 2  -2.221585415629E-11 -1.036865992371E-11
AR GRAD 2024 07 05 02 22 50.000000 2  -2.277029433062E-11  5.053546990597E-12
AR GRAD 2024 07 05 02 23  0.000000 2  -2.602067346313E-11 -8.654248324913E-12
AR GRAD 2024 07 05 02 23 10.000000 2  -2.336367904698E-11 -3.312049202606E-12
AR GRAD 2024 07 05 02 23 20.000000 2  -2.079502889329E-11 -5.989852277372E-12
AR GRAD 2024 07 05 02 23 30.000000 2  -2.386687548983E-11 -1.792765588760E-11
AR GRAD 2024 07 05 02 23 40.000000 2  -2.465964932252E-11 -6.575460662073E-12
AR GRAD 2024 07 05 02 23 50.000000 2  -2.160044365596E-11 -1.589327107421E-11
AR GRAD 2024 07 05 02 24  0.000000 2  -2.400640450317E-11 -1.541082040625E-12
AR GRAD 2024 07 05 02 24 10.000000 2  -2.271085750016E-11  2.341103656420E-12
AR GRAD 2024 07 05 02 24 20.000000 2  -2.258198836258E-11  2.023286919950E-12
AR GRAD 2024 07 05 02 24 30.000000 2  -2.432041200373E-11 -3.517452995538E-11
AR GRAD 2024 07 05 02 24 40.000000 2  -2.477338820195E-11  5.537645862697E-12
AR GRAD 2024 07 05 02 24 50.000000 2  -2.151849878840E-11 -2.391017765724E-11
AR GRAD 2024 07 05 02 25  0.000000 2  -2.381504542182E-11 -5.538007118860E-12
AR GRAD 2024 07 05 02 25 10.000000 2  -2.433304599481E-11 -1.535583465939E-11
AR GRAD 2024 07 05 02 25 20.000000 2  -1.902027320366E-11  2.663332065739E-13
AR GRAD 2024 07 05 02 25 30.000000 2  -2.294578936579E-11 -5.291502045562E-12
AR GRAD 2024 07 05 02 25 40.000000 2  -2.039381337415E-11 -9.889336745339E-12
AR GRAD 2024 07 05 02 25 50.000000 2  -2.152605697858E-11 -1.625717789555E-11
AR GRAD 2024 07 05 02 26  0.000000 2  -1.868724099074E-11 -7.615019725904E-12
AR GRAD 2024 07 05 02 26 10.000000 2  -2.146418633109E-11 -6.212865291677E-12
AR GRAD 2024 07 05 02 26 20.000000 2  -2.117624478548E-11 -5.550710932556E-12
AR GRAD 2024 07 05 02 26 30.000000 2  -2.041190480528E-11 -1.359855977823E-11
AR GRAD 2024 07 05 02 26 40.000000 2  -2.184561039009E-11 -1.490641290958E-11
AR GRAD 2024 07 05 02 26 50.000000 2  -2.049748391852E-11  1.765731441269E-12
AR GRAD 2024 07 05 02 27  0.000000 2  -2.014126539163E-11 -1.935212580462E-11
AR GRAD 2024 07 05 02 27 10.000000 2  -1.990744548375E-11 -2.539985582972E-12
AR GRAD 2024 07 05 02 27 20.000000 2  -2.045482706825E-11 -3.927845462076E-12
AR GRAD 2024 07 05 02 27 30.000000 2  -1.991384140920E-11 -2.567571329160E-11
AR GRAD 2024 07 05 02 27 40.000000 2  -1.987671659209E-11 -5.473578621601E-12
AR GRAD 2024 07 05 02 27 50.000000 2  -1.790390231904E-11 -5.911450148832E-12
AR GRAD 2024 07 05 02 28  0.000000 2  -2.046194290395E-11 -8.059320572018E-12
AR GRAD 2024 07 05 02 28 10.000000 2  -2.105923074813E-11 -1.435719598764E-11
AR GRAD 2024 07 05 02 28 20.000000 2  -1.805610001793E-11 -1.825072428255E-12
AR GRAD 2024 07 05 02 28 30.000000 2  -2.178075254877E-11 -1.032295169484E-11
AR GRAD 2024 07 05 02 28 40.000000 2  -1.949620673236E-11 -1.458083480343E-11
AR GRAD 2024 07 05 02 28 50.000000 2  -1.637489796535E-11 -1.372872041744E-11
AR GRAD 2024 07 05 02 29  0.000000 2  -1.879912024660E-11  1.813392535091E-12
AR GRAD 2024 07 05 02 29 10.000000 2  -2.080279525030E-11 -8.574499617275E-12
AR GRAD 2024 07 05 02 29 20.000000 2  -1.740381103121E-11 -9.012388925422E-12
AR GRAD 2024 07 05 02 29 30.000000 2  -1.850996612929E-11 -1.299028506291E-11
AR GRAD 2024 07 05 02 29 40.000000 2  -1.813374450599E-11 -1.769818493147E-11
AR GRAD 2024 07 05 02 29 50.000000 2  -1.848060073029E-11 -2.460827494468E-13
AR GRAD 2024 07 05 02 30  0.000000 2  -1.952871891975E-11 -6.373984673402E-12
AR GRAD 2024 07 05 02 30 10.000000 2  -1.640042095186E-11 -1.378189055934E-11
AR GRAD 2024 07 05 02 30 20.000000 2  -1.969472848695E-11 -9.189798227949E-12
AR GRAD 2024 07 05 02 30 30.000000 2  -2.014800652705E-11 -1.896770761289E-11
AR GRAD 2024 07 05 02 30 40.000000 2  -1.789770588678E-11 -8.765620174156E-12
AR GRAD 2024 07 05 02 30 50.000000 2  -1.695109157207E-11  5.216463112162E-12
AR GRAD 2024 07 05 02 31  0.000000 2  -1.656656235804E-11  8.918545589542E-12
AR GRAD 2024 07 05 02 31 10.000000 2  -1.612824283848E-11 -1.226937301757E-11
AR GRAD 2024 07 05 02 31 20.000000 2  -1.706973451476E-11 -7.567297483080E-12
AR GRAD 2024 07 05 02 31 30.000000 2  -1.640860364249E-11  1.204477836914E-11
AR GRAD 2024 07 05 02 31 40.000000 2  -1.665657195504E-11 -3.423151302348E-12
AR GRAD 2024 07 05 02 31 50.000000 2  -1.480616844407E-11 -1.006108044099E-11
AR GRAD 2024 07 05 02 32  0.000000 2  -1.313590729246E-11 -8.639012248624E-12
AR GRAD 2024 07 05 02 32 10.000000 2  -1.841711505524E-11  1.023049808931E-12
AR GRAD 2024 07 05 02 32 20.000000 2  -1.710667545118E-11  1.595113581151E-12
AR GRAD 2024 07 05 02 32 30.000000 2  -1.534411486759E-11 -3.702827974794E-12
AR GRAD 2024 07 05 02 32 40.000000 2  -1.582745740025E-11 -5.250771605708E-12
AR GRAD 2024 07 05 02 32 50.000000 2  -1.391860585120E-11  9.812853654645E-13
AR GRAD 2024 07 05 02 33  0.000000 2  -1.667227814139E-11  5.133334295832E-12
AR GRAD 2024 07 05 02 33 10.000000 2  -1.007816226306E-11 -7.064614952063E-12
AR GRAD 2024 07 05 02 33 20.000000 2  -1.385396658504E-11 -9.772567304001E-12
AR GRAD 2024 07 05 02 33 30.000000 2  -1.314947629949E-11  6.939476770995E-12
AR GRAD 2024 07 05 02 33 40.000000 2  -1.394901555374E-11 -2.078481484147E-12
AR GRAD 2024 07 05 02 33 50.000000 2  -1.207890992089E-11  3.393557136688E-12
AR GRAD 2024 07 05 02 34  0.000000 2  -1.500811801225E-11 -7.434404654394E-12
AR GRAD 2024 07 05 02 34 10.000000 2  -1.406397914794E-11  1.731762823420E-11
AR GRAD 2024 07 05 02 34 20.000000 2  -1.148699278058E-11 -1.098033816649E-11
AR GRAD 2024 07 05 02 34 30.000000 2  -1.389197437640E-11  3.161689443240E-12
AR GRAD 2024 07 05 02 34 40.000000 2  -1.272329117064E-11 -7.296281634428E-12
AR GRAD 2024 07 05 02 34 50.000000 2  -1.037703603601E-11  1.290574157958E-11
AR GRAD 2024 07 05 02 35  0.000000 2  -1.190559716785E-11 -1.502239413594E-12
AR GRAD 2024 07 05 02 35 10.000000 2  -1.416315849323E-11 -3.060217877715E-12
AR GRAD 2024 07 05 02 35 20.000000 2  -1.243030331444E-11  1.837179713915E-11
AR GRAD 2024 07 05 02 35 30.000000 2  -1.183472243815E-11  7.438118046835E-13
AR GRAD 2024 07 05 02 35 40.000000 2  -1.068799389270E-11 -9.084176119667E-12
AR GRAD 2024 07 05 02 35 50.000000 2  -1.188161635052E-11  1.789783425632E-11
AR GRAD 2024 07 05 02 36  0.000000 2  -1.169818842489E-11  8.229839552898E-12
AR GRAD 2024 07 05 02 36 10.000000 2  -1.003072104544E-11 -1.328157527535E-12
AR GRAD 2024 07 05 02 36 20.000000 2  -1.062889446596E-11  9.423846251966E-12
AR GRAD 2024 07 05 02 36 30.000000 2  -1.060888703275E-11 -8.594156636343E-12
AR GRAD 2024 07 05 02 36 40.000000 2  -1.004661111248E-11  1.552783943093E-11
AR GRAD 2024 07 05 02 36 50.000000 2  -1.174608414006E-11  3.859834760839E-12
AR GRAD 2024 07 05 02 37  0.000000 2  -7.082530308761E-12  1.051824643009E-12
AR GRAD 2024 07 05 02 37 10.000000 2  -8.969719932084E-12  1.367381381734E-11
AR GRAD 2024 07 05 02 37 20.000000 2  -7.386982518731E-12  1.435801456028E-12
AR GRAD 2024 07 05 02 37 30.000000 2  -1.052394109358E-11  3.377828073671E-13
AR GRAD 2024 07 05 02 37 40.000000 2  -9.509668226493E-12  5.819764808956E-12
AR GRAD 2024 07 05 02 37 50.000000 2  -7.733604555360E-12  6.521744082277E-12
AR GRAD 2024 07 05 02 38  0.000000 2  -1.121970485268E-11  1.098371914254E-11
AR GRAD 2024 07 05 02 38 10.000000 2  -9.043582722967E-12  9.556951584277E-13
AR GRAD 2024 07 05 02 38 20.000000 2  -7.064909421373E-12  1.437766485729E-11
AR GRAD 2024 07 05 02 38 30.000000 2  -9.340458094476E-12  1.357963481247E-11
AR GRAD 2024 07 05 02 38 40.000000 2  -7.083712956490E-12  1.293159850035E-11
AR GRAD 2024 07 05 02 38 50.000000 2  -7.849735618459E-12  6.083563774267E-12
AR GRAD 2024 07 05 02 39  0.000000 2  -7.132255289838E-12  2.085524461459E-12
AR GRAD 2024 07 05 02 39 10.000000 2  -9.168134133819E-12  1.393748397943E-11
AR GRAD 2024 07 05 02 39 20.000000 2  -7.040596838176E-12  7.859440528946E-12
AR GRAD 2024 07 05 02 39 30.000000 2  -5.871605718993E-12  9.431392299086E-12
AR GRAD 2024 07 05 02 39 40.000000 2  -9.878937078101E-12  1.394334474270E-11
AR GRAD 2024 07 05 02 39 50.000000 2  -7.554838699075E-12  1.589529202706E-11
AR GRAD 2024 07 05 02 40  0.000000 2  -3.442044826246E-12 -1.782761980575E-12
AR GRAD 2024 07 05 02 40 10.000000 2  -4.730256117358E-12  7.329179797788E-12
AR GRAD 2024 07 05 02 40 20.000000 2  -5.423763001222E-12  1.202112367982E-11
AR GRAD 2024 07 05 02 40 30.000000 2  -4.413510355794E-12  1.053306053489E-11
AR GRAD 2024 07 05 02 40 40.000000 2  -5.262252439353E-12  6.614995443771E-12
AR GRAD 2024 07 05 02 40 50.000000 2  -4.816514374839E-12  2.269692767065E-11
AR GRAD 2024 07 05 02 41  0.000000 2  -5.070249341904E-12  1.228886176846E-11
AR GRAD 2024 07 05 02 41 10.000000 2  -3.899554290587E-12  8.240789127478E-12
AR GRAD 2024 07 05 02 41 20.000000 2  -4.533683758273E-12  1.748271319379E-11
AR GRAD 2024 07 05 02 41 30.000000 2  -4.270435567666E-12  2.304637166869E-12
AR GRAD 2024 07 05 02 41 40.000000 2  -3.369761067407E-12  1.729655654814E-11
AR GRAD 2024 07 05 02 41 50.000000 2  -3.171972016644E-12  3.145847818353E-11
AR GRAD 2024 07 05 02 42  0.000000 2  -3.676847021294E-12  2.071039173490E-11
AR GRAD 2024 07 05 02 42 10.000000 2  -4.443407447541E-12  1.340230530722E-11
AR GRAD 2024 07 05 02 42 20.000000 2  -1.301243184385E-12  1.434215593510E-12
AR GRAD 2024 07 05 02 42 30.000000 2  -2.614180356561E-12  2.211612316894E-11
AR GRAD 2024 07 05 02 42 40.000000 2  -4.495379329200E-12  2.035802949829E-11
AR GRAD 2024 07 05 02 42 50.000000 2  -1.590609046385E-12  1.457993274723E-11
AR GRAD 2024 07 05 02 43  0.000000 2   1.596820006951E-12  3.684183513819E-11
AR GRAD 2024 07 05 02 43 10.000000 2  -1.608889237115E-12  1.281373011169E-11
AR GRAD 2024 07 05 02 43 20.000000 2  -4.079154548864E-12  9.895625985301E-12
AR GRAD 2024 07 05 02 43 30.000000 2   6.589983414648E-14  6.467519228504E-12
AR GRAD 2024 07 05 02 43 40.000000 2  -1.137325476852E-12  2.222940928553E-11
AR GRAD 2024 07 05 02 43 50.000000 2  -3.298221504938E-12  2.258129620791E-11
AR GRAD 2024 07 05 02 44  0.000000 2   1.559398768967E-12  1.270318312346E-11
AR GRAD 2024 07 05 02 44 10.000000 2  -1.659828416205E-12  2.245506385001E-11
AR GRAD 2024 07 05 02 44 20.000000 2  -2.547465276920E-12  3.335694567785E-11
AR GRAD 2024 07 05 02 44 30.000000 2  -2.329875225041E-12  1.102882368764E-11
AR GRAD 2024 07 05 02 44 40.000000 2  -1.415518310205E-12  2.061069717674E-11
AR GRAD 2024 07 05 02 44 50.000000 2   2.991123245356E-13  3.265257508822E-11
AR GRAD 2024 07 05 02 45  0.000000 2  -1.085652618152E-12  5.354441282718E-12
AR GRAD 2024 07 05 02 45 10.000000 2  -1.204453854362E-12  3.078631100051E-11
AR GRAD 2024 07 05 02 45 20.000000 2   3.276792086369E-13  1.854817341385E-11
AR GRAD 2024 07 05 02 45 30.000000 2   5.551658918278E-14  2.471003610061E-11
AR GRAD 2024 07 05 02 45 40.000000 2   6.951320216057E-14  1.343189622027E-11
AR GRAD 2024 07 05 02 45 50.000000 2   2.674752997214E-12  2.366375498331E-11
AR GRAD 2024 07 05 02 46  0.000000 2   2.690514261036E-12  2.724560854706E-11
AR GRAD 2024 07 05 02 46 10.000000 2  -2.694734626413E-12  1.007746316950E-11
AR GRAD 2024 07 05 02 46 20.000000 2   3.923681258372E-12  2.754931179016E-11
AR GRAD 2024 07 05 02 46 30.000000 2  -8.317797947806E-13  2.372115698313E-11
AR GRAD 2024 07 05 02 46 40.000000 2   2.540310626784E-13  2.242300269073E-11
AR GRAD 2024 07 05 02 46 50.000000 2   1.127539034362E-12  1.172484678791E-11
AR GRAD 2024 07 05 02 47  0.000000 2   3.737945283161E-12  1.954668545079E-11
AR GRAD 2024 07 05 02 47 10.000000 2   2.528377030311E-12  1.883852449036E-11
AR GRAD 2024 07 05 02 47 20.000000 2   2.351886263866E-12  1.959035537957E-11
AR GRAD 2024 07 05 02 47 30.000000 2   1.800201806200E-12  5.652190954858E-12
AR GRAD 2024 07 05 02 47 40.000000 2   2.839156644160E-12  1.009402197244E-11
AR GRAD 2024 07 05 02 47 50.000000 2   3.060405661531E-12  1.280584839558E-11
AR GRAD 2024 07 05 02 48  0.000000 2   3.135807152138E-12  1.464767196424E-11
AR GRAD 2024 07 05 02 48 10.000000 2   1.214310227891E-12  1.927949466740E-11
AR GRAD 2024 07 05 02 48 20.000000 2   7.392049754425E-13  1.091313237694E-12
AR GRAD 2024 07 05 02 48 30.000000 2   4.713794458933E-12  1.190313299315E-11
AR GRAD 2024 07 05 02 48 40.000000 2   5.688241110774E-12  3.454945097375E-12
AR GRAD 2024 07 05 02 48 50.000000 2   5.386116466027E-12 -1.732411550369E-13
AR GRAD 2024 07 05 02 49  0.000000 2   2.443721440482E-12  1.627856703601E-11
AR GRAD 2024 07 05 02 49 10.000000 2   3.394213512684E-12 -1.475962581321E-11
AR GRAD 2024 07 05 02 49 20.000000 2   5.131570949418E-12  1.603217905655E-11
AR GRAD 2024 07 05 02 49 30.000000 2   6.888417787565E-12  9.773981103633E-12
AR GRAD 2024 07 05 02 49 40.000000 2   1.407475806910E-12  1.155780007291E-12
AR GRAD 2024 07 05 02 49 50.000000 2   3.540432053431E-12  3.157578799123E-12
AR GRAD 2024 07 05 02 50  0.000000 2   4.001976267737E-12 -9.340628964738E-12
AR GRAD 2024 07 05 02 50 10.000000 2   2.656887296976E-12  2.031164516095E-12
AR GRAD 2024 07 05 02 50 20.000000 2   6.776102248751E-12  5.372953817973E-12
AR GRAD 2024 07 05 02 50 30.000000 2   6.231281116098E-12 -4.352589523613E-13
AR GRAD 2024 07 05 02 50 40.000000 2   4.911293594034E-12  9.096523881369E-12
AR GRAD 2024 07 05 02 50 50.000000 2   7.436470710054E-12 -1.585169322194E-11
AR GRAD 2024 07 05 02 51  0.000000 2   8.774720533511E-12  1.798008616993E-11
AR GRAD 2024 07 05 02 51 10.000000 2   5.923584973228E-12 -4.088138248065E-12
AR GRAD 2024 07 05 02 51 20.000000 2   6.963739480892E-12 -5.136361821978E-12
AR GRAD 2024 07 05 02 51 30.000000 2   3.693714171332E-12 -7.274592820489E-12
AR GRAD 2024 07 05 02 51 40.000000 2   7.704364923811E-12 -8.022820255360E-12
AR GRAD 2024 07 05 02 51 50.000000 2   7.572370681885E-12  4.448942950153E-12
AR GRAD 2024 07 05 02 52  0.000000 2   9.979378434721E-12 -1.009292150723E-12
AR GRAD 2024 07 05 02 52 10.000000 2   6.449151108978E-12  1.232470722701E-12
AR GRAD 2024 07 05 02 52 20.000000 2   6.563120272945E-12 -6.485770687875E-12
AR GRAD 2024 07 05 02 52 30.000000 2   8.337236283296E-12 -2.534014231087E-12
AR GRAD 2024 07 05 02 52 40.000000 2   1.021103080562E-11 -6.922590755840E-13
AR GRAD 2024 07 05 02 52 50.000000 2   9.106432621864E-12 -4.310510715727E-12
AR GRAD 2024 07 05 02 53  0.000000 2   9.688938019947E-12  2.921240723278E-12
AR GRAD 2024 07 05 02 53 10.000000 2   6.520122549508E-12  5.429880178300E-13
AR GRAD 2024 07 05 02 53 20.000000 2   1.182730476057E-11 -7.855269386348E-12
AR GRAD 2024 07 05 02 53 30.000000 2   9.384748186902E-12  5.464716678304E-13
AR GRAD 2024 07 05 02 53 40.000000 2   1.028444690521E-11 -1.464178951693E-11
AR GRAD 2024 07 05 02 53 50.000000 2   1.092383648815E-11  5.399463970553E-13
AR GRAD 2024 07 05 02 54  0.000000 2   1.125796244422E-11  4.341681528186E-12
AR GRAD 2024 07 05 02 54 10.000000 2   7.744664284881E-12  6.873412429498E-12
AR GRAD 2024 07 05 02 54 20.000000 2   1.216996729086E-11  1.451405862900E-13
AR GRAD 2024 07 05 02 54 30.000000 2   1.197376919837E-11  1.906865941190E-12
AR GRAD 2024 07 05 02 54 40.000000 2   1.085271976453E-11 -2.711407487421E-12
AR GRAD 2024 07 05 02 54 50.000000 2   1.015838715229E-11  2.210310927342E-12
AR GRAD 2024 07 05 02 55  0.000000 2   1.229401389718E-11 -7.507967338116E-12
AR GRAD 2024 07 05 02 55 10.000000 2   1.081211769421E-11  1.446374617298E-11
AR GRAD 2024 07 05 02 55 20.000000 2   9.307518297752E-12  1.865461778106E-12
AR GRAD 2024 07 05 02 55 30.000000 2   1.383156176399E-11 -1.076282899609E-11
AR GRAD 2024 07 05 02 55 40.000000 2   1.252550233671E-11  2.558882359477E-12
AR GRAD 2024 07 05 02 55 50.000000 2   1.147539875623E-11 -4.209413199951E-12
AR GRAD 2024 07 05 02 56  0.000000 2   1.021268139501E-11  1.412289772976E-12
AR GRAD 2024 07 05 02 56 10.000000 2   1.115303335797E-11  3.503990066850E-12
AR GRAD 2024 07 05 02 56 20.000000 2   1.053354018593E-11  1.045691094478E-12
AR GRAD 2024 07 05 02 56 30.000000 2   1.219574614908E-11 -1.348261433054E-11
AR GRAD 2024 07 05 02 56 40.000000 2   9.214708857064E-12  9.969079381444E-12
AR GRAD 2024 07 05 02 56 50.000000 2   1.048921279695E-11 -6.279230607698E-12
AR GRAD 2024 07 05 02 57  0.000000 2   1.242055243378E-11  1.284245973454E-11
AR GRAD 2024 07 05 02 57 10.000000 2   1.252461762774E-11  3.334142423955E-12
AR GRAD 2024 07 05 02 57 20.000000 2   1.152002711974E-11 -1.900417150036E-11
AR GRAD 2024 07 05 02 57 30.000000 2   1.182994327498E-11  2.366750892491E-11
AR GRAD 2024 07 05 02 57 40.000000 2   1.160887705409E-11 -1.092081199777E-11
AR GRAD 2024 07 05 02 57 50.000000 2   1.510894014067E-11  9.030861995718E-12
AR GRAD 2024 07 05 02 58  0.000000 2   1.048951116939E-11 -1.423746363860E-11
AR GRAD 2024 07 05 02 58 10.000000 2   1.192031976599E-11 -6.545795155910E-12
AR GRAD 2024 07 05 02 58 20.000000 2   1.265529434719E-11 -1.706412615377E-11
AR GRAD 2024 07 05 02 58 30.000000 2   1.586538886378E-11  1.978753966236E-11
AR GRAD 2024 07 05 02 58 40.000000 2   1.023110329096E-11 -4.040797644406E-12
AR GRAD 2024 07 05 02 58 50.000000 2   1.403895489444E-11 -2.979134734044E-12
AR GRAD 2024 07 05 02 59  0.000000 2   1.697136008116E-11  7.082520334101E-12
AR GRAD 2024 07 05 02 59 10.000000 2   1.223634214786E-11  1.350417954543E-11
AR GRAD 2024 07 05 02 59 20.000000 2   1.280394019976E-11  1.174583000307E-11
AR GRAD 2024 07 05 02 59 30.000000 2   1.522403383913E-11  5.697481982730E-12
AR GRAD 2024 07 05 02 59 40.000000 2   1.500094146123E-11 -2.060871655621E-12
AR GRAD 2024 07 05 02 59 50.000000 2   1.165111410129E-11  3.320775512211E-12
AR GRAD 2024 07 05 03 00  0.000000 2   1.596344410826E-11  1.542241681585E-11
AR GRAD 2024 07 05 03 00 10.000000 2   1.605389432502E-11  2.504058375583E-12
AR GRAD 2024 07 05 03 00 20.000000 2   1.349843500864E-11  4.805696205562E-12
AR GRAD 2024 07 05 03 00 30.000000 2   1.408492333183E-11 -6.902668540920E-12
AR GRAD 2024 07 05 03 00 40.000000 2   1.468945277916E-11  1.628963348758E-12
AR GRAD 2024 07 05 03 00 50.000000 2   1.545479196008E-11  1.639059374337E-11
AR GRAD 2024 07 05 03 01  0.000000 2   1.466562114805E-11 -1.167778113792E-12
AR GRAD 2024 07 05 03 01 10.000000 2   1.338806929901E-11 -2.576152832723E-12
AR GRAD 2024 07 05 03 01 20.000000 2   1.519713695164E-11  2.348546877806E-11
AR GRAD 2024 07 05 03 01 30.000000 2   1.472305610761E-11  6.047089478461E-12
AR GRAD 2024 07 05 03 01 40.000000 2   1.346758642107E-11  1.061870903707E-11
AR GRAD 2024 07 05 03 01 50.000000 2   1.658130577287E-11 -8.049677244215E-12
AR GRAD 2024 07 05 03 02  0.000000 2   1.523777805323E-11  1.271193653812E-11
AR GRAD 2024 07 05 03 02 10.000000 2   1.459076783006E-11 -4.126453085479E-12
AR GRAD 2024 07 05 03 02 20.000000 2   1.514463901509E-11  1.846515301773E-11
AR GRAD 2024 07 05 03 02 30.000000 2   1.618626413458E-11  6.067579706899E-13
AR GRAD 2024 07 05 03 02 40.000000 2   1.234508242159E-11  4.678362298255E-12
AR GRAD 2024 07 05 03 02 50.000000 2   1.523656374680E-11 -9.190038487150E-12
AR GRAD 2024 07 05 03 03  0.000000 2   1.651857296781E-11  2.387155750849E-11
AR GRAD 2024 07 05 03 03 10.000000 2   1.781507753817E-11  1.922315258363E-11
AR GRAD 2024 07 05 03 03 20.000000 2   1.334455289326E-11  5.684746510332E-12
AR GRAD 2024 07 05 03 03 30.000000 2   1.528735124601E-11  2.344633688589E-11
AR GRAD 2024 07 05 03 03 40.000000 2   1.581716702059E-11  8.917923691176E-12
AR GRAD 2024 07 05 03 03 50.000000 2   1.648207959004E-11  1.183950940759E-11
AR GRAD 2024 07 05 03 04  0.000000 2   1.605475648259E-11  2.801090089044E-12
AR GRAD 2024 07 05 03 04 10.000000 2   1.592391496441E-11  6.892670028485E-12
AR GRAD 2024 07 05 03 04 20.000000 2   1.278734930443E-11  1.453424880449E-11
AR GRAD 2024 07 05 03 04 30.000000 2   1.503479285514E-11  1.561582287091E-11
AR GRAD 2024 07 05 03 04 40.000000 2   1.631439948413E-11  1.999739610015E-11
AR GRAD 2024 07 05 03 04 50.000000 2   1.694448401035E-11  8.268965373537E-12
