 2.00 C RINEX VERSION / TYPE
 10.00 INTERVAL
 1 AR # / TYPES OF DATA
 END OF HEADER
AR GRAD 2024 07 03 01 05  0.000000 2   2.823928070550E-11  2.889937074368E-11
AR GRAD 2024 07 03 01 05 10.000000 2   2.573062249378E-11  3.036462747907E-11
AR GRAD 2024 07 03 01 05 20.000000 2   2.635193278866E-11  3.152988287125E-11
AR GRAD 2024 07 03 01 05 30.000000 2   2.568825534233E-11  4.111513560168E-11
AR GRAD 2024 07 03 01 05 40.000000 2   2.718330421869E-11  1.509038553837E-11
AR GRAD 2024 07 03 01 05 50.000000 2   2.279032344787E-11  3.508564272448E-11
AR GRAD 2024 07 03 01 06  0.000000 2   2.718156949522E-11  3.422089348004E-11
AR GRAD 2024 07 03 01 06 10.000000 2   2.662266067321E-11  3.389614283700E-11
AR GRAD 2024 07 03 01 06 20.000000 2   2.670338776489E-11  2.336139268144E-11
AR GRAD 2024 07 03 01 06 30.000000 2   2.959539557867E-11  2.254664163703E-11
AR GRAD 2024 07 03 01 06 40.000000 2   2.574013051315E-11  1.597189047686E-11
AR GRAD 2024 07 03 01 06 50.000000 2   2.447005618966E-11  2.811213935250E-11
AR GRAD 2024 07 03 01 07  0.000000 2   2.870258544729E-11  4.025238822813E-11
AR GRAD 2024 07 03 01 07 10.000000 2   2.550814767743E-11  2.768763343597E-11
AR GRAD 2024 07 03 01 07 20.000000 2   2.894384731889E-11  2.759287937026E-11
AR GRAD 2024 07 03 01 07 30.000000 2   2.886199786112E-11  3.158812794668E-11
AR GRAD 2024 07 03 01 07 40.000000 2   2.424692391312E-11  2.103337122528E-11
AR GRAD 2024 07 03 01 07 50.000000 2   2.464684185910E-11  3.965861666844E-11
AR GRAD 2024 07 03 01 08  0.000000 2   2.474072162417E-11  3.938386075597E-11
AR GRAD 2024 07 03 01 08 10.000000 2   3.016744493101E-11  3.367910464402E-11
AR GRAD 2024 07 03 01 08 20.000000 2   2.443124522133E-11  2.282434484469E-11
AR GRAD 2024 07 03 01 08 30.000000 2   2.434108296867E-11  3.505958717787E-11
AR GRAD 2024 07 03 01 08 40.000000 2   2.745497405809E-11  1.593482984452E-11
AR GRAD 2024 07 03 01 08 50.000000 2   2.128677095703E-11  3.257007163970E-11
AR GRAD 2024 07 03 01 09  0.000000 2   2.668567623820E-11  1.691530943093E-11
AR GRAD 2024 07 03 01 09 10.000000 2   2.213808997231E-11  3.029055131720E-11
AR GRAD 2024 07 03 01 09 20.000000 2   2.088981591875E-11  2.843578671141E-11
AR GRAD 2024 07 03 01 09 30.000000 2   2.555887272659E-11  2.765102383173E-11
AR GRAD 2024 07 03 01 09 40.000000 2   2.442172679362E-11  3.165626441537E-11
AR GRAD 2024 07 03 01 09 50.000000 2   1.928986137489E-11  2.827149972462E-11
AR GRAD 2024 07 03 01 10  0.000000 2   2.100296846164E-11  2.324673439857E-11
AR GRAD 2024 07 03 01 10 10.000000 2   1.946245768714E-11  2.384197006489E-11
AR GRAD 2024 07 03 01 10 20.000000 2   2.129267769047E-11  2.546720473395E-11
AR GRAD 2024 07 03 01 10 30.000000 2   2.430564083333E-11  3.476244292422E-11
AR GRAD 2024 07 03 01 10 40.000000 2   2.185295000512E-11  2.271767322870E-11
AR GRAD 2024 07 03 01 10 50.000000 2   1.958256647117E-11  2.894290536404E-11
AR GRAD 2024 07 03 01 11  0.000000 2   2.365503799784E-11  3.825813971181E-11
AR GRAD 2024 07 03 01 11 10.000000 2   1.797131714276E-11  3.982337029584E-11
AR GRAD 2024 07 03 01 11 20.000000 2   2.326798476115E-11  7.328601267509E-12
AR GRAD 2024 07 03 01 11 30.000000 2   1.996410675664E-11  4.201383338454E-11
AR GRAD 2024 07 03 01 11 40.000000 2   1.359899779591E-11  1.301906065593E-11
AR GRAD 2024 07 03 01 11 50.000000 2   1.925964249194E-11  2.458428946528E-11
AR GRAD 2024 07 03 01 12  0.000000 2   1.924310884249E-11  2.024951734070E-11
AR GRAD 2024 07 03 01 12 10.000000 2   2.046387191645E-11  2.841474278092E-11
AR GRAD 2024 07 03 01 12 20.000000 2   1.885615101560E-11  2.270997105647E-11
AR GRAD 2024 07 03 01 12 30.000000 2   2.105610824588E-11  3.355520028503E-11
AR GRAD 2024 07 03 01 12 40.000000 2   1.642631169974E-11  9.670424183650E-12
AR GRAD 2024 07 03 01 12 50.000000 2   1.528977638943E-11  3.280565055719E-11
AR GRAD 2024 07 03 01 13  0.000000 2   1.788652732870E-11  3.138087359411E-11
AR GRAD 2024 07 03 01 13 10.000000 2   1.650284769950E-11  1.666609558693E-11
AR GRAD 2024 07 03 01 13 20.000000 2   2.015361662278E-11  2.281131707138E-11
AR GRAD 2024 07 03 01 13 30.000000 2   2.173446839171E-11  2.707654066236E-11
AR GRAD 2024 07 03 01 13 40.000000 2   2.051721813279E-11  3.499176642885E-11
AR GRAD 2024 07 03 01 13 50.000000 2   1.569479268770E-11  1.435698435137E-11
AR GRAD 2024 07 03 01 14  0.000000 2   1.797678152171E-11  2.956220337968E-11
AR GRAD 2024 07 03 01 14 10.000000 2   1.782728478728E-11  2.541742337436E-11
AR GRAD 2024 07 03 01 14 20.000000 2   1.994497102198E-11  1.087264393101E-11
AR GRAD 2024 07 03 01 14 30.000000 2   2.140327672040E-11  2.791786073153E-11
AR GRAD 2024 07 03 01 14 40.000000 2   1.907555363667E-11  1.851307822320E-11
AR GRAD 2024 07 03 01 14 50.000000 2   1.919855247001E-11  9.598296116242E-12
AR GRAD 2024 07 03 01 15  0.000000 2   1.838691005007E-11  6.913513598411E-12
AR GRAD 2024 07 03 01 15 10.000000 2   1.438820416977E-11  4.228729779537E-12
AR GRAD 2024 07 03 01 15 20.000000 2   1.695092503862E-11  3.107394550006E-11
AR GRAD 2024 07 03 01 15 30.000000 2   1.333088587435E-11  1.380915781030E-11
AR GRAD 2024 07 03 01 15 40.000000 2   1.501922024250E-11  4.264371408075E-12
AR GRAD 2024 07 03 01 15 50.000000 2   2.108895176545E-11  1.683958528176E-11
AR GRAD 2024 07 03 01 16  0.000000 2   1.340860582288E-11  4.113480042700E-11
AR GRAD 2024 07 03 01 16 10.000000 2   1.690573375734E-11  2.583000827117E-11
AR GRAD 2024 07 03 01 16 20.000000 2   1.296033679682E-11  3.466522208173E-11
AR GRAD 2024 07 03 01 16 30.000000 2   1.308592730703E-11 -3.209568244858E-12
AR GRAD 2024 07 03 01 16 40.000000 2   1.398808499586E-11  1.700564168650E-11
AR GRAD 2024 07 03 01 16 50.000000 2   1.203067246519E-11  2.603084935104E-11
AR GRAD 2024 07 03 01 17  0.000000 2   1.230393738283E-11  5.386060954876E-12
AR GRAD 2024 07 03 01 17 10.000000 2   1.512611216836E-11  1.472126760771E-11
AR GRAD 2024 07 03 01 17 20.000000 2   1.058676583898E-11  1.683647492257E-11
AR GRAD 2024 07 03 01 17 30.000000 2   1.517954859032E-11  2.455168186810E-11
AR GRAD 2024 07 03 01 17 40.000000 2   1.461799084557E-11  2.421688717613E-11
AR GRAD 2024 07 03 01 17 50.000000 2   1.039446480278E-11  1.978209263065E-11
AR GRAD 2024 07 03 01 18  0.000000 2   1.004752010758E-11  1.665729880418E-11
AR GRAD 2024 07 03 01 18 10.000000 2   9.856770781524E-12  6.902501140105E-12
AR GRAD 2024 07 03 01 18 20.000000 2   1.290736094395E-11  2.895770429001E-11
AR GRAD 2024 07 03 01 18 30.000000 2   6.849031758405E-12  1.512290813410E-11
AR GRAD 2024 07 03 01 18 40.000000 2   1.597657423025E-11  1.817811005889E-11
AR GRAD 2024 07 03 01 18 50.000000 2   9.400472587850E-12  2.921331579420E-11
AR GRAD 2024 07 03 01 19  0.000000 2   1.828131829945E-12  1.871851285085E-11
AR GRAD 2024 07 03 01 19 10.000000 2   1.166823582199E-11  6.413713310449E-12
AR GRAD 2024 07 03 01 19 20.000000 2   1.140910803332E-11  1.988891169813E-11
AR GRAD 2024 07 03 01 19 30.000000 2   5.316701506136E-12  2.092411140187E-11
AR GRAD 2024 07 03 01 19 40.000000 2   6.329427867241E-12  1.937930718676E-11
AR GRAD 2024 07 03 01 19 50.000000 2   4.949869941012E-12  1.602450637461E-11
AR GRAD 2024 07 03 01 20  0.000000 2   7.567239369843E-12  2.299970457142E-11
AR GRAD 2024 07 03 01 20 10.000000 2   3.682197775856E-12  6.494898802806E-12
AR GRAD 2024 07 03 01 20 20.000000 2   5.522183838674E-12  2.400009531389E-11
AR GRAD 2024 07 03 01 20 30.000000 2   5.951413407229E-12  2.367528915970E-11
AR GRAD 2024 07 03 01 20 40.000000 2   8.371276762065E-12  1.834048364568E-11
AR GRAD 2024 07 03 01 20 50.000000 2   2.350076947280E-12  1.310567886853E-11
AR GRAD 2024 07 03 01 21  0.000000 2   6.560130477035E-12  7.360870593609E-12
AR GRAD 2024 07 03 01 21 10.000000 2   6.204885130007E-12  2.375606308891E-11
AR GRAD 2024 07 03 01 21 20.000000 2   3.323633902819E-12  1.068125535936E-11
AR GRAD 2024 07 03 01 21 30.000000 2   5.991337634348E-12  6.886446708015E-12
AR GRAD 2024 07 03 01 21 40.000000 2   3.862417764094E-12  1.249163793238E-11
AR GRAD 2024 07 03 01 21 50.000000 2   6.351918557107E-12  3.454683067394E-11
AR GRAD 2024 07 03 01 22  0.000000 2   6.751310881875E-12 -5.297982538788E-12
AR GRAD 2024 07 03 01 22 10.000000 2   4.864301236113E-12  6.777203364478E-12
AR GRAD 2024 07 03 01 22 20.000000 2   1.721198704396E-12  1.398239163342E-11
AR GRAD 2024 07 03 01 22 30.000000 2  -1.810766705850E-12  2.171757912395E-11
AR GRAD 2024 07 03 01 22 40.000000 2   4.869658062207E-12  2.723276465444E-11
AR GRAD 2024 07 03 01 22 50.000000 2   3.350210300151E-12  2.455795115874E-11
AR GRAD 2024 07 03 01 23  0.000000 2   5.211354351525E-12  1.381313726595E-11
AR GRAD 2024 07 03 01 23 10.000000 2   3.796732459677E-12  1.630832101307E-11
AR GRAD 2024 07 03 01 23 20.000000 2   6.008160982618E-12  4.173504423999E-12
AR GRAD 2024 07 03 01 23 30.000000 2   2.199686396573E-12  2.650868760612E-11
AR GRAD 2024 07 03 01 23 40.000000 2   4.982791956820E-12  7.973869828315E-12
AR GRAD 2024 07 03 01 23 50.000000 2   3.210156316116E-12  1.369905317655E-11
AR GRAD 2024 07 03 01 24  0.000000 2   1.051814668349E-12  7.604234082692E-12
AR GRAD 2024 07 03 01 24 10.000000 2   6.378360296530E-13  2.260941434074E-11
AR GRAD 2024 07 03 01 24 20.000000 2   3.359812861953E-12  1.513459323144E-11
AR GRAD 2024 07 03 01 24 30.000000 2  -1.734238512345E-12  8.997744498258E-13
AR GRAD 2024 07 03 01 24 40.000000 2   1.746542580700E-12  1.259495285844E-11
AR GRAD 2024 07 03 01 24 50.000000 2  -2.953148576373E-12  2.091012953065E-11
AR GRAD 2024 07 03 01 25  0.000000 2  -2.059384130240E-12  6.835308794667E-12
AR GRAD 2024 07 03 01 25 10.000000 2   1.019464569187E-12  8.080484198425E-12
AR GRAD 2024 07 03 01 25 20.000000 2  -1.135411751597E-12  1.378566011345E-11
AR GRAD 2024 07 03 01 25 30.000000 2  -4.111172394270E-13  1.331083680778E-11
AR GRAD 2024 07 03 01 25 40.000000 2  -5.191456531155E-13  1.051600993784E-11
AR GRAD 2024 07 03 01 25 50.000000 2  -4.095126581588E-12 -1.488156657365E-13
AR GRAD 2024 07 03 01 26  0.000000 2  -1.466367039729E-13  1.166635971855E-11
AR GRAD 2024 07 03 01 26 10.000000 2  -3.001744469308E-12  4.421530849785E-12
AR GRAD 2024 07 03 01 26 20.000000 2  -5.768976876069E-12  8.706702893380E-12
AR GRAD 2024 07 03 01 26 30.000000 2  -2.884871703503E-13  3.741875732877E-12
AR GRAD 2024 07 03 01 26 40.000000 2  -4.945501473619E-12  1.148704395493E-11
AR GRAD 2024 07 03 01 26 50.000000 2  -5.003591291297E-12  1.165221565069E-11
AR GRAD 2024 07 03 01 27  0.000000 2  -4.842213435774E-12  3.647384911459E-12
AR GRAD 2024 07 03 01 27 10.000000 2  -1.880489470737E-12  1.475255334560E-11
AR GRAD 2024 07 03 01 27 20.000000 2  -6.356526416340E-12  1.456772202868E-11
AR GRAD 2024 07 03 01 27 30.000000 2  -7.037558903689E-12  7.592890725883E-12
AR GRAD 2024 07 03 01 27 40.000000 2  -7.533522417003E-12  5.748055677268E-12
AR GRAD 2024 07 03 01 27 50.000000 2  -5.294945905343E-12  4.723223548386E-12
AR GRAD 2024 07 03 01 28  0.000000 2  -8.974457461897E-12  8.218388643233E-12
AR GRAD 2024 07 03 01 28 10.000000 2  -8.609922670655E-12  7.893553866101E-12
AR GRAD 2024 07 03 01 28 20.000000 2  -9.685983785868E-12  9.328717485990E-12
AR GRAD 2024 07 03 01 28 30.000000 2  -9.426139556401E-12  6.943879932858E-12
AR GRAD 2024 07 03 01 28 40.000000 2  -9.063601431880E-12 -5.680957440579E-12
AR GRAD 2024 07 03 01 28 50.000000 2  -8.992573179156E-12  3.754205713663E-12
AR GRAD 2024 07 03 01 29  0.000000 2  -1.014934056937E-11  1.581937011941E-11
AR GRAD 2024 07 03 01 29 10.000000 2  -9.379971625811E-12  5.394529441205E-12
AR GRAD 2024 07 03 01 29 20.000000 2  -1.291186775554E-11  1.106969030329E-11
AR GRAD 2024 07 03 01 29 30.000000 2  -5.944607219671E-12 -2.555150969280E-12
AR GRAD 2024 07 03 01 29 40.000000 2  -1.504589855483E-11  6.930010384987E-12
AR GRAD 2024 07 03 01 29 50.000000 2  -6.622892338715E-12  5.805166243544E-12
AR GRAD 2024 07 03 01 30  0.000000 2  -1.264120579048E-11 -8.399676787452E-12
AR GRAD 2024 07 03 01 30 10.000000 2  -1.075104155007E-11  9.025483485581E-12
AR GRAD 2024 07 03 01 30 20.000000 2  -9.022928237901E-12  1.644063878092E-11
AR GRAD 2024 07 03 01 30 30.000000 2  -1.021039763155E-11 -1.282420350468E-11
AR GRAD 2024 07 03 01 30 40.000000 2  -1.429396011277E-11 -5.419049757538E-12
AR GRAD 2024 07 03 01 30 50.000000 2  -9.090866080752E-12  1.385610463173E-11
AR GRAD 2024 07 03 01 31  0.000000 2  -9.745603629652E-12  4.851258717659E-12
AR GRAD 2024 07 03 01 31 10.000000 2  -1.090950246807E-11 -2.873589604116E-12
AR GRAD 2024 07 03 01 31 20.000000 2  -1.513641295636E-11 -1.258843550234E-11
AR GRAD 2024 07 03 01 31 30.000000 2  -1.052805759238E-11  1.279671594384E-11
AR GRAD 2024 07 03 01 31 40.000000 2  -9.108436227478E-12  6.218666532241E-13
AR GRAD 2024 07 03 01 31 50.000000 2  -1.221688462200E-11  5.887018303397E-12
AR GRAD 2024 07 03 01 32  0.000000 2  -1.066833427155E-11 -5.657830974559E-12
AR GRAD 2024 07 03 01 32 10.000000 2  -1.259662946868E-11  1.708731593719E-11
AR GRAD 2024 07 03 01 32 20.000000 2  -1.422924018196E-11  1.031246615879E-11
AR GRAD 2024 07 03 01 32 30.000000 2  -1.174745110216E-11  3.027614617346E-12
AR GRAD 2024 07 03 01 32 40.000000 2  -1.175247746343E-11  1.658275947114E-11
AR GRAD 2024 07 03 01 32 50.000000 2  -1.202857084770E-11 -1.412092881861E-12
AR GRAD 2024 07 03 01 33  0.000000 2  -1.184487057049E-11 -1.748694765380E-11
AR GRAD 2024 07 03 01 33 10.000000 2  -9.408765433427E-12  6.388197696522E-12
AR GRAD 2024 07 03 01 33 20.000000 2  -1.488568990293E-11 -3.066655219694E-12
AR GRAD 2024 07 03 01 33 30.000000 2  -1.496791059152E-11 -9.261512563807E-12
AR GRAD 2024 07 03 01 33 40.000000 2  -1.419955385912E-11  1.152363014040E-11
AR GRAD 2024 07 03 01 33 50.000000 2  -9.460206923384E-12 -2.912263258239E-13
AR GRAD 2024 07 03 01 34  0.000000 2  -1.191817044360E-11  7.963915985010E-12
AR GRAD 2024 07 03 01 34 10.000000 2  -1.855261604067E-11 -4.060941687090E-12
AR GRAD 2024 07 03 01 34 20.000000 2  -7.448148868494E-12  2.014198703659E-12
AR GRAD 2024 07 03 01 34 30.000000 2  -1.831706140931E-11 -1.003066033012E-11
AR GRAD 2024 07 03 01 34 40.000000 2  -1.501922544667E-11 -1.865520758704E-12
AR GRAD 2024 07 03 01 34 50.000000 2  -1.368022448794E-11  1.549617422228E-12
AR GRAD 2024 07 03 01 35  0.000000 2  -1.629001621095E-11 -7.355245752738E-12
AR GRAD 2024 07 03 01 35 10.000000 2  -9.513548802909E-12 -1.090010720572E-11
AR GRAD 2024 07 03 01 35 20.000000 2  -1.390144249713E-11 -8.454969363525E-12
AR GRAD 2024 07 03 01 35 30.000000 2  -1.808574297268E-11 -5.359831502239E-12
AR GRAD 2024 07 03 01 35 40.000000 2  -1.384650900882E-11  6.695300997644E-12
AR GRAD 2024 07 03 01 35 50.000000 2  -1.653071776686E-11 -1.603956377438E-11
AR GRAD 2024 07 03 01 36  0.000000 2  -1.580676388391E-11  2.065570370996E-12
AR GRAD 2024 07 03 01 36 10.000000 2  -1.555353242033E-11 -1.653929423973E-11
AR GRAD 2024 07 03 01 36 20.000000 2  -1.209999375001E-11  2.115838971042E-12
AR GRAD 2024 07 03 01 36 30.000000 2  -1.418619041682E-11 -6.999028960564E-12
AR GRAD 2024 07 03 01 36 40.000000 2  -1.111824261130E-11 -1.179389658851E-11
AR GRAD 2024 07 03 01 36 50.000000 2  -1.255021867680E-11  1.219123326596E-11
AR GRAD 2024 07 03 01 37  0.000000 2  -1.557854019396E-11 -1.332363646495E-11
AR GRAD 2024 07 03 01 37 10.000000 2  -4.660950445046E-12 -4.738508196933E-12
AR GRAD 2024 07 03 01 37 20.000000 2  -1.331050807768E-11 -1.553337840299E-11
AR GRAD 2024 07 03 01 37 30.000000 2  -1.440940942954E-11 -8.782485372630E-13
AR GRAD 2024 07 03 01 37 40.000000 2  -1.539769180214E-11 -7.293121835616E-12
AR GRAD 2024 07 03 01 37 50.000000 2  -1.209595618112E-11 -6.907995876715E-12
AR GRAD 2024 07 03 01 38  0.000000 2  -1.940522915966E-11 -4.012867295400E-12
AR GRAD 2024 07 03 01 38 10.000000 2  -1.054560952451E-11 -2.947741876980E-12
AR GRAD 2024 07 03 01 38 20.000000 2  -1.233241547077E-11 -3.462616911948E-12
AR GRAD 2024 07 03 01 38 30.000000 2  -1.493750609316E-11 -1.632749144220E-11
AR GRAD 2024 07 03 01 38 40.000000 2  -1.658193027332E-11 -6.242366866471E-12
AR GRAD 2024 07 03 01 38 50.000000 2  -1.518313426374E-11  4.827553287678E-13
AR GRAD 2024 07 03 01 39  0.000000 2  -1.314248970069E-11 -1.709212285594E-11
AR GRAD 2024 07 03 01 39 10.000000 2  -6.397235172151E-12 -1.558700217508E-11
AR GRAD 2024 07 03 01 39 20.000000 2  -1.112699689332E-11 -1.621187906142E-11
AR GRAD 2024 07 03 01 39 30.000000 2  -1.727224613335E-11 -9.636756670428E-12
AR GRAD 2024 07 03 01 39 40.000000 2  -1.682596943720E-11  5.008361780856E-12
AR GRAD 2024 07 03 01 39 50.000000 2  -1.326356472570E-11 -1.037651648633E-11
AR GRAD 2024 07 03 01 40  0.000000 2  -1.107279719303E-11 -1.381400094140E-12
AR GRAD 2024 07 03 01 40 10.000000 2  -1.383378221004E-11 -1.343628160122E-11
AR GRAD 2024 07 03 01 40 20.000000 2  -8.779498829325E-12 -1.166116595647E-11
AR GRAD 2024 07 03 01 40 30.000000 2  -1.071705918454E-11 -2.288604722400E-11
AR GRAD 2024 07 03 01 40 40.000000 2  -9.531227369852E-12 -1.260931680250E-12
AR GRAD 2024 07 03 01 40 50.000000 2  -1.207019553751E-11 -1.472581605266E-11
AR GRAD 2024 07 03 01 41  0.000000 2  -1.188664531387E-11 -2.694070314058E-11
AR GRAD 2024 07 03 01 41 10.000000 2  -1.705874851099E-11  2.274412212386E-12
AR GRAD 2024 07 03 01 41 20.000000 2  -1.217675960064E-11 -1.701047462610E-11
AR GRAD 2024 07 03 01 41 30.000000 2  -1.129732592198E-11 -1.075536101153E-11
AR GRAD 2024 07 03 01 41 40.000000 2  -1.343725131164E-11 -4.780248245850E-12
AR GRAD 2024 07 03 01 41 50.000000 2  -1.164241619778E-11 -3.085513788914E-11
AR GRAD 2024 07 03 01 42  0.000000 2  -8.828379000070E-12  2.399972581779E-12
AR GRAD 2024 07 03 01 42 10.000000 2  -1.475601932310E-11 -1.386491789435E-11
AR GRAD 2024 07 03 01 42 20.000000 2  -1.246093592894E-11 -1.981980725374E-11
AR GRAD 2024 07 03 01 42 30.000000 2  -1.178079162001E-11  1.085302637691E-12
AR GRAD 2024 07 03 01 42 40.000000 2  -9.274496969025E-12 -1.952958801621E-11
AR GRAD 2024 07 03 01 42 50.000000 2  -1.294607823721E-11 -1.642448156647E-11
AR GRAD 2024 07 03 01 43  0.000000 2  -1.026622797190E-11 -3.369375741955E-12
AR GRAD 2024 07 03 01 43 10.000000 2  -4.017277396157E-12 -2.054427114540E-11
AR GRAD 2024 07 03 01 43 20.000000 2  -8.237989283788E-12 -1.928916575078E-11
AR GRAD 2024 07 03 01 43 30.000000 2  -9.685095607448E-12 -7.194057415755E-12
AR GRAD 2024 07 03 01 43 40.000000 2  -6.547003824492E-12 -2.249895408868E-11
AR GRAD 2024 07 03 01 43 50.000000 2  -1.080652407837E-11 -4.713852138488E-12
AR GRAD 2024 07 03 01 44  0.000000 2  -1.170555579549E-11 -2.121875071481E-11
AR GRAD 2024 07 03 01 44 10.000000 2  -1.038192101732E-11 -2.001364525495E-11
AR GRAD 2024 07 03 01 44 20.000000 2  -3.325603464485E-12 -1.053854312844E-11
AR GRAD 2024 07 03 01 44 30.000000 2  -4.609501582514E-12  9.136557829748E-12
AR GRAD 2024 07 03 01 44 40.000000 2  -6.790992681388E-12 -2.611834359900E-11
AR GRAD 2024 07 03 01 44 50.000000 2  -5.531049576679E-12 -1.765324345038E-11
AR GRAD 2024 07 03 01 45  0.000000 2  -8.762325934275E-12 -4.228143443002E-12
AR GRAD 2024 07 03 01 45 10.000000 2  -1.024154025475E-11 -1.391304432774E-11
AR GRAD 2024 07 03 01 45 20.000000 2  -1.055465003591E-11 -1.191794666427E-11
AR GRAD 2024 07 03 01 45 30.000000 2  -9.723918718840E-12 -2.573284987872E-11
AR GRAD 2024 07 03 01 45 40.000000 2  -3.328493296956E-12 -8.477752354297E-12
AR GRAD 2024 07 03 01 45 50.000000 2  -4.930492212424E-12 -2.777265917242E-11
AR GRAD 2024 07 03 01 46  0.000000 2  -7.169907029203E-12 -7.727561646131E-12
AR GRAD 2024 07 03 01 46 10.000000 2  -1.053861251737E-11 -4.092466816819E-12
AR GRAD 2024 07 03 01 46 20.000000 2  -9.233942603604E-12 -2.078737529332E-11
AR GRAD 2024 07 03 01 46 30.000000 2  -6.963794992043E-12 -1.732228249729E-11
AR GRAD 2024 07 03 01 46 40.000000 2  -7.836389523397E-12 -2.487187972938E-12
AR GRAD 2024 07 03 01 46 50.000000 2  -5.675981386288E-12 -1.112209803422E-11
AR GRAD 2024 07 03 01 47  0.000000 2  -4.431785233933E-12 -7.567006049536E-12
AR GRAD 2024 07 03 01 47 10.000000 2  -7.721109342163E-12 -2.509191639188E-11
AR GRAD 2024 07 03 01 47 20.000000 2  -9.189819044630E-12 -2.012682381869E-11
AR GRAD 2024 07 03 01 47 30.000000 2  -6.969543431962E-12  5.558264352251E-12
AR GRAD 2024 07 03 01 47 40.000000 2  -6.354989017660E-12 -1.726664818069E-11
AR GRAD 2024 07 03 01 47 50.000000 2  -6.924960171267E-12 -1.704155913607E-11
AR GRAD 2024 07 03 01 48  0.000000 2  -7.078213449391E-12 -3.764702850677E-13
AR GRAD 2024 07 03 01 48 10.000000 2  -5.999293509890E-12 -1.040138461472E-11
AR GRAD 2024 07 03 01 48 20.000000 2  -2.214348929913E-12 -2.325629966382E-11
AR GRAD 2024 07 03 01 48 30.000000 2  -4.097098962180E-12 -1.332121045416E-11
AR GRAD 2024 07 03 01 48 40.000000 2  -5.645657552567E-12  5.663870414341E-12
AR GRAD 2024 07 03 01 48 50.000000 2  -2.587151413241E-12 -1.734104179696E-11
AR GRAD 2024 07 03 01 49  0.000000 2  -1.201868032180E-12 -1.176596060165E-11
AR GRAD 2024 07 03 01 49 10.000000 2  -1.061824933535E-11 -4.460876546625E-12
AR GRAD 2024 07 03 01 49 20.000000 2  -1.164325363553E-12 -8.115794494779E-12
AR GRAD 2024 07 03 01 49 30.000000 2  -3.070630772220E-12 -1.723071164916E-11
AR GRAD 2024 07 03 01 49 40.000000 2  -3.634242646405E-12 -1.136563152621E-11
AR GRAD 2024 07 03 01 49 50.000000 2  -8.174402127414E-12 -9.580551629806E-12
AR GRAD 2024 07 03 01 50  0.000000 2  -7.422213885167E-12 -8.425472992901E-12
AR GRAD 2024 07 03 01 50 10.000000 2  -4.342621748310E-12 -1.267039338032E-11
AR GRAD 2024 07 03 01 50 20.000000 2  -3.790936314862E-12 -1.582531501676E-11
AR GRAD 2024 07 03 01 50 30.000000 2  -4.233652924762E-12 -3.570237638514E-12
AR GRAD 2024 07 03 01 50 40.000000 2  -1.799410121774E-12 -1.188516125794E-11
AR GRAD 2024 07 03 01 50 50.000000 2  -5.504960202962E-12 -9.540082265835E-12
AR GRAD 2024 07 03 01 51  0.000000 2  -1.919708749604E-12 -5.575011372688E-12
AR GRAD 2024 07 03 01 51 10.000000 2  -3.498654707959E-12 -2.099934375693E-12
AR GRAD 2024 07 03 01 51 20.000000 2  -5.944139711694E-12 -1.050485826798E-11
AR GRAD 2024 07 03 01 51 30.000000 2  -3.006851712062E-12 -3.029978351554E-11
AR GRAD 2024 07 03 01 51 40.000000 2  -3.910045030808E-12 -4.904715522613E-12
AR GRAD 2024 07 03 01 51 50.000000 2  -2.752389028499E-12 -2.136964043220E-11
AR GRAD 2024 07 03 01 52  0.000000 2  -5.132656018952E-12  4.705430489693E-12
AR GRAD 2024 07 03 01 52 10.000000 2  -4.821219812268E-12 -5.759500081720E-12
AR GRAD 2024 07 03 01 52 20.000000 2  -4.190556755768E-12 -5.384425978000E-12
AR GRAD 2024 07 03 01 52 30.000000 2  -3.262759420281E-12 -2.394935812167E-11
AR GRAD 2024 07 03 01 52 40.000000 2  -3.112898177074E-12 -9.864287338346E-12
AR GRAD 2024 07 03 01 52 50.000000 2  -7.631134764895E-13 -2.939219180542E-12
AR GRAD 2024 07 03 01 53  0.000000 2  -5.826753467740E-13 -9.404152803705E-12
AR GRAD 2024 07 03 01 53 10.000000 2  -2.445627467901E-12 -5.659086480675E-12
AR GRAD 2024 07 03 01 53 20.000000 2  -3.280146770521E-12 -3.994017790110E-12
AR GRAD 2024 07 03 01 53 30.000000 2  -2.913452248551E-12 -1.018895211258E-11
AR GRAD 2024 07 03 01 53 40.000000 2   1.202728671865E-12 -7.283888769916E-12
AR GRAD 2024 07 03 01 53 50.000000 2   1.365951514225E-12 -1.063882142105E-11
AR GRAD 2024 07 03 01 54  0.000000 2  -2.622914906103E-12 -9.963758117182E-12
AR GRAD 2024 07 03 01 54 10.000000 2  -3.342521355185E-12 -1.782869685218E-11
AR GRAD 2024 07 03 01 54 20.000000 2   5.079374854750E-12 -8.963632787407E-12
AR GRAD 2024 07 03 01 54 30.000000 2  -3.650416774414E-12  6.041428642078E-12
AR GRAD 2024 07 03 01 54 40.000000 2  -2.791086806120E-12 -1.076350900769E-11
AR GRAD 2024 07 03 01 54 50.000000 2   1.625656857393E-12 -1.055844734560E-11
AR GRAD 2024 07 03 01 55  0.000000 2  -2.101702872067E-13 -1.639339011761E-11
AR GRAD 2024 07 03 01 55 10.000000 2  -7.033193038380E-12  2.231669493299E-12
AR GRAD 2024 07 03 01 55 20.000000 2   3.850809103013E-13 -7.263270280361E-12
AR GRAD 2024 07 03 01 55 30.000000 2   1.099452343403E-12 -1.298213381414E-12
AR GRAD 2024 07 03 01 55 40.000000 2  -2.246287791191E-12 -6.633153661756E-12
AR GRAD 2024 07 03 01 55 50.000000 2   2.633412802058E-12 -1.548809865082E-11
AR GRAD 2024 07 03 01 56  0.000000 2   2.756697647932E-12 -4.353041364868E-12
AR GRAD 2024 07 03 01 56 10.000000 2  -4.249121887678E-12 -5.297986441916E-12
AR GRAD 2024 07 03 01 56 20.000000 2   4.653019722994E-12 -4.442931265947E-12
AR GRAD 2024 07 03 01 56 30.000000 2  -1.206291577044E-12 -7.037879393851E-12
AR GRAD 2024 07 03 01 56 40.000000 2  -3.205252686531E-12 -4.062824729423E-12
AR GRAD 2024 07 03 01 56 50.000000 2   1.447426705402E-12 -1.525777421074E-11
AR GRAD 2024 07 03 01 57  0.000000 2  -3.203145214348E-12  6.667280009337E-12
AR GRAD 2024 07 03 01 57 10.000000 2   5.970288066010E-12 -9.097669666225E-12
AR GRAD 2024 07 03 01 57 20.000000 2  -6.065036927544E-12  2.387383693514E-12
AR GRAD 2024 07 03 01 57 30.000000 2  -2.523450740900E-13  3.002432937688E-12
AR GRAD 2024 07 03 01 57 40.000000 2   5.816950653798E-13 -1.025186269969E-13
AR GRAD 2024 07 03 01 57 50.000000 2   4.718160757922E-12 -1.346746672515E-11
AR GRAD 2024 07 03 01 58  0.000000 2   2.216892034529E-12  9.937579405206E-12
AR GRAD 2024 07 03 01 58 10.000000 2   4.297581387980E-12  9.042629492417E-12
AR GRAD 2024 07 03 01 58 20.000000 2   4.309155896692E-12 -1.163232531132E-11
AR GRAD 2024 07 03 01 58 30.000000 2   2.434011108984E-12  7.972720574012E-12
AR GRAD 2024 07 03 01 58 40.000000 2   2.590554073340E-12 -1.294223408999E-11
AR GRAD 2024 07 03 01 58 50.000000 2   4.991979594450E-13  2.290280985695E-11
AR GRAD 2024 07 03 01 59  0.000000 2   2.321837383815E-12  3.447855716210E-12
AR GRAD 2024 07 03 01 59 10.000000 2   1.661837659671E-12 -3.771019412534E-13
AR GRAD 2024 07 03 01 59 20.000000 2   4.197525139971E-12 -5.832058794231E-12
AR GRAD 2024 07 03 01 59 30.000000 2  -1.147173041239E-13  6.582984591469E-12
AR GRAD 2024 07 03 01 59 40.000000 2   5.651277622948E-12 -9.331972694593E-12
AR GRAD 2024 07 03 01 59 50.000000 2   7.222805686879E-12  2.473068191206E-12
AR GRAD 2024 07 03 02 00  0.000000 2   2.501346352268E-12 -7.041893543974E-12
AR GRAD 2024 07 03 02 00 10.000000 2   5.343372445898E-12  1.383147502781E-12
AR GRAD 2024 07 03 02 00 20.000000 2   2.530304308093E-12  1.881818659233E-11
AR GRAD 2024 07 03 02 00 30.000000 2   3.997354530716E-12  5.863225703562E-12
AR GRAD 2024 07 03 02 00 40.000000 2   6.016158057842E-12  3.183826466358E-11
AR GRAD 2024 07 03 02 00 50.000000 2   9.526419583739E-12  1.041330129764E-11
AR GRAD 2024 07 03 02 01  0.000000 2   4.968804447752E-12 -1.929166548731E-11
AR GRAD 2024 07 03 02 01 10.000000 2   1.145925888901E-11  2.209337227055E-11
AR GRAD 2024 07 03 02 01 20.000000 2   3.130278588420E-12  1.155840874401E-11
AR GRAD 2024 07 03 02 01 30.000000 2   7.029966019034E-12  5.734428231742E-13
AR GRAD 2024 07 03 02 01 40.000000 2   7.578219302085E-12  9.298478653719E-12
AR GRAD 2024 07 03 02 01 50.000000 2   5.515662579447E-12  1.023509510652E-12
AR GRAD 2024 07 03 02 02  0.000000 2   5.408142250002E-12  2.122854322884E-11
AR GRAD 2024 07 03 02 02 10.000000 2   1.031495635434E-11  4.435747017091E-13
AR GRAD 2024 07 03 02 02 20.000000 2   1.750589582149E-12  1.334860607466E-11
AR GRAD 2024 07 03 02 02 30.000000 2   1.073725310052E-11  1.075363582903E-11
AR GRAD 2024 07 03 02 02 40.000000 2   7.183961325125E-12  2.398866695563E-11
AR GRAD 2024 07 03 02 02 50.000000 2   5.624946688987E-12  1.412369700360E-11
AR GRAD 2024 07 03 02 03  0.000000 2   8.218863957465E-12  9.518723483037E-12
AR GRAD 2024 07 03 02 03 10.000000 2   6.443525400746E-12  1.271375366096E-11
AR GRAD 2024 07 03 02 03 20.000000 2   8.669270162853E-12  1.279878113214E-11
AR GRAD 2024 07 03 02 03 30.000000 2   9.177178114661E-12  1.535380503292E-11
AR GRAD 2024 07 03 02 03 40.000000 2   6.438671210779E-12  1.404883414463E-11
AR GRAD 2024 07 03 02 03 50.000000 2   8.494953872284E-12 -1.961422967404E-13
AR GRAD 2024 07 03 02 04  0.000000 2   7.470888491179E-12  1.436888368705E-11
AR GRAD 2024 07 03 02 04 10.000000 2   8.484937578934E-12  2.700390605570E-11
AR GRAD 2024 07 03 02 04 20.000000 2   1.193112796061E-11  9.758930642756E-12
AR GRAD 2024 07 03 02 04 30.000000 2   6.570256491645E-12  3.223954523485E-12
AR GRAD 2024 07 03 02 04 40.000000 2   8.354434331836E-12  1.939897721626E-11
AR GRAD 2024 07 03 02 04 50.000000 2   6.145247938988E-12  1.425399815541E-11
AR GRAD 2024 07 03 02 05  0.000000 2   6.993128732341E-12  1.516901708409E-11
AR GRAD 2024 07 03 02 05 10.000000 2   5.139722848713E-12  2.211403803132E-11
AR GRAD 2024 07 03 02 05 20.000000 2   7.074934388340E-12  1.631905721666E-11
AR GRAD 2024 07 03 02 05 30.000000 2   5.435049112157E-12  3.132407874751E-11
AR GRAD 2024 07 03 02 05 40.000000 2   8.654753996806E-12  9.329094788346E-12
AR GRAD 2024 07 03 02 05 50.000000 2   9.214335891516E-12  1.289411286076E-11
AR GRAD 2024 07 03 02 06  0.000000 2   1.424946272088E-11  2.695912937334E-11
AR GRAD 2024 07 03 02 06 10.000000 2   1.278691996037E-11  2.144146188723E-12
AR GRAD 2024 07 03 02 06 20.000000 2   9.891931891659E-12  2.463916050355E-11
AR GRAD 2024 07 03 02 06 30.000000 2   1.009183014933E-11  1.679417716005E-11
AR GRAD 2024 07 03 02 06 40.000000 2   1.202424791680E-11  1.899918937454E-11
AR GRAD 2024 07 03 02 06 50.000000 2   7.532296834867E-12  2.140420306274E-11
AR GRAD 2024 07 03 02 07  0.000000 2   1.198161622001E-11  1.186921914920E-11
AR GRAD 2024 07 03 02 07 10.000000 2   1.019959724319E-11  2.395423095991E-11
AR GRAD 2024 07 03 02 07 20.000000 2   8.071301439705E-12  4.289242138550E-12
AR GRAD 2024 07 03 02 07 30.000000 2   1.344554849403E-11  5.174254254225E-12
AR GRAD 2024 07 03 02 07 40.000000 2   1.196382055924E-11 -1.180737148679E-12
AR GRAD 2024 07 03 02 07 50.000000 2   8.243790199092E-12  4.055427521577E-11
AR GRAD 2024 07 03 02 08  0.000000 2   1.332693330691E-11  1.689928232074E-11
AR GRAD 2024 07 03 02 08 10.000000 2   1.339670822192E-11  1.642429074689E-11
AR GRAD 2024 07 03 02 08 20.000000 2   1.343512193858E-11  2.498929882466E-11
AR GRAD 2024 07 03 02 08 30.000000 2   1.234884503681E-11  8.243068228865E-13
AR GRAD 2024 07 03 02 08 40.000000 2   1.058308995994E-11  3.057931338701E-11
AR GRAD 2024 07 03 02 08 50.000000 2   1.019043530115E-11  4.454317557162E-12
AR GRAD 2024 07 03 02 09  0.000000 2   1.297474627737E-11  2.646932499573E-11
AR GRAD 2024 07 03 02 09 10.000000 2   1.010966744347E-11  2.648433035379E-11
AR GRAD 2024 07 03 02 09 20.000000 2   1.240537880753E-11  1.699933249721E-11
AR GRAD 2024 07 03 02 09 30.000000 2   1.180952557966E-11  4.014336172503E-12
AR GRAD 2024 07 03 02 09 40.000000 2   1.208072097220E-11  2.246933715477E-11
AR GRAD 2024 07 03 02 09 50.000000 2   1.526228796123E-11  1.356434149030E-11
AR GRAD 2024 07 03 02 10  0.000000 2   9.317303005518E-12  2.296934170642E-11
AR GRAD 2024 07 03 02 10 10.000000 2   1.131460723724E-11  1.834434167070E-11
AR GRAD 2024 07 03 02 10 20.000000 2   1.467191125537E-11  1.812934177781E-11
AR GRAD 2024 07 03 02 10 30.000000 2   1.355476668408E-11  1.884434101818E-11
AR GRAD 2024 07 03 02 10 40.000000 2   8.396377343400E-12  1.968934043584E-11
AR GRAD 2024 07 03 02 10 50.000000 2   1.003788545340E-11  5.264338878014E-12
AR GRAD 2024 07 03 02 11  0.000000 2   1.439781627255E-11  2.572933532896E-11
AR GRAD 2024 07 03 02 11 10.000000 2   1.690932290022E-11  1.065433245101E-11
AR GRAD 2024 07 03 02 11 20.000000 2   1.456774978426E-11  8.489329031414E-12
AR GRAD 2024 07 03 02 11 30.000000 2   1.804539330463E-11  1.716432551646E-11
AR GRAD 2024 07 03 02 11 40.000000 2   1.237963811324E-11  3.292931899379E-11
AR GRAD 2024 07 03 02 11 50.000000 2   1.287571264885E-11  1.675431321457E-11
AR GRAD 2024 07 03 02 12  0.000000 2   1.553663794840E-11  1.164930651942E-11
AR GRAD 2024 07 03 02 12 10.000000 2   1.159849560145E-11  2.964430090291E-11
AR GRAD 2024 07 03 02 12 20.000000 2   1.570218434443E-11  1.447929276477E-11
AR GRAD 2024 07 03 02 12 30.000000 2   1.576475061604E-11  1.545428368610E-11
AR GRAD 2024 07 03 02 12 40.000000 2   1.333298055295E-11  2.688927379368E-11
AR GRAD 2024 07 03 02 12 50.000000 2   1.046993481496E-11  1.835426428898E-11
AR GRAD 2024 07 03 02 13  0.000000 2   1.106769884074E-11  1.501925320224E-11
AR GRAD 2024 07 03 02 13 10.000000 2   1.431778307026E-11  2.341424276686E-11
AR GRAD 2024 07 03 02 13 20.000000 2   1.151853092074E-11  1.082923247603E-11
AR GRAD 2024 07 03 02 13 30.000000 2   1.656351444890E-11  2.179421747239E-11
AR GRAD 2024 07 03 02 13 40.000000 2   1.333267610898E-11  1.800920523820E-11
AR GRAD 2024 07 03 02 13 50.000000 2   1.321831793327E-11  1.514419319115E-11
AR GRAD 2024 07 03 02 14  0.000000 2   1.357784110839E-11  2.646917927895E-11
AR GRAD 2024 07 03 02 14 10.000000 2   1.525176339390E-11  1.930416243523E-11
AR GRAD 2024 07 03 02 14 20.000000 2   1.045159098156E-11  1.968914788153E-11
AR GRAD 2024 07 03 02 14 30.000000 2   1.411768011522E-11  1.951413163004E-11
AR GRAD 2024 07 03 02 14 40.000000 2   1.523057201192E-11  2.988911548818E-11
AR GRAD 2024 07 03 02 14 50.000000 2   1.438183253044E-11  1.914409603065E-11
AR GRAD 2024 07 03 02 15  0.000000 2   1.711771349666E-11  1.593907818231E-11
AR GRAD 2024 07 03 02 15 10.000000 2   1.502321878011E-11  2.637405918660E-11
AR GRAD 2024 07 03 02 15 20.000000 2   1.982052716398E-11  2.344904131979E-11
AR GRAD 2024 07 03 02 15 30.000000 2   1.444716915544E-11  1.371402123806E-11
AR GRAD 2024 07 03 02 15 40.000000 2   1.764910960433E-11  2.044900013209E-11
AR GRAD 2024 07 03 02 15 50.000000 2   1.555947731768E-11  3.247398183692E-11
AR GRAD 2024 07 03 02 16  0.000000 2   1.221122421929E-11  2.549895711246E-11
AR GRAD 2024 07 03 02 16 10.000000 2   1.635331974004E-11  2.370393291373E-11
AR GRAD 2024 07 03 02 16 20.000000 2   1.610643389494E-11  1.477891073409E-11
AR GRAD 2024 07 03 02 16 30.000000 2   1.987231039446E-11  1.990388583117E-11
AR GRAD 2024 07 03 02 16 40.000000 2   1.626158929735E-11  3.929886277509E-11
AR GRAD 2024 07 03 02 16 50.000000 2   1.558106074717E-11  1.149383626470E-11
AR GRAD 2024 07 03 02 17  0.000000 2   1.740134251971E-11  3.397880934952E-11
AR GRAD 2024 07 03 02 17 10.000000 2   1.811632788229E-11  3.213378521605E-11
AR GRAD 2024 07 03 02 17 20.000000 2   2.054429716625E-11  7.518753848690E-12
AR GRAD 2024 07 03 02 17 30.000000 2   1.860749575255E-11  3.119372815608E-11
AR GRAD 2024 07 03 02 17 40.000000 2   1.704651177159E-11  1.176869973002E-11
AR GRAD 2024 07 03 02 17 50.000000 2   1.611312645811E-11  3.006367030323E-11
AR GRAD 2024 07 03 02 18  0.000000 2   1.818722950020E-11  3.142864093975E-11
AR GRAD 2024 07 03 02 18 10.000000 2   2.042094791876E-11  1.610360803039E-11
AR GRAD 2024 07 03 02 18 20.000000 2   1.602932023226E-11  3.326857886399E-11
AR GRAD 2024 07 03 02 18 30.000000 2   1.538454086347E-11  3.382354812898E-11
AR GRAD 2024 07 03 02 18 40.000000 2   1.908291059893E-11  1.243851289329E-11
AR GRAD 2024 07 03 02 18 50.000000 2   1.659334128434E-11  3.487347910447E-11
AR GRAD 2024 07 03 02 19  0.000000 2   2.021295977817E-11  2.441844643153E-11
AR GRAD 2024 07 03 02 19 10.000000 2   1.488639420066E-11  2.586341210642E-11
AR GRAD 2024 07 03 02 19 20.000000 2   1.868851080833E-11  4.231837449908E-11
AR GRAD 2024 07 03 02 19 30.000000 2   1.802392436689E-11  2.197333981435E-11
AR GRAD 2024 07 03 02 19 40.000000 2   2.666999086853E-11  4.141830628468E-11
AR GRAD 2024 07 03 02 19 50.000000 2   2.144001642890E-11  1.570326507716E-11
AR GRAD 2024 07 03 02 20  0.000000 2   1.438183079572E-11  3.296822884136E-11
AR GRAD 2024 07 03 02 20 10.000000 2   2.134610370408E-11  2.899318979344E-11
AR GRAD 2024 07 03 02 20 20.000000 2   2.179849530048E-11  2.549815046604E-11
AR GRAD 2024 07 03 02 20 30.000000 2   1.696751419922E-11  3.724311484210E-11
AR GRAD 2024 07 03 02 20 40.000000 2   1.933561123713E-11  2.628807067862E-11
AR GRAD 2024 07 03 02 20 50.000000 2   1.986945503962E-11  2.366302813417E-11
AR GRAD 2024 07 03 02 21  0.000000 2   2.451998673547E-11  3.360798792040E-11
AR GRAD 2024 07 03 02 21 10.000000 2   2.213492063252E-11  1.790294475168E-11
AR GRAD 2024 07 03 02 21 20.000000 2   1.747421304876E-11  2.371790264188E-11
AR GRAD 2024 07 03 02 21 30.000000 2   1.789062648028E-11  3.405286122526E-11
AR GRAD 2024 07 03 02 21 40.000000 2   2.387097637613E-11  3.091781691777E-11
AR GRAD 2024 07 03 02 21 50.000000 2   1.835815180429E-11  1.927277087921E-11
AR GRAD 2024 07 03 02 22  0.000000 2   2.111371494307E-11  3.842772627882E-11
AR GRAD 2024 07 03 02 22 10.000000 2   1.994142004302E-11  3.162268016887E-11
AR GRAD 2024 07 03 02 22 20.000000 2   1.879883228251E-11  1.276763243740E-11
AR GRAD 2024 07 03 02 22 30.000000 2   1.975898958340E-11  2.980258401175E-11
AR GRAD 2024 07 03 02 22 40.000000 2   1.788951972670E-11  1.665753646130E-11
AR GRAD 2024 07 03 02 22 50.000000 2   2.263812921843E-11  3.603248602269E-11
AR GRAD 2024 07 03 02 23  0.000000 2   2.201709300986E-11  2.083743767811E-11
AR GRAD 2024 07 03 02 23 10.000000 2   2.135054980035E-11  2.625738862450E-11
AR GRAD 2024 07 03 02 23 20.000000 2   2.022839708238E-11  3.167733783616E-11
AR GRAD 2024 07 03 02 23 30.000000 2   2.235407692286E-11  1.449228584360E-11
AR GRAD 2024 07 03 02 23 40.000000 2   2.030332672820E-11  2.865723283674E-11
AR GRAD 2024 07 03 02 23 50.000000 2   2.026137937983E-11  3.696217984461E-11
AR GRAD 2024 07 03 02 24  0.000000 2   2.516717910461E-11  2.284712696810E-11
AR GRAD 2024 07 03 02 24 10.000000 2   2.587715805524E-11  2.847207192236E-11
AR GRAD 2024 07 03 02 24 20.000000 2   2.195042064779E-11  3.086702074495E-11
AR GRAD 2024 07 03 02 24 30.000000 2   2.063637108418E-11  3.637196446804E-11
AR GRAD 2024 07 03 02 24 40.000000 2   2.312076745337E-11  2.165690717038E-11
AR GRAD 2024 07 03 02 24 50.000000 2   1.393296849422E-11  3.196184983345E-11
AR GRAD 2024 07 03 02 25  0.000000 2   2.499007771550E-11  3.356679170730E-11
AR GRAD 2024 07 03 02 25 10.000000 2   2.210569227667E-11  3.042173804535E-11
AR GRAD 2024 07 03 02 25 20.000000 2   2.464484866183E-11  1.829667493902E-11
AR GRAD 2024 07 03 02 25 30.000000 2   2.052863608271E-11  4.122161986753E-11
AR GRAD 2024 07 03 02 25 40.000000 2   1.792827171443E-11  2.050655652230E-11
AR GRAD 2024 07 03 02 25 50.000000 2   2.087601966294E-11  3.781149698900E-11
AR GRAD 2024 07 03 02 26  0.000000 2   2.602384627237E-11  2.512643391961E-11
AR GRAD 2024 07 03 02 26 10.000000 2   2.058395988380E-11  2.847137282880E-11
AR GRAD 2024 07 03 02 26 20.000000 2   2.399883763937E-11  2.888631174536E-11
AR GRAD 2024 07 03 02 26 30.000000 2   2.185736661109E-11  4.379124493581E-11
AR GRAD 2024 07 03 02 26 40.000000 2   2.639366850077E-11  3.228618414286E-11
AR GRAD 2024 07 03 02 26 50.000000 2   2.272448028362E-11  3.069111978449E-11
AR GRAD 2024 07 03 02 27  0.000000 2   2.633933175733E-11  2.777605402626E-11
AR GRAD 2024 07 03 02 27 10.000000 2   2.086110797994E-11  2.781098788762E-11
AR GRAD 2024 07 03 02 27 20.000000 2   2.329563625336E-11  2.753592145965E-11
AR GRAD 2024 07 03 02 27 30.000000 2   2.180201158497E-11  3.245085450354E-11
AR GRAD 2024 07 03 02 27 40.000000 2   2.217637011526E-11  4.283579047026E-11
AR GRAD 2024 07 03 02 27 50.000000 2   1.965668253168E-11  1.433071890322E-11
AR GRAD 2024 07 03 02 28  0.000000 2   2.098087502345E-11  3.524565361790E-11
AR GRAD 2024 07 03 02 28 10.000000 2   2.705454089924E-11  2.988058064868E-11
AR GRAD 2024 07 03 02 28 20.000000 2   2.181779583388E-11  2.523550986233E-11
AR GRAD 2024 07 03 02 28 30.000000 2   2.370782563321E-11  3.215043856142E-11
AR GRAD 2024 07 03 02 28 40.000000 2   2.283589289886E-11  1.329536654382E-11
AR GRAD 2024 07 03 02 28 50.000000 2   2.104318455598E-11  3.382029378773E-11
AR GRAD 2024 07 03 02 29  0.000000 2   2.416734000421E-11  2.794521905547E-11
AR GRAD 2024 07 03 02 29 10.000000 2   1.936242138845E-11  2.518014616260E-11
AR GRAD 2024 07 03 02 29 20.000000 2   2.767843940155E-11  2.506507328082E-11
AR GRAD 2024 07 03 02 29 30.000000 2   2.245444455373E-11  2.740999788253E-11
AR GRAD 2024 07 03 02 29 40.000000 2   2.225870009143E-11  3.152492156211E-11
AR GRAD 2024 07 03 02 29 50.000000 2   2.147916740303E-11  3.036984899674E-11
AR GRAD 2024 07 03 02 30  0.000000 2   2.313744681959E-11  2.448476837946E-11
AR GRAD 2024 07 03 02 30 10.000000 2   2.409852699337E-11  1.454969218023E-11
AR GRAD 2024 07 03 02 30 20.000000 2   2.307944634017E-11  1.971461362216E-11
AR GRAD 2024 07 03 02 30 30.000000 2   2.464629889065E-11  3.104953447131E-11
AR GRAD 2024 07 03 02 30 40.000000 2   2.905424512090E-11  3.300445680643E-11
AR GRAD 2024 07 03 02 30 50.000000 2   2.389875797260E-11  2.333937383636E-11
AR GRAD 2024 07 03 02 31  0.000000 2   2.579741628650E-11  3.203429535525E-11
AR GRAD 2024 07 03 02 31 10.000000 2   2.327388975987E-11  2.602921350681E-11
AR GRAD 2024 07 03 02 31 20.000000 2   1.868187202159E-11  3.151413158209E-11
AR GRAD 2024 07 03 02 31 30.000000 2   1.941329909327E-11  1.181904921155E-11
AR GRAD 2024 07 03 02 31 40.000000 2   1.949860412020E-11  2.166396576020E-11
AR GRAD 2024 07 03 02 31 50.000000 2   2.127924746131E-11  2.220888056792E-11
AR GRAD 2024 07 03 02 32  0.000000 2   2.592526887613E-11  2.882379578073E-11
AR GRAD 2024 07 03 02 32 10.000000 2   2.270034854535E-11  2.964871056998E-11
AR GRAD 2024 07 03 02 32 20.000000 2   2.452818850807E-11  3.070362367130E-11
AR GRAD 2024 07 03 02 32 30.000000 2   2.364534783250E-11  1.865853652139E-11
AR GRAD 2024 07 03 02 32 40.000000 2   2.410555782761E-11  1.710344886552E-11
AR GRAD 2024 07 03 02 32 50.000000 2   2.475015678516E-11  3.072836429752E-11
AR GRAD 2024 07 03 02 33  0.000000 2   2.613932854889E-11  2.738327273266E-11
AR GRAD 2024 07 03 02 33 10.000000 2   2.725009280724E-11  3.387818844902E-11
AR GRAD 2024 07 03 02 33 20.000000 2   2.566391717196E-11  3.467309772631E-11
AR GRAD 2024 07 03 02 33 30.000000 2   2.061015767774E-11  1.367800577662E-11
AR GRAD 2024 07 03 02 33 40.000000 2   2.320228557895E-11  2.013291269809E-11
AR GRAD 2024 07 03 02 33 50.000000 2   2.663152164073E-11  3.859782285454E-11
AR GRAD 2024 07 03 02 34  0.000000 2   2.303248564095E-11  3.886272900711E-11
AR GRAD 2024 07 03 02 34 10.000000 2   2.585020912604E-11  2.057763334729E-11
AR GRAD 2024 07 03 02 34 20.000000 2   2.239519854286E-11  2.189254159901E-11
AR GRAD 2024 07 03 02 34 30.000000 2   2.685299378691E-11  2.422744643793E-11
AR GRAD 2024 07 03 02 34 40.000000 2   2.559400434643E-11  9.712353317426E-12
AR GRAD 2024 07 03 02 34 50.000000 2   2.227447913616E-11  3.764725683975E-11
AR GRAD 2024 07 03 02 35  0.000000 2   2.189431275168E-11  1.385216073790E-11
AR GRAD 2024 07 03 02 35 10.000000 2   2.047724489973E-11  2.593706152632E-11
AR GRAD 2024 07 03 02 35 20.000000 2   2.279315104714E-11  2.751196492845E-11
AR GRAD 2024 07 03 02 35 30.000000 2   1.589870596286E-11  2.861686582145E-11
AR GRAD 2024 07 03 02 35 40.000000 2   2.469978215014E-11  2.538176613331E-11
AR GRAD 2024 07 03 02 35 50.000000 2   2.188243856949E-11  1.283666749285E-11
AR GRAD 2024 07 03 02 36  0.000000 2   2.249770161833E-11  3.641156820500E-11
AR GRAD 2024 07 03 02 36 10.000000 2   2.287980395421E-11  2.412646644967E-11
AR GRAD 2024 07 03 02 36 20.000000 2   2.164467216570E-11  3.062136655352E-11
AR GRAD 2024 07 03 02 36 30.000000 2   2.126315269690E-11  9.626261593398E-12
AR GRAD 2024 07 03 02 36 40.000000 2   2.290172218533E-11  2.881115832021E-11
AR GRAD 2024 07 03 02 36 50.000000 2   1.967626929444E-11  3.395605671641E-11
AR GRAD 2024 07 03 02 37  0.000000 2   2.010556131304E-11  9.480950746710E-12
AR GRAD 2024 07 03 02 37 10.000000 2   2.275193748680E-11  3.350584740214E-11
AR GRAD 2024 07 03 02 37 20.000000 2   1.858094580975E-11  1.612074015944E-11
AR GRAD 2024 07 03 02 37 30.000000 2   1.994387641147E-11  3.730563427617E-11
AR GRAD 2024 07 03 02 37 40.000000 2   2.474282410903E-11  1.555052614455E-11
AR GRAD 2024 07 03 02 37 50.000000 2   2.451215792842E-11  1.727541894259E-11
AR GRAD 2024 07 03 02 38  0.000000 2   1.649532073433E-11  2.399031320821E-11
AR GRAD 2024 07 03 02 38 10.000000 2   2.286523921591E-11  2.943520427401E-11
AR GRAD 2024 07 03 02 38 20.000000 2   1.815750154399E-11  2.014009445328E-11
AR GRAD 2024 07 03 02 38 30.000000 2   2.359803845386E-11  2.691498239560E-11
AR GRAD 2024 07 03 02 38 40.000000 2   2.358127235147E-11  1.793987354504E-11
AR GRAD 2024 07 03 02 38 50.000000 2   2.156431110067E-11  3.551476127073E-11
AR GRAD 2024 07 03 02 39  0.000000 2   2.138605612045E-11  2.095964894699E-11
AR GRAD 2024 07 03 02 39 10.000000 2   1.857494193180E-11  2.599453638452E-11
AR GRAD 2024 07 03 02 39 20.000000 2   2.179630261001E-11  2.239942259452E-11
AR GRAD 2024 07 03 02 39 30.000000 2   1.984188160997E-11  2.211430864818E-11
AR GRAD 2024 07 03 02 39 40.000000 2   2.189802505992E-11  1.802919272209E-11
AR GRAD 2024 07 03 02 39 50.000000 2   2.122070921762E-11  2.347407684899E-11
AR GRAD 2024 07 03 02 40  0.000000 2   1.690610498817E-11  2.025896291002E-11
AR GRAD 2024 07 03 02 40 10.000000 2   1.637623717188E-11  2.162384507565E-11
AR GRAD 2024 07 03 02 40 20.000000 2   1.769515263483E-11  1.774872783467E-11
AR GRAD 2024 07 03 02 40 30.000000 2   2.277960285679E-11  1.587361145305E-11
AR GRAD 2024 07 03 02 40 40.000000 2   1.848955537287E-11  2.284849046075E-11
AR GRAD 2024 07 03 02 40 50.000000 2   2.442718943785E-11  2.611337361624E-11
AR GRAD 2024 07 03 02 41  0.000000 2   1.286350106294E-11  3.291825145801E-11
AR GRAD 2024 07 03 02 41 10.000000 2   1.579892987269E-11  1.237313290020E-11
AR GRAD 2024 07 03 02 41 20.000000 2   1.976417987604E-11  1.365801135383E-11
AR GRAD 2024 07 03 02 41 30.000000 2   1.830888739229E-11  2.083288923316E-11
AR GRAD 2024 07 03 02 41 40.000000 2   1.885185584027E-11  2.428776797736E-11
AR GRAD 2024 07 03 02 41 50.000000 2   1.817957069605E-11  1.681264329145E-11
AR GRAD 2024 07 03 02 42  0.000000 2   1.781216320274E-11  1.879751909684E-11
AR GRAD 2024 07 03 02 42 10.000000 2   1.373703581442E-11  1.618239396650E-11
AR GRAD 2024 07 03 02 42 20.000000 2   1.848814504268E-11  1.958726930651E-11
AR GRAD 2024 07 03 02 42 30.000000 2   1.400305739419E-11  2.071214380561E-11
AR GRAD 2024 07 03 02 42 40.000000 2   1.688718782866E-11  1.208701801841E-11
AR GRAD 2024 07 03 02 42 50.000000 2   1.397962735156E-11  2.532189041782E-11
AR GRAD 2024 07 03 02 43  0.000000 2   1.084420921116E-11  1.845676216028E-11
AR GRAD 2024 07 03 02 43 10.000000 2   1.280352126404E-11  1.779163448512E-11
AR GRAD 2024 07 03 02 43 20.000000 2   1.443841227133E-11  9.726506926266E-12
AR GRAD 2024 07 03 02 43 30.000000 2   9.977332328381E-12  2.307137640656E-11
AR GRAD 2024 07 03 02 43 40.000000 2   1.026532765042E-11  1.488624501444E-11
AR GRAD 2024 07 03 02 43 50.000000 2   1.494899863619E-11  2.128111575850E-11
AR GRAD 2024 07 03 02 44  0.000000 2   7.870559239065E-12  2.026598333593E-11
AR GRAD 2024 07 03 02 44 10.000000 2   1.505451145689E-11  1.481085046273E-11
AR GRAD 2024 07 03 02 44 20.000000 2   1.380136456508E-11  3.067571890947E-11
AR GRAD 2024 07 03 02 44 30.000000 2   5.922675544445E-12  1.084058537382E-11
AR GRAD 2024 07 03 02 44 40.000000 2   1.749713915422E-11  6.015451158026E-12
AR GRAD 2024 07 03 02 44 50.000000 2   9.035824172221E-12  2.986031560903E-11
AR GRAD 2024 07 03 02 45  0.000000 2   6.036549298621E-12  1.576517909274E-11
AR GRAD 2024 07 03 02 45 10.000000 2   1.337082354558E-11  2.051004331649E-11
AR GRAD 2024 07 03 02 45 20.000000 2   8.181895265469E-12  2.677490520964E-11
AR GRAD 2024 07 03 02 45 30.000000 2   7.309921765120E-12  1.567976824768E-11
AR GRAD 2024 07 03 02 45 40.000000 2   9.322847181747E-12  4.984630763705E-12
AR GRAD 2024 07 03 02 45 50.000000 2   9.195423068820E-12  1.987949214965E-11
AR GRAD 2024 07 03 02 46  0.000000 2   1.087146518641E-11  1.476435119996E-11
AR GRAD 2024 07 03 02 46 10.000000 2   5.601089904383E-12  3.157921493746E-11
AR GRAD 2024 07 03 02 46 20.000000 2   7.132881091332E-12  1.339407230960E-11
AR GRAD 2024 07 03 02 46 30.000000 2   1.232882892999E-11  1.917892927805E-11
AR GRAD 2024 07 03 02 46 40.000000 2   6.056586655812E-12  2.817378795539E-11
AR GRAD 2024 07 03 02 46 50.000000 2   7.414075429979E-12  1.046864418069E-11
AR GRAD 2024 07 03 02 47  0.000000 2   6.180499254743E-12  2.633350135173E-11
AR GRAD 2024 07 03 02 47 10.000000 2   8.657643178756E-12  1.014835871588E-11
AR GRAD 2024 07 03 02 47 20.000000 2   9.111104232185E-12  1.179321484218E-11
AR GRAD 2024 07 03 02 47 30.000000 2   5.519099066653E-12  2.935807152937E-11
AR GRAD 2024 07 03 02 47 40.000000 2   9.121659157174E-12  5.832920951798E-12
AR GRAD 2024 07 03 02 47 50.000000 2   1.238569468341E-12  1.981777415783E-11
AR GRAD 2024 07 03 02 48  0.000000 2   1.081759074678E-11  1.774262681220E-11
AR GRAD 2024 07 03 02 48 10.000000 2   5.598719838434E-12  2.441747845583E-11
AR GRAD 2024 07 03 02 48 20.000000 2   5.474627695623E-12  1.488232974356E-11
AR GRAD 2024 07 03 02 48 30.000000 2   7.534961370126E-12  1.103718245271E-11
AR GRAD 2024 07 03 02 48 40.000000 2   4.601949463862E-12  7.922032821406E-12
AR GRAD 2024 07 03 02 48 50.000000 2   5.552727982278E-12  2.285688305292E-11
AR GRAD 2024 07 03 02 49  0.000000 2   4.622707598656E-12  1.951731528130E-12
AR GRAD 2024 07 03 02 49 10.000000 2   4.686851601265E-12  2.312657877701E-11
AR GRAD 2024 07 03 02 49 20.000000 2   4.181735253211E-12  1.220142736846E-11
AR GRAD 2024 07 03 02 49 30.000000 2   1.180168376219E-12  3.176627363932E-11
AR GRAD 2024 07 03 02 49 40.000000 2   8.529619718867E-12 -2.888880974716E-12
AR GRAD 2024 07 03 02 49 50.000000 2   5.774287298310E-14  2.332596442389E-11
AR GRAD 2024 07 03 02 50  0.000000 2   2.516496559746E-12  1.948080932679E-11
AR GRAD 2024 07 03 02 50 10.000000 2   9.378753199410E-13  1.403565458302E-11
AR GRAD 2024 07 03 02 50 20.000000 2   2.857515005866E-12  2.092049623814E-11
AR GRAD 2024 07 03 02 50 30.000000 2  -9.823902758985E-13  1.335534113855E-11
AR GRAD 2024 07 03 02 50 40.000000 2   3.441894555825E-12  3.190182493173E-12
AR GRAD 2024 07 03 02 50 50.000000 2   2.257919328938E-12  2.118502422099E-11
AR GRAD 2024 07 03 02 51  0.000000 2  -1.350912112209E-12  1.873986556211E-11
AR GRAD 2024 07 03 02 51 10.000000 2   4.724160299063E-12  1.999470554404E-11
AR GRAD 2024 07 03 02 51 20.000000 2  -4.129812377490E-12  8.679544930001E-12
AR GRAD 2024 07 03 02 51 30.000000 2   5.074675488853E-13  9.774383559480E-12
AR GRAD 2024 07 03 02 51 40.000000 2  -5.092557885805E-12  2.029221625802E-12
AR GRAD 2024 07 03 02 51 50.000000 2  -6.205811147082E-13  2.511406013705E-11
AR GRAD 2024 07 03 02 52  0.000000 2  -6.481692786664E-12  8.428897337043E-12
AR GRAD 2024 07 03 02 52 10.000000 2   7.673989482065E-13  1.940373382803E-11
AR GRAD 2024 07 03 02 52 20.000000 2  -6.004771766627E-12  1.448856919856E-11
AR GRAD 2024 07 03 02 52 30.000000 2   5.387494920669E-13  2.148340359776E-11
AR GRAD 2024 07 03 02 52 40.000000 2  -6.584590945408E-12  1.040824024190E-11
AR GRAD 2024 07 03 02 52 50.000000 2  -6.365002708925E-12  1.817307242191E-11
AR GRAD 2024 07 03 02 53  0.000000 2  -7.594030439206E-12  6.187905656624E-12
AR GRAD 2024 07 03 02 53 10.000000 2  -7.207146338062E-12  2.032273828390E-11
AR GRAD 2024 07 03 02 53 20.000000 2  -9.450934826405E-12  7.947569685696E-12
AR GRAD 2024 07 03 02 53 30.000000 2  -8.867252418443E-12  1.762240006697E-11
AR GRAD 2024 07 03 02 53 40.000000 2  -7.093960401744E-12  1.312723280772E-11
AR GRAD 2024 07 03 02 53 50.000000 2  -5.435415138810E-12  1.120622556338E-13
AR GRAD 2024 07 03 02 54  0.000000 2  -6.126071004642E-12  1.871689088440E-11
AR GRAD 2024 07 03 02 54 10.000000 2  -6.181070412448E-12  1.444172038900E-11
AR GRAD 2024 07 03 02 54 20.000000 2  -8.800562709133E-12  1.825654558085E-11
AR GRAD 2024 07 03 02 54 30.000000 2  -8.243939385311E-12  1.234137445016E-11
AR GRAD 2024 07 03 02 54 40.000000 2   1.153564982252E-12 -9.023797334362E-12
AR GRAD 2024 07 03 02 54 50.000000 2  -5.873458837347E-12  5.381027221030E-12
AR GRAD 2024 07 03 02 55  0.000000 2  -7.327784212752E-12  1.126585283395E-11
AR GRAD 2024 07 03 02 55 10.000000 2  -8.253609601327E-12  9.450677219969E-12
AR GRAD 2024 07 03 02 55 20.000000 2  -2.503835463616E-12  1.254550109631E-11
AR GRAD 2024 07 03 02 55 30.000000 2  -6.670242483353E-12  1.890324702325E-12
AR GRAD 2024 07 03 02 55 40.000000 2  -7.878748001233E-12  2.732514561843E-11
AR GRAD 2024 07 03 02 55 50.000000 2  -9.365128464389E-12  1.258997073261E-11
AR GRAD 2024 07 03 02 56  0.000000 2  -4.522915028615E-12 -5.705208007412E-12
AR GRAD 2024 07 03 02 56 10.000000 2  -1.014203478145E-11  1.435961159008E-11
AR GRAD 2024 07 03 02 56 20.000000 2  -4.426697289978E-12 -5.685566167174E-12
AR GRAD 2024 07 03 02 56 30.000000 2  -6.563782503632E-12  2.129925055772E-11
AR GRAD 2024 07 03 02 56 40.000000 2  -8.462418266131E-12 -5.635929223313E-12
AR GRAD 2024 07 03 02 56 50.000000 2  -4.392154608762E-12  1.454888813590E-11
AR GRAD 2024 07 03 02 57  0.000000 2  -1.071472945091E-11  1.450370726297E-11
AR GRAD 2024 07 03 02 57 10.000000 2  -1.030398075891E-11  1.838522389885E-12
AR GRAD 2024 07 03 02 57 20.000000 2  -1.302140253262E-11  1.353333937970E-11
AR GRAD 2024 07 03 02 57 30.000000 2  -6.266061454430E-12  4.468154145287E-12
AR GRAD 2024 07 03 02 57 40.000000 2  -8.725600970927E-12  1.712969718327E-12
AR GRAD 2024 07 03 02 57 50.000000 2  -8.452543352744E-12  1.452778349009E-11
AR GRAD 2024 07 03 02 58  0.000000 2  -1.099130682303E-11  5.182596973102E-12
AR GRAD 2024 07 03 02 58 10.000000 2  -7.261905920347E-12  8.227409205308E-12
AR GRAD 2024 07 03 02 58 20.000000 2  -8.147180846629E-12  1.865222212794E-11
AR GRAD 2024 07 03 02 58 30.000000 2  -8.288155751990E-12 -2.212296491833E-11
AR GRAD 2024 07 03 02 58 40.000000 2  -1.006239102458E-11  1.175184515673E-11
AR GRAD 2024 07 03 02 58 50.000000 2  -6.373467725806E-12 -1.160334588829E-11
AR GRAD 2024 07 03 02 59  0.000000 2  -1.320142519606E-11  1.898146397006E-11
AR GRAD 2024 07 03 02 59 10.000000 2  -1.344488929911E-11  1.001627513569E-11
AR GRAD 2024 07 03 02 59 20.000000 2  -1.412519146787E-11  1.811082642363E-12
AR GRAD 2024 07 03 02 59 30.000000 2  -1.532398513637E-11  6.045890784540E-12
AR GRAD 2024 07 03 02 59 40.000000 2  -1.353791211078E-11 -6.769303867449E-12
AR GRAD 2024 07 03 02 59 50.000000 2  -1.192407804440E-11  2.153550428263E-11
AR GRAD 2024 07 03 03 00  0.000000 2  -1.319042271242E-11 -3.319690442677E-12
AR GRAD 2024 07 03 03 00 10.000000 2  -1.827774216701E-11 -6.864887998337E-12
AR GRAD 2024 07 03 03 00 20.000000 2  -1.459333175136E-11  1.384991860781E-11
AR GRAD 2024 07 03 03 00 30.000000 2  -1.997284455879E-11 -8.855275887565E-12
AR GRAD 2024 07 03 03 00 40.000000 2  -1.633752161334E-11  2.439526228595E-12
AR GRAD 2024 07 03 03 00 50.000000 2  -1.464072439672E-11  5.004326380370E-12
AR GRAD 2024 07 03 03 01  0.000000 2  -1.546305618272E-11  2.269130846763E-12
AR GRAD 2024 07 03 03 01 10.000000 2  -1.765699912670E-11 -1.496069652711E-12
AR GRAD 2024 07 03 03 01 20.000000 2  -1.114782398337E-11  1.614873165745E-11
AR GRAD 2024 07 03 03 01 30.000000 2  -2.008815509769E-11  3.893531764360E-12
AR GRAD 2024 07 03 03 01 40.000000 2  -1.579802434704E-11  2.483320623789E-13
AR GRAD 2024 07 03 03 01 50.000000 2  -1.510133337823E-11  1.068313059543E-11
AR GRAD 2024 07 03 03 02  0.000000 2  -2.025103869319E-11  1.017792794489E-11
AR GRAD 2024 07 03 03 02 10.000000 2  -2.068268473154E-11 -9.867273664810E-12
AR GRAD 2024 07 03 03 02 20.000000 2  -1.855002783324E-11  1.617520570610E-12
AR GRAD 2024 07 03 03 02 30.000000 2  -1.392222708646E-11  5.022316330178E-12
AR GRAD 2024 07 03 03 02 40.000000 2  -1.903611296372E-11 -4.572888075149E-12
AR GRAD 2024 07 03 03 02 50.000000 2  -2.253245680317E-11 -3.608093207888E-12
AR GRAD 2024 07 03 03 03  0.000000 2  -2.011627669996E-11  1.030670254004E-11
AR GRAD 2024 07 03 03 03 10.000000 2  -1.486920482574E-11  4.214953852524E-13
AR GRAD 2024 07 03 03 03 20.000000 2  -1.623692499897E-11  1.162628847362E-11
AR GRAD 2024 07 03 03 03 30.000000 2  -2.612986563233E-11 -3.589207923926E-13
AR GRAD 2024 07 03 03 03 40.000000 2  -1.744074849819E-11 -1.386412946253E-11
AR GRAD 2024 07 03 03 03 50.000000 2  -1.979286005926E-11  1.385066367154E-11
AR GRAD 2024 07 03 03 04  0.000000 2  -1.610121237727E-11 -4.684548322170E-12
AR GRAD 2024 07 03 03 04 10.000000 2  -1.825375094133E-11 -7.209757964255E-12
AR GRAD 2024 07 03 03 04 20.000000 2  -1.661968826450E-11 -1.256496903052E-11
AR GRAD 2024 07 03 03 04 30.000000 2  -1.543622521472E-11 -1.240181351711E-12
AR GRAD 2024 07 03 03 04 40.000000 2  -1.614939605654E-11 -2.745394406603E-12
AR GRAD 2024 07 03 03 04 50.000000 2  -2.306925310502E-11  9.389392041648E-12
